0 111 311 0 0 0 1105.5 385.466 0.534102 1132.84 389.374 0.447757 0 0 0 0 0 0 1083.92 385.425 0.439284 1040.96 383.45 0.315061 1044.78 328.691 0.146163 1103.48 483.253 0.423675 1107.38 539.969 0.383385 1099.51 598.679 0.466103 1068.2 473.458 0.416521 1050.63 506.719 0.304842 1021.24 532.142 0.398778 0 0 0 0 0 0 1138.68 350.267 0.122724 1101.47 348.227 0.189691 0
0 111 321 1023.29 273.899 0.147759 997.817 328.685 0.387404 0 0 0 0 0 0 0 0 0 1007.58 320.922 0.210534 1072.17 397.126 0.0511458 0 0 0 986.086 518.46 0.275975 0 0 0 0 0 0 950.889 506.71 0.2171 0 0 0 0 0 0 1011.5 264.141 0.173827 0 0 0 990.008 273.874 0.286471 0 0 0 0
0 111 330 0 0 0 903.922 316.932 0.447385 921.507 307.19 0.3309 0 0 0 0 0 0 884.445 320.904 0.424659 878.449 369.775 0.344144 853.051 399.187 0.182862 990.021 406.924 0.378209 970.439 504.742 0.16889 0 0 0 962.655 406.968 0.315313 884.372 428.477 0.0648527 0 0 0 0 0 0 0 0 0 898.074 279.786 0.0620319 880.405 287.633 0.184717 1
0 111 331 866.753 301.295 0.0850767 905.848 320.816 0.554859 919.59 316.925 0.425618 882.394 363.874 0.076372 866.732 387.416 0.136206 892.142 322.825 0.459148 880.391 377.597 0.401896 853.129 395.241 0.391989 988.024 401.092 0.398633 935.191 442.185 0.0569973 964.553 479.37 0.0847284 962.666 410.831 0.454604 849.143 432.432 0.360288 903.908 491.094 0.0757076 0 0 0 868.647 293.49 0.0786828 0 0 0 878.491 293.503 0.318733 1
0 111 352 866.736 297.384 0.156838 900.041 318.945 0.336334 913.697 318.838 0.22029 0 0 0 0 0 0 0 0 0 0 0 0 0 0 0 976.322 393.237 0.255678 927.353 432.438 0.0563883 0 0 0 956.724 393.261 0.279246 851.031 414.803 0.226639 898 506.768 0.255469 866.721 287.519 0.114827 870.693 287.654 0.151344 0 0 0 888.269 285.678 0.204388 1
0 111 353 0 0 0 900.056 309.177 0.403886 915.644 305.255 0.31618 0 0 0 0 0 0 886.297 316.965 0.297766 866.758 365.884 0.0968049 0 0 0 976.373 391.302 0.325529 921.523 428.498 0.076742 0 0 0 950.853 391.312 0.246187 866.742 416.779 0.0708094 909.755 518.451 0.165736 0 0 0 0 0 0 0 0 0 878.49 285.651 0.19714 1
0 111 354 0 0 0 899.997 303.252 0.285906 915.646 299.305 0.243899 0 0 0 0 0 0 884.308 303.222 0.223832 868.702 354.157 0.120329 0 0 0 978.339 387.393 0.337721 923.452 430.457 0.0555231 0 0 0 950.871 391.279 0.2573 870.683 420.674 0.0865367 903.936 514.559 0.195136 0 0 0 0 0 0 0 0 0 0 0 0 1
0 111 355 0 0 0 902.008 305.175 0.399814 917.657 301.235 0.379355 0 0 0 0 0 0 894.118 307.175 0.285443 870.694 363.912 0.0932317 0 0 0 980.208 391.313 0.440405 921.482 430.434 0.123603 899.987 493.037 0.0728387 948.923 397.205 0.419547 854.978 416.73 0.410729 903.883 508.648 0.473947 0 0 0 0 0 0 0 0 0 882.354 297.381 0.0752104 1
0 111 356 0 0 0 913.695 303.263 0.376288 931.291 301.28 0.335885 0 0 0 0 0 0 896.09 303.277 0.267201 870.723 334.605 0.288323 0 0 0 980.201 395.17 0.424096 927.396 430.469 0.140683 946.96 475.478 0.151166 943.023 397.207 0.325614 853.089 418.712 0.357372 902.004 506.784 0.449737 0 0 0 0 0 0 0 0 0 888.268 285.659 0.0751684 1
0 111 358 0 0 0 913.714 283.714 0.711146 935.22 273.983 0.618232 966.564 258.288 0.229738 0 0 0 886.376 289.57 0.663897 876.513 336.496 0.552215 0 0 0 978.25 383.484 0.609937 929.358 430.409 0.234604 943.078 479.314 0.184667 929.37 393.244 0.501962 868.67 426.536 0.449035 905.896 506.72 0.502343 0 0 0 0 0 0 913.649 252.391 0.101326 882.374 258.284 0.24171 1
0 111 359 0 0 0 915.668 277.821 0.748437 935.231 273.901 0.676115 0 0 0 0 0 0 897.976 285.598 0.669982 882.327 332.578 0.588939 0 0 0 978.299 385.487 0.593479 925.432 430.405 0.27808 946.964 479.343 0.259342 933.283 395.174 0.523032 870.702 428.418 0.516121 911.707 508.727 0.579724 0 0 0 0 0 0 915.637 248.453 0.0793016 884.444 258.301 0.185132 1
0 111 360 0 0 0 917.599 273.933 0.626411 939.107 271.921 0.563894 0 0 0 0 0 0 899.939 279.807 0.550679 882.391 330.648 0.46166 0 0 0 978.31 383.522 0.576244 927.399 430.433 0.220009 946.941 477.417 0.20999 935.226 391.287 0.472353 872.623 428.446 0.38309 911.718 508.693 0.521344 0 0 0 0 0 0 0 0 0 894.125 252.379 0.0662647 1
0 111 361 0 0 0 917.639 275.893 0.617027 939.121 273.863 0.587574 0 0 0 0 0 0 899.963 285.58 0.563153 882.317 328.723 0.484158 864.793 320.927 0.0837104 980.19 385.473 0.546859 929.316 428.422 0.0997201 888.3 483.285 0.0676271 937.195 397.198 0.521261 845.223 416.744 0.467069 913.652 506.767 0.360703 0 0 0 0 0 0 0 0 0 886.369 256.353 0.118386 1
0 111 362 0 0 0 921.534 275.883 0.719935 943.054 273.977 0.696803 948.913 309.167 0.0607909 0 0 0 900.034 279.791 0.670697 880.427 330.66 0.581315 866.756 318.909 0.147247 978.273 391.31 0.600638 917.603 430.418 0.155474 944.935 473.467 0.278692 933.319 401.062 0.556184 855.021 414.874 0.452892 913.627 508.729 0.589087 0 0 0 0 0 0 919.592 244.534 0.0645191 890.222 258.224 0.192021 1
0 111 363 0 0 0 923.467 281.764 0.538407 943.03 279.804 0.525195 0 0 0 0 0 0 901.934 285.632 0.489716 884.421 322.877 0.184168 0 0 0 978.313 387.385 0.492756 929.31 430.444 0.146068 944.996 477.371 0.163824 935.24 397.18 0.418686 853.05 414.861 0.415355 909.788 508.712 0.432466 0 0 0 0 0 0 0 0 0 892.16 260.244 0.142446 1
0 111 364 0 0 0 923.511 275.85 0.678616 943.08 273.976 0.639343 956.755 311.08 0.0720086 0 0 0 901.968 277.824 0.623595 886.332 322.814 0.539498 0 0 0 978.304 385.416 0.58611 929.333 430.426 0.206209 943.068 477.411 0.181524 935.229 393.288 0.496551 856.994 416.776 0.428539 911.717 506.785 0.492564 0 0 0 0 0 0 921.509 244.549 0.0540623 894.099 256.32 0.186997 1
0 111 365 0 0 0 929.343 279.782 0.501531 948.956 283.702 0.483501 958.66 318.908 0.0506058 0 0 0 905.866 275.897 0.447436 888.288 320.888 0.486818 0 0 0 978.243 385.425 0.471221 941.044 430.431 0.172144 944.959 487.163 0.119101 931.294 387.411 0.381641 856.984 420.659 0.265618 913.638 508.644 0.271777 0 0 0 0 0 0 0 0 0 898.03 258.28 0.0876292 1
0 111 366 0 0 0 929.298 275.864 0.324996 946.921 275.918 0.244742 0 0 0 0 0 0 909.772 275.883 0.300536 890.239 318.965 0.36984 0 0 0 978.227 383.467 0.356549 931.345 428.432 0.0985938 946.947 477.396 0.101128 929.353 391.295 0.294705 911.65 414.842 0.0528193 0 0 0 0 0 0 0 0 0 0 0 0 0 0 0 1
0 111 367 0 0 0 929.3 275.843 0.438295 945.035 275.905 0.363952 0 0 0 0 0 0 911.757 273.956 0.387598 890.213 320.831 0.27775 0 0 0 978.265 387.398 0.446709 933.244 428.447 0.143404 911.748 504.756 0.0675149 935.211 393.256 0.383637 858.937 416.765 0.33429 913.677 508.71 0.328122 0 0 0 0 0 0 0 0 0 0 0 0 1
0 111 368 0 0 0 929.359 277.836 0.310385 947.031 281.718 0.251389 0 0 0 0 0 0 911.741 277.849 0.258936 888.269 318.909 0.221371 0 0 0 976.277 381.516 0.311549 941.098 434.344 0.0522193 903.938 506.74 0.0713138 931.292 381.535 0.243013 868.652 420.66 0.10804 0 0 0 0 0 0 0 0 0 0 0 0 0 0 0 1
0 111 369 0 0 0 931.221 283.714 0.513917 950.859 285.632 0.450259 0 0 0 0 0 0 909.785 285.656 0.441542 890.212 320.823 0.311521 0 0 0 978.235 383.519 0.510264 931.285 428.52 0.196554 945.052 485.17 0.161663 931.347 387.392 0.435624 864.761 416.758 0.416117 915.708 508.679 0.385215 0 0 0 0 0 0 0 0 0 913.681 258.294 0.0647507 1
0 111 370 0 0 0 931.376 277.814 0.470657 952.803 283.683 0.389417 0 0 0 0 0 0 915.621 275.916 0.435342 894.15 314.965 0.3938 0 0 0 978.208 385.451 0.493146 931.297 432.385 0.191452 944.989 481.299 0.148993 931.326 383.524 0.423746 866.656 422.629 0.416587 915.653 512.585 0.359034 0 0 0 0 0 0 0 0 0 917.604 254.33 0.050087 1
0 111 374 0 0 0 939.109 271.938 0.233188 946.976 271.933 0.149957 0 0 0 0 0 0 921.501 270.001 0.302484 892.205 315.003 0.383744 0 0 0 974.359 381.496 0.344715 935.209 434.362 0.100001 927.374 502.805 0.051934 931.279 381.497 0.288648 870.66 428.53 0.170176 925.434 506.739 0.124727 0 0 0 0 0 0 0 0 0 0 0 0 1
0 111 375 0 0 0 933.285 279.799 0.46328 954.771 279.803 0.37685 0 0 0 0 0 0 915.628 285.621 0.403664 890.197 318.863 0.429656 0 0 0 976.341 383.457 0.451268 931.282 432.389 0.174224 931.289 502.807 0.125619 935.231 387.368 0.433417 878.472 428.528 0.472587 903.893 506.785 0.343698 0 0 0 0 0 0 0 0 0 913.655 256.341 0.117971 1
0 111 376 0 0 0 931.319 281.748 0.3132 948.958 277.818 0.225667 0 0 0 0 0 0 913.686 285.669 0.276872 890.254 318.877 0.286663 0 0 0 976.227 377.605 0.292278 929.326 430.479 0.117097 903.924 506.761 0.108854 933.248 381.491 0.265538 878.487 428.412 0.232434 903.907 504.792 0.223968 0 0 0 0 0 0 0 0 0 913.758 260.202 0.0939304 1
0 111 377 0 0 0 931.399 273.863 0.54533 950.881 272.025 0.425263 960.633 311.079 0.0555443 0 0 0 915.596 273.962 0.520812 888.316 318.859 0.557286 0 0 0 976.267 379.567 0.494749 931.306 432.373 0.199699 931.339 500.875 0.130183 931.382 381.531 0.510133 870.716 428.403 0.534765 900.043 504.762 0.370963 0 0 0 0 0 0 0 0 0 913.666 254.314 0.118206 1
0 111 378 0 0 0 931.403 275.913 0.374636 948.971 275.902 0.278941 0 0 0 0 0 0 915.628 277.823 0.354664 892.146 318.91 0.371859 0 0 0 976.334 385.449 0.428923 931.282 432.424 0.183124 946.956 487.163 0.0945965 935.251 391.298 0.417374 872.615 428.526 0.445993 911.715 508.65 0.335192 0 0 0 0 0 0 0 0 0 915.596 256.319 0.0647207 1
0 111 380 0 0 0 931.383 297.393 0.423763 958.636 295.442 0.387281 0 0 0 0 0 0 911.754 303.29 0.34952 888.238 381.552 0.493102 896.105 391.301 0.0980716 976.363 393.285 0.513775 933.26 438.212 0.176313 945.025 483.242 0.098307 941.07 399.138 0.50013 868.645 432.458 0.577638 903.911 506.727 0.325271 0 0 0 0 0 0 0 0 0 907.858 266.095 0.109134 1
0 111 381 0 0 0 937.163 320.83 0.679672 960.675 311.086 0.630793 0 0 0 0 0 0 913.772 334.499 0.623258 886.355 383.483 0.692345 0 0 0 976.352 397.205 0.643818 933.254 440.182 0.188275 946.965 479.338 0.158982 941.071 408.865 0.621346 868.755 432.439 0.713095 915.609 504.769 0.375706 0 0 0 0 0 0 947.014 283.685 0.0987843 911.758 289.539 0.262662 1
0 111 382 0 0 0 933.249 303.262 0.475664 958.719 299.336 0.462506 0 0 0 0 0 0 913.691 314.995 0.380648 886.281 381.587 0.558169 0 0 0 976.373 391.285 0.567546 933.239 440.172 0.265645 947.014 489.133 0.163651 941.108 399.079 0.549375 872.585 430.498 0.65819 913.659 508.76 0.455572 0 0 0 0 0 0 0 0 0 911.763 272 0.156079 1
0 111 383 0 0 0 931.245 283.714 0.443205 948.939 277.815 0.372005 960.635 316.954 0.0603843 0 0 0 911.728 289.548 0.369633 898.037 328.722 0.160143 0 0 0 976.284 385.415 0.492597 931.314 438.272 0.21903 946.984 491.065 0.168159 943.014 395.189 0.493166 872.597 432.364 0.609092 919.557 514.539 0.487659 0 0 0 0 0 0 0 0 0 913.636 260.258 0.0820811 1
0 111 384 0 0 0 931.287 273.921 0.299651 946.902 271.955 0.245752 0 0 0 0 0 0 915.655 273.914 0.283849 896.039 318.92 0.19679 0 0 0 974.325 387.393 0.250874 911.732 442.142 0.0526375 898.053 508.709 0.0577951 943.042 399.078 0.320932 874.555 432.405 0.333775 905.874 512.626 0.186741 0 0 0 0 0 0 0 0 0 0 0 0 1
0 111 385 0 0 0 929.365 281.727 0.315262 944.974 273.954 0.237197 0 0 0 0 0 0 913.656 283.721 0.237653 894.134 381.483 0.267431 0 0 0 974.285 387.37 0.255625 882.414 428.505 0.129496 899.992 506.779 0.0847147 947.017 399.097 0.447462 872.619 430.526 0.564343 915.653 510.682 0.245925 0 0 0 0 0 0 0 0 0 0 0 0 1
0 111 386 0 0 0 927.378 271.918 0.265033 0 0 0 0 0 0 0 0 0 917.629 271.98 0.251114 913.684 328.689 0.0765681 0 0 0 968.473 385.447 0.203128 886.313 434.348 0.0549305 0 0 0 948.951 397.178 0.350821 878.478 432.431 0.337254 915.613 512.62 0.169712 0 0 0 0 0 0 0 0 0 0 0 0 0
0 111 391 0 0 0 929.406 269.984 0.266378 937.165 264.157 0.246173 0 0 0 0 0 0 917.64 271.917 0.240239 901.977 326.766 0.0837702 0 0 0 966.55 383.482 0.249005 925.392 440.224 0.0984606 952.805 479.362 0.054299 944.994 395.238 0.365119 870.67 432.392 0.424037 909.785 510.642 0.210443 0 0 0 0 0 0 0 0 0 0 0 0 1
0 111 397 0 0 0 931.234 275.935 0.294496 946.986 273.9 0.231626 0 0 0 0 0 0 913.683 277.847 0.229277 896.1 318.904 0.188321 0 0 0 972.386 383.497 0.364938 929.376 438.243 0.162233 933.289 495.039 0.0968795 935.204 393.235 0.369839 870.669 436.303 0.416189 896.067 510.708 0.380527 0 0 0 0 0 0 0 0 0 913.673 260.214 0.0514425 1
0 111 398 0 0 0 931.318 270.017 0.461454 946.92 268.012 0.400071 962.58 311.079 0.0688884 0 0 0 915.708 271.963 0.414494 898.051 320.813 0.254591 896.037 367.864 0.146013 966.559 381.525 0.409391 929.376 438.257 0.182443 913.693 510.63 0.114844 935.212 385.486 0.417986 872.634 434.385 0.395093 898.094 514.539 0.366469 0 0 0 0 0 0 0 0 0 0 0 0 1
0 111 399 0 0 0 931.271 273.849 0.369042 946.922 271.96 0.32086 960.672 318.916 0.0526728 0 0 0 915.651 272.007 0.318022 897.972 316.949 0.241113 896.064 367.795 0.109606 966.517 381.555 0.34686 929.351 440.225 0.109352 939.141 494.995 0.0918445 931.33 387.398 0.336139 874.581 434.332 0.267596 897.989 510.635 0.263013 0 0 0 0 0 0 0 0 0 0 0 0 1
0 111 400 0 0 0 931.251 271.984 0.300813 946.945 271.888 0.281087 0 0 0 0 0 0 915.666 271.954 0.241498 897.975 318.919 0.140586 0 0 0 964.569 379.586 0.266854 878.475 442.127 0.105597 892.151 506.795 0.109078 933.257 387.386 0.250233 884.324 434.362 0.172465 899.947 510.689 0.225812 0 0 0 0 0 0 0 0 0 0 0 0 1
0 111 401 0 0 0 931.305 269.956 0.334348 946.993 268.011 0.29695 0 0 0 0 0 0 915.703 268.064 0.283677 896.106 314.996 0.219447 0 0 0 964.619 379.55 0.32327 929.348 436.299 0.0917419 943.055 491.078 0.0515187 931.334 383.495 0.30512 884.342 436.301 0.163765 900.004 510.655 0.197319 0 0 0 0 0 0 0 0 0 0 0 0 1
0 111 402 0 0 0 931.242 271.891 0.274713 947.04 268.06 0.242869 0 0 0 0 0 0 913.704 268.068 0.239019 894.119 316.933 0.204475 0 0 0 966.525 383.473 0.315116 929.385 440.215 0.140837 945.018 477.414 0.0696263 931.291 391.314 0.307199 870.694 436.284 0.285473 900.002 508.769 0.278757 0 0 0 0 0 0 0 0 0 0 0 0 1
0 111 403 0 0 0 931.287 281.757 0.252343 956.746 287.592 0.215626 0 0 0 0 0 0 911.765 283.713 0.224659 892.179 318.914 0.143487 0 0 0 968.488 385.422 0.325271 931.317 444.067 0.144863 931.337 498.948 0.0980783 931.295 395.217 0.347176 870.694 434.389 0.388745 898.024 510.64 0.328367 0 0 0 0 0 0 0 0 0 915.687 264.133 0.0555884 1
0 111 404 0 0 0 931.36 269.986 0.354586 952.825 268.059 0.285238 966.547 309.11 0.0601637 0 0 0 913.753 269.996 0.318435 897.955 309.142 0.276043 0 0 0 968.469 381.554 0.331937 931.3 436.319 0.148191 905.892 508.765 0.0947119 931.316 385.413 0.287894 870.641 434.323 0.298463 898.045 510.633 0.270745 0 0 0 0 0 0 0 0 0 0 0 0 1
0 111 405 0 0 0 931.397 269.994 0.410162 950.875 269.964 0.327706 0 0 0 0 0 0 915.67 270.016 0.39245 896.107 311.072 0.320122 898.019 363.922 0.0699662 964.599 381.534 0.339712 929.335 438.279 0.148048 903.902 512.625 0.0977008 931.376 383.454 0.366626 870.703 436.3 0.314236 905.874 510.706 0.279211 0 0 0 0 0 0 0 0 0 0 0 0 1
0 111 406 0 0 0 931.388 272.015 0.43298 952.812 273.861 0.343982 0 0 0 0 0 0 915.61 271.987 0.427531 896.013 309.157 0.259221 0 0 0 974.274 393.238 0.409319 929.348 442.15 0.184773 941.058 493.085 0.0998565 925.468 340.45 0.0790795 0 0 0 0 0 0 0 0 0 0 0 0 0 0 0 0 0 0 0
0 111 407 0 0 0 931.396 273.857 0.475265 950.894 273.85 0.378133 962.659 316.918 0.0706549 0 0 0 915.613 273.876 0.466023 896.12 318.869 0.365141 897.951 369.777 0.0728714 966.549 381.559 0.371645 927.415 442.155 0.202235 937.149 504.755 0.100517 931.325 383.501 0.364086 870.718 434.386 0.357104 899.995 510.7 0.331975 0 0 0 0 0 0 0 0 0 923.484 250.409 0.0507007 1
0 111 408 0 0 0 935.232 273.835 0.455103 954.81 273.957 0.376434 962.619 318.885 0.0614499 0 0 0 915.701 271.993 0.448786 896.074 316.986 0.423066 897.952 371.708 0.0667088 970.407 383.516 0.430857 927.412 440.229 0.229575 937.203 493.064 0.119536 931.349 385.464 0.437782 872.638 436.34 0.430727 899.98 508.747 0.384803 0 0 0 0 0 0 0 0 0 0 0 0 1
0 111 409 0 0 0 931.352 271.943 0.540449 950.885 271.928 0.457624 962.635 309.169 0.0920088 0 0 0 913.734 271.96 0.487263 898.066 315.029 0.390634 898.034 369.76 0.0641859 966.548 381.538 0.406662 929.379 442.158 0.197563 900.046 510.649 0.101788 931.26 383.471 0.389428 907.819 436.305 0.159642 905.883 512.607 0.171674 0 0 0 0 0 0 0 0 0 0 0 0 1
0 111 411 0 0 0 933.304 271.981 0.518254 956.747 273.904 0.429336 964.578 314.993 0.117017 0 0 0 915.61 271.949 0.502202 897.97 313.063 0.4328 913.659 320.914 0.0718072 968.449 381.49 0.309063 933.256 434.356 0.0881719 0 0 0 919.552 365.89 0.261092 903.928 430.445 0.111386 0 0 0 0 0 0 0 0 0 0 0 0 0 0 0 1
0 111 412 0 0 0 935.186 271.953 0.509104 954.798 273.856 0.434272 962.66 316.919 0.113164 0 0 0 915.705 271.925 0.473516 898 309.166 0.384036 903.931 334.539 0.0625251 964.545 369.797 0.301771 954.787 426.519 0.081494 0 0 0 923.482 363.904 0.27923 905.87 430.446 0.114168 0 0 0 0 0 0 0 0 0 0 0 0 929.351 240.683 0.0512255 1
0 111 413 0 0 0 933.33 271.979 0.516565 954.77 273.862 0.443421 960.7 314.983 0.0661322 0 0 0 915.712 271.973 0.485342 899.92 313.064 0.35646 896.076 365.848 0.0724903 964.603 379.541 0.349414 937.17 432.411 0.114097 941.05 496.969 0.0570755 931.272 377.592 0.307374 903.923 434.339 0.1312 927.381 508.698 0.0611645 0 0 0 0 0 0 0 0 0 927.375 244.558 0.0519167 1
0 111 414 0 0 0 939.112 271.869 0.428129 952.856 271.897 0.364542 0 0 0 0 0 0 921.519 271.874 0.426938 899.983 316.955 0.381958 0 0 0 964.606 383.502 0.354889 925.439 436.317 0.0661452 0 0 0 931.268 383.466 0.291847 900.018 438.27 0.14088 0 0 0 0 0 0 0 0 0 0 0 0 0 0 0 0
0 111 415 0 0 0 937.156 271.907 0.541956 952.837 271.908 0.501346 962.575 311.131 0.0731298 0 0 0 919.559 271.908 0.511303 899.942 315.014 0.443342 0 0 0 962.688 375.66 0.402986 939.144 430.462 0.133306 0 0 0 927.406 373.671 0.365532 909.773 432.377 0.15505 0 0 0 0 0 0 0 0 0 0 0 0 0 0 0 1
0 111 422 0 0 0 945.075 268.051 0.252676 962.612 270.004 0.184215 0 0 0 0 0 0 929.305 264.112 0.270009 902.003 307.232 0.316985 0 0 0 968.493 383.52 0.263738 0 0 0 0 0 0 929.369 387.382 0.20089 900.012 432.404 0.112897 0 0 0 0 0 0 0 0 0 0 0 0 0 0 0 0
0 111 423 0 0 0 944.907 271.959 0.641098 962.643 272.027 0.542994 968.478 315.022 0.0669376 0 0 0 917.679 271.973 0.571775 900.079 309.144 0.534119 905.876 336.508 0.0817969 966.515 367.816 0.369077 931.346 440.218 0.215639 943.035 500.86 0.0958742 919.598 356.118 0.394968 882.388 430.438 0.305413 898.066 510.68 0.234747 0 0 0 0 0 0 0 0 0 929.303 252.369 0.0580322 1
0 111 424 0 0 0 942.983 273.897 0.388902 962.589 275.869 0.315431 0 0 0 0 0 0 917.636 273.872 0.389341 900.098 311.067 0.3301 0 0 0 970.466 381.569 0.361565 937.156 438.25 0.141003 898.034 508.737 0.0800463 931.267 385.422 0.32028 882.394 430.429 0.263268 899.984 510.686 0.20944 0 0 0 0 0 0 0 0 0 0 0 0 1
0 111 425 0 0 0 943.001 272.02 0.347831 962.61 272.025 0.294314 0 0 0 0 0 0 917.635 273.908 0.346179 901.95 315.026 0.285549 0 0 0 968.483 373.709 0.289462 960.644 416.774 0.0629435 0 0 0 921.515 367.821 0.280492 901.969 430.416 0.1316 0 0 0 0 0 0 0 0 0 0 0 0 0 0 0 0
0 111 426 0 0 0 941.049 273.888 0.341621 960.682 273.888 0.282391 0 0 0 0 0 0 915.729 273.956 0.343891 900.081 313.039 0.282522 0 0 0 970.455 383.509 0.359482 929.356 442.126 0.127734 896.076 508.662 0.0724229 931.342 381.57 0.346032 882.42 430.435 0.210778 896.106 508.71 0.206147 0 0 0 0 0 0 0 0 0 0 0 0 1
0 111 427 0 0 0 937.172 273.888 0.304083 956.729 271.985 0.252852 0 0 0 0 0 0 915.708 273.944 0.340019 902.001 320.877 0.196536 0 0 0 970.452 383.445 0.319842 929.354 438.259 0.111917 948.899 483.255 0.064616 933.26 385.439 0.324608 882.345 430.414 0.224877 900.018 512.61 0.237837 0 0 0 0 0 0 0 0 0 0 0 0 1
0 111 429 0 0 0 937.203 271.946 0.364551 960.611 271.987 0.302745 0 0 0 0 0 0 915.678 272.001 0.387339 901.946 318.886 0.301613 0 0 0 972.386 383.48 0.35361 931.283 438.273 0.141417 945.027 477.434 0.100103 931.336 385.432 0.36325 874.571 430.421 0.308199 899.958 510.635 0.263741 0 0 0 0 0 0 0 0 0 0 0 0 1
0 111 430 0 0 0 942.995 271.981 0.289869 962.577 273.875 0.23682 0 0 0 0 0 0 917.617 271.943 0.307279 901.935 318.832 0.366685 901.968 363.911 0.0637323 974.292 379.553 0.260675 935.224 434.372 0.146799 899.948 510.667 0.0702408 931.277 381.486 0.299874 923.452 436.302 0.120802 0 0 0 0 0 0 0 0 0 0 0 0 0 0 0 1
0 111 432 0 0 0 937.174 269.964 0.274719 952.837 262.173 0.211945 0 0 0 0 0 0 915.731 271.913 0.304656 900.076 314.974 0.303096 905.854 361.93 0.104961 972.413 383.484 0.302472 931.337 440.227 0.15634 950.854 479.36 0.0954529 931.374 387.384 0.326764 876.55 428.411 0.33459 899.951 508.704 0.279867 0 0 0 0 0 0 0 0 0 0 0 0 1
0 111 433 0 0 0 939.116 275.877 0.296466 962.573 281.74 0.244832 0 0 0 0 0 0 915.726 275.86 0.297681 901.959 316.936 0.221744 0 0 0 960.624 322.878 0.064385 0 0 0 0 0 0 935.197 389.346 0.276263 923.451 442.158 0.104276 943.036 489.129 0.0710193 0 0 0 0 0 0 0 0 0 0 0 0 0
0 111 435 0 0 0 941.045 271.983 0.235223 960.684 271.963 0.204251 0 0 0 0 0 0 917.618 271.95 0.2362 900.009 309.165 0.21734 0 0 0 976.248 389.375 0.347923 933.265 442.179 0.186081 937.179 504.773 0.115556 933.314 397.162 0.344584 878.458 428.399 0.430967 901.97 508.698 0.365831 0 0 0 0 0 0 0 0 0 0 0 0 1
0 111 436 0 0 0 935.252 281.747 0.225444 962.591 283.708 0.201086 0 0 0 0 0 0 913.69 283.704 0.234128 900.07 320.847 0.150815 0 0 0 976.227 383.501 0.272531 931.273 442.154 0.134765 907.824 512.595 0.101714 933.28 393.251 0.239012 878.507 428.476 0.34487 901.948 510.663 0.284656 0 0 0 0 0 0 0 0 0 0 0 0 1
0 111 438 0 0 0 937.175 271.935 0.279093 958.669 269.974 0.221319 0 0 0 0 0 0 917.602 273.87 0.269266 901.971 314.996 0.254823 909.773 340.422 0.0921372 962.684 336.519 0.153386 0 0 0 0 0 0 927.393 346.31 0.225715 0 0 0 0 0 0 0 0 0 0 0 0 0 0 0 0 0 0 0
0 111 439 0 0 0 933.241 273.965 0.32911 950.886 269.983 0.282415 0 0 0 0 0 0 915.621 279.79 0.270568 901.941 322.833 0.169643 0 0 0 972.395 385.416 0.362609 937.166 434.341 0.12722 956.751 477.388 0.0942856 931.369 393.227 0.344382 874.559 430.37 0.251333 900.017 508.743 0.275146 0 0 0 0 0 0 0 0 0 0 0 0 1
0 111 440 0 0 0 931.292 269.987 0.370244 946.973 260.219 0.321097 0 0 0 0 0 0 917.582 273.942 0.28577 905.895 326.764 0.166954 899.971 369.793 0.167767 972.372 381.507 0.383819 937.16 434.35 0.175838 958.639 485.214 0.103085 939.149 385.464 0.378683 882.38 430.399 0.250266 903.942 508.668 0.345368 0 0 0 0 0 0 0 0 0 0 0 0 1
0 111 441 0 0 0 933.287 289.6 0.228368 962.584 291.543 0.203771 0 0 0 0 0 0 911.753 293.484 0.217834 894.152 365.916 0.240848 0 0 0 976.229 387.414 0.341471 939.103 434.359 0.131356 901.967 508.703 0.103611 935.212 397.186 0.329468 876.544 428.47 0.24432 901.937 508.668 0.282718 0 0 0 0 0 0 0 0 0 915.645 281.749 0.0503797 1
0 111 442 0 0 0 941.074 318.902 0.438943 960.702 311.09 0.400622 0 0 0 0 0 0 917.585 332.573 0.430166 896.055 371.723 0.430321 0 0 0 976.293 397.122 0.47298 941.08 438.258 0.1577 946.965 485.226 0.105842 937.203 401.124 0.446819 927.356 438.262 0.0931252 0 0 0 0 0 0 0 0 0 0 0 0 913.741 299.336 0.122619 1
0 111 443 0 0 0 939.141 314.986 0.276883 962.573 305.214 0.310159 0 0 0 0 0 0 917.587 330.663 0.328116 896.093 371.751 0.386863 0 0 0 976.278 395.186 0.46669 941.05 436.311 0.194824 945.013 485.226 0.125618 935.228 399.198 0.455353 911.721 428.484 0.0927941 0 0 0 0 0 0 0 0 0 0 0 0 915.672 303.263 0.0796457 1
0 111 444 0 0 0 931.265 275.871 0.283722 946.956 271.975 0.229998 0 0 0 0 0 0 913.685 277.857 0.230801 899.928 373.665 0.374806 901.943 383.473 0.106073 976.266 393.262 0.423195 931.326 436.284 0.193896 945.046 489.119 0.160526 943.057 397.163 0.491673 866.777 430.43 0.575978 909.771 508.759 0.358098 0 0 0 0 0 0 0 0 0 0 0 0 1
0 111 445 0 0 0 931.263 293.492 0.156436 948.927 287.601 0.151301 0 0 0 0 0 0 0 0 0 0 0 0 0 0 0 974.367 391.298 0.273191 931.299 438.232 0.130445 954.787 489.145 0.0892 941.107 393.282 0.322822 872.65 428.476 0.218921 907.85 508.732 0.2579 0 0 0 0 0 0 0 0 0 0 0 0 0
0 111 448 0 0 0 919.564 277.873 0.242738 943.058 283.652 0.160144 0 0 0 0 0 0 903.946 283.703 0.204126 882.349 322.818 0.221288 0 0 0 974.371 395.206 0.29659 950.905 493.045 0.143009 896.082 495 0.0829469 939.119 393.247 0.250077 851.119 424.562 0.155543 0 0 0 0 0 0 0 0 0 0 0 0 0 0 0 1
0 111 449 0 0 0 913.755 279.773 0.328776 929.379 273.92 0.235655 0 0 0 0 0 0 898.056 287.591 0.213944 876.547 330.668 0.137132 0 0 0 976.272 393.266 0.336214 952.835 491.136 0.107412 0 0 0 944.987 391.304 0.274117 860.852 412.868 0.119827 0 0 0 0 0 0 0 0 0 0 0 0 0 0 0 0
0 111 450 0 0 0 905.868 297.414 0.278601 927.384 289.546 0.216554 0 0 0 0 0 0 886.335 305.232 0.226625 874.581 342.386 0.10103 0 0 0 978.214 395.198 0.362252 931.272 428.534 0.0533954 0 0 0 946.956 399.124 0.383925 851.142 412.795 0.312684 900.026 508.661 0.241749 0 0 0 0 0 0 0 0 0 884.356 262.184 0.10018 1
0 111 452 0 0 0 898.007 295.439 0.494776 911.7 289.501 0.375072 0 0 0 0 0 0 882.414 301.331 0.443715 874.551 348.236 0.338217 837.408 348.236 0.120018 980.189 397.119 0.44192 888.271 399.109 0.0602104 899.982 502.822 0.089906 948.949 403.066 0.389648 851.062 422.617 0.355494 900.009 510.635 0.330294 0 0 0 0 0 0 0 0 0 868.743 273.884 0.130471 1
0 111 478 933.309 303.331 0.300707 935.249 336.476 0.584536 907.819 334.55 0.598332 894.112 379.523 0.271203 894.155 410.892 0.130145 962.676 338.498 0.508269 976.346 397.156 0.167413 972.359 436.281 0.111802 899.995 428.446 0.546469 870.697 493.064 0.476725 874.555 547.839 0.276314 950.855 432.42 0.525685 929.326 504.733 0.591163 931.352 561.543 0.521795 929.401 297.364 0.250876 944.912 299.319 0.254417 917.658 301.3 0.143731 958.638 303.274 0.172489 1
0 111 479 944.931 305.237 0.266433 937.207 336.481 0.59844 909.756 334.531 0.641137 888.306 381.541 0.336024 892.151 401.117 0.16493 964.61 338.532 0.494993 976.337 397.19 0.168445 974.353 434.334 0.107753 903.894 430.466 0.505513 870.708 504.731 0.473253 905.879 557.632 0.424185 950.906 436.333 0.520873 929.303 506.766 0.638047 945.04 561.521 0.468163 937.169 299.375 0.240213 948.959 303.185 0.212056 929.269 301.273 0.281149 962.586 305.247 0.157227 1
0 111 484 933.261 350.289 0.702225 941.054 381.526 0.775652 900.017 365.871 0.74452 868.77 401.098 0.529149 858.921 424.535 0.412733 978.226 397.201 0.764101 986.054 451.956 0.554552 939.123 477.453 0.311925 880.372 463.709 0.466939 851.118 524.325 0.275759 853.103 588.909 0.213298 929.41 489.115 0.514394 919.57 553.684 0.221798 870.672 590.876 0.116704 931.295 338.521 0.70175 945.01 346.3 0.649002 923.453 336.476 0.212252 962.643 350.126 0.583184 0
0 111 485 931.284 352.244 0.726748 937.195 385.478 0.732548 898.059 369.838 0.685387 866.764 412.791 0.498153 855.016 426.483 0.387589 976.337 401.124 0.721637 980.193 457.84 0.498201 935.201 479.333 0.281647 876.519 477.418 0.448395 837.33 539.996 0.423681 851.087 604.61 0.425175 929.284 504.776 0.510641 944.936 585.047 0.22483 870.664 600.636 0.174564 929.353 346.267 0.700267 943.001 350.164 0.712817 917.649 338.548 0.163393 960.635 352.116 0.642126 0
0 111 486 929.358 365.813 0.828175 923.463 397.106 0.798238 882.43 383.443 0.83424 851.147 430.427 0.686743 853.045 436.282 0.415254 964.566 408.897 0.712122 978.296 461.685 0.691829 944.961 493.016 0.528966 866.726 487.205 0.632059 833.485 551.68 0.613755 851.042 624.104 0.656543 915.674 502.805 0.621713 890.203 561.5 0.523934 872.604 616.365 0.512518 923.507 352.226 0.772666 937.216 356.101 0.727877 911.757 352.117 0.645866 952.815 363.847 0.642499 0
0 111 487 921.508 369.811 0.8102 921.489 399.181 0.837929 880.452 387.443 0.784278 853.025 432.366 0.705078 851.15 450.013 0.632547 964.546 412.81 0.800099 978.265 465.681 0.714719 937.179 504.784 0.520283 866.789 493.097 0.713988 829.584 557.606 0.603063 851.148 631.935 0.670039 917.65 512.593 0.638924 903.958 577.16 0.2482 0 0 0 915.614 361.993 0.863812 931.303 365.838 0.86435 900.095 360.007 0.607115 946.993 365.935 0.762529 0
0 111 488 913.659 379.513 0.861373 913.647 412.767 0.881324 868.683 401.101 0.843633 847.199 455.844 0.642462 841.304 491.094 0.41694 958.664 418.686 0.768554 966.502 477.456 0.605325 913.712 506.76 0.391782 866.74 506.792 0.666933 819.784 561.502 0.583146 843.284 631.966 0.424842 917.66 520.42 0.594553 894.122 577.163 0.45878 929.373 620.225 0.194363 903.944 367.746 0.84321 921.55 367.916 0.800733 896.035 365.89 0.711954 937.201 373.71 0.69159 0
0 111 489 903.937 379.568 0.793182 909.763 414.788 0.845292 866.694 410.874 0.793245 841.336 461.728 0.562594 845.23 493.045 0.372758 952.803 424.525 0.712393 962.648 483.237 0.519739 925.429 522.364 0.374969 858.888 522.419 0.545914 819.803 573.276 0.459809 833.497 629.969 0.213666 913.708 538.017 0.523299 927.34 628.034 0.430471 854.987 628.059 0.183182 899.932 367.791 0.878458 915.603 369.759 0.816206 886.325 367.802 0.520404 931.316 375.628 0.705915 0
0 111 490 898.039 385.406 0.871553 900.043 422.641 0.835932 855.071 414.88 0.779264 837.411 473.441 0.551701 841.341 496.971 0.420214 946.973 428.508 0.807156 960.659 489.113 0.567314 919.562 522.372 0.411639 853.109 522.409 0.53404 835.394 575.215 0.233088 835.416 637.827 0.160776 911.734 536.077 0.52423 917.641 633.882 0.298505 849.12 651.509 0.162833 888.254 377.619 0.820994 907.803 379.549 0.809516 878.472 379.537 0.568892 925.404 381.487 0.725825 0
0 111 491 896.092 397.122 0.873294 898.101 428.538 0.836712 853.087 424.559 0.736012 835.483 477.339 0.568626 839.369 500.856 0.415681 944.979 434.389 0.711565 948.883 498.91 0.374906 911.715 547.834 0.174582 851.023 526.373 0.460222 835.395 586.959 0.182928 829.56 637.807 0.10899 901.995 543.906 0.398764 925.443 641.749 0.345175 847.165 649.624 0.151845 886.269 383.532 0.884621 902.021 385.429 0.818157 874.561 383.528 0.58486 921.521 385.505 0.691178 0
0 111 492 894.095 408.903 0.789266 894.146 436.307 0.775256 851.002 430.472 0.758306 823.717 477.385 0.472225 837.366 506.749 0.3963 939.155 444.091 0.74722 948.89 504.746 0.484804 907.826 534.152 0.371547 851.077 537.998 0.483955 821.767 598.688 0.209914 821.807 667.163 0.130665 909.747 549.745 0.486331 898.007 616.306 0.323756 835.469 674.997 0.127122 884.315 397.187 0.859613 900.098 399.098 0.829637 868.742 397.084 0.631064 915.701 399.191 0.691243 0
0 111 493 890.198 410.799 0.746334 892.148 444.088 0.82046 847.157 434.373 0.729162 821.755 485.229 0.529672 835.39 510.687 0.432371 939.098 448.045 0.724719 958.694 506.761 0.607324 925.414 538.029 0.430978 839.358 547.799 0.495506 819.774 614.366 0.172002 823.662 678.925 0.13514 900.017 555.7 0.51565 896.053 624.146 0.246828 847.185 682.83 0.158941 882.451 397.232 0.823991 899.999 399.148 0.784772 868.644 397.118 0.622762 915.649 399.227 0.653238 0
0 111 494 882.374 422.649 0.748718 884.393 459.684 0.774321 841.279 446.147 0.71216 813.942 498.941 0.403489 792.413 538.011 0.21613 931.318 465.665 0.658512 933.299 534.133 0.300312 898.047 581.074 0.0717253 835.391 553.718 0.372425 0 0 0 0 0 0 892.184 577.186 0.308219 880.439 631.945 0.0863891 0 0 0 874.571 412.866 0.749641 890.252 414.748 0.761119 864.734 412.8 0.283225 911.702 414.81 0.638371 0
0 111 495 880.368 430.408 0.65622 884.373 463.755 0.707221 839.33 453.899 0.622228 811.933 506.693 0.309373 815.885 536.04 0.209357 931.325 479.407 0.649907 915.691 553.65 0.272311 854.987 528.282 0.118633 819.799 581.101 0.297645 790.436 647.608 0.101881 0 0 0 882.35 608.48 0.241515 896.076 678.882 0.153517 0 0 0 870.703 416.797 0.641762 886.327 422.631 0.649892 858.938 414.847 0.23467 909.769 426.488 0.570473 0
0 111 496 876.486 446.176 0.528236 880.404 483.26 0.489219 837.327 475.401 0.523591 806.028 524.358 0.265849 806.107 551.756 0.121436 925.45 494.999 0.449095 913.687 573.252 0.089625 882.43 633.921 0.0650609 810.005 629.997 0.150712 0 0 0 0 0 0 870.679 641.728 0.156929 0 0 0 0 0 0 868.79 436.33 0.523663 884.382 442.175 0.564381 858.891 432.43 0.267081 901.928 444.11 0.491957 0
0 111 497 876.539 453.94 0.565183 882.323 493.009 0.704609 835.4 479.341 0.640538 802.141 530.233 0.381324 804.098 559.549 0.233541 929.3 506.794 0.689573 913.723 579.14 0.281375 878.465 641.721 0.14692 804.187 628.059 0.340319 796.302 714.142 0.077704 0 0 0 866.674 651.503 0.373059 0 0 0 0 0 0 870.645 444.113 0.63645 884.437 446.092 0.632749 858.944 442.141 0.337355 903.92 448.045 0.514561 0
0 111 498 880.377 475.502 0.52384 882.307 508.685 0.675929 835.435 491.132 0.614619 796.307 543.892 0.19714 806.115 571.315 0.12842 927.337 528.253 0.614419 901.964 606.503 0.242145 868.638 661.249 0.0613739 792.428 637.806 0.29352 784.559 714.152 0.0510229 0 0 0 853.045 665.236 0.307152 0 0 0 0 0 0 872.654 461.748 0.507812 890.24 469.588 0.482873 864.749 451.974 0.344733 911.73 471.523 0.44632 0
0 111 499 876.501 479.351 0.702605 878.446 520.417 0.687583 831.498 500.839 0.604906 786.505 555.69 0.252629 808.052 586.958 0.07785 923.473 539.969 0.669721 894.1 622.17 0.261079 823.715 629.998 0.0826712 792.369 647.612 0.361402 0 0 0 0 0 0 851.15 676.944 0.378772 0 0 0 0 0 0 870.625 467.614 0.720462 886.345 475.407 0.718171 860.888 461.664 0.3113 909.795 477.443 0.581336 0
0 111 500 876.506 491.041 0.734458 874.538 524.383 0.731574 831.539 508.706 0.636451 790.464 553.646 0.30219 800.213 586.917 0.334761 917.633 541.999 0.674013 905.863 614.318 0.298265 870.653 661.304 0.0783438 800.235 633.944 0.386767 766.933 698.499 0.146468 0 0 0 853.102 665.224 0.398307 847.137 714.158 0.0528787 0 0 0 868.754 477.344 0.77542 886.342 481.344 0.712328 854.978 475.443 0.429516 905.874 491.005 0.604016 0
0 111 1005 0 0 0 911.692 444.072 0.840037 956.766 444.144 0.78777 978.275 520.409 0.791037 945.021 542.013 0.284889 862.82 442.168 0.777174 833.432 502.818 0.483924 839.318 538.086 0.2554 927.34 569.371 0.541028 911.682 649.6 0.38944 882.39 714.157 0.350509 866.805 561.54 0.531732 849.122 626.072 0.18891 0 0 0 0 0 0 0 0 0 935.252 399.155 0.555402 886.361 397.227 0.642021 0
0 111 1006 0 0 0 909.812 432.413 0.834386 958.711 434.318 0.807473 978.227 512.638 0.7421 0 0 0 860.879 430.494 0.817798 835.476 504.762 0.580204 841.294 536.049 0.125274 925.454 567.418 0.593843 913.617 647.612 0.430737 886.308 714.143 0.148428 864.725 557.616 0.584302 817.807 616.258 0.223689 0 0 0 0 0 0 0 0 0 931.355 385.465 0.671131 884.409 383.541 0.723564 0
0 111 1007 915.675 393.23 0.415466 903.903 430.399 0.848584 858.903 430.401 0.80886 837.341 493.028 0.518123 835.477 526.304 0.306525 948.937 428.508 0.785805 976.349 481.332 0.565474 978.35 508.645 0.58944 860.873 557.622 0.477236 843.259 633.944 0.215883 0 0 0 919.555 569.33 0.504792 913.632 641.74 0.345603 899.984 688.705 0.131333 909.73 381.534 0.430407 925.386 381.569 0.4461 886.312 383.418 0.656162 931.277 383.54 0.368866 0
0 111 1008 0 0 0 907.79 414.87 0.860708 952.806 414.86 0.828025 978.273 477.375 0.726392 984.162 506.8 0.654175 860.841 414.883 0.821213 837.319 479.323 0.599676 839.342 518.465 0.0807223 923.505 539.968 0.601565 915.593 596.718 0.329992 909.795 639.822 0.362471 862.838 536.07 0.582885 827.596 598.679 0.158848 0 0 0 0 0 0 0 0 0 931.232 369.831 0.688892 884.32 369.77 0.677183 0
0 111 1009 0 0 0 907.793 412.73 0.846777 950.878 410.865 0.792692 978.194 465.685 0.747621 982.219 496.972 0.605315 862.827 412.76 0.828413 837.347 463.718 0.576614 849.081 498.919 0.136711 929.323 522.388 0.64504 911.763 581.059 0.419315 911.737 630.006 0.383696 868.701 518.5 0.633434 851.031 567.383 0.256462 854.992 624.14 0.153788 0 0 0 0 0 0 929.366 365.847 0.639264 884.293 365.907 0.645127 0
0 111 1010 0 0 0 907.789 401.06 0.835233 948.899 399.176 0.84199 978.191 461.707 0.693306 980.243 492.99 0.57198 864.76 403.057 0.78124 839.417 467.626 0.695573 862.791 489.084 0.157837 929.319 508.741 0.702564 899.992 573.315 0.619333 884.416 633.849 0.496386 874.572 506.723 0.694396 853.013 567.416 0.571176 847.189 626.104 0.434458 0 0 0 0 0 0 929.301 356.123 0.653124 882.414 361.915 0.60715 0
0 111 1011 0 0 0 901.95 397.19 0.844123 945.048 391.316 0.796785 976.294 446.084 0.744207 980.217 485.237 0.573062 862.808 401.074 0.747393 843.301 469.547 0.570061 858.909 479.406 0.102864 933.259 504.739 0.59309 913.697 559.549 0.161296 913.682 590.863 0.0750772 882.363 502.826 0.52659 880.449 553.699 0.11343 860.859 616.326 0.0790051 0 0 0 0 0 0 921.546 350.264 0.473896 880.447 356.092 0.420432 0
0 111 1012 0 0 0 905.846 389.339 0.779184 946.939 385.417 0.815006 976.227 446.077 0.686418 976.36 473.458 0.465279 866.68 395.195 0.778066 841.331 459.785 0.742651 0 0 0 931.356 496.975 0.697198 898.113 553.671 0.62036 884.305 622.145 0.654137 882.303 494.997 0.691133 837.376 551.739 0.500501 851.102 606.492 0.399127 0 0 0 0 0 0 919.563 338.496 0.487507 880.461 342.416 0.567561 0
0 111 1013 0 0 0 902.037 383.582 0.828401 945.071 381.578 0.816557 976.219 446.089 0.636774 976.259 463.709 0.381784 864.769 391.287 0.743976 841.272 455.843 0.684936 853.02 455.872 0.0828912 933.327 495.04 0.686856 897.994 539.973 0.40957 915.618 575.238 0.152614 882.41 493.1 0.653156 835.361 555.718 0.466073 878.44 618.257 0.31613 0 0 0 0 0 0 919.547 338.471 0.511563 880.418 340.41 0.630672 0
0 111 1014 0 0 0 903.952 381.416 0.819083 946.91 375.65 0.798231 974.287 442.141 0.711314 960.659 461.784 0.189381 866.73 383.447 0.793598 841.28 444.153 0.735248 0 0 0 933.24 489.096 0.663615 892.179 530.224 0.325117 898.059 583.038 0.268033 882.376 489.109 0.667999 835.455 551.711 0.600635 880.388 612.392 0.516383 0 0 0 0 0 0 921.55 330.68 0.470357 880.395 334.591 0.526801 0
0 111 1015 0 0 0 905.855 375.616 0.766263 946.919 369.848 0.79439 968.492 440.184 0.662774 960.654 446.117 0.110358 866.767 379.59 0.758645 841.305 438.263 0.703972 0 0 0 931.356 481.315 0.668157 899.99 522.401 0.200791 899.966 561.533 0.17531 882.367 479.385 0.616062 833.44 540.019 0.411377 874.534 600.673 0.211773 0 0 0 0 0 0 925.387 320.851 0.499728 880.433 320.936 0.569563 0
0 111 1016 0 0 0 911.676 367.764 0.843095 946.978 365.872 0.831887 966.557 430.418 0.727315 944.982 446.126 0.181248 870.62 367.889 0.773858 839.428 428.481 0.79283 847.159 379.588 0.311251 929.276 475.475 0.673835 898.016 510.666 0.266155 884.372 579.13 0.28981 872.587 477.339 0.649767 831.516 538.071 0.582734 868.67 598.707 0.346866 0 0 0 0 0 0 923.482 316.949 0.455175 882.385 320.798 0.712895 0
0 111 1017 0 0 0 905.876 359.999 0.782534 945 356.079 0.811894 962.641 424.564 0.697057 945.035 444.172 0.169076 868.705 363.854 0.795355 843.24 418.711 0.662888 843.272 385.447 0.120641 923.504 469.568 0.607309 892.154 508.671 0.200681 882.321 577.153 0.299492 870.639 467.594 0.637532 835.428 537.98 0.563187 878.478 612.405 0.454248 0 0 0 0 0 0 921.503 309.133 0.491957 882.454 315.034 0.619841 0
0 111 1018 0 0 0 905.864 350.155 0.824962 946.879 350.166 0.80814 960.668 412.883 0.629145 941.088 446.09 0.169401 866.813 350.17 0.825092 843.245 410.813 0.590854 851.059 428.488 0.0897482 915.661 461.768 0.60504 905.859 538.096 0.454179 878.504 592.809 0.443556 866.659 453.925 0.610847 837.471 516.528 0.378457 841.307 563.499 0.218628 0 0 0 0 0 0 923.471 301.259 0.460255 882.454 303.234 0.531364 0
0 111 1019 0 0 0 903.911 346.281 0.747823 945.076 344.311 0.72651 956.729 408.882 0.277922 943.009 446.079 0.0576327 866.734 348.203 0.736542 845.23 410.876 0.404708 0 0 0 913.719 467.596 0.41158 909.744 541.941 0.171598 0 0 0 856.969 459.8 0.408888 851.05 520.448 0.062008 843.249 559.567 0.0860621 0 0 0 0 0 0 921.558 291.577 0.471889 882.315 295.453 0.49226 0
0 111 1020 913.586 279.772 0.154728 900.023 334.513 0.692241 937.162 330.655 0.581028 948.959 395.2 0.262001 943.068 440.192 0.0717928 866.758 336.474 0.612895 849.151 395.195 0.183795 0 0 0 917.646 446.038 0.398431 896.086 496.935 0.180441 901.984 543.95 0.165239 868.756 444.175 0.41659 855.023 493.021 0.164731 855.024 553.702 0.218981 900.056 273.934 0.197584 0 0 0 900.017 283.708 0.323422 870.63 289.536 0.19413 0
0 111 1021 913.586 273.933 0.101874 897.979 332.572 0.712148 931.367 322.9 0.677229 946.992 389.339 0.227465 0 0 0 856.995 334.636 0.658412 841.291 395.195 0.139884 0 0 0 915.682 453.915 0.358148 909.776 538.066 0.179127 855.02 575.201 0.0520388 866.69 451.983 0.319057 905.865 532.189 0.0747211 0 0 0 900.088 271.872 0.136357 0 0 0 900.015 275.873 0.397605 866.749 287.552 0.23526 0
0 111 1022 843.255 260.223 0.0691241 888.233 320.821 0.449289 870.644 320.811 0.260164 0 0 0 0 0 0 905.855 320.925 0.40553 903.924 410.854 0.152805 843.237 383.455 0.205759 849.127 461.751 0.20766 907.804 534.14 0.0502731 0 0 0 870.674 475.394 0.257088 903.941 532.152 0.154379 0 0 0 0 0 0 0 0 0 0 0 0 870.633 254.361 0.217891 0
0 111 1023 0 0 0 896.094 320.823 0.62088 925.412 318.927 0.561552 931.309 377.614 0.0740705 0 0 0 868.665 320.922 0.516424 847.187 381.513 0.115048 837.411 381.502 0.166173 915.617 446.067 0.410406 901.978 522.435 0.119033 874.548 553.687 0.116161 868.66 446.076 0.380969 841.31 487.161 0.0914899 831.541 539.985 0.126716 0 0 0 0 0 0 898.013 268.044 0.124682 866.772 271.906 0.269495 0
0 111 1026 0 0 0 876.492 313.072 0.446191 888.281 311.069 0.346226 0 0 0 0 0 0 866.755 315.007 0.351568 896.05 375.667 0.065731 0 0 0 915.686 422.582 0.318808 880.407 475.465 0.104328 882.381 540.013 0.0733734 894.103 426.543 0.302845 837.429 475.424 0.0945434 853.075 526.332 0.089397 0 0 0 0 0 0 0 0 0 853.099 258.254 0.113972 0
0 111 1082 853.055 287.608 0.109659 866.752 324.797 0.598523 849.12 324.794 0.433027 0 0 0 0 0 0 882.426 324.756 0.661902 884.405 381.444 0.411494 849.158 377.602 0.435899 870.626 414.757 0.285071 853.06 461.765 0.0766961 862.812 526.313 0.0679826 897.995 416.727 0.489973 849.115 428.495 0.128355 855.011 512.606 0.118647 0 0 0 860.846 277.839 0.125687 0 0 0 868.669 285.642 0.320552 0
0 111 1086 864.781 260.251 0.114438 878.504 307.248 0.481286 896.067 309.11 0.385189 913.731 350.277 0.193499 0 0 0 870.653 311.076 0.326929 855.017 363.892 0.0751772 843.302 367.794 0.112671 900.005 408.934 0.460154 882.436 465.663 0.233493 880.468 524.382 0.259398 872.626 410.894 0.42927 845.209 459.809 0.201467 851.037 522.373 0.222039 0 0 0 870.654 256.287 0.145409 0 0 0 882.432 262.161 0.279162 0
0 111 1087 866.747 258.326 0.140164 872.588 305.22 0.43787 851.061 305.166 0.271118 0 0 0 0 0 0 896.108 305.231 0.528264 909.752 350.19 0.311231 845.211 365.859 0.279335 856.956 408.886 0.252241 837.384 463.691 0.176144 839.36 518.465 0.159503 890.225 410.833 0.382547 880.446 467.599 0.239498 880.462 526.299 0.268784 862.854 246.517 0.0938727 872.621 254.364 0.158666 0 0 0 884.301 262.206 0.253118 0
0 111 1090 0 0 0 880.406 291.58 0.501526 853.092 293.461 0.38851 839.349 342.416 0.0751992 0 0 0 902.019 291.533 0.551695 929.287 346.267 0.582867 884.352 338.49 0.209871 862.819 393.246 0.333842 841.332 461.764 0.215588 860.852 536.058 0.204882 896.089 395.198 0.435182 890.211 467.613 0.291786 856.975 536.101 0.255998 0 0 0 0 0 0 0 0 0 882.349 254.333 0.0991131 0
0 111 1091 0 0 0 882.378 289.622 0.603997 911.706 289.628 0.617174 931.244 348.198 0.623568 901.947 342.391 0.110795 853.046 289.616 0.487836 0 0 0 0 0 0 898.034 401.105 0.520056 898.059 465.678 0.408286 882.356 524.346 0.341588 860.858 399.089 0.450809 853.034 461.791 0.257175 849.094 522.395 0.229912 0 0 0 0 0 0 900.019 256.257 0.157528 0 0 0 0
0 111 1092 0 0 0 882.298 291.527 0.733481 913.633 293.493 0.711315 935.189 350.164 0.695753 913.669 336.479 0.0997556 850.994 289.553 0.68024 823.699 348.213 0.106258 0 0 0 892.159 406.94 0.552237 900.003 473.45 0.436818 874.543 516.51 0.190311 847.168 399.118 0.515297 837.451 469.551 0.194323 845.196 510.657 0.144132 0 0 0 0 0 0 902.02 258.326 0.456168 872.614 254.339 0.0922102 0
0 111 1093 909.743 273.852 0.156757 882.442 295.412 0.5907 853.041 289.604 0.551438 823.741 336.529 0.157885 837.37 361.922 0.183002 913.727 301.265 0.618391 939.12 350.184 0.669468 896.1 338.483 0.315219 847.14 397.131 0.458402 837.43 471.52 0.338363 847.194 524.323 0.250774 894.12 399.167 0.509368 886.28 473.44 0.371102 882.402 524.313 0.33995 899.981 262.163 0.161269 911.693 266.111 0.168689 888.258 264.136 0.154302 911.731 271.843 0.199459 0
0 111 1094 927.316 273.884 0.0752571 896.047 305.15 0.566203 919.581 305.308 0.420013 943.013 356.107 0.293277 0 0 0 868.641 301.323 0.324984 0 0 0 0 0 0 886.306 410.873 0.295933 892.17 475.428 0.20909 864.787 522.411 0.235307 876.536 410.836 0.293132 886.306 473.495 0.225855 880.399 524.341 0.263576 915.689 268.033 0.0875714 0 0 0 911.726 270.021 0.268958 886.329 269.958 0.0748593 0
0 111 1095 911.757 285.61 0.0855681 899.953 309.129 0.589372 868.76 305.262 0.557952 851.076 354.173 0.197594 851.084 371.742 0.0748784 931.289 316.896 0.614126 945 365.907 0.591289 909.774 352.144 0.26669 864.747 410.831 0.463625 862.848 473.477 0.273974 851.1 520.404 0.29607 901.972 414.74 0.508723 907.792 477.342 0.355624 884.418 526.328 0.285418 905.865 271.916 0.0880241 913.698 277.807 0.081261 898.066 268.068 0.159519 923.446 273.967 0.151444 0
0 111 1101 958.67 299.354 0.422208 931.357 336.554 0.299769 911.707 334.548 0.356735 876.539 395.227 0.170796 931.309 426.507 0.117191 960.647 344.317 0.237721 0 0 0 0 0 0 892.199 444.125 0.205383 0 0 0 0 0 0 915.662 446.067 0.137945 944.998 489.143 0.0691455 970.416 514.565 0.0739093 948.964 285.665 0.463673 964.63 289.532 0.363198 931.306 285.644 0.323095 980.226 301.326 0.0640346 0
0 111 1102 0 0 0 913.75 363.848 0.340647 927.401 358.046 0.327138 946.96 420.631 0.101605 0 0 0 894.114 365.948 0.281728 0 0 0 0 0 0 919.601 461.762 0.227495 970.445 536.087 0.11411 0 0 0 896.074 463.688 0.17422 911.733 532.16 0.0532326 0 0 0 0 0 0 0 0 0 937.18 303.204 0.277749 0 0 0 0
0 111 1103 960.587 307.165 0.609708 945.033 346.308 0.631165 915.657 348.294 0.65217 892.188 408.893 0.267259 960.601 434.373 0.254088 976.22 340.477 0.612001 993.826 381.57 0.464463 993.845 410.882 0.412572 917.599 455.865 0.363893 956.716 518.469 0.197199 0 0 0 964.573 444.111 0.3193 956.744 510.638 0.0689155 0 0 0 950.898 301.264 0.57984 964.553 301.342 0.592664 937.144 301.27 0.487212 976.391 303.229 0.271352 0
0 111 1104 960.613 307.155 0.826482 952.847 342.419 0.787807 919.571 342.36 0.759651 894.126 397.213 0.632002 898.028 446.054 0.471224 986.061 344.365 0.742919 995.922 397.086 0.756866 1001.75 430.422 0.647036 913.641 444.113 0.599206 886.307 506.706 0.201273 0 0 0 958.706 448.042 0.609216 960.619 510.681 0.263412 974.295 555.665 0.0699176 950.901 301.291 0.782097 964.637 303.165 0.783159 941.067 303.184 0.647049 978.221 303.324 0.675247 0
0 111 1105 960.731 309.132 0.798175 958.623 338.477 0.832508 925.394 336.52 0.792145 899.985 385.429 0.641482 896.054 432.424 0.418459 989.961 342.36 0.765436 999.753 395.152 0.74996 997.829 426.543 0.632279 913.736 434.38 0.584958 888.27 502.809 0.184361 0 0 0 960.715 444.106 0.630736 962.647 504.79 0.2985 974.316 547.852 0.173483 956.726 303.289 0.760977 966.553 303.305 0.763482 943.074 303.334 0.652477 978.205 305.19 0.588627 0
0 111 1106 964.575 311.091 0.795527 962.658 342.428 0.798983 931.392 340.474 0.745331 913.762 387.389 0.437817 911.726 414.839 0.165275 993.963 346.301 0.751054 1007.56 393.259 0.671819 1007.51 418.706 0.716383 923.473 430.409 0.501784 909.791 477.39 0.159682 878.502 524.351 0.0727757 966.534 438.276 0.560148 960.632 493.046 0.182653 976.24 553.697 0.119806 960.59 303.338 0.828991 974.366 303.337 0.81758 945.055 305.258 0.671695 984.118 305.179 0.602766 0
0 111 1107 964.644 309.124 0.751318 964.595 344.362 0.798932 935.197 340.459 0.748485 917.604 385.469 0.435818 915.646 416.765 0.138937 995.883 348.215 0.759571 1009.59 393.236 0.694924 1007.57 424.59 0.758474 923.449 430.455 0.574275 911.731 481.334 0.227192 872.604 528.274 0.0985804 966.544 442.121 0.599332 958.695 487.189 0.180589 0 0 0 960.665 303.269 0.80658 976.29 303.29 0.801329 946.961 305.226 0.644266 988.072 305.255 0.6723 0
0 111 1108 976.337 318.889 0.915682 974.318 352.19 0.804799 941.046 352.161 0.762439 925.392 404.978 0.439058 964.593 436.282 0.188438 1007.58 352.206 0.769738 1015.44 408.876 0.605099 1003.69 436.325 0.492224 929.312 446.106 0.571783 917.628 514.557 0.274161 896.088 553.728 0.107962 972.421 453.94 0.541441 962.642 512.603 0.197925 0 0 0 966.539 307.226 0.81582 982.17 307.229 0.802491 956.713 311.068 0.667349 993.949 311.079 0.632281 0
0 111 1109 980.193 318.964 0.898121 978.26 352.134 0.83168 946.955 352.219 0.793491 935.23 408.919 0.456113 976.31 438.227 0.454135 1009.6 350.257 0.77841 1021.33 399.191 0.575678 1009.57 432.418 0.512355 933.24 446.135 0.506459 931.344 514.565 0.192253 913.673 555.668 0.0749493 978.305 451.934 0.461008 991.928 522.408 0.162561 0 0 0 976.201 311.057 0.824315 990.009 311.108 0.806633 960.711 313.044 0.675288 1003.66 313.038 0.685531 0
0 111 1110 990.027 320.968 0.829962 984.106 356.078 0.774746 950.851 358.014 0.715309 937.179 410.862 0.434009 974.348 442.19 0.410527 1019.32 354.152 0.742405 1027.14 406.934 0.690378 1011.5 444.046 0.648814 937.2 448.05 0.536524 943.053 520.415 0.216783 945.012 577.17 0.0910218 980.279 455.846 0.507311 995.852 524.355 0.185158 982.146 586.97 0.077008 978.362 316.934 0.830037 995.901 316.935 0.806408 966.525 318.888 0.716446 1009.51 318.859 0.680225 0
0 111 1111 995.864 330.607 0.76788 991.879 365.927 0.758411 956.713 365.822 0.706977 933.322 420.65 0.374248 980.206 446.031 0.351278 1025.17 367.877 0.682214 1027.21 418.722 0.475089 1009.57 448.075 0.449824 941.093 463.699 0.459731 946.965 547.812 0.13124 0 0 0 982.163 471.545 0.42436 997.82 536.11 0.155513 0 0 0 989.958 318.957 0.82557 1007.57 320.795 0.85099 974.344 318.968 0.669089 1021.25 320.903 0.565623 0
0 111 1112 994.021 330.618 0.803896 991.858 365.948 0.808099 960.588 365.81 0.796007 937.159 412.819 0.487136 976.351 446.083 0.282599 1021.32 367.909 0.708147 1034.98 414.738 0.629051 1007.62 453.934 0.606574 939.136 448.084 0.672162 941.085 512.647 0.565163 905.901 555.718 0.229557 978.278 459.785 0.664546 978.24 514.583 0.359544 964.588 573.293 0.086975 991.937 320.79 0.86044 1007.53 320.9 0.831928 978.29 320.881 0.568805 1021.27 326.756 0.633376 0
0 111 1113 1001.7 336.616 0.82875 993.849 371.715 0.801758 960.571 367.917 0.790115 939.126 422.613 0.500013 976.355 453.904 0.376279 1027.22 375.624 0.657723 1033.03 418.682 0.638079 1005.63 459.775 0.718291 939.117 453.896 0.666964 946.942 522.346 0.656669 905.866 563.464 0.285946 978.309 461.738 0.647987 980.234 522.372 0.328531 966.504 586.978 0.0932074 992.025 330.643 0.876389 1009.56 332.547 0.852736 978.354 332.625 0.683395 1023.34 334.471 0.765599 0
0 111 1114 1005.6 350.231 0.846881 989.951 383.567 0.769015 950.841 383.409 0.795584 931.24 444.073 0.611266 958.705 481.282 0.362786 1023.29 387.427 0.657142 1036.97 432.397 0.595904 1007.57 467.64 0.596218 941.1 473.456 0.530061 948.951 538.032 0.374983 943.062 614.306 0.164706 982.186 479.319 0.504773 991.926 534.141 0.183094 974.319 608.51 0.221675 993.95 336.633 0.854708 1011.49 338.534 0.796644 978.347 338.484 0.694828 1025.13 342.405 0.455835 0
0 111 1115 1005.6 354.178 0.763247 991.933 393.289 0.780573 950.877 387.379 0.745673 931.355 446.146 0.560327 976.266 479.381 0.403985 1027.17 397.195 0.679325 1038.93 442.184 0.587219 1007.57 473.452 0.546262 945.068 489.131 0.490678 950.899 540.04 0.244294 958.68 612.374 0.124741 992.023 493.039 0.469833 991.976 555.656 0.154466 0 0 0 993.982 348.235 0.801852 1011.53 350.129 0.77849 980.221 348.249 0.683246 1025.19 350.237 0.545938 0
0 111 1116 995.879 367.843 0.37923 991.892 401.095 0.483913 947.025 399.197 0.531058 931.256 451.961 0.260756 941.111 524.331 0.143449 1031.1 404.999 0.411022 1036.96 459.762 0.205659 999.767 493.078 0.131773 943.036 504.792 0.235832 917.598 590.861 0.0745235 0 0 0 990.003 512.604 0.209583 1005.6 587.019 0.097312 0 0 0 991.93 354.186 0.393882 1007.61 356.113 0.385172 976.323 354.121 0.405392 1023.25 360.03 0.295947 0
0 111 1117 993.888 373.701 0.704594 989.971 401.124 0.786356 946.961 399.218 0.777059 925.423 448.03 0.574242 948.92 491.09 0.327547 1027.18 403.087 0.741322 1044.82 451.95 0.668181 1011.5 491.122 0.620103 944.909 498.914 0.497585 933.303 543.915 0.166033 0 0 0 991.998 506.759 0.523254 976.283 553.703 0.195312 950.869 637.843 0.0825212 988.041 365.816 0.674883 1003.73 365.905 0.701026 974.332 363.93 0.586017 1019.32 365.85 0.541296 0
0 111 1118 986.094 381.604 0.804219 988.047 414.76 0.83567 944.963 408.907 0.777694 917.692 461.688 0.581072 939.115 522.372 0.395803 1033.05 428.421 0.709385 1023.29 489.139 0.573136 991.964 510.692 0.427392 929.413 506.737 0.479258 913.719 543.9 0.153872 0 0 0 980.226 522.389 0.477134 964.57 567.409 0.144175 0 0 0 978.252 369.81 0.820174 993.968 373.702 0.778294 964.606 367.782 0.533507 1013.49 369.829 0.701408 0
0 111 1119 984.159 383.558 0.689823 988.047 414.783 0.812582 945.029 412.793 0.788828 917.61 459.743 0.640001 931.391 508.748 0.458225 1027.23 418.702 0.729743 1042.87 469.589 0.694322 1009.66 514.571 0.696532 945.007 506.664 0.603911 943.033 561.513 0.304269 929.353 588.937 0.0963698 993.936 510.654 0.622177 986.095 559.585 0.302935 962.591 588.987 0.111989 978.215 375.681 0.69186 993.89 379.497 0.70284 962.701 373.721 0.467155 1011.49 375.677 0.620875 0
0 111 1120 978.33 397.134 0.672678 986.06 426.449 0.789235 944.944 426.468 0.788687 915.585 477.438 0.681708 929.376 528.269 0.6098 1025.24 426.503 0.775906 1054.47 471.542 0.796917 1029.15 522.428 0.831084 946.931 522.4 0.665541 937.204 579.147 0.335621 923.476 616.329 0.163305 995.925 526.32 0.647797 988.005 586.956 0.448884 989.978 633.932 0.0816222 974.355 385.431 0.618995 989.949 385.444 0.6132 960.729 385.428 0.394128 1005.65 383.567 0.648141 0
0 111 1121 978.321 401.065 0.622164 976.385 428.527 0.861192 935.208 430.475 0.784725 913.729 493.018 0.599831 937.169 537.973 0.468265 1021.28 426.542 0.751353 1054.53 467.607 0.777101 1036.99 524.289 0.838552 946.98 536.062 0.576073 933.279 588.897 0.295949 915.68 637.855 0.121968 997.824 538.021 0.589108 991.916 586.938 0.352927 964.567 657.408 0.0818722 972.416 395.207 0.566221 989.959 395.17 0.586236 958.718 395.233 0.533307 999.809 391.319 0.494995 0
0 111 1122 976.355 414.724 0.83722 976.257 442.186 0.81799 931.342 444.161 0.800011 905.864 500.895 0.618853 913.665 551.731 0.509385 1017.42 436.345 0.717896 1056.44 475.498 0.817394 1039 526.333 0.77638 946.888 557.585 0.58238 915.656 631.978 0.208162 0 0 0 995.927 557.598 0.605692 982.156 626.088 0.319647 968.467 673.049 0.136906 964.638 405.006 0.712483 984.129 403.042 0.716329 954.779 406.923 0.571762 997.833 401.062 0.625268 0
0 111 1123 976.316 420.649 0.843474 976.283 450.048 0.839865 929.39 455.831 0.79075 900.056 510.687 0.659252 929.376 553.643 0.485584 1021.3 446.158 0.780733 1056.5 477.336 0.790711 1038.98 526.362 0.746742 933.27 573.296 0.585954 872.596 637.848 0.362562 868.747 714.16 0.202128 991.919 581.069 0.616651 958.71 649.549 0.241036 962.65 686.745 0.0667366 964.546 412.883 0.855963 982.196 412.763 0.83918 952.825 414.859 0.678961 995.884 412.763 0.793715 0
0 111 1124 972.376 430.534 0.692313 964.581 461.698 0.754764 927.358 459.843 0.739454 898.013 508.765 0.555039 896.01 555.601 0.457383 1009.57 461.671 0.607587 1042.81 496.938 0.24591 1023.31 536.099 0.207339 931.289 557.58 0.472542 958.651 616.322 0.150944 0 0 0 986.103 561.509 0.38307 976.295 618.246 0.21247 958.679 692.604 0.0597998 962.617 426.476 0.704661 978.303 426.468 0.69162 947.027 428.386 0.545845 993.887 426.48 0.47185 0
0 111 1125 974.282 442.15 0.832031 958.71 475.454 0.680977 927.4 465.674 0.670979 897.953 510.687 0.528271 884.39 555.606 0.482403 980.287 483.242 0.581976 978.356 538.03 0.329089 0 0 0 915.609 563.48 0.545052 874.591 645.659 0.230575 843.27 714.166 0.172904 956.737 571.326 0.497205 0 0 0 0 0 0 962.677 430.522 0.855553 978.272 430.501 0.846651 948.943 434.345 0.568513 993.857 430.44 0.6719 0
0 111 1126 0 0 0 946.889 493.064 0.523137 915.698 491.124 0.593077 884.342 536.024 0.523769 878.441 571.358 0.440211 972.383 497.002 0.458464 974.303 545.88 0.212376 0 0 0 915.636 571.369 0.455966 948.912 616.3 0.245682 931.304 667.154 0.0702306 946.998 579.129 0.371514 0 0 0 0 0 0 0 0 0 0 0 0 956.753 448.045 0.435886 0 0 0 0
0 111 1126 980.195 453.909 0.637723 992.014 481.318 0.584546 964.567 483.28 0.525068 958.651 524.334 0.0525401 0 0 0 1025.18 481.3 0.652543 1038.87 526.282 0.500601 1021.26 563.447 0.464274 960.692 559.598 0.387266 0 0 0 0 0 0 993.985 571.355 0.513172 974.307 631.914 0.322016 956.719 678.871 0.0959263 974.359 446.079 0.651495 989.989 444.192 0.652479 956.753 448.045 0.435886 1003.71 444.092 0.46766 0
0 111 1127 976.348 459.805 0.683139 972.355 491.059 0.789566 929.307 483.286 0.745902 888.242 528.28 0.595743 868.663 571.329 0.509189 1017.41 493.086 0.700656 1036.96 539.955 0.638083 1021.34 571.329 0.668944 917.583 587.018 0.559332 878.499 667.209 0.280883 829.539 714.152 0.0797112 976.327 600.668 0.586533 946.981 661.316 0.349376 0 0 0 970.434 448.056 0.621914 986.088 450.042 0.594971 956.75 446.147 0.555071 997.852 455.824 0.507945 0
0 111 1128 972.369 477.341 0.733312 966.563 504.81 0.788218 923.506 493.063 0.726624 884.291 538.012 0.606896 860.87 575.231 0.393894 1017.39 510.693 0.729999 1023.27 569.298 0.592876 991.895 600.601 0.413737 905.845 606.5 0.519877 884.403 682.834 0.296559 0 0 0 962.589 622.155 0.524874 935.213 684.811 0.376737 0 0 0 962.648 463.696 0.719421 980.226 469.588 0.688448 948.905 461.704 0.451034 997.826 473.408 0.600109 0
0 111 1129 966.513 479.38 0.73158 966.509 508.716 0.824293 919.536 498.916 0.729209 882.307 542.005 0.690005 851.039 586.94 0.545536 1017.35 522.319 0.762569 1023.28 573.238 0.654135 980.255 616.288 0.510472 903.945 610.447 0.578584 898.04 692.591 0.518019 821.815 714.15 0.0881812 962.546 626.112 0.610555 933.248 696.494 0.507299 0 0 0 960.71 471.516 0.760721 978.251 475.39 0.781702 946.966 467.585 0.427555 995.903 475.48 0.696255 0
0 111 1130 962.68 492.997 0.818512 960.713 520.46 0.861643 913.755 506.766 0.831556 866.698 543.944 0.698547 837.44 587.021 0.671434 1009.56 532.157 0.786847 1023.34 581.05 0.71016 989.965 618.343 0.556762 898.06 631.947 0.62498 886.32 714.156 0.36246 0 0 0 954.761 647.603 0.589498 927.409 714.169 0.285825 0 0 0 960.553 479.375 0.79399 976.315 487.167 0.787306 945.011 477.314 0.621389 993.865 489.139 0.717128 0
0 111 1131 960.555 502.851 0.830683 960.623 522.471 0.896635 913.654 508.724 0.838921 862.783 547.834 0.699464 835.519 596.745 0.74077 1007.63 538.019 0.840623 1023.18 585.049 0.789798 978.305 626.074 0.65294 898.091 626.074 0.675273 882.377 714.136 0.451246 0 0 0 958.685 639.818 0.66608 942.974 714.15 0.497788 0 0 0 950.878 491.035 0.821906 970.44 493.098 0.796739 943.07 481.35 0.535026 990.033 494.999 0.770332 0
0 111 1132 943.03 510.622 0.631864 946.915 538.014 0.850585 899.981 522.463 0.802845 851.135 555.58 0.742681 833.481 602.555 0.735571 993.893 551.692 0.759009 1011.6 598.685 0.756297 976.329 637.848 0.642453 882.398 641.745 0.609334 870.675 714.163 0.378517 0 0 0 941.061 661.309 0.572189 927.35 714.176 0.246178 0 0 0 937.169 498.949 0.570967 952.829 506.681 0.574165 929.295 493.052 0.342634 976.216 506.729 0.575276 0
0 111 1133 941.112 514.542 0.570162 944.936 541.968 0.81451 898.025 528.3 0.760351 851.095 563.47 0.638951 823.765 606.547 0.599141 991.863 555.657 0.793845 1009.5 604.607 0.768702 976.335 647.55 0.659242 884.319 635.919 0.586809 868.69 714.146 0.361235 0 0 0 944.99 657.402 0.594198 931.278 714.161 0.351625 0 0 0 933.311 504.759 0.575738 950.887 508.626 0.57167 923.489 500.865 0.423723 972.389 508.761 0.578473 0
0 111 1137 0 0 0 917.675 600.65 0.432969 966.504 618.283 0.386954 946.916 694.502 0.106059 0 0 0 872.595 586.958 0.304978 806.165 633.897 0.308644 806.034 649.577 0.0984013 913.701 714.173 0.0780824 0 0 0 0 0 0 849.13 714.159 0.159774 0 0 0 0 0 0 0 0 0 0 0 0 931.271 545.899 0.0971788 898.019 551.661 0.198344 0
0 111 1138 882.348 571.398 0.543682 894.129 602.689 0.705672 845.234 596.772 0.63117 806.081 643.678 0.545701 800.205 667.198 0.491598 943.047 614.35 0.659602 956.712 669.164 0.365352 929.302 714.179 0.182398 845.201 714.149 0.375386 0 0 0 0 0 0 901.953 714.173 0.257533 0 0 0 0 0 0 874.587 563.454 0.452513 894.104 567.332 0.52411 860.874 557.655 0.192098 913.632 567.362 0.551255 0
0 111 1140 866.771 602.645 0.604724 876.541 631.97 0.745559 825.632 626.074 0.628124 788.417 680.814 0.58813 782.634 698.485 0.182947 927.352 635.942 0.660449 950.881 694.485 0.618057 917.623 714.172 0.205327 835.436 714.186 0.175766 0 0 0 0 0 0 897.993 714.195 0.125802 0 0 0 0 0 0 855.062 588.935 0.531446 882.313 592.851 0.600796 841.317 586.974 0.253822 900.031 592.804 0.603437 0
