0 111 5 80.1975 97.8183 0.828781 70.3591 119.379 0.916153 45.0165 125.186 0.79842 23.5528 164.45 0.838069 23.4889 207.416 0.743084 95.8789 117.387 0.8813 103.734 156.535 0.716529 121.283 185.9 0.713443 68.4827 211.302 0.803467 78.2599 269.989 0.769228 86.0016 318.862 0.826165 101.697 209.287 0.851402 117.412 264.16 0.832794 99.7037 303.216 0.568751 70.5285 90.0174 0.821491 84.0523 88.0763 0.849528 58.7284 91.9664 0.726872 84.195 86.0578 0.18659 0
0 111 6 84.1131 97.811 0.874531 70.5325 121.298 0.87118 50.8196 127.155 0.799565 25.497 168.247 0.783883 27.4218 209.41 0.744617 99.7878 117.489 0.906405 109.53 160.382 0.62967 125.248 187.832 0.644833 70.4479 213.233 0.810385 82.1415 271.935 0.795083 85.9983 316.973 0.728472 103.717 209.38 0.83335 123.256 268.01 0.798397 103.716 313.016 0.68779 76.3119 89.9804 0.788619 86.0516 88.0514 0.850038 66.4459 90.0293 0.747425 86.0725 86.0436 0.0993216 0
0 111 7 86.1738 97.7937 0.858023 78.2334 119.421 0.830978 52.816 127.139 0.831204 35.1747 166.307 0.782704 37.1516 209.363 0.765432 101.796 117.471 0.91715 115.452 160.368 0.688984 131.018 185.847 0.679533 72.4424 213.232 0.768242 84.0473 271.939 0.829017 86.0356 318.966 0.855255 111.528 209.377 0.806647 129.126 266.079 0.800807 123.295 318.98 0.711123 84.0218 88.1034 0.829214 91.9472 88.0345 0.812502 68.4221 88.1004 0.800291 0 0 0 0
0 111 8 93.9177 99.7518 0.842764 84.0968 125.226 0.882673 56.7351 127.183 0.811012 39.1798 168.241 0.828009 39.05 211.232 0.832841 107.595 121.303 0.820802 117.419 164.391 0.668591 130.997 195.698 0.629245 78.2476 217.151 0.727852 84.1859 273.925 0.870053 86.05 320.903 0.800011 115.359 211.35 0.83582 133.005 271.875 0.900638 131.157 322.896 0.724782 86.0986 93.8727 0.831779 99.6771 90.0355 0.839408 72.376 93.9155 0.741366 99.7728 86.1105 0.119131 0
0 111 9 97.8239 99.7407 0.882057 88.0675 127.161 0.849191 68.4172 129.08 0.858838 44.9909 168.296 0.76611 43.0861 211.344 0.760861 115.427 123.286 0.852683 125.235 164.419 0.521921 132.963 201.535 0.498532 84.0464 213.245 0.787817 84.2064 273.862 0.843178 84.1902 322.797 0.77514 117.42 211.274 0.829105 133.155 272.006 0.821773 144.755 330.637 0.608847 88.0869 91.9959 0.812557 99.8491 91.9247 0.857857 80.2327 95.8414 0.72361 101.825 88.0941 0.230235 0
0 111 10 101.81 99.8488 0.86795 97.7584 131.022 0.867917 70.386 131.14 0.888504 50.8041 172.178 0.72278 50.7895 213.24 0.74023 119.355 129.095 0.849559 131.042 172.139 0.382384 133.033 205.428 0.328391 84.1504 222.984 0.795511 86.0134 285.593 0.79776 84.0803 334.603 0.623697 121.305 215.231 0.760665 144.729 283.719 0.747294 150.655 348.221 0.481325 97.8219 95.903 0.816761 107.581 93.9468 0.799912 84.0877 99.6752 0.825286 105.653 89.9762 0.0975522 0
0 111 11 109.524 101.765 0.804658 99.8065 131.034 0.926379 74.3425 131.114 0.840231 54.7815 174.136 0.72535 52.8573 211.387 0.721577 125.18 130.993 0.841584 129.073 176.05 0.548584 111.539 158.468 0.271287 88.0207 213.28 0.779143 89.9726 273.88 0.806597 84.2128 332.559 0.822942 123.254 211.282 0.79 138.935 272.009 0.789644 148.776 334.564 0.614549 101.739 99.7033 0.843202 113.495 97.8578 0.813726 86.1689 99.7348 0.818771 115.406 93.9411 0.0913157 0
0 111 12 115.369 105.69 0.821238 101.847 132.996 0.88353 84.0755 133.096 0.863723 60.6617 178.112 0.706521 56.7485 221.052 0.65224 129.145 131.148 0.848025 132.996 176.057 0.321841 140.888 205.381 0.200993 99.6839 219.099 0.737584 93.9118 279.782 0.725598 86.1015 334.493 0.80459 131.104 213.287 0.789727 144.783 273.977 0.736882 148.778 334.563 0.496073 105.671 101.687 0.849235 117.337 99.8309 0.892644 91.9436 101.675 0.800495 0 0 0 0
0 111 13 125.218 109.53 0.670972 115.38 132.981 0.836606 86.0297 133.125 0.861318 68.4916 181.927 0.849021 68.5003 225.013 0.81036 142.788 131.071 0.707527 0 0 0 0 0 0 101.767 225.062 0.772961 103.7 283.677 0.749617 91.9253 344.368 0.74949 135.002 224.935 0.718103 150.632 279.769 0.369205 160.434 332.607 0.092496 117.356 101.79 0.77448 129.098 101.673 0.708696 101.674 103.738 0.702944 0 0 0 0
0 111 14 132.998 111.512 0.662914 117.347 133.133 0.687449 89.9886 138.934 0.702983 70.5156 185.853 0.734914 70.5403 228.883 0.636805 146.674 131.106 0.5231 0 0 0 0 0 0 115.349 226.936 0.592824 117.433 271.883 0.476371 93.9407 334.512 0.532962 142.827 224.951 0.481985 134.982 260.227 0.148015 0 0 0 127.158 103.718 0.650661 133.064 101.706 0.48223 105.619 111.511 0.633473 0 0 0 0
0 111 15 133.07 95.899 0.606549 129.06 131.118 0.624415 99.7019 133.104 0.761544 78.2585 179.937 0.673871 80.2294 224.932 0.61188 156.491 127.185 0.473288 0 0 0 0 0 0 117.432 226.952 0.632105 127.203 275.91 0.471068 101.68 326.746 0.535573 148.722 224.959 0.52025 148.701 275.868 0.213563 162.394 322.867 0.0529045 127.158 88.0681 0.606021 136.935 86.1506 0.34733 111.542 99.7197 0.610298 0 0 0 0
0 111 16 134.987 101.756 0.406803 130.992 134.967 0.469571 101.833 136.97 0.643932 84.1333 181.935 0.618017 84.103 225.003 0.552612 152.604 133.029 0.339581 0 0 0 0 0 0 117.429 224.966 0.539054 136.993 260.246 0.332588 113.483 320.865 0.30108 146.773 223.019 0.334202 144.753 268.025 0.140295 117.353 320.957 0.112205 131.118 97.8595 0.480719 142.828 97.8142 0.222775 117.331 101.816 0.52993 0 0 0 0
0 111 17 133.012 101.761 0.159922 115.365 135.07 0.488414 99.8341 135.072 0.635301 86.0967 181.985 0.597337 86.1748 224.925 0.478375 125.199 135.045 0.327003 0 0 0 0 0 0 117.431 224.948 0.509707 138.895 283.677 0.151511 117.488 328.7 0.0772158 134.988 221.106 0.357182 136.964 273.91 0.113709 127.138 334.53 0.0553763 131.076 99.7231 0.195631 0 0 0 121.275 103.723 0.301912 0 0 0 0
0 111 18 138.894 103.753 0.204536 117.393 142.784 0.536894 103.659 140.89 0.708041 88.0966 187.815 0.640404 90.0276 224.977 0.594777 131.137 142.813 0.414386 0 0 0 0 0 0 117.404 234.778 0.484626 133.005 293.491 0.0922868 0 0 0 142.798 228.944 0.36347 0 0 0 0 0 0 133.131 99.8454 0.278795 0 0 0 125.193 107.585 0.446498 0 0 0 0
0 111 19 133.041 115.392 0.14081 123.269 142.814 0.444854 113.43 142.827 0.61491 95.8564 180.028 0.612266 93.9166 221.099 0.547059 135.019 140.89 0.324611 0 0 0 0 0 0 121.328 219.119 0.433871 144.801 258.227 0.113751 0 0 0 144.735 215.196 0.293126 0 0 0 0 0 0 131.103 109.583 0.161855 0 0 0 125.242 115.457 0.288331 0 0 0 0
0 111 20 133.011 101.84 0.127472 134.987 135.014 0.186895 115.364 138.888 0.509902 99.7695 189.757 0.472505 99.7613 224.967 0.41491 146.751 133.08 0.0904527 0 0 0 0 0 0 131.032 226.932 0.280245 0 0 0 0 0 0 160.455 224.953 0.160056 0 0 0 0 0 0 131.14 99.8697 0.136079 133.098 101.792 0.0692893 129.136 111.507 0.120996 0 0 0 0
0 111 41 242.525 148.623 0.631244 242.62 178.082 0.501356 225.015 181.926 0.370399 221.102 217.157 0.0735782 0 0 0 260.233 177.945 0.558607 275.865 217.17 0.206463 285.614 242.563 0.078656 244.61 256.264 0.354276 0 0 0 0 0 0 273.896 246.539 0.41526 0 0 0 0 0 0 238.643 144.793 0.579639 244.53 144.714 0.630525 226.901 146.667 0.301992 254.37 142.799 0.35387 0
0 111 44 256.324 154.569 0.615128 254.293 180.084 0.456135 227.045 181.949 0.295327 0 0 0 0 0 0 273.889 181.92 0.564662 287.569 227.007 0.270171 285.677 258.298 0.0523728 244.585 269.966 0.234468 0 0 0 0 0 0 279.774 268.014 0.271184 0 0 0 0 0 0 252.36 148.683 0.637215 258.29 148.681 0.662389 240.551 148.736 0.364183 264.161 148.736 0.108531 0
0 111 45 258.351 158.454 0.861765 256.216 189.794 0.745235 226.982 191.75 0.638534 221.081 244.597 0.119514 0 0 0 277.843 187.817 0.693613 295.411 236.748 0.340931 0 0 0 240.719 285.624 0.4067 0 0 0 0 0 0 279.804 279.795 0.385804 0 0 0 0 0 0 254.303 148.75 0.894064 266.095 148.673 0.906698 240.538 150.649 0.706535 0 0 0 0
0 111 46 264.142 158.491 0.806958 256.336 185.891 0.739182 227.012 191.694 0.633108 223.058 244.542 0.113908 0 0 0 287.543 183.886 0.726575 297.383 232.845 0.318099 0 0 0 242.578 279.816 0.393922 0 0 0 0 0 0 285.653 275.901 0.370025 0 0 0 0 0 0 256.324 148.75 0.910328 271.871 148.674 0.935772 240.717 148.759 0.753272 273.858 146.73 0.131559 0
0 111 47 271.858 160.443 0.900315 258.222 183.959 0.811371 227.05 189.778 0.699355 224.947 242.673 0.229836 252.366 268.039 0.0580737 287.69 181.94 0.82494 305.191 236.735 0.431453 361.982 309.111 0.202652 244.572 277.827 0.432737 0 0 0 0 0 0 289.537 273.907 0.414188 0 0 0 0 0 0 258.366 148.803 0.918497 273.905 148.723 0.970959 242.696 148.792 0.819236 0 0 0 0
0 111 48 271.929 160.393 0.833536 264.096 187.822 0.652076 238.726 193.669 0.647635 236.745 244.539 0.196509 0 0 0 289.593 181.949 0.698986 305.236 228.939 0.316521 367.788 316.972 0.33508 256.269 273.971 0.369836 0 0 0 0 0 0 293.459 270.01 0.313492 0 0 0 0 0 0 262.155 148.795 0.839378 273.928 148.742 0.863481 250.402 150.623 0.623135 0 0 0 0
0 111 49 272.043 160.394 0.879211 264.109 183.912 0.733528 238.702 187.854 0.702216 232.815 242.573 0.173499 0 0 0 289.635 180.093 0.75742 305.194 227.006 0.324546 0 0 0 256.245 273.941 0.415899 0 0 0 0 0 0 293.467 271.94 0.371642 0 0 0 0 0 0 266.066 148.813 0.854741 275.877 148.764 0.871701 254.276 148.798 0.747026 0 0 0 0
0 111 50 272.041 160.449 0.587523 271.87 185.86 0.543725 242.599 193.667 0.55384 244.567 240.686 0.147168 0 0 0 297.405 180.105 0.565087 307.149 226.976 0.272876 0 0 0 258.274 270.01 0.293939 0 0 0 0 0 0 301.257 260.246 0.241753 0 0 0 0 0 0 267.993 152.589 0.560356 275.853 150.688 0.566266 256.213 152.623 0.481944 285.661 148.783 0.163881 0
0 111 51 274.013 158.505 0.670558 272.041 185.871 0.694208 244.567 193.73 0.682463 256.27 246.544 0.357962 0 0 0 301.313 180.052 0.695671 311.09 226.995 0.321192 0 0 0 268.062 271.935 0.309806 0 0 0 0 0 0 305.226 258.297 0.25274 0 0 0 0 0 0 271.867 150.615 0.697862 283.647 148.751 0.68153 256.347 150.648 0.605914 287.674 148.661 0.227214 0
0 111 52 275.911 162.331 0.858114 273.924 189.795 0.837335 242.71 195.645 0.81959 258.198 256.27 0.585737 277.819 209.374 0.267871 305.169 180.096 0.867946 320.869 236.72 0.521228 0 0 0 272.014 275.883 0.431428 0 0 0 0 0 0 318.81 268.044 0.3737 0 0 0 0 0 0 271.908 152.592 0.842499 285.611 150.69 0.856021 256.394 150.704 0.803762 289.572 148.715 0.426334 0
0 111 53 287.505 164.368 0.776101 283.724 195.606 0.733612 256.243 201.498 0.667469 256.338 256.336 0.322111 0 0 0 309.142 191.704 0.682328 332.538 240.635 0.418409 363.846 305.216 0.287125 273.984 289.54 0.33319 0 0 0 0 0 0 320.845 281.734 0.313308 350.269 442.169 0.10657 0 0 0 275.933 160.434 0.758618 289.54 160.373 0.77986 266.048 158.478 0.549033 297.39 150.682 0.20217 0
0 111 54 287.563 164.349 0.813072 285.592 193.612 0.781972 256.29 195.751 0.755095 256.279 248.506 0.427542 285.689 223.005 0.233344 309.126 182.017 0.727359 330.686 228.939 0.420509 356.059 291.545 0.0772082 283.705 273.877 0.396347 295.462 324.775 0.0501092 0 0 0 320.949 258.309 0.405744 346.26 273.892 0.11124 367.811 313.008 0.186309 277.825 160.401 0.777 289.609 158.503 0.781269 268.006 158.456 0.621001 301.233 150.68 0.221293 0
0 111 55 289.588 170.256 0.421587 287.676 195.718 0.60381 258.311 205.401 0.543821 258.327 252.366 0.192784 0 0 0 318.871 193.66 0.633327 334.56 240.668 0.266459 369.77 309.174 0.18131 289.541 281.756 0.268359 0 0 0 0 0 0 332.594 271.945 0.281256 350.267 289.567 0.0568512 369.807 313.04 0.0719289 285.579 164.324 0.455715 293.49 162.47 0.461027 270.045 164.307 0.369985 303.249 162.469 0.206607 0
0 111 56 297.352 176.05 0.464702 289.579 195.748 0.756718 260.272 205.434 0.607002 262.204 254.316 0.287188 0 0 0 318.988 193.682 0.787063 336.513 238.684 0.525348 352.273 264.167 0.355253 289.55 279.785 0.348523 0 0 0 0 0 0 332.585 271.922 0.361911 352.229 293.505 0.106974 381.526 318.889 0.156351 289.495 166.299 0.490377 301.268 164.399 0.502772 273.894 166.305 0.426281 303.284 164.325 0.171942 0
0 111 57 295.442 177.981 0.817228 289.484 199.552 0.862982 258.204 209.299 0.843367 254.35 258.291 0.460679 271.964 287.608 0.0736686 320.8 193.776 0.887213 338.536 240.609 0.749979 356.116 271.939 0.689111 287.637 291.515 0.449274 297.405 344.355 0.0572193 0 0 0 332.6 283.683 0.468845 350.194 348.263 0.105243 0 0 0 287.655 168.252 0.792279 301.336 166.315 0.824748 272.026 166.298 0.732036 305.13 162.448 0.216488 0
0 111 58 297.413 178.043 0.825831 289.642 209.255 0.868062 258.252 211.359 0.828006 254.329 266.067 0.350511 270.012 303.255 0.0682462 320.978 199.555 0.801886 346.298 244.574 0.73945 365.805 279.767 0.729505 291.576 303.262 0.448011 313.038 365.841 0.0999892 0 0 0 336.511 291.511 0.531828 352.157 367.819 0.210051 354.152 444.102 0.0686222 289.538 168.309 0.806599 303.237 168.266 0.817111 273.976 168.258 0.69807 307.158 164.31 0.335656 0
0 111 59 305.14 182.018 0.83978 289.665 213.238 0.892671 256.296 223.076 0.837798 248.496 281.766 0.325227 271.934 318.896 0.0541533 328.668 209.287 0.797915 348.278 252.352 0.703628 365.888 279.787 0.756981 293.495 322.841 0.414928 348.222 444.141 0.0977282 0 0 0 344.312 307.185 0.486203 412.746 340.466 0.262779 0 0 0 291.595 178.019 0.875677 307.187 176.065 0.868278 274.021 178.056 0.836978 314.954 166.318 0.14978 0
0 111 60 305.267 183.9 0.824943 295.435 213.278 0.846665 258.238 224.967 0.846485 252.399 283.7 0.336821 273.935 313.054 0.0525405 334.492 207.402 0.852627 350.25 254.314 0.744554 367.763 281.726 0.758756 295.427 328.696 0.393777 313.044 422.593 0.119212 0 0 0 346.289 316.965 0.463963 354.094 446.087 0.24293 352.215 539.996 0.0736105 295.42 178.054 0.853338 311.078 176.093 0.836947 277.792 178.104 0.790186 316.936 166.32 0.132405 0
0 111 61 307.224 183.923 0.798395 301.242 219.116 0.80462 260.287 227.01 0.743421 244.619 281.715 0.269449 0 0 0 334.561 209.315 0.858604 352.172 254.351 0.776637 367.857 285.653 0.790708 297.385 328.666 0.393873 313.026 412.805 0.115677 0 0 0 344.374 315.013 0.467165 352.125 397.166 0.154676 356.07 532.161 0.0605759 299.341 178.096 0.849917 315.002 177.945 0.842011 283.642 179.987 0.725564 316.94 168.267 0.101964 0
0 111 62 314.972 187.855 0.78804 301.253 213.232 0.848065 262.226 223.022 0.741346 256.302 273.976 0.368484 275.863 307.187 0.0642976 334.538 209.26 0.861302 352.183 252.386 0.764631 367.902 283.718 0.779057 289.633 318.91 0.368063 316.943 418.688 0.0892883 0 0 0 338.469 307.197 0.42874 352.235 446.087 0.1665 0 0 0 303.285 179.985 0.865444 318.859 178.096 0.900019 287.53 180.016 0.760139 322.815 174.142 0.0836313 0
0 111 63 318.801 189.783 0.819999 303.183 215.257 0.831033 268.073 223.048 0.736223 256.292 273.893 0.36064 275.859 305.199 0.0636576 334.6 211.295 0.829406 354.181 256.258 0.736862 367.922 279.797 0.733127 289.587 320.856 0.379198 307.165 420.655 0.115615 0 0 0 338.503 315.016 0.440166 352.212 449.979 0.297342 350.231 549.768 0.0533707 305.263 180 0.860447 320.775 179.923 0.886762 289.498 179.982 0.780873 0 0 0 0
0 111 64 318.839 191.71 0.853452 305.152 215.213 0.898584 271.872 224.927 0.820651 256.308 273.91 0.323235 275.868 309.138 0.0653155 336.627 211.238 0.864995 358.048 256.325 0.806463 373.725 287.6 0.815878 301.267 320.927 0.498967 305.216 403.028 0.191869 301.286 489.126 0.0766532 348.191 318.848 0.586685 352.141 401.096 0.309446 352.166 524.359 0.197111 307.155 180.065 0.847832 320.867 179.986 0.914991 289.647 180.042 0.844477 326.704 178.078 0.191752 0
0 111 65 318.875 193.595 0.873764 307.162 213.29 0.876554 275.841 215.248 0.769698 260.191 264.125 0.31294 0 0 0 338.517 211.358 0.834383 359.997 256.333 0.805253 377.598 287.657 0.828243 301.32 313.058 0.458408 307.191 395.205 0.144041 299.345 485.193 0.0518294 344.319 309.135 0.542365 352.126 387.397 0.261196 360.019 463.703 0.0527667 309.107 181.925 0.820153 320.959 181.924 0.87333 295.429 179.953 0.797271 330.669 178.14 0.361804 0
0 111 66 324.75 191.69 0.726982 311.099 215.214 0.803961 275.936 222.973 0.737907 262.174 271.889 0.328322 281.731 305.25 0.066596 346.279 211.303 0.804365 363.838 256.34 0.764968 379.529 287.622 0.818453 303.26 322.865 0.465146 307.196 416.74 0.182541 297.393 536.1 0.0551494 350.159 320.826 0.562916 354.157 428.487 0.299585 352.18 536.103 0.205253 318.88 180.069 0.73407 330.679 180.037 0.725356 303.176 178.104 0.735851 332.582 177.993 0.0801674 0
0 111 67 332.628 182.003 0.749523 316.996 213.335 0.850738 283.727 221.102 0.744621 268.039 268.013 0.363836 281.731 301.307 0.0705963 350.204 211.275 0.880855 365.84 256.346 0.827044 381.576 289.506 0.893177 305.21 311.083 0.472241 313.033 367.807 0.112006 0 0 0 350.273 305.218 0.575276 358.015 365.863 0.265951 363.867 432.392 0.153114 320.92 178.023 0.760038 334.572 178.023 0.689103 305.162 179.943 0.812598 0 0 0 0
0 111 68 334.532 191.668 0.82865 318.942 217.149 0.878556 287.548 223.012 0.804136 269.991 271.904 0.361158 283.706 307.187 0.0701904 352.134 211.358 0.884177 367.783 258.226 0.832552 383.498 289.665 0.863728 307.152 320.921 0.487346 311.076 393.246 0.135992 0 0 0 352.199 318.864 0.594806 363.922 391.3 0.321183 365.79 457.81 0.130945 322.854 180.032 0.815295 336.493 180.007 0.851053 305.258 180.046 0.829521 338.495 179.936 0.0692293 0
0 111 69 334.527 193.632 0.781568 320.889 219.155 0.83199 289.542 224.946 0.763641 273.896 268.062 0.225338 0 0 0 352.242 213.248 0.813871 367.871 256.339 0.789367 383.562 289.62 0.844237 314.959 316.937 0.435319 324.77 367.865 0.14208 322.817 424.583 0.0765376 354.115 309.151 0.567271 365.796 371.738 0.38425 367.871 436.313 0.218689 324.755 181.983 0.731752 336.574 182.014 0.741034 307.236 180.094 0.72594 342.386 181.997 0.124488 0
0 111 70 334.612 185.895 0.622166 328.681 219.131 0.684637 303.23 223.034 0.577554 356.09 258.214 0.0560029 387.374 291.546 0.0827161 352.208 213.313 0.703058 369.8 256.378 0.69013 387.408 291.597 0.700671 320.81 318.869 0.403239 334.554 379.523 0.141861 326.766 432.381 0.0734282 356.07 314.988 0.512166 365.901 381.479 0.441563 373.699 444.149 0.251566 326.756 179.988 0.648639 338.463 179.975 0.645133 314.978 181.943 0.635975 346.284 181.966 0.141825 0
0 111 71 340.442 193.639 0.814985 326.739 223.029 0.817251 297.358 224.99 0.774734 275.909 266.063 0.272763 0 0 0 356.106 219.138 0.766665 375.656 260.215 0.77246 395.162 299.378 0.842419 318.837 311.094 0.510033 322.825 363.901 0.15764 324.778 412.792 0.120685 354.185 307.163 0.619648 367.782 363.919 0.555321 377.583 416.763 0.408651 334.544 182.028 0.787208 346.336 185.842 0.733355 316.964 182.002 0.751699 0 0 0 0
0 111 72 340.459 195.684 0.818625 332.573 225.057 0.869916 299.36 226.897 0.812613 277.84 270 0.182168 0 0 0 363.915 224.977 0.827727 379.557 268.018 0.782861 397.141 303.208 0.898309 315.023 322.82 0.514013 318.878 385.429 0.167909 309.119 446.063 0.0607647 356.12 320.862 0.605263 367.777 385.411 0.367649 373.673 444.119 0.194962 334.583 191.697 0.824032 348.291 191.76 0.853505 318.9 189.817 0.796074 350.256 193.598 0.144662 0
0 111 73 348.296 203.458 0.807639 334.643 226.901 0.905372 303.324 227.005 0.815691 283.693 270.012 0.117542 0 0 0 365.937 224.975 0.872706 381.572 268.07 0.818073 399.059 303.31 0.91031 320.803 320.877 0.530118 320.891 381.482 0.174165 322.83 426.537 0.0840348 363.928 318.933 0.626274 367.9 381.523 0.393149 375.663 434.337 0.220743 338.467 193.779 0.861614 352.161 195.567 0.894122 320.948 193.617 0.840577 358.013 193.638 0.111948 0
0 111 74 348.269 203.44 0.764477 338.517 225.052 0.904542 313.046 225.006 0.822165 283.686 232.848 0.566223 252.38 228.935 0.400189 367.863 226.884 0.848069 383.532 271.873 0.84651 399.233 305.257 0.881887 330.63 309.155 0.530173 326.744 365.836 0.18469 326.758 416.716 0.120218 365.886 309.154 0.67029 369.802 367.852 0.537948 379.586 428.487 0.391924 340.41 195.604 0.793294 352.127 195.622 0.813572 328.679 193.685 0.792527 356.086 193.676 0.265312 0
0 111 75 352.103 207.323 0.80491 346.279 227.012 0.860102 316.945 226.929 0.805577 279.808 236.76 0.271988 254.315 230.86 0.193376 375.637 227.059 0.815515 389.313 273.875 0.837544 405.032 309.127 0.838045 332.591 315.027 0.530822 324.775 367.821 0.173128 328.699 414.755 0.118336 367.871 316.899 0.675341 371.756 365.895 0.599376 381.525 426.511 0.56829 346.307 195.728 0.771138 356.068 197.601 0.758468 332.641 195.616 0.838791 365.769 195.773 0.290119 0
0 111 76 354.132 207.406 0.881132 348.282 230.895 0.847774 316.894 228.933 0.778633 273.88 238.684 0.272012 254.358 228.957 0.231514 381.48 232.847 0.834059 393.278 274.013 0.822218 410.866 314.983 0.864963 326.768 326.721 0.543414 326.749 385.453 0.255697 330.634 438.262 0.100497 367.904 324.759 0.643657 377.564 383.451 0.403701 383.515 432.396 0.375087 350.17 197.589 0.846868 363.861 197.657 0.84577 334.599 195.697 0.85521 367.756 197.689 0.299431 0
0 111 77 358.014 209.25 0.721524 352.093 236.707 0.855357 318.969 234.768 0.763552 271.988 240.631 0.147834 260.221 240.677 0.0877403 383.41 238.636 0.848552 397.078 277.822 0.830926 412.796 318.94 0.942893 330.647 322.83 0.533939 320.912 379.544 0.195388 334.53 428.472 0.118412 369.77 322.817 0.633629 379.579 379.527 0.468183 383.566 432.409 0.517938 352.115 197.622 0.745453 365.847 199.566 0.743075 336.534 197.666 0.771297 369.813 203.459 0.48527 0
0 111 78 365.768 207.386 0.730112 359.975 240.548 0.837306 334.516 240.617 0.793812 318.928 275.859 0.0800007 0 0 0 383.532 238.677 0.815523 399.072 281.709 0.839768 414.753 318.969 0.952683 348.196 322.875 0.547921 358.066 381.551 0.338498 365.91 432.411 0.205205 379.581 322.812 0.698067 383.46 381.538 0.638608 389.333 442.191 0.469442 354.152 197.601 0.740623 367.835 197.596 0.731397 340.431 203.448 0.706023 377.626 199.578 0.301899 0
0 111 79 367.798 207.326 0.777335 365.786 240.677 0.888282 336.559 240.698 0.796865 320.891 279.775 0.0733987 0 0 0 389.363 240.66 0.814853 399.226 283.675 0.823146 414.862 320.857 0.934657 348.234 330.671 0.559603 348.256 387.405 0.270066 344.357 444.141 0.137833 381.523 332.555 0.703313 383.524 395.209 0.609042 389.359 459.801 0.453189 361.943 197.6 0.76223 371.772 197.587 0.758184 348.275 205.417 0.783209 381.529 203.507 0.45384 0
0 111 80 367.914 209.277 0.671595 367.788 242.62 0.870531 338.538 240.675 0.760621 311.103 256.324 0.0698599 0 0 0 397.124 246.5 0.808236 410.861 291.552 0.817011 422.612 330.64 0.847778 340.474 334.595 0.506843 324.771 395.232 0.145877 0 0 0 381.58 340.451 0.680343 383.569 403.068 0.522237 391.303 450.018 0.240193 365.835 199.561 0.702128 379.528 205.39 0.632701 352.163 209.297 0.702739 385.44 211.327 0.635021 0
0 111 81 371.75 213.255 0.650135 367.835 244.562 0.867098 338.494 242.521 0.775136 295.436 244.549 0.155644 279.78 252.367 0.0560279 397.248 252.368 0.82369 412.804 295.421 0.808635 424.578 332.613 0.860596 336.559 336.587 0.530895 320.844 401.09 0.148295 0 0 0 381.528 348.219 0.697798 387.41 424.557 0.583254 389.329 504.798 0.441995 367.788 207.425 0.715275 381.508 209.396 0.700361 354.106 211.248 0.716575 389.328 215.206 0.632488 0
0 111 82 375.633 225.029 0.786673 367.821 250.441 0.828918 336.535 246.494 0.733179 0 0 0 0 0 0 399.084 254.351 0.851432 412.875 295.455 0.803413 426.508 334.469 0.894638 336.462 346.311 0.544897 322.832 412.839 0.175075 305.221 481.302 0.0673986 381.561 350.27 0.706375 389.359 430.408 0.618821 389.321 512.591 0.423644 367.824 215.23 0.792704 381.6 219.158 0.787071 354.122 213.322 0.778457 391.328 221.09 0.611978 0
0 111 83 379.519 226.876 0.808734 367.869 254.305 0.856128 336.566 248.514 0.731588 0 0 0 0 0 0 399.156 256.31 0.870728 414.801 301.241 0.821126 428.406 334.518 0.910562 336.482 348.286 0.592918 328.672 412.864 0.225422 309.121 479.362 0.0933812 381.583 352.169 0.715282 391.282 428.416 0.631335 391.277 502.795 0.424718 367.922 217.17 0.778274 383.515 221.08 0.774595 354.169 219.095 0.780535 395.188 223.065 0.489511 0
0 111 84 379.597 224.947 0.780319 373.659 256.209 0.833416 346.326 250.464 0.731913 322.799 273.908 0.0558092 0 0 0 399.229 256.374 0.837188 416.71 301.3 0.811472 428.505 334.55 0.922341 342.423 344.332 0.533548 334.539 406.937 0.201198 348.231 473.465 0.0775853 383.491 350.21 0.727916 389.322 420.655 0.596476 391.295 493.037 0.454601 369.804 213.293 0.770538 383.58 217.152 0.738671 359.961 219.092 0.720813 397.073 223.032 0.604336 0
0 111 85 379.554 225.046 0.789093 375.609 256.263 0.835458 346.319 252.352 0.738493 0 0 0 0 0 0 401.119 258.255 0.819803 416.791 301.314 0.794933 430.354 334.58 0.909496 340.444 348.244 0.543746 332.622 412.815 0.192524 348.23 479.361 0.0643477 383.509 352.201 0.695131 389.375 428.514 0.626426 391.305 506.712 0.452829 369.808 217.15 0.765918 383.567 221.067 0.765453 361.907 221.121 0.746964 397.109 224.982 0.760905 0
0 111 86 377.573 232.836 0.731627 375.66 256.262 0.84812 348.208 246.558 0.748706 303.237 242.57 0.217645 287.613 244.607 0.0685159 401.155 258.34 0.805058 420.652 303.257 0.775572 430.419 336.6 0.898963 340.46 348.252 0.532524 330.668 412.788 0.159708 348.255 479.351 0.0669048 383.508 354.102 0.695531 389.315 428.433 0.622733 391.322 496.966 0.469196 369.763 225.032 0.817642 383.494 226.968 0.782831 361.966 224.96 0.653553 397.12 228.897 0.730679 0
0 111 87 373.704 240.643 0.764252 379.523 256.247 0.897626 350.171 244.544 0.828272 309.119 240.682 0.517433 285.609 240.601 0.222994 403.065 262.222 0.776085 422.582 303.312 0.788767 430.439 336.55 0.912383 350.252 330.678 0.566448 318.942 381.527 0.0723983 0 0 0 383.546 338.54 0.730497 385.4 395.169 0.635548 389.376 446.06 0.457823 367.893 228.972 0.785877 383.403 234.775 0.730841 363.824 226.929 0.557995 397.138 234.745 0.73667 1
0 111 88 379.58 232.866 0.755151 379.559 256.287 0.893484 350.171 248.462 0.782516 307.189 242.607 0.335339 289.557 242.69 0.0915879 406.94 260.255 0.781578 422.585 303.301 0.804555 430.463 336.572 0.924689 348.254 334.534 0.569253 320.846 387.373 0.0887827 0 0 0 383.56 342.414 0.711247 385.41 399.073 0.633289 389.318 450.021 0.345279 371.712 226.908 0.810743 383.582 226.975 0.8037 363.858 227.019 0.80586 397.174 230.845 0.797199 1
0 111 89 381.453 228.927 0.814913 381.411 256.386 0.892574 350.237 254.277 0.778574 307.153 244.617 0.213233 305.221 244.602 0.0509313 408.876 260.242 0.786363 422.629 305.154 0.806094 430.473 338.517 0.842339 348.254 336.585 0.549332 328.71 399.149 0.112946 0 0 0 383.585 350.196 0.700883 385.466 420.659 0.505478 389.333 510.672 0.392311 371.743 224.99 0.83219 385.419 225.014 0.83162 363.827 227.056 0.84407 397.141 228.948 0.752923 1
0 111 90 381.546 250.435 0.606938 379.592 258.21 0.889447 350.228 252.35 0.757245 307.156 242.653 0.24694 305.228 242.668 0.0704112 408.884 266.078 0.765131 420.684 305.174 0.800187 430.476 340.451 0.874876 348.219 336.531 0.516772 322.85 397.164 0.0795145 0 0 0 383.506 350.199 0.694037 385.463 420.659 0.445602 387.39 451.986 0.130608 375.662 240.621 0.57945 387.379 242.592 0.587868 363.839 236.719 0.710957 399.053 240.638 0.621861 1
0 111 91 381.492 242.622 0.614063 381.417 258.363 0.858294 350.284 256.277 0.765983 346.311 260.198 0.107618 0 0 0 406.98 268.04 0.780459 420.666 305.298 0.797509 430.424 342.409 0.876786 344.33 350.211 0.500488 332.57 416.714 0.14848 0 0 0 383.488 359.97 0.683172 387.376 434.323 0.577579 389.333 516.497 0.422462 373.689 232.812 0.622436 385.43 234.79 0.620084 363.837 236.744 0.718379 397.227 238.719 0.698662 1
0 111 92 381.446 238.716 0.727912 381.478 262.178 0.860955 352.16 258.234 0.784786 340.446 258.3 0.0967673 0 0 0 406.99 270.011 0.805511 420.645 309.14 0.802066 430.421 348.264 0.927266 344.375 352.122 0.554637 334.583 414.812 0.189249 348.247 491.07 0.0539829 383.464 360.023 0.711469 385.471 430.452 0.581448 387.433 512.593 0.443898 371.766 228.971 0.730061 383.584 230.854 0.738295 363.881 238.64 0.734251 397.203 238.66 0.760883 1
0 111 93 381.558 256.263 0.713745 381.439 262.157 0.848998 350.288 256.334 0.769109 309.144 248.507 0.150838 0 0 0 408.926 270.034 0.823189 418.665 309.125 0.806626 430.359 348.193 0.903795 340.478 350.178 0.523633 324.803 412.798 0.145614 0 0 0 381.603 358.019 0.706973 385.43 426.533 0.632631 389.32 508.729 0.464953 375.655 244.594 0.653827 385.503 248.446 0.653095 363.893 242.593 0.708408 399.051 242.658 0.673531 1
0 111 94 381.506 256.346 0.495859 381.474 262.173 0.865097 352.164 256.368 0.785641 318.887 256.284 0.133934 0 0 0 408.881 271.881 0.813956 416.787 309.166 0.808388 428.545 346.316 0.906508 346.288 340.453 0.496311 320.893 403.022 0.104736 0 0 0 381.568 352.167 0.721702 383.534 416.731 0.628503 387.428 506.771 0.432811 373.741 244.568 0.442356 385.442 250.444 0.47174 363.891 242.627 0.454842 397.264 244.537 0.581328 1
0 111 95 381.483 260.255 0.603502 381.556 262.219 0.881604 352.224 258.21 0.783136 318.94 258.227 0.223385 0 0 0 410.858 271.894 0.854476 416.76 311.108 0.822213 428.539 348.268 0.944309 350.186 334.559 0.537234 0 0 0 0 0 0 383.465 346.288 0.693067 383.472 403.041 0.628377 389.324 502.811 0.367185 373.696 252.397 0.529676 385.435 256.252 0.5838 363.877 244.573 0.4749 399.093 244.613 0.704887 1
0 111 96 379.582 242.583 0.744275 379.508 269.952 0.832685 348.285 268.012 0.683227 328.691 283.692 0.0800831 0 0 0 406.961 270.025 0.814547 414.847 309.127 0.818971 428.443 344.35 0.906988 336.582 352.176 0.516551 328.706 412.786 0.142183 0 0 0 381.493 358.061 0.658792 383.547 422.625 0.489283 389.324 510.659 0.332298 371.711 236.745 0.760991 383.569 238.64 0.761853 363.865 242.645 0.737166 397.246 242.595 0.79973 1
0 111 97 387.363 266.075 0.755711 379.526 271.859 0.846222 348.248 269.944 0.651698 0 0 0 0 0 0 410.794 271.923 0.852663 414.774 315.012 0.860399 426.468 348.286 0.884101 336.585 352.211 0.514521 324.806 410.876 0.133883 0 0 0 381.472 360.017 0.686815 383.516 420.671 0.595643 387.391 504.756 0.411666 381.549 258.223 0.748408 395.18 256.352 0.776297 365.807 254.327 0.786631 399.16 250.406 0.361427 1
0 111 98 385.442 271.854 0.78584 379.53 271.849 0.847435 348.251 266.101 0.640386 0 0 0 0 0 0 410.819 271.973 0.854904 414.714 314.967 0.863269 424.585 350.125 0.883103 336.551 359.977 0.553554 330.641 420.639 0.193574 348.171 493.066 0.0716458 379.602 365.871 0.740301 383.521 430.417 0.685195 389.362 508.705 0.491057 381.482 260.234 0.712828 395.175 260.194 0.745242 365.792 256.219 0.73515 399.19 254.301 0.371709 1
0 111 99 383.546 266.046 0.552635 381.46 271.898 0.848975 352.102 268.011 0.664796 334.584 271.977 0.0703759 0 0 0 410.824 272.023 0.843089 412.904 311.082 0.845745 424.557 350.117 0.862059 340.406 352.178 0.523977 330.649 412.803 0.148156 344.303 475.439 0.0500809 381.441 361.967 0.71555 383.473 424.581 0.610496 387.425 506.717 0.42328 379.597 248.492 0.544934 391.27 250.435 0.544967 365.848 252.422 0.636795 399.156 252.386 0.593512 1
0 111 100 381.537 271.894 0.684183 379.601 273.837 0.833888 350.205 271.877 0.677128 0 0 0 0 0 0 410.791 274.003 0.810398 412.897 318.814 0.878169 424.53 352.113 0.872096 336.588 354.119 0.530549 328.687 414.784 0.146658 0 0 0 379.561 363.946 0.711684 383.511 430.436 0.636867 389.323 508.701 0.450213 373.705 260.237 0.616031 387.391 262.17 0.607254 365.763 256.309 0.614316 399.135 256.32 0.677364 1
0 111 101 379.589 271.977 0.757671 381.415 273.877 0.835486 350.234 271.916 0.671198 332.582 289.554 0.0536304 0 0 0 408.941 275.868 0.80051 412.82 316.942 0.863709 422.618 352.149 0.856886 338.446 354.143 0.521926 326.746 414.812 0.14611 0 0 0 379.532 365.815 0.736832 383.459 430.443 0.681812 387.414 508.681 0.494895 369.844 262.191 0.713515 385.467 266.096 0.674908 363.936 256.302 0.579264 399.122 258.239 0.663783 1
0 111 102 383.487 272.017 0.818999 381.432 273.915 0.834615 350.238 271.978 0.690435 334.537 295.441 0.0608661 0 0 0 410.794 275.874 0.804901 412.853 316.975 0.861575 422.574 352.225 0.860693 338.523 352.199 0.519997 328.691 410.865 0.12956 0 0 0 379.593 361.986 0.725756 383.44 422.586 0.659417 385.487 500.851 0.489576 377.606 264.161 0.708644 391.322 266.077 0.706999 365.848 258.229 0.702225 399.208 256.368 0.555056 1
0 111 103 383.455 271.897 0.712296 381.47 273.954 0.831582 352.132 271.981 0.69088 336.524 295.426 0.0573447 0 0 0 408.921 277.82 0.785945 412.833 318.822 0.862847 420.652 352.216 0.861537 338.504 354.119 0.514685 328.703 410.854 0.135104 0 0 0 379.541 363.931 0.720457 383.435 422.624 0.621688 387.381 502.831 0.441566 375.679 260.239 0.64808 391.286 262.191 0.635943 365.848 256.383 0.617822 399.193 258.194 0.603027 1
0 111 104 383.532 271.989 0.728001 381.45 273.95 0.818402 350.262 271.961 0.676021 0 0 0 0 0 0 408.939 277.823 0.77607 412.838 318.861 0.843231 418.74 352.27 0.837454 336.55 354.188 0.495913 326.739 414.778 0.128683 0 0 0 377.616 365.869 0.697839 383.475 432.387 0.607579 387.424 510.692 0.46769 379.546 264.123 0.64175 393.257 266.051 0.648624 365.886 258.226 0.663599 399.216 258.186 0.498708 1
0 111 105 381.479 271.913 0.675433 381.483 275.841 0.797794 352.148 272.007 0.670275 0 0 0 0 0 0 408.9 281.72 0.760992 412.821 318.969 0.850832 418.705 354.151 0.831918 336.564 358.054 0.490735 330.639 416.748 0.14569 0 0 0 377.571 367.776 0.687777 383.492 438.249 0.609361 387.402 512.631 0.471816 371.743 260.222 0.662523 387.385 264.146 0.60673 365.873 256.327 0.432711 399.139 258.302 0.580057 1
0 111 106 385.411 270.004 0.718171 381.574 275.849 0.835808 354.144 273.841 0.699902 0 0 0 0 0 0 410.791 279.81 0.780348 412.779 318.942 0.857661 418.665 352.272 0.84488 340.439 354.153 0.510879 330.669 412.844 0.142152 0 0 0 377.626 365.808 0.72164 383.41 428.449 0.634377 387.382 506.757 0.493336 381.443 260.196 0.678989 393.265 260.235 0.677746 367.768 258.216 0.643708 399.215 256.305 0.572082 1
0 111 107 383.556 270.015 0.698349 381.597 274.01 0.836611 356.057 271.984 0.686026 0 0 0 0 0 0 410.807 279.77 0.773667 412.774 318.928 0.847021 416.771 354.12 0.851559 338.518 356.079 0.502407 326.757 414.759 0.15136 0 0 0 375.688 365.864 0.704464 383.428 430.456 0.65899 389.333 508.701 0.514349 379.573 260.202 0.649463 393.226 260.248 0.645807 367.753 258.249 0.584735 399.219 256.308 0.612684 1
0 111 108 385.429 273.858 0.743193 381.571 274.008 0.823201 354.152 271.95 0.671252 0 0 0 0 0 0 410.811 281.738 0.776249 412.793 318.969 0.847388 416.768 356.066 0.852309 338.484 354.125 0.497066 324.761 412.832 0.141047 0 0 0 375.675 365.843 0.709788 383.392 428.489 0.665971 389.344 508.667 0.510884 381.459 268.018 0.654403 393.291 268.021 0.679472 365.935 258.306 0.563029 401.068 256.362 0.560275 1
0 111 109 381.593 260.226 0.654382 381.577 275.877 0.852191 354.189 271.992 0.717762 350.238 273.93 0.0553717 0 0 0 408.887 285.59 0.786651 412.771 320.924 0.826694 416.73 358.035 0.837904 338.472 356.07 0.523239 324.808 414.758 0.178541 318.879 479.394 0.0577245 375.666 365.898 0.709283 383.408 430.414 0.652767 389.384 508.719 0.504907 379.509 254.333 0.644249 389.342 256.261 0.639934 365.928 256.305 0.537456 399.189 256.296 0.715858 1
0 111 110 383.476 268.025 0.573173 381.562 275.884 0.8103 354.153 271.99 0.667895 0 0 0 0 0 0 408.899 285.602 0.778279 412.779 320.941 0.822243 416.721 358.047 0.836652 336.594 356.12 0.517416 324.763 414.769 0.189116 316.969 477.457 0.0666856 375.666 365.94 0.688126 383.413 430.451 0.620056 389.34 508.662 0.466671 379.531 256.354 0.581427 391.289 258.297 0.563417 365.941 256.373 0.531471 399.23 258.243 0.617904 1
0 111 111 379.575 269.98 0.594094 381.602 275.888 0.816094 356.107 272.011 0.652194 0 0 0 0 0 0 408.888 283.728 0.771581 412.764 320.894 0.839828 416.702 358.012 0.866294 340.472 352.24 0.492433 332.603 412.777 0.157208 0 0 0 377.6 365.79 0.703626 381.552 422.599 0.600412 389.345 504.744 0.438082 373.676 258.302 0.595524 385.46 262.171 0.5734 365.932 256.396 0.316127 399.153 260.192 0.645884 1
0 111 112 381.482 273.887 0.678666 381.614 275.872 0.83545 356.094 271.952 0.6936 348.25 274.012 0.0638547 0 0 0 408.946 285.623 0.792064 412.788 320.965 0.831829 416.701 359.969 0.8689 340.451 352.109 0.510792 328.702 408.904 0.163954 318.875 467.632 0.0539367 377.612 361.987 0.691405 381.507 416.723 0.629857 387.398 491.109 0.395425 375.628 266.062 0.597428 385.498 269.971 0.611151 365.915 258.277 0.419879 399.201 262.153 0.639969 1
0 111 113 381.552 272.002 0.655248 383.392 275.885 0.837687 356.099 272.031 0.693249 348.232 275.882 0.0666441 0 0 0 410.821 283.687 0.790386 412.785 320.892 0.84472 414.901 358.048 0.860871 344.341 352.115 0.518544 332.587 406.928 0.186896 350.173 461.705 0.0637228 379.559 361.911 0.69535 381.493 414.749 0.653925 385.482 481.306 0.419859 377.621 262.195 0.591025 387.405 268 0.577983 367.74 258.281 0.495593 399.2 260.251 0.624049 1
0 111 114 375.636 275.867 0.618435 381.586 275.946 0.79406 352.268 272.021 0.61959 0 0 0 0 0 0 410.879 285.63 0.806839 412.789 322.849 0.819413 416.707 363.865 0.849866 338.501 354.152 0.458087 326.741 412.857 0.138138 0 0 0 379.526 365.914 0.675128 383.395 432.388 0.582756 389.348 508.695 0.457717 369.789 270.009 0.628496 383.514 272.018 0.608157 365.903 258.309 0.357908 399.076 269.955 0.651207 1
0 111 115 375.634 275.843 0.583863 381.59 281.72 0.758084 352.264 274.003 0.613152 336.516 303.261 0.0546636 0 0 0 410.874 285.688 0.787664 412.83 322.853 0.804723 416.729 363.874 0.840244 340.457 354.13 0.435273 326.729 412.797 0.13812 0 0 0 381.438 365.868 0.650616 383.435 432.402 0.512663 391.28 510.645 0.395968 369.828 269.96 0.595505 383.523 271.976 0.55354 365.906 260.214 0.395885 399.092 270.02 0.601827 1
0 111 116 0 0 0 383.397 281.716 0.798315 354.142 273.996 0.689688 336.537 303.197 0.0724414 0 0 0 412.73 287.544 0.830873 412.843 324.754 0.810646 416.742 363.92 0.842833 342.406 352.134 0.461264 328.697 408.923 0.133612 0 0 0 381.476 363.903 0.699993 383.415 426.547 0.57458 391.306 506.736 0.430692 0 0 0 0 0 0 367.741 262.164 0.486563 399.152 271.912 0.597834 1
0 111 117 381.512 285.582 0.746456 383.529 285.618 0.785338 361.921 277.807 0.609159 340.448 303.233 0.0517992 0 0 0 412.795 287.632 0.844365 412.884 328.675 0.793812 416.742 365.882 0.857867 348.291 352.201 0.468268 334.568 410.866 0.139685 0 0 0 381.551 365.862 0.702322 383.428 430.479 0.538801 391.322 512.595 0.418244 373.717 273.935 0.695171 387.372 275.885 0.661945 365.957 269.922 0.442758 401.064 271.902 0.633557 1
0 111 118 383.534 285.634 0.616883 387.364 287.548 0.724539 365.885 281.749 0.586025 0 0 0 0 0 0 412.806 289.501 0.801374 412.86 330.639 0.784729 416.759 365.894 0.837905 352.154 363.924 0.445852 344.341 426.521 0.127668 350.13 497.004 0.0832426 381.594 373.675 0.625369 385.412 446.046 0.570878 393.216 514.59 0.427346 381.436 275.871 0.553407 391.329 277.804 0.534545 369.75 271.872 0.383318 401.132 269.993 0.559962 1
0 111 119 383.552 287.681 0.740141 383.426 289.485 0.799192 354.192 287.598 0.624652 344.332 316.918 0.0515766 0 0 0 412.792 289.579 0.816729 412.908 332.547 0.807969 416.761 367.748 0.848421 346.332 363.939 0.477062 324.803 422.616 0.12228 0 0 0 381.561 371.736 0.666564 385.486 444.177 0.579283 393.217 516.505 0.439198 381.435 281.712 0.649849 393.257 283.663 0.640751 367.819 272.026 0.644861 401.135 273.938 0.522119 1
0 111 120 381.551 289.652 0.852814 387.375 289.553 0.809458 365.809 287.533 0.683155 0 0 0 0 0 0 412.864 293.491 0.7859 414.743 334.592 0.796037 416.715 369.769 0.792187 356.063 354.177 0.49102 350.223 410.857 0.128641 0 0 0 383.593 367.775 0.712207 383.562 430.472 0.494152 391.334 510.637 0.364657 377.572 285.662 0.769384 389.33 287.582 0.774586 367.759 273.886 0.418072 401.153 281.753 0.668766 1
0 111 121 381.442 291.577 0.839994 385.492 289.632 0.807051 365.801 285.667 0.673894 0 0 0 0 0 0 412.802 299.341 0.793446 414.715 338.501 0.76867 414.892 377.601 0.750045 356.099 356.093 0.499933 348.24 412.8 0.140584 0 0 0 385.427 367.84 0.716697 387.37 434.374 0.508922 391.272 508.672 0.397575 373.7 287.54 0.8007 387.367 287.686 0.795021 367.756 273.927 0.374906 401.106 285.603 0.734024 1
0 111 122 383.469 299.322 0.861525 387.383 291.525 0.813754 365.847 287.614 0.728679 0 0 0 0 0 0 412.808 301.293 0.82996 412.916 338.507 0.80267 414.849 375.625 0.782702 361.914 358.056 0.526814 352.219 410.883 0.174428 352.113 473.463 0.0831251 385.452 367.775 0.75634 385.423 424.582 0.557833 389.371 502.809 0.369089 379.582 289.599 0.792319 391.301 289.654 0.774896 367.841 279.765 0.500052 401.154 285.676 0.706637 1
0 111 123 0 0 0 385.48 295.459 0.769002 365.773 289.625 0.683922 0 0 0 0 0 0 412.81 303.205 0.840375 414.697 346.28 0.781357 414.814 383.526 0.752646 363.907 367.791 0.547043 363.898 428.498 0.220573 354.159 494.977 0.102965 387.361 375.655 0.704027 389.375 442.179 0.631476 391.32 508.652 0.472129 0 0 0 0 0 0 367.88 283.651 0.553462 401.167 285.671 0.646215 1
0 111 124 0 0 0 387.377 299.377 0.760541 365.848 295.414 0.676131 354.153 330.587 0.0602447 0 0 0 412.821 303.216 0.832613 412.877 346.296 0.766466 414.713 383.558 0.696064 369.795 369.8 0.550031 381.494 440.194 0.286004 381.486 508.72 0.178915 395.176 375.681 0.666619 395.143 444.162 0.592825 393.249 510.634 0.430314 0 0 0 0 0 0 367.937 285.575 0.561832 405.005 287.575 0.63966 1
0 111 125 383.556 299.357 0.824826 389.315 303.235 0.788862 365.931 301.277 0.724471 356.109 332.6 0.0675975 0 0 0 412.82 305.15 0.826123 412.913 344.37 0.767771 412.861 383.434 0.744439 367.856 375.622 0.573224 367.817 436.281 0.268006 365.819 498.916 0.144838 395.152 381.451 0.715409 393.238 444.197 0.684865 391.312 508.739 0.518346 381.529 289.62 0.842545 393.288 291.497 0.756216 369.855 285.593 0.471109 406.96 287.686 0.673796 1
0 111 126 383.565 303.196 0.860394 393.236 305.29 0.796714 367.904 303.324 0.748491 356.11 332.587 0.0641603 0 0 0 412.845 311.091 0.793545 412.857 348.291 0.783269 410.894 383.464 0.773138 365.868 383.448 0.668673 360.02 442.2 0.329719 356.11 502.833 0.197377 389.385 387.411 0.723237 393.207 446.174 0.702418 391.28 508.741 0.551482 381.535 293.457 0.821633 395.15 295.438 0.744261 369.863 287.605 0.309005 408.911 291.504 0.652697 1
0 111 127 387.443 305.197 0.724603 393.254 307.253 0.738182 369.75 307.22 0.691402 359.992 340.434 0.0650463 0 0 0 412.813 311.125 0.785342 412.802 348.259 0.714266 410.896 381.569 0.746912 367.812 385.46 0.643886 361.941 444.079 0.374976 361.918 500.886 0.218724 393.278 391.304 0.70564 393.26 448.023 0.657881 389.372 508.745 0.519573 383.524 301.265 0.708003 397.185 301.332 0.688602 377.551 289.61 0.428314 410.856 295.416 0.51892 1
0 111 128 401.058 307.216 0.676724 395.204 316.979 0.747676 373.669 318.835 0.629977 369.778 350.243 0.0886868 0 0 0 412.849 318.854 0.79293 412.735 356.112 0.489545 406.96 397.157 0.520584 379.592 391.289 0.631183 381.56 444.074 0.359987 381.494 500.892 0.223232 399.121 393.29 0.71039 397.064 446.045 0.590266 393.285 504.796 0.465982 397.158 305.138 0.699109 406.967 303.236 0.659176 381.523 299.384 0.563912 412.809 291.593 0.251306 1
0 111 129 385.489 305.245 0.784903 397.111 318.866 0.810026 377.56 314.998 0.641051 365.873 326.751 0.0810183 0 0 0 412.877 320.881 0.818718 408.893 363.858 0.489454 399.205 399.068 0.521615 377.626 387.405 0.586143 371.724 436.28 0.22428 367.837 494.997 0.12011 399.054 393.28 0.709017 395.239 444.162 0.613158 393.266 506.661 0.493848 383.517 301.287 0.814124 397.162 303.246 0.769029 381.394 289.686 0.220341 412.786 301.335 0.738124 1
0 111 130 395.155 316.91 0.699106 397.116 320.838 0.751391 373.707 318.892 0.56742 354.175 322.825 0.101815 0 0 0 414.715 322.86 0.732299 403.062 356.092 0.151268 397.113 397.146 0.116994 375.663 395.155 0.527088 369.799 432.381 0.162985 369.798 494.998 0.0672981 399.128 397.174 0.663052 397.198 438.252 0.507881 395.23 500.891 0.298225 385.486 305.274 0.738947 399.165 307.203 0.685659 381.431 301.322 0.410572 412.878 305.131 0.622732 1
0 111 131 389.38 318.807 0.695032 397.102 320.862 0.760124 371.777 318.847 0.615635 356.066 320.875 0.126056 0 0 0 414.728 326.742 0.733069 412.88 340.495 0.22395 0 0 0 377.57 383.438 0.570751 375.65 428.444 0.175397 391.294 489.108 0.211612 399.148 385.417 0.67948 399.054 430.37 0.729109 442.133 461.82 0.445163 385.423 307.163 0.69607 399.075 313.026 0.653888 381.478 299.284 0.349768 412.837 307.211 0.602442 1
0 111 132 399.072 320.919 0.644852 397.114 320.891 0.774288 371.784 320.875 0.626867 359.995 324.815 0.128878 0 0 0 414.794 322.865 0.722197 416.818 336.566 0.306029 0 0 0 379.563 385.47 0.638939 383.464 432.385 0.2993 393.232 491.048 0.265339 399.226 387.395 0.70241 399.149 430.519 0.695282 444.087 463.677 0.401785 395.208 318.849 0.587801 403.057 318.815 0.587035 381.549 305.289 0.46205 412.912 307.165 0.417727 1
0 111 133 393.229 320.959 0.602882 397.215 320.893 0.843183 377.6 318.892 0.69607 361.92 322.834 0.191273 0 0 0 414.808 328.68 0.758309 412.84 354.138 0.393101 408.863 387.395 0.280855 379.507 383.483 0.675861 371.763 430.449 0.327663 389.321 489.145 0.251927 399.207 385.486 0.765891 399.113 430.513 0.72958 440.18 461.786 0.360588 387.412 318.844 0.543562 399.15 318.92 0.587903 381.519 303.318 0.26999 412.814 313.071 0.4992 1
0 111 134 387.427 322.88 0.732311 397.214 322.841 0.756979 377.585 318.923 0.644141 358.022 318.917 0.182343 0 0 0 414.84 332.638 0.696228 412.893 348.272 0.189288 399.136 381.47 0.0632734 377.601 383.445 0.639618 367.865 428.501 0.253902 383.518 489.117 0.185415 399.234 387.368 0.714797 399.07 430.488 0.717556 440.18 461.77 0.309131 385.433 318.878 0.710316 397.223 320.884 0.756578 381.527 303.284 0.229441 412.863 318.83 0.654637 1
0 111 135 383.577 324.787 0.717469 397.17 328.713 0.679992 373.739 318.936 0.574739 354.167 315.011 0.161873 0 0 0 414.766 338.48 0.595507 414.833 348.258 0.104037 0 0 0 375.648 381.456 0.534447 365.811 414.833 0.135718 381.546 489.139 0.0736462 399.203 383.537 0.601796 399.056 430.384 0.742548 440.212 461.784 0.273715 383.548 318.848 0.685144 397.094 322.823 0.709548 381.476 303.235 0.147964 412.837 320.879 0.639994 1
0 111 136 387.383 330.652 0.546847 395.25 334.632 0.655736 369.824 322.833 0.533846 0 0 0 0 0 0 412.836 350.181 0.579543 403.049 393.241 0.133035 397.157 410.886 0.0765579 369.845 395.18 0.381176 367.84 424.591 0.063107 0 0 0 399.077 399.169 0.454159 399.09 430.514 0.556987 395.226 493.076 0.265241 385.442 320.805 0.529625 397.244 328.645 0.539406 381.546 305.204 0.276437 412.891 322.844 0.520961 1
0 111 137 395.193 334.528 0.677076 397.111 336.507 0.643768 371.789 330.63 0.491134 363.921 340.441 0.0793259 0 0 0 412.904 348.225 0.576998 408.894 381.502 0.117569 406.961 405.001 0.0645375 371.746 399.12 0.398548 371.755 432.395 0.0744208 383.461 495.015 0.0688641 399.125 404.981 0.475862 399.12 432.421 0.43916 397.143 495.037 0.215485 387.455 322.823 0.591269 399.21 330.639 0.625031 381.564 309.096 0.364493 414.766 322.851 0.49662 1
0 111 138 397.222 336.44 0.762705 389.349 336.602 0.594175 365.82 334.463 0.574138 346.326 352.138 0.068784 0 0 0 412.786 350.177 0.586474 401.091 397.208 0.187226 403.045 420.675 0.122839 365.905 404.979 0.24261 0 0 0 0 0 0 397.158 412.821 0.342969 399.135 432.414 0.20172 395.224 498.92 0.167649 395.207 328.705 0.662124 403.081 332.628 0.657314 381.539 316.943 0.63875 414.861 322.803 0.346517 1
0 111 139 399.153 336.476 0.567382 395.248 336.554 0.592832 369.759 334.6 0.537859 360.002 340.444 0.106799 0 0 0 414.763 342.418 0.510327 412.807 375.659 0.126642 410.806 408.9 0.0545526 369.757 408.939 0.360372 383.474 455.834 0.0730526 369.796 508.645 0.0778978 399.175 412.824 0.463445 401.088 440.233 0.197174 397.172 508.695 0.159021 397.174 328.717 0.501328 406.993 332.595 0.475196 383.492 316.989 0.523163 414.784 320.958 0.217119 1
0 111 140 399.077 336.607 0.617884 397.12 336.487 0.635376 371.791 334.534 0.533858 365.813 336.525 0.124823 0 0 0 414.825 340.411 0.544406 0 0 0 0 0 0 371.775 403.038 0.441246 373.684 446.087 0.102059 367.87 506.7 0.0879738 399.201 408.906 0.550756 399.103 446.062 0.309025 395.223 504.804 0.226329 397.127 332.63 0.547992 404.988 334.568 0.545032 383.503 318.877 0.516229 414.753 328.719 0.29739 1
0 111 141 0 0 0 399.046 334.583 0.743898 379.581 332.576 0.605912 365.914 332.604 0.398655 381.467 320.945 0.414004 414.864 336.597 0.621789 426.485 336.525 0.457229 410.897 326.772 0.272867 379.511 399.194 0.574577 369.78 446.082 0.178801 369.771 498.894 0.106721 401.073 403.062 0.656915 399.105 446.07 0.46017 397.077 504.764 0.301109 0 0 0 0 0 0 387.387 318.843 0.287921 412.789 326.733 0.292955 1
0 111 142 0 0 0 397.179 336.597 0.545282 379.571 334.551 0.421007 365.784 334.514 0.332789 381.524 328.695 0.297473 412.881 348.21 0.457217 0 0 0 0 0 0 381.436 410.849 0.464562 387.381 459.74 0.140937 381.533 504.775 0.105727 399.182 412.825 0.57325 397.182 453.902 0.227244 397.122 510.651 0.194875 0 0 0 0 0 0 387.411 320.833 0.292167 410.884 332.62 0.177352 1
0 111 143 399.076 348.183 0.522645 397.084 354.113 0.589335 379.598 352.189 0.524198 0 0 0 0 0 0 412.753 358.063 0.525267 406.953 395.197 0.211037 410.864 410.828 0.130501 381.524 420.671 0.455239 385.474 475.422 0.174579 383.463 516.527 0.116559 401.087 424.568 0.558527 395.236 475.444 0.19364 399.138 524.354 0.134781 397.15 336.578 0.501307 403.023 340.456 0.458835 383.574 330.622 0.38516 414.697 336.537 0.273096 1
0 111 144 399.07 348.262 0.62607 397.054 354.156 0.70735 373.682 350.268 0.629224 363.889 354.165 0.103694 0 0 0 412.872 363.907 0.691423 406.987 397.246 0.273048 408.901 414.823 0.165119 371.744 424.558 0.454082 375.638 473.475 0.126699 365.844 518.469 0.093991 399.221 428.46 0.603514 397.164 477.446 0.281181 393.264 524.35 0.159711 397.121 336.592 0.602132 403.098 344.303 0.544399 383.563 332.574 0.512197 414.847 340.458 0.400456 1
0 111 145 408.898 350.222 0.671874 395.162 352.252 0.710928 369.782 350.231 0.693837 363.936 358.074 0.10844 0 0 0 412.862 359.988 0.692534 410.881 397.14 0.390848 408.914 412.863 0.300569 369.817 422.59 0.440988 379.572 469.518 0.111713 371.754 510.682 0.098239 401.067 426.508 0.575852 397.175 475.39 0.207696 395.186 512.629 0.158201 401.152 340.47 0.612304 412.876 348.182 0.552505 391.29 332.629 0.649529 414.894 338.493 0.0713642 1
0 111 146 408.878 350.302 0.678076 395.149 363.908 0.623746 375.647 361.94 0.578114 379.567 399.137 0.135974 404.989 414.819 0.114453 410.901 365.912 0.65395 410.858 401.078 0.286018 408.881 412.803 0.253131 379.576 430.476 0.435467 393.24 475.455 0.130695 387.422 514.578 0.121026 401.137 430.492 0.511867 446.067 449.983 0.282619 440.214 516.538 0.0892758 401.065 342.436 0.635488 412.885 348.243 0.676922 385.432 336.539 0.711365 420.639 350.082 0.188495 1
0 111 147 408.945 352.254 0.803366 397.067 365.858 0.744645 377.635 363.939 0.699058 381.562 399.156 0.184384 401.078 422.603 0.118862 412.787 367.761 0.737724 412.743 397.212 0.355821 410.827 412.808 0.278442 381.53 430.408 0.565972 387.383 477.397 0.224945 385.455 516.519 0.125124 403.069 430.397 0.636266 446.167 451.934 0.291867 440.219 516.54 0.08607 403.005 350.118 0.798617 414.718 350.235 0.839746 385.44 340.45 0.781285 424.508 350.25 0.182204 1
0 111 148 424.508 354.162 0.635765 395.22 367.935 0.743033 381.441 367.866 0.69646 381.478 404.982 0.349738 403.062 395.19 0.25855 410.832 369.787 0.677684 412.802 401.16 0.309827 410.871 412.743 0.244092 387.369 436.297 0.579527 393.286 487.152 0.350361 387.397 526.328 0.16798 410.805 432.416 0.611873 448.047 455.849 0.315844 444.108 516.509 0.11215 418.668 350.261 0.639457 422.571 350.241 0.267711 395.212 346.314 0.619684 0 0 0 1
0 111 149 418.672 354.148 0.477783 395.246 369.825 0.67468 381.467 369.786 0.609186 383.451 406.963 0.28824 0 0 0 410.852 371.709 0.624723 412.79 403.073 0.315734 408.881 412.844 0.220528 385.483 438.253 0.539366 395.163 489.083 0.310289 387.409 528.259 0.141888 406.958 436.277 0.556025 446.168 451.975 0.252551 424.541 522.408 0.0674489 414.792 350.262 0.502807 416.72 350.258 0.284404 393.264 348.242 0.520511 399.165 350.27 0.0809718 1
0 111 150 412.789 356.102 0.559541 395.184 371.717 0.679536 379.559 371.75 0.64562 381.52 403.048 0.39134 403.067 393.258 0.320429 410.831 371.735 0.623215 412.848 401.103 0.276443 410.849 410.831 0.231812 385.454 438.245 0.54649 395.187 485.225 0.311946 391.298 528.247 0.159312 408.885 434.326 0.564133 448.016 451.984 0.266647 0 0 0 408.881 352.128 0.566554 414.724 352.157 0.481171 385.445 350.213 0.695255 408.915 352.106 0.0844301 1
0 111 151 412.803 358.037 0.640401 395.156 371.768 0.700238 379.588 375.618 0.714571 383.439 405.003 0.450669 404.979 397.172 0.443756 408.929 371.751 0.628611 414.739 401.08 0.238589 412.92 406.943 0.183059 387.422 440.237 0.595517 395.235 487.159 0.395906 393.242 526.318 0.204379 410.821 432.464 0.598432 446.131 451.993 0.289739 0 0 0 408.873 352.184 0.643784 414.79 352.221 0.532489 385.493 350.283 0.755246 0 0 0 1
0 111 152 410.835 358.021 0.430023 395.171 371.788 0.629829 379.536 375.63 0.62099 381.52 403.033 0.371214 403.081 399.084 0.352597 410.843 371.764 0.53801 414.769 399.162 0.213796 414.784 399.17 0.205909 385.496 438.287 0.535945 395.208 487.147 0.346025 387.41 528.255 0.173277 406.955 434.332 0.541712 446.073 450.039 0.23308 0 0 0 401.131 352.173 0.446538 412.899 352.224 0.420082 385.409 352.106 0.624224 414.796 354.097 0.123902 1
0 111 153 403.023 395.17 0.417368 397.113 444.072 0.328937 361.949 442.186 0.211123 0 0 0 0 0 0 432.392 446.158 0.439861 0 0 0 0 0 0 0 0 0 0 0 0 0 0 0 0 0 0 0 0 0 0 0 0 395.165 377.613 0.361013 412.862 381.466 0.441869 379.585 356.12 0.35917 420.656 365.922 0.261578 0
0 111 154 399.177 385.438 0.342575 397.071 440.217 0.295523 361.975 438.229 0.185946 0 0 0 0 0 0 430.475 446.106 0.396337 0 0 0 0 0 0 0 0 0 0 0 0 0 0 0 0 0 0 0 0 0 0 0 0 393.244 369.822 0.323507 412.763 375.641 0.359021 379.569 358.058 0.323513 420.638 367.792 0.286383 0
0 111 155 399.132 371.704 0.242947 395.195 381.455 0.386841 379.596 381.441 0.340598 381.555 401.131 0.158078 399.221 401.128 0.149911 408.877 381.547 0.279462 412.83 408.921 0.128457 0 0 0 387.392 442.14 0.296084 391.318 481.325 0.154227 387.401 522.362 0.118281 401.109 438.288 0.330643 397.126 479.338 0.147797 391.314 520.434 0.100742 397.116 365.872 0.268158 408.933 365.868 0.236592 383.447 356.135 0.311954 414.753 365.75 0.18058 1
0 111 158 418.673 373.69 0.28217 393.266 428.489 0.16849 363.925 422.607 0.108513 0 0 0 0 0 0 428.4 444.198 0.250131 0 0 0 0 0 0 0 0 0 0 0 0 0 0 0 0 0 0 0 0 0 0 0 0 412.872 365.844 0.314486 418.67 365.87 0.24411 381.56 359.982 0.314694 0 0 0 0
0 111 160 405.025 379.533 0.519528 395.157 444.146 0.477236 350.222 440.201 0.398028 0 0 0 0 0 0 432.453 448.075 0.514766 0 0 0 0 0 0 350.224 559.573 0.0849683 0 0 0 0 0 0 401.081 584.988 0.0821303 0 0 0 0 0 0 397.177 365.898 0.598999 414.745 367.767 0.692284 379.483 365.783 0.615526 422.612 367.89 0.291496 1
0 111 161 401.139 377.628 0.482231 393.275 444.151 0.412951 350.201 438.273 0.344685 0 0 0 0 0 0 432.452 450.006 0.434015 0 0 0 0 0 0 348.246 557.632 0.0684587 0 0 0 0 0 0 397.187 586.942 0.0671552 0 0 0 0 0 0 397.091 365.83 0.530939 412.877 365.935 0.627207 377.582 363.927 0.554603 420.684 369.746 0.320672 1
0 111 162 403.03 381.527 0.448234 393.281 442.131 0.37017 352.142 432.387 0.294728 0 0 0 0 0 0 430.483 448.034 0.445619 0 0 0 0 0 0 0 0 0 0 0 0 0 0 0 387.398 579.133 0.0512035 0 0 0 0 0 0 397.107 367.808 0.457823 412.889 367.873 0.561594 375.681 365.778 0.485174 420.633 367.929 0.277187 1
0 111 163 401.096 381.523 0.346836 393.232 438.231 0.224121 354.107 428.499 0.168643 0 0 0 0 0 0 428.513 446.181 0.34351 0 0 0 0 0 0 0 0 0 0 0 0 0 0 0 0 0 0 0 0 0 0 0 0 395.23 367.801 0.349065 412.841 367.903 0.422766 377.593 363.842 0.38616 416.78 369.75 0.215183 0
0 111 164 399.166 381.529 0.399171 395.178 442.135 0.330766 354.112 430.429 0.257335 0 0 0 0 0 0 430.392 449.982 0.423024 0 0 0 0 0 0 0 0 0 0 0 0 0 0 0 0 0 0 0 0 0 0 0 0 393.256 367.784 0.398891 412.798 367.899 0.484777 375.682 363.867 0.417646 416.807 369.813 0.295263 0
0 111 165 405.009 379.542 0.273424 393.255 432.417 0.146857 356.097 428.451 0.0997268 0 0 0 0 0 0 428.426 448.021 0.252594 0 0 0 0 0 0 0 0 0 0 0 0 0 0 0 0 0 0 0 0 0 0 0 0 397.201 365.874 0.306651 414.707 367.818 0.361542 379.51 363.839 0.36269 414.839 369.823 0.144333 0
0 111 189 0 0 0 352.184 338.478 0.128404 0 0 0 0 0 0 0 0 0 389.345 334.559 0.160666 397.127 383.494 0.198316 410.822 430.374 0.379106 0 0 0 0 0 0 0 0 0 0 0 0 0 0 0 0 0 0 0 0 0 0 0 0 0 0 0 0 0 0 0
0 111 197 0 0 0 379.496 305.2 0.294904 375.669 303.313 0.186071 0 0 0 0 0 0 383.48 305.17 0.335406 385.455 348.267 0.185713 389.346 377.593 0.178294 399.153 346.301 0.160285 391.313 408.919 0.0608277 0 0 0 412.801 346.291 0.284428 397.224 414.784 0.38021 408.893 487.159 0.272081 0 0 0 0 0 0 0 0 0 367.888 291.544 0.118617 1
0 111 198 0 0 0 377.561 305.155 0.202115 0 0 0 0 0 0 0 0 0 381.561 303.228 0.247268 383.484 342.41 0.133217 381.527 365.874 0.095519 404.996 336.55 0.164256 389.338 403.055 0.0591823 0 0 0 410.88 336.571 0.298338 397.173 408.919 0.343395 404.969 487.172 0.227337 0 0 0 0 0 0 0 0 0 0 0 0 1
0 111 200 0 0 0 383.552 295.428 0.53397 393.286 293.483 0.397786 424.57 334.531 0.0916839 0 0 0 379.503 295.441 0.579792 381.587 342.405 0.555611 383.422 387.36 0.589785 410.829 363.948 0.446605 393.275 424.585 0.349618 385.443 473.483 0.255026 399.061 369.756 0.628637 399.07 428.442 0.659934 399.186 483.262 0.512866 0 0 0 0 0 0 0 0 0 367.881 287.551 0.221854 1
0 111 201 0 0 0 389.351 303.201 0.365689 410.82 305.186 0.310382 414.817 342.421 0.125983 0 0 0 0 0 0 0 0 0 0 0 0 399.204 379.575 0.368644 399.138 430.508 0.346317 395.184 493.021 0.209229 385.446 379.56 0.33932 397.14 430.418 0.317883 397.108 493.02 0.197412 0 0 0 0 0 0 0 0 0 0 0 0 1
0 111 202 371.759 315.022 0.303425 395.148 307.22 0.365272 387.397 301.294 0.224589 0 0 0 0 0 0 408.86 315.027 0.360825 397.21 360.013 0.253177 383.5 393.213 0.111967 381.567 379.549 0.282446 367.771 418.753 0.130524 359.985 477.396 0.0925078 397.217 383.527 0.436651 397.257 432.407 0.441462 397.088 496.943 0.334623 367.91 303.311 0.135545 379.508 305.289 0.318384 0 0 0 385.423 303.18 0.341538 1
0 111 203 369.795 316.906 0.33721 391.32 305.206 0.307828 385.454 289.584 0.203776 0 0 0 0 0 0 403.025 318.925 0.313008 399.123 379.554 0.371606 399.169 430.399 0.36542 379.582 375.648 0.158264 0 0 0 0 0 0 397.096 389.348 0.240517 397.214 442.164 0.211968 397.098 506.698 0.289761 367.751 303.341 0.162592 377.564 305.287 0.332024 0 0 0 385.477 303.193 0.329765 1
0 111 204 367.83 313.057 0.341708 393.282 305.279 0.418708 389.315 299.359 0.268493 0 0 0 0 0 0 401.082 315.008 0.515712 399.178 369.795 0.412545 399.125 414.789 0.265246 379.543 381.489 0.346045 363.891 426.551 0.125146 352.199 481.287 0.0937635 397.225 387.394 0.485738 397.234 436.328 0.44233 397.076 500.846 0.387857 365.817 303.247 0.114761 371.725 303.328 0.334006 0 0 0 383.449 297.414 0.388462 1
0 111 205 365.923 307.155 0.388302 391.311 305.221 0.525864 379.586 301.293 0.367836 367.851 336.587 0.0752608 0 0 0 403.025 309.137 0.642078 399.192 365.833 0.492115 397.196 406.934 0.260608 379.515 377.627 0.49867 363.93 428.462 0.265456 360.008 479.34 0.184903 399.11 383.439 0.649966 397.245 434.367 0.602207 395.229 496.961 0.488435 365.785 301.279 0.0908029 369.763 301.319 0.376452 0 0 0 381.518 291.58 0.46042 1
0 111 206 367.791 307.155 0.430031 387.439 303.258 0.592529 377.604 299.325 0.418185 367.895 336.484 0.0920688 0 0 0 403.042 305.245 0.717748 399.064 363.854 0.510943 395.245 397.188 0.172081 379.564 373.7 0.578261 365.914 424.571 0.348616 365.855 469.552 0.216911 399.217 379.581 0.708989 399.071 430.486 0.712039 395.221 493.059 0.546971 367.755 303.27 0.107512 369.822 303.148 0.398405 0 0 0 381.48 291.571 0.469403 1
0 111 207 365.938 305.175 0.235055 391.302 301.283 0.565614 381.493 293.513 0.42067 371.734 338.483 0.0814 0 0 0 401.099 303.256 0.723563 397.174 350.165 0.446029 371.716 320.829 0.296617 381.461 375.647 0.605502 365.915 428.505 0.433784 363.907 481.32 0.250297 399.193 381.452 0.746062 399.054 434.34 0.72248 395.162 495.026 0.547133 0 0 0 367.861 297.398 0.201665 0 0 0 377.634 289.536 0.352357 1
0 111 208 365.889 303.271 0.296956 387.39 303.25 0.645234 379.532 301.287 0.493621 369.833 336.555 0.0908294 0 0 0 399.188 303.337 0.768038 399.074 352.123 0.439213 397.093 385.412 0.209832 379.589 373.727 0.611565 365.857 428.476 0.479394 363.879 481.297 0.282933 399.173 379.57 0.750458 399.06 432.387 0.743944 395.186 493.066 0.57655 0 0 0 367.774 293.52 0.261666 0 0 0 375.643 287.694 0.423595 1
0 111 209 363.912 303.182 0.331855 391.301 303.209 0.578205 383.516 297.384 0.447796 0 0 0 0 0 0 399.084 305.19 0.711508 397.179 352.155 0.303375 385.489 381.5 0.12725 381.554 373.693 0.546594 365.911 428.466 0.305934 365.869 479.327 0.168535 399.085 379.598 0.737875 399.057 432.364 0.718486 395.199 492.99 0.55816 0 0 0 365.769 291.564 0.315854 0 0 0 371.761 287.553 0.469545 1
0 111 210 363.846 299.365 0.290759 389.383 303.228 0.597081 383.484 299.337 0.457472 0 0 0 0 0 0 399.058 305.179 0.722762 397.183 350.232 0.294288 385.46 377.606 0.108911 381.561 375.648 0.559511 367.801 430.376 0.338281 365.884 485.198 0.19097 399.048 381.459 0.755388 399.055 434.352 0.703547 395.206 494.994 0.542303 0 0 0 365.761 289.535 0.291289 0 0 0 371.761 285.602 0.433278 1
0 111 211 361.899 299.358 0.283455 391.326 301.335 0.553065 391.291 297.408 0.426786 0 0 0 0 0 0 397.126 305.144 0.630849 395.224 350.197 0.198141 385.415 369.773 0.0745432 393.259 379.526 0.487936 395.227 432.433 0.294943 381.563 491.067 0.188452 397.137 381.534 0.676301 397.265 436.294 0.597493 395.257 495.031 0.437681 0 0 0 361.952 287.661 0.294506 0 0 0 369.809 281.749 0.438827 1
0 111 212 361.912 301.254 0.14817 389.347 303.193 0.29609 0 0 0 0 0 0 0 0 0 395.233 305.261 0.366595 397.184 385.462 0.262755 397.166 467.62 0.238176 397.206 381.503 0.121496 0 0 0 0 0 0 393.288 383.524 0.157276 0 0 0 0 0 0 0 0 0 0 0 0 0 0 0 367.904 281.727 0.260358 0
0 111 215 0 0 0 387.399 291.555 0.385678 397.194 291.496 0.326909 0 0 0 0 0 0 385.431 293.481 0.308267 381.519 338.487 0.0660402 0 0 0 399.213 377.623 0.392065 399.146 436.295 0.349772 393.287 495.023 0.217696 385.488 379.508 0.338008 391.303 434.328 0.195108 393.261 493.033 0.139148 0 0 0 0 0 0 0 0 0 367.83 275.919 0.103921 1
0 111 259 0 0 0 381.452 271.968 0.351527 365.883 269.999 0.221267 0 0 0 0 0 0 393.252 269.985 0.470119 428.476 293.482 0.686101 424.548 340.415 0.608704 373.729 352.158 0.325687 391.253 416.718 0.0848935 0 0 0 397.113 352.229 0.503157 399.09 416.791 0.65243 405.007 496.959 0.457306 0 0 0 0 0 0 0 0 0 0 0 0 1
0 111 260 0 0 0 383.473 273.965 0.212999 0 0 0 0 0 0 0 0 0 401.077 271.991 0.186549 430.427 291.523 0.375887 416.769 348.233 0.336163 365.88 344.363 0.107102 350.144 422.613 0.109668 0 0 0 395.239 359.982 0.23624 399.15 424.586 0.45326 404.975 498.907 0.304207 0 0 0 0 0 0 0 0 0 0 0 0 1
0 111 261 0 0 0 383.494 270.024 0.329698 369.795 262.155 0.274292 332.564 240.623 0.104857 0 0 0 395.186 266.091 0.261872 434.351 285.62 0.483393 428.516 338.531 0.440325 371.734 352.159 0.244395 352.244 414.806 0.200054 358.066 481.29 0.110057 397.153 358.024 0.333267 399.162 418.676 0.464968 404.971 493.074 0.298181 0 0 0 0 0 0 0 0 0 0 0 0 1
0 111 262 0 0 0 383.457 260.266 0.542738 369.818 258.235 0.468381 332.646 232.827 0.319269 279.766 228.895 0.107069 389.37 260.239 0.450882 440.214 279.791 0.500222 434.391 330.646 0.395843 381.509 348.233 0.41185 356.11 410.842 0.209123 361.957 477.37 0.107596 399.119 350.187 0.46563 401.048 412.838 0.506595 405.001 491.073 0.342572 0 0 0 0 0 0 0 0 0 0 0 0 1
0 111 263 0 0 0 383.449 258.28 0.637309 0 0 0 0 0 0 0 0 0 379.559 256.36 0.476323 336.49 234.78 0.426527 309.138 234.799 0.146967 383.483 352.196 0.531198 358.078 414.764 0.286218 367.79 491.114 0.148101 399.194 354.121 0.579086 403.088 426.491 0.550957 410.813 495.013 0.338411 0 0 0 0 0 0 0 0 0 0 0 0 1
0 111 264 0 0 0 381.58 258.254 0.697163 373.687 256.373 0.492137 334.556 227.033 0.229866 322.844 232.843 0.187852 389.347 258.261 0.580359 444.114 271.974 0.331155 440.244 318.932 0.163155 383.471 352.15 0.616358 359.98 412.848 0.451336 356.107 491.071 0.195671 406.924 352.178 0.650552 410.8 428.449 0.62458 408.872 496.986 0.351868 0 0 0 0 0 0 0 0 0 0 0 0 1
0 111 265 0 0 0 381.497 256.357 0.726926 365.854 256.266 0.585341 332.562 225.049 0.389655 320.968 228.934 0.258721 393.285 258.191 0.67347 446.095 269.967 0.67055 432.384 320.803 0.462687 381.505 352.192 0.621175 359.986 414.756 0.448937 360.011 493.063 0.217343 406.948 352.174 0.677525 410.811 428.502 0.639604 406.927 502.807 0.371504 0 0 0 0 0 0 0 0 0 0 0 0 1
0 111 266 342.4 250.393 0.0539827 381.45 254.331 0.739315 363.906 252.393 0.62009 330.673 221.1 0.502146 322.802 228.996 0.309906 395.224 256.267 0.721317 446.141 262.19 0.775392 434.388 307.208 0.691847 379.563 350.258 0.69154 361.956 414.772 0.612569 358.069 493.044 0.354046 406.96 350.212 0.725166 410.802 428.431 0.695394 408.892 502.84 0.464098 0 0 0 0 0 0 0 0 0 350.152 226.979 0.092645 1
0 111 267 330.636 246.529 0.294384 369.805 252.396 0.682464 354.109 256.258 0.55802 0 0 0 0 0 0 389.33 250.437 0.680709 446.128 260.267 0.830118 428.55 305.2 0.768115 367.91 350.261 0.659199 356.13 420.662 0.561269 358.069 498.926 0.378206 403.019 350.199 0.696651 410.796 428.516 0.709284 406.955 506.752 0.514979 320.91 232.86 0.0803948 334.482 240.587 0.354328 0 0 0 348.227 227.018 0.534093 1
0 111 268 332.573 248.46 0.386798 369.77 250.414 0.692614 352.171 254.322 0.552107 0 0 0 0 0 0 389.37 246.563 0.719993 446.1 260.242 0.851722 426.523 305.176 0.781821 367.873 348.267 0.684594 356.09 418.667 0.614292 358.017 498.915 0.425355 401.136 346.32 0.697338 410.788 428.397 0.731801 406.923 506.784 0.544464 324.767 236.719 0.0545939 332.642 240.644 0.484021 0 0 0 350.235 228.903 0.787025 1
0 111 269 332.543 246.548 0.46434 367.86 246.561 0.684982 350.2 250.409 0.519926 0 0 0 0 0 0 389.356 246.533 0.735226 444.221 264.105 0.815231 422.627 303.326 0.77258 367.839 348.2 0.668359 358.01 416.713 0.628268 359.968 494.986 0.444465 401.072 344.34 0.69285 408.873 422.605 0.687529 408.899 504.752 0.508811 320.88 236.756 0.102648 332.624 240.634 0.573898 0 0 0 350.228 227.045 0.78916 1
0 111 270 328.658 242.669 0.468002 365.937 246.538 0.68527 344.35 252.355 0.502719 0 0 0 0 0 0 387.393 244.536 0.75625 444.096 267.996 0.820938 414.812 305.198 0.795136 365.884 346.282 0.654339 356.109 414.862 0.625717 361.945 493.07 0.44734 399.212 340.444 0.703365 406.985 418.723 0.698847 408.915 502.84 0.5082 320.776 232.825 0.116302 330.688 238.643 0.526449 0 0 0 350.292 225.075 0.823216 1
0 111 271 330.616 242.556 0.5722 367.758 242.69 0.739722 346.331 244.604 0.535963 0 0 0 0 0 0 385.483 242.627 0.805853 442.1 270.002 0.809228 412.779 303.275 0.773083 367.751 344.344 0.648292 358.02 414.841 0.580737 367.853 495.015 0.397659 401.055 340.449 0.689717 410.789 422.623 0.701848 412.863 508.692 0.520184 320.855 230.866 0.213283 332.584 234.778 0.59844 0 0 0 350.3 223.055 0.852134 1
0 111 272 332.595 240.637 0.603668 367.883 244.54 0.78737 350.233 244.594 0.627442 330.638 248.476 0.13379 314.983 240.728 0.149298 387.405 242.606 0.830431 440.181 270.003 0.797975 412.751 301.337 0.749036 369.791 340.457 0.67461 363.905 408.909 0.65344 371.756 479.365 0.366599 401.109 338.511 0.707473 408.888 418.669 0.682999 414.783 506.731 0.505608 320.934 227.018 0.229855 334.49 228.95 0.627555 0 0 0 352.12 219.119 0.845309 1
0 111 273 330.623 236.707 0.492112 367.758 242.539 0.754977 348.243 242.619 0.546231 326.78 244.551 0.0892577 307.173 240.671 0.119692 383.544 240.667 0.808555 436.289 271.853 0.74951 406.949 301.303 0.669602 367.922 334.583 0.678311 363.882 401.13 0.619025 369.837 473.457 0.351931 401.078 334.533 0.700938 405.005 412.852 0.697546 414.75 496.952 0.480438 320.911 224.999 0.282094 332.59 225.053 0.557632 0 0 0 350.282 213.248 0.849589 1
0 111 274 326.718 236.722 0.424845 371.73 242.588 0.658377 365.821 240.667 0.518758 0 0 0 0 0 0 381.477 242.679 0.805084 428.463 273.882 0.502031 397.24 305.193 0.510883 383.446 336.475 0.583589 377.604 403.075 0.416834 381.537 475.428 0.206722 399.21 336.471 0.694994 406.93 414.792 0.662413 414.814 496.96 0.433635 320.86 224.953 0.16473 328.706 226.905 0.474812 0 0 0 350.19 211.412 0.794098 0
0 111 275 330.649 234.754 0.557456 371.749 240.654 0.638416 365.901 238.685 0.52254 0 0 0 0 0 0 379.559 242.573 0.802778 414.812 279.762 0.388685 397.177 305.195 0.366623 383.496 332.621 0.576977 383.425 406.941 0.491375 391.308 477.391 0.255423 399.163 332.635 0.695846 405.014 412.869 0.663168 414.823 494.993 0.453925 320.958 226.88 0.285827 332.581 224.981 0.611288 0 0 0 350.225 211.247 0.835826 0
0 111 276 328.682 228.92 0.553494 367.854 238.636 0.64739 359.97 230.899 0.499899 0 0 0 0 0 0 379.55 240.668 0.799251 414.762 285.605 0.376743 387.375 305.228 0.178107 381.553 322.877 0.600968 377.591 399.118 0.593042 387.379 465.662 0.35525 399.12 324.801 0.707214 401.103 403.041 0.671409 414.848 477.386 0.482848 320.801 223.086 0.300634 332.546 223.065 0.585658 0 0 0 350.183 209.4 0.853247 0
0 111 277 322.872 226.981 0.469632 365.939 234.76 0.673673 354.117 228.89 0.530526 0 0 0 0 0 0 377.608 240.556 0.813748 420.617 279.767 0.687712 395.16 301.315 0.436984 381.495 320.903 0.658283 381.474 397.214 0.724989 397.11 461.753 0.457108 399.132 320.894 0.781089 399.142 397.211 0.741506 414.809 471.51 0.565624 319.011 219.149 0.140866 326.728 223.005 0.474752 0 0 0 348.267 209.295 0.742636 0
0 111 278 320.899 223.072 0.445719 365.855 232.796 0.682865 352.193 226.99 0.554621 0 0 0 0 0 0 373.685 238.659 0.787562 414.747 279.807 0.671579 395.168 305.243 0.443253 381.567 320.905 0.630464 381.573 397.197 0.669956 397.225 461.763 0.453915 399.099 320.894 0.772929 399.093 397.234 0.743233 414.824 469.587 0.567315 318.949 209.388 0.162246 322.855 213.275 0.454118 0 0 0 346.278 205.459 0.68988 0
0 111 279 320.797 224.916 0.444774 363.867 228.941 0.669856 350.218 225.034 0.561951 0 0 0 0 0 0 369.829 234.808 0.764018 399.109 287.533 0.630123 387.389 320.868 0.305825 383.41 320.809 0.62925 381.557 397.15 0.680388 399.098 461.708 0.447844 397.24 320.808 0.752647 397.223 397.167 0.739223 414.798 467.627 0.56133 318.863 209.389 0.120579 320.878 213.304 0.456594 0 0 0 344.303 203.483 0.613128 0
0 111 280 320.905 215.226 0.40626 359.972 228.897 0.654873 348.246 225.046 0.542642 0 0 0 0 0 0 367.889 232.817 0.790172 401.065 285.605 0.764118 385.435 330.671 0.462489 381.525 322.843 0.622287 381.56 401.111 0.628246 397.223 475.418 0.37149 397.101 322.82 0.729185 397.233 404.979 0.689053 418.736 487.158 0.486549 318.897 207.419 0.30355 324.814 209.293 0.419246 0 0 0 346.28 197.591 0.643056 0
0 111 281 322.84 211.321 0.398748 356.124 226.95 0.609923 350.181 224.974 0.513997 365.901 279.77 0.0588291 0 0 0 365.892 228.929 0.768999 395.146 287.53 0.722398 381.438 336.528 0.487988 381.569 320.893 0.608339 379.576 401.058 0.526927 395.236 475.411 0.272022 395.177 320.945 0.705626 395.208 406.935 0.628312 416.747 483.265 0.413038 318.943 207.331 0.365355 332.544 199.584 0.414424 0 0 0 344.311 195.632 0.603663 0
0 111 282 318.959 209.34 0.258173 354.134 224.964 0.618888 348.283 221.093 0.481714 365.891 273.957 0.0547955 0 0 0 363.863 226.992 0.765027 385.479 287.526 0.707929 379.525 336.574 0.565099 383.442 320.873 0.552112 375.651 401.118 0.426312 395.22 477.376 0.190585 391.321 322.81 0.670483 391.294 410.885 0.624393 418.729 491.094 0.379363 318.915 195.739 0.19457 326.728 197.652 0.27962 0 0 0 336.53 195.595 0.542522 0
0 111 283 314.967 207.35 0.309283 350.288 223.009 0.686954 340.412 217.167 0.542358 0 0 0 0 0 0 360.025 225.079 0.791021 385.485 279.8 0.745848 377.626 332.619 0.512608 381.451 318.848 0.55361 369.817 397.164 0.45768 389.328 463.707 0.241715 389.321 318.95 0.705404 383.56 399.192 0.679962 412.802 475.39 0.435972 315.009 193.627 0.129168 318.89 195.734 0.330656 0 0 0 334.607 193.667 0.622593 0
0 111 284 315.025 209.273 0.490178 350.163 221.083 0.681323 336.573 215.247 0.584112 0 0 0 0 0 0 354.127 224.928 0.822619 381.558 275.93 0.721235 381.501 320.838 0.418744 369.804 316.971 0.532363 365.82 395.186 0.377316 383.505 459.807 0.149615 383.421 318.884 0.695584 377.616 397.221 0.620117 399.163 475.392 0.337066 307.206 195.731 0.186336 318.821 197.633 0.522704 0 0 0 334.593 191.703 0.783218 0
0 111 285 307.178 197.633 0.51971 348.206 217.196 0.639856 336.551 213.288 0.582403 0 0 0 0 0 0 352.113 223.014 0.810683 379.535 273.971 0.657676 375.621 320.805 0.323897 367.854 316.916 0.565626 365.898 395.186 0.518052 387.371 465.651 0.339036 381.448 316.989 0.69471 375.631 397.091 0.709463 397.234 473.459 0.57318 305.27 193.569 0.122503 311.064 193.674 0.565356 0 0 0 332.548 185.903 0.72612 0
0 111 286 303.348 195.599 0.499808 346.298 215.235 0.649313 338.527 213.244 0.550462 0 0 0 0 0 0 348.284 221.079 0.767494 373.71 273.919 0.469477 367.858 313.036 0.148073 367.85 311.086 0.550699 365.859 389.37 0.497729 383.463 461.706 0.324042 377.607 313.068 0.670228 375.629 391.317 0.666724 397.101 463.706 0.533148 305.256 183.954 0.0615269 305.26 189.766 0.502341 0 0 0 324.786 185.858 0.63871 0
0 111 287 303.207 195.589 0.583461 342.424 213.31 0.639312 338.48 211.321 0.565182 0 0 0 0 0 0 346.306 219.134 0.772398 373.688 271.962 0.680398 365.789 318.856 0.361626 367.861 311.091 0.540199 367.827 387.38 0.441837 383.539 459.742 0.297347 375.664 313.072 0.657487 371.775 391.288 0.646887 395.239 461.803 0.517767 0 0 0 303.329 187.803 0.587103 0 0 0 320.843 183.905 0.738485 0
0 111 288 301.255 193.643 0.519777 340.413 213.303 0.654776 336.548 211.264 0.571462 0 0 0 0 0 0 342.422 221.08 0.783023 369.78 271.977 0.703908 365.801 320.892 0.463248 367.892 314.98 0.531582 369.793 393.223 0.468856 387.38 461.684 0.398535 371.767 316.939 0.670931 369.816 395.177 0.691534 393.261 463.724 0.586088 0 0 0 303.201 183.883 0.536301 0 0 0 318.888 181.947 0.693297 0
0 111 289 293.464 191.744 0.32313 336.581 213.243 0.685317 334.524 209.343 0.584732 0 0 0 0 0 0 338.548 221.051 0.798492 367.873 271.957 0.652076 365.824 320.856 0.397464 363.91 315.019 0.507169 365.893 391.319 0.436307 385.436 459.835 0.382788 369.774 316.951 0.671614 371.773 395.17 0.660589 395.185 463.683 0.625873 0 0 0 299.356 183.896 0.352397 0 0 0 314.973 181.986 0.626555 0
0 111 290 291.516 189.752 0.618352 336.541 211.291 0.710824 334.511 205.425 0.584547 0 0 0 0 0 0 336.622 221.064 0.811708 367.785 273.86 0.629841 363.913 320.876 0.414218 363.878 314.988 0.484891 367.817 393.242 0.422984 385.479 461.731 0.371954 367.763 318.834 0.67251 371.713 395.194 0.654232 395.182 463.719 0.595777 0 0 0 297.404 180.038 0.660461 0 0 0 318.841 180.077 0.830799 0
0 111 291 287.64 180.09 0.585826 334.59 211.323 0.693368 330.677 207.387 0.562861 0 0 0 0 0 0 336.467 219.109 0.806872 365.781 271.873 0.633611 359.996 318.868 0.326883 363.881 314.978 0.491061 369.786 391.326 0.437476 387.37 461.714 0.359915 365.818 318.849 0.666672 369.778 395.155 0.636308 393.229 465.653 0.534896 0 0 0 291.495 177.981 0.59627 0 0 0 311.085 180.012 0.706971 0
0 111 292 287.614 185.844 0.642433 334.537 209.414 0.758409 338.453 201.546 0.623164 0 0 0 0 0 0 328.726 219.109 0.752102 361.969 270.016 0.564229 367.784 309.11 0.393887 367.878 307.229 0.536709 375.669 389.373 0.511109 389.349 461.684 0.410107 361.945 316.917 0.633011 365.886 393.243 0.588684 389.35 465.659 0.487277 0 0 0 289.624 178.104 0.701953 0 0 0 313.041 180.01 0.742581 0
0 111 293 283.704 183.889 0.579763 332.557 209.427 0.754225 336.514 201.488 0.64407 0 0 0 0 0 0 320.979 221.066 0.710338 348.22 271.977 0.208382 0 0 0 367.849 311.085 0.591783 371.735 395.158 0.536354 391.285 463.719 0.429278 352.214 318.889 0.625931 352.219 395.219 0.396335 383.492 469.54 0.303004 287.523 174.107 0.0827241 287.616 178.067 0.677813 0 0 0 305.203 180.002 0.741754 0
0 111 294 277.856 189.76 0.65018 324.778 209.382 0.765501 332.601 201.484 0.633225 0 0 0 0 0 0 320.854 217.194 0.722382 328.718 275.871 0.234373 0 0 0 365.813 314.958 0.555312 367.888 393.265 0.45414 389.345 467.599 0.354623 350.154 318.951 0.600291 348.243 397.16 0.295971 383.435 473.433 0.23606 0 0 0 285.622 180.056 0.717625 0 0 0 305.174 180.009 0.851261 0
0 111 295 273.931 183.893 0.562823 320.845 209.422 0.76709 326.731 201.53 0.599878 0 0 0 0 0 0 316.886 217.196 0.686484 318.94 275.879 0.16538 0 0 0 359.968 318.861 0.474898 367.826 399.093 0.329365 387.381 473.467 0.266176 340.467 322.839 0.520429 338.476 403.045 0.188021 383.476 477.392 0.119672 0 0 0 277.838 178.081 0.598802 0 0 0 295.464 180.039 0.709915 0
0 111 296 272.005 189.769 0.573718 318.801 209.372 0.737764 320.946 197.679 0.624379 0 0 0 0 0 0 307.201 215.255 0.695832 309.144 275.882 0.146368 0 0 0 354.116 318.942 0.473496 367.842 403.071 0.258248 385.438 479.356 0.229525 336.596 324.807 0.500636 330.66 410.836 0.157487 383.461 489.128 0.121543 273.81 178.104 0.0833402 273.988 180.032 0.615183 0 0 0 295.464 180.046 0.690043 0
0 111 297 264.121 179.978 0.573816 311.057 211.25 0.702391 315.009 207.331 0.535227 0 0 0 0 0 0 307.196 215.188 0.68339 316.903 271.94 0.185278 0 0 0 350.223 318.857 0.483354 365.814 395.173 0.381539 385.406 473.476 0.319928 336.596 320.915 0.571429 348.251 397.184 0.216309 383.549 475.451 0.25063 0 0 0 271.887 176.055 0.639738 0 0 0 289.518 179.963 0.77108 0
0 111 298 268.041 187.828 0.56466 305.154 211.37 0.735475 293.476 211.324 0.567265 0 0 0 0 0 0 311.115 211.368 0.701539 316.913 268.019 0.23282 0 0 0 332.605 318.891 0.382666 361.908 393.269 0.276318 381.569 475.429 0.238297 338.514 320.855 0.532885 358.034 393.288 0.442718 385.494 477.366 0.379219 269.973 177.957 0.156179 271.963 180.003 0.663121 0 0 0 289.586 179.983 0.754563 0
0 111 299 256.384 183.934 0.658924 303.189 211.403 0.662379 307.17 209.245 0.53007 0 0 0 0 0 0 293.497 222.993 0.656051 301.305 281.748 0.139228 0 0 0 348.272 316.93 0.319531 361.909 393.28 0.28002 385.401 475.453 0.245437 330.648 324.794 0.308885 352.193 395.19 0.18648 383.546 477.433 0.17263 258.365 177.956 0.0731252 260.256 178.116 0.710021 0 0 0 285.593 180.01 0.801279 0
0 111 300 252.426 183.92 0.416065 295.463 211.312 0.673203 305.252 207.381 0.545723 0 0 0 0 0 0 289.533 219.107 0.651203 281.741 273.925 0.164087 0 0 0 348.216 305.215 0.350609 358.056 395.185 0.33148 383.519 475.43 0.285854 322.88 314.997 0.345034 350.237 393.255 0.156436 383.464 477.425 0.119784 0 0 0 256.366 179.94 0.529455 0 0 0 273.899 180.036 0.732169 0
0 111 301 246.519 193.694 0.281057 289.485 209.33 0.74658 301.297 201.526 0.580694 0 0 0 0 0 0 275.88 213.297 0.677972 272.008 266.094 0.295451 0 0 0 340.422 287.589 0.323938 354.16 399.12 0.118643 383.445 471.523 0.125012 318.853 301.269 0.336412 348.204 397.187 0.0826908 383.499 473.449 0.0982501 0 0 0 250.411 187.802 0.316259 0 0 0 262.183 182.019 0.548053 0
0 111 302 250.407 191.676 0.0534592 285.604 203.499 0.676778 293.488 195.69 0.627293 0 0 0 0 0 0 272.011 209.388 0.69531 273.895 256.36 0.32346 0 0 0 332.581 271.991 0.333317 350.276 379.557 0.0564759 0 0 0 307.164 287.578 0.354024 336.518 367.845 0.0511919 0 0 0 0 0 0 0 0 0 273.861 174.156 0.0777705 256.304 180.091 0.406488 0
0 111 303 0 0 0 275.911 201.508 0.741133 291.498 195.577 0.681846 314.985 227.033 0.0592963 0 0 0 260.289 211.243 0.696911 266.107 250.456 0.315853 0 0 0 320.92 264.116 0.398449 0 0 0 0 0 0 293.517 275.898 0.395289 0 0 0 0 0 0 0 0 0 0 0 0 271.941 174.104 0.0980762 254.379 180.049 0.342922 0
0 111 304 0 0 0 273.841 197.65 0.783822 287.604 193.692 0.714773 0 0 0 0 0 0 258.265 209.318 0.759957 262.206 250.438 0.365762 0 0 0 316.926 266.048 0.361039 0 0 0 0 0 0 289.537 275.908 0.385374 0 0 0 0 0 0 0 0 0 0 0 0 262.201 166.352 0.125098 244.532 178.037 0.476888 0
0 111 305 240.703 180.009 0.057374 266.102 195.669 0.796388 279.757 191.777 0.711136 301.274 224.907 0.154287 0 0 0 254.367 203.488 0.739452 256.337 242.62 0.525764 256.315 262.2 0.0996579 297.4 256.32 0.486514 0 0 0 0 0 0 273.897 268.038 0.533995 0 0 0 0 0 0 0 0 0 240.709 178.055 0.0942869 258.225 164.375 0.207261 242.579 174.112 0.629193 0
0 111 306 0 0 0 258.367 193.761 0.898542 275.87 187.859 0.76823 293.454 224.891 0.42243 0 0 0 242.71 201.524 0.797393 248.446 242.571 0.631246 250.423 260.192 0.179221 289.597 254.31 0.628142 0 0 0 0 0 0 268.009 260.22 0.599189 0 0 0 0 0 0 0 0 0 0 0 0 256.338 162.432 0.498258 238.689 170.198 0.583015 0
0 111 307 0 0 0 258.205 191.706 0.886913 273.853 183.91 0.792571 287.683 219.112 0.555429 287.576 236.729 0.0963798 242.574 195.595 0.819355 244.563 228.912 0.464935 248.505 254.373 0.129134 285.598 246.497 0.593227 0 0 0 0 0 0 258.33 256.238 0.642657 0 0 0 0 0 0 0 0 0 0 0 0 256.242 162.369 0.453744 238.633 164.449 0.45663 0
0 111 308 0 0 0 256.296 187.84 0.696849 268.005 183.934 0.590029 285.677 213.274 0.283574 287.562 234.798 0.0602672 242.704 191.741 0.637674 242.676 226.963 0.274584 244.584 244.566 0.0965408 275.928 242.665 0.504354 0 0 0 0 0 0 258.269 250.438 0.534066 266.066 295.432 0.0935473 0 0 0 0 0 0 0 0 0 250.475 162.433 0.126102 238.725 164.371 0.333283 0
0 111 309 0 0 0 252.406 185.858 0.506806 258.276 183.898 0.469217 275.856 211.348 0.0939296 0 0 0 242.658 187.845 0.490802 244.614 224.967 0.207034 242.666 242.64 0.132407 271.959 242.671 0.387634 0 0 0 0 0 0 258.176 248.484 0.435381 258.259 297.398 0.0726348 0 0 0 0 0 0 0 0 0 0 0 0 240.616 168.233 0.257577 0
0 111 326 91.9442 162.406 0.0865668 127.201 193.645 0.518816 138.907 181.98 0.430097 0 0 0 0 0 0 115.45 203.476 0.590417 117.401 260.232 0.207917 0 0 0 152.606 301.278 0.269741 191.763 442.144 0.0708269 0 0 0 133.07 307.173 0.364064 129.088 395.224 0.128934 146.717 489.134 0.0576875 0 0 0 0 0 0 117.428 150.647 0.0589797 101.718 162.3 0.587549 0
0 111 327 84.1168 162.412 0.353309 117.469 191.772 0.624557 129.076 183.903 0.513411 0 0 0 0 0 0 115.376 199.55 0.708414 127.148 258.247 0.361966 105.644 301.314 0.233005 135.001 313.027 0.283741 123.249 405.003 0.100688 0 0 0 129.083 318.943 0.425665 131.09 410.877 0.157563 146.72 494.991 0.084726 0 0 0 86.0535 156.537 0.359587 0 0 0 99.6912 160.394 0.647671 0
0 111 328 78.2328 162.3 0.403021 113.462 191.709 0.648719 109.586 187.852 0.520063 0 0 0 0 0 0 113.507 193.697 0.734371 125.212 254.296 0.467651 109.577 281.75 0.191997 113.429 297.371 0.418788 115.445 379.534 0.159549 133.027 469.56 0.0593013 115.435 303.239 0.561167 119.344 377.616 0.244147 133.02 467.607 0.085825 0 0 0 82.2009 152.625 0.443099 0 0 0 93.9258 156.481 0.648351 0
0 111 329 68.4891 162.369 0.459447 107.607 193.685 0.622114 117.395 185.899 0.548092 0 0 0 0 0 0 99.7515 197.656 0.662715 101.701 270.002 0.241361 93.8846 303.314 0.0767698 127.167 314.992 0.323257 127.184 401.115 0.110766 136.961 494.99 0.0850236 109.554 320.868 0.419611 121.32 401.092 0.160642 144.786 495.022 0.109092 0 0 0 70.4446 154.58 0.465157 0 0 0 86.021 158.511 0.655596 0
0 111 330 56.7999 162.382 0.387085 99.698 195.693 0.632274 103.737 193.648 0.526016 0 0 0 0 0 0 88.0434 203.45 0.634783 86.1733 264.145 0.290739 82.1634 303.211 0.0827871 117.362 313.057 0.460123 123.255 395.208 0.186897 134.98 491.048 0.104803 99.7817 318.914 0.554164 70.4839 381.548 0.234715 66.528 451.964 0.114998 0 0 0 66.4883 152.663 0.396781 0 0 0 80.222 160.376 0.567145 0
0 111 331 52.7405 162.476 0.139528 88.0794 193.647 0.727805 101.71 189.734 0.596908 0 0 0 0 0 0 82.1444 195.693 0.702213 84.1237 256.234 0.415278 99.7543 279.767 0.127947 117.397 301.326 0.671567 121.299 381.518 0.578205 129.108 457.803 0.269687 91.9249 303.281 0.678996 70.386 371.782 0.618034 72.4233 446.105 0.419409 0 0 0 52.868 158.503 0.160483 0 0 0 66.505 160.387 0.476253 0
0 111 332 39.2016 162.353 0.44628 76.3394 189.816 0.626477 76.2885 187.824 0.48911 0 0 0 0 0 0 76.321 191.756 0.647219 76.2878 244.551 0.224905 0 0 0 101.701 291.538 0.51168 115.396 367.885 0.303235 129.099 442.174 0.111005 89.9916 297.404 0.627356 68.3908 367.817 0.532844 82.1199 440.243 0.351533 0 0 0 45.0088 152.597 0.419261 0 0 0 58.6917 154.551 0.509524 0
0 111 333 35.1802 160.381 0.31028 72.3675 185.902 0.663037 82.1426 181.952 0.534856 0 0 0 0 0 0 70.3805 191.699 0.71312 74.3413 248.475 0.543661 58.713 293.478 0.231886 95.8856 289.541 0.52248 86.1048 365.834 0.395221 88.0313 430.494 0.25459 82.1627 295.409 0.639599 68.3933 367.823 0.578058 80.2301 436.298 0.393413 0 0 0 37.1296 148.789 0.36015 0 0 0 50.8127 150.622 0.546015 0
0 111 334 25.4943 160.433 0.289184 68.5115 182.016 0.726903 80.2101 179.999 0.63565 0 0 0 0 0 0 58.7136 187.845 0.696652 68.4936 248.451 0.632443 66.5495 295.448 0.411601 93.9229 285.639 0.570911 68.4914 356.075 0.455356 68.4633 432.424 0.305178 82.1221 289.603 0.713053 68.4426 361.956 0.62602 84.0415 432.449 0.495112 0 0 0 33.2244 150.664 0.315287 0 0 0 43.0192 150.631 0.561717 0
0 111 335 19.5321 156.507 0.0870693 54.7529 178.055 0.725826 66.4489 176.102 0.585569 0 0 0 0 0 0 48.9338 180 0.750557 60.6219 234.772 0.629792 66.4985 275.884 0.206624 80.2249 277.85 0.520449 68.4034 354.151 0.454699 84.0662 432.376 0.231286 66.5104 285.633 0.693086 54.7358 358.054 0.516838 68.5179 440.214 0.254667 0 0 0 19.5385 148.783 0.106477 0 0 0 31.3043 148.759 0.403843 0
0 111 336 4.83638 150.696 0.0807094 45.0175 178.027 0.675095 54.777 176.039 0.558021 0 0 0 0 0 0 39.1863 179.97 0.761209 52.8168 238.665 0.566753 45.0371 287.584 0.186756 72.4112 277.814 0.469183 62.637 352.146 0.278925 74.367 434.329 0.130428 60.6489 285.625 0.635353 39.2023 352.233 0.373609 54.8071 436.312 0.138121 0 0 0 0 0 0 0 0 0 21.6142 146.793 0.498838 0
0 111 337 0 0 0 39.1357 178.05 0.712689 52.8031 176.038 0.579439 70.3708 223.081 0.0601682 0 0 0 29.3731 180.046 0.660917 39.1298 240.615 0.416536 29.3739 287.578 0.143264 70.3624 277.818 0.489003 66.4988 358.056 0.226593 76.3065 440.206 0.145295 50.8133 285.648 0.538648 39.1658 363.884 0.313299 56.7223 446.098 0.175377 0 0 0 0 0 0 0 0 0 0 0 0 0
