5 111 14 336.538 285.675 0.632227 289.561 287.562 0.722827 297.389 289.614 0.751948 330.673 334.551 0.690469 367.881 367.823 0.768525 275.917 279.762 0.533314 328.703 334.541 0.235926 365.907 365.776 0.375636 291.534 385.467 0.635883 330.611 444.168 0.472011 344.323 494.992 0.477542 260.21 381.527 0.556175 285.606 434.34 0.549897 303.345 491.099 0.693771 336.598 274.018 0.655065 0 0 0 326.728 269.951 0.737186 0 0 0 0
5 111 15 346.326 287.643 0.76202 301.235 287.605 0.703751 303.272 289.613 0.763665 338.47 334.584 0.609918 377.598 367.843 0.647111 289.548 281.734 0.540593 336.596 334.481 0.412264 379.54 367.769 0.477573 291.533 381.515 0.689858 328.696 428.508 0.691606 354.177 491.123 0.798756 268.054 379.545 0.569402 287.65 430.421 0.652751 305.177 491.036 0.71988 348.203 277.843 0.751633 0 0 0 334.481 270.04 0.756806 0 0 0 0
5 111 16 352.204 287.672 0.618383 305.298 287.671 0.715978 309.153 291.572 0.690613 348.286 336.465 0.367004 383.428 367.877 0.410958 301.3 281.719 0.515708 348.215 334.505 0.496338 383.422 365.854 0.533859 297.385 385.432 0.595984 299.339 440.187 0.346248 303.269 491.065 0.658761 273.902 381.512 0.544582 332.609 428.548 0.608361 365.917 491.123 0.763642 352.254 279.777 0.622011 0 0 0 340.463 271.927 0.768363 0 0 0 0
5 111 17 363.844 289.603 0.571455 318.972 293.457 0.65728 314.969 297.385 0.648085 309.097 381.449 0.403224 356.083 406.925 0.633739 326.734 289.588 0.591113 354.195 336.474 0.835143 385.477 367.817 0.818069 301.264 385.473 0.552445 332.596 430.406 0.641891 367.933 491.088 0.717531 287.577 379.59 0.423273 291.571 418.715 0.411919 305.194 489.105 0.438858 361.977 285.609 0.606632 0 0 0 350.133 272.027 0.625884 0 0 0 0
5 111 18 367.851 295.47 0.51949 322.876 301.324 0.644814 316.932 307.182 0.591141 316.901 387.417 0.742613 363.938 410.897 0.841339 334.574 291.543 0.612267 360.03 334.637 0.81862 395.184 367.862 0.784047 289.585 397.141 0.644714 303.248 432.397 0.228384 0 0 0 318.922 385.434 0.564813 336.473 432.457 0.743625 371.788 491.088 0.835276 367.897 289.475 0.646126 0 0 0 354.16 281.746 0.601694 0 0 0 1
5 111 19 371.781 301.303 0.70154 332.543 301.284 0.696049 320.818 305.251 0.684488 318.853 387.385 0.693475 365.787 412.789 0.878158 336.61 291.539 0.630673 367.914 336.603 0.868259 408.899 369.803 0.71532 297.376 397.217 0.667801 344.309 430.446 0.754188 373.719 491.035 0.779055 318.946 383.512 0.506537 369.777 414.777 0.380486 395.229 475.409 0.353666 373.699 289.621 0.780773 0 0 0 360.023 281.765 0.678169 0 0 0 1
5 111 20 381.514 303.274 0.726962 336.599 291.573 0.7886 350.202 303.2 0.740778 375.631 338.496 0.742216 404.983 369.757 0.764931 326.717 287.557 0.610334 369.79 334.559 0.119616 406.945 365.843 0.0970811 320.893 397.172 0.731873 356.059 430.485 0.578138 375.63 491.052 0.708872 287.673 395.184 0.683509 305.25 438.232 0.520626 305.179 491.138 0.704536 381.595 293.499 0.720099 0 0 0 369.848 287.515 0.809868 0 0 0 1
5 111 21 385.417 303.267 0.252215 342.385 299.346 0.790734 358.024 305.187 0.733782 387.389 348.299 0.743072 414.829 375.636 0.616667 326.759 289.638 0.667216 0 0 0 0 0 0 320.863 393.281 0.737942 361.907 432.379 0.776422 379.488 492.975 0.843618 287.632 385.436 0.727313 307.141 430.466 0.75548 314.959 491.059 0.72216 385.48 293.481 0.27031 0 0 0 381.545 287.651 0.70943 0 0 0 1
5 111 22 385.402 303.271 0.272688 342.382 299.333 0.788092 358.015 305.173 0.732373 387.381 348.274 0.743438 414.808 375.627 0.629823 326.768 289.639 0.664455 0 0 0 0 0 0 320.87 395.173 0.740631 359.996 432.435 0.760267 379.493 492.98 0.848791 287.638 385.463 0.724357 307.139 430.496 0.757039 314.962 491.058 0.720688 385.459 293.49 0.287975 0 0 0 381.525 287.645 0.705943 0 0 0 1
5 111 23 0 0 0 350.225 303.272 0.716769 352.14 307.156 0.645667 336.531 389.332 0.729219 373.695 426.53 0.777368 348.285 293.455 0.549156 385.485 342.425 0.619461 418.678 381.487 0.398524 311.094 397.095 0.615674 354.149 440.194 0.749003 383.412 491.031 0.862443 289.617 387.364 0.578179 309.139 428.539 0.584529 305.319 477.444 0.680068 0 0 0 0 0 0 393.223 287.601 0.487523 0 0 0 1
5 111 24 405.02 305.149 0.411485 358.063 303.296 0.674578 356.113 303.282 0.620913 346.3 385.501 0.715946 369.857 430.363 0.771856 365.852 297.386 0.608377 395.189 348.24 0.806229 428.405 383.514 0.734489 305.199 389.316 0.666589 358.043 440.197 0.620838 383.435 491.037 0.734868 295.438 381.468 0.430906 318.905 418.728 0.155601 316.957 455.828 0.421617 404.98 299.347 0.413915 0 0 0 393.291 287.555 0.55844 0 0 0 1
5 111 25 416.729 314.951 0.292315 365.807 307.179 0.725055 356.114 313.061 0.577499 348.252 391.3 0.789505 375.665 432.44 0.802382 371.706 301.301 0.620371 399.094 350.274 0.83838 430.498 385.466 0.550992 303.186 383.507 0.698152 352.198 438.239 0.674865 377.591 491.037 0.703042 318.922 381.488 0.396625 397.184 383.491 0.170808 414.693 428.428 0.116635 414.784 305.174 0.355097 0 0 0 399.193 299.382 0.590329 0 0 0 1
5 111 26 428.48 316.974 0.2405 367.793 313.023 0.741686 358.032 320.861 0.661714 350.144 389.366 0.870461 375.637 434.325 0.827495 381.502 303.232 0.658131 406.975 352.137 0.651086 432.428 385.487 0.526149 301.298 379.533 0.645886 348.212 434.334 0.724322 379.572 487.126 0.67095 332.602 365.927 0.397105 399.168 381.449 0.260869 430.45 444.137 0.0668844 428.422 305.293 0.256981 0 0 0 408.872 301.343 0.419717 0 0 0 1
5 111 27 428.489 322.874 0.490146 377.589 314.959 0.698631 365.855 320.908 0.695562 350.189 391.331 0.837053 377.64 440.198 0.828965 385.481 303.187 0.602639 412.773 352.145 0.683597 442.186 391.325 0.592881 303.244 381.566 0.724602 352.132 444.119 0.817754 385.437 491.04 0.680681 334.595 369.768 0.418235 412.826 389.324 0.597557 442.191 459.719 0.405991 428.48 318.856 0.565134 0 0 0 412.783 305.235 0.65543 0 0 0 1
5 111 28 430.354 332.597 0.597072 381.595 316.92 0.741 371.745 320.867 0.717097 350.278 387.438 0.840653 369.764 434.343 0.818216 395.18 305.28 0.606501 414.776 352.252 0.67467 444.137 395.222 0.686792 303.226 381.465 0.720903 352.103 444.055 0.839731 381.488 491.154 0.766695 328.677 371.756 0.382915 410.905 385.435 0.481306 432.426 446.15 0.203735 430.376 320.964 0.645806 0 0 0 414.793 309.111 0.653445 0 0 0 1
5 111 29 432.463 334.519 0.321564 381.561 318.837 0.764749 369.817 322.845 0.688457 350.297 395.222 0.876636 375.655 442.113 0.806474 395.197 307.142 0.644259 414.757 350.148 0.808789 446.016 393.227 0.692716 305.156 381.501 0.720729 352.19 446.118 0.893736 387.378 492.967 0.775941 326.737 375.64 0.355127 412.836 387.392 0.291421 436.302 448.033 0.106359 432.452 324.807 0.34443 0 0 0 416.77 307.224 0.477211 0 0 0 1
5 111 30 444.152 334.474 0.550298 383.56 316.945 0.741641 377.592 320.882 0.670237 350.236 391.336 0.880134 375.615 442.111 0.842974 399.073 305.276 0.658835 414.821 348.211 0.815565 450.006 395.219 0.722045 305.15 381.471 0.68582 352.096 446.177 0.832192 383.451 491.133 0.736436 326.729 375.646 0.345009 365.92 414.89 0.125241 0 0 0 446.134 320.862 0.617764 0 0 0 430.396 303.33 0.635919 0 0 0 1
5 111 31 442.164 338.511 0.240284 385.472 318.836 0.670369 379.583 318.966 0.675505 350.284 387.421 0.854 373.702 442.189 0.828675 399.199 309.121 0.636041 426.475 352.231 0.781418 457.804 397.184 0.790205 305.268 377.612 0.690822 350.266 450.015 0.79155 381.507 491.084 0.713696 336.534 375.626 0.362954 367.874 414.847 0.124647 0 0 0 444.029 334.553 0.273648 0 0 0 428.505 309.155 0.303459 0 0 0 1
5 111 32 444.186 350.217 0.488182 391.338 322.816 0.718118 377.611 334.527 0.603331 350.249 393.292 0.883375 371.791 444.164 0.836157 408.87 313.059 0.627914 428.415 352.242 0.823448 459.689 397.13 0.775005 305.283 375.626 0.640741 350.154 446.147 0.796723 375.655 491.102 0.739274 338.495 371.728 0.37198 367.794 414.919 0.13215 0 0 0 444.186 340.404 0.47535 444.163 344.359 0.0962525 432.381 322.854 0.368158 0 0 0 1
5 111 33 446.108 350.191 0.419544 397.178 324.823 0.740843 383.43 334.536 0.635946 352.099 397.095 0.873442 375.655 448.06 0.883209 412.781 318.847 0.658949 430.528 354.192 0.83202 461.78 399.083 0.846947 305.228 373.683 0.640217 350.253 453.933 0.714957 379.524 495.053 0.431525 334.567 369.818 0.389393 381.478 430.414 0.142637 369.821 459.741 0.0637564 446.044 338.548 0.35988 0 0 0 438.279 320.937 0.370871 0 0 0 1
5 111 34 0 0 0 397.171 328.675 0.742625 381.545 336.534 0.648871 352.102 399.191 0.898182 373.736 448.12 0.860422 412.844 318.863 0.678024 434.362 356.136 0.793925 463.723 399.174 0.841554 305.274 371.734 0.596062 350.168 459.736 0.724891 381.529 493.087 0.366118 336.515 373.69 0.349201 381.44 430.445 0.143805 377.599 459.752 0.0806542 0 0 0 0 0 0 432.385 320.851 0.160085 0 0 0 1
5 111 35 442.09 352.224 0.0674054 399.127 330.665 0.756533 385.445 336.537 0.633872 352.099 399.186 0.906183 375.637 451.983 0.814318 414.743 320.877 0.683185 440.236 363.898 0.780228 467.609 401.067 0.79549 307.23 367.864 0.514303 350.188 461.72 0.603083 365.873 469.586 0.132045 309.178 363.926 0.284483 363.917 414.804 0.0831802 0 0 0 0 0 0 0 0 0 414.817 338.473 0.157518 0 0 0 1
5 111 36 0 0 0 399.181 332.575 0.738724 389.331 336.48 0.606103 352.111 399.132 0.912979 375.633 453.885 0.823665 414.797 320.946 0.689442 444.169 365.8 0.781582 469.601 403.015 0.724984 305.296 375.61 0.607705 350.183 461.747 0.665567 373.701 489.126 0.117127 334.587 377.634 0.327267 371.741 430.461 0.0960578 0 0 0 0 0 0 0 0 0 414.766 342.318 0.107073 0 0 0 1
5 111 37 0 0 0 397.226 332.57 0.721488 383.533 338.483 0.609775 352.138 401.057 0.874789 377.575 453.931 0.826675 412.858 320.876 0.67101 444.061 363.934 0.695411 473.467 399.198 0.685579 309.11 371.741 0.589402 350.204 459.802 0.653067 379.551 493.087 0.177481 340.436 377.606 0.284397 365.926 414.819 0.10895 0 0 0 0 0 0 0 0 0 412.826 342.355 0.113541 0 0 0 1
5 111 38 0 0 0 397.227 332.647 0.721522 383.503 340.417 0.612117 352.169 403.068 0.851084 375.672 453.909 0.794075 414.775 320.914 0.62805 444.143 365.868 0.737706 475.469 399.227 0.749179 311.11 367.847 0.369343 350.149 457.851 0.561934 367.816 491.047 0.160082 322.816 365.898 0.200958 367.785 414.77 0.0952089 0 0 0 0 0 0 0 0 0 412.864 346.277 0.162963 0 0 0 1
5 111 39 0 0 0 399.161 334.503 0.664049 385.425 342.407 0.551652 352.153 401.129 0.858755 373.728 451.975 0.810269 414.832 320.921 0.578696 446.153 367.769 0.547054 477.373 401.062 0.631294 311.101 367.786 0.426138 350.196 457.796 0.567832 367.783 491.051 0.200475 336.537 371.724 0.232014 365.9 412.808 0.107184 0 0 0 0 0 0 0 0 0 416.725 350.256 0.19431 0 0 0 1
5 111 40 432.409 375.62 0.332804 404.99 334.535 0.663993 385.473 344.332 0.575028 352.203 399.195 0.869457 373.715 450.055 0.789995 422.638 322.797 0.493656 459.798 371.732 0.574932 477.507 401.134 0.654134 311.052 363.898 0.458649 350.13 453.894 0.60131 367.897 491.137 0.253776 332.624 367.831 0.23743 363.924 412.898 0.133701 0 0 0 430.464 367.836 0.353732 442.163 367.811 0.182316 418.759 352.141 0.279107 0 0 0 1
5 111 41 432.368 373.708 0.319655 404.988 334.545 0.676664 385.481 344.352 0.584192 352.199 399.192 0.87629 373.714 451.928 0.794695 424.547 322.828 0.507791 459.726 369.809 0.584929 477.508 401.123 0.662897 309.149 363.873 0.460468 350.142 453.885 0.60689 369.776 492.991 0.264323 332.616 367.807 0.240924 363.949 412.859 0.136581 0 0 0 430.453 367.811 0.346181 0 0 0 420.673 352.125 0.28518 0 0 0 1
5 111 42 432.415 373.695 0.273231 405.024 334.583 0.679639 391.293 338.509 0.619402 352.255 399.068 0.879689 373.696 450.001 0.809761 426.482 330.644 0.491188 0 0 0 0 0 0 313.006 363.919 0.469876 350.162 453.893 0.661856 377.632 494.969 0.234814 344.326 367.841 0.263293 367.815 414.813 0.121075 0 0 0 430.456 367.795 0.303611 442.137 367.824 0.15952 420.669 352.134 0.268608 0 0 0 1
5 111 42 0 0 0 446.086 381.538 0.124156 444.087 383.412 0.0927586 0 0 0 0 0 0 0 0 0 0 0 0 0 0 0 446.164 405.013 0.320525 455.841 444.05 0.334061 457.796 475.378 0.207194 461.691 401.083 0.335953 459.753 442.155 0.228746 455.882 465.633 0.219372 0 0 0 0 0 0 0 0 0 0 0 0 0
5 111 43 0 0 0 403.056 334.589 0.681493 391.279 338.527 0.604791 354.18 399.114 0.835947 373.718 449.985 0.811691 422.587 328.699 0.488815 459.678 369.821 0.681811 479.364 399.098 0.769961 314.955 363.917 0.355603 350.191 455.839 0.631312 365.919 479.365 0.115517 309.135 352.238 0.190379 371.756 416.778 0.0981264 0 0 0 0 0 0 0 0 0 416.756 350.276 0.188519 0 0 0 1
5 111 44 0 0 0 399.158 334.611 0.597689 387.41 342.407 0.506421 354.166 399.202 0.830619 373.672 448.111 0.781269 416.761 322.821 0.385481 451.971 367.907 0.362325 477.423 397.245 0.602937 314.981 363.896 0.313414 350.253 455.882 0.579641 369.798 489.146 0.117461 307.25 352.179 0.162174 365.894 414.832 0.0856309 0 0 0 0 0 0 0 0 0 418.751 354.104 0.163964 0 0 0 1
5 111 45 0 0 0 399.172 330.676 0.559904 387.372 346.281 0.495773 354.148 399.189 0.824902 371.779 448.11 0.749442 416.743 316.921 0.352773 444.094 369.78 0.0756591 475.483 403.058 0.141328 307.167 363.898 0.0669656 320.82 395.192 0.0949162 0 0 0 262.187 289.551 0.159243 0 0 0 0 0 0 0 0 0 0 0 0 430.445 352.139 0.186236 0 0 0 1
5 111 46 434.368 379.514 0.226801 401.104 330.645 0.616157 397.087 338.487 0.580291 356.068 399.094 0.852901 375.64 448.085 0.793974 414.814 318.869 0.424092 442.169 354.117 0.0951638 473.499 401.122 0.139905 307.179 356.111 0.204459 350.248 448.088 0.533612 363.875 461.713 0.106327 305.242 346.309 0.145322 361.962 412.841 0.139753 0 0 0 0 0 0 0 0 0 434.385 352.176 0.292738 0 0 0 1
5 111 47 463.74 356.09 0.203064 403.018 328.729 0.620216 397.18 336.487 0.586476 356.123 397.225 0.849024 375.68 448.122 0.776122 414.837 318.927 0.465371 436.316 375.651 0.141345 473.43 401.11 0.168914 307.209 354.154 0.231035 350.246 451.943 0.610629 373.689 489.142 0.0916808 307.167 348.232 0.173292 361.956 414.789 0.0967982 0 0 0 467.613 346.297 0.209493 0 0 0 450.019 332.601 0.288856 0 0 0 1
5 111 48 469.588 350.256 0.438269 406.972 322.846 0.674659 399.102 330.674 0.586632 358.075 397.126 0.837772 377.588 449.981 0.765555 422.582 320.833 0.50585 438.251 363.946 0.724054 473.473 405.009 0.705373 314.954 367.809 0.186587 352.101 457.79 0.528696 365.867 477.399 0.108154 283.688 303.268 0.151448 0 0 0 0 0 0 473.5 338.469 0.425364 0 0 0 459.777 320.91 0.468141 0 0 0 1
5 111 49 461.796 350.21 0.301353 401.079 322.806 0.656339 397.12 328.709 0.536088 359.977 395.235 0.833032 379.516 446.12 0.799511 414.863 318.919 0.503029 434.367 361.915 0.651297 471.486 403.081 0.726627 314.971 361.923 0.356542 352.166 451.938 0.721501 383.555 492.981 0.558924 314.998 352.128 0.258612 369.811 414.862 0.130444 0 0 0 463.704 342.371 0.271301 0 0 0 457.785 324.793 0.33908 0 0 0 1
5 111 50 0 0 0 401.085 326.707 0.557364 397.195 330.656 0.52132 361.907 393.269 0.782116 379.505 446.055 0.755863 414.763 320.861 0.460872 432.449 365.872 0.453434 467.647 403.076 0.503534 318.841 363.862 0.430878 350.232 444.13 0.608106 379.569 491.13 0.584605 324.775 361.946 0.277265 363.928 420.654 0.16902 367.879 473.435 0.102835 0 0 0 0 0 0 457.798 320.851 0.170716 0 0 0 1
5 111 51 463.728 328.696 0.206924 401.158 322.855 0.598984 399.121 326.738 0.58933 359.998 395.196 0.812709 379.517 446.064 0.759262 414.775 320.92 0.562828 436.293 367.848 0.673039 473.417 408.94 0.633295 313.065 363.88 0.414773 350.163 438.269 0.589585 377.623 489.103 0.59796 320.855 361.947 0.291988 365.798 414.827 0.165679 375.604 461.765 0.0897267 463.718 318.903 0.208878 0 0 0 448.101 307.208 0.298251 0 0 0 1
5 111 52 467.64 336.525 0.238513 405.012 324.808 0.597279 399.192 330.633 0.596318 360.021 395.208 0.827366 381.446 446.092 0.815254 414.776 320.919 0.51677 434.397 367.862 0.639325 471.502 408.892 0.586637 314.973 363.896 0.38327 350.223 440.209 0.593808 379.506 489.121 0.531139 309.164 352.215 0.305079 354.138 428.436 0.176374 377.557 463.715 0.0909928 469.579 322.866 0.244998 0 0 0 453.924 316.938 0.413726 0 0 0 1
5 111 53 473.5 330.674 0.24269 401.148 332.593 0.509974 399.092 334.561 0.515389 361.942 395.219 0.78871 381.465 446.107 0.727172 412.908 322.807 0.368528 432.44 381.547 0.209663 475.411 418.751 0.174661 316.898 365.849 0.341891 350.217 440.219 0.558311 373.7 485.2 0.421096 307.234 352.145 0.238957 363.86 416.751 0.15724 371.723 459.786 0.0959772 469.554 318.912 0.255765 481.317 324.778 0.058764 450.014 309.152 0.338384 0 0 0 1
5 111 54 469.553 328.699 0.174839 399.189 326.74 0.530726 397.188 332.599 0.458219 361.985 395.18 0.768171 379.53 448.058 0.53374 412.832 318.955 0.461315 432.436 367.761 0.614002 467.63 410.865 0.577681 316.936 365.903 0.469749 350.253 438.262 0.625039 367.824 477.482 0.34236 307.228 352.231 0.262319 365.814 414.859 0.177346 373.705 459.791 0.0755844 465.657 316.976 0.188194 0 0 0 448.095 307.216 0.309284 0 0 0 1
5 111 55 477.418 334.62 0.413582 403.083 326.745 0.552621 401.091 328.675 0.544804 363.893 393.289 0.826092 381.478 444.19 0.753359 414.789 320.9 0.547758 432.39 365.857 0.674316 465.652 408.94 0.647813 314.968 365.789 0.571026 350.244 434.376 0.72879 371.756 481.289 0.686003 324.76 363.911 0.301777 367.789 414.789 0.195812 377.6 459.809 0.103937 477.4 318.96 0.436415 493.078 320.852 0.107643 455.859 307.164 0.468016 0 0 0 1
5 111 56 469.553 342.407 0.262333 405.021 328.717 0.631568 399.168 328.713 0.594907 363.839 395.145 0.866206 381.531 444.191 0.785574 414.871 322.845 0.616271 434.329 365.938 0.74877 465.656 408.916 0.734509 314.971 365.851 0.618345 352.193 442.185 0.771108 379.558 483.282 0.745296 332.6 367.835 0.361106 367.902 414.863 0.185145 0 0 0 473.457 330.638 0.301506 0 0 0 455.826 316.934 0.490367 0 0 0 1
5 111 57 463.749 334.509 0.203601 403.079 330.648 0.627664 399.102 332.575 0.62745 363.887 395.16 0.866775 381.598 446.041 0.808549 414.795 324.798 0.61563 438.265 369.783 0.725526 471.5 412.819 0.723467 313.018 365.846 0.611344 352.208 438.236 0.7447 381.436 485.194 0.749081 328.702 367.812 0.351421 369.804 414.834 0.180906 379.583 459.772 0.113561 467.605 320.848 0.246485 0 0 0 450.013 311.115 0.463519 0 0 0 1
5 111 58 463.725 336.512 0.170424 403.021 332.589 0.650511 397.156 332.602 0.635964 361.967 397.073 0.871888 383.399 446.03 0.825864 414.828 326.714 0.611444 442.164 377.563 0.673752 475.352 416.737 0.561233 309.163 365.832 0.606108 352.177 434.378 0.718022 379.598 483.269 0.762529 334.564 367.836 0.359236 371.723 412.882 0.172208 0 0 0 465.655 322.837 0.1966 0 0 0 446.14 313.035 0.427529 0 0 0 1
5 111 59 461.687 334.609 0.179082 403.088 332.61 0.666806 397.206 334.492 0.678242 363.859 395.245 0.868247 381.585 444.066 0.860298 414.828 328.675 0.590611 442.155 377.596 0.676503 475.428 424.549 0.588679 311.066 365.895 0.600934 352.185 436.32 0.674751 379.561 489.117 0.782626 334.574 369.787 0.366919 371.731 414.764 0.19198 0 0 0 461.725 324.778 0.199328 0 0 0 446.09 315.013 0.434861 0 0 0 1
5 111 60 463.684 336.568 0.241134 408.939 334.513 0.675873 399.134 334.531 0.656816 363.861 393.282 0.861021 381.555 444.091 0.821731 418.678 330.674 0.58824 446.084 381.471 0.702579 477.36 428.478 0.603254 313.024 365.807 0.582809 352.192 438.256 0.706127 381.488 487.127 0.78711 330.649 367.831 0.33069 371.742 414.87 0.187077 0 0 0 467.581 324.782 0.270421 0 0 0 449.989 311.064 0.559003 0 0 0 1
5 111 61 463.699 336.552 0.226168 408.928 334.505 0.670531 399.13 334.535 0.657838 363.857 395.148 0.861046 381.559 444.096 0.823021 418.678 330.656 0.587664 446.088 381.455 0.699472 477.35 428.443 0.585557 313.025 365.812 0.579666 352.192 438.248 0.704394 381.476 487.132 0.790619 330.635 367.83 0.326707 371.744 414.862 0.184498 0 0 0 467.595 322.835 0.260867 0 0 0 450.012 309.158 0.559755 0 0 0 1
5 111 62 463.69 348.265 0.354212 408.908 334.62 0.684957 397.24 334.634 0.692899 363.905 395.235 0.882248 383.399 446.061 0.801586 418.721 332.64 0.587231 448.051 383.48 0.61957 479.361 432.372 0.397492 313.014 367.835 0.623167 354.189 444.098 0.669172 381.572 485.218 0.700139 334.607 375.616 0.3494 371.818 414.866 0.177816 0 0 0 465.683 336.51 0.363357 0 0 0 449.985 314.984 0.560343 0 0 0 1
5 111 63 467.637 330.649 0.187212 410.882 334.612 0.735139 399.064 334.548 0.723691 363.88 397.101 0.889915 383.455 446.093 0.839206 424.586 334.573 0.609262 451.959 385.468 0.694708 479.316 436.28 0.58578 311.101 369.801 0.627229 354.15 446.082 0.687241 383.546 487.2 0.67937 334.611 377.578 0.3608 373.714 414.909 0.170122 0 0 0 467.629 318.909 0.247963 0 0 0 448.031 309.155 0.531502 0 0 0 1
5 111 64 467.6 334.557 0.224279 408.938 334.548 0.685435 399.077 334.579 0.684566 363.909 397.108 0.881894 383.49 446.104 0.83956 420.617 332.61 0.584774 446.144 381.584 0.691646 477.423 430.497 0.612961 314.971 367.876 0.613221 354.166 446.068 0.690013 383.544 487.192 0.659661 334.555 373.69 0.323931 369.883 414.862 0.161098 0 0 0 471.48 320.917 0.265612 0 0 0 448.056 311.092 0.48233 0 0 0 1
5 111 65 475.377 336.496 0.304622 408.945 334.514 0.674153 399.149 334.611 0.682372 363.883 397.125 0.897942 383.487 446.108 0.838042 418.722 330.64 0.543124 444.111 379.523 0.567386 477.327 430.415 0.309526 315.007 367.86 0.617421 356.127 448.018 0.669125 387.371 489.092 0.637782 334.533 373.675 0.309432 369.814 414.865 0.146506 0 0 0 477.396 322.802 0.336411 0 0 0 453.901 313.022 0.457138 0 0 0 1
5 111 66 481.296 332.632 0.422796 410.898 334.562 0.66061 401.103 334.561 0.676063 365.816 395.233 0.899464 383.541 446.123 0.826113 424.53 334.512 0.525214 449.999 383.562 0.457185 479.36 438.25 0.215698 314.989 367.807 0.580022 358.048 448.098 0.666923 387.377 490.987 0.563588 320.849 365.904 0.325962 369.774 414.894 0.139637 0 0 0 481.329 318.884 0.463893 494.981 318.984 0.110748 455.876 307.165 0.532056 0 0 0 1
5 111 67 477.456 334.475 0.415433 408.943 334.486 0.650603 399.172 334.614 0.651207 365.777 397.148 0.922622 383.547 446.128 0.828519 418.71 326.746 0.527897 450.037 383.431 0.487873 481.288 430.47 0.276586 314.994 365.921 0.543167 352.26 442.175 0.68713 383.477 491.02 0.694469 309.165 358.051 0.327044 367.954 414.8 0.169103 0 0 0 477.395 318.889 0.417933 493.07 318.944 0.10253 449.989 307.167 0.489995 0 0 0 1
5 111 68 477.347 334.567 0.497507 410.867 334.496 0.714829 399.155 334.591 0.682512 365.785 397.254 0.941995 383.522 446.156 0.814512 422.584 330.645 0.580159 453.945 383.469 0.706953 483.249 430.469 0.647555 311.102 367.778 0.535763 356.124 448.046 0.621064 385.42 491.037 0.668997 309.142 360.005 0.316897 367.869 414.779 0.174021 0 0 0 475.471 320.84 0.546418 491.016 318.962 0.0826701 450.032 311.115 0.533412 0 0 0 1
5 111 69 477.337 330.662 0.469672 412.778 334.596 0.742931 399.162 334.591 0.717146 365.827 399.081 0.935661 383.569 446.128 0.849745 426.512 334.513 0.609209 457.816 385.406 0.740137 487.127 430.517 0.595779 313.074 367.893 0.585129 359.985 449.992 0.61403 381.587 489.118 0.691929 338.461 375.64 0.349598 373.703 414.813 0.159412 0 0 0 475.369 318.917 0.521405 487.145 316.959 0.0770192 448.014 313.019 0.518722 0 0 0 1
5 111 70 477.369 334.561 0.510764 410.881 334.607 0.742476 399.075 336.472 0.740589 365.851 399.112 0.936565 383.562 446.111 0.848196 426.461 334.516 0.585246 457.759 383.524 0.737025 489.097 430.505 0.691356 311.097 369.763 0.572395 361.912 453.915 0.539849 383.451 489.112 0.620451 336.534 375.642 0.327915 375.683 414.77 0.182093 0 0 0 475.472 320.888 0.569027 489.095 318.897 0.0749107 451.941 316.927 0.544514 0 0 0 1
5 111 71 477.426 336.464 0.447873 410.851 334.506 0.703771 399.114 336.454 0.650235 365.877 399.124 0.918849 383.582 446.143 0.856333 424.523 330.616 0.57364 451.955 379.588 0.714522 485.175 426.545 0.697154 314.978 367.876 0.53202 354.177 444.167 0.6418 381.493 491.046 0.696296 328.686 369.784 0.307462 371.809 414.77 0.175868 0 0 0 477.474 320.899 0.525325 0 0 0 459.771 316.957 0.615538 0 0 0 1
5 111 72 473.508 336.478 0.427284 408.93 334.477 0.690271 399.086 334.595 0.66821 365.88 399.142 0.935503 385.452 448.01 0.876016 420.673 326.729 0.590772 448.077 373.734 0.726602 481.331 418.679 0.74161 313.056 367.847 0.536972 358.082 446.1 0.651721 383.42 491.09 0.683194 332.612 369.803 0.303946 373.734 414.76 0.166807 0 0 0 473.446 322.814 0.441014 0 0 0 448.073 316.951 0.476118 0 0 0 1
5 111 73 465.693 352.138 0.410054 410.877 332.644 0.710898 399.127 336.478 0.663971 365.893 397.238 0.923993 385.457 446.161 0.851645 424.526 324.797 0.591856 446.145 373.694 0.757187 481.301 416.794 0.776098 315.018 365.92 0.561816 356.131 444.102 0.599803 381.465 491.035 0.719034 332.593 367.83 0.306871 404.99 405.007 0.192723 381.52 461.745 0.0861922 471.517 338.522 0.41434 0 0 0 453.918 320.853 0.498685 0 0 0 1
5 111 74 473.412 350.265 0.430793 412.805 334.522 0.747836 401.067 334.597 0.67748 367.784 397.184 0.89508 385.487 446.161 0.800453 426.549 330.62 0.606971 451.937 379.582 0.760005 481.347 418.729 0.759756 314.978 363.863 0.549884 354.199 438.259 0.636549 379.559 489.139 0.736924 336.492 365.82 0.317533 403.055 401.149 0.21897 0 0 0 473.464 338.505 0.432017 0 0 0 453.917 322.828 0.445495 0 0 0 1
5 111 75 463.751 352.253 0.44803 412.855 334.47 0.748433 401.105 336.46 0.630623 367.81 397.203 0.914679 385.509 446.088 0.847012 428.386 326.709 0.638386 448.019 373.72 0.751719 481.276 416.79 0.791398 316.949 365.909 0.566106 363.853 448.038 0.630772 381.481 491.011 0.658202 336.507 367.857 0.325244 387.406 412.844 0.163414 0 0 0 465.654 348.227 0.449952 0 0 0 455.87 332.595 0.462626 0 0 0 1
5 111 76 469.538 352.165 0.523218 412.841 332.602 0.744374 403.022 334.542 0.633399 367.85 397.195 0.918918 387.365 446.026 0.817572 426.47 326.71 0.623035 446.109 371.77 0.771766 481.311 418.682 0.783721 318.849 367.796 0.574616 361.964 446.144 0.686423 385.426 491.089 0.719531 334.581 367.849 0.351741 381.52 416.725 0.178722 0 0 0 475.363 338.534 0.516896 0 0 0 457.807 320.862 0.535367 0 0 0 1
5 111 77 461.826 358.066 0.677383 414.707 332.614 0.784306 404.997 334.545 0.644685 367.86 397.114 0.897461 385.411 444.146 0.79246 426.531 326.757 0.626466 446.096 373.695 0.770349 479.374 416.75 0.804869 316.891 365.872 0.600315 356.101 438.25 0.611363 381.54 487.154 0.786393 332.586 367.815 0.378953 379.559 416.705 0.214156 381.532 463.707 0.10933 467.608 350.251 0.678798 0 0 0 459.702 330.648 0.607034 0 0 0 1
5 111 78 465.624 352.111 0.377705 412.903 332.536 0.732405 405.026 332.569 0.662255 367.874 397.101 0.910509 387.404 444.159 0.794841 426.5 326.702 0.609469 446.036 369.834 0.772919 477.392 414.788 0.860958 316.959 365.888 0.629186 359.96 442.164 0.63523 385.464 487.167 0.749558 334.55 367.888 0.383684 379.599 414.849 0.203198 0 0 0 471.537 340.437 0.368404 0 0 0 459.711 320.839 0.52497 0 0 0 1
5 111 79 471.493 344.337 0.206268 412.877 332.579 0.724572 404.968 332.556 0.674408 367.926 395.183 0.879174 389.312 442.197 0.787653 426.501 328.651 0.604563 446.129 373.667 0.760918 477.343 414.751 0.852916 316.93 367.801 0.657654 361.972 442.155 0.661922 385.465 487.15 0.798537 336.498 369.834 0.386084 385.433 414.815 0.19396 0 0 0 473.499 332.591 0.237098 0 0 0 457.816 311.066 0.50412 0 0 0 1
5 111 80 471.493 340.427 0.198245 412.867 332.576 0.724992 403.075 332.571 0.675238 367.931 395.191 0.881192 389.307 442.199 0.785018 426.471 326.759 0.604956 446.11 371.777 0.761196 477.342 414.754 0.854213 316.926 367.795 0.653629 361.985 442.17 0.654075 385.456 487.141 0.795412 336.494 369.829 0.384197 385.445 414.806 0.190038 0 0 0 473.486 328.679 0.232327 0 0 0 457.813 309.127 0.518766 0 0 0 1
5 111 81 471.545 340.453 0.196404 412.86 328.658 0.682928 405.012 326.73 0.650309 369.773 395.153 0.851716 391.272 442.145 0.768766 426.478 322.844 0.619512 444.211 369.793 0.784926 475.409 412.877 0.842845 316.944 365.931 0.650292 360.002 436.285 0.643325 383.553 483.256 0.802462 336.514 369.777 0.403963 410.879 405.021 0.285486 389.339 461.76 0.0971101 473.495 322.833 0.216293 0 0 0 455.892 309.14 0.476566 0 0 0 1
5 111 82 465.65 348.278 0.281997 412.787 324.762 0.666848 404.973 322.848 0.650745 369.853 395.207 0.823584 391.294 442.187 0.724619 424.563 320.897 0.579831 442.163 367.9 0.727811 473.502 412.882 0.813207 316.952 363.893 0.55436 363.861 438.24 0.58318 383.455 481.299 0.786034 322.832 360.012 0.347399 385.442 412.887 0.191633 391.275 461.708 0.0952953 467.621 338.49 0.26707 0 0 0 450.043 316.916 0.446074 0 0 0 1
5 111 83 461.721 338.512 0.184769 410.889 318.96 0.639489 404.992 318.942 0.628711 373.684 393.263 0.803228 395.226 444.083 0.794743 422.597 316.965 0.601694 438.282 369.746 0.722582 469.588 412.854 0.77373 318.884 363.87 0.521067 365.901 442.154 0.624271 377.643 489.14 0.698474 318.938 356.078 0.350848 377.585 414.763 0.122829 0 0 0 459.831 334.532 0.197542 0 0 0 449.988 313.031 0.365847 0 0 0 1
5 111 84 459.843 322.801 0.122505 408.885 318.941 0.620113 399.162 318.912 0.665546 375.625 391.276 0.798503 397.215 444.055 0.808035 420.621 316.903 0.552095 432.392 367.793 0.769495 459.866 408.875 0.731881 318.917 367.772 0.574036 363.936 434.318 0.664605 381.505 491.021 0.719555 316.919 363.888 0.400798 352.199 428.443 0.195667 367.88 483.238 0.245001 459.839 316.948 0.132495 0 0 0 446.178 305.25 0.261335 0 0 0 1
5 111 85 0 0 0 399.229 318.843 0.639824 0 0 0 0 0 0 0 0 0 406.965 311.062 0.56257 428.398 363.867 0.764367 453.903 404.992 0.778347 320.839 367.844 0.618401 365.827 430.489 0.700415 383.434 489.126 0.682784 314.991 363.907 0.437543 359.969 428.515 0.254592 369.82 489.102 0.348543 0 0 0 0 0 0 0 0 0 0 0 0 1
5 111 86 461.75 309.12 0.190768 401.054 315.022 0.639918 399.188 316.93 0.681735 381.514 385.438 0.852529 401.056 432.398 0.886771 408.885 311.064 0.58263 418.683 359.993 0.767941 446 401.073 0.855897 320.875 369.799 0.614546 367.828 438.259 0.718885 375.642 492.984 0.591838 320.862 367.824 0.497479 361.912 432.364 0.373111 369.838 491.053 0.464225 463.672 303.195 0.215599 0 0 0 444.09 297.358 0.429195 0 0 0 1
5 111 87 448.109 316.905 0.397749 401.067 311.057 0.628281 399.133 309.157 0.721512 381.412 381.528 0.846351 399.21 428.508 0.901368 408.921 309.136 0.569508 414.796 363.936 0.889152 438.307 399.2 0.856605 318.909 367.83 0.669689 363.886 430.511 0.792273 369.851 493.086 0.83843 334.558 367.863 0.540531 381.559 428.429 0.647504 391.304 475.506 0.659147 451.945 305.195 0.415855 0 0 0 442.114 295.465 0.524129 0 0 0 1
5 111 88 448.041 313.018 0.112963 403.085 305.201 0.598397 401.128 305.293 0.709483 381.506 375.661 0.716775 404.991 426.47 0.75611 410.891 303.202 0.514111 408.875 359.979 0.574859 430.37 397.193 0.823176 318.974 363.905 0.654995 360.014 428.415 0.748435 369.827 493.105 0.768647 320.858 359.987 0.461114 369.793 422.596 0.534198 371.728 485.203 0.432144 0 0 0 0 0 0 444.126 297.385 0.363878 0 0 0 1
5 111 89 461.729 316.965 0.0560023 405.01 299.373 0.410688 399.151 303.272 0.596128 381.503 367.881 0.793241 401.079 414.818 0.762127 412.79 289.604 0.314523 0 0 0 0 0 0 320.943 365.845 0.601814 361.933 428.528 0.757373 369.813 493.081 0.788844 350.224 365.844 0.176459 0 0 0 0 0 0 0 0 0 0 0 0 444.17 289.614 0.165506 0 0 0 1
5 111 90 455.88 309.17 0.229822 410.857 299.373 0.490979 405.012 305.26 0.565607 383.405 367.752 0.804477 403.066 406.927 0.730842 414.745 289.522 0.432954 0 0 0 0 0 0 322.876 363.884 0.629056 361.92 428.479 0.795061 369.813 493.09 0.805084 316.977 354.114 0.294012 359.982 424.561 0.243922 367.801 479.362 0.254952 457.85 303.287 0.270981 0 0 0 444.18 291.56 0.470887 0 0 0 1
5 111 91 453.906 303.185 0.148153 405.031 289.595 0.644442 410.834 299.381 0.669418 391.271 356.135 0.705464 412.891 399.142 0.680839 401.099 277.826 0.524725 0 0 0 0 0 0 322.884 363.889 0.649815 361.932 424.566 0.758439 369.831 493.017 0.823096 309.137 352.179 0.501288 350.203 422.611 0.366667 365.916 483.251 0.364395 459.732 291.536 0.170981 0 0 0 446.153 287.532 0.478172 0 0 0 1
5 111 92 448.117 301.311 0.133875 399.149 287.583 0.655736 405.026 293.453 0.699895 389.372 358.055 0.745508 412.819 397.135 0.752325 395.246 273.952 0.567065 0 0 0 0 0 0 326.764 365.85 0.662883 363.862 426.498 0.798161 369.838 491.164 0.831168 309.119 354.149 0.498934 348.276 424.554 0.406926 365.871 481.28 0.410721 0 0 0 0 0 0 446.074 281.74 0.512488 0 0 0 1
5 111 93 440.202 303.212 0.129737 395.213 285.615 0.625551 399.126 289.635 0.777286 397.122 361.923 0.759264 418.689 395.213 0.593407 385.446 273.873 0.525487 416.717 320.847 0.0551582 0 0 0 326.759 365.854 0.664535 363.879 422.606 0.778054 369.853 491.125 0.82287 307.164 352.214 0.519562 350.13 418.669 0.424962 365.893 479.389 0.45148 0 0 0 0 0 0 436.3 275.892 0.407303 0 0 0 1
5 111 94 444.144 287.53 0.0812293 395.206 279.782 0.562978 399.159 287.6 0.811599 397.217 358.052 0.764349 428.442 391.297 0.696796 383.552 269.994 0.472876 0 0 0 0 0 0 326.747 361.971 0.624687 365.76 416.763 0.769998 369.81 491.093 0.813556 307.184 352.147 0.561309 346.281 418.683 0.583181 365.933 479.401 0.552663 0 0 0 0 0 0 436.298 271.896 0.421499 0 0 0 1
5 111 95 0 0 0 395.181 273.873 0.684823 399.177 283.695 0.826195 399.085 350.211 0.795064 430.44 379.508 0.702879 383.495 262.191 0.562787 0 0 0 0 0 0 328.679 361.986 0.637711 365.914 416.712 0.809125 369.8 491.079 0.836411 307.163 352.14 0.594385 348.203 422.586 0.596272 365.895 477.402 0.426651 0 0 0 0 0 0 434.368 260.265 0.403395 0 0 0 1
5 111 96 0 0 0 387.371 271.904 0.808132 399.158 285.662 0.833535 401.098 348.255 0.7924 432.393 379.525 0.790135 377.637 258.242 0.70684 0 0 0 0 0 0 334.5 361.942 0.681524 367.812 414.841 0.830934 369.835 491.057 0.875961 305.305 350.206 0.659515 350.296 422.615 0.616816 367.811 479.322 0.515172 0 0 0 0 0 0 428.507 258.326 0.474155 412.746 244.574 0.0716404 1
5 111 97 0 0 0 383.515 271.907 0.832145 399.059 283.717 0.810872 401.098 338.544 0.79339 432.379 369.788 0.846646 371.742 258.248 0.700117 0 0 0 0 0 0 334.6 356.112 0.677087 367.89 412.842 0.83346 371.719 491.048 0.855725 309.153 348.239 0.622832 350.243 418.692 0.607338 369.833 479.36 0.476856 0 0 0 0 0 0 420.679 258.206 0.364672 0 0 0 1
5 111 98 0 0 0 383.433 268.007 0.796277 397.23 277.807 0.813756 401.082 336.508 0.817921 430.413 365.812 0.853855 369.782 256.256 0.663393 0 0 0 0 0 0 336.469 358.063 0.706577 375.613 412.758 0.797496 369.844 489.157 0.778944 307.227 348.221 0.607005 352.225 418.696 0.622214 375.623 485.209 0.550292 0 0 0 0 0 0 422.59 254.306 0.405991 403.07 238.666 0.0568672 1
5 111 98 356.088 201.511 0.191093 311.119 209.381 0.640733 328.704 232.849 0.536584 322.836 279.822 0.275181 0 0 0 297.406 191.691 0.641948 0 0 0 0 0 0 275.868 305.194 0.398458 0 0 0 0 0 0 248.497 287.598 0.394631 0 0 0 0 0 0 356.104 193.715 0.258909 0 0 0 348.29 191.745 0.593812 0 0 0 1
5 111 99 0 0 0 383.424 268.008 0.795125 397.223 277.804 0.8121 401.089 336.47 0.814151 430.421 365.798 0.847467 369.776 256.258 0.661876 0 0 0 0 0 0 336.476 358.073 0.708928 375.624 412.758 0.80049 369.842 489.152 0.778387 307.222 348.234 0.608087 352.195 418.711 0.631734 375.641 485.212 0.55104 0 0 0 0 0 0 420.691 254.316 0.419089 403.065 238.67 0.0566991 1
5 111 99 356.1 201.502 0.186658 311.125 209.38 0.638549 330.59 234.762 0.538889 322.83 281.716 0.272185 0 0 0 297.409 191.688 0.642247 0 0 0 0 0 0 275.867 305.199 0.400231 0 0 0 0 0 0 248.491 287.597 0.393257 0 0 0 0 0 0 356.114 193.708 0.254066 0 0 0 348.293 191.749 0.588095 0 0 0 1
5 111 100 0 0 0 311.082 207.415 0.698859 332.562 228.928 0.589641 320.839 274.041 0.204912 0 0 0 291.556 185.873 0.723529 0 0 0 0 0 0 275.87 303.209 0.43803 0 0 0 0 0 0 244.629 283.717 0.436083 0 0 0 0 0 0 0 0 0 0 0 0 350.246 191.731 0.648904 320.979 172.163 0.112805 0
5 111 100 0 0 0 381.414 258.327 0.758263 395.252 273.869 0.789233 404.98 340.411 0.751677 438.245 358.037 0.691594 363.916 252.383 0.589923 0 0 0 0 0 0 336.475 354.136 0.683039 377.599 406.964 0.787433 371.765 489.1 0.72626 305.248 342.418 0.612983 352.115 420.622 0.606435 375.679 485.198 0.533603 0 0 0 0 0 0 412.889 242.574 0.309678 0 0 0 1
5 111 101 0 0 0 371.732 256.335 0.76209 397.088 269.973 0.759421 405.018 332.592 0.720673 434.365 348.254 0.519985 350.229 244.612 0.605156 0 0 0 0 0 0 348.215 354.128 0.704089 381.561 401.161 0.787492 373.676 477.465 0.783285 307.22 344.345 0.625307 322.892 379.542 0.380407 344.315 430.407 0.508432 0 0 0 0 0 0 399.209 225.025 0.398345 0 0 0 1
5 111 101 352.206 195.626 0.0893937 309.135 207.328 0.697744 332.6 226.989 0.591063 320.85 274.016 0.15491 0 0 0 289.587 183.905 0.722693 0 0 0 0 0 0 275.935 297.413 0.441435 334.558 361.932 0.0624241 0 0 0 246.539 281.765 0.444905 0 0 0 0 0 0 354.15 185.902 0.167722 0 0 0 350.106 187.841 0.661319 320.94 168.262 0.0643739 1
5 111 102 0 0 0 373.698 256.213 0.749609 397.096 266.11 0.712545 406.93 330.609 0.697713 442.128 342.414 0.481779 352.181 242.63 0.630373 0 0 0 0 0 0 350.241 352.211 0.711413 381.576 401.067 0.724149 377.585 477.424 0.739679 309.18 342.396 0.588772 322.846 375.674 0.267805 373.698 475.45 0.278844 0 0 0 0 0 0 401.137 226.938 0.352181 0 0 0 1
5 111 102 0 0 0 307.175 203.498 0.678879 332.585 226.969 0.590811 318.889 273.99 0.170043 0 0 0 287.648 180.064 0.71281 0 0 0 0 0 0 279.786 293.505 0.429617 332.615 359.999 0.0573319 0 0 0 246.561 279.76 0.418325 348.292 418.67 0.372146 348.28 430.517 0.340796 0 0 0 0 0 0 346.271 189.736 0.599016 318.989 164.399 0.107279 1
5 111 103 0 0 0 377.575 256.226 0.731948 397.083 268.025 0.721243 412.787 332.627 0.771391 446.049 338.511 0.636896 356.098 242.63 0.581984 0 0 0 0 0 0 348.248 352.121 0.689024 383.554 395.216 0.718071 379.524 477.395 0.666407 311.062 338.514 0.594512 322.87 371.782 0.339904 348.256 430.489 0.623294 0 0 0 0 0 0 412.744 232.824 0.321424 0 0 0 1
5 111 103 0 0 0 307.177 199.544 0.656034 332.578 225.061 0.613098 307.156 271.97 0.312365 0 0 0 289.545 178.114 0.720808 0 0 0 0 0 0 273.904 291.556 0.518243 320.8 375.565 0.0792959 0 0 0 244.631 275.892 0.450317 0 0 0 0 0 0 0 0 0 0 0 0 348.263 181.927 0.583428 318.989 162.405 0.125425 0
5 111 104 0 0 0 379.598 254.27 0.745116 397.186 264.11 0.733254 414.74 330.671 0.834674 457.829 336.488 0.754238 361.963 242.526 0.614302 0 0 0 0 0 0 344.347 350.228 0.680953 385.483 385.446 0.760846 383.435 471.546 0.763973 307.204 336.56 0.58615 322.904 369.827 0.316462 0 0 0 0 0 0 0 0 0 414.743 230.876 0.305663 0 0 0 1
5 111 105 0 0 0 307.241 199.542 0.733621 336.44 223.08 0.679942 332.59 270.014 0.237131 0 0 0 285.652 178.064 0.769137 0 0 0 0 0 0 285.643 299.361 0.482192 0 0 0 0 0 0 250.427 283.688 0.469832 0 0 0 0 0 0 0 0 0 0 0 0 350.146 179.974 0.55754 316.97 160.384 0.240903 0
5 111 105 0 0 0 383.411 250.429 0.726245 399.215 266.055 0.732575 414.757 328.698 0.83826 459.735 334.629 0.740115 365.906 240.628 0.579894 0 0 0 0 0 0 334.572 350.21 0.594545 342.403 426.512 0.541089 350.244 432.465 0.301939 346.286 350.166 0.266457 391.307 385.442 0.606455 385.425 461.795 0.669101 0 0 0 0 0 0 416.758 236.722 0.328446 0 0 0 1
5 111 106 0 0 0 383.447 252.398 0.769449 401.073 268.034 0.776072 424.594 330.673 0.743205 471.479 338.516 0.565555 365.844 240.547 0.629794 0 0 0 0 0 0 346.305 352.14 0.524134 391.31 399.166 0.239978 399.108 457.83 0.34423 315.01 338.481 0.481415 326.734 371.77 0.126056 0 0 0 0 0 0 0 0 0 416.758 238.717 0.347781 0 0 0 1
5 111 107 430.459 238.66 0.0711507 385.485 252.395 0.590339 401.096 264.097 0.586164 426.525 328.699 0.569811 453.912 334.505 0.33058 371.731 240.636 0.401481 414.749 315.006 0.0559539 0 0 0 330.628 350.248 0.529759 348.196 436.28 0.552137 352.136 442.2 0.443754 367.767 348.256 0.581901 397.118 412.825 0.621567 408.877 455.863 0.388803 0 0 0 0 0 0 418.717 226.935 0.239374 0 0 0 1
5 111 107 354.119 178.01 0.210453 311.072 193.749 0.496777 289.657 180.075 0.434921 293.489 238.712 0.119003 0 0 0 336.481 211.276 0.330882 0 0 0 0 0 0 273.961 289.616 0.42526 0 0 0 0 0 0 303.185 291.518 0.252525 316.92 365.807 0.0689783 0 0 0 352.181 166.347 0.262155 0 0 0 338.536 164.336 0.40865 0 0 0 0
5 111 108 0 0 0 385.416 250.463 0.734006 410.833 267.998 0.704756 426.537 322.793 0.633075 450.016 320.873 0.406134 365.81 238.675 0.641854 0 0 0 0 0 0 360.017 350.22 0.612187 391.281 397.162 0.468954 412.764 442.186 0.503699 318.846 336.494 0.504619 334.552 383.482 0.451317 350.184 440.227 0.632612 0 0 0 0 0 0 422.615 228.932 0.192521 0 0 0 1
5 111 108 360.01 174.141 0.0735863 313.033 193.747 0.605656 334.621 209.372 0.499658 344.313 260.255 0.0831728 0 0 0 289.5 179.937 0.56688 0 0 0 0 0 0 289.611 295.436 0.382113 318.901 365.871 0.101518 352.208 428.463 0.0784068 258.344 285.661 0.364184 0 0 0 0 0 0 359.988 164.356 0.12757 0 0 0 350.158 166.275 0.499507 318.99 152.627 0.0777165 1
5 111 109 0 0 0 385.436 246.521 0.74004 410.832 260.251 0.684642 428.516 316.894 0.606102 459.742 309.158 0.37695 365.84 236.746 0.654382 0 0 0 0 0 0 358.043 348.234 0.61784 385.437 397.127 0.547187 414.873 444.055 0.621366 320.799 336.483 0.559468 334.62 391.302 0.422239 350.139 444.124 0.595931 0 0 0 0 0 0 424.529 222.996 0.17009 0 0 0 1
5 111 109 363.843 176.092 0.0523941 318.819 193.761 0.6153 338.506 209.373 0.507328 334.555 264.092 0.0757778 0 0 0 289.604 178.043 0.531294 0 0 0 0 0 0 291.562 291.563 0.384855 330.647 381.49 0.117519 352.113 432.421 0.132414 260.21 281.749 0.368004 0 0 0 0 0 0 359.999 166.291 0.087946 0 0 0 350.254 166.315 0.472532 0 0 0 1
5 111 110 0 0 0 385.468 250.471 0.688501 412.793 262.205 0.657023 430.526 311.078 0.564682 459.796 307.185 0.335818 365.819 240.638 0.607983 0 0 0 0 0 0 361.947 350.17 0.632787 387.428 397.163 0.580032 414.863 438.267 0.606093 320.89 336.577 0.47511 322.813 363.917 0.499402 350.127 442.121 0.733224 0 0 0 0 0 0 420.638 224.977 0.191412 0 0 0 1
5 111 110 363.942 176.1 0.215029 318.83 191.756 0.606736 336.498 201.525 0.503606 350.17 254.307 0.20696 0 0 0 293.458 178.089 0.495435 0 0 0 0 0 0 293.483 289.547 0.48714 318.926 354.11 0.14722 352.093 428.497 0.112931 268.043 285.651 0.450773 0 0 0 0 0 0 363.867 164.426 0.27766 0 0 0 350.191 164.358 0.516284 0 0 0 1
5 111 111 0 0 0 395.245 256.337 0.596152 414.711 271.915 0.629349 436.296 307.223 0.519938 465.676 311.077 0.548024 369.815 242.601 0.398137 0 0 0 0 0 0 363.933 350.275 0.636131 389.376 399.087 0.628451 416.76 442.206 0.668035 322.819 346.3 0.382256 326.743 369.815 0.479836 350.146 440.203 0.732004 0 0 0 0 0 0 428.542 226.97 0.145484 0 0 0 1
5 111 111 0 0 0 307.149 199.578 0.322964 330.635 195.654 0.259825 338.464 242.64 0.115474 0 0 0 277.851 205.391 0.278534 0 0 0 0 0 0 303.32 289.599 0.351305 322.842 352.165 0.0947208 350.231 428.507 0.0742367 271.992 291.545 0.372044 0 0 0 0 0 0 0 0 0 0 0 0 352.182 166.289 0.155905 0 0 0 0
5 111 112 0 0 0 297.412 209.293 0.241379 305.224 203.459 0.17721 338.479 244.591 0.0881309 0 0 0 277.802 209.365 0.225827 0 0 0 0 0 0 303.244 297.403 0.309068 322.834 367.81 0.174027 350.266 434.329 0.182808 273.991 297.361 0.290425 324.826 367.851 0.308777 350.154 440.181 0.504262 0 0 0 0 0 0 307.163 187.797 0.0794431 0 0 0 1
5 111 113 0 0 0 399.122 240.612 0.452756 428.539 242.603 0.361194 0 0 0 0 0 0 367.763 232.812 0.45949 326.754 262.16 0.137659 0 0 0 373.718 334.599 0.438385 385.444 383.506 0.589406 416.748 440.233 0.677199 334.516 330.644 0.364192 336.472 381.508 0.502469 350.223 442.121 0.686507 0 0 0 0 0 0 0 0 0 391.317 195.665 0.0531217 1
5 111 114 0 0 0 399.205 242.714 0.745272 430.43 258.218 0.645571 438.272 309.12 0.14294 0 0 0 367.911 232.804 0.735348 330.628 258.292 0.322412 0 0 0 381.463 336.554 0.675463 395.195 389.355 0.745528 418.672 442.166 0.76991 334.589 332.603 0.660853 342.368 385.492 0.662318 350.227 442.148 0.804009 0 0 0 0 0 0 430.509 224.98 0.16414 401.074 199.627 0.0799427 1
5 111 115 0 0 0 391.319 238.66 0.335814 422.611 234.812 0.316808 0 0 0 0 0 0 363.886 240.608 0.376285 324.78 275.902 0.0637742 0 0 0 377.612 334.523 0.603391 395.246 385.449 0.746661 416.755 444.043 0.795019 336.471 330.654 0.466034 338.448 379.576 0.625467 350.19 442.115 0.769084 0 0 0 0 0 0 0 0 0 0 0 0 1
5 111 116 0 0 0 397.226 244.564 0.745194 428.467 256.305 0.631182 432.424 303.232 0.189516 0 0 0 367.783 238.651 0.754187 334.551 273.891 0.343975 320.937 318.936 0.16048 383.472 336.512 0.691081 397.105 387.421 0.778824 416.761 442.2 0.790025 338.485 332.568 0.646568 338.54 385.446 0.682139 350.244 444.038 0.823517 0 0 0 0 0 0 428.4 224.976 0.160492 395.196 213.264 0.11333 1
5 111 117 0 0 0 399.216 240.737 0.696743 430.506 244.637 0.552959 457.8 289.515 0.113035 0 0 0 369.775 236.713 0.675049 334.599 273.879 0.487293 320.816 318.941 0.272864 383.482 334.623 0.672139 397.224 391.284 0.756419 416.793 444.144 0.772638 338.5 330.667 0.633848 338.49 387.431 0.638083 350.144 442.203 0.759786 0 0 0 0 0 0 430.447 215.254 0.0913196 397.181 211.304 0.0686221 1
5 111 118 0 0 0 412.754 246.538 0.766062 442.153 258.308 0.626384 449.992 311.118 0.23141 0 0 0 381.472 238.625 0.795482 336.514 272.012 0.625722 318.956 313.047 0.36987 385.485 336.589 0.66057 397.22 387.404 0.787881 416.751 444.077 0.798907 342.432 332.558 0.584255 336.483 381.55 0.677784 348.249 442.18 0.828207 0 0 0 0 0 0 444.055 225.03 0.155931 406.982 213.268 0.0818723 1
5 111 118 0 0 0 336.475 193.701 0.488158 363.875 207.337 0.31964 0 0 0 0 0 0 305.236 177.994 0.453221 281.72 213.271 0.0967799 0 0 0 315.003 277.805 0.355474 315.005 350.236 0.13596 0 0 0 279.773 273.891 0.438442 0 0 0 0 0 0 0 0 0 0 0 0 375.628 170.202 0.166427 0 0 0 0
5 111 119 0 0 0 412.758 248.469 0.770685 442.15 260.236 0.628117 449.989 313.07 0.251514 0 0 0 381.483 238.617 0.802858 336.493 271.97 0.638666 318.933 313.025 0.347137 385.487 336.6 0.662971 397.211 387.391 0.793796 416.755 444.098 0.815984 342.435 330.672 0.595105 336.527 383.447 0.680675 348.239 444.047 0.815724 0 0 0 0 0 0 444.091 226.914 0.182928 406.949 211.333 0.100741 1
5 111 119 0 0 0 334.639 193.697 0.451001 361.928 205.452 0.290166 0 0 0 0 0 0 305.204 177.994 0.425292 0 0 0 0 0 0 313.057 275.908 0.333488 311.11 350.209 0.127869 0 0 0 279.763 273.878 0.409679 0 0 0 0 0 0 0 0 0 0 0 0 371.769 168.253 0.149871 0 0 0 0
5 111 120 0 0 0 410.807 242.704 0.59103 438.284 254.355 0.496394 455.865 305.283 0.134614 0 0 0 379.543 236.733 0.646203 336.572 273.917 0.466629 320.894 316.924 0.177489 389.337 336.506 0.589522 399.074 391.328 0.668935 416.805 444.097 0.674424 346.339 330.642 0.525798 334.567 381.539 0.64162 346.331 440.183 0.774996 0 0 0 0 0 0 0 0 0 399.159 203.491 0.0536105 1
5 111 120 0 0 0 334.598 193.709 0.276257 363.88 203.483 0.14356 0 0 0 0 0 0 0 0 0 0 0 0 0 0 0 316.92 285.665 0.25005 320.852 360.014 0.143307 352.111 428.426 0.1157 287.62 285.639 0.340067 0 0 0 0 0 0 0 0 0 0 0 0 0 0 0 0 0 0 0
5 111 121 0 0 0 412.731 242.676 0.585868 442.158 254.317 0.523601 461.69 311.064 0.295642 451.959 332.608 0.0886097 379.578 236.749 0.579725 338.472 275.86 0.312803 332.566 318.933 0.123439 395.186 334.573 0.458065 397.176 385.432 0.493143 414.873 440.191 0.539425 350.193 326.724 0.436003 336.498 379.513 0.421398 344.373 432.408 0.624399 0 0 0 0 0 0 0 0 0 0 0 0 1
5 111 122 0 0 0 412.728 242.69 0.783901 440.218 254.348 0.662993 459.772 303.32 0.591845 463.682 328.71 0.322908 381.531 236.732 0.759286 340.406 273.91 0.517637 330.673 315.006 0.186944 395.256 334.581 0.672661 399.073 387.405 0.695668 414.847 440.249 0.719292 350.216 324.801 0.586469 336.577 385.437 0.458344 346.316 442.124 0.542691 0 0 0 0 0 0 444.073 221.088 0.14274 401.087 209.372 0.0744402 1
5 111 123 0 0 0 414.77 242.634 0.658353 446.126 252.393 0.527356 475.425 311.074 0.126446 0 0 0 381.579 236.765 0.653552 346.289 273.981 0.334649 332.567 315.025 0.14717 397.199 334.596 0.5208 399.074 385.495 0.521241 414.782 434.392 0.617946 350.283 326.734 0.48423 338.507 385.439 0.372713 348.234 444.107 0.537964 0 0 0 0 0 0 446.134 215.194 0.0843198 404.989 199.608 0.0660542 1
5 111 124 0 0 0 414.839 246.495 0.733028 446.028 258.242 0.673592 463.672 314.97 0.304601 459.762 334.586 0.102057 383.554 238.63 0.783948 340.409 273.913 0.517219 328.678 318.859 0.227914 397.192 340.41 0.668284 399.214 393.267 0.5111 414.755 432.442 0.638645 352.135 332.617 0.613021 340.434 383.534 0.485176 348.21 444.167 0.711183 0 0 0 0 0 0 449.98 222.994 0.178094 412.843 207.337 0.134308 1
5 111 125 0 0 0 412.904 244.531 0.737998 444.044 256.299 0.635204 457.824 307.203 0.250511 0 0 0 383.529 236.773 0.764394 344.348 273.983 0.552702 326.75 316.978 0.265793 397.227 338.509 0.698078 399.183 391.316 0.629468 416.757 438.262 0.677734 352.143 334.604 0.659983 342.4 397.146 0.549198 346.266 448.053 0.626179 0 0 0 0 0 0 444.167 223.015 0.120027 410.858 209.31 0.111315 1
5 111 126 0 0 0 414.788 244.635 0.731572 444.138 258.198 0.693074 459.797 305.283 0.315787 0 0 0 383.565 238.671 0.784726 338.518 273.878 0.542375 326.725 322.813 0.269015 399.062 342.391 0.712461 404.982 401.064 0.636382 416.735 440.24 0.595463 352.209 336.515 0.713923 346.301 406.933 0.643055 344.363 455.84 0.603373 0 0 0 0 0 0 448.048 222.999 0.193023 416.798 205.42 0.11212 1
5 111 127 0 0 0 416.72 250.445 0.744864 446.12 260.263 0.681457 455.891 316.972 0.252666 442.111 336.53 0.154387 385.439 238.712 0.820306 342.377 275.844 0.608907 330.616 320.821 0.313175 399.075 348.214 0.725607 403.02 397.201 0.657908 416.759 440.242 0.658185 352.218 336.562 0.708913 344.327 397.21 0.63141 338.479 453.935 0.756373 0 0 0 0 0 0 449.997 224.896 0.259489 420.677 209.292 0.251596 1
5 111 128 0 0 0 416.727 252.394 0.7554 446.069 260.237 0.707511 465.673 313.062 0.347666 448.086 330.681 0.204657 387.367 240.648 0.80782 346.263 275.879 0.63009 332.554 320.877 0.326695 399.147 348.2 0.724265 403.036 399.142 0.682578 416.788 442.166 0.665719 356.059 338.463 0.695882 348.19 403.04 0.721921 338.445 461.79 0.74891 0 0 0 0 0 0 448.072 224.92 0.290527 418.682 209.326 0.233545 1
5 111 129 0 0 0 416.749 252.41 0.730146 446.111 260.265 0.669371 461.743 314.981 0.257636 446.016 332.617 0.134648 387.403 240.617 0.794546 348.228 275.847 0.631728 332.582 318.916 0.407519 399.155 346.315 0.711762 401.107 399.087 0.740176 418.673 444.083 0.685116 356.075 338.447 0.699149 348.207 401.129 0.756006 336.45 459.832 0.866195 0 0 0 0 0 0 449.992 224.923 0.280662 420.656 209.332 0.222839 1
5 111 130 0 0 0 414.869 252.402 0.731057 444.165 260.227 0.668235 449.982 314.966 0.279195 444.059 332.622 0.137528 389.361 240.634 0.79774 350.197 275.842 0.646144 334.618 318.939 0.452602 399.161 342.41 0.704325 401.057 395.221 0.772606 416.746 442.142 0.742352 356.099 336.531 0.718986 348.214 399.213 0.779569 334.583 461.756 0.908701 0 0 0 0 0 0 446.141 224.989 0.222991 416.73 209.356 0.159586 1
5 111 130 0 0 0 342.38 209.288 0.252207 365.886 215.196 0.14189 0 0 0 0 0 0 314.991 191.746 0.234499 0 0 0 0 0 0 322.876 293.501 0.31867 320.834 379.509 0.335299 322.834 444.048 0.268984 299.36 293.508 0.414974 320.9 383.509 0.497393 0 0 0 0 0 0 0 0 0 0 0 0 0 0 0 0
5 111 131 0 0 0 416.783 250.403 0.671219 446.078 258.259 0.641969 448.087 313.055 0.188484 444.031 334.614 0.105595 391.287 240.613 0.766213 352.114 277.796 0.629882 336.558 320.896 0.464688 399.214 342.383 0.667525 399.1 395.202 0.739844 416.757 438.282 0.710638 358.034 336.477 0.673215 346.313 399.179 0.762118 332.625 463.728 0.85245 0 0 0 0 0 0 446.11 224.897 0.148489 414.852 207.393 0.125021 1
5 111 131 0 0 0 336.56 209.335 0.288605 365.863 219.11 0.175706 0 0 0 0 0 0 309.146 195.676 0.269081 0 0 0 0 0 0 324.785 301.281 0.281911 320.856 377.598 0.18125 320.893 438.255 0.111674 299.356 301.328 0.458345 0 0 0 0 0 0 0 0 0 0 0 0 0 0 0 0 0 0 0
5 111 132 0 0 0 418.739 248.506 0.718004 448.085 258.243 0.686165 461.707 315.023 0.260737 444.119 334.505 0.148138 389.332 240.583 0.798407 350.17 273.994 0.689995 334.598 318.872 0.421551 401.104 348.216 0.674246 399.177 393.256 0.647847 416.739 440.207 0.713211 358.009 336.585 0.688359 348.204 399.177 0.711356 330.669 467.592 0.797486 0 0 0 0 0 0 448.078 221.06 0.207315 422.621 203.506 0.217385 1
5 111 132 0 0 0 318.934 224.935 0.232589 344.329 225.019 0.116818 0 0 0 0 0 0 293.513 223.06 0.252482 0 0 0 0 0 0 318.867 307.178 0.275394 318.938 381.547 0.202717 320.815 442.167 0.128584 299.347 309.144 0.363948 0 0 0 0 0 0 0 0 0 0 0 0 0 0 0 0 0 0 0
5 111 133 0 0 0 416.71 248.51 0.743698 446.126 258.289 0.690778 453.93 316.899 0.292009 444.069 334.6 0.179082 385.399 240.586 0.819356 348.24 275.872 0.667628 334.579 320.88 0.508921 401.116 348.275 0.706132 403.035 399.098 0.735139 418.735 444.058 0.728686 356.097 338.531 0.703233 346.312 408.876 0.722407 330.647 471.53 0.827216 0 0 0 0 0 0 446.157 221.061 0.220547 418.725 205.448 0.252878 1
5 111 133 0 0 0 318.918 217.202 0.271483 338.489 213.249 0.144994 0 0 0 0 0 0 293.458 219.139 0.281134 0 0 0 0 0 0 318.917 301.288 0.315511 318.933 379.535 0.356512 320.815 442.144 0.263278 297.381 303.224 0.424304 313.077 381.498 0.444029 0 0 0 0 0 0 0 0 0 0 0 0 0 0 0 0
5 111 134 0 0 0 414.851 248.455 0.749465 446.115 258.305 0.688142 459.712 316.903 0.379087 442.188 334.543 0.191794 383.566 238.664 0.790229 348.258 273.98 0.623799 334.477 320.819 0.520423 403.035 348.225 0.667544 399.144 395.184 0.643488 416.784 440.217 0.701185 356.095 338.488 0.701055 346.301 406.938 0.707375 330.63 475.39 0.842569 0 0 0 0 0 0 446.116 224.989 0.199022 414.872 209.334 0.130515 1
5 111 134 0 0 0 328.717 209.381 0.182563 348.245 209.32 0.120868 0 0 0 0 0 0 299.383 211.319 0.16122 0 0 0 0 0 0 318.905 291.562 0.294249 318.844 383.457 0.425198 320.869 451.957 0.270178 297.42 293.494 0.320634 0 0 0 0 0 0 0 0 0 0 0 0 0 0 0 0 0 0 0
5 111 135 0 0 0 412.892 244.629 0.76132 444.107 256.353 0.673157 455.878 311.099 0.302301 442.127 336.515 0.138537 383.481 238.711 0.787636 346.294 275.909 0.620954 334.562 320.905 0.517991 403.02 344.347 0.659425 397.223 391.284 0.702802 416.772 442.107 0.725893 356.122 338.463 0.69249 346.304 406.98 0.700242 330.642 477.376 0.817793 0 0 0 0 0 0 444.139 225.046 0.181194 412.853 215.23 0.0838042 1
5 111 136 0 0 0 412.743 242.697 0.798005 442.188 252.379 0.685379 457.817 305.216 0.519451 446.047 328.675 0.206412 381.486 240.548 0.782497 340.472 279.798 0.628834 334.597 322.838 0.414863 403.013 346.271 0.684021 399.165 393.236 0.58293 414.851 436.311 0.666214 354.165 340.442 0.718167 346.246 412.884 0.721902 330.621 483.278 0.778274 0 0 0 0 0 0 442.175 223.011 0.138105 403.051 213.248 0.0761839 1
5 111 137 0 0 0 412.836 242.676 0.827253 444.139 254.301 0.702471 457.794 305.18 0.492648 444.181 328.688 0.259676 381.487 238.628 0.784607 338.514 281.723 0.680414 338.498 330.631 0.502775 403.068 344.373 0.700532 399.216 397.106 0.710775 416.754 442.129 0.71547 358.02 338.512 0.704793 348.245 412.826 0.745007 334.504 479.372 0.845148 0 0 0 0 0 0 442.21 223.002 0.197721 410.857 207.414 0.1709 1
5 111 138 0 0 0 412.855 242.657 0.829627 444.156 252.412 0.696233 457.782 305.164 0.483747 444.186 328.692 0.257192 381.501 236.769 0.785286 338.516 281.709 0.677731 338.498 328.716 0.493588 403.078 344.357 0.699415 399.207 397.112 0.712524 416.751 442.138 0.714439 358.039 338.5 0.704091 348.246 412.813 0.74284 334.5 479.359 0.846159 0 0 0 0 0 0 444.031 221.112 0.189388 410.885 207.392 0.174735 1
5 111 139 0 0 0 406.982 244.556 0.793716 438.262 256.266 0.715408 450.024 303.185 0.466767 444.123 330.665 0.180454 377.567 238.65 0.789749 338.445 283.713 0.688064 334.501 322.871 0.332769 403.037 342.383 0.712967 399.103 393.227 0.709653 416.717 440.205 0.726496 356.068 338.448 0.731856 350.135 410.858 0.757811 334.602 479.365 0.82931 0 0 0 0 0 0 434.332 225.032 0.215335 406.926 217.144 0.120516 1
5 111 140 0 0 0 403.016 242.536 0.794456 432.436 244.633 0.668765 448.085 295.466 0.55737 446.08 318.879 0.185788 371.71 238.632 0.756433 336.548 283.68 0.719919 324.762 332.558 0.512854 401.15 338.529 0.707909 397.24 387.436 0.679962 416.766 440.184 0.718475 354.208 338.466 0.718532 348.235 412.801 0.719101 336.472 487.179 0.83943 0 0 0 0 0 0 434.361 215.235 0.0877419 397.18 207.392 0.0518426 1
5 111 141 0 0 0 401.138 240.607 0.801545 432.393 242.585 0.710162 448.076 293.476 0.634959 448.014 322.843 0.227887 369.846 234.811 0.752783 336.574 279.757 0.734572 320.91 328.72 0.638672 401.07 338.526 0.745117 403.033 405 0.65343 416.772 440.253 0.574993 352.281 336.579 0.758107 350.174 412.847 0.848757 336.542 487.194 0.88324 0 0 0 0 0 0 436.32 211.271 0.0939384 0 0 0 1
5 111 142 0 0 0 401.06 238.706 0.820105 432.442 240.692 0.753257 446.084 293.499 0.672716 446.082 324.775 0.376208 367.841 234.743 0.768894 334.642 283.712 0.706435 322.845 326.729 0.560191 401.119 340.428 0.721564 406.987 412.784 0.669568 416.734 438.297 0.466047 354.118 338.48 0.742254 350.208 414.741 0.859106 338.494 491.074 0.870056 0 0 0 0 0 0 442.116 211.278 0.142415 399.099 195.684 0.0504722 1
5 111 143 0 0 0 399.228 240.709 0.908981 434.354 244.628 0.752411 446.049 299.329 0.715168 444.163 326.747 0.370102 367.802 234.807 0.834801 332.619 287.643 0.690123 318.914 324.793 0.273361 401.144 342.368 0.727273 408.908 414.756 0.712468 418.669 440.246 0.390184 354.151 338.528 0.742407 350.25 414.835 0.827162 340.417 491.084 0.844488 0 0 0 0 0 0 432.462 209.366 0.281411 397.222 195.635 0.300931 1
5 111 144 0 0 0 399.111 236.711 0.889121 430.534 240.672 0.823746 444.117 291.501 0.77141 446.168 320.835 0.529595 365.89 228.884 0.881622 332.576 287.664 0.738951 330.635 322.834 0.157389 401.148 338.471 0.742667 406.984 412.863 0.708805 416.754 440.245 0.44879 354.214 338.454 0.75424 350.262 414.709 0.848733 344.309 491.1 0.822929 0 0 0 0 0 0 430.411 203.477 0.334083 393.309 193.645 0.314417 1
5 111 145 0 0 0 397.262 227.037 0.901995 430.467 232.794 0.777312 442.211 287.541 0.772923 446.072 320.822 0.552481 363.948 225.081 0.849578 330.684 287.535 0.715992 332.619 318.92 0.118621 405.017 334.608 0.731391 403.067 405.002 0.673798 418.726 442.19 0.563761 358.058 334.577 0.741432 350.21 412.771 0.856427 346.304 491.043 0.830894 0 0 0 0 0 0 426.53 193.759 0.347054 389.339 185.872 0.310576 1
5 111 145 0 0 0 318.924 177.946 0.569668 352.132 179.992 0.530485 0 0 0 0 0 0 287.554 166.279 0.5312 271.875 215.244 0.156097 0 0 0 328.696 271.966 0.407977 326.756 348.252 0.135766 0 0 0 293.458 273.982 0.530565 318.805 363.914 0.527018 0 0 0 0 0 0 0 0 0 348.228 146.658 0.243832 309.161 136.991 0.0904921 0
5 111 146 0 0 0 393.286 227 0.846037 426.526 228.953 0.770269 440.205 287.557 0.675079 438.264 318.887 0.301066 359.967 226.92 0.785637 328.722 287.593 0.745777 332.599 316.976 0.160278 405.03 334.552 0.733873 401.13 399.206 0.747402 420.624 444.093 0.695158 359.993 334.57 0.716773 350.211 412.761 0.83038 348.226 489.118 0.848344 0 0 0 0 0 0 416.754 193.666 0.445613 383.523 187.808 0.227206 1
5 111 147 0 0 0 395.245 224.968 0.879267 428.55 225.007 0.798713 444.054 281.72 0.364819 428.495 316.94 0.0685457 358.052 223.068 0.800564 326.768 287.527 0.756952 324.772 305.219 0.172736 408.864 332.575 0.708537 399.211 397.238 0.781997 420.655 444.126 0.726896 361.938 334.523 0.750583 350.135 412.767 0.81231 348.244 489.086 0.845219 0 0 0 0 0 0 414.766 181.99 0.53863 381.482 180.099 0.446477 1
5 111 148 0 0 0 385.438 225.019 0.848402 418.708 224.99 0.752764 446.127 272 0.215703 0 0 0 352.118 225.037 0.84033 322.897 279.77 0.679756 320.913 320.945 0.77345 405.001 332.626 0.698225 399.22 399.18 0.738099 422.602 446.047 0.642775 361.966 334.598 0.702035 350.171 412.759 0.815049 348.293 483.247 0.901179 0 0 0 0 0 0 403.095 181.982 0.517198 371.736 181.931 0.412216 1
5 111 149 0 0 0 383.526 228.899 0.879634 418.731 228.956 0.772134 444.075 285.623 0.153319 0 0 0 350.187 228.925 0.81394 322.794 285.605 0.720291 322.822 320.949 0.727731 405 334.566 0.7436 399.173 399.096 0.77113 418.713 444.057 0.70149 360.003 336.58 0.732636 350.215 412.8 0.862661 348.271 483.237 0.904584 0 0 0 0 0 0 399.234 180.099 0.603663 365.937 182.005 0.556785 1
5 111 150 0 0 0 381.436 228.987 0.821534 412.897 228.932 0.796747 428.474 283.692 0.225409 0 0 0 344.333 234.752 0.745804 324.751 289.577 0.766475 324.762 320.943 0.657152 401.061 336.5 0.748534 399.116 399.115 0.788767 416.736 442.172 0.714859 356.112 342.394 0.721695 350.211 414.733 0.862689 348.286 481.314 0.90375 0 0 0 0 0 0 397.096 183.892 0.334755 361.963 181.936 0.40001 1
5 111 151 0 0 0 375.672 232.845 0.78427 412.743 230.875 0.782915 428.412 281.737 0.295585 0 0 0 338.479 236.719 0.775191 320.885 289.548 0.776504 322.814 322.809 0.686423 399.189 336.588 0.756908 401.124 406.978 0.728347 418.745 444.153 0.652323 354.182 346.288 0.706855 350.163 412.886 0.86738 348.239 481.327 0.894376 0 0 0 0 0 0 395.153 183.95 0.2948 350.275 189.743 0.290822 1
5 111 152 0 0 0 369.792 228.874 0.850595 406.93 226.975 0.771474 418.711 281.762 0.288933 0 0 0 336.55 230.854 0.779447 318.925 287.541 0.770226 318.846 328.668 0.778562 399.062 338.448 0.748715 403.021 408.877 0.698701 420.661 444.153 0.655219 352.199 348.275 0.754426 348.216 412.853 0.800461 348.219 481.313 0.890989 0 0 0 0 0 0 383.58 180.032 0.227907 348.296 180.06 0.288595 1
5 111 153 0 0 0 367.871 227.012 0.901026 403.059 225.08 0.785139 414.797 281.712 0.231663 0 0 0 334.612 230.902 0.796571 318.885 289.567 0.810367 316.927 332.576 0.772071 397.229 338.465 0.750925 403.053 406.937 0.654396 420.674 444.165 0.691555 352.107 350.197 0.766993 348.195 412.772 0.72143 348.194 477.419 0.900752 0 0 0 0 0 0 379.599 177.992 0.428319 340.413 181.952 0.507958 1
5 111 154 0 0 0 365.836 228.98 0.84434 399.07 226.983 0.809768 410.87 281.747 0.210901 0 0 0 332.559 236.752 0.795775 315.016 293.482 0.805579 307.169 340.424 0.653028 397.097 336.539 0.755028 401.063 403.036 0.723683 422.588 444.162 0.715704 352.08 348.267 0.778412 346.322 412.823 0.759129 346.275 477.358 0.886602 0 0 0 0 0 0 367.884 172.213 0.280571 334.594 183.911 0.450095 1
5 111 155 0 0 0 360.032 230.878 0.782995 391.336 227.044 0.756966 403.075 277.808 0.150995 0 0 0 328.69 238.638 0.777192 316.879 289.618 0.813936 305.285 334.497 0.830072 391.265 334.572 0.719651 399.063 399.122 0.806846 424.516 444.158 0.763947 350.11 344.322 0.72671 344.367 410.873 0.725155 344.37 475.471 0.926637 0 0 0 0 0 0 367.766 191.724 0.151764 332.545 193.714 0.291553 1
5 111 156 0 0 0 352.253 238.669 0.846047 385.413 230.85 0.766212 397.187 281.738 0.131329 0 0 0 320.953 242.583 0.812709 307.22 293.498 0.716666 303.321 336.515 0.916802 385.481 336.545 0.745512 397.258 403.027 0.774758 422.619 446.063 0.700678 344.354 350.153 0.700571 342.386 412.864 0.705791 346.287 475.475 0.930422 0 0 0 0 0 0 363.865 193.671 0.152688 322.861 199.592 0.219887 1
5 111 157 0 0 0 352.241 238.685 0.848476 385.4 230.854 0.766197 397.204 283.633 0.118909 0 0 0 320.943 242.605 0.810768 307.203 293.506 0.711385 303.314 336.506 0.918686 385.479 336.551 0.744914 397.247 401.158 0.775166 422.602 446.047 0.706769 344.354 350.165 0.700272 342.384 412.873 0.704802 346.29 475.475 0.931858 0 0 0 0 0 0 363.848 193.691 0.144989 322.843 201.497 0.216079 1
5 111 158 0 0 0 348.208 240.612 0.845992 379.596 232.803 0.779611 391.279 283.699 0.119292 0 0 0 316.92 244.564 0.754999 305.247 303.223 0.772481 303.21 346.303 0.772878 383.48 340.435 0.748187 397.25 408.905 0.73834 422.609 446.054 0.631678 338.46 352.203 0.717913 336.521 414.76 0.746805 348.291 477.37 0.882436 0 0 0 0 0 0 352.23 195.675 0.162364 318.847 205.461 0.219631 1
5 111 159 0 0 0 340.446 240.655 0.845804 369.819 228.935 0.776335 387.375 277.847 0.0953796 0 0 0 311.093 248.514 0.730962 303.216 305.27 0.79167 293.483 348.268 0.760954 379.595 336.59 0.749708 393.28 401.095 0.745948 422.577 446.074 0.725851 334.616 352.136 0.773423 336.465 414.764 0.804413 350.137 477.325 0.896439 0 0 0 0 0 0 348.25 195.652 0.218694 313.059 207.363 0.367996 1
5 111 160 0 0 0 334.639 242.648 0.873373 365.823 236.727 0.78599 0 0 0 0 0 0 305.299 256.205 0.77193 301.305 309.132 0.738613 291.535 356.095 0.76315 369.845 342.384 0.730061 391.28 401.112 0.713497 418.675 444.111 0.686472 332.542 354.179 0.690414 334.632 414.824 0.772157 348.274 475.512 0.878603 0 0 0 0 0 0 336.507 197.607 0.103809 303.251 205.424 0.290827 1
5 111 161 0 0 0 332.624 244.585 0.817512 359.986 236.747 0.750705 0 0 0 0 0 0 303.313 258.243 0.789395 303.161 316.914 0.745003 291.521 358.037 0.773834 367.904 342.404 0.754904 383.576 399.198 0.762953 414.806 442.155 0.724745 328.727 358.027 0.670854 332.565 414.845 0.71537 350.109 477.426 0.847727 0 0 0 0 0 0 332.624 195.599 0.148139 293.483 209.394 0.325217 1
5 111 162 285.593 215.258 0.070302 326.739 242.676 0.80666 350.282 234.804 0.77457 0 0 0 0 0 0 305.151 256.377 0.778347 301.288 316.913 0.7456 289.559 365.879 0.847644 365.778 334.578 0.766589 375.618 389.377 0.679355 414.732 436.293 0.76093 322.872 350.24 0.700974 324.796 412.784 0.726752 348.292 477.383 0.853457 0 0 0 0 0 0 326.719 197.595 0.109796 291.541 211.311 0.337352 1
5 111 163 273.853 226.941 0.0675672 320.88 246.557 0.819446 346.309 238.617 0.72426 0 0 0 0 0 0 303.162 260.231 0.72375 293.5 318.963 0.738424 287.678 367.854 0.775972 358.031 334.59 0.728475 367.799 387.426 0.77267 412.817 434.371 0.801533 322.807 350.251 0.703812 320.968 412.803 0.781343 348.258 477.446 0.858397 0 0 0 264.155 221.076 0.0680369 320.805 207.395 0.0996676 285.644 219.124 0.347189 1
5 111 164 269.978 226.915 0.0851654 318.918 244.59 0.760936 336.463 238.629 0.663616 0 0 0 0 0 0 303.215 258.264 0.667547 293.523 318.886 0.641812 287.593 365.922 0.654143 350.182 336.501 0.712605 356.124 385.484 0.69848 405.028 430.502 0.801105 318.956 350.259 0.706681 320.862 412.871 0.782208 350.155 477.464 0.877594 0 0 0 0 0 0 0 0 0 281.72 211.323 0.302118 1
5 111 166 258.257 230.891 0.0951019 303.345 244.593 0.744589 318.965 238.698 0.646754 0 0 0 0 0 0 289.517 258.248 0.673912 289.616 318.858 0.61905 283.714 365.834 0.522154 336.472 330.671 0.692632 340.445 387.371 0.709245 387.433 430.391 0.795823 309.151 342.39 0.635543 316.977 408.905 0.739035 350.142 477.388 0.903708 0 0 0 256.216 226.898 0.109056 0 0 0 269.928 222.991 0.300991 1
5 111 169 240.674 228.967 0.088627 285.659 248.453 0.698091 301.254 240.717 0.648046 0 0 0 0 0 0 272.005 258.227 0.613716 274.001 311.105 0.351481 264.109 352.175 0.302147 318.98 338.459 0.625188 320.879 408.893 0.547044 350.239 436.338 0.400777 299.313 352.151 0.645111 313.028 414.836 0.614279 350.27 477.38 0.850394 0 0 0 240.627 224.932 0.129803 0 0 0 254.343 219.148 0.408996 1
5 111 171 0 0 0 268.017 256.39 0.726714 287.613 246.508 0.682854 301.318 301.242 0.0522251 0 0 0 244.569 269.994 0.564061 236.705 318.915 0.411852 244.627 361.921 0.453324 307.145 348.24 0.617933 313.046 414.824 0.5447 336.573 465.677 0.579871 283.651 360.024 0.625836 313.019 422.584 0.592281 348.225 475.478 0.822094 0 0 0 0 0 0 0 0 0 238.625 232.82 0.332416 1
5 111 172 223.019 242.596 0.117169 268 256.292 0.676204 281.717 246.516 0.603602 0 0 0 0 0 0 254.375 264.119 0.579744 254.312 318.91 0.391586 240.585 359.982 0.50519 301.285 348.263 0.555042 305.195 424.55 0.524717 336.605 469.551 0.474014 279.771 359.976 0.623491 309.113 426.542 0.658199 348.245 477.302 0.833417 0 0 0 0 0 0 0 0 0 236.708 228.909 0.419676 1
5 111 173 213.225 246.544 0.216212 258.335 260.226 0.722005 273.894 254.376 0.670558 0 0 0 0 0 0 244.608 271.977 0.612596 226.957 324.78 0.440812 230.864 363.9 0.408854 291.557 352.233 0.437534 256.345 399.116 0.390471 283.711 444.047 0.6036 275.907 365.905 0.639753 305.245 428.437 0.70252 348.18 475.505 0.84643 0 0 0 0 0 0 0 0 0 228.945 236.702 0.443002 0
5 111 174 209.244 252.354 0.181872 258.189 262.152 0.701346 268.04 256.29 0.600591 0 0 0 0 0 0 250.418 270.02 0.654382 244.604 332.606 0.61417 227.023 377.591 0.446425 268.04 367.858 0.457508 260.193 436.301 0.281444 264.133 448.059 0.634671 275.859 373.722 0.65763 307.162 430.525 0.793673 348.192 477.357 0.870488 0 0 0 209.254 240.745 0.206086 0 0 0 224.983 234.768 0.37672 1
5 111 175 195.702 254.309 0.27348 246.555 262.194 0.64914 258.267 256.32 0.603207 0 0 0 0 0 0 240.708 271.937 0.677974 244.537 336.56 0.684919 224.906 387.373 0.650097 268.039 367.855 0.426903 250.427 459.757 0.637633 246.515 514.551 0.244123 271.918 377.585 0.641635 303.335 430.515 0.801608 346.307 477.323 0.831106 0 0 0 195.74 242.663 0.305808 0 0 0 213.235 238.644 0.483632 0
5 111 176 193.632 256.266 0.244594 240.669 270 0.655947 256.214 258.335 0.595337 0 0 0 0 0 0 228.898 273.962 0.54275 238.673 336.529 0.412 217.201 385.424 0.278259 271.986 373.713 0.48922 299.361 430.376 0.303959 336.498 473.472 0.328326 256.304 383.458 0.574443 303.21 432.357 0.663998 344.323 477.314 0.708476 0 0 0 193.661 246.512 0.220778 0 0 0 207.397 240.699 0.337615 0
5 111 177 193.664 256.281 0.253566 240.696 271.894 0.63682 254.376 260.262 0.553175 0 0 0 0 0 0 230.886 275.852 0.520534 238.726 336.574 0.442381 215.252 387.366 0.326045 271.956 375.678 0.476509 299.382 430.405 0.315679 336.503 473.483 0.356229 256.332 383.512 0.570004 303.231 432.366 0.657966 344.332 477.315 0.698924 0 0 0 193.691 244.636 0.223545 0 0 0 207.424 242.549 0.324226 0
5 111 178 180.002 258.305 0.305091 227.035 271.892 0.580635 232.852 264.123 0.376652 223.005 334.573 0.0579012 0 0 0 228.944 275.865 0.574011 236.771 340.466 0.643902 207.403 385.462 0.619402 240.623 383.449 0.560435 226.936 463.726 0.601864 224.982 477.375 0.426947 262.157 381.538 0.676809 291.601 430.5 0.798713 338.474 475.471 0.882804 0 0 0 181.925 252.403 0.323983 0 0 0 195.704 242.648 0.481995 0
5 111 182 146.726 264.131 0.219578 193.723 273.886 0.687184 207.355 268.006 0.578756 0 0 0 0 0 0 182.01 281.75 0.539593 193.617 340.458 0.388751 178.033 387.435 0.209996 240.685 375.659 0.660576 256.259 430.531 0.710973 326.725 471.542 0.754453 213.307 383.521 0.6266 193.67 412.814 0.619184 211.328 477.32 0.856908 0 0 0 0 0 0 0 0 0 162.312 248.47 0.362037 0
5 111 183 134.978 260.188 0.0806518 181.947 273.904 0.744879 195.721 268.052 0.642596 0 0 0 0 0 0 166.292 283.713 0.594072 166.28 350.221 0.371017 162.318 416.802 0.448055 234.806 387.367 0.652387 244.613 430.534 0.585374 313.037 471.473 0.629145 199.572 399.13 0.628195 193.616 428.406 0.517774 211.317 477.418 0.877211 0 0 0 0 0 0 0 0 0 148.663 246.52 0.263409 0
5 111 184 0 0 0 164.304 273.942 0.416508 178.049 266.097 0.310407 0 0 0 0 0 0 162.448 275.865 0.317255 166.282 356.085 0.138008 160.43 416.745 0.364412 223.033 373.694 0.497875 191.757 428.494 0.502795 211.301 477.399 0.632926 205.389 381.57 0.582546 201.536 430.502 0.452774 299.363 463.747 0.685294 0 0 0 0 0 0 0 0 0 136.959 252.397 0.186963 0
5 111 185 119.32 268.02 0.168229 162.354 275.927 0.570329 164.323 271.945 0.415375 148.824 346.262 0.09727 0 0 0 162.42 277.87 0.591165 164.342 344.329 0.338328 162.338 412.771 0.40766 197.599 373.693 0.473046 193.697 432.414 0.517486 211.359 477.469 0.60958 197.633 379.53 0.665565 195.643 434.366 0.659926 285.592 463.703 0.745843 0 0 0 0 0 0 0 0 0 133.013 250.462 0.346386 0
5 111 186 107.598 266.066 0.1945 152.651 277.802 0.497545 154.565 273.883 0.376619 160.351 336.551 0.0855 0 0 0 150.712 281.71 0.56319 178.031 361.928 0.508741 160.353 426.543 0.731577 195.673 375.685 0.494301 191.76 444.169 0.419763 211.307 479.307 0.437138 195.597 383.489 0.650521 193.636 446.141 0.648502 271.997 463.737 0.764649 0 0 0 113.426 258.196 0.211368 0 0 0 127.132 252.415 0.300072 0
5 111 187 91.9732 264.131 0.105604 140.861 271.892 0.587888 146.713 266.089 0.462372 134.992 330.668 0.0760381 0 0 0 133.094 273.888 0.589389 154.568 332.564 0.236448 115.487 367.844 0.148751 189.758 369.818 0.471163 176.075 455.859 0.347501 254.324 471.563 0.180235 180.076 379.515 0.641422 178.022 459.801 0.755407 264.122 469.561 0.71606 0 0 0 97.845 256.328 0.110287 0 0 0 109.562 252.366 0.257258 0
5 111 188 86.1065 269.952 0.109927 133.005 277.81 0.630425 138.923 271.9 0.459548 90.0204 228.885 0.178412 66.47 199.58 0.183072 131.037 281.741 0.484807 138.886 361.92 0.189832 148.68 414.747 0.345506 185.858 377.636 0.539114 185.883 446.093 0.421999 238.653 477.336 0.465912 166.299 389.339 0.565075 164.317 465.704 0.782307 240.64 477.464 0.64343 0 0 0 0 0 0 0 0 0 101.694 256.292 0.170945 0
5 111 189 76.2776 273.857 0.279288 129.155 287.545 0.609271 133.033 275.876 0.500179 70.4454 211.355 0.0591503 0 0 0 121.324 289.607 0.50354 146.679 369.832 0.208696 160.381 426.531 0.223845 177.967 381.525 0.420142 178.073 430.398 0.389747 225.035 487.134 0.422727 150.683 397.192 0.453528 152.6 475.391 0.677372 224.987 492.983 0.622233 0 0 0 76.303 266.085 0.296897 0 0 0 93.9258 258.343 0.435464 0
5 111 190 70.414 273.943 0.194735 117.429 287.571 0.687962 123.283 279.769 0.523846 0 0 0 0 0 0 115.347 289.636 0.650875 133.037 350.191 0.406177 133.084 389.34 0.0940215 170.216 373.726 0.536338 177.967 428.493 0.6214 213.264 477.474 0.659354 148.782 387.388 0.586208 144.782 475.353 0.708095 195.713 498.884 0.73116 0 0 0 70.4574 269.98 0.202591 0 0 0 84.1708 264.168 0.365895 0
5 111 191 48.9048 279.76 0.0531242 88.0243 285.638 0.537576 86.0946 285.649 0.359596 76.3335 334.608 0.179377 0 0 0 97.7872 283.702 0.566241 74.3839 334.469 0.42294 48.9205 363.849 0.486089 119.334 379.56 0.423815 115.474 459.783 0.61793 162.463 522.334 0.794546 142.839 375.66 0.55477 164.411 428.402 0.544623 213.271 477.336 0.751769 0 0 0 0 0 0 0 0 0 58.7368 269.966 0.101241 0
5 111 192 0 0 0 72.4085 287.575 0.522928 68.437 289.595 0.305016 68.4821 338.482 0.122441 0 0 0 84.1661 283.678 0.448723 68.5199 330.677 0.386856 37.1723 365.801 0.443537 117.375 391.315 0.380748 119.325 475.418 0.670492 146.77 534.143 0.776991 138.913 383.473 0.506862 172.17 434.376 0.620964 213.258 477.311 0.827502 0 0 0 0 0 0 0 0 0 52.7849 268.036 0.0599151 0
5 111 193 33.2699 293.502 0.117856 72.464 309.106 0.63838 58.7017 318.867 0.514512 68.4843 363.885 0.111007 0 0 0 88.0508 303.237 0.651394 133.08 352.258 0.551994 162.445 414.761 0.526655 109.562 418.715 0.544609 117.319 491.028 0.690083 131.053 543.904 0.75927 138.923 408.929 0.622085 177.978 444.081 0.592436 213.254 477.31 0.834912 0 0 0 37.1609 287.621 0.103695 0 0 0 39.2035 285.611 0.217014 0
