0 1 64 1062.39 436.292 0.639196 1101.54 469.57 0.82164 1081.94 459.848 0.79178 1044.81 473.498 0.743317 1007.65 490.976 0.933383 1119.21 477.483 0.813119 1134.84 540.061 0.888641 1134.77 590.868 0.871775 1083.88 577.14 0.597511 1085.95 659.321 0.76783 1132.78 714.173 0.385276 1099.59 582.991 0.700976 1054.52 639.811 0.755928 1023.21 714.148 0.562851 0 0 0 1068.26 430.423 0.813026 0 0 0 1083.92 436.315 0.870218 0
0 1 65 1062.39 436.284 0.635924 1101.54 469.573 0.822095 1081.93 459.848 0.791046 1044.82 473.505 0.740178 1007.64 490.977 0.936592 1119.21 477.486 0.813542 1134.85 540.059 0.887492 1134.77 590.864 0.875368 1083.86 577.144 0.594719 1085.93 659.311 0.760116 1132.76 714.172 0.385217 1099.58 583.001 0.704525 1054.5 641.741 0.754585 1021.32 714.152 0.553311 0 0 0 1068.26 430.42 0.81114 0 0 0 1083.92 436.311 0.869765 0
0 1 66 1040.91 442.102 0.775833 1083.85 471.544 0.804297 1058.45 461.845 0.79992 1033.02 477.409 0.670396 993.979 493.142 0.930372 1103.49 477.447 0.859556 1117.11 541.94 0.8713 1117.05 592.805 0.812651 1058.46 571.335 0.680464 1056.59 647.588 0.769036 1101.58 702.408 0.423131 1081.96 577.175 0.694161 1040.77 637.791 0.747976 1027.21 700.444 0.627036 0 0 0 1044.75 432.363 0.821215 0 0 0 1060.48 440.239 0.846744 0
0 1 67 1036.94 442.178 0.599975 1072.27 473.425 0.836747 1054.63 461.746 0.789917 1031.06 477.389 0.698665 992.018 495.036 0.918603 1093.69 479.417 0.79948 1105.42 541.989 0.865148 1103.52 594.767 0.87443 1050.62 571.298 0.643049 1050.66 649.545 0.6609 1097.56 714.152 0.435809 1070.21 577.195 0.722298 1033.01 639.764 0.678313 1025.31 700.476 0.592232 0 0 0 1038.9 432.421 0.734521 0 0 0 1054.56 442.128 0.908293 0
0 1 68 1019.32 444.11 0.623318 1056.45 473.479 0.87263 1038.82 461.823 0.799263 1011.6 487.177 0.726917 990.004 502.856 0.842799 1074.19 479.422 0.798725 1087.8 542.003 0.854541 1087.75 592.83 0.845088 1029.1 567.352 0.70088 999.774 626.058 0.715051 1023.25 696.528 0.547038 1056.46 573.288 0.723776 1025.25 641.722 0.615417 1076.09 714.149 0.466994 0 0 0 1021.33 436.287 0.674781 0 0 0 1036.94 440.235 0.879945 0
0 1 69 1007.63 442.196 0.540818 1052.54 473.491 0.82501 1029.16 461.812 0.750093 1013.54 487.171 0.646861 991.965 502.84 0.869373 1070.17 481.313 0.814811 1081.94 542.02 0.811644 1083.85 592.828 0.800714 1021.25 561.527 0.73992 989.998 626.109 0.768579 1015.43 688.718 0.620871 1046.71 571.368 0.702546 1023.16 639.773 0.764475 1062.4 702.408 0.449758 0 0 0 1009.54 432.406 0.629177 0 0 0 1025.17 440.177 0.899086 0
0 1 70 991.942 444.163 0.436895 1035.02 473.444 0.791638 1013.49 461.712 0.737327 1009.63 495.038 0.527614 989.988 508.713 0.7805 1052.64 481.291 0.83818 1062.4 542.023 0.800297 1068.18 598.62 0.824848 997.802 567.418 0.755718 968.474 631.939 0.799965 989.942 702.403 0.571017 1025.25 577.149 0.738678 1007.68 649.621 0.850247 1054.52 714.169 0.476774 0 0 0 991.957 438.247 0.464646 0 0 0 1007.5 442.119 0.891963 0
0 1 71 991.937 444.15 0.425915 1035.03 473.444 0.790913 1013.5 461.708 0.734651 1009.63 494.998 0.530217 989.993 508.699 0.785244 1052.64 481.289 0.837609 1062.4 542.031 0.799121 1068.18 598.628 0.825265 995.94 569.257 0.757852 968.475 631.973 0.799816 988.066 702.399 0.559904 1025.25 577.163 0.740312 1007.68 649.64 0.84881 1054.52 714.169 0.482995 0 0 0 991.947 436.351 0.458442 0 0 0 1005.68 442.127 0.893276 0
0 1 72 978.293 444.094 0.444453 1023.22 473.474 0.835827 1005.67 461.748 0.717765 1007.59 508.743 0.166759 988.043 522.384 0.236657 1038.96 479.386 0.856861 1054.49 545.874 0.812408 1054.6 600.612 0.844899 991.911 569.373 0.772899 962.554 632.022 0.802155 958.699 692.629 0.65464 1019.32 579.166 0.687419 1007.59 659.327 0.808046 1048.67 714.183 0.355899 0 0 0 980.205 434.359 0.487405 0 0 0 993.972 440.172 0.880982 0
0 1 73 960.544 444.157 0.523395 1003.68 475.39 0.806087 980.271 465.627 0.705467 0 0 0 0 0 0 1021.31 479.406 0.839883 1031.08 543.907 0.812449 1036.97 598.655 0.835734 976.302 571.359 0.75415 946.923 633.976 0.830361 913.72 694.504 0.736949 1003.7 581.089 0.675025 1003.67 655.434 0.722828 1023.27 714.179 0.377475 0 0 0 960.643 440.173 0.58448 0 0 0 976.22 444.042 0.919786 0
0 1 74 946.942 444.166 0.549384 991.939 475.487 0.847666 976.305 467.591 0.713558 0 0 0 0 0 0 1007.59 485.201 0.824069 1021.31 545.852 0.824387 1023.31 598.622 0.83711 964.626 575.238 0.708347 939.131 637.861 0.780742 899.988 694.606 0.742634 992.024 584.938 0.725905 995.844 657.383 0.709511 1019.36 714.155 0.308629 0 0 0 948.888 438.298 0.593542 0 0 0 962.69 444.073 0.973782 0
0 1 75 929.292 444.13 0.390803 968.476 477.362 0.784422 952.797 473.461 0.702841 0 0 0 0 0 0 982.159 481.322 0.805961 993.987 543.898 0.831737 1003.65 598.713 0.818512 944.93 575.26 0.739718 917.657 639.758 0.76762 894.128 696.601 0.663506 972.378 583.07 0.708472 986.089 651.526 0.719714 1023.24 714.163 0.504298 0 0 0 929.348 438.267 0.475093 0 0 0 943.012 444.033 0.908911 0
0 1 76 915.642 444.168 0.620561 958.701 477.316 0.816385 944.934 471.546 0.721227 0 0 0 0 0 0 972.42 481.299 0.802962 982.152 545.839 0.786986 991.854 600.604 0.859302 931.271 575.221 0.756167 911.759 645.597 0.801246 884.408 700.479 0.623356 960.577 584.937 0.728777 976.279 659.359 0.666144 1029.15 714.179 0.352923 0 0 0 917.575 440.206 0.646366 0 0 0 931.38 444.096 0.943095 0
0 1 77 915.649 444.167 0.607865 958.703 477.314 0.8168 944.937 471.547 0.721582 0 0 0 0 0 0 972.423 481.29 0.804974 982.156 543.959 0.785099 991.857 600.598 0.858549 931.279 575.231 0.752451 911.769 645.594 0.799515 884.41 700.471 0.622767 960.585 584.938 0.728355 976.292 659.334 0.662953 1029.11 714.178 0.359382 0 0 0 917.58 440.203 0.635926 0 0 0 931.373 444.087 0.942989 0
0 1 78 897.985 442.177 0.462201 937.18 477.358 0.771438 927.396 473.452 0.739396 0 0 0 0 0 0 946.958 483.284 0.798966 960.74 545.852 0.849011 966.54 600.64 0.835039 913.631 581.05 0.706548 890.246 649.594 0.672617 884.338 714.158 0.353263 933.28 585.001 0.708525 945.04 663.212 0.661837 993.95 714.179 0.162273 0 0 0 898.071 432.413 0.574537 0 0 0 911.766 440.166 0.887525 0
0 1 79 884.352 442.082 0.555783 927.414 475.469 0.799113 913.765 473.444 0.715062 0 0 0 0 0 0 939.116 477.499 0.795799 950.846 545.854 0.788075 958.711 600.617 0.844366 900.074 583.062 0.712573 884.434 649.579 0.673204 896.095 714.148 0.339544 925.458 586.948 0.67763 919.595 661.267 0.570694 931.335 714.177 0.184601 0 0 0 886.326 430.546 0.636142 0 0 0 900.004 440.161 0.861385 0
0 1 80 866.775 444.105 0.552032 911.676 475.5 0.749074 898.1 473.427 0.691506 0 0 0 0 0 0 917.658 479.407 0.813243 933.25 543.956 0.797473 937.148 600.545 0.831 886.326 586.946 0.639919 882.421 655.424 0.431282 898.061 714.169 0.135922 901.964 590.846 0.678865 884.326 657.422 0.662054 927.383 714.171 0.253326 0 0 0 866.806 436.281 0.608585 0 0 0 882.33 440.189 0.922341 0
0 1 81 856.953 444.07 0.531421 900.036 475.342 0.792163 892.17 467.583 0.649565 0 0 0 0 0 0 911.734 477.489 0.805363 927.344 543.934 0.795104 929.266 596.735 0.804604 884.384 586.925 0.592592 882.34 653.478 0.451787 907.84 714.147 0.182399 896.1 588.931 0.694755 866.762 653.532 0.745975 911.74 714.143 0.265279 0 0 0 856.992 432.456 0.578843 0 0 0 870.65 436.333 0.852093 0
0 1 82 839.337 444.025 0.563382 884.305 471.549 0.828608 874.54 463.753 0.727043 862.813 493.087 0.390231 841.32 506.722 0.7109 896.036 475.496 0.835067 907.805 540.086 0.780257 909.784 590.893 0.796691 870.698 584.961 0.586738 853.038 649.556 0.532769 884.349 704.383 0.290512 880.375 586.975 0.741124 837.417 649.599 0.87059 876.513 714.151 0.436135 0 0 0 839.382 432.395 0.606256 0 0 0 853.142 432.428 0.892419 0
0 1 83 839.321 444.027 0.581071 884.303 471.551 0.829331 874.53 465.622 0.726615 862.812 493.104 0.392158 839.427 506.748 0.71804 896.037 475.491 0.838564 907.788 540.067 0.782311 909.779 590.887 0.797143 870.708 584.949 0.585577 853.026 649.544 0.532018 884.342 704.382 0.288923 880.395 586.965 0.745238 837.421 649.585 0.872647 876.5 714.151 0.440608 0 0 0 839.371 432.399 0.620262 0 0 0 853.137 432.426 0.892943 0
0 1 84 835.393 444.091 0.527305 874.594 469.562 0.760789 866.72 463.694 0.755049 849.135 491.129 0.68439 821.743 506.71 0.81135 884.317 475.484 0.843427 898.023 539.985 0.863878 898.002 590.87 0.813768 862.836 583.008 0.524577 837.407 647.625 0.412977 866.747 700.456 0.184441 868.717 586.914 0.795289 825.628 649.518 0.776015 856.952 714.151 0.380345 0 0 0 835.392 434.362 0.574868 0 0 0 849.067 434.318 0.885862 0
0 1 85 815.901 442.197 0.480001 855.004 475.336 0.815999 847.17 463.737 0.68551 827.594 487.191 0.711934 794.349 494.979 0.890251 866.749 479.358 0.861663 880.402 542.007 0.817612 880.355 596.702 0.796242 845.236 586.973 0.54564 831.548 653.489 0.414117 829.54 714.158 0.137323 851.13 590.847 0.774931 810.025 651.499 0.715604 802.203 714.167 0.393063 0 0 0 815.904 432.433 0.56308 0 0 0 825.646 432.476 0.848952 0
0 1 86 804.163 444.097 0.494336 847.168 473.46 0.773937 835.481 463.692 0.723048 817.851 481.301 0.661114 788.462 491.178 0.91857 854.981 479.318 0.823768 866.809 541.979 0.832083 866.736 598.625 0.821386 835.414 586.957 0.528153 837.367 661.318 0.307829 894.143 714.162 0.109157 839.311 592.79 0.718812 804.203 651.563 0.648101 786.478 714.169 0.26309 0 0 0 804.187 434.351 0.565585 0 0 0 819.674 436.268 0.888249 0
0 1 87 788.366 444.209 0.413949 823.729 475.419 0.810312 813.901 467.593 0.666504 788.503 483.271 0.64527 759.152 491.173 0.863426 835.494 483.246 0.819349 847.177 549.796 0.781008 845.228 600.578 0.796171 819.752 584.94 0.527055 806.074 649.56 0.351133 800.2 714.173 0.0519534 821.717 587.002 0.780929 788.428 647.655 0.7395 770.824 714.157 0.408564 0 0 0 788.39 440.177 0.468483 0 0 0 798.223 440.212 0.816713 0
0 1 88 774.682 444.217 0.37365 815.876 475.453 0.806579 804.154 471.454 0.698157 776.733 485.189 0.680753 745.485 493.048 0.846968 823.715 481.284 0.816883 835.407 545.846 0.80891 835.394 600.581 0.826048 804.101 584.988 0.585319 806.048 653.462 0.455299 853.079 714.147 0.142411 808.098 588.875 0.728292 774.829 643.707 0.649041 755.23 714.137 0.452829 0 0 0 774.728 440.191 0.453182 0 0 0 788.361 440.237 0.866358 0
0 1 89 774.687 446.002 0.388153 815.873 475.452 0.805968 804.15 469.58 0.697075 776.722 485.189 0.680496 745.482 493.042 0.843525 823.714 481.287 0.817891 835.413 545.854 0.810524 835.399 600.575 0.82697 804.089 584.99 0.585257 804.187 651.57 0.444756 853.079 714.147 0.140691 808.103 588.875 0.727658 774.835 643.709 0.640295 755.222 714.134 0.445674 0 0 0 774.726 440.193 0.465411 0 0 0 788.365 440.234 0.86836 0
0 1 90 757.113 446.106 0.20316 794.322 477.393 0.826862 788.406 473.429 0.705464 765.002 489.103 0.703976 735.641 493.067 0.853296 804.177 485.239 0.815943 811.987 551.673 0.778361 809.992 600.688 0.868572 786.489 588.965 0.505532 776.778 665.222 0.39734 790.437 714.201 0.0675245 786.538 594.792 0.717005 745.431 661.284 0.657336 751.309 714.164 0.191757 0 0 0 755.232 442.147 0.30384 0 0 0 761.13 442.109 0.849372 0
0 1 91 743.501 446.092 0.225669 786.521 477.399 0.812166 774.864 473.465 0.738563 759.127 491.131 0.594794 727.893 498.901 0.795112 792.358 485.232 0.791295 802.2 551.688 0.809847 802.134 600.678 0.843238 770.817 592.817 0.527645 772.855 667.219 0.337769 831.515 714.16 0.102608 772.814 598.664 0.743209 741.584 667.174 0.619503 747.405 714.195 0.0686415 0 0 0 743.482 442.143 0.339057 0 0 0 755.233 440.242 0.856145 0
0 1 92 725.788 446.14 0.405108 763.064 475.414 0.751224 757.164 469.546 0.668521 741.5 502.829 0.32436 725.924 504.789 0.58632 772.831 481.333 0.785655 784.587 551.728 0.809697 778.67 600.676 0.855183 745.455 588.911 0.551673 739.571 659.362 0.319914 806.102 714.174 0.127687 755.17 592.821 0.711316 729.832 659.364 0.606178 759.123 714.185 0.105605 0 0 0 725.787 442.129 0.447042 0 0 0 737.58 442.17 0.878874 0
0 1 93 712.17 446.109 0.200841 757.164 475.39 0.719975 751.312 467.597 0.599719 755.174 512.66 0.0583068 0 0 0 759.138 479.39 0.833208 774.738 541.99 0.835179 772.714 598.659 0.835726 739.537 590.839 0.51565 745.452 663.299 0.325664 790.428 714.194 0.0976544 743.501 594.767 0.705165 743.474 667.145 0.517147 772.861 714.199 0.097742 0 0 0 712.167 438.276 0.304 0 0 0 725.908 440.236 0.951962 0
0 1 94 696.547 442.178 0.206961 741.428 465.699 0.649775 737.585 461.763 0.528481 0 0 0 0 0 0 741.589 475.339 0.826062 757.058 540.016 0.816528 751.294 592.825 0.760167 721.961 586.944 0.54796 723.932 663.242 0.359876 739.572 714.154 0.0757461 727.834 588.919 0.722717 725.811 665.171 0.580971 737.595 714.189 0.146412 0 0 0 696.496 430.472 0.322348 0 0 0 710.122 432.368 0.962792 0
0 1 95 696.546 442.184 0.203022 741.426 467.584 0.649001 737.598 461.765 0.528921 0 0 0 0 0 0 741.581 475.359 0.828626 757.062 540.026 0.818704 751.308 592.815 0.757986 721.957 586.937 0.546298 721.975 663.227 0.35022 737.614 714.149 0.0716798 727.839 588.914 0.722934 725.827 663.311 0.575372 737.6 714.186 0.153851 0 0 0 696.486 430.475 0.319328 0 0 0 710.112 432.375 0.959503 0
0 1 96 686.713 440.193 0.179004 727.763 467.599 0.71163 718.054 461.71 0.579667 0 0 0 0 0 0 735.682 475.468 0.812294 743.578 539.969 0.823017 741.507 590.842 0.810567 710.207 586.982 0.58046 710.214 665.213 0.385595 729.805 714.162 0.0683795 720.029 590.874 0.641406 714.157 667.161 0.552672 743.449 714.186 0.159807 0 0 0 684.785 430.435 0.304566 0 0 0 696.622 430.452 0.965607 0
0 1 97 665.284 436.283 0.18953 712.104 465.662 0.717657 706.304 461.715 0.592285 710.155 514.607 0.0501535 0 0 0 714.104 473.484 0.826301 725.939 537.988 0.820561 723.889 587.015 0.800041 696.535 583.019 0.544372 682.875 649.608 0.231185 751.319 714.173 0.0941067 702.409 585.055 0.693899 686.762 661.263 0.476967 737.588 714.198 0.120533 0 0 0 665.262 428.498 0.323732 0 0 0 680.785 428.514 0.973759 0
0 1 98 663.282 432.39 0.121455 708.209 461.827 0.706827 710.238 459.764 0.610455 712.113 510.617 0.0689219 0 0 0 702.407 471.512 0.747224 714.164 538.036 0.799172 710.294 587.016 0.837332 694.589 582.975 0.460927 669.159 647.589 0.164659 0 0 0 694.549 584.973 0.707487 673.035 657.413 0.423954 700.462 714.2 0.098642 0 0 0 0 0 0 698.457 422.638 0.0990965 669.167 428.427 0.930175 0
0 1 99 641.748 430.503 0.0883619 692.563 461.75 0.771924 698.465 457.764 0.636808 727.853 477.426 0.585038 725.862 508.663 0.567385 680.918 469.551 0.787098 696.562 534.094 0.688743 694.46 585.031 0.829278 692.6 583.01 0.469334 698.511 663.223 0.263453 743.432 714.168 0.23923 680.841 584.958 0.701703 647.569 655.439 0.533711 696.49 714.205 0.108381 0 0 0 0 0 0 680.87 422.601 0.0864761 651.491 426.523 0.947045 0
0 1 100 633.925 432.389 0.0560844 680.931 461.686 0.839418 696.449 453.93 0.741473 725.92 477.383 0.680687 725.805 508.7 0.659902 669.168 469.549 0.740308 682.881 534.138 0.746722 680.791 586.911 0.852001 694.602 577.202 0.4964 692.611 659.335 0.308873 741.43 714.168 0.166389 671.073 581.105 0.636652 643.709 653.505 0.630107 678.905 714.198 0.151108 0 0 0 0 0 0 676.899 416.757 0.168091 647.568 426.465 0.906426 0
0 1 101 633.903 432.378 0.05993 680.933 461.688 0.842241 696.455 453.933 0.741276 725.937 477.376 0.683578 725.801 508.702 0.659337 669.163 469.556 0.744288 682.87 534.145 0.753766 680.785 586.911 0.848998 696.496 575.245 0.510951 694.51 657.385 0.351197 741.487 714.166 0.207603 671.091 579.159 0.635692 639.799 651.491 0.684856 676.969 714.195 0.176258 0 0 0 0 0 0 676.892 416.763 0.161749 647.564 426.45 0.903355 0
0 1 102 616.234 428.437 0.204019 661.225 459.816 0.700404 667.189 453.913 0.589683 0 0 0 0 0 0 649.638 467.582 0.750892 665.314 524.434 0.738948 661.287 581.055 0.782042 657.403 575.199 0.36497 616.267 639.805 0.120689 0 0 0 651.516 581.058 0.600857 649.549 653.477 0.24369 674.987 714.194 0.0821346 0 0 0 616.334 416.796 0.317696 0 0 0 631.892 420.663 0.841346 0
0 1 103 614.295 426.518 0.0965646 651.529 457.788 0.762289 663.324 448.024 0.744282 692.626 479.408 0.305757 694.629 506.682 0.412343 643.719 461.799 0.761712 653.495 534.098 0.689167 647.648 583.046 0.821406 661.256 569.368 0.460188 663.202 647.634 0.192523 704.319 698.496 0.0910064 641.737 571.346 0.618444 616.336 649.566 0.41066 649.584 714.195 0.144436 0 0 0 0 0 0 649.539 414.792 0.0753579 618.35 416.8 0.848616 0
0 1 104 594.766 414.875 0.0912865 635.924 451.962 0.801304 649.651 444.195 0.793094 659.312 504.753 0.0693522 0 0 0 622.201 461.661 0.796759 630.03 526.36 0.722781 630.018 577.213 0.767254 649.561 563.453 0.568327 649.56 647.577 0.172957 0 0 0 626.099 569.304 0.639072 614.3 645.622 0.393725 629.968 714.172 0.114636 0 0 0 0 0 0 633.904 412.767 0.130908 602.645 412.873 0.957189 0
0 1 105 0 0 0 631.9 448.046 0.865762 647.503 444.098 0.844887 661.302 493.047 0.144117 0 0 0 616.307 459.7 0.826432 618.316 522.449 0.781964 618.289 571.351 0.847546 645.601 553.724 0.661948 633.88 628.028 0.39215 653.45 680.843 0.251738 616.364 557.611 0.689652 600.659 631.906 0.56598 614.324 714.147 0.259516 0 0 0 0 0 0 629.931 410.801 0.223132 600.572 412.784 0.900787 0
0 1 106 573.262 414.758 0.101492 616.266 444.151 0.831694 628.065 434.383 0.684867 0 0 0 0 0 0 602.629 453.914 0.814362 602.656 520.46 0.778417 602.575 569.384 0.881407 624.133 545.852 0.4969 602.614 612.409 0.135878 0 0 0 602.598 553.708 0.656654 567.403 608.508 0.560354 588.953 692.605 0.401907 0 0 0 0 0 0 0 0 0 584.907 406.988 0.892917 0
0 1 107 573.268 414.758 0.100392 616.27 444.15 0.832712 628.071 434.383 0.68685 0 0 0 0 0 0 602.629 453.907 0.815174 602.663 520.46 0.781074 602.577 569.393 0.87816 624.114 547.799 0.501143 602.602 614.365 0.148639 0 0 0 602.592 553.74 0.65902 567.386 612.412 0.540522 588.938 694.509 0.402239 0 0 0 0 0 0 0 0 0 584.911 408.861 0.895091 0
0 1 108 0 0 0 604.568 440.237 0.803631 618.314 430.483 0.746684 592.855 477.382 0.100225 0 0 0 590.89 446.101 0.800652 598.669 514.59 0.726386 598.62 567.368 0.802107 622.194 543.894 0.544178 600.693 606.53 0.0832465 0 0 0 598.717 553.625 0.645167 557.613 602.666 0.611522 569.354 673.03 0.138754 0 0 0 0 0 0 602.674 399.066 0.18756 571.377 403.009 0.917777 0
0 1 109 0 0 0 592.817 440.223 0.818458 612.356 430.367 0.765082 0 0 0 0 0 0 575.208 446.181 0.795657 581.041 510.719 0.75657 579.096 559.617 0.786336 620.23 540.074 0.580343 0 0 0 0 0 0 592.825 553.638 0.646359 543.884 602.6 0.51829 557.603 673.019 0.372223 0 0 0 0 0 0 588.97 397.205 0.276218 555.721 399.185 0.978917 0
0 1 110 0 0 0 586.894 436.31 0.872053 602.683 428.429 0.834955 0 0 0 0 0 0 569.309 446.168 0.833813 569.43 508.789 0.833563 569.398 557.673 0.855216 616.295 532.192 0.629375 592.865 590.896 0.19371 616.306 643.681 0.0837704 586.931 541.957 0.684398 555.618 598.709 0.395089 616.26 647.585 0.198544 0 0 0 0 0 0 583.033 397.104 0.269272 553.595 399.186 0.949039 0
0 1 111 0 0 0 569.428 440.218 0.888892 588.908 430.359 0.793817 0 0 0 0 0 0 551.747 448.008 0.824483 551.756 508.797 0.791745 553.674 557.636 0.850885 598.728 538.078 0.651207 602.622 616.347 0.106297 0 0 0 569.372 549.755 0.648196 551.719 608.474 0.276361 569.337 661.329 0.116937 0 0 0 0 0 0 571.351 397.133 0.733357 536.114 399.167 0.943035 0
0 1 112 0 0 0 559.606 438.23 0.802711 581.057 428.464 0.792938 0 0 0 0 0 0 541.93 446.065 0.829064 540.035 508.749 0.808045 540.071 557.6 0.868851 587.032 541.999 0.643439 596.731 624.108 0.122258 602.568 647.634 0.0692463 561.539 553.709 0.626669 545.874 620.237 0.275947 571.296 663.282 0.0759057 0 0 0 0 0 0 559.562 397.138 0.258062 526.294 399.152 0.965282 0
0 1 113 0 0 0 559.603 438.243 0.804741 581.061 428.457 0.792628 0 0 0 0 0 0 540.116 446.098 0.83364 540.033 508.756 0.805916 540.07 557.602 0.863579 587.041 543.901 0.640567 596.72 624.125 0.118043 602.572 647.626 0.0600132 561.537 553.729 0.624652 545.879 622.174 0.256329 571.309 665.201 0.0613408 0 0 0 0 0 0 559.571 397.136 0.258471 526.296 399.154 0.965343 0
0 1 114 0 0 0 540.094 438.289 0.850829 559.534 428.53 0.800499 0 0 0 0 0 0 524.258 446.126 0.85876 524.425 508.63 0.825952 524.412 555.618 0.89698 571.299 534.12 0.663479 585.002 596.754 0.234784 602.624 657.401 0.211352 545.845 543.897 0.664875 551.715 606.523 0.392813 557.641 663.219 0.116909 0 0 0 0 0 0 540.035 397.171 0.31616 510.614 399.21 0.930674 0
0 1 115 0 0 0 534.102 438.269 0.805223 551.739 428.489 0.858731 0 0 0 0 0 0 514.574 448.048 0.753601 514.591 508.706 0.764586 520.417 555.643 0.86539 555.645 528.285 0.712609 551.72 594.798 0.410559 596.736 645.675 0.219685 534.091 539.988 0.692058 524.34 602.588 0.493317 596.714 645.633 0.245799 0 0 0 0 0 0 528.284 397.101 0.292952 504.746 399.19 0.907395 0
0 1 116 0 0 0 520.378 438.221 0.8124 537.976 428.492 0.846852 0 0 0 0 0 0 500.846 446.139 0.790358 495.076 508.615 0.792494 498.945 553.776 0.863161 540.081 524.425 0.726945 524.343 590.905 0.264741 559.576 602.631 0.0745097 518.512 538.065 0.716096 508.757 602.641 0.672565 530.212 661.295 0.379381 0 0 0 0 0 0 520.418 397.067 0.364485 489.088 399.082 0.915551 0
0 1 117 0 0 0 508.814 430.499 0.884616 528.261 424.589 0.762796 0 0 0 0 0 0 493.02 444.06 0.836749 492.999 502.811 0.791581 492.991 551.75 0.872067 537.975 522.306 0.73661 520.4 586.986 0.301809 514.597 655.448 0.148239 510.661 532.163 0.701702 506.711 600.57 0.573005 575.217 612.394 0.222276 0 0 0 0 0 0 508.745 395.174 0.325317 477.46 397.152 0.955791 0
0 1 118 0 0 0 498.883 428.499 0.885531 522.355 416.771 0.863359 538.015 451.993 0.554891 0 0 0 477.388 440.181 0.835251 477.435 494.997 0.815924 477.37 543.926 0.872623 524.324 520.367 0.712506 508.733 571.379 0.138984 0 0 0 498.885 526.366 0.688882 495.023 588.926 0.516656 551.658 596.712 0.0728775 0 0 0 0 0 0 496.953 385.41 0.371064 465.624 395.205 0.911883 0
0 1 119 0 0 0 498.887 428.5 0.885704 522.355 416.778 0.859919 538.015 451.967 0.54514 0 0 0 477.393 440.179 0.834685 477.436 494.993 0.815587 477.373 543.929 0.869425 524.327 518.477 0.709422 508.69 571.374 0.14281 0 0 0 498.898 526.35 0.692268 495.005 588.925 0.531431 551.667 596.716 0.0847424 0 0 0 0 0 0 496.949 385.415 0.370589 465.63 395.207 0.910168 0
0 1 120 0 0 0 491.157 426.552 0.906805 512.607 414.761 0.864457 536.042 455.864 0.780169 522.362 473.454 0.48753 473.46 438.257 0.799245 471.543 494.982 0.77012 473.445 541.92 0.844604 518.466 508.751 0.683624 495.048 563.503 0.168718 522.413 592.85 0.0677055 491.088 522.392 0.706078 477.407 577.17 0.544131 538.088 590.888 0.126205 0 0 0 0 0 0 491.1 381.527 0.515821 459.792 389.348 0.857107 0
0 1 121 0 0 0 479.346 418.727 0.860005 502.815 412.812 0.851595 524.415 444.079 0.851886 526.345 473.403 0.808188 459.849 430.45 0.851795 459.834 491.03 0.847079 459.791 537.982 0.890228 508.638 504.796 0.789148 475.435 559.554 0.256196 487.127 616.353 0.20736 481.307 510.717 0.729826 475.359 567.422 0.65054 528.281 586.958 0.232394 0 0 0 0 0 0 479.402 381.446 0.38243 448.054 385.448 0.927576 0
0 1 122 0 0 0 475.39 416.76 0.905034 493.155 410.902 0.867086 522.441 444.023 0.842711 526.345 465.667 0.848148 451.968 428.523 0.812663 451.967 485.219 0.796118 451.964 534.162 0.831275 504.753 504.76 0.74429 483.268 553.708 0.219832 520.389 583.046 0.131858 477.327 510.636 0.784516 461.822 567.413 0.681263 481.34 618.336 0.468212 0 0 0 0 0 0 475.361 381.425 0.431218 444.126 383.544 0.906921 0
0 1 123 0 0 0 461.788 414.722 0.949241 485.242 406.981 0.787962 510.719 436.33 0.710901 524.388 461.844 0.886948 444.104 424.545 0.852938 444.054 479.389 0.822121 442.16 528.309 0.826484 491.08 495.022 0.74403 477.436 547.841 0.202053 506.784 585.015 0.0727531 465.624 506.677 0.687103 459.729 555.713 0.628808 477.408 616.289 0.338696 0 0 0 0 0 0 463.708 379.485 0.262372 430.499 381.461 0.933554 0
0 1 124 0 0 0 459.681 412.85 0.931998 479.317 403.083 0.834812 506.76 436.279 0.782562 522.376 461.833 0.908776 432.441 420.628 0.805543 432.383 477.349 0.872144 432.375 526.293 0.918941 479.399 494.967 0.761476 477.395 553.711 0.24979 504.795 577.173 0.0765043 457.83 506.678 0.72591 457.804 567.329 0.651431 477.372 620.199 0.326754 0 0 0 0 0 0 459.737 377.58 0.294592 428.53 379.583 0.9232 0
0 1 125 0 0 0 459.686 412.854 0.932592 479.323 403.095 0.833039 506.773 436.316 0.786338 522.383 463.671 0.902142 432.441 420.628 0.805363 432.381 477.353 0.87194 432.378 526.294 0.920547 479.405 494.966 0.759348 477.427 553.695 0.241943 504.79 571.306 0.0758558 457.835 506.682 0.727664 457.797 567.34 0.650829 477.354 618.316 0.307937 0 0 0 0 0 0 459.742 377.585 0.292475 428.536 379.589 0.920281 0
0 1 126 0 0 0 448.041 408.875 0.865657 473.48 399.234 0.862763 500.856 434.375 0.75261 512.581 463.669 0.858995 428.507 412.891 0.870554 422.597 471.52 0.794293 420.672 522.41 0.862786 475.343 493.123 0.735668 473.437 549.79 0.200732 494.99 573.301 0.0918018 446.018 504.736 0.738691 444.037 557.658 0.643147 475.451 612.393 0.286388 0 0 0 0 0 0 450.007 367.882 0.526032 416.805 379.499 0.921746 0
0 1 127 0 0 0 444.093 408.899 0.906929 465.657 399.134 0.874955 491.168 430.442 0.880059 508.664 459.822 0.976216 416.781 414.778 0.841063 416.708 471.503 0.837793 414.81 520.4 0.909449 465.703 492.993 0.756718 471.538 551.699 0.412272 491.081 590.883 0.174986 440.221 502.821 0.685941 440.202 559.566 0.667732 479.328 620.232 0.377342 0 0 0 0 0 0 446.072 367.817 0.638477 414.812 373.727 0.912725 0
0 1 128 0 0 0 430.491 404.972 0.869768 459.715 399.078 0.895571 479.31 428.539 0.840321 494.996 455.869 0.881517 408.89 412.896 0.837775 408.893 467.592 0.766217 403.057 514.556 0.834057 459.727 491.009 0.762535 449.992 545.872 0.172671 465.699 557.632 0.0676071 428.503 496.988 0.736111 428.487 559.581 0.700522 473.433 624.109 0.350355 0 0 0 0 0 0 442.151 365.769 0.704354 410.899 367.835 0.992434 0
0 1 129 0 0 0 428.497 399.221 0.944778 453.911 397.193 0.850713 477.311 428.475 0.83099 491.07 457.765 0.898155 403.013 406.988 0.810476 399.167 459.811 0.881429 397.253 508.774 0.944381 448.049 491.012 0.753772 448.038 547.834 0.310628 473.495 575.209 0.0951291 418.704 495.04 0.704815 414.74 555.638 0.548354 422.62 612.377 0.141003 0 0 0 0 0 0 436.291 363.873 0.626861 405.04 365.903 0.93182 0
0 1 130 0 0 0 416.805 397.239 0.90463 444.194 395.148 0.861504 469.583 428.486 0.838858 475.521 453.891 0.82281 395.246 401.144 0.864554 391.324 457.84 0.812609 387.361 504.735 0.877766 444.071 481.308 0.739675 438.226 538.077 0.38985 459.76 579.111 0.2138 412.827 491.108 0.778325 410.856 553.627 0.630446 436.281 614.317 0.315175 0 0 0 0 0 0 428.533 356.12 0.582797 397.175 361.923 0.908956 0
0 1 131 0 0 0 416.805 397.24 0.904283 444.194 395.151 0.863163 469.586 428.49 0.838743 475.524 453.886 0.823188 395.243 401.144 0.863317 391.321 457.838 0.812999 385.515 504.742 0.880336 444.066 481.332 0.734504 438.266 538.091 0.383792 459.782 577.174 0.215831 412.828 491.128 0.778482 410.835 553.671 0.636937 432.406 614.364 0.325194 0 0 0 0 0 0 428.535 356.122 0.581145 397.178 361.918 0.911272 0
0 1 132 0 0 0 414.721 397.142 0.954667 442.177 389.333 0.828905 461.832 422.638 0.808591 463.777 446.041 0.797032 387.417 401.107 0.846048 385.426 457.747 0.8297 381.512 496.973 0.918092 440.212 481.291 0.716498 438.284 538.075 0.533679 432.376 602.585 0.263058 408.865 491.037 0.705263 399.087 549.76 0.652904 414.721 606.497 0.430085 0 0 0 0 0 0 426.475 352.282 0.618123 395.153 356.084 0.90769 0
0 1 133 0 0 0 408.939 389.36 0.829991 430.426 383.47 0.868177 453.928 418.744 0.729977 442.134 432.393 0.232396 383.494 397.142 0.876084 381.496 446.096 0.832232 369.832 492.955 0.907253 428.527 485.243 0.749523 422.585 545.855 0.529788 414.797 606.545 0.52747 397.153 491.089 0.771323 391.272 551.735 0.628539 397.157 610.452 0.520605 0 0 0 0 0 0 416.71 350.134 0.659844 383.513 350.238 0.961663 0
0 1 134 0 0 0 401.056 383.569 0.902852 426.543 381.504 0.853399 448.073 412.84 0.777959 440.169 432.472 0.518793 379.597 393.22 0.862116 369.806 444.068 0.85511 365.956 489.112 0.91483 426.497 477.435 0.737828 416.746 539.93 0.577825 414.735 602.604 0.520955 393.223 483.267 0.699178 381.57 542.018 0.71425 383.583 602.683 0.640535 0 0 0 0 0 0 412.861 346.329 0.644521 381.503 348.261 0.9534 0
0 1 135 0 0 0 397.059 381.597 0.935058 416.773 377.595 0.843127 444.042 410.844 0.775262 426.553 414.886 0.224315 367.889 385.487 0.886208 365.826 438.272 0.848597 356.103 481.303 0.853406 414.874 475.444 0.76398 414.777 538.016 0.743734 414.867 602.621 0.773493 383.435 477.481 0.804552 379.577 539.937 0.726834 369.767 598.683 0.514318 0 0 0 0 0 0 405.015 346.263 0.726213 375.623 348.191 0.921714 0
0 1 136 0 0 0 391.329 381.467 0.880617 414.883 375.635 0.839334 440.186 412.749 0.746525 414.807 412.852 0.0808509 365.863 383.489 0.940685 356.069 434.356 0.796775 352.104 479.338 0.904899 410.881 471.491 0.73373 412.825 526.31 0.680142 414.731 588.946 0.620669 377.591 475.426 0.731304 375.644 536.029 0.611365 369.75 586.924 0.360734 0 0 0 0 0 0 399.198 340.437 0.62084 369.748 340.477 0.928344 0
0 1 137 0 0 0 391.331 381.465 0.880268 414.883 375.632 0.839632 440.195 412.736 0.746894 414.815 412.851 0.0810431 365.863 383.486 0.942204 356.076 434.348 0.797289 352.107 479.339 0.906983 410.901 469.595 0.733225 412.817 526.283 0.694041 414.736 588.905 0.649434 377.589 475.421 0.73095 371.784 536.028 0.622167 367.799 586.934 0.391349 0 0 0 0 0 0 399.195 340.45 0.617565 369.754 340.478 0.926887 0
0 1 138 0 0 0 381.527 377.64 0.916539 408.86 369.843 0.828169 432.357 399.217 0.793961 422.596 377.605 0.101945 354.101 381.595 0.904637 350.243 430.537 0.84998 342.355 477.309 0.920895 403.028 465.656 0.734349 401.096 534.129 0.607247 414.812 602.588 0.53326 367.924 475.37 0.758792 379.509 538.025 0.548899 412.794 598.684 0.327392 0 0 0 0 0 0 395.192 336.579 0.715068 363.935 340.445 0.917206 0
0 1 139 0 0 0 379.533 377.564 0.862892 401.154 369.762 0.827863 430.351 397.237 0.789212 408.903 395.162 0.111257 352.095 381.502 0.930527 348.24 430.479 0.840325 336.612 475.488 0.927951 399.125 467.605 0.751764 399.163 536.056 0.678282 414.763 602.609 0.699083 365.902 475.359 0.773704 367.863 536.11 0.653269 373.684 588.941 0.372012 0 0 0 0 0 0 389.343 336.471 0.72059 361.9 336.617 0.887823 0
0 1 140 0 0 0 367.822 375.641 0.906144 397.212 367.911 0.894835 428.381 397.088 0.785601 408.932 367.847 0.20173 340.434 381.497 0.870406 336.471 428.552 0.868399 332.634 473.491 0.898288 393.262 463.735 0.732467 397.146 524.329 0.472865 412.793 594.771 0.41153 354.199 473.457 0.724041 360.01 532.144 0.463478 369.785 567.408 0.207046 0 0 0 0 0 0 381.487 336.518 0.825397 350.278 336.624 0.99834 0
0 1 141 0 0 0 365.887 373.704 0.90629 395.195 367.844 0.900982 426.556 397.172 0.775216 399.202 397.146 0.187005 336.583 381.433 0.878697 334.479 428.461 0.876378 328.664 471.496 0.831799 385.508 461.76 0.779851 387.414 510.672 0.559655 399.073 551.746 0.27446 352.208 467.609 0.768486 352.163 524.288 0.596217 367.797 565.423 0.188622 0 0 0 0 0 0 377.576 336.465 0.687682 348.295 336.535 1.02548 0
0 1 142 0 0 0 356.123 367.888 0.862392 383.516 365.917 0.921284 414.722 399.121 0.88897 412.851 406.964 0.107222 334.454 373.714 0.842522 320.957 422.636 0.826079 318.936 461.841 0.927866 381.451 455.834 0.818888 385.463 508.687 0.807484 403.028 563.442 0.71341 348.215 459.806 0.775057 350.278 518.442 0.727069 363.893 569.341 0.589712 0 0 0 0 0 0 367.773 334.542 0.772857 338.455 334.582 0.963918 0
0 1 143 0 0 0 356.127 367.892 0.860433 383.522 365.92 0.918571 414.728 399.123 0.884675 412.87 408.923 0.104522 334.452 373.716 0.841124 320.955 422.633 0.825986 318.937 461.838 0.926377 381.454 455.835 0.815872 385.487 508.691 0.807509 403.055 563.455 0.720832 348.222 459.808 0.777121 350.276 518.444 0.725698 363.881 569.343 0.580613 0 0 0 0 0 0 367.777 334.542 0.770423 338.459 334.579 0.963426 0
0 1 144 0 0 0 352.236 367.747 0.931866 381.592 363.922 0.898884 412.777 399.06 0.866458 414.745 410.813 0.300866 326.741 369.806 0.842278 320.815 416.817 0.870623 316.968 461.659 0.936532 377.616 450.019 0.783696 381.549 504.816 0.800848 397.121 555.691 0.77837 344.319 457.788 0.733647 350.178 510.627 0.79837 365.826 567.396 0.690609 0 0 0 0 0 0 365.899 332.598 0.796352 336.499 332.627 1.01146 0
0 1 145 0 0 0 350.169 360.002 0.891579 377.612 354.128 0.84529 408.926 391.271 0.767801 414.72 408.947 0.663254 320.867 365.82 0.901416 316.97 412.885 0.876582 309.133 455.835 0.859151 369.835 444.095 0.829708 369.756 494.995 0.797604 381.567 551.743 0.728984 336.573 446.169 0.840402 342.384 506.701 0.762499 352.244 557.664 0.719875 0 0 0 0 0 0 361.973 320.944 0.844443 332.597 322.837 0.982024 0
