2 111 102 1213.13 340.474 0.823051 1259.98 367.855 0.358175 1234.6 365.854 0.509257 1218.9 414.787 0.146566 1216.93 444.134 0.233826 1277.65 369.79 0.277055 0 0 0 0 0 0 1224.72 504.769 0.377148 1181.81 571.302 0.554122 1148.46 653.485 0.504316 1258.01 508.681 0.137859 0 0 0 0 0 0 1213.03 334.494 0.28122 1222.84 334.485 0.833707 0 0 0 1254.07 326.732 0.782483 0
2 111 103 1205.23 348.193 0.290495 1238.45 365.886 0.14065 1213.14 365.841 0.256312 1209.13 436.282 0.0896324 0 0 0 1258.06 367.845 0.144541 0 0 0 0 0 0 1211.03 510.664 0.311436 1166.11 584.934 0.404194 1121.09 657.392 0.360173 0 0 0 0 0 0 0 0 0 1199.32 336.571 0.091867 1211.02 336.511 0.327842 0 0 0 1234.59 332.553 0.371256 0
2 111 104 1185.69 350.267 0.798812 1230.62 371.717 0.579907 1209.12 367.759 0.519432 1185.65 424.565 0.0836245 0 0 0 1254.08 381.472 0.576158 1256.09 459.738 0.110973 1211.03 459.715 0.393312 1195.39 508.716 0.394787 1154.36 584.975 0.251397 1113.28 655.464 0.257507 1215.04 522.358 0.416169 1156.29 584.931 0.389285 1109.33 655.459 0.330077 1183.7 342.411 0.0781717 1193.46 338.444 0.805119 0 0 0 1222.78 330.635 0.775937 0
2 111 105 1170 348.284 0.85764 1224.72 369.82 0.666786 1189.57 367.779 0.613775 1171.97 434.341 0.113444 1168.08 451.965 0.117329 1254.13 375.679 0.5958 1260.02 461.748 0.282366 1205.22 461.782 0.603972 1181.8 524.315 0.462499 1136.74 592.825 0.34064 1089.77 680.902 0.278608 1236.53 538.041 0.413648 1258.07 633.883 0.278779 0 0 0 1168.07 336.56 0.106749 1177.83 336.488 0.89547 0 0 0 1209.06 330.633 0.796556 0
2 111 106 1156.3 346.313 0.84598 1211.07 369.784 0.792495 1175.84 365.924 0.695863 1154.36 436.298 0.364571 1134.86 494.998 0.262543 1244.28 375.627 0.68928 1252.15 457.77 0.400316 1195.46 459.846 0.688024 1168.03 508.676 0.572292 1132.75 586.995 0.647475 1095.67 669.138 0.478646 1220.88 520.458 0.588621 1238.49 618.258 0.780898 1277.69 678.902 0.11166 0 0 0 1164.03 334.621 0.894227 0 0 0 1193.42 328.708 0.793728 0
2 111 107 1138.7 340.484 0.844554 1195.34 367.918 0.741016 1164.14 365.883 0.622542 1148.43 426.534 0.105714 0 0 0 1218.94 375.617 0.63163 1242.37 451.946 0.351638 1181.81 459.828 0.645222 1162.19 508.692 0.461044 1119.18 585.031 0.268182 1097.63 665.177 0.147103 1197.35 516.531 0.505934 1117.23 585.028 0.671158 1089.79 678.853 0.53112 1140.59 334.546 0.106493 1146.54 334.502 0.912918 0 0 0 1175.85 324.828 0.78756 0
2 111 108 1126.94 338.549 0.863713 1181.81 369.83 0.788839 1144.57 367.9 0.697871 1126.94 432.42 0.533608 1105.42 491.043 0.51594 1224.77 371.757 0.689562 1248.27 459.826 0.624105 1170.03 461.679 0.745808 1134.74 510.701 0.652735 1103.53 588.882 0.723076 1091.75 678.921 0.602391 1191.47 524.337 0.612742 1195.41 622.164 0.782679 1259.95 671.076 0.372063 1121.09 332.542 0.273312 1134.71 332.586 0.89262 0 0 0 1166.07 322.863 0.811585 0
2 111 109 1115.17 338.509 0.884313 1166.06 365.859 0.750537 1132.8 365.875 0.633544 1117.11 434.353 0.145853 1099.51 487.17 0.249648 1197.47 365.837 0.698372 1236.53 453.935 0.626945 1164.1 459.771 0.801327 1123.03 510.686 0.570906 1099.54 588.956 0.535299 1089.82 680.829 0.43531 1173.89 522.418 0.586327 1164.14 616.237 0.497232 1168.06 686.748 0.135698 1105.48 330.611 0.68462 1121.1 330.675 0.871973 0 0 0 1152.37 320.908 0.809155 0
2 111 110 1101.44 336.543 0.941701 1154.36 365.794 0.741597 1119.14 365.869 0.683781 1101.53 434.342 0.349422 1085.83 491.08 0.305673 1193.42 363.862 0.691296 1224.74 448.083 0.64022 1150.48 457.848 0.745029 1111.34 518.496 0.587565 1089.76 616.342 0.632855 1089.81 696.523 0.340463 1162.15 524.396 0.603667 1138.74 616.346 0.460141 1140.67 696.503 0.0614744 1097.58 326.712 0.337215 1105.45 326.734 0.847569 0 0 0 1134.88 320.834 0.882806 0
2 111 111 1087.79 336.56 0.964153 1148.45 363.926 0.781113 1107.4 363.926 0.640254 1089.76 438.247 0.459316 1072.18 498.882 0.574674 1181.74 363.879 0.711691 1211.13 449.989 0.645484 1140.69 457.787 0.692346 1103.54 514.577 0.591128 1087.79 612.38 0.507423 1087.88 684.763 0.279841 1146.5 522.407 0.582462 1091.78 614.337 0.568267 1091.73 692.601 0.3879 1085.85 324.79 0.142145 1093.68 326.774 0.829049 0 0 0 1121.16 320.801 0.853355 0
2 111 112 1074.13 336.496 0.946758 1134.85 361.955 0.779446 1097.58 363.895 0.668403 1076.09 438.23 0.433653 1056.57 502.843 0.475311 1177.81 358.061 0.704932 1199.4 444.197 0.656027 1134.75 455.834 0.736795 1099.58 512.602 0.571954 1101.5 608.491 0.458815 1099.54 684.769 0.155173 1134.75 520.427 0.566816 1085.84 608.489 0.62619 1097.59 692.579 0.435849 0 0 0 1083.86 324.829 0.880319 0 0 0 1115.18 320.785 0.893418 0
2 111 113 1066.32 336.444 0.908325 1121.14 358.062 0.737638 1085.84 363.883 0.691115 1068.21 442.159 0.425254 1042.88 502.843 0.369141 1162.15 354.134 0.722127 1195.48 444.12 0.728337 1126.94 453.92 0.747704 1097.62 516.533 0.549736 1083.94 602.569 0.358112 1134.76 667.212 0.261825 1148.46 522.337 0.560056 1087.77 600.626 0.419624 1128.92 669.121 0.238403 1064.35 322.875 0.139664 1072.11 322.883 0.921284 0 0 0 1103.4 318.962 0.945886 0
2 111 114 1054.55 336.489 0.945634 1111.27 354.131 0.74701 1068.29 354.185 0.693324 1052.59 432.386 0.463277 1033.06 506.744 0.386301 1150.36 352.233 0.771097 1189.55 444.081 0.688407 1117.26 455.823 0.798598 1085.92 520.44 0.61251 1072.21 598.711 0.289244 1099.57 678.89 0.0923011 1140.64 524.362 0.592669 1121.13 608.494 0.146789 0 0 0 1052.55 324.774 0.146992 1058.46 324.815 0.875442 0 0 0 1087.89 318.935 0.943466 0
2 111 115 1040.98 336.537 0.93074 1101.51 361.939 0.786885 1056.56 365.858 0.732342 1036.96 438.283 0.640717 1025.15 510.629 0.691231 1140.67 354.165 0.708935 1177.77 444.1 0.717361 1113.23 455.898 0.744302 1072.17 508.691 0.609742 1054.61 588.913 0.589952 1072.22 673.061 0.392256 1123.04 512.616 0.573464 1083.87 596.761 0.561654 1089.81 678.924 0.476143 1040.84 328.681 0.133803 1050.67 326.74 0.854146 0 0 0 1081.93 320.787 0.882954 0
2 111 116 1034.96 338.552 0.873689 1087.83 363.878 0.795355 1042.88 365.83 0.735781 1027.22 444.052 0.724701 1013.45 508.646 0.729151 1132.75 359.993 0.708745 1162.14 444.051 0.704582 1101.57 457.795 0.819646 1070.23 508.726 0.579909 1056.54 586.945 0.325302 1046.73 665.231 0.238654 1119.17 512.592 0.570524 1056.52 583.062 0.440491 1056.53 667.216 0.219122 1027.16 332.58 0.29627 1040.81 332.558 0.909147 0 0 0 1070.31 320.848 0.932696 0
2 111 117 1023.23 346.284 0.908522 1076.12 363.878 0.735678 1035.03 365.912 0.676465 1021.31 446.07 0.480082 1005.59 520.379 0.488759 1119.1 356.136 0.737223 1154.39 434.353 0.639952 1095.66 459.669 0.759049 1062.41 516.531 0.508097 1070.23 598.712 0.327896 1087.79 671.086 0.289397 1111.31 516.505 0.538854 1038.94 594.786 0.429031 1023.23 674.982 0.20502 1021.26 334.524 0.141777 1027.14 334.613 0.939878 0 0 0 1056.59 324.808 0.910901 0
2 111 118 1009.59 350.188 0.940242 1070.16 365.931 0.82087 1025.27 367.895 0.696213 1009.5 442.164 0.610094 984.157 508.684 0.32867 1107.36 365.82 0.718015 1146.48 438.267 0.630879 1087.79 459.784 0.83444 1056.49 520.409 0.529248 1062.41 590.872 0.430118 1085.94 665.241 0.528406 1111.27 518.459 0.538766 1025.21 590.844 0.458799 993.993 678.915 0.288216 1007.67 336.479 0.106779 1017.41 336.606 0.893733 0 0 0 1046.75 332.631 0.867894 0
2 111 119 997.807 352.253 0.877686 1058.45 367.924 0.768356 1015.42 377.622 0.615798 993.946 451.967 0.48709 970.445 520.439 0.230888 1101.48 367.752 0.723607 1132.75 442.174 0.749785 1074.14 463.748 0.792504 1044.81 522.44 0.501914 970.431 585.02 0.257106 0 0 0 1101.49 522.425 0.563631 1007.57 600.638 0.245271 968.504 690.655 0.0849236 994.016 342.412 0.155778 1007.51 344.351 0.871813 0 0 0 1036.96 336.441 0.916122 1
2 111 120 986.069 363.874 0.891697 1044.79 369.792 0.734673 1003.66 379.544 0.625838 988.064 442.165 0.646614 966.562 495.028 0.439692 1087.83 367.778 0.757467 1125.03 444.085 0.731334 1068.3 473.511 0.818111 1029.17 524.411 0.489457 972.402 606.522 0.137908 0 0 0 1087.8 526.304 0.540358 995.853 614.341 0.204819 0 0 0 986.059 350.16 0.1218 992.01 352.149 0.973957 0 0 0 1023.34 348.214 0.926417 1
2 111 121 976.266 367.885 0.92325 1036.91 381.503 0.775472 991.934 383.545 0.640956 976.322 444.194 0.765559 960.713 496.94 0.65313 1074.17 379.539 0.708618 1117.19 451.975 0.722372 1056.54 477.327 0.823869 1013.47 530.226 0.438468 964.566 602.641 0.122774 0 0 0 1072.16 536.046 0.47327 999.793 600.655 0.141294 0 0 0 974.357 354.17 0.0871333 978.354 360.027 0.86305 0 0 0 1009.63 352.098 0.974723 1
2 111 122 962.683 381.465 0.937754 1025.16 385.452 0.78509 978.328 395.18 0.668625 962.616 453.878 0.705671 948.901 506.642 0.741287 1070.19 383.518 0.726543 1103.5 459.706 0.745487 1044.82 483.27 0.766935 999.798 530.212 0.516206 978.238 618.273 0.230998 0 0 0 1062.39 536.054 0.542047 995.904 620.206 0.218015 0 0 0 960.706 365.905 0.0921496 972.332 367.905 0.896675 0 0 0 997.874 361.968 0.856759 1
2 111 123 952.802 385.431 0.864633 1011.52 397.202 0.802921 966.518 401.127 0.683887 958.63 459.793 0.723549 944.9 508.692 0.732915 1056.46 393.284 0.731231 1091.74 461.782 0.717069 1038.82 491.156 0.858852 993.976 537.986 0.424633 962.568 575.241 0.134583 0 0 0 1064.33 539.963 0.495262 980.228 575.232 0.176292 0 0 0 950.851 377.636 0.0850848 960.559 377.62 0.861517 0 0 0 990.01 367.824 0.940991 1
2 111 124 943.054 395.25 0.918896 1001.75 401.083 0.760101 958.661 410.901 0.664396 946.915 469.572 0.706958 935.192 520.441 0.70117 1044.76 399.084 0.730248 1085.85 471.538 0.680768 1027.16 496.945 0.803352 986.108 536.074 0.393194 939.109 573.273 0.147465 0 0 0 1054.61 536.102 0.469522 968.474 581.063 0.19876 0 0 0 941.092 381.536 0.0856805 946.938 383.49 0.954871 0 0 0 976.39 377.613 0.921529 1
2 111 125 931.402 401.134 0.859795 995.844 401.147 0.729799 958.675 408.906 0.497179 943.024 475.361 0.578457 927.42 524.401 0.523835 1033.05 403.058 0.69819 1074.17 475.348 0.703639 1019.37 504.729 0.806023 991.978 526.317 0.346765 913.659 571.294 0.179716 0 0 0 1052.63 534.112 0.479939 944.985 581.096 0.266543 960.66 696.539 0.0514201 929.351 395.178 0.0858799 937.167 395.164 0.812299 0 0 0 964.595 383.39 0.935129 1
2 111 126 927.384 410.88 0.802184 995.905 404.977 0.658089 976.295 408.898 0.497148 966.526 487.16 0.106577 0 0 0 1023.29 405.035 0.676213 1068.29 475.492 0.637158 1007.68 506.779 0.867179 1009.56 532.159 0.321987 921.513 573.265 0.141713 0 0 0 1052.6 538.08 0.501691 937.17 588.912 0.23406 962.577 714.144 0.0602995 0 0 0 929.323 399.102 0.924814 0 0 0 958.626 389.372 0.812634 1
2 111 127 915.649 414.857 0.870371 980.204 414.71 0.720024 948.912 424.56 0.494208 915.719 516.52 0.217053 0 0 0 1011.51 412.773 0.720935 1064.33 475.493 0.62331 999.754 510.647 0.748998 999.794 538.042 0.292802 917.598 579.123 0.0924078 0 0 0 1050.66 540.007 0.473339 935.214 586.936 0.185411 0 0 0 913.614 408.841 0.165674 917.664 406.943 0.801982 0 0 0 946.982 397.099 0.912118 1
2 111 128 901.984 422.612 0.831418 966.553 428.4 0.717709 929.396 438.237 0.564343 913.708 506.733 0.41408 907.832 541.999 0.194676 1005.62 416.8 0.699863 1054.63 477.459 0.710634 991.944 518.449 0.791096 984.123 543.898 0.30696 915.655 581.088 0.131185 0 0 0 1046.75 540.068 0.471331 956.751 588.906 0.15802 0 0 0 900.055 412.752 0.126 909.777 412.81 0.855626 0 0 0 942.965 399.229 0.911206 1
2 111 129 898.108 428.564 0.918567 960.725 432.379 0.760679 925.425 444.109 0.570106 907.808 514.548 0.310222 899.996 553.64 0.0845121 995.915 428.535 0.712173 1042.82 495.027 0.573277 986.098 522.319 0.785329 964.554 547.816 0.308781 909.8 586.959 0.0957781 0 0 0 1036.97 545.85 0.397384 952.819 598.71 0.138751 0 0 0 897.94 416.778 0.123476 900.081 416.769 0.897254 0 0 0 931.238 410.805 0.938224 1
2 111 130 888.275 436.339 0.811634 952.825 446.014 0.787422 913.748 457.833 0.709728 899.942 522.421 0.606295 886.313 569.303 0.441091 991.959 436.288 0.731307 1036.9 508.643 0.568451 978.248 526.278 0.783132 974.319 559.59 0.277378 901.984 602.588 0.0807994 0 0 0 1040.86 555.597 0.448883 948.951 598.688 0.139724 0 0 0 886.291 426.497 0.102252 894.155 428.401 0.834812 0 0 0 927.317 414.789 0.934473 1
2 111 131 884.392 446.086 0.89876 954.799 444.095 0.747762 915.704 451.968 0.537331 899.935 520.433 0.588302 884.268 571.326 0.598027 989.999 442.169 0.706312 1029.12 508.702 0.671174 972.363 532.206 0.711007 984.109 561.531 0.365945 927.363 612.407 0.103655 0 0 0 1038.89 559.548 0.499451 960.659 622.169 0.123483 0 0 0 882.359 432.406 0.089944 886.341 434.364 0.837714 0 0 0 917.572 426.489 0.928546 1
2 111 132 882.47 457.762 0.839838 946.884 448.091 0.724419 913.657 461.711 0.536717 890.249 532.186 0.349763 880.376 584.916 0.275481 978.244 446.052 0.673029 1011.56 520.414 0.421102 960.699 537.954 0.595828 978.275 567.372 0.307809 894.143 604.621 0.0737022 0 0 0 1034.99 561.542 0.406103 962.615 633.932 0.0542459 0 0 0 880.452 446.141 0.111483 884.357 446.002 0.907519 0 0 0 913.609 430.479 0.887729 1
2 111 133 872.63 463.665 0.746308 943.009 461.719 0.705415 911.73 473.492 0.538064 892.192 551.728 0.393027 896.037 491.073 0.645284 972.405 455.869 0.579799 1019.35 495.006 0.14807 1038.82 475.502 0.260054 972.41 571.333 0.256985 0 0 0 0 0 0 1025.27 569.313 0.365971 941.105 618.26 0.050392 0 0 0 868.727 453.965 0.131039 876.533 455.874 0.769015 0 0 0 902.019 444.057 0.879681 1
2 111 134 868.785 475.426 0.835735 933.279 461.803 0.55815 898.059 477.371 0.322272 882.393 538.067 0.188094 0 0 0 962.584 463.691 0.399466 0 0 0 0 0 0 974.327 571.309 0.182134 0 0 0 0 0 0 1021.27 571.321 0.331146 0 0 0 0 0 0 866.705 465.639 0.11582 870.725 461.83 0.830295 0 0 0 900.016 450.037 0.872091 1
2 111 135 868.694 489.05 0.771748 933.298 477.423 0.491203 907.843 475.46 0.252434 874.553 553.691 0.102431 0 0 0 958.711 491.067 0.426447 956.738 567.406 0.0879922 0 0 0 966.542 581.101 0.143811 0 0 0 0 0 0 1017.39 584.98 0.234821 0 0 0 0 0 0 864.798 477.451 0.140048 868.75 475.505 0.883922 0 0 0 897.95 459.842 0.877727 1
2 111 136 866.764 493.112 0.773012 927.413 491.109 0.46712 896.072 498.929 0.298786 870.682 551.722 0.05865 0 0 0 952.825 493.068 0.374218 1009.55 534.118 0.0520045 0 0 0 964.574 590.891 0.131702 0 0 0 0 0 0 1017.38 588.9 0.198163 0 0 0 0 0 0 862.784 489.076 0.16356 868.618 485.235 0.805098 0 0 0 892.171 471.518 0.792517 1
2 111 137 864.772 506.723 0.606509 937.19 491.076 0.217424 911.746 487.174 0.0890978 0 0 0 0 0 0 946.953 512.613 0.218719 944.992 581.087 0.052415 0 0 0 0 0 0 0 0 0 0 0 0 993.935 628.039 0.0825277 0 0 0 0 0 0 856.987 494.999 0.0828786 864.747 493.116 0.699645 0 0 0 886.296 479.383 0.729762 1
2 111 138 856.959 520.421 0.616888 933.285 498.898 0.268142 929.276 444.108 0.117534 0 0 0 0 0 0 947.009 522.407 0.298425 960.638 581.113 0.0569808 0 0 0 0 0 0 0 0 0 0 0 0 991.948 629.996 0.106133 0 0 0 0 0 0 852.992 506.807 0.131039 856.987 506.797 0.774619 0 0 0 884.416 491.121 0.813842 1
2 111 139 856.943 526.292 0.679517 929.305 500.873 0.42704 919.538 455.873 0.213087 0 0 0 0 0 0 943.069 526.316 0.422349 952.811 588.927 0.0999625 923.465 588.898 0.160893 1009.58 602.598 0.119221 0 0 0 0 0 0 997.851 614.337 0.227618 0 0 0 0 0 0 851.073 516.505 0.21982 862.779 516.536 0.739966 0 0 0 884.444 498.902 0.805622 1
2 111 140 856.965 537.984 0.631671 935.212 510.653 0.21859 923.459 459.785 0.089829 0 0 0 0 0 0 935.231 540.016 0.211491 0 0 0 0 0 0 982.183 630.004 0.0503057 0 0 0 0 0 0 978.252 641.744 0.0651642 0 0 0 0 0 0 851.045 524.335 0.141509 856.977 524.317 0.764735 0 0 0 882.432 508.656 0.824343 1
2 111 141 854.979 542.007 0.626177 919.599 520.459 0.29681 913.638 473.492 0.147829 0 0 0 0 0 0 937.195 551.73 0.275689 0 0 0 0 0 0 0 0 0 0 0 0 0 0 0 978.286 649.573 0.0603042 0 0 0 0 0 0 849.161 530.232 0.107822 856.935 532.176 0.695451 0 0 0 884.262 518.45 0.799385 0
2 111 146 886.272 553.69 0.263718 854.983 598.625 0.301318 839.328 598.69 0.391192 0 0 0 0 0 0 874.568 600.64 0.241438 0 0 0 0 0 0 0 0 0 0 0 0 0 0 0 0 0 0 0 0 0 0 0 0 882.358 542.017 0.295263 0 0 0 866.76 551.724 0.45935 0 0 0 0
2 111 147 884.396 555.744 0.334824 855.028 600.697 0.390676 835.43 602.549 0.453772 0 0 0 0 0 0 884.35 602.613 0.312878 0 0 0 0 0 0 0 0 0 0 0 0 0 0 0 0 0 0 0 0 0 0 0 0 882.315 551.723 0.362717 0 0 0 866.707 553.76 0.526212 0 0 0 0
2 111 148 886.33 557.585 0.353949 856.931 602.608 0.472873 833.467 602.661 0.496804 0 0 0 0 0 0 886.306 602.648 0.381247 0 0 0 0 0 0 0 0 0 0 0 0 0 0 0 0 0 0 0 0 0 0 0 0 882.442 551.71 0.413582 0 0 0 866.777 553.722 0.598008 0 0 0 0
2 111 149 884.43 555.633 0.25054 853.118 600.571 0.337928 835.418 600.579 0.416747 0 0 0 0 0 0 882.356 602.653 0.252851 0 0 0 0 0 0 0 0 0 0 0 0 0 0 0 0 0 0 0 0 0 0 0 0 882.353 547.825 0.272905 0 0 0 868.654 553.655 0.478688 0 0 0 0
2 111 150 886.312 551.753 0.269939 854.998 586.913 0.331529 837.424 587.005 0.401421 0 0 0 0 0 0 880.45 586.972 0.245363 0 0 0 0 0 0 0 0 0 0 0 0 0 0 0 0 0 0 0 0 0 0 0 0 882.393 540.097 0.294192 0 0 0 866.753 543.952 0.382739 0 0 0 0
2 111 155 0 0 0 854.987 555.631 0.249925 855.074 569.283 0.276449 0 0 0 0 0 0 843.262 553.671 0.168816 0 0 0 0 0 0 0 0 0 0 0 0 0 0 0 0 0 0 0 0 0 0 0 0 0 0 0 0 0 0 892.147 506.659 0.58549 0 0 0 0
2 111 156 900.122 504.711 0.134746 858.902 534.118 0.491995 855.023 539.952 0.708284 886.288 587.019 0.322011 896.069 528.279 0.48064 862.81 524.413 0.376526 0 0 0 0 0 0 0 0 0 0 0 0 0 0 0 0 0 0 0 0 0 0 0 0 902.019 493.046 0.26275 0 0 0 892.195 493 0.7657 0 0 0 0
2 111 157 0 0 0 862.816 530.21 0.449556 853.09 539.931 0.658679 882.35 590.871 0.145201 0 0 0 870.653 522.38 0.303957 0 0 0 0 0 0 0 0 0 0 0 0 0 0 0 0 0 0 0 0 0 0 0 0 0 0 0 0 0 0 899.94 487.187 0.785366 0 0 0 0
