0 111 0 0 0 0 211.316 242.574 0.442446 227.01 211.338 0.57837 277.846 209.336 0.427546 303.18 209.331 0.595219 195.679 273.919 0.413992 224.986 320.844 0.0733878 0 0 0 281.723 287.665 0.375877 367.824 326.768 0.23756 420.649 367.849 0.0642931 260.197 303.268 0.222232 356.084 315.02 0.0806993 0 0 0 0 0 0 0 0 0 195.619 211.366 0.0557386 193.713 240.661 0.0661144 0
0 111 1 0 0 0 223.059 242.6 0.309253 236.703 213.283 0.42025 258.231 209.34 0.29009 0 0 0 207.369 271.959 0.34733 246.504 365.821 0.0752515 0 0 0 287.531 287.543 0.396978 358.047 326.758 0.336887 412.79 338.518 0.0933818 258.235 303.257 0.267179 350.171 324.754 0.125622 0 0 0 0 0 0 0 0 0 0 0 0 0 0 0 0
0 111 2 0 0 0 225.064 230.892 0.585899 240.715 211.319 0.731152 285.656 209.409 0.651059 314.968 215.194 0.755381 211.253 269.983 0.503633 224.981 316.969 0.278699 240.632 365.809 0.235528 289.499 287.556 0.629253 350.259 322.886 0.629469 401.087 342.391 0.321101 258.231 309.128 0.458617 258.233 365.887 0.171048 283.719 401.068 0.204326 0 0 0 0 0 0 213.272 209.332 0.0896271 209.34 238.686 0.0846022 0
0 111 3 0 0 0 236.763 228.954 0.54382 252.352 211.385 0.649309 289.561 209.424 0.704433 320.964 213.255 0.705961 221.094 260.232 0.444006 225.038 305.183 0.117869 262.197 352.189 0.0642049 287.638 283.646 0.605629 336.486 307.21 0.61143 381.552 342.368 0.393294 258.345 299.343 0.493955 279.772 326.754 0.184862 287.679 354.119 0.338968 0 0 0 0 0 0 230.885 209.392 0.114779 223.037 228.91 0.082301 0
0 111 4 258.226 248.489 0.422193 264.113 258.193 0.625496 230.892 277.876 0.637552 244.573 350.254 0.582084 281.715 395.218 0.561924 291.566 234.778 0.454034 311.089 213.245 0.13438 0 0 0 287.623 334.549 0.306464 318.909 444.126 0.164151 348.236 530.232 0.0753759 332.59 303.293 0.25301 430.41 367.88 0.183365 451.949 489.098 0.1078 244.63 244.574 0.431253 260.186 238.691 0.44296 236.74 252.37 0.402618 271.963 234.768 0.263299 0
0 111 5 271.911 242.643 0.400127 256.237 254.354 0.642338 238.692 277.846 0.689844 246.57 346.32 0.635528 281.708 395.15 0.60666 268.033 223.013 0.515567 287.575 209.415 0.576152 324.823 217.159 0.656214 277.839 315.014 0.27903 289.54 301.299 0.190925 363.912 332.62 0.145001 303.207 277.836 0.305216 334.543 299.304 0.166298 363.907 334.493 0.154616 264.108 242.565 0.385285 270.021 236.711 0.288909 246.525 246.53 0.394842 0 0 0 0
0 111 6 281.763 242.578 0.360501 258.28 258.285 0.534988 242.708 279.778 0.637209 254.317 346.274 0.606528 279.797 393.258 0.58517 269.978 226.972 0.36751 297.392 211.298 0.374627 334.598 221.058 0.410899 285.623 346.295 0.302049 322.821 287.627 0.449574 365.848 334.635 0.492841 303.298 313.026 0.211419 318.943 283.693 0.153681 360.002 334.586 0.128119 275.901 240.621 0.390182 0 0 0 258.301 244.561 0.394152 0 0 0 0
0 111 7 289.574 244.569 0.365213 271.967 258.217 0.58714 252.404 279.784 0.659792 258.297 350.18 0.644718 285.653 395.214 0.594435 281.718 215.245 0.387214 316.948 213.246 0.353874 338.504 219.127 0.372155 301.301 367.868 0.487415 336.515 442.183 0.162767 0 0 0 334.51 350.23 0.302419 393.257 410.866 0.0539307 0 0 0 285.668 242.571 0.358655 287.662 240.549 0.224801 266.118 246.499 0.363055 0 0 0 0
0 111 8 291.561 246.513 0.291928 273.847 250.435 0.68745 258.195 277.822 0.745666 260.201 336.568 0.666476 283.668 389.334 0.672357 279.814 215.216 0.601001 309.114 211.223 0.634476 348.286 211.39 0.809835 295.458 318.904 0.405216 324.748 365.903 0.375395 0 0 0 318.915 289.551 0.466412 336.512 287.644 0.43736 361.91 334.513 0.475178 289.496 242.626 0.309869 0 0 0 271.948 244.567 0.36923 0 0 0 0
0 111 9 303.21 244.532 0.247614 283.65 256.351 0.490622 264.122 279.774 0.563477 266.078 338.51 0.499678 287.515 387.397 0.57641 283.72 215.21 0.453515 309.137 211.32 0.530889 350.258 211.391 0.705816 309.165 344.351 0.212421 0 0 0 0 0 0 336.552 309.128 0.210356 0 0 0 0 0 0 297.419 240.709 0.235866 0 0 0 281.735 244.57 0.270288 0 0 0 0
0 111 10 313.019 246.524 0.355595 287.55 258.263 0.589641 271.925 285.684 0.638728 271.964 344.352 0.6167 289.491 387.402 0.673104 285.651 217.175 0.45581 309.117 211.243 0.556341 350.27 211.324 0.751965 336.538 358.059 0.460216 412.821 404.991 0.174051 451.934 473.479 0.114024 365.845 334.526 0.412013 440.232 367.853 0.273824 455.869 475.443 0.0999272 305.264 242.61 0.337232 0 0 0 289.552 248.48 0.343471 0 0 0 0
0 111 11 0 0 0 287.606 226.94 0.366824 297.376 211.314 0.264173 322.798 211.22 0.290076 352.227 209.395 0.38943 275.873 224.97 0.190063 0 0 0 0 0 0 328.694 305.254 0.141503 352.135 365.854 0.0761845 0 0 0 326.72 303.227 0.19697 340.456 354.161 0.0557941 0 0 0 0 0 0 0 0 0 0 0 0 0 0 0 0
0 111 13 0 0 0 291.591 225.048 0.495746 311.094 211.293 0.519321 348.29 211.363 0.37235 365.793 209.402 0.533419 273.983 242.579 0.340103 271.903 309.142 0.0836861 0 0 0 348.245 313.021 0.277485 293.517 330.67 0.122422 301.301 383.501 0.0744587 320.86 313.019 0.267684 275.901 281.736 0.233684 299.341 383.442 0.365397 0 0 0 0 0 0 301.321 187.816 0.0700971 0 0 0 0
0 111 15 0 0 0 301.313 234.757 0.487877 315.033 217.184 0.57748 356.105 211.351 0.463233 367.913 209.325 0.664793 287.578 244.579 0.399633 297.409 340.46 0.353642 309.152 383.548 0.477526 354.114 320.906 0.328586 446.074 373.669 0.264183 504.76 438.26 0.0697679 320.819 334.523 0.23572 385.435 354.163 0.104975 0 0 0 0 0 0 0 0 0 303.201 201.522 0.111064 0 0 0 0
0 111 16 0 0 0 303.221 242.555 0.541483 318.865 221.105 0.645455 360.016 211.28 0.486695 369.812 209.297 0.56754 289.57 285.668 0.475256 305.319 350.208 0.525837 320.835 395.17 0.644703 369.815 318.947 0.382259 459.748 365.937 0.322139 459.833 365.817 0.0848341 340.45 340.415 0.336291 420.66 367.83 0.144004 0 0 0 0 0 0 0 0 0 299.329 207.395 0.121251 285.61 240.631 0.07856 0
0 111 17 334.54 258.291 0.111979 318.914 273.871 0.407478 307.141 301.245 0.561252 316.901 352.121 0.579473 332.566 397.231 0.707981 316.952 230.847 0.367268 338.49 213.23 0.261051 369.778 211.242 0.487695 350.232 336.479 0.339727 403.052 363.944 0.34008 463.678 365.928 0.398272 367.798 314.999 0.327786 399.158 359.99 0.174118 459.811 367.902 0.120142 0 0 0 0 0 0 316.927 260.28 0.159262 0 0 0 0
0 111 19 354.137 260.257 0.192643 334.525 264.122 0.374444 320.919 291.579 0.543302 326.779 342.399 0.55259 346.325 397.095 0.629167 334.55 225.029 0.39721 361.962 211.385 0.31072 379.546 209.413 0.418793 354.193 338.478 0.364859 412.794 367.843 0.448192 461.705 367.845 0.500108 371.764 318.953 0.292094 403.07 361.946 0.135965 459.708 367.848 0.139174 348.284 260.274 0.184768 0 0 0 330.664 264.155 0.253023 0 0 0 0
0 111 20 0 0 0 350.2 228.885 0.28132 367.828 225.041 0.240991 0 0 0 0 0 0 320.87 230.866 0.23058 318.875 268.032 0.101419 0 0 0 381.513 307.196 0.332589 389.372 356.093 0.349555 459.72 369.853 0.50451 352.161 316.97 0.358167 338.489 340.44 0.306837 367.886 406.985 0.533294 0 0 0 0 0 0 0 0 0 0 0 0 0
0 111 21 397.099 199.595 0.415344 360.027 223.071 0.500345 379.515 223.047 0.455896 0 0 0 0 0 0 340.466 225.042 0.379336 330.636 262.169 0.214655 0 0 0 385.501 295.448 0.549028 389.374 354.125 0.66762 457.855 371.777 0.56909 365.821 303.278 0.614552 352.24 352.154 0.521802 383.457 410.797 0.590691 395.225 195.649 0.461952 397.135 195.765 0.209905 381.597 195.645 0.377279 0 0 0 0
0 111 22 0 0 0 359.979 227.043 0.359484 379.575 224.92 0.317829 0 0 0 0 0 0 336.521 240.659 0.302927 334.538 273.878 0.145294 0 0 0 399.053 303.243 0.490054 399.196 360.017 0.497457 457.766 369.839 0.53403 371.716 311.113 0.463255 367.876 361.967 0.351051 395.158 410.891 0.477036 0 0 0 0 0 0 381.561 195.61 0.178654 0 0 0 0
0 111 23 0 0 0 352.189 228.965 0.223888 369.777 223.025 0.160532 0 0 0 0 0 0 332.579 242.602 0.240547 336.555 273.935 0.0581926 0 0 0 399.073 301.313 0.311928 399.142 365.868 0.36494 453.911 369.817 0.278019 373.698 311.103 0.321962 391.3 369.804 0.309458 457.796 369.843 0.324497 0 0 0 0 0 0 0 0 0 0 0 0 0
0 111 26 0 0 0 342.398 248.48 0.094681 0 0 0 0 0 0 0 0 0 336.458 252.372 0.163372 0 0 0 0 0 0 373.705 303.281 0.127783 399.119 360.024 0.231625 450.03 371.772 0.371849 367.871 313.025 0.199092 395.195 369.787 0.352199 442.197 412.888 0.612793 0 0 0 0 0 0 0 0 0 0 0 0 0
0 111 30 352.145 209.366 0.0520304 363.899 236.74 0.470405 348.205 240.66 0.441665 344.365 269.985 0.0539935 0 0 0 381.463 227.004 0.390049 404.985 258.254 0.0542958 0 0 0 365.799 320.929 0.519326 383.538 375.65 0.365507 459.771 399.087 0.200696 397.155 309.145 0.497933 414.844 365.888 0.525571 471.51 401.105 0.505205 0 0 0 0 0 0 0 0 0 0 0 0 0
0 111 31 344.343 209.359 0.0625308 363.94 230.875 0.557836 348.24 238.729 0.510522 336.562 264.115 0.0738674 0 0 0 381.52 225.001 0.505856 403.049 252.409 0.193213 0 0 0 367.854 318.945 0.611717 375.686 367.798 0.46643 473.443 397.11 0.305222 401.136 307.186 0.570726 420.679 367.845 0.632673 477.354 397.241 0.643151 0 0 0 0 0 0 0 0 0 0 0 0 0
0 111 33 0 0 0 393.273 269.956 0.398287 412.831 303.217 0.46912 430.532 367.906 0.525638 477.428 393.265 0.48464 369.787 240.596 0.442675 450.041 320.813 0.115991 475.396 315.003 0.086832 412.835 369.82 0.252046 455.824 365.826 0.0775324 0 0 0 381.509 365.82 0.222002 455.835 334.512 0.0706574 0 0 0 0 0 0 0 0 0 430.391 234.789 0.0962864 0 0 0 0
0 111 34 0 0 0 397.095 268.021 0.616731 414.817 301.323 0.609701 436.275 369.8 0.679709 481.29 393.229 0.732603 371.789 236.764 0.654029 453.927 318.818 0.183969 475.432 314.97 0.383344 412.736 383.477 0.385015 446.114 457.821 0.0976941 0 0 0 383.446 373.667 0.285278 0 0 0 0 0 0 0 0 0 0 0 0 432.441 240.665 0.403315 0 0 0 0
0 111 35 0 0 0 397.109 260.225 0.584792 414.795 299.362 0.562162 438.263 367.836 0.655812 481.277 387.375 0.70082 375.664 234.791 0.586126 455.862 316.891 0.128849 477.348 311.109 0.188705 412.811 367.87 0.327283 444.111 446.079 0.0539104 0 0 0 385.47 358.023 0.263761 0 0 0 0 0 0 0 0 0 0 0 0 438.222 240.594 0.380043 0 0 0 0
0 111 36 457.751 230.877 0.10217 399.052 256.303 0.654501 414.853 289.61 0.578461 436.305 365.847 0.673262 479.373 383.515 0.792898 379.504 234.747 0.60169 444.094 223.025 0.0559818 0 0 0 412.883 361.956 0.338387 0 0 0 0 0 0 389.359 350.198 0.278705 475.394 313.08 0.0704656 0 0 0 0 0 0 0 0 0 434.379 236.704 0.371291 0 0 0 0
0 111 37 459.834 221.07 0.125285 406.952 254.288 0.570223 426.536 285.653 0.51618 440.231 363.892 0.513183 479.361 381.581 0.652134 381.513 228.931 0.491438 459.794 207.347 0.0694253 487.172 160.396 0.185944 414.714 309.177 0.089414 0 0 0 0 0 0 397.153 348.272 0.19514 0 0 0 0 0 0 0 0 0 0 0 0 440.19 232.853 0.328806 0 0 0 0
0 111 38 0 0 0 412.752 248.46 0.33877 426.523 289.561 0.364339 444.067 356.123 0.424721 477.457 381.543 0.599433 381.555 228.91 0.31396 489.103 193.676 0.0502027 0 0 0 414.715 307.217 0.133721 0 0 0 0 0 0 395.178 330.651 0.100875 0 0 0 0 0 0 0 0 0 0 0 0 440.215 238.717 0.262002 0 0 0 0
0 111 39 461.786 215.212 0.179239 412.86 244.561 0.499972 428.454 285.674 0.504449 438.271 354.146 0.546907 477.369 381.485 0.808994 385.424 224.996 0.381664 0 0 0 0 0 0 426.531 348.195 0.168394 461.665 332.581 0.0517058 0 0 0 399.12 324.77 0.115686 0 0 0 0 0 0 0 0 0 0 0 0 440.165 230.9 0.398077 0 0 0 0
0 111 40 459.769 215.211 0.235685 410.801 244.609 0.551754 428.451 279.797 0.552886 440.205 352.164 0.588487 475.452 381.512 0.825364 385.448 224.957 0.456463 467.619 193.713 0.167392 494.979 162.411 0.24707 434.324 354.161 0.318334 0 0 0 0 0 0 406.959 342.393 0.199869 0 0 0 0 0 0 0 0 0 0 0 0 436.32 223.073 0.419775 0 0 0 0
0 111 43 461.665 209.294 0.118597 414.842 236.771 0.663743 440.214 266.072 0.616795 446.136 346.284 0.556577 471.498 377.604 0.547056 389.36 211.372 0.607354 461.694 195.674 0.229875 500.874 166.329 0.313304 434.309 348.276 0.459634 479.413 342.381 0.433365 463.682 377.619 0.280789 404.991 334.519 0.360656 475.422 316.951 0.114451 475.293 320.883 0.0513561 0 0 0 0 0 0 444.073 211.324 0.398173 0 0 0 0
0 111 44 0 0 0 416.751 238.688 0.672395 444.043 264.136 0.61618 450.003 346.292 0.465501 473.495 375.664 0.395503 391.289 211.335 0.618844 457.843 195.696 0.22633 496.941 164.422 0.295232 442.171 352.226 0.490788 485.247 336.5 0.607829 471.529 379.588 0.508292 412.868 342.368 0.328706 477.396 315.027 0.160322 459.765 360.032 0.0833155 0 0 0 0 0 0 444.114 209.386 0.355416 412.73 195.655 0.0717775 0
0 111 45 459.767 199.575 0.0521783 418.713 236.699 0.729975 444.178 262.185 0.691713 446.145 338.505 0.674556 473.484 371.761 0.73357 393.281 211.277 0.723339 457.827 199.591 0.242581 495.002 164.409 0.310625 432.42 346.323 0.467183 489.16 336.477 0.601258 475.363 377.612 0.311878 404.978 328.711 0.346856 479.4 318.908 0.170769 477.296 320.983 0.0667333 0 0 0 0 0 0 444.152 211.278 0.489949 412.874 193.717 0.122956 0
0 111 46 0 0 0 420.625 234.791 0.727058 446.044 258.327 0.744715 448.113 334.618 0.690239 475.431 369.844 0.748493 393.295 211.304 0.716296 459.746 197.605 0.141003 493.006 162.412 0.22161 430.513 348.27 0.510306 491.115 334.585 0.691899 489.125 412.822 0.218643 403.07 334.531 0.393436 483.248 320.905 0.168914 0 0 0 0 0 0 0 0 0 444.184 207.376 0.507292 414.734 193.591 0.189951 0
0 111 47 0 0 0 424.529 236.761 0.680231 446.113 258.264 0.708051 451.967 336.458 0.675627 477.395 367.895 0.703922 397.093 213.232 0.667101 0 0 0 0 0 0 436.304 352.152 0.475288 493.081 334.528 0.547019 487.161 381.493 0.171154 408.901 340.424 0.332271 489.109 322.837 0.141635 467.654 371.744 0.0574356 0 0 0 0 0 0 448.08 197.638 0.394705 416.72 187.833 0.13938 0
0 111 48 475.443 191.704 0.0651847 426.456 236.714 0.738956 448.108 258.233 0.736968 459.709 334.547 0.718032 481.31 365.933 0.690949 397.089 211.327 0.71912 461.774 193.756 0.0594145 0 0 0 442.176 352.212 0.495904 496.968 332.554 0.247806 0 0 0 408.906 338.506 0.356404 491.102 322.796 0.159819 0 0 0 0 0 0 0 0 0 451.934 201.532 0.454542 416.757 189.796 0.153428 0
0 111 49 0 0 0 428.399 234.753 0.771964 453.932 258.232 0.747879 459.775 336.482 0.784155 491.039 363.894 0.687777 397.158 211.289 0.741016 403.091 191.679 0.0644016 0 0 0 428.536 352.187 0.511176 461.715 377.591 0.0526046 0 0 0 395.191 334.519 0.406537 0 0 0 0 0 0 0 0 0 0 0 0 459.74 203.473 0.366411 418.699 189.763 0.17395 0
0 111 50 479.34 191.74 0.114615 428.456 234.769 0.777128 455.836 258.251 0.734325 461.726 334.61 0.793372 495.018 359.966 0.697387 397.248 211.273 0.691154 414.742 181.953 0.0615973 0 0 0 432.436 352.215 0.488479 481.318 420.657 0.0608344 0 0 0 399.098 336.486 0.386961 0 0 0 0 0 0 475.404 191.708 0.155194 0 0 0 457.793 201.501 0.434801 0 0 0 0
0 111 51 489.067 187.828 0.0668493 428.544 238.657 0.754277 459.73 256.322 0.767928 461.705 332.546 0.749789 498.892 354.103 0.59953 397.219 215.22 0.581863 0 0 0 0 0 0 432.437 356.059 0.436789 516.516 416.728 0.0601578 0 0 0 395.22 336.552 0.296895 0 0 0 0 0 0 0 0 0 0 0 0 461.756 197.62 0.384506 0 0 0 0
0 111 52 0 0 0 430.389 238.69 0.845625 461.675 258.191 0.835058 465.662 332.581 0.777987 504.815 352.224 0.861068 397.206 213.314 0.724022 397.207 197.608 0.0940852 0 0 0 440.237 354.124 0.581522 502.825 428.457 0.0734124 0 0 0 401.087 336.544 0.478596 0 0 0 0 0 0 0 0 0 0 0 0 459.827 209.28 0.629532 0 0 0 0
0 111 53 0 0 0 430.471 240.574 0.850906 461.786 258.231 0.826322 473.456 332.586 0.833838 508.662 352.175 0.938405 399.094 217.185 0.668189 0 0 0 0 0 0 440.214 354.146 0.590225 0 0 0 0 0 0 399.164 334.605 0.482375 0 0 0 0 0 0 0 0 0 0 0 0 461.698 209.278 0.628137 0 0 0 0
0 111 54 0 0 0 430.498 240.613 0.837176 461.783 258.229 0.811182 475.414 330.621 0.800712 510.636 350.299 0.911642 399.192 221.091 0.673091 0 0 0 0 0 0 446.116 352.244 0.602657 0 0 0 0 0 0 412.773 338.51 0.50557 0 0 0 0 0 0 0 0 0 0 0 0 459.85 209.34 0.658253 426.466 193.601 0.263239 0
0 111 55 0 0 0 430.543 238.641 0.815785 463.727 256.368 0.789877 477.467 332.628 0.82186 514.553 350.241 0.86548 399.116 215.239 0.714359 0 0 0 0 0 0 440.198 354.135 0.593292 0 0 0 0 0 0 399.141 334.579 0.517171 0 0 0 0 0 0 0 0 0 0 0 0 461.728 209.37 0.665953 426.481 193.607 0.304566 0
0 111 56 0 0 0 432.416 236.726 0.785697 463.727 256.251 0.736249 481.33 330.619 0.727172 520.471 348.288 0.852829 401.072 215.266 0.68106 0 0 0 0 0 0 453.898 346.307 0.551143 493.005 334.618 0.0520358 0 0 0 414.807 332.582 0.527185 0 0 0 0 0 0 0 0 0 0 0 0 463.699 205.453 0.60965 426.518 191.706 0.267817 0
0 111 57 0 0 0 434.354 232.828 0.76885 465.638 256.276 0.749839 483.236 320.943 0.744618 522.337 348.205 0.860496 401.155 211.315 0.712632 0 0 0 0 0 0 455.847 342.406 0.575714 498.893 334.627 0.0915239 0 0 0 416.743 328.729 0.473116 0 0 0 0 0 0 0 0 0 0 0 0 465.684 205.46 0.612182 428.491 187.839 0.296178 0
0 111 58 0 0 0 436.315 234.76 0.740397 465.64 256.264 0.733281 483.287 320.864 0.740669 522.379 346.278 0.836756 405.032 211.369 0.656693 414.734 189.75 0.0819081 0 0 0 457.779 342.363 0.595354 506.789 336.565 0.137933 0 0 0 422.62 332.546 0.460239 0 0 0 0 0 0 0 0 0 0 0 0 465.663 207.365 0.590275 428.549 189.739 0.235953 1
0 111 59 0 0 0 440.203 232.857 0.717258 467.59 256.31 0.6912 487.136 320.876 0.729627 524.284 344.371 0.807972 410.833 211.363 0.668987 416.731 193.701 0.0775147 0 0 0 457.827 338.515 0.581598 516.531 340.444 0.161058 0 0 0 424.58 330.608 0.435966 0 0 0 0 0 0 0 0 0 0 0 0 471.544 201.534 0.539952 432.36 183.918 0.210129 1
0 111 60 0 0 0 442.165 234.753 0.758932 471.493 256.236 0.738369 487.13 320.894 0.773338 524.398 346.296 0.792969 410.868 213.226 0.723268 0 0 0 0 0 0 455.843 340.461 0.605843 526.273 350.236 0.267342 0 0 0 416.715 328.729 0.479912 0 0 0 0 0 0 0 0 0 0 0 0 475.351 203.466 0.533284 438.255 182.02 0.338062 1
0 111 61 0 0 0 442.138 230.838 0.781434 471.523 254.359 0.734255 485.239 320.941 0.77218 526.283 348.215 0.793254 410.811 211.244 0.749292 410.87 185.869 0.113486 0 0 0 451.939 340.448 0.591905 526.345 352.139 0.302888 0 0 0 412.856 324.779 0.501585 0 0 0 0 0 0 0 0 0 0 0 0 477.37 205.423 0.614647 438.291 180.025 0.397866 1
0 111 62 0 0 0 442.166 228.909 0.806244 469.589 250.408 0.710653 487.182 320.876 0.775861 524.369 348.204 0.808977 412.743 211.243 0.80127 375.68 166.347 0.629945 363.939 119.373 0.446777 453.926 342.397 0.601914 530.229 352.175 0.343186 0 0 0 414.76 328.71 0.543272 0 0 0 0 0 0 0 0 0 0 0 0 477.401 203.502 0.557926 442.112 179.941 0.594187 1
0 111 63 0 0 0 444.091 228.93 0.780622 471.513 252.357 0.704894 489.11 320.84 0.775954 524.328 348.29 0.880215 412.866 209.354 0.72904 381.473 164.383 0.475225 365.863 121.288 0.280711 453.907 342.39 0.58731 526.313 350.279 0.152471 0 0 0 414.766 326.76 0.511341 0 0 0 0 0 0 0 0 0 0 0 0 475.495 201.535 0.368418 440.167 179.981 0.422827 1
0 111 64 0 0 0 444.208 227.025 0.749317 469.558 250.417 0.675008 487.155 320.808 0.74231 524.317 350.142 0.86123 416.777 209.299 0.661339 395.211 164.39 0.153716 0 0 0 451.93 338.451 0.605945 528.249 352.168 0.28866 0 0 0 414.839 320.924 0.476092 508.748 334.537 0.115189 0 0 0 0 0 0 0 0 0 477.389 201.527 0.435883 0 0 0 1
0 111 65 0 0 0 446.048 226.974 0.751112 467.643 250.422 0.661679 485.217 318.954 0.747817 522.369 350.137 0.836301 420.681 209.276 0.619803 397.184 162.402 0.155111 0 0 0 453.895 336.558 0.591817 528.288 354.151 0.34561 559.569 438.254 0.0585137 416.795 320.84 0.453068 0 0 0 0 0 0 0 0 0 0 0 0 477.388 199.576 0.375634 0 0 0 1
0 111 66 0 0 0 446.101 227.014 0.754411 469.533 250.429 0.658857 483.294 318.955 0.765438 522.333 350.221 0.898498 424.537 211.248 0.64584 403.07 166.298 0.106807 0 0 0 450.024 336.57 0.598245 526.359 356.128 0.339796 545.88 424.587 0.060659 416.771 320.882 0.440957 508.734 336.574 0.127554 0 0 0 0 0 0 0 0 0 481.282 191.706 0.430789 442.149 178.027 0.249337 1
0 111 67 0 0 0 446.161 224.984 0.768631 471.543 248.462 0.685675 479.426 318.884 0.803113 520.431 350.271 0.940298 424.543 205.404 0.676147 385.471 160.425 0.285497 371.731 115.434 0.143747 446.116 336.583 0.629371 524.293 356.126 0.229337 0 0 0 414.732 320.9 0.503968 0 0 0 0 0 0 0 0 0 0 0 0 479.428 193.73 0.470789 444.076 177.964 0.254756 1
0 111 68 0 0 0 446.163 225.018 0.790167 471.525 246.505 0.70584 479.403 318.968 0.780117 518.509 352.178 0.902781 426.451 205.41 0.679914 416.758 166.353 0.174204 0 0 0 450.016 342.378 0.565241 522.472 352.288 0.166795 0 0 0 414.82 324.813 0.470744 0 0 0 0 0 0 0 0 0 0 0 0 477.476 193.648 0.653401 0 0 0 1
0 111 69 0 0 0 448.049 224.995 0.787344 473.496 244.573 0.717675 479.315 316.954 0.767704 514.543 352.207 0.878441 426.531 205.408 0.706512 420.655 168.257 0.200683 0 0 0 449.985 338.483 0.574055 522.314 356.12 0.173374 0 0 0 414.799 322.846 0.485528 0 0 0 0 0 0 0 0 0 0 0 0 479.315 193.631 0.583669 444.012 176.078 0.156664 1
0 111 70 0 0 0 446.188 223.005 0.783001 467.604 242.627 0.696281 477.447 318.894 0.761007 510.676 354.102 0.852604 426.546 199.553 0.719376 0 0 0 0 0 0 446.104 334.612 0.588513 524.286 354.102 0.331533 0 0 0 414.773 318.912 0.483698 510.644 338.451 0.103313 0 0 0 0 0 0 0 0 0 477.373 189.77 0.609444 442.183 172.181 0.190258 1
0 111 71 506.692 176.101 0.151545 448.013 217.159 0.76094 463.766 244.55 0.662662 477.432 318.931 0.755152 508.727 354.151 0.860409 428.452 193.683 0.752954 426.472 160.444 0.203219 0 0 0 444.13 332.577 0.556783 518.449 354.124 0.233117 0 0 0 414.81 316.91 0.445961 496.992 336.472 0.08658 506.644 358.031 0.0601408 496.972 176.042 0.193755 0 0 0 477.333 193.664 0.562281 0 0 0 1
0 111 72 0 0 0 448.062 217.172 0.76502 467.61 242.663 0.672692 477.379 318.837 0.76275 508.706 352.275 0.877817 428.417 193.73 0.732542 399.087 146.754 0.461452 369.812 101.72 0.298507 446.077 332.596 0.551633 522.305 361.955 0.310422 0 0 0 414.831 316.933 0.443107 506.718 336.64 0.0942144 0 0 0 0 0 0 0 0 0 477.462 193.694 0.571107 0 0 0 1
0 111 73 0 0 0 449.988 215.255 0.757039 471.531 242.653 0.669171 475.509 320.833 0.72113 508.641 354.13 0.918161 428.413 193.633 0.732335 395.182 146.739 0.454314 367.818 101.762 0.324729 446.056 332.617 0.494316 508.683 360.01 0.126825 0 0 0 412.884 311.081 0.442083 0 0 0 0 0 0 0 0 0 0 0 0 479.365 193.665 0.61187 0 0 0 1
0 111 74 504.792 183.943 0.0629251 450.037 215.2 0.75109 471.489 244.544 0.674245 477.327 316.951 0.756601 508.645 354.129 0.925765 430.401 191.724 0.741506 475.448 195.635 0.0857299 0 0 0 444.143 330.661 0.510866 508.654 356.109 0.114899 0 0 0 412.852 309.114 0.430553 0 0 0 0 0 0 0 0 0 0 0 0 477.377 193.739 0.658715 446.133 177.998 0.0942982 1
0 111 75 0 0 0 451.976 213.281 0.755466 473.469 240.69 0.71104 477.314 311.111 0.742501 506.775 352.196 0.950725 430.392 191.737 0.750209 414.816 150.663 0.177618 0 0 0 444.139 332.603 0.539849 506.742 352.27 0.095857 0 0 0 412.848 313.023 0.433932 0 0 0 0 0 0 0 0 0 0 0 0 479.365 193.589 0.445161 448.03 174.106 0.14297 1
0 111 76 0 0 0 450.037 211.375 0.749175 473.458 240.649 0.699118 477.33 313.016 0.753985 506.803 352.237 0.927867 428.513 191.677 0.779431 412.813 148.678 0.249752 0 0 0 446.09 332.575 0.538754 508.74 354.163 0.105295 0 0 0 412.87 311.071 0.464203 0 0 0 0 0 0 0 0 0 0 0 0 477.434 189.771 0.484691 446.045 172.172 0.208829 1
0 111 77 0 0 0 451.936 211.322 0.774135 475.334 240.588 0.69714 475.493 311.122 0.724399 506.775 352.181 0.927547 428.517 189.775 0.798279 410.88 148.637 0.41522 385.443 97.8034 0.143994 446.138 332.561 0.53685 506.805 354.195 0.142273 0 0 0 414.746 313.038 0.478975 0 0 0 0 0 0 0 0 0 0 0 0 477.434 189.752 0.544256 446.05 172.147 0.225088 1
0 111 78 0 0 0 451.948 211.304 0.775508 475.334 238.704 0.70483 477.316 309.173 0.746994 506.815 352.148 0.92085 428.535 189.795 0.788777 412.86 148.671 0.274453 391.314 91.9805 0.0988967 446.166 332.619 0.540951 504.804 354.094 0.0834344 0 0 0 414.784 315.001 0.480912 0 0 0 0 0 0 0 0 0 0 0 0 479.334 185.874 0.551903 446.036 166.382 0.257888 1
0 111 79 0 0 0 455.87 211.354 0.761882 475.412 240.704 0.706831 477.318 311.065 0.750867 506.737 352.093 0.938652 430.446 189.791 0.761454 491.1 189.751 0.0826805 0 0 0 446.046 332.624 0.546049 506.638 352.111 0.0807378 0 0 0 414.751 315.001 0.458369 0 0 0 0 0 0 0 0 0 0 0 0 479.349 187.79 0.527029 446.12 170.245 0.153082 1
0 111 80 0 0 0 455.886 211.346 0.756088 475.366 240.688 0.697555 477.308 311.072 0.743315 508.63 352.121 0.940209 430.512 189.789 0.743587 493.032 181.959 0.119034 496.929 131.119 0.107539 446.053 332.552 0.510461 508.637 354.103 0.103962 0 0 0 414.746 311.083 0.436945 0 0 0 0 0 0 0 0 0 0 0 0 479.38 187.783 0.522606 446.108 170.246 0.131281 1
0 111 81 0 0 0 455.873 211.353 0.732682 473.468 242.637 0.68238 475.496 315.008 0.745908 508.641 352.139 0.948124 432.396 187.851 0.725869 491.108 181.995 0.153963 518.481 166.299 0.0820993 446.115 334.533 0.512408 508.703 352.194 0.0903495 0 0 0 414.813 315.008 0.414895 0 0 0 0 0 0 0 0 0 0 0 0 479.326 187.843 0.480237 446.089 170.192 0.104774 1
0 111 82 510.631 172.179 0.083025 455.883 211.333 0.759301 475.387 240.592 0.719506 475.462 311.104 0.753558 506.791 352.1 0.893162 430.484 191.685 0.783677 485.237 191.708 0.153667 510.712 176.042 0.156914 444.185 324.801 0.567884 510.701 356.133 0.365272 0 0 0 414.788 307.192 0.474052 0 0 0 0 0 0 504.767 170.216 0.126206 0 0 0 481.328 181.963 0.585494 444.196 164.426 0.201443 1
0 111 83 510.705 174.139 0.115567 455.821 211.327 0.744521 475.332 238.686 0.697727 477.313 309.105 0.775736 508.715 350.255 0.942625 430.465 191.7 0.768324 489.091 185.851 0.135341 510.687 174.101 0.138255 446.057 326.727 0.581399 510.696 356.104 0.302389 0 0 0 414.824 311.08 0.465374 0 0 0 0 0 0 506.682 170.221 0.162879 0 0 0 481.336 180.074 0.612199 444.18 164.409 0.183328 1
0 111 84 510.65 176.109 0.198825 453.873 211.261 0.74679 473.421 236.734 0.683412 477.355 307.189 0.790824 508.694 350.238 0.925278 430.485 191.694 0.771368 489.112 183.928 0.143116 510.668 176.006 0.153566 444.178 324.771 0.585029 512.603 356.115 0.363263 0 0 0 414.813 309.113 0.460606 0 0 0 0 0 0 504.803 172.155 0.231763 0 0 0 479.361 180.063 0.614524 0 0 0 1
0 111 85 508.731 170.243 0.0614981 450.032 209.356 0.773517 471.488 228.974 0.702861 477.355 305.147 0.8335 508.708 348.269 0.903944 430.429 191.692 0.787027 483.245 185.896 0.154774 508.705 174.11 0.149183 444.166 322.807 0.634752 510.67 356.103 0.426173 0 0 0 414.761 307.176 0.482227 498.91 336.617 0.111134 0 0 0 0 0 0 0 0 0 479.325 179.962 0.570297 444.054 162.47 0.247043 1
0 111 86 0 0 0 450.005 209.296 0.774782 471.481 228.946 0.716386 477.394 305.205 0.828099 510.62 350.143 0.894426 430.409 189.759 0.787421 485.222 183.918 0.198118 508.652 170.226 0.135681 446.086 324.763 0.619479 512.596 354.193 0.348745 0 0 0 414.781 307.209 0.48843 0 0 0 0 0 0 0 0 0 0 0 0 479.315 178.074 0.523369 444.07 162.391 0.18409 1
0 111 87 0 0 0 449.965 209.364 0.758889 471.501 228.966 0.686494 477.357 305.186 0.813706 514.557 346.277 0.7807 428.536 189.816 0.771315 491.054 182.016 0.0961573 506.751 168.283 0.0710411 446.091 322.881 0.632429 508.713 358.052 0.408005 0 0 0 416.746 313.059 0.473285 495.008 348.233 0.154589 0 0 0 0 0 0 0 0 0 477.474 178.039 0.516766 442.204 160.394 0.299477 1
0 111 88 0 0 0 448.097 209.351 0.780876 471.538 230.842 0.692899 477.393 305.175 0.808309 512.586 342.365 0.787694 428.451 189.81 0.779676 487.165 185.849 0.108382 0 0 0 446.092 322.826 0.636211 514.553 352.257 0.437295 0 0 0 414.855 309.114 0.48655 495.049 342.367 0.145907 0 0 0 0 0 0 0 0 0 477.452 178.008 0.549877 440.223 158.448 0.359518 1
0 111 89 0 0 0 448.077 209.3 0.776265 471.524 230.901 0.68208 477.443 303.333 0.815969 518.454 342.364 0.744988 428.438 189.747 0.76619 424.523 146.63 0.173738 0 0 0 448.057 322.815 0.611557 504.77 365.844 0.443103 0 0 0 416.745 309.137 0.488797 493.068 350.193 0.17502 0 0 0 0 0 0 0 0 0 477.356 179.949 0.496784 440.198 156.551 0.329178 1
0 111 90 0 0 0 450.003 209.347 0.73266 473.435 236.706 0.674434 479.351 303.311 0.77625 518.431 338.553 0.760751 428.518 187.824 0.735231 481.349 180.071 0.220761 506.757 162.39 0.163755 449.993 322.869 0.574245 508.708 358.041 0.328923 0 0 0 416.742 307.184 0.451023 496.971 340.459 0.118085 0 0 0 0 0 0 0 0 0 477.408 177.993 0.46389 434.401 160.385 0.209124 1
0 111 91 493.069 156.552 0.094102 448.054 209.331 0.769133 469.587 234.785 0.635701 481.273 303.281 0.748519 518.433 338.477 0.78466 428.406 189.768 0.757902 479.351 179.994 0.252496 502.834 160.432 0.215139 451.956 326.754 0.594868 510.694 354.203 0.285697 0 0 0 418.671 313.036 0.486447 502.824 340.409 0.10603 0 0 0 0 0 0 0 0 0 477.341 176.082 0.503574 436.302 160.406 0.211529 1
0 111 92 0 0 0 446.135 209.337 0.784038 469.555 230.903 0.64262 479.423 303.331 0.761011 520.399 336.608 0.801082 424.526 191.678 0.724529 471.521 187.819 0.0827857 508.662 166.275 0.0992315 451.953 326.768 0.58523 510.632 356.086 0.249413 0 0 0 414.832 311.088 0.505887 500.875 338.453 0.101218 0 0 0 0 0 0 0 0 0 475.474 176.062 0.492191 432.405 156.508 0.313432 1
0 111 93 504.751 162.393 0.0628448 446.006 209.308 0.815453 465.629 228.947 0.669055 479.396 303.285 0.791695 522.303 336.512 0.844418 418.733 191.711 0.76428 459.763 193.606 0.0869085 0 0 0 451.954 328.681 0.59654 512.639 350.191 0.19064 0 0 0 414.845 313.027 0.540221 0 0 0 0 0 0 0 0 0 0 0 0 467.641 178.003 0.489671 430.512 158.504 0.275543 1
0 111 94 495.007 164.331 0.0990117 446.07 207.373 0.795146 465.687 232.836 0.634955 479.352 303.301 0.789705 522.293 334.596 0.829155 418.741 189.752 0.766637 477.43 180.01 0.155041 504.789 168.272 0.147441 450.011 318.96 0.565582 498.913 356.073 0.271554 0 0 0 414.725 303.232 0.57127 450.029 332.634 0.0512274 0 0 0 0 0 0 0 0 0 465.635 178.017 0.38634 430.402 160.391 0.261191 1
0 111 95 0 0 0 444.097 209.309 0.788881 463.687 232.816 0.669896 479.398 303.329 0.797973 522.344 332.644 0.8131 416.746 189.799 0.787781 471.518 183.888 0.178296 502.842 176.116 0.191175 451.984 324.777 0.579475 498.91 356.08 0.211074 0 0 0 414.791 309.117 0.550699 495.002 336.577 0.100599 0 0 0 0 0 0 0 0 0 463.697 179.949 0.516326 428.528 158.473 0.320623 1
0 111 96 487.134 177.994 0.10999 442.157 209.315 0.794517 461.804 232.858 0.658998 479.425 303.263 0.780508 522.411 332.555 0.770856 414.869 189.788 0.773172 473.457 181.982 0.300142 502.845 178.013 0.313514 450.014 320.91 0.584867 493.049 350.231 0.280016 0 0 0 414.802 305.265 0.518216 491.032 334.49 0.0975932 0 0 0 475.43 174.114 0.150073 0 0 0 459.821 180.039 0.493815 426.472 160.438 0.225612 1
0 111 97 0 0 0 438.291 207.406 0.787989 461.818 228.942 0.714555 481.345 303.253 0.770826 522.435 326.746 0.771454 412.812 189.765 0.805017 381.526 134.998 0.538811 369.773 93.8913 0.35319 451.959 322.824 0.61728 495.059 350.226 0.260643 0 0 0 414.766 307.221 0.580947 430.362 303.246 0.0573733 0 0 0 0 0 0 0 0 0 459.793 180.008 0.557551 422.628 162.406 0.402573 1
0 111 98 473.513 176.036 0.0761713 434.368 209.278 0.773813 459.853 236.725 0.677578 485.214 303.283 0.763854 522.475 326.728 0.787042 412.822 191.674 0.789779 463.731 181.991 0.357961 495.013 180.008 0.347551 450.026 320.89 0.600767 496.969 352.236 0.27828 0 0 0 414.86 307.156 0.528176 493.047 332.554 0.117852 0 0 0 0 0 0 0 0 0 457.84 178.103 0.467642 416.745 164.363 0.191367 1
0 111 99 0 0 0 434.322 209.306 0.765721 459.826 238.704 0.685165 487.157 305.143 0.756218 524.354 322.894 0.775699 410.881 191.73 0.781616 385.429 136.971 0.428775 367.855 109.558 0.247442 448.059 318.881 0.572194 495.009 352.148 0.342318 487.162 348.207 0.169648 416.741 303.294 0.491797 504.766 275.896 0.0542814 0 0 0 0 0 0 0 0 0 455.887 178.031 0.384867 418.726 164.318 0.220734 1
0 111 100 471.547 166.28 0.0750565 432.413 211.356 0.758231 459.788 238.715 0.690764 485.208 303.326 0.742022 524.365 320.919 0.787577 408.932 193.753 0.742487 473.482 191.753 0.416102 504.791 180.042 0.307452 455.836 322.814 0.600351 522.311 322.867 0.168603 0 0 0 422.601 314.998 0.513755 495.032 289.569 0.0901675 0 0 0 0 0 0 0 0 0 451.925 179.954 0.446967 414.75 166.323 0.19662 1
0 111 101 0 0 0 430.362 213.236 0.793935 457.759 238.647 0.672962 481.352 301.313 0.727261 522.367 318.926 0.78321 401.156 195.666 0.806065 469.554 189.801 0.396154 491.064 179.933 0.375038 453.926 322.838 0.624018 522.347 320.85 0.361887 489.1 365.81 0.42945 422.62 316.91 0.515163 493.002 285.677 0.139576 0 0 0 0 0 0 0 0 0 449.968 178.079 0.473232 412.788 166.286 0.208364 1
0 111 102 0 0 0 428.445 219.145 0.782311 455.883 238.661 0.697814 481.299 303.198 0.752879 522.453 318.871 0.816786 399.071 203.509 0.793652 446.084 197.615 0.12488 0 0 0 459.733 332.573 0.615351 510.705 324.81 0.277012 477.344 363.937 0.301307 426.462 320.916 0.528046 0 0 0 0 0 0 0 0 0 0 0 0 446.056 183.896 0.611656 408.894 176.093 0.199544 1
0 111 103 0 0 0 428.371 222.975 0.795046 457.761 238.665 0.689582 485.193 305.169 0.769287 524.34 318.886 0.84109 395.244 209.255 0.832055 430.424 211.256 0.0921057 0 0 0 459.741 328.709 0.61096 510.615 320.877 0.373702 475.461 367.746 0.524162 424.553 320.834 0.548665 493.023 318.891 0.0647034 489.035 338.579 0.0922731 0 0 0 0 0 0 446.167 178.004 0.595316 399.157 178.1 0.412787 1
0 111 104 0 0 0 424.591 224.984 0.816469 455.871 238.719 0.709634 487.169 305.15 0.794883 524.289 318.92 0.888805 393.289 211.293 0.809674 404.963 209.306 0.0604131 0 0 0 457.859 330.635 0.635917 504.784 332.587 0.527345 469.571 379.522 0.557424 422.596 320.881 0.526411 477.55 305.19 0.0725619 0 0 0 0 0 0 0 0 0 444.209 178.088 0.569811 399.17 180.068 0.333886 0
0 111 105 0 0 0 422.585 227.05 0.789074 453.935 242.638 0.716893 487.152 305.19 0.745703 524.373 318.901 0.863416 387.418 215.211 0.748476 405.009 209.393 0.0530654 0 0 0 459.79 332.63 0.627396 502.797 318.909 0.466018 475.412 369.8 0.547684 428.516 330.629 0.522628 477.468 301.306 0.0955648 0 0 0 0 0 0 0 0 0 442.175 183.888 0.549032 397.26 187.852 0.255514 0
0 111 106 0 0 0 416.797 234.799 0.796368 453.946 244.535 0.719758 487.167 305.213 0.772899 524.435 318.894 0.872215 383.501 226.937 0.806663 367.862 269.97 0.0597633 0 0 0 461.698 334.612 0.627859 493.026 313.07 0.37078 473.479 369.819 0.369318 426.501 332.633 0.531558 473.51 305.299 0.0855599 0 0 0 0 0 0 0 0 0 436.285 193.66 0.653013 391.28 193.716 0.396652 0
0 111 107 0 0 0 416.702 240.601 0.865276 451.984 250.418 0.728759 489.077 305.188 0.80149 524.439 318.921 0.888986 383.408 230.893 0.807645 369.771 266.049 0.0709892 0 0 0 459.791 334.571 0.651847 493.007 330.654 0.635197 461.83 391.292 0.700195 426.471 332.568 0.472941 475.375 311.136 0.101066 0 0 0 0 0 0 0 0 0 434.335 195.649 0.662939 383.58 195.678 0.376622 0
0 111 108 0 0 0 414.724 242.611 0.899295 450 252.408 0.766515 489.091 305.166 0.812518 526.275 318.883 0.881769 379.551 240.591 0.799223 358.072 252.368 0.0885979 0 0 0 457.839 332.554 0.631188 491.027 336.504 0.686944 463.741 393.236 0.714032 416.729 322.844 0.513571 467.637 322.839 0.105456 0 0 0 0 0 0 0 0 0 430.46 201.508 0.573442 381.558 195.75 0.484079 0
0 111 109 0 0 0 412.902 246.53 0.886718 449.996 256.249 0.804218 487.198 305.227 0.828235 524.417 318.878 0.893915 377.595 242.62 0.828307 0 0 0 0 0 0 455.868 336.54 0.648006 489.071 336.536 0.688741 461.762 397.095 0.751055 414.751 334.542 0.536169 463.706 320.924 0.0889451 0 0 0 0 0 0 0 0 0 430.46 207.357 0.513608 383.411 209.261 0.476923 0
0 111 110 0 0 0 412.829 254.294 0.875943 448.048 256.337 0.836451 489.061 305.306 0.817038 524.45 318.86 0.888118 379.499 250.434 0.765789 363.911 289.497 0.647498 0 0 0 457.835 338.474 0.667073 485.216 340.439 0.681929 461.75 393.252 0.768688 416.713 336.522 0.596482 459.859 322.871 0.0618159 0 0 0 0 0 0 0 0 0 428.452 211.291 0.62106 381.544 211.225 0.514486 0
0 111 111 0 0 0 410.907 256.332 0.88146 446.144 258.278 0.821715 483.3 305.276 0.802149 524.391 318.851 0.89827 373.683 256.248 0.794558 359.985 289.58 0.749783 289.637 258.305 0.196422 459.807 344.367 0.661542 477.471 350.133 0.642371 461.681 395.201 0.729482 416.782 344.356 0.583638 428.359 334.535 0.129973 446.14 367.902 0.0797441 0 0 0 0 0 0 426.495 213.253 0.541098 373.702 213.274 0.52345 0
0 111 112 0 0 0 408.876 258.25 0.865604 446.078 258.317 0.823834 483.255 305.147 0.789301 524.315 318.829 0.888831 367.863 258.308 0.859249 350.204 305.154 0.734379 289.644 260.264 0.478128 459.816 348.26 0.665753 477.408 352.184 0.526726 461.663 395.184 0.632711 414.851 350.246 0.619675 0 0 0 0 0 0 0 0 0 0 0 0 422.575 221.058 0.494478 369.83 219.099 0.568878 0
0 111 113 0 0 0 406.927 260.292 0.816552 446.076 266.118 0.769158 491.016 305.265 0.763426 524.38 318.812 0.85063 367.842 260.271 0.82449 352.109 305.258 0.783614 0 0 0 457.788 350.265 0.67334 477.48 354.136 0.595041 459.864 395.204 0.686636 412.879 354.124 0.625687 473.427 336.575 0.0522929 0 0 0 0 0 0 0 0 0 420.664 224.991 0.613795 375.627 223.058 0.484894 0
0 111 114 0 0 0 401.105 264.113 0.829813 444.093 266.057 0.771918 481.333 305.147 0.774668 522.418 316.979 0.845382 365.843 266.101 0.81043 350.124 318.878 0.811014 0 0 0 455.877 350.203 0.68194 477.409 359.978 0.62659 459.801 397.077 0.670883 408.935 354.157 0.636372 414.779 352.203 0.134671 442.163 381.551 0.166107 0 0 0 0 0 0 416.707 223.029 0.543364 369.802 225.007 0.537733 0
0 111 115 0 0 0 399.121 268.037 0.865189 442.127 268.049 0.770587 483.268 305.198 0.780751 522.375 315.03 0.820049 360.029 269.989 0.790861 350.103 324.821 0.747297 0 0 0 448.099 352.163 0.678779 479.42 363.868 0.513763 459.8 395.24 0.550137 401.133 361.939 0.645982 412.762 356.121 0.0781249 434.386 383.535 0.121449 0 0 0 0 0 0 412.868 221.094 0.535383 369.826 225.03 0.478017 0
0 111 116 0 0 0 397.113 271.942 0.914765 436.33 270.015 0.806352 479.383 305.142 0.792426 522.294 315.02 0.802966 354.107 273.896 0.878222 346.305 334.627 0.769202 0 0 0 448.069 358.08 0.661153 477.477 359.975 0.529466 459.823 397.123 0.629716 399.132 367.782 0.698853 401.148 361.929 0.104077 0 0 0 0 0 0 0 0 0 412.745 226.958 0.780236 365.864 228.916 0.67146 0
0 111 117 0 0 0 395.192 271.92 0.894728 432.429 269.97 0.809381 477.393 305.172 0.810773 512.651 313.014 0.745659 352.234 273.866 0.889693 342.399 338.469 0.780135 0 0 0 446.156 360.026 0.647695 479.305 363.872 0.496247 459.813 397.16 0.61922 397.232 367.853 0.69129 399.228 363.862 0.126875 414.836 377.616 0.0899534 0 0 0 0 0 0 408.907 226.9 0.736777 365.836 228.936 0.691486 0
0 111 118 0 0 0 387.362 273.879 0.876637 430.39 271.852 0.883552 477.452 305.227 0.793141 512.594 311.082 0.733771 348.299 277.804 0.826189 336.631 348.295 0.792568 346.308 359.969 0.0849939 451.971 367.883 0.628613 473.468 365.813 0.167178 461.702 397.122 0.390781 397.232 379.543 0.675788 0 0 0 0 0 0 0 0 0 0 0 0 399.187 226.912 0.786191 361.98 228.942 0.603734 0
0 111 119 0 0 0 383.561 273.961 0.885207 428.509 271.944 0.896353 481.305 307.171 0.727473 512.625 311.061 0.733643 344.361 279.774 0.788612 336.6 352.266 0.807695 350.178 365.906 0.116172 444.087 379.574 0.626857 477.422 361.946 0.509097 459.789 399.112 0.55499 383.552 383.484 0.683033 0 0 0 0 0 0 0 0 0 0 0 0 395.172 226.907 0.684567 352.228 238.667 0.41396 0
0 111 120 0 0 0 381.58 275.926 0.859364 426.498 271.926 0.856684 481.313 311.057 0.72588 510.633 311.081 0.730629 338.529 285.633 0.809842 334.652 361.929 0.822722 338.457 367.885 0.100974 450.012 381.556 0.599354 475.473 359.981 0.333157 461.66 397.181 0.459683 397.235 395.193 0.687055 0 0 0 0 0 0 0 0 0 0 0 0 387.402 228.917 0.527059 348.253 240.656 0.567203 0
0 111 121 0 0 0 379.525 281.697 0.801876 418.706 271.955 0.838265 489.08 309.144 0.720876 510.62 307.247 0.593105 336.466 287.652 0.873052 334.617 363.932 0.849654 342.407 371.733 0.0784857 450.019 385.415 0.623057 467.622 363.831 0.0690649 465.667 395.209 0.0604862 397.093 401.108 0.632568 0 0 0 0 0 0 0 0 0 0 0 0 383.463 226.996 0.581517 342.364 240.706 0.611452 0
0 111 122 0 0 0 371.728 283.663 0.807236 412.904 271.966 0.873681 477.39 307.178 0.720604 506.663 309.14 0.49727 334.535 289.588 0.844446 334.587 365.786 0.808014 336.566 379.528 0.250046 446.057 383.509 0.635775 475.416 359.992 0.226657 461.698 399.107 0.236192 397.109 399.191 0.684684 399.088 397.129 0.080118 0 0 0 0 0 0 0 0 0 379.585 232.81 0.588202 334.561 242.656 0.636582 0
0 111 123 0 0 0 369.749 285.607 0.852031 412.762 271.991 0.873572 477.41 307.238 0.711897 496.994 305.314 0.194514 332.597 291.59 0.794151 332.612 365.878 0.734995 334.652 381.578 0.277986 444.151 387.424 0.627743 485.184 359.971 0.14281 0 0 0 389.372 406.974 0.621822 0 0 0 0 0 0 0 0 0 0 0 0 377.628 232.829 0.688706 330.628 242.705 0.696648 0
0 111 124 0 0 0 365.85 287.505 0.882255 406.94 273.839 0.806593 477.396 307.193 0.759681 496.958 303.253 0.136351 322.817 295.418 0.795402 328.695 375.624 0.737666 338.467 385.442 0.0866613 434.352 397.105 0.6411 477.444 363.857 0.152016 0 0 0 381.438 412.875 0.640408 0 0 0 0 0 0 0 0 0 0 0 0 369.796 232.818 0.722198 326.744 244.606 0.65361 0
0 111 125 0 0 0 356.128 287.693 0.858714 399.057 273.929 0.837387 469.579 305.236 0.747744 471.503 279.784 0.0606156 318.926 303.188 0.852415 322.817 379.521 0.732132 336.474 393.264 0.180248 432.379 393.264 0.633957 475.441 361.959 0.177728 0 0 0 371.757 412.796 0.620494 0 0 0 0 0 0 0 0 0 0 0 0 361.943 240.609 0.550121 318.817 256.243 0.623774 0
0 111 126 0 0 0 350.26 291.517 0.890612 393.25 275.915 0.772934 461.822 305.303 0.691231 444.098 273.924 0.103369 307.222 305.257 0.825325 318.958 381.53 0.777896 334.59 395.253 0.284356 430.457 391.327 0.634962 473.456 354.134 0.191031 473.473 367.851 0.0522158 371.76 412.819 0.625615 0 0 0 0 0 0 0 0 0 0 0 0 354.101 240.658 0.674033 307.178 256.317 0.681859 0
0 111 127 0 0 0 336.587 291.595 0.88189 379.563 275.918 0.796514 446.107 303.264 0.69271 463.681 289.555 0.152553 301.31 307.211 0.825698 311.087 371.774 0.69278 320.949 399.117 0.638768 424.56 381.468 0.593111 475.393 358.067 0.228521 461.707 397.191 0.180273 367.888 405.009 0.632242 0 0 0 0 0 0 0 0 0 0 0 0 336.577 242.541 0.741406 299.371 256.35 0.730964 0
0 111 128 0 0 0 332.578 297.421 0.852531 369.829 277.849 0.771566 444.062 303.261 0.670924 463.749 287.621 0.419921 289.619 315 0.80261 303.29 367.823 0.755132 318.871 401.102 0.781596 416.717 381.495 0.612598 473.454 365.833 0.231465 459.834 397.152 0.164908 365.867 408.92 0.632568 0 0 0 0 0 0 0 0 0 0 0 0 330.623 242.577 0.794909 287.561 260.271 0.72371 0
0 111 129 0 0 0 320.845 299.381 0.880803 361.939 279.749 0.7439 424.585 303.192 0.690372 446.071 279.77 0.258166 283.712 318.832 0.791471 297.362 369.843 0.728759 309.158 408.935 0.759302 403.064 369.779 0.629208 461.778 369.788 0.383574 461.742 383.491 0.379848 354.118 401.067 0.660012 365.812 401.163 0.122711 0 0 0 0 0 0 0 0 0 320.865 244.565 0.720731 277.804 268.009 0.508676 0
0 111 130 0 0 0 313.02 303.273 0.896773 350.21 283.689 0.789778 408.894 303.33 0.646432 430.422 293.486 0.0758191 274.014 320.934 0.836598 289.617 375.636 0.766029 303.295 412.901 0.853092 403.01 367.78 0.614764 444.169 365.865 0.339362 461.806 381.546 0.568155 352.238 399.204 0.651816 354.262 399.155 0.0626951 0 0 0 0 0 0 0 0 0 311.099 254.285 0.84035 268.027 271.961 0.641163 0
0 111 131 0 0 0 303.3 305.255 0.913266 336.57 287.605 0.796762 383.572 313.032 0.325597 0 0 0 271.869 324.812 0.829209 283.729 375.669 0.741261 295.41 414.788 0.805015 393.225 365.869 0.609325 424.557 358.077 0.507456 459.829 381.468 0.726226 346.317 399.152 0.62863 352.276 401.093 0.152602 367.753 410.865 0.104928 0 0 0 0 0 0 303.177 256.31 0.764491 258.232 274.002 0.641293 0
0 111 132 0 0 0 303.151 305.231 0.9053 336.455 281.702 0.808188 397.215 303.274 0.754778 428.446 299.342 0.125756 266.099 332.566 0.799116 277.855 381.469 0.738747 287.675 416.764 0.834932 391.327 365.861 0.619035 414.79 354.165 0.342497 457.817 379.531 0.694473 346.279 399.171 0.602914 350.229 401.123 0.154964 365.958 410.866 0.125421 0 0 0 0 0 0 291.49 256.344 0.781631 248.503 279.795 0.567343 0
0 111 133 0 0 0 293.529 307.135 0.858822 326.743 281.739 0.787744 393.277 299.306 0.734594 401.077 279.812 0.131191 260.25 334.591 0.823303 273.905 383.435 0.737137 283.701 416.705 0.841629 387.368 363.867 0.612943 436.293 367.856 0.30156 453.9 381.556 0.493228 342.417 399.139 0.59352 358.05 408.892 0.240143 365.912 410.894 0.140461 0 0 0 0 0 0 283.68 256.381 0.766475 244.582 285.652 0.730355 0
0 111 134 0 0 0 289.529 305.283 0.901292 320.923 275.922 0.835045 383.455 295.414 0.697633 412.868 279.807 0.114234 256.289 336.511 0.849579 271.995 397.174 0.623422 275.837 416.757 0.692819 387.419 365.81 0.607937 448.026 369.766 0.482843 446.137 379.536 0.237808 340.425 403.082 0.602258 354.129 408.926 0.0959372 0 0 0 0 0 0 0 0 0 273.997 256.344 0.812197 240.619 287.564 0.755584 0
0 111 135 0 0 0 285.6 307.141 0.88544 316.946 277.81 0.821755 375.622 289.651 0.728739 404.997 277.848 0.0860966 252.421 336.582 0.836533 269.925 403.069 0.66058 273.873 416.719 0.583222 379.588 352.232 0.62637 438.255 367.772 0.535788 444.143 367.881 0.131371 336.56 399.071 0.637788 399.116 401.149 0.587129 442.172 432.372 0.247827 0 0 0 0 0 0 271.886 258.276 0.784582 236.741 289.484 0.700081 0
0 111 136 0 0 0 279.772 309.11 0.841989 309.126 279.75 0.77264 371.765 289.609 0.75802 399.188 270.025 0.410551 246.51 338.47 0.820957 258.361 404.982 0.7744 260.235 412.748 0.119092 379.53 365.813 0.608229 440.235 367.882 0.357571 444.146 412.827 0.125495 338.456 403.036 0.575046 397.186 408.931 0.313489 440.215 430.469 0.114176 0 0 0 0 0 0 262.217 258.26 0.753243 227.049 289.5 0.816931 0
0 111 137 0 0 0 273.893 307.146 0.897093 303.286 275.926 0.837078 367.786 289.557 0.737201 403.048 269.986 0.175406 242.552 336.626 0.849874 256.247 399.193 0.794477 0 0 0 383.433 358.038 0.525778 414.821 381.53 0.129293 432.406 387.395 0.109042 348.243 399.115 0.494554 377.61 399.119 0.252838 414.78 406.955 0.133581 0 0 0 0 0 0 256.354 256.355 0.715644 226.9 287.538 0.837746 0
0 111 138 0 0 0 271.897 307.234 0.876183 301.29 279.762 0.789767 363.859 287.642 0.714751 404.994 268.056 0.0572274 240.643 336.606 0.862913 254.358 399.193 0.779082 289.573 424.57 0.172331 379.55 354.152 0.584178 442.144 367.873 0.338809 444.159 369.826 0.0801714 336.579 399.087 0.514659 367.817 399.099 0.214194 399.107 401.133 0.227248 0 0 0 0 0 0 252.395 258.254 0.6895 223.036 287.535 0.811213 0
0 111 139 199.546 289.572 0.23519 268.045 305.209 0.88159 291.52 272.023 0.816855 354.168 287.589 0.576586 0 0 0 238.704 336.547 0.814918 248.498 395.239 0.666772 0 0 0 383.516 354.165 0.500627 444.119 367.852 0.326744 469.557 430.425 0.053887 338.535 401.069 0.514107 397.15 405.026 0.0804152 0 0 0 0 0 0 199.586 281.772 0.356261 242.726 258.172 0.344184 221.098 275.851 0.845928 0
0 111 140 193.695 289.565 0.295989 262.151 303.223 0.865926 287.613 269.977 0.800018 352.176 283.696 0.448545 0 0 0 236.701 334.614 0.78912 242.533 393.25 0.601051 0 0 0 381.548 352.206 0.470974 442.16 369.775 0.406128 477.377 448.032 0.0611066 336.493 399.145 0.520545 391.302 410.888 0.126784 459.704 459.798 0.0599591 0 0 0 193.77 283.652 0.427839 236.756 256.246 0.231988 211.382 273.976 0.850563 0
0 111 141 191.666 289.649 0.307657 256.231 303.185 0.880322 279.764 262.149 0.723028 350.166 270.022 0.321756 0 0 0 226.925 334.621 0.805694 242.653 391.3 0.408151 0 0 0 375.633 338.509 0.414583 434.352 373.705 0.315715 0 0 0 332.624 395.232 0.497008 371.773 412.807 0.210399 0 0 0 0 0 0 191.744 285.624 0.442269 228.901 256.21 0.289837 209.288 277.822 0.763805 0
0 111 142 0 0 0 250.422 301.338 0.851708 273.899 266.112 0.795013 336.591 271.935 0.711752 0 0 0 224.917 334.578 0.820249 240.701 385.461 0.429096 0 0 0 354.14 350.245 0.508299 412.832 373.687 0.074922 0 0 0 318.942 397.128 0.493622 238.662 428.446 0.181333 0 0 0 0 0 0 0 0 0 225.054 252.396 0.581256 197.655 287.536 0.749525 0
0 111 143 0 0 0 238.675 293.521 0.832529 258.264 258.341 0.835067 324.809 269.945 0.762821 338.472 256.345 0.069724 211.392 330.65 0.736267 217.167 391.282 0.358708 205.434 418.708 0.106499 332.634 334.579 0.611256 330.637 379.569 0.137887 0 0 0 303.243 373.665 0.52008 320.917 397.171 0.672418 377.583 405.03 0.45567 0 0 0 0 0 0 213.336 246.565 0.604788 183.901 285.637 0.686755 0
0 111 144 0 0 0 228.937 289.552 0.859643 254.332 258.176 0.833441 320.955 262.142 0.759274 328.694 242.647 0.150132 209.255 320.911 0.718918 221.064 365.825 0.5509 0 0 0 324.77 332.599 0.608251 320.856 383.499 0.117964 369.811 405.016 0.0518841 291.518 369.759 0.589357 320.925 397.234 0.66715 371.754 408.94 0.572891 0 0 0 0 0 0 209.413 242.66 0.633246 178.057 275.916 0.597592 0
0 111 145 0 0 0 225.038 287.535 0.889486 246.553 254.346 0.806248 318.904 262.151 0.784678 340.434 256.284 0.145206 203.504 318.853 0.717504 217.196 361.926 0.603483 0 0 0 318.879 332.631 0.616928 324.791 383.551 0.182908 365.864 408.928 0.0879183 287.654 369.77 0.614801 322.825 397.162 0.551377 369.768 406.975 0.5414 0 0 0 0 0 0 205.437 240.658 0.698523 168.282 272.004 0.547856 0
0 111 146 0 0 0 223.019 281.741 0.836653 242.581 248.465 0.806281 307.23 258.191 0.803507 356.074 270.02 0.263445 199.554 313.035 0.684831 211.225 363.899 0.728856 195.674 336.666 0.0551514 316.973 332.583 0.5673 344.333 385.438 0.176617 393.217 393.264 0.0501881 289.53 367.866 0.618569 334.578 399.192 0.546313 369.845 406.976 0.34465 0 0 0 0 0 0 195.737 236.754 0.675845 164.357 268.051 0.589233 0
0 111 147 0 0 0 215.207 275.884 0.850539 236.768 242.649 0.79193 291.561 252.355 0.762164 332.554 252.403 0.58356 195.577 307.203 0.765491 209.31 367.774 0.732332 238.699 354.117 0.130146 311.126 328.703 0.565633 371.732 379.563 0.153612 420.645 381.539 0.0789449 287.553 365.909 0.609114 342.383 399.181 0.478811 369.795 404.964 0.219121 0 0 0 0 0 0 193.656 228.955 0.776483 160.376 264.112 0.477567 0
0 111 148 0 0 0 209.379 271.866 0.888173 228.936 236.741 0.806716 293.504 244.59 0.804657 328.72 254.284 0.462417 187.854 305.213 0.755104 201.544 367.871 0.715447 0 0 0 303.254 318.869 0.611944 316.967 379.569 0.114728 0 0 0 271.946 356.118 0.647625 311.06 383.581 0.620634 365.825 401.136 0.747807 0 0 0 0 0 0 187.806 226.903 0.617034 148.653 256.366 0.6864 0
0 111 149 0 0 0 201.525 268.067 0.815512 223.004 232.843 0.812755 285.67 242.541 0.782868 305.284 240.585 0.528867 180.043 305.149 0.806416 199.535 369.784 0.717028 199.551 383.453 0.100589 303.263 309.112 0.531653 352.149 334.569 0.101418 0 0 0 271.889 350.238 0.370826 275.937 367.858 0.402965 350.218 397.222 0.21284 0 0 0 0 0 0 179.987 223.021 0.790111 142.83 254.355 0.71776 0
0 111 150 0 0 0 195.71 264.1 0.809719 213.33 227.007 0.810504 283.679 238.65 0.754526 303.307 228.973 0.518499 178.045 301.34 0.832437 197.652 371.713 0.638392 195.712 393.275 0.324181 289.622 303.277 0.6116 352.199 318.918 0.17638 387.428 346.303 0.12604 256.328 346.323 0.549591 287.588 377.584 0.621389 342.373 393.26 0.648977 0 0 0 0 0 0 177.999 215.218 0.747695 138.92 248.495 0.685123 0
0 111 151 0 0 0 193.701 260.246 0.844882 211.369 225.002 0.814903 275.858 236.732 0.606885 297.393 230.887 0.218876 174.15 301.308 0.767743 197.597 375.649 0.628348 195.697 385.471 0.536918 307.201 299.37 0.402272 365.858 320.892 0.104337 444.148 403.039 0.0510994 273.902 348.219 0.386204 260.292 365.765 0.441554 332.563 381.576 0.346788 0 0 0 0 0 0 166.337 211.293 0.720033 133.056 244.548 0.734173 0
0 111 152 0 0 0 182.01 256.336 0.804327 201.5 221.09 0.77158 268.022 225.034 0.72742 285.626 217.174 0.138093 164.434 299.312 0.755949 193.768 350.235 0.722558 195.735 383.422 0.793677 279.78 291.55 0.522716 363.89 352.162 0.145989 0 0 0 256.278 342.409 0.510148 305.202 377.613 0.242297 322.851 381.54 0.0869813 0 0 0 0 0 0 160.371 209.3 0.609767 125.181 240.679 0.752838 0
0 111 153 0 0 0 178.058 254.32 0.831752 195.642 215.194 0.803909 256.332 219.123 0.64976 0 0 0 162.336 291.533 0.79416 193.607 346.287 0.739384 195.761 381.552 0.832271 277.835 289.564 0.481238 360 356.081 0.128164 0 0 0 254.366 336.518 0.507508 303.252 371.75 0.23152 0 0 0 0 0 0 0 0 0 148.781 203.476 0.69123 117.419 236.755 0.743379 0
0 111 154 0 0 0 172.154 248.477 0.791649 189.8 211.35 0.78891 242.569 209.417 0.784973 240.691 213.284 0.0676289 152.627 287.643 0.728731 189.764 340.459 0.720007 201.493 381.428 0.788167 273.912 289.611 0.555066 361.94 360.003 0.188638 0 0 0 246.531 334.52 0.531225 313.028 381.535 0.22886 0 0 0 0 0 0 0 0 0 144.8 199.557 0.74755 109.594 232.816 0.622965 0
0 111 155 142.807 193.706 0.0654982 164.408 244.58 0.831933 150.614 285.622 0.692941 180.081 336.507 0.763818 197.684 375.631 0.76876 180.079 211.367 0.758448 226.968 205.449 0.563595 260.245 248.485 0.300736 230.899 324.781 0.601023 289.58 361.951 0.372349 332.599 412.818 0.0765806 258.247 289.591 0.60174 271.996 305.198 0.304278 289.49 334.593 0.191666 0 0 0 0 0 0 133.052 201.546 0.392916 109.539 227.014 0.331509 0
0 111 156 0 0 0 162.313 240.717 0.819282 178.014 209.34 0.659168 211.356 197.641 0.604719 182.038 197.578 0.130477 146.721 277.811 0.719564 180.045 336.487 0.70976 201.543 369.834 0.665177 258.318 279.772 0.530708 262.197 287.637 0.212142 287.543 320.96 0.353588 236.729 328.668 0.489312 295.425 383.47 0.150474 0 0 0 0 0 0 0 0 0 131.059 195.657 0.526777 99.8079 225.066 0.565777 0
0 111 157 0 0 0 154.541 240.599 0.746759 166.353 209.303 0.581774 195.608 195.688 0.292611 178.09 199.538 0.0611505 136.998 273.861 0.712982 176.116 334.51 0.586858 197.651 367.785 0.588359 271.9 305.201 0.430997 324.778 403.063 0.0825058 0 0 0 240.705 338.463 0.471386 275.863 428.488 0.129814 0 0 0 0 0 0 0 0 0 119.396 193.711 0.424739 95.8347 219.129 0.545441 0
0 111 158 0 0 0 146.733 230.907 0.786825 164.409 197.6 0.67106 180.069 191.755 0.231728 0 0 0 131.07 270.014 0.713946 164.388 322.798 0.667703 195.731 363.843 0.696198 254.361 281.748 0.521718 260.304 289.593 0.317064 287.532 326.725 0.418591 225.02 328.696 0.531816 268.033 399.146 0.186139 0 0 0 0 0 0 0 0 0 115.472 189.791 0.541694 86.0485 221.098 0.664069 0
0 111 159 0 0 0 140.872 232.822 0.752302 162.346 197.645 0.671952 213.238 228.886 0.0961498 0 0 0 121.311 269.975 0.670689 162.352 322.821 0.577721 195.592 358.068 0.588299 248.479 285.616 0.451497 268.016 293.505 0.14855 283.7 324.775 0.238809 217.204 320.897 0.392151 266.072 389.349 0.130493 0 0 0 0 0 0 0 0 0 113.43 187.829 0.519898 82.2029 221.107 0.635409 0
0 111 160 0 0 0 133.045 228.928 0.843332 158.446 193.674 0.702011 211.362 213.316 0.569879 244.543 242.586 0.375786 115.428 268.034 0.697111 154.569 318.896 0.673814 185.842 352.245 0.626534 234.756 273.882 0.542645 258.281 289.62 0.48486 287.515 330.632 0.4638 203.461 311.103 0.525581 244.565 373.72 0.187114 0 0 0 0 0 0 0 0 0 105.628 183.889 0.621633 74.3387 219.101 0.596912 0
0 111 161 0 0 0 127.194 225.064 0.846603 146.783 191.669 0.759003 201.52 209.292 0.591948 236.749 236.722 0.466988 107.594 266.078 0.696728 152.603 318.889 0.771459 182 352.267 0.704038 225.033 260.257 0.563582 258.272 289.653 0.636943 287.6 332.563 0.602676 195.72 307.169 0.626618 244.556 365.89 0.453556 273.919 416.741 0.113188 0 0 0 0 0 0 99.8068 182.021 0.571126 72.4519 217.183 0.63834 0
0 111 162 0 0 0 119.411 224.987 0.823155 144.768 183.896 0.67846 201.557 211.298 0.342687 224.973 228.94 0.0678871 101.77 262.176 0.730551 146.792 316.955 0.787147 176.074 352.156 0.705445 224.948 264.11 0.588147 256.218 289.473 0.746442 281.741 326.73 0.668741 193.676 305.207 0.659651 207.436 322.869 0.0996041 0 0 0 0 0 0 0 0 0 91.9588 180.063 0.557153 64.5335 211.337 0.616034 0
0 111 163 0 0 0 115.421 225.03 0.851345 133.131 189.77 0.656941 197.67 215.24 0.180724 0 0 0 97.7684 260.255 0.75963 136.95 318.885 0.722743 164.429 352.169 0.641803 219.122 264.122 0.577207 254.33 289.537 0.690008 279.79 322.868 0.675947 185.903 309.152 0.616534 221.074 365.814 0.301203 228.908 369.825 0.166709 0 0 0 0 0 0 84.1169 180.005 0.587708 56.7164 211.252 0.591982 0
0 111 164 0 0 0 101.746 226.92 0.817199 119.345 195.649 0.621551 140.858 177.971 0.33142 131.048 179.939 0.114883 86.0738 258.259 0.81059 129.108 307.22 0.790527 154.539 348.196 0.69651 207.407 256.248 0.573573 240.671 281.703 0.600637 274.016 318.978 0.77431 176.095 303.306 0.672147 211.283 367.782 0.372557 228.923 381.488 0.127026 0 0 0 0 0 0 72.4039 180.025 0.584207 50.8043 211.247 0.573805 0
0 111 165 0 0 0 95.8664 224.917 0.772549 113.459 191.713 0.616783 189.792 217.168 0.0700446 0 0 0 80.2106 256.334 0.778606 121.29 305.284 0.73301 144.778 348.233 0.710524 199.595 252.411 0.481718 232.858 273.958 0.671046 275.834 320.794 0.788745 174.096 299.332 0.57471 209.387 358.039 0.211067 226.925 369.763 0.125099 0 0 0 0 0 0 68.4165 179.936 0.528463 41.1292 209.307 0.563621 0
0 111 166 52.8337 219.107 0.285027 86.0522 223.049 0.818928 70.4533 256.279 0.781999 107.606 303.305 0.674802 132.988 334.579 0.584073 99.7866 191.707 0.714052 125.227 174.124 0.443698 0 0 0 158.446 305.246 0.532791 211.325 383.46 0.316457 238.678 475.42 0.142573 183.92 256.306 0.468626 226.939 273.89 0.52418 272 316.923 0.637132 41.1141 211.391 0.246585 48.8801 209.339 0.265473 48.8754 205.386 0.13667 52.8468 191.701 0.33274 0
0 111 167 48.9186 209.403 0.0874907 76.3118 223.036 0.755423 62.6315 256.273 0.699679 99.7855 305.204 0.572344 121.344 334.516 0.4263 88.0356 189.747 0.668945 131.088 166.288 0.612775 183.959 234.774 0.104858 150.707 307.174 0.48885 207.382 391.311 0.233619 228.905 477.415 0.106715 180.007 262.185 0.397874 224.979 273.905 0.324082 264.132 307.192 0.274833 0 0 0 0 0 0 46.9086 181.933 0.229683 23.5468 203.477 0.28666 0
0 111 168 4.85216 211.372 0.294053 68.5245 219.098 0.802576 54.7476 254.339 0.768734 99.7085 307.169 0.649585 121.32 332.56 0.349093 84.0936 183.957 0.774739 133.011 166.268 0.712648 193.658 221.093 0.0768833 154.569 307.154 0.48311 209.325 383.495 0.17277 0 0 0 185.854 264.109 0.432062 232.868 287.598 0.0582108 0 0 0 0 0 0 4.84717 203.489 0.318047 0 0 0 19.5925 193.721 0.568413 0
0 111 169 0 0 0 64.5309 213.26 0.762639 80.1754 178.111 0.701918 131.063 166.341 0.722779 129.135 176.074 0.0713587 44.988 250.439 0.709454 84.1836 315.019 0.599422 95.8921 334.564 0.21084 181.966 262.154 0.327324 215.225 271.942 0.0777726 240.672 291.51 0.116417 156.502 299.354 0.419167 215.244 365.863 0.127866 0 0 0 0 0 0 0 0 0 37.1316 172.159 0.421639 0 0 0 0
0 111 170 4.85357 205.426 0.186119 52.8916 213.268 0.771833 37.2197 250.464 0.70204 70.521 311.073 0.559443 84.1608 322.851 0.401302 70.4288 179.992 0.796945 131.143 164.387 0.652919 0 0 0 150.691 303.303 0.467716 213.246 365.871 0.0887119 0 0 0 179.99 266.088 0.378567 279.776 336.53 0.0599029 0 0 0 0 0 0 4.85969 193.65 0.198702 4.83661 195.586 0.155879 0 0 0 0
0 111 171 4.85093 193.679 0.231412 43.0603 211.316 0.779563 27.3894 244.62 0.650348 54.7173 305.289 0.499829 68.439 336.519 0.277476 62.6241 178.107 0.784013 129.139 166.365 0.608892 133.02 162.462 0.192943 146.75 293.49 0.471367 211.298 354.112 0.113668 0 0 0 168.267 256.264 0.430634 207.406 277.816 0.0580616 0 0 0 0 0 0 4.85898 179.973 0.264383 0 0 0 11.7171 166.372 0.453807 0
0 111 172 0 0 0 37.1815 207.361 0.821758 56.7528 170.203 0.713581 129.143 166.279 0.748406 0 0 0 19.5438 240.607 0.690565 43.0451 303.252 0.586445 54.7551 316.945 0.295203 152.592 242.655 0.461135 199.562 271.907 0.17569 273.971 301.318 0.0891963 129.106 285.611 0.498086 168.303 314.992 0.132203 0 0 0 0 0 0 0 0 0 19.5006 162.368 0.275356 4.86211 195.656 0.315829 0
0 111 173 0 0 0 35.1851 201.541 0.790589 54.824 168.238 0.698036 131.076 164.434 0.738743 125.206 164.35 0.0786238 0 0 0 0 0 0 0 0 0 164.337 250.454 0.328891 228.921 275.894 0.0712 0 0 0 135.045 289.589 0.455181 205.443 356.072 0.126401 0 0 0 0 0 0 0 0 0 0 0 0 0 0 0 0
0 111 174 0 0 0 21.4292 197.664 0.526468 43.0678 166.32 0.46528 127.171 164.415 0.405181 144.762 174.095 0.127859 4.84435 228.897 0.26834 23.4867 289.572 0.19885 0 0 0 166.307 254.363 0.188424 0 0 0 0 0 0 135.024 285.659 0.159227 0 0 0 0 0 0 0 0 0 0 0 0 4.85316 158.461 0.128811 0 0 0 0
