4 1 27 0 0 0 273.955 432.462 0.879647 316.92 428.497 0.85891 350.152 477.323 0.896645 336.535 500.848 0.421967 238.688 442.162 0.848138 230.843 498.884 0.774314 232.805 540.071 0.834572 320.96 532.183 0.760913 334.581 600.626 0.712236 334.532 676.925 0.729397 275.912 538.106 0.739187 318.878 600.621 0.568223 320.998 614.361 0.140323 0 0 0 0 0 0 283.733 387.38 0.869206 248.512 397.216 0.536663 0
4 1 28 0 0 0 273.92 428.522 0.927693 314.991 424.508 0.816116 350.117 473.443 0.867378 336.558 493.014 0.456779 238.661 432.436 0.832253 230.861 491.116 0.825742 232.803 536.041 0.839572 320.912 524.31 0.820122 336.549 588.967 0.756955 334.534 665.242 0.839968 275.868 530.191 0.738817 305.251 585.046 0.57094 318.961 602.556 0.367725 0 0 0 0 0 0 281.742 383.544 0.911496 250.423 395.21 0.480788 0
4 1 29 0 0 0 273.925 416.736 0.908322 314.97 412.754 0.832157 346.289 459.734 0.860638 334.485 477.35 0.359859 238.701 426.46 0.841673 230.869 481.317 0.688391 240.567 512.602 0.583455 320.903 514.57 0.773252 338.556 569.285 0.777231 336.493 632.002 0.794782 275.902 522.346 0.768376 303.215 567.381 0.613068 318.912 602.668 0.663545 0 0 0 0 0 0 281.755 369.802 0.897722 248.464 381.477 0.512041 0
4 1 30 0 0 0 273.939 412.766 0.92483 313.066 403.027 0.813989 344.316 449.985 0.828755 332.588 461.792 0.261266 238.671 416.714 0.850548 232.847 481.292 0.652961 242.597 496.995 0.3547 320.812 502.792 0.769059 336.589 553.642 0.849408 336.614 618.237 0.767606 274.028 508.679 0.77871 301.248 557.58 0.735622 318.95 602.659 0.744763 0 0 0 0 0 0 281.765 365.8 0.917732 248.445 373.707 0.549941 0
4 1 31 0 0 0 273.916 397.134 0.947022 313.034 389.351 0.81103 342.403 436.33 0.844829 324.791 446.168 0.205723 238.629 399.231 0.868112 238.672 461.661 0.869153 258.294 465.635 0.134434 322.793 491.112 0.783542 336.509 549.793 0.647747 338.496 596.73 0.68986 275.906 498.934 0.753548 303.164 553.703 0.651394 318.956 598.681 0.71668 0 0 0 0 0 0 281.765 352.099 0.943783 250.421 359.991 0.483879 0
4 1 32 0 0 0 273.915 397.123 0.94475 313.036 389.346 0.81226 342.407 436.336 0.844664 326.718 448.03 0.212166 238.627 399.212 0.871742 238.677 461.656 0.867804 258.259 465.651 0.134779 322.791 491.105 0.775239 336.493 545.868 0.595392 338.478 594.804 0.697351 275.906 498.923 0.752539 301.334 553.647 0.647148 318.942 598.676 0.718175 0 0 0 0 0 0 281.759 352.095 0.942595 250.417 359.975 0.479996 0
4 1 33 0 0 0 273.895 385.419 0.927793 314.947 381.592 0.838137 340.486 430.427 0.897315 324.759 444.077 0.176462 238.635 391.32 0.843726 232.858 444.116 0.85038 258.302 448.055 0.158234 320.965 481.342 0.74423 336.486 534.121 0.705657 338.504 585.016 0.809932 275.891 491.12 0.78626 297.421 543.901 0.777242 318.942 600.573 0.83567 0 0 0 0 0 0 283.649 340.472 0.875716 252.375 350.259 0.47233 0
4 1 34 0 0 0 273.994 377.594 0.901052 313.068 369.847 0.813064 340.456 414.893 0.852883 332.553 432.38 0.202242 240.619 379.592 0.904563 234.816 416.794 0.776785 0 0 0 322.87 463.711 0.726425 336.56 508.759 0.782061 346.328 563.444 0.790084 281.7 475.465 0.815731 299.328 537.973 0.809633 318.88 596.71 0.79579 0 0 0 0 0 0 285.681 332.639 0.901461 254.352 336.628 0.44767 0
4 1 35 0 0 0 273.983 369.802 0.9204 314.961 367.793 0.842837 340.468 414.799 0.866798 328.696 428.465 0.14002 240.575 373.725 0.882031 228.977 412.853 0.740812 0 0 0 322.895 461.705 0.71271 336.532 502.81 0.661017 350.139 549.749 0.763735 277.839 473.442 0.794644 295.406 534.146 0.779838 316.974 592.83 0.782666 0 0 0 0 0 0 287.552 330.609 0.876736 254.385 334.646 0.429633 0
4 1 36 0 0 0 277.812 365.841 0.929385 316.974 363.848 0.853666 346.276 408.938 0.83454 332.607 420.639 0.189688 240.728 367.775 0.970161 230.864 399.12 0.688007 0 0 0 326.738 455.866 0.700148 334.546 477.353 0.462976 348.265 510.708 0.800873 283.684 465.645 0.766758 299.322 536.033 0.802001 318.824 592.848 0.792845 0 0 0 0 0 0 289.487 322.787 0.899148 258.187 328.735 0.316493 0
4 1 37 0 0 0 285.582 363.865 0.901882 318.996 356.136 0.857615 348.186 405.018 0.833626 334.47 420.649 0.214714 244.557 365.826 0.909377 228.948 393.275 0.708813 240.646 365.912 0.135272 328.715 453.899 0.718188 348.295 506.788 0.667301 350.252 516.523 0.237946 285.674 461.815 0.78052 301.224 534.118 0.782722 316.972 592.839 0.781619 0 0 0 0 0 0 291.582 318.912 0.92336 258.307 322.863 0.466176 0
4 1 38 0 0 0 285.582 363.861 0.901725 318.991 356.131 0.860312 348.18 405.021 0.832652 334.461 420.635 0.20911 244.563 365.825 0.905657 228.937 393.247 0.714384 240.64 365.882 0.150579 328.714 453.888 0.719257 348.293 506.785 0.667766 350.294 518.485 0.235986 285.671 461.805 0.780788 301.225 534.099 0.778733 316.98 592.83 0.779472 0 0 0 0 0 0 291.578 318.913 0.918897 258.309 322.869 0.452994 0
4 1 39 0 0 0 287.564 352.166 0.972178 320.905 350.18 0.859971 350.162 397.172 0.908563 332.593 401.084 0.127651 248.481 354.125 0.877929 240.728 387.432 0.764391 244.618 365.874 0.0580779 330.663 446.067 0.768922 336.477 473.464 0.414651 348.205 510.678 0.75163 287.566 455.885 0.811771 301.271 518.469 0.789067 315.004 585.051 0.856794 0 0 0 0 0 0 293.526 309.169 0.864239 266.107 318.909 0.355028 0
4 1 40 0 0 0 289.476 350.125 0.954043 322.876 346.302 0.821096 350.274 393.219 0.873651 332.567 397.238 0.156595 254.304 350.222 0.916774 242.608 383.58 0.831253 272.005 381.567 0.115896 334.474 442.121 0.781268 336.489 465.688 0.328337 0 0 0 287.693 446.134 0.838437 297.404 508.757 0.798219 314.967 575.187 0.79774 0 0 0 0 0 0 299.318 305.306 0.875127 269.955 314.955 0.348188 0
4 1 41 0 0 0 289.592 336.497 0.958456 328.656 334.527 0.824508 352.111 379.499 0.898979 334.552 383.456 0.228925 256.235 338.476 0.911618 250.401 381.483 0.845788 279.763 381.446 0.136088 334.484 426.529 0.761358 338.531 467.593 0.685832 350.111 510.643 0.777838 289.604 432.358 0.816138 293.53 485.233 0.733056 307.171 539.939 0.837142 0 0 0 0 0 0 301.296 293.515 0.875934 271.882 303.237 0.488719 0
4 1 42 0 0 0 289.596 330.679 0.918391 328.676 324.807 0.814099 352.149 367.915 0.933511 334.522 375.649 0.226128 256.248 334.502 0.923369 254.3 381.434 0.881449 275.893 383.431 0.228173 332.569 418.684 0.712405 338.483 459.839 0.730264 348.226 508.642 0.798293 289.532 426.522 0.784783 297.355 471.483 0.739041 307.251 524.39 0.847757 0 0 0 0 0 0 301.264 289.523 0.907602 270.037 293.521 0.459234 0
4 1 43 0 0 0 289.593 318.869 0.955623 326.73 313.041 0.817314 350.26 356.07 0.909857 332.627 361.958 0.186769 256.261 320.871 0.931224 252.379 371.763 0.834035 273.885 391.317 0.599823 332.567 406.967 0.738579 338.505 459.824 0.825585 348.205 508.772 0.789718 289.535 412.796 0.825817 303.186 461.744 0.81876 311.07 508.74 0.842645 0 0 0 0 0 0 301.283 274.021 0.887537 271.909 283.733 0.413713 0
4 1 44 0 0 0 289.593 318.869 0.955704 326.733 313.047 0.816926 350.263 356.064 0.90917 332.639 361.968 0.189406 256.257 320.867 0.932361 252.386 371.763 0.832208 273.88 391.302 0.58424 332.561 406.971 0.737677 338.497 459.822 0.826677 348.191 508.768 0.789836 289.53 412.8 0.824713 303.172 461.731 0.811324 309.186 508.73 0.843386 0 0 0 0 0 0 301.274 274.022 0.886125 271.914 283.73 0.406858 0
4 1 45 0 0 0 289.547 309.121 0.918317 324.78 305.136 0.840449 350.285 350.224 0.969518 334.499 360.002 0.248408 256.249 316.981 0.888226 250.44 367.877 0.83433 271.921 389.383 0.641253 332.551 401.051 0.773967 338.516 459.799 0.831298 346.325 510.625 0.769706 289.51 406.949 0.798688 303.278 457.853 0.766446 313.027 502.828 0.777475 0 0 0 0 0 0 299.367 271.945 0.912671 271.873 275.88 0.439513 0
4 1 46 0 0 0 289.573 303.26 0.968309 324.76 295.435 0.8191 350.217 338.449 0.916969 336.445 352.147 0.391502 256.294 307.203 0.881458 250.405 361.939 0.755618 258.366 385.493 0.753783 332.532 391.284 0.747968 336.645 446.154 0.83789 344.326 508.767 0.798952 289.51 397.156 0.812117 303.285 440.209 0.732205 316.977 483.273 0.831311 0 0 0 0 0 0 297.394 260.238 0.892272 270.025 270.025 0.509913 0
4 1 47 0 0 0 289.551 301.229 0.930279 322.868 289.654 0.845002 350.241 334.581 0.937011 336.461 352.196 0.589479 256.282 305.192 0.893807 248.487 352.264 0.792496 256.305 385.453 0.832519 328.73 385.478 0.7511 336.648 444.078 0.778646 342.432 508.629 0.752436 287.695 397.099 0.766675 303.162 428.511 0.567089 318.847 469.548 0.776083 0 0 0 0 0 0 297.391 258.312 0.906221 269.996 268.047 0.511012 0
4 1 48 0 0 0 289.501 291.571 0.926182 320.968 287.617 0.863849 350.228 332.569 0.925525 334.538 348.239 0.509244 256.301 301.289 0.872738 250.445 350.233 0.840955 246.565 387.366 0.774109 328.72 381.559 0.778393 338.52 440.243 0.781332 344.313 506.726 0.850782 289.594 387.434 0.779835 313.011 444.078 0.613883 320.854 450.013 0.321637 0 0 0 0 0 0 295.451 256.295 0.919517 269.998 260.277 0.458558 0
4 1 49 0 0 0 289.481 289.654 0.947566 320.938 287.491 0.855558 350.24 326.731 0.910868 334.589 350.148 0.670976 256.271 299.369 0.852605 252.347 350.189 0.841451 244.576 385.473 0.863147 330.617 381.501 0.778691 338.524 438.267 0.748676 342.374 504.73 0.78432 289.644 387.38 0.77417 318.894 444.08 0.662063 324.768 450.015 0.251559 0 0 0 0 0 0 293.491 256.202 0.911811 269.933 260.196 0.46564 0
4 1 50 0 0 0 289.481 289.653 0.947372 320.936 285.691 0.853906 350.235 326.731 0.909581 334.583 350.131 0.65367 256.271 299.37 0.852378 252.339 350.199 0.840017 244.569 385.488 0.860621 330.614 381.499 0.776845 338.526 438.243 0.746467 342.384 504.74 0.781512 289.643 387.377 0.774179 318.894 444.082 0.664462 324.78 450.023 0.253801 0 0 0 0 0 0 293.493 256.202 0.91112 269.93 260.198 0.468499 0
4 1 51 0 0 0 287.669 287.608 0.952103 320.836 279.81 0.828789 348.286 320.88 0.915445 334.463 344.358 0.576436 256.271 291.571 0.869775 252.339 348.233 0.829637 242.558 389.316 0.876703 326.76 371.745 0.743743 338.551 432.388 0.77117 342.371 496.967 0.780576 289.606 383.419 0.810897 318.874 440.187 0.671896 322.852 446.033 0.320679 0 0 0 0 0 0 291.538 246.517 0.909921 264.104 256.308 0.551338 0
4 1 52 0 0 0 287.536 283.664 0.887688 318.885 273.931 0.88265 344.341 316.978 0.865962 334.498 336.577 0.628136 254.333 289.601 0.867116 248.501 342.41 0.798788 242.545 383.496 0.869222 324.79 365.934 0.77778 336.656 418.691 0.834463 340.408 485.196 0.84399 289.48 377.626 0.782301 307.189 424.541 0.519664 318.892 442.203 0.632103 0 0 0 0 0 0 289.617 242.654 0.977022 260.196 254.273 0.579458 0
4 1 53 0 0 0 285.687 273.847 0.946165 318.825 268.058 0.858092 338.53 305.295 0.892323 328.725 330.636 0.592611 254.348 279.759 0.846813 248.516 326.733 0.79153 244.637 363.878 0.807397 320.937 354.147 0.77823 336.459 404.96 0.871367 340.471 461.672 0.817129 287.552 365.832 0.769213 303.155 406.953 0.645039 318.988 444.106 0.81751 0 0 0 0 0 0 289.515 238.623 0.945426 260.278 242.589 0.399262 0
4 1 54 0 0 0 285.573 270.007 0.889531 316.882 260.23 0.853948 338.52 303.198 0.923352 324.804 320.914 0.682045 252.388 273.981 0.85724 244.58 318.993 0.878303 246.553 352.178 0.892295 318.981 348.259 0.790486 334.499 393.288 0.857623 338.555 448.108 0.818343 281.768 352.239 0.732652 293.51 397.153 0.736501 318.885 444.073 0.8725 0 0 0 0 0 0 287.678 228.987 0.930171 258.36 240.575 0.531949 0
4 1 55 0 0 0 277.854 258.186 0.932914 313.019 252.36 0.832861 336.465 291.536 0.926932 322.803 313.063 0.417884 246.488 262.194 0.853187 242.722 318.943 0.87127 260.19 332.638 0.29197 318.811 338.488 0.744079 328.718 381.571 0.763322 336.545 432.415 0.84258 277.807 348.268 0.765657 293.512 391.286 0.71277 316.929 436.313 0.866146 0 0 0 0 0 0 287.603 221.079 0.87449 258.299 226.892 0.49819 0
4 1 56 0 0 0 277.859 258.189 0.933434 313.02 252.367 0.83505 336.476 291.55 0.927097 320.949 314.962 0.408797 246.496 262.196 0.852348 242.72 318.931 0.876411 260.196 334.48 0.298841 318.815 338.517 0.742478 328.724 383.409 0.754593 336.536 432.41 0.841851 277.819 350.14 0.768806 295.419 393.218 0.707971 316.937 436.315 0.861273 0 0 0 0 0 0 287.608 221.085 0.872095 258.305 226.902 0.487947 0
4 1 57 0 0 0 277.824 254.329 0.882082 313.026 244.622 0.820832 336.448 289.55 0.948983 320.902 305.159 0.356469 244.604 258.236 0.901859 242.631 307.209 0.877241 262.214 320.81 0.339212 318.836 336.457 0.784939 326.75 381.525 0.756429 336.446 428.414 0.85559 277.798 342.376 0.758439 297.368 395.189 0.771835 318.814 440.224 0.839666 0 0 0 0 0 0 287.587 213.285 0.898324 258.242 223.039 0.612996 0
4 1 58 0 0 0 275.871 242.647 0.9486 309.13 240.605 0.847439 334.631 281.765 0.913953 318.962 299.326 0.328263 242.689 246.528 0.881418 242.549 289.61 0.937731 269.978 291.574 0.225056 318.814 326.74 0.747862 324.759 375.657 0.747231 336.493 418.74 0.831475 275.933 334.553 0.776334 297.421 387.416 0.755736 316.991 438.288 0.602502 0 0 0 0 0 0 287.514 209.327 0.919874 258.225 213.227 0.484002 0
4 1 59 0 0 0 275.864 242.54 0.95402 307.248 238.667 0.840831 334.596 279.805 0.884235 316.956 289.645 0.178597 242.698 244.546 0.90398 242.546 287.516 0.908649 268.045 287.559 0.173491 318.865 330.645 0.76691 328.697 381.486 0.547697 336.484 412.781 0.556843 277.835 336.522 0.771003 301.33 397.128 0.777538 318.88 440.236 0.384065 0 0 0 0 0 0 287.514 209.267 0.897568 258.272 211.37 0.496757 0
4 1 60 0 0 0 275.897 240.608 0.934764 309.108 234.812 0.817871 334.571 275.876 0.91816 316.97 289.565 0.178412 242.716 242.544 0.913877 240.569 274.02 0.850597 271.814 271.969 0.0918134 318.865 326.715 0.776139 332.628 387.411 0.726389 330.591 397.133 0.0766082 279.76 334.62 0.781138 303.143 401.061 0.824393 322.845 459.813 0.267957 0 0 0 0 0 0 287.568 203.445 0.866028 258.253 209.316 0.53056 0
4 1 61 0 0 0 275.944 238.722 0.903768 309.168 232.843 0.806812 334.527 275.833 0.906421 314.994 287.639 0.164287 244.582 240.68 0.914846 240.605 273.866 0.863342 270.003 271.843 0.0958528 318.855 322.882 0.780355 328.716 383.505 0.694175 334.586 440.232 0.148861 277.862 334.505 0.776026 301.272 397.106 0.789656 305.242 438.289 0.242705 0 0 0 0 0 0 287.572 199.583 0.905353 258.216 207.429 0.589606 0
4 1 62 0 0 0 275.944 238.72 0.903 309.167 232.847 0.807128 334.53 275.838 0.90819 314.995 287.64 0.16343 244.586 240.678 0.913268 240.608 273.866 0.864362 270.017 271.842 0.0955084 318.86 322.889 0.779747 328.707 383.522 0.692522 334.588 440.249 0.151546 277.874 334.508 0.774456 301.277 397.117 0.791345 305.234 440.232 0.238292 0 0 0 0 0 0 287.574 199.583 0.907036 258.208 207.435 0.599559 0
4 1 63 0 0 0 277.863 230.855 0.873378 309.179 226.967 0.83343 334.504 271.84 0.940112 316.969 283.699 0.195657 246.526 236.745 0.855809 242.556 271.896 0.877032 270.03 269.988 0.0934336 318.862 318.966 0.820489 320.932 379.587 0.751703 320.796 401.15 0.18645 279.798 326.768 0.726852 299.354 387.363 0.70222 307.179 428.497 0.375807 0 0 0 0 0 0 287.662 195.645 0.976216 258.257 201.538 0.693643 0
4 1 64 0 0 0 277.857 227.012 0.911961 309.111 224.982 0.8461 334.506 264.122 0.914091 316.954 279.809 0.344137 248.445 230.855 0.855537 242.569 269.962 0.8834 271.869 270 0.149083 318.829 315.002 0.778418 320.955 369.791 0.678018 320.982 385.451 0.410659 279.777 320.856 0.765348 293.461 379.528 0.688267 305.294 416.723 0.465192 0 0 0 0 0 0 287.637 193.687 0.992152 258.321 195.773 0.541283 0
4 1 65 0 0 0 277.847 221.053 0.855035 307.192 213.281 0.82372 332.612 256.212 0.928397 314.994 271.929 0.483837 250.435 224.926 0.861876 242.568 264.103 0.900729 269.998 271.908 0.409696 316.963 303.267 0.787907 320.903 356.101 0.738486 320.952 397.19 0.510448 277.864 307.217 0.760202 287.697 361.915 0.790324 307.138 410.845 0.654248 0 0 0 0 0 0 287.602 183.927 0.931778 260.223 191.743 0.592728 0
4 1 66 0 0 0 275.903 213.246 0.905359 305.32 209.333 0.868648 332.563 244.627 0.9119 314.974 268.02 0.537553 246.531 221.058 0.830889 242.637 266.113 0.887869 268.029 271.938 0.394573 314.974 293.486 0.706744 320.809 336.484 0.726322 322.82 383.481 0.693814 275.919 301.312 0.744529 285.628 342.384 0.771976 303.324 393.222 0.824634 0 0 0 0 0 0 287.535 180.038 0.943956 258.301 185.865 0.618944 0
4 1 67 0 0 0 275.874 207.413 0.89226 305.297 197.657 0.847556 332.564 238.705 0.918321 307.221 250.419 0.249778 246.499 211.325 0.871843 242.603 262.216 0.843802 258.321 270.032 0.331056 311.117 287.523 0.750523 318.954 334.547 0.873907 322.81 383.446 0.807434 273.964 289.612 0.751753 283.682 332.584 0.732301 301.28 377.574 0.850095 0 0 0 0 0 0 283.724 168.3 0.795194 258.184 176.064 0.61104 0
4 1 68 0 0 0 275.877 207.416 0.89238 305.298 197.658 0.846099 332.565 238.706 0.916906 307.217 250.396 0.240678 246.502 211.328 0.87098 242.608 262.205 0.84209 258.311 271.859 0.339173 311.116 287.544 0.755676 318.956 334.582 0.869668 322.809 383.462 0.803704 273.964 289.628 0.748182 283.687 332.595 0.730448 301.277 377.581 0.847051 0 0 0 0 0 0 285.577 168.306 0.793423 258.188 176.067 0.609609 0
4 1 69 0 0 0 273.98 199.554 0.881476 305.2 195.565 0.900092 330.675 230.855 0.900208 315.017 250.439 0.490249 246.499 209.238 0.840883 242.524 250.42 0.821472 246.498 273.862 0.767528 309.127 275.851 0.733939 318.915 324.758 0.842319 322.894 377.62 0.776283 273.921 283.688 0.754592 279.82 322.854 0.782168 295.466 369.777 0.915797 0 0 0 0 0 0 279.768 164.356 0.896608 256.298 174.089 0.630879 0
4 1 70 0 0 0 273.915 195.572 0.946149 303.334 189.739 0.845389 328.699 225.006 0.916411 313.058 242.674 0.647945 244.594 201.503 0.823714 240.695 242.685 0.85614 240.727 271.85 0.78232 307.169 273.879 0.760169 318.859 318.944 0.806067 322.871 367.808 0.72202 273.864 279.762 0.738527 279.762 318.898 0.725235 291.556 361.961 0.873727 0 0 0 0 0 0 275.894 162.298 0.927492 254.378 166.285 0.587391 0
4 1 71 0 0 0 273.828 193.72 0.941938 303.186 185.839 0.826297 324.754 223.076 0.877703 314.951 242.674 0.701389 244.536 199.556 0.83674 240.702 242.574 0.871031 240.64 271.909 0.82808 305.277 269.966 0.773104 318.859 316.927 0.826944 324.756 367.876 0.726876 272.037 273.923 0.788194 275.913 314.992 0.773129 289.579 354.176 0.951836 0 0 0 0 0 0 275.832 160.372 0.862209 252.419 164.342 0.633975 0
4 1 72 0 0 0 271.94 193.596 0.918127 299.365 181.93 0.834787 320.903 221.097 0.886742 309.139 242.574 0.710756 242.588 197.594 0.875764 240.589 242.581 0.899231 232.864 275.89 0.802702 305.199 270.013 0.826826 318.854 326.774 0.844184 320.902 381.454 0.811445 271.913 275.883 0.803247 277.846 334.6 0.762064 285.614 354.146 0.197772 0 0 0 0 0 0 273.888 156.478 0.85976 248.517 162.411 0.640487 0
4 1 73 0 0 0 271.911 191.741 0.910893 299.304 180.072 0.842837 320.811 222.97 0.891768 307.236 240.725 0.567758 242.558 195.748 0.888051 240.577 242.588 0.895223 230.905 277.816 0.789286 305.181 266.102 0.814465 316.983 320.921 0.840376 320.886 379.571 0.880374 271.886 273.908 0.840294 275.863 326.736 0.601029 285.683 334.581 0.484508 0 0 0 0 0 0 273.836 156.476 0.811859 248.481 162.409 0.64477 0
4 1 74 0 0 0 271.907 191.736 0.909672 297.431 180.069 0.841824 320.809 221.117 0.887891 307.251 242.546 0.585945 242.552 195.737 0.890083 240.567 242.579 0.892197 230.906 277.827 0.787194 305.178 266.087 0.813398 316.991 320.895 0.846306 320.886 379.562 0.884323 271.886 273.898 0.838461 275.862 326.722 0.597828 285.68 334.586 0.493374 0 0 0 0 0 0 273.838 156.484 0.808176 248.485 162.41 0.645508 0
4 1 75 0 0 0 264.128 185.872 0.827637 291.506 179.931 0.891962 318.831 217.183 0.883267 305.188 240.604 0.484445 238.69 193.74 0.860735 238.632 240.683 0.839198 230.901 273.971 0.764546 303.17 262.214 0.794047 316.908 318.971 0.8327 320.87 373.67 0.878928 268.021 272.015 0.797768 283.676 332.573 0.713733 289.507 336.497 0.238826 0 0 0 0 0 0 270.003 150.65 0.829358 242.575 160.463 0.658028 0
4 1 76 0 0 0 260.288 182.038 0.849732 289.561 178.056 0.920163 314.967 211.386 0.885941 303.271 238.621 0.541976 238.655 193.636 0.863278 234.802 234.78 0.785019 228.949 266.086 0.786069 297.428 258.193 0.797174 309.106 305.259 0.862752 320.81 365.807 0.956704 264.133 264.152 0.751633 273.937 301.313 0.542591 287.53 332.642 0.783175 0 0 0 0 0 0 266.098 148.701 0.790814 240.702 160.37 0.64259 0
4 1 77 0 0 0 258.254 178.082 0.948438 287.529 170.191 0.866204 305.278 207.365 0.914058 303.182 226.99 0.552229 234.762 185.866 0.782187 228.959 226.935 0.86455 227.056 258.346 0.856545 291.497 248.463 0.763819 303.246 291.561 0.885843 316.906 346.27 0.781346 258.277 256.307 0.812477 269.94 295.409 0.773194 287.522 334.47 0.843867 0 0 0 0 0 0 260.27 144.739 0.751047 240.549 148.727 0.590735 0
4 1 78 0 0 0 256.361 176.085 0.919428 285.6 164.437 0.880306 303.325 203.451 0.883649 299.339 225.033 0.558232 228.941 181.943 0.831069 227.063 224.992 0.902358 227.019 258.207 0.87499 289.522 242.603 0.838801 297.416 287.623 0.877698 313.069 336.478 0.827618 256.364 250.416 0.800681 266.092 291.505 0.762693 285.618 332.593 0.828631 0 0 0 0 0 0 258.309 136.959 0.884711 232.819 146.759 0.706885 0
4 1 79 0 0 0 254.351 164.39 0.906636 277.832 160.465 0.844039 301.315 193.716 0.914296 289.594 221.063 0.563422 225.084 174.107 0.853204 225.005 215.247 0.834817 226.928 242.572 0.712134 285.583 240.57 0.781404 291.535 277.809 0.858483 307.158 322.899 0.848721 252.397 242.675 0.775644 260.219 287.553 0.780052 283.661 330.628 0.838984 0 0 0 0 0 0 256.358 131.082 0.973834 228.987 135.077 0.607032 0
4 1 80 0 0 0 254.353 164.394 0.905836 277.831 160.471 0.843756 301.311 193.721 0.910402 289.61 221.082 0.566792 225.089 174.109 0.851668 225.002 215.237 0.837435 226.927 242.568 0.724422 285.586 240.565 0.778294 291.536 277.795 0.861184 307.169 322.889 0.850341 252.403 242.668 0.774527 260.214 287.54 0.781946 283.661 330.63 0.841035 0 0 0 0 0 0 256.357 131.08 0.973421 228.982 135.074 0.60561 0
4 1 81 0 0 0 252.359 162.461 0.891328 275.86 156.553 0.846139 299.358 193.61 0.849576 289.608 217.143 0.415776 224.964 168.244 0.869663 221.072 213.27 0.823319 227.022 234.811 0.523127 283.66 236.753 0.747837 289.635 275.882 0.850118 305.155 320.832 0.886892 252.338 242.581 0.78097 260.274 287.66 0.780042 281.738 332.569 0.811729 0 0 0 0 0 0 256.33 129.155 0.934531 228.905 133.046 0.668738 0
4 1 82 0 0 0 244.595 158.453 0.848432 273.901 148.779 0.903075 293.491 183.935 0.789448 287.537 211.278 0.325397 221.082 164.271 0.853414 215.212 209.264 0.86908 230.857 211.268 0.183499 279.811 228.956 0.730566 289.512 272 0.831477 299.328 318.818 0.800065 248.468 238.728 0.757579 260.283 287.525 0.762193 279.79 332.536 0.741134 0 0 0 0 0 0 254.333 123.266 0.82847 226.996 129.17 0.685273 0
4 1 83 0 0 0 242.694 152.611 0.883229 272.034 148.669 0.923222 291.534 183.902 0.841991 283.656 209.358 0.332084 219.095 162.303 0.839903 211.382 199.586 0.874192 230.916 209.296 0.306452 277.824 227.016 0.759598 289.481 271.898 0.796852 293.488 313.059 0.747145 244.571 234.8 0.767015 260.19 283.657 0.766467 279.751 330.643 0.709425 0 0 0 0 0 0 252.346 119.401 0.841743 226.873 129.096 0.725443 0
4 1 84 0 0 0 242.64 150.629 0.923959 271.977 146.794 0.924507 289.641 183.949 0.856972 287.599 211.325 0.439991 215.242 158.452 0.826139 211.293 195.584 0.942014 234.767 193.652 0.143531 277.857 226.999 0.766942 287.516 277.853 0.717471 285.673 320.859 0.487103 244.571 236.735 0.75669 260.199 285.64 0.723706 279.77 328.721 0.640865 0 0 0 0 0 0 246.562 117.473 0.840536 225.071 127.154 0.654694 0
4 1 85 0 0 0 242.615 148.784 0.939851 271.948 146.738 0.925472 289.588 181.983 0.865488 283.701 209.274 0.325668 215.229 156.515 0.814271 209.393 193.607 0.876036 225.039 172.228 0.0811123 275.906 226.96 0.785447 277.798 279.779 0.709676 279.806 322.823 0.548087 242.695 234.747 0.740555 258.208 283.696 0.731707 277.797 326.741 0.660734 0 0 0 0 0 0 246.555 117.44 0.809281 225.024 127.131 0.670699 0
4 1 86 0 0 0 242.614 148.785 0.940246 271.945 146.738 0.925489 289.593 181.983 0.863333 285.58 209.29 0.341398 215.227 156.515 0.813966 209.391 193.605 0.873405 230.854 181.96 0.0797911 275.922 226.932 0.783465 277.837 277.858 0.70208 279.817 322.808 0.541454 242.704 232.828 0.74219 258.235 283.673 0.732166 277.822 326.745 0.668298 0 0 0 0 0 0 246.552 117.441 0.810841 225.019 127.135 0.674189 0
4 1 87 0 0 0 242.553 148.666 0.959232 271.881 146.644 0.899287 289.584 180.072 0.860128 279.802 197.644 0.174271 213.314 150.689 0.837665 209.265 187.813 0.829429 225.052 168.332 0.083947 275.907 224.988 0.790164 277.793 273.977 0.672355 283.657 318.91 0.511632 242.693 228.94 0.777831 258.228 279.785 0.721866 275.909 322.821 0.673705 0 0 0 0 0 0 244.612 115.518 0.89761 224.925 123.223 0.651768 0
4 1 88 0 0 0 240.747 146.774 0.960397 270.007 144.711 0.871476 289.505 178.125 0.895808 273.953 189.794 0.136017 213.265 148.752 0.875929 209.264 185.89 0.85184 221.103 168.293 0.0984638 273.957 223.015 0.783383 275.915 272.011 0.707688 279.796 318.827 0.550145 242.571 226.999 0.815099 256.345 275.902 0.747817 273.963 320.855 0.761047 0 0 0 0 0 0 244.56 115.428 0.865705 223.059 119.379 0.669824 0
4 1 89 0 0 0 240.598 142.835 0.892695 264.162 135.01 0.835984 287.528 176.071 0.833286 275.851 191.775 0.182998 211.264 146.751 0.920855 209.262 187.799 0.877086 223.042 180.04 0.177691 273.849 213.317 0.79849 275.873 258.252 0.75617 279.76 301.315 0.543515 240.677 224.938 0.826186 248.464 268.002 0.691133 264.097 303.253 0.644423 0 0 0 0 0 0 242.649 109.543 0.809447 219.116 115.475 0.669116 0
4 1 90 0 0 0 238.683 135.057 0.867168 262.188 132.975 0.860381 283.693 168.29 0.745597 281.742 195.628 0.483206 209.391 144.714 0.885384 207.416 183.922 0.857818 223.003 182.003 0.200559 271.832 211.388 0.776879 272.025 252.396 0.721306 273.868 287.625 0.655937 238.665 219.146 0.709328 242.58 256.323 0.709955 258.35 291.495 0.699096 0 0 0 0 0 0 240.719 105.618 0.841371 213.323 113.501 0.759641 0
4 1 91 0 0 0 234.768 131.099 0.893587 258.313 123.295 0.867447 275.865 162.358 0.828221 275.849 193.637 0.598373 209.294 135.024 0.892887 205.388 179.975 0.871221 213.315 191.767 0.467626 264.095 203.486 0.727422 269.961 240.674 0.76405 271.99 281.73 0.71598 230.861 209.274 0.734451 234.795 240.641 0.736041 254.336 277.811 0.850048 0 0 0 0 0 0 240.576 99.7321 0.846013 211.356 101.844 0.815215 0
4 1 92 0 0 0 234.77 131.099 0.893728 258.316 123.296 0.865672 275.853 162.364 0.830551 274.001 193.635 0.606932 209.293 135.026 0.891422 205.4 179.986 0.871181 213.321 193.58 0.456053 262.224 203.484 0.728081 269.957 240.644 0.754341 271.983 279.802 0.720197 230.859 209.271 0.732149 234.796 240.633 0.736166 254.334 277.796 0.851041 0 0 0 0 0 0 240.577 99.7357 0.843692 211.355 101.845 0.814738 0
4 1 93 0 0 0 230.879 129.116 0.855791 258.202 119.352 0.900822 273.908 158.476 0.85651 273.992 185.889 0.771978 209.229 133.075 0.879388 203.45 178.049 0.809881 209.375 193.684 0.659458 258.369 195.686 0.770982 264.126 236.758 0.776218 271.937 283.703 0.836777 228.878 199.584 0.727506 230.83 238.683 0.785716 246.524 275.874 0.861591 0 0 0 0 0 0 236.752 95.8953 0.708526 211.278 101.658 0.825768 0
4 1 94 0 0 0 227.018 121.288 0.883032 256.276 115.524 0.92666 273.832 150.631 0.84708 273.983 181.987 0.738888 203.508 131.033 0.828586 197.664 174.1 0.699919 207.322 195.569 0.778194 260.2 193.743 0.768354 269.946 240.646 0.800681 272.029 287.683 0.824899 227.033 197.64 0.759352 227.054 232.871 0.717837 242.533 273.985 0.85869 0 0 0 0 0 0 230.85 88.0631 0.781378 209.31 99.6936 0.799526 0
4 1 95 0 0 0 226.927 119.364 0.916769 254.35 115.441 0.894582 272.043 146.77 0.886034 275.868 180.03 0.754987 201.53 129.128 0.799951 195.756 166.269 0.781437 199.593 193.714 0.795891 258.285 193.669 0.772952 266.093 238.722 0.760579 272.038 287.669 0.833569 226.943 195.706 0.795907 226.991 230.885 0.69964 236.709 270.036 0.748511 0 0 0 0 0 0 228.903 88.0049 0.749008 207.398 97.7842 0.777888 0
4 1 96 0 0 0 224.963 117.455 0.947707 246.495 115.341 0.885682 270.019 146.704 0.884214 271.891 177.953 0.578076 197.67 125.239 0.799465 195.679 164.317 0.859399 195.614 193.751 0.680861 256.277 189.757 0.787528 262.222 238.654 0.809641 271.996 287.628 0.877722 224.994 193.708 0.832385 225.078 228.926 0.665169 226.876 258.339 0.710672 0 0 0 0 0 0 225.062 86.1413 0.822193 199.605 97.7667 0.759809 0
4 1 97 0 0 0 223.019 117.413 0.913183 242.71 113.486 0.902332 268.002 146.646 0.844269 269.928 176.038 0.582869 195.709 125.196 0.830549 195.644 164.377 0.851169 193.792 195.6 0.764673 254.347 183.896 0.758993 260.199 232.859 0.803483 271.945 287.575 0.847761 224.883 191.703 0.791777 225.014 227.013 0.702702 226.864 258.21 0.710147 0 0 0 0 0 0 224.922 86.1213 0.801025 197.591 95.8606 0.780583 0
4 1 98 0 0 0 223.02 117.416 0.912422 242.708 113.486 0.902991 268.011 146.65 0.846215 270.012 176.082 0.623286 195.712 125.204 0.828682 195.655 164.373 0.850372 195.566 195.592 0.775258 254.359 183.894 0.761236 260.198 232.858 0.805746 271.947 287.586 0.851538 224.887 191.695 0.792568 225.012 226.996 0.70256 226.862 258.195 0.716457 0 0 0 0 0 0 224.925 86.1248 0.803442 197.594 95.8643 0.780717 0
4 1 99 0 0 0 213.265 117.365 0.930252 240.595 113.424 0.905713 258.324 142.855 0.884204 252.398 160.435 0.315366 193.659 127.122 0.855238 191.755 162.468 0.782286 191.682 193.615 0.605352 248.444 179.96 0.765868 260.221 224.915 0.805916 271.893 275.897 0.79176 215.233 187.811 0.75197 223.079 221.098 0.676175 226.996 256.326 0.863348 0 0 0 0 0 0 217.167 86.0918 0.733566 193.786 93.9451 0.720428 0
4 1 100 0 0 0 211.344 117.312 0.953853 238.662 109.6 0.847616 256.367 140.877 0.875478 250.414 162.29 0.452221 191.702 125.208 0.82263 187.814 162.461 0.74596 183.958 193.711 0.626754 244.576 180.002 0.762092 256.327 224.898 0.858087 269.921 272.002 0.835822 211.404 187.856 0.77089 221.112 224.954 0.68481 226.943 258.193 0.833818 0 0 0 0 0 0 213.32 86.0276 0.75926 193.688 93.9309 0.71695 0
4 1 101 0 0 0 209.279 113.447 0.897848 228.887 101.809 0.880902 252.42 133.003 0.858143 244.612 158.43 0.584319 182.023 117.471 0.824448 181.993 156.528 0.723919 181.916 181.965 0.795684 240.561 174.093 0.72494 244.593 211.26 0.861691 258.368 254.291 0.841611 209.382 178.119 0.84899 211.374 217.186 0.824487 226.967 256.286 0.917053 0 0 0 0 0 0 209.356 82.1677 0.681429 183.896 86.1614 0.726299 0
4 1 102 0 0 0 207.418 109.56 0.84971 227.064 101.701 0.919264 252.411 133.014 0.875507 242.608 150.669 0.368054 180.106 115.496 0.849668 180.019 152.627 0.733371 179.991 180.065 0.710314 238.714 170.192 0.739799 242.701 209.293 0.864359 258.251 244.634 0.859773 209.23 178.022 0.836506 211.32 215.197 0.808106 226.973 256.271 0.910248 0 0 0 0 0 0 209.307 78.2475 0.756567 182.022 84.196 0.790761 0
4 1 103 0 0 0 201.557 101.752 0.876563 226.877 97.8558 0.909075 244.57 130.995 0.877162 242.583 148.675 0.539605 178.106 109.546 0.854906 176.061 146.784 0.766786 178.083 168.285 0.683714 228.974 164.314 0.772408 240.653 199.538 0.845857 254.329 240.615 0.874742 199.609 170.234 0.741237 211.279 211.313 0.87089 226.885 256.219 0.873257 0 0 0 0 0 0 207.368 70.4645 0.736266 180.078 78.2935 0.75732 0
4 1 104 0 0 0 201.562 101.756 0.875629 226.878 97.8562 0.910273 244.575 130.994 0.874204 242.586 148.664 0.55341 178.112 109.552 0.853236 176.068 146.785 0.764686 178.078 168.295 0.677276 228.982 164.307 0.769509 240.652 199.533 0.85038 254.328 240.62 0.876607 201.489 170.229 0.739278 211.278 211.301 0.866283 226.88 256.206 0.869733 0 0 0 0 0 0 207.372 70.4695 0.737644 180.073 80.1689 0.758382 0
4 1 105 0 0 0 199.57 101.696 0.894856 225.084 97.7932 0.90532 242.675 131.046 0.884013 240.684 146.709 0.35428 177.996 107.627 0.849899 174.145 148.683 0.809494 179.954 162.41 0.44067 228.95 164.387 0.751545 240.599 199.581 0.740545 250.461 240.556 0.810229 199.554 172.204 0.738069 211.334 211.373 0.827097 225.04 256.236 0.791167 0 0 0 0 0 0 205.436 68.558 0.736838 179.947 74.3689 0.823916 0
4 1 106 0 0 0 195.716 99.7071 0.910467 224.938 93.914 0.86489 242.597 131.019 0.858077 250.429 146.63 0.405686 174.163 101.81 0.85006 166.367 142.818 0.845822 180 148.628 0.236646 226.967 162.457 0.788831 238.64 199.587 0.711481 242.664 240.614 0.790856 195.759 166.365 0.781684 211.325 211.278 0.844279 225.044 254.34 0.780362 0 0 0 0 0 0 201.494 66.5168 0.733963 178.1 70.4576 0.812829 0
4 1 107 0 0 0 195.662 95.9004 0.900391 223.06 89.9869 0.854124 240.737 127.18 0.841118 244.587 142.851 0.423342 174.091 99.8497 0.849176 164.464 135.013 0.881853 181.951 138.874 0.16011 227.004 162.429 0.80514 236.703 199.547 0.694954 240.653 236.72 0.780017 195.738 166.343 0.798113 211.242 211.245 0.888405 225.058 254.292 0.825945 0 0 0 0 0 0 199.548 64.597 0.74232 178.052 70.4111 0.805627 0
4 1 108 0 0 0 195.57 91.9943 0.899297 221.078 88.0155 0.855517 242.526 127.206 0.823537 254.311 144.806 0.376408 170.226 97.8465 0.819094 164.369 131.048 0.916695 168.28 103.763 0.141487 226.916 162.392 0.82215 228.878 209.33 0.787494 230.846 252.397 0.670619 195.702 166.309 0.818312 211.234 211.376 0.802451 225.034 254.346 0.744201 0 0 0 0 0 0 197.606 64.5398 0.769045 177.967 68.5596 0.792665 0
4 1 109 0 0 0 193.785 91.9538 0.904835 219.135 86.1782 0.856784 240.699 129.063 0.82116 250.424 144.802 0.331385 170.24 97.837 0.812812 164.31 130.985 0.893044 168.254 103.716 0.147131 226.899 162.394 0.831793 225.082 211.248 0.808121 228.916 254.332 0.628493 195.705 166.309 0.827675 211.219 213.304 0.815862 226.891 256.279 0.799049 0 0 0 0 0 0 197.572 64.5326 0.777889 177.949 68.5549 0.802506 0
4 1 110 0 0 0 193.784 91.9531 0.904997 219.132 86.1757 0.856572 240.691 127.205 0.822985 246.505 144.766 0.334877 170.237 97.8411 0.813099 164.31 130.988 0.893156 168.253 103.715 0.147677 226.907 162.387 0.830014 226.874 211.244 0.809339 228.93 254.331 0.629365 195.708 166.302 0.828021 209.431 213.298 0.81913 226.888 256.277 0.79847 0 0 0 0 0 0 197.569 64.533 0.778023 177.95 68.5546 0.806442 0
4 1 111 0 0 0 195.563 89.9916 0.914408 221.042 86.1236 0.869388 240.653 127.129 0.784282 248.48 140.887 0.252635 172.143 95.8841 0.791737 164.261 127.131 0.860905 166.333 101.855 0.174591 225.049 162.306 0.790693 224.993 207.422 0.757382 226.903 246.514 0.554434 195.621 164.387 0.819647 209.286 211.293 0.772936 224.999 252.353 0.759588 0 0 0 0 0 0 197.596 62.6106 0.73705 177.956 68.5261 0.752097 0
4 1 112 0 0 0 193.763 88.0446 0.932202 217.205 86.0142 0.870166 238.711 117.422 0.828322 246.543 138.909 0.505387 170.212 93.9012 0.797592 164.314 127.184 0.902124 170.199 105.697 0.155127 224.976 156.55 0.779724 225.005 199.589 0.767711 225.057 240.642 0.611062 195.566 162.414 0.819879 207.318 207.372 0.744772 222.972 242.674 0.756114 0 0 0 0 0 0 195.722 60.6299 0.749347 177.945 68.4189 0.769891 0
4 1 113 0 0 0 193.684 84.2117 0.968268 215.18 82.2018 0.876005 232.842 115.358 0.813713 240.706 133.116 0.563336 166.371 86.1333 0.889582 164.277 125.239 0.914672 178.003 125.218 0.177596 221.114 148.715 0.797572 223.04 185.838 0.754196 224.958 224.93 0.764854 193.642 150.664 0.766548 195.632 191.76 0.813115 211.269 227.024 0.703384 0 0 0 0 0 0 195.63 54.8317 0.746365 176.069 60.6707 0.650473 0
4 1 114 0 0 0 193.605 84.0883 0.931439 213.227 80.2273 0.870256 228.965 113.425 0.840206 240.691 133.118 0.621258 166.29 86.0135 0.908817 164.277 127.124 0.884738 177.97 129.155 0.191059 219.161 148.628 0.774395 222.985 179.953 0.789788 224.886 215.194 0.781559 193.6 148.724 0.740996 193.729 183.908 0.816545 209.367 223.007 0.727214 0 0 0 0 0 0 195.61 54.7333 0.731834 174.126 56.7754 0.640731 0
4 1 115 0 0 0 191.719 78.249 0.858039 211.356 70.5292 0.902273 226.975 101.832 0.836302 226.983 127.176 0.443843 166.29 82.1922 0.869513 162.449 117.352 0.887966 170.249 134.972 0.500072 213.239 135.051 0.78806 217.145 176.096 0.858198 223.075 213.309 0.860966 187.825 140.849 0.715546 193.608 177.996 0.81373 203.499 213.25 0.856467 0 0 0 0 0 0 193.707 50.8237 0.703382 170.242 52.8981 0.668427 0
4 1 116 0 0 0 191.701 76.3309 0.852731 211.342 70.516 0.907637 226.964 101.794 0.841058 224.962 123.263 0.361679 166.275 82.1569 0.870864 162.441 117.335 0.888714 172.147 133.113 0.465196 213.227 135.029 0.792905 217.141 176.081 0.849906 224.886 213.295 0.858686 187.812 138.952 0.72024 193.615 178.006 0.813089 203.504 213.259 0.854048 0 0 0 0 0 0 193.701 50.826 0.685899 170.236 52.8948 0.651092 0
4 1 117 0 0 0 187.822 72.3809 0.846105 211.236 68.5487 0.930344 226.987 99.7923 0.87549 226.98 119.323 0.494149 164.347 80.1746 0.8582 162.355 115.454 0.848586 166.275 133.003 0.520119 211.397 133.121 0.802335 215.234 176.078 0.840282 224.903 217.193 0.868766 185.844 138.884 0.707051 191.758 177.954 0.789108 197.675 211.344 0.843989 0 0 0 0 0 0 191.752 45.0163 0.668157 166.367 52.7528 0.733172 0
4 1 118 0 0 0 182.038 70.3581 0.893622 209.268 66.4438 0.883159 226.89 93.9296 0.850136 226.914 115.467 0.580539 164.255 74.3995 0.849595 160.425 111.508 0.744117 162.387 133.014 0.695692 211.278 131.138 0.807855 213.267 168.302 0.820903 221.08 217.2 0.845919 180.102 133.127 0.784198 182.037 170.217 0.74907 195.636 209.316 0.898027 0 0 0 0 0 0 187.825 39.1936 0.603984 164.429 46.9358 0.642451 0
4 1 119 0 0 0 182.018 68.5344 0.899202 209.26 64.5876 0.887572 226.893 93.9109 0.812638 225.013 115.354 0.467066 162.461 72.4485 0.872353 160.376 111.49 0.71847 160.413 133.07 0.635766 211.305 131.156 0.800874 213.328 168.29 0.784073 222.993 217.17 0.816664 181.927 134.982 0.793993 181.992 172.158 0.714189 193.689 207.404 0.805734 0 0 0 0 0 0 187.799 39.1537 0.565137 164.431 44.9678 0.590859 0
4 1 120 0 0 0 180.031 68.4696 0.937931 205.383 64.526 0.831052 224.964 89.9687 0.769076 219.117 113.444 0.426138 162.3 72.3778 0.851833 158.436 107.586 0.688781 156.526 133.021 0.517023 209.389 130.997 0.790335 215.238 164.385 0.77904 223.021 213.281 0.746196 179.979 132.998 0.869926 181.953 164.39 0.684161 191.717 195.694 0.776919 0 0 0 0 0 0 182.016 39.1694 0.590455 164.294 44.9869 0.614615 0
4 1 121 0 0 0 179.982 68.4152 0.941699 201.529 62.6007 0.840227 224.92 88.0874 0.795727 219.133 111.547 0.472405 162.281 70.4973 0.862685 152.64 105.632 0.739596 148.698 133.089 0.647298 209.286 127.195 0.780236 213.226 162.45 0.89173 221.055 211.338 0.818219 179.926 131.113 0.890572 181.929 164.334 0.708945 189.808 193.756 0.782724 0 0 0 0 0 0 181.924 39.1369 0.600601 162.437 43.0751 0.642149 0
4 1 122 0 0 0 179.984 68.4119 0.943118 201.529 62.5978 0.841938 224.914 88.0895 0.798158 217.188 113.413 0.471486 162.284 70.4962 0.8653 152.649 105.641 0.738999 148.695 133.079 0.651459 209.279 127.188 0.77947 213.226 162.451 0.894408 221.068 211.341 0.823036 179.923 131.106 0.888716 181.927 164.327 0.713586 191.67 195.57 0.791707 0 0 0 0 0 0 181.926 39.1435 0.594271 162.443 43.0799 0.642441 0
4 1 123 0 0 0 177.942 68.4002 0.918213 195.647 58.7309 0.89452 221.072 86.1862 0.774734 211.376 113.402 0.438775 152.661 70.5207 0.830455 150.689 107.581 0.735668 148.698 133.057 0.758681 207.308 125.241 0.722626 211.33 164.279 0.899863 221.041 211.388 0.836672 178.086 131.098 0.845539 181.95 162.344 0.685665 193.601 193.717 0.829183 0 0 0 0 0 0 178.097 37.1638 0.632153 156.51 39.2085 0.589327 0
4 1 124 0 0 0 176.021 66.4477 0.856242 193.753 56.7606 0.911892 215.191 84.2051 0.811738 209.394 105.637 0.491202 152.592 68.5407 0.867175 150.649 101.841 0.852645 148.706 131.071 0.810183 201.509 117.466 0.746136 211.308 160.361 0.875696 219.166 207.4 0.829545 177.98 127.136 0.794659 180.051 160.389 0.75815 191.747 193.765 0.840329 0 0 0 0 0 0 178.003 37.113 0.630919 154.547 39.0922 0.676513 0
4 1 125 0 0 0 170.215 56.8124 0.848035 193.608 54.7107 0.932664 209.421 82.2041 0.886787 203.497 101.821 0.634259 148.762 66.4887 0.868435 148.735 99.8201 0.796026 148.618 129.063 0.611068 195.674 115.424 0.774016 205.455 148.791 0.875061 213.271 193.622 0.829187 170.246 119.341 0.711316 179.917 156.521 0.809145 193.643 193.678 0.849676 0 0 0 0 0 0 176.049 33.2509 0.502415 152.654 37.1155 0.502067 0
4 1 126 0 0 0 168.241 58.6721 0.858273 191.739 54.7541 0.920381 207.371 84.128 0.89006 195.705 101.791 0.424001 148.686 66.4931 0.888733 148.611 99.8431 0.808562 146.795 121.273 0.637484 193.751 115.482 0.812222 201.54 148.752 0.863757 213.282 189.744 0.802256 166.297 119.381 0.74948 178.003 156.533 0.809103 193.594 193.641 0.862805 0 0 0 0 0 0 172.189 33.2373 0.397954 150.623 37.1643 0.46965 0
4 1 127 0 0 0 166.267 54.7372 0.951717 189.753 50.9045 0.87663 205.443 80.1789 0.864285 193.722 97.8149 0.411472 146.821 58.71 0.860119 144.81 97.83 0.732683 148.783 113.465 0.440875 193.595 113.451 0.758249 197.603 146.709 0.84268 211.22 180.048 0.887038 164.402 117.359 0.793245 176.104 156.518 0.763301 191.706 193.652 0.830219 0 0 0 0 0 0 170.242 23.4778 0.288286 148.697 27.3796 0.30378 0
4 1 128 0 0 0 166.269 54.7427 0.949537 189.749 50.9086 0.874364 205.441 80.185 0.860281 193.727 97.8198 0.40603 146.827 58.7207 0.853778 146.638 97.8193 0.723996 148.792 113.477 0.432436 193.591 113.463 0.758298 197.603 146.711 0.837429 211.219 180.049 0.883987 164.4 117.364 0.792788 176.11 156.521 0.764881 191.705 193.652 0.83159 0 0 0 0 0 0 170.255 23.4875 0.280079 148.703 27.3885 0.290823 0
6 111 63 0 0 0 318.891 491.044 0.925194 350.289 495.042 0.759694 397.196 530.188 0.765077 387.363 491.041 0.848227 281.769 477.47 0.81593 320.871 487.137 0.151639 0 0 0 363.912 600.693 0.618349 389.35 551.75 0.189592 385.48 616.328 0.19339 322.832 600.682 0.567602 365.911 624.154 0.0977235 0 0 0 0 0 0 0 0 0 344.321 448.061 0.762977 305.307 444.203 0.395972 0
6 111 64 0 0 0 318.982 483.255 0.855318 350.256 492.962 0.772273 399.18 522.413 0.846861 387.37 487.185 0.766255 287.541 475.389 0.859673 324.774 483.242 0.182937 0 0 0 361.953 598.72 0.622864 352.254 678.918 0.455329 350.176 714.193 0.064259 322.868 594.779 0.514898 356.058 667.168 0.141769 0 0 0 0 0 0 0 0 0 344.367 446.095 0.811727 307.253 434.375 0.312921 0
6 111 65 0 0 0 332.54 475.363 0.878198 365.785 479.416 0.761366 403.06 518.456 0.741179 403.08 477.441 0.834547 293.484 463.659 0.836782 332.621 463.723 0.121978 0 0 0 369.805 584.967 0.716542 373.669 651.501 0.698748 346.309 714.184 0.290604 336.548 582.995 0.536172 383.498 647.548 0.353564 358.073 714.169 0.0609827 0 0 0 0 0 0 352.273 434.396 0.774943 318.841 428.422 0.41326 0
6 111 66 0 0 0 336.467 467.598 0.866983 367.782 477.409 0.795528 412.806 508.774 0.805386 403.081 473.444 0.786047 303.228 457.847 0.872121 340.419 467.555 0.108026 0 0 0 373.704 579.1 0.691293 387.436 633.954 0.73394 352.139 698.465 0.695275 338.476 573.292 0.569061 389.325 629.963 0.261808 359.98 700.449 0.0911121 0 0 0 0 0 0 358.076 430.493 0.825361 322.892 428.347 0.244079 0
6 111 67 0 0 0 338.471 455.835 0.807132 367.856 461.747 0.763175 412.907 500.835 0.78392 418.712 463.666 0.80175 307.209 446.058 0.835469 340.434 451.996 0.107457 0 0 0 383.505 557.59 0.69833 401.067 604.601 0.565352 369.862 673.038 0.660867 350.213 559.565 0.636464 381.514 608.488 0.479797 381.564 663.257 0.286865 0 0 0 0 0 0 365.887 416.802 0.789266 334.493 410.9 0.278334 0
6 111 68 0 0 0 338.483 455.844 0.807926 367.875 461.748 0.759543 412.891 500.847 0.781853 418.716 461.836 0.806064 307.201 446.069 0.836061 338.567 451.978 0.10601 0 0 0 383.52 557.59 0.694498 401.075 604.593 0.565267 369.864 673.033 0.65845 350.217 559.568 0.633532 381.491 608.497 0.476612 381.55 663.259 0.283816 0 0 0 0 0 0 365.887 416.806 0.786496 334.495 410.892 0.280858 0
6 111 69 0 0 0 342.393 446.005 0.858319 369.8 455.867 0.730492 414.787 493.095 0.8208 426.461 459.778 0.856365 316.891 436.308 0.796279 352.116 449.964 0.111089 0 0 0 383.51 545.905 0.665802 410.811 586.963 0.65818 383.431 655.434 0.743777 352.109 551.725 0.650407 379.518 594.772 0.508373 383.489 647.645 0.433057 0 0 0 0 0 0 369.795 412.762 0.755675 336.586 401.071 0.25951 0
6 111 70 0 0 0 352.103 432.397 0.880078 379.577 444.17 0.80491 422.645 489.069 0.80138 436.336 446.096 0.866165 320.948 424.59 0.83438 371.761 424.553 0.19698 397.082 428.481 0.377117 389.377 530.205 0.637593 416.813 569.274 0.77819 399.119 635.88 0.838087 354.167 532.145 0.662502 381.509 581.102 0.753906 383.44 639.785 0.616964 0 0 0 0 0 0 379.575 401.136 0.784898 340.47 397.121 0.18951 0
6 111 71 0 0 0 356.088 428.517 0.868205 385.466 438.277 0.750903 428.439 477.452 0.864844 442.2 444.16 0.88431 324.816 418.695 0.804514 381.584 416.738 0.141476 0 0 0 399.097 524.332 0.720524 428.373 561.501 0.762706 414.734 632.017 0.834972 361.943 526.323 0.719932 381.513 584.953 0.838361 385.409 645.602 0.751828 0 0 0 0 0 0 383.456 397.21 0.809585 348.217 383.607 0.29909 0
6 111 72 0 0 0 367.766 420.615 0.815169 397.119 430.436 0.769936 434.363 475.33 0.826232 459.673 434.345 0.923446 336.517 410.799 0.767763 391.29 408.876 0.120305 0 0 0 410.827 510.619 0.685622 432.394 551.771 0.784268 430.432 616.252 0.812931 367.868 516.528 0.738396 383.45 573.28 0.798423 391.268 635.917 0.798051 0 0 0 0 0 0 395.16 389.335 0.748246 363.82 381.556 0.208591 0
6 111 73 0 0 0 371.76 412.799 0.869928 404.997 416.793 0.726131 444.212 463.762 0.83758 461.841 428.524 0.908267 338.535 403.08 0.770021 385.533 399.101 0.0879015 0 0 0 412.809 506.682 0.732913 438.226 543.891 0.764474 446.139 600.628 0.88042 367.925 508.653 0.769587 383.49 569.376 0.832463 393.239 634.002 0.81642 0 0 0 0 0 0 399.192 381.516 0.791948 367.77 371.713 0.28402 0
6 111 74 0 0 0 371.757 412.797 0.870012 404.996 416.791 0.72572 444.212 465.621 0.840583 461.848 428.511 0.90423 338.535 403.079 0.769751 387.373 399.071 0.088707 0 0 0 412.804 506.685 0.73095 438.224 543.885 0.765157 446.14 600.63 0.880552 367.925 508.656 0.768879 383.492 569.384 0.832956 393.238 634.004 0.815851 0 0 0 0 0 0 399.187 381.52 0.799569 367.766 371.719 0.28138 0
6 111 75 0 0 0 385.458 408.886 0.83828 416.801 416.709 0.718135 457.754 459.787 0.826556 475.375 426.503 0.895742 352.214 399.084 0.856421 387.424 403.062 0.069995 0 0 0 424.574 508.683 0.695314 444.086 538.036 0.605779 465.645 571.235 0.818685 381.554 510.663 0.77025 387.357 571.351 0.784555 395.147 634 0.814169 0 0 0 0 0 0 412.77 373.717 0.729156 379.582 367.744 0.384353 0
6 111 76 0 0 0 395.154 403.023 0.851993 428.384 414.748 0.796935 461.722 457.779 0.844918 481.326 418.729 0.812185 358.057 395.249 0.810021 387.443 399.139 0.0661428 0 0 0 428.511 504.734 0.678324 446.086 532.191 0.578255 469.54 567.397 0.762513 383.529 506.802 0.785758 393.26 571.315 0.763433 395.243 634.007 0.80656 0 0 0 0 0 0 418.688 369.821 0.813234 383.477 365.787 0.372812 0
6 111 77 0 0 0 403.067 395.249 0.863369 438.286 406.93 0.729995 473.45 448.048 0.825146 491.095 414.731 0.918049 369.831 383.512 0.849636 352.257 414.802 0.574916 0 0 0 440.212 496.935 0.662866 451.985 520.389 0.573724 473.456 561.559 0.782727 397.239 498.934 0.745392 399.174 557.659 0.749553 399.062 630.005 0.781669 0 0 0 0 0 0 430.377 365.808 0.876857 397.19 354.094 0.328655 0
6 111 78 0 0 0 410.865 395.154 0.859229 442.207 401.094 0.78926 477.392 444.185 0.874214 500.857 405.019 0.828456 379.528 383.47 0.825729 359.987 414.697 0.53566 0 0 0 446.114 491.032 0.700373 459.866 518.434 0.666119 475.372 561.503 0.812706 403.07 491.151 0.758676 408.863 549.802 0.744312 397.259 620.192 0.825034 0 0 0 0 0 0 436.301 361.947 0.776166 401.058 352.171 0.336422 0
6 111 79 0 0 0 422.589 383.418 0.877001 453.892 393.245 0.769413 487.155 430.511 0.84069 506.733 405.009 0.893501 391.273 373.696 0.794751 367.872 404.972 0.719728 408.93 406.937 0.0898046 455.893 477.359 0.738219 471.469 508.748 0.743815 473.432 565.41 0.796356 416.709 477.404 0.802398 420.663 530.247 0.790816 403.013 598.647 0.836825 0 0 0 0 0 0 446.156 352.154 0.922511 412.844 342.362 0.390331 0
6 111 80 0 0 0 420.689 383.405 0.877113 451.989 393.216 0.767204 487.184 430.504 0.843938 506.73 404.992 0.890917 389.382 373.683 0.7963 367.874 404.976 0.714195 408.92 406.953 0.0943797 455.868 477.345 0.736973 469.591 508.746 0.749246 473.43 565.438 0.797054 414.861 477.375 0.802129 422.574 528.287 0.792509 403.024 596.751 0.827595 0 0 0 0 0 0 446.151 352.154 0.922773 412.847 340.486 0.398632 0
6 111 81 0 0 0 426.556 379.575 0.878099 457.78 385.436 0.819692 491.156 428.507 0.927861 514.542 397.176 0.794367 397.108 367.918 0.879288 371.738 399.179 0.769631 405.013 412.817 0.173161 461.675 465.65 0.723451 473.464 508.68 0.85374 473.419 567.35 0.81988 424.592 467.586 0.716069 428.487 520.464 0.858992 410.892 581.114 0.808186 0 0 0 0 0 0 451.976 348.296 0.862403 416.755 336.61 0.38355 0
6 111 82 0 0 0 432.432 367.838 0.894668 463.736 377.594 0.806687 500.865 414.83 0.878006 522.285 385.473 0.877491 401.114 361.975 0.82613 383.474 391.322 0.661646 0 0 0 469.534 461.827 0.72492 475.437 510.714 0.757125 465.705 569.34 0.786165 430.449 461.758 0.792443 442.095 508.747 0.739565 428.4 559.572 0.809533 0 0 0 0 0 0 461.698 336.454 0.982781 428.411 326.718 0.437732 0
6 111 83 0 0 0 438.292 365.778 0.869484 471.535 369.785 0.817305 504.801 412.787 0.926004 524.302 381.502 0.944779 406.938 354.152 0.820764 383.585 385.441 0.646274 0 0 0 471.499 459.742 0.745327 475.408 508.738 0.791963 465.665 569.335 0.826848 432.402 457.792 0.720086 446.097 500.889 0.721874 432.417 553.682 0.824189 0 0 0 0 0 0 463.737 330.671 0.864642 430.399 320.888 0.501614 0
6 111 84 0 0 0 444.165 354.13 0.893429 475.444 365.779 0.8601 512.642 397.263 0.88153 534.128 369.766 0.878655 414.707 348.226 0.877446 397.22 381.582 0.718004 422.558 412.812 0.0629469 475.453 448.051 0.736344 477.438 504.718 0.779838 473.428 561.517 0.788181 442.181 446.137 0.741376 459.803 494.973 0.706266 451.987 541.983 0.660211 0 0 0 0 0 0 473.481 320.93 0.855522 440.169 316.928 0.368029 0
6 111 85 0 0 0 448.006 350.201 0.911876 477.449 354.197 0.82351 518.495 395.156 0.835983 538.001 369.752 0.918763 416.778 340.471 0.848224 399.164 381.43 0.743383 430.47 383.498 0.05986 477.502 446.042 0.750636 479.336 496.995 0.705152 477.388 555.597 0.823847 446.095 444.168 0.768295 463.691 493.114 0.696084 471.478 551.731 0.595306 0 0 0 0 0 0 475.473 316.995 0.845992 444.067 307.156 0.385001 0
6 111 86 0 0 0 448.012 350.204 0.913024 477.455 354.197 0.8218 518.5 395.161 0.836965 538.003 369.75 0.920225 416.78 340.474 0.847528 399.16 381.427 0.730955 430.474 383.488 0.056099 479.313 446.078 0.754367 479.319 498.933 0.707981 477.393 555.605 0.821416 446.104 444.196 0.765817 463.675 495.032 0.694361 471.481 553.618 0.601124 0 0 0 0 0 0 475.474 318.8 0.849211 444.066 307.151 0.390261 0
6 111 87 490.964 314.953 0.0978817 459.672 342.375 0.876258 489.092 350.243 0.854498 524.437 383.446 0.943436 545.843 358.041 0.823853 428.406 336.472 0.921515 410.839 375.625 0.751626 436.313 381.528 0.135422 487.153 442.166 0.742226 481.355 496.931 0.72303 475.368 557.618 0.841123 453.921 442.105 0.697513 485.189 493.041 0.594215 487.204 539.977 0.539879 491.006 307.168 0.169974 0 0 0 481.287 307.223 0.821243 448.062 303.282 0.295904 0
6 111 88 0 0 0 461.7 338.495 0.92031 492.974 348.214 0.831592 526.383 381.482 0.898711 551.722 356.087 0.852481 430.436 334.588 0.929748 414.716 371.74 0.812811 440.224 356.078 0.0668274 491.028 438.284 0.737034 487.16 493.128 0.653429 475.39 557.605 0.765489 455.898 436.315 0.694548 489.079 491.071 0.518247 479.41 549.735 0.414226 0 0 0 0 0 0 489.078 305.284 0.838403 455.842 303.188 0.394551 0
6 111 89 0 0 0 473.426 336.48 0.927547 504.738 342.425 0.802832 539.985 369.768 0.902429 557.599 350.189 0.853856 440.252 328.731 0.825628 420.618 367.867 0.791543 449.978 371.742 0.0702263 494.982 432.441 0.748869 491.042 493.003 0.781341 473.452 557.578 0.828078 459.789 430.402 0.744279 491.023 487.179 0.491383 481.275 540.048 0.369065 0 0 0 0 0 0 494.975 303.224 0.868486 461.721 295.431 0.470093 0
6 111 90 0 0 0 475.375 334.453 0.919072 504.792 336.591 0.846396 540.068 367.795 0.916256 561.514 350.155 0.808787 444.107 322.9 0.896525 426.554 367.798 0.802662 455.86 369.777 0.0641148 500.901 430.398 0.73844 491.159 491.103 0.799378 473.498 555.594 0.82589 467.594 428.47 0.702126 500.86 479.373 0.368822 481.309 537.983 0.225844 0 0 0 0 0 0 498.922 299.359 0.831123 463.779 289.68 0.4907 0
6 111 91 0 0 0 485.187 320.959 0.886064 512.597 328.687 0.80682 549.774 365.775 0.858684 571.245 348.26 0.900834 455.837 318.973 0.87705 430.474 358.009 0.794718 469.547 363.881 0.0868561 508.721 414.833 0.777036 508.727 475.497 0.826343 477.455 539.948 0.830643 475.472 414.771 0.761435 508.762 469.565 0.510022 483.292 524.366 0.197637 0 0 0 0 0 0 506.785 289.582 0.845451 475.373 287.549 0.543596 0
6 111 92 0 0 0 485.189 320.967 0.884246 512.603 328.709 0.808426 549.79 365.78 0.860582 571.255 348.244 0.89504 455.835 318.979 0.875994 430.47 358.013 0.792806 469.558 363.868 0.085822 508.734 414.845 0.775056 508.723 475.507 0.827114 477.455 539.952 0.829314 475.481 414.779 0.760006 510.641 471.479 0.505613 483.289 524.367 0.19297 0 0 0 0 0 0 506.787 289.586 0.848674 475.376 287.553 0.539427 0
6 111 93 0 0 0 487.159 320.847 0.903187 516.537 324.818 0.795729 553.734 361.958 0.885033 573.259 344.321 0.815017 455.906 318.817 0.866817 436.311 358.012 0.777672 469.537 356.085 0.0885476 510.727 414.742 0.760784 514.569 475.38 0.806529 481.328 536.042 0.790961 479.32 412.885 0.742561 512.595 467.58 0.52072 514.556 491.137 0.221009 0 0 0 0 0 0 508.676 287.65 0.891839 475.518 283.68 0.460296 0
6 111 94 0 0 0 493.036 309.104 0.906861 524.341 314.96 0.844656 555.695 352.14 0.923411 579.095 338.454 0.807675 461.749 305.281 0.921417 444.133 350.272 0.865341 465.657 358.007 0.0970218 522.369 397.192 0.787801 526.305 453.932 0.73021 500.839 508.702 0.775927 489.071 399.121 0.752519 518.498 448.015 0.637044 522.321 489.156 0.478778 0 0 0 0 0 0 512.592 277.807 0.694373 487.126 274.008 0.502498 0
6 111 95 0 0 0 493.108 305.269 0.901445 524.348 309.168 0.791678 557.647 350.132 0.837573 583.061 336.513 0.840163 463.721 305.137 0.896441 446.099 346.318 0.780395 475.316 342.388 0.0564695 524.354 393.256 0.743182 537.973 444.06 0.813398 508.644 495.056 0.810864 491.112 395.198 0.760892 512.614 442.153 0.721145 514.573 493.063 0.541919 0 0 0 0 0 0 512.656 275.862 0.421863 485.198 273.868 0.216638 0
6 111 96 0 0 0 502.855 301.34 0.849664 534.089 305.191 0.809132 569.345 336.621 0.825243 585.034 334.486 0.82204 473.417 297.377 0.832549 451.947 336.622 0.791119 485.193 338.552 0.0813372 534.128 383.548 0.708453 549.755 428.5 0.842944 524.295 487.143 0.89799 495.038 383.564 0.753712 510.661 432.426 0.786333 508.73 485.205 0.606024 0 0 0 0 0 0 522.46 268.024 0.656135 492.975 260.282 0.258631 0
6 111 97 537.986 269.896 0.100116 506.668 295.472 0.866631 536.101 303.259 0.845894 571.254 336.51 0.893027 588.881 324.813 0.819684 475.372 289.673 0.901583 457.772 336.537 0.830916 477.477 348.244 0.107603 536.066 381.592 0.738257 551.754 424.58 0.801603 536.046 483.297 0.802444 495.045 383.437 0.774846 514.581 428.473 0.754974 522.296 477.437 0.692292 0 0 0 0 0 0 526.298 260.249 0.735494 496.921 258.24 0.240199 0
6 111 98 538.014 268.037 0.0929459 506.677 295.473 0.868202 536.116 303.253 0.845562 571.264 336.511 0.892899 588.887 324.81 0.81899 475.374 291.483 0.900735 457.768 336.545 0.833748 477.446 348.222 0.0994481 536.098 383.406 0.74323 551.738 426.472 0.803081 536.049 483.292 0.803933 495.052 383.449 0.773814 514.585 428.492 0.751822 522.276 477.428 0.689491 0 0 0 0 0 0 526.297 260.243 0.727728 495.055 258.247 0.243054 0
6 111 99 545.85 260.181 0.264331 510.652 289.573 0.912999 541.944 293.474 0.810605 575.191 332.561 0.82405 596.716 320.884 0.818146 479.308 287.642 0.90676 461.724 330.669 0.859101 491.011 330.639 0.088388 539.96 375.67 0.726322 557.661 412.788 0.844532 555.583 475.349 0.930366 502.841 379.502 0.765075 518.433 422.596 0.811927 522.421 477.417 0.932819 543.918 256.33 0.35617 0 0 0 536.076 258.255 0.873726 506.686 256.222 0.168111 0
6 111 100 553.567 258.216 0.273875 514.583 287.673 0.909171 545.906 289.657 0.836734 582.985 328.701 0.819678 600.609 318.947 0.866479 483.226 285.67 0.862357 461.853 326.708 0.825424 493.109 332.538 0.104245 540.087 371.728 0.732329 563.507 408.917 0.768574 559.549 463.674 0.872329 504.736 373.721 0.754412 518.486 420.621 0.831416 522.36 477.384 0.925217 553.589 256.172 0.363051 0 0 0 540.053 256.254 0.891548 510.677 248.518 0.165399 0
6 111 101 555.747 256.209 0.194971 522.457 283.72 0.904584 553.764 287.63 0.883448 586.968 320.972 0.855178 602.591 315.014 0.679912 491.127 279.772 0.857641 475.366 324.809 0.83437 502.804 318.942 0.073277 551.737 371.727 0.679263 569.392 399.152 0.786786 586.94 446.084 0.889496 508.73 373.715 0.769991 520.442 420.632 0.80826 522.368 477.396 0.901304 0 0 0 0 0 0 549.762 248.445 0.779316 520.426 242.599 0.208517 0
6 111 102 0 0 0 528.293 279.808 0.855153 563.485 287.554 0.833221 594.752 320.854 0.830836 602.646 314.982 0.521902 495.02 275.898 0.86602 475.495 320.947 0.877664 506.731 318.902 0.0737187 553.698 369.787 0.704332 571.28 397.153 0.803942 596.77 438.239 0.812819 510.645 371.734 0.778421 522.299 420.642 0.827557 522.41 477.414 0.90929 0 0 0 0 0 0 555.619 242.669 0.905515 522.354 240.557 0.319663 0
6 111 103 0 0 0 539.96 273.913 0.956349 573.243 275.912 0.827601 602.581 318.927 0.85589 612.372 305.182 0.290513 506.692 272.02 0.900854 485.18 318.955 0.851261 510.632 318.949 0.115745 561.553 365.849 0.694178 573.343 391.313 0.65503 602.526 424.599 0.708695 522.284 365.926 0.812877 522.446 418.717 0.83853 524.254 477.318 0.93396 0 0 0 0 0 0 569.257 242.564 0.817991 534.118 238.635 0.294544 0
6 111 104 0 0 0 539.96 273.909 0.955875 573.236 275.908 0.828957 602.575 318.918 0.854813 612.368 305.183 0.282659 506.699 272.016 0.902392 485.179 318.951 0.852137 510.634 318.938 0.117198 561.534 365.823 0.692176 575.204 393.224 0.65894 602.553 426.498 0.705812 522.275 365.908 0.812963 522.446 418.703 0.841757 524.253 477.319 0.932683 0 0 0 0 0 0 569.259 242.572 0.817779 534.124 238.646 0.288485 0
6 111 105 0 0 0 545.853 273.895 0.89619 579.139 277.808 0.812943 606.543 318.831 0.783016 0 0 0 510.692 271.909 0.862149 491.032 316.988 0.872195 512.598 318.943 0.116898 563.509 361.981 0.656781 581.1 391.281 0.63972 602.6 428.448 0.69372 522.432 363.891 0.795341 524.339 416.739 0.879629 524.305 477.331 0.934021 0 0 0 0 0 0 571.322 242.599 0.885032 539.97 238.68 0.303983 0
6 111 106 0 0 0 555.639 271.927 0.907368 586.982 273.913 0.885338 618.341 305.184 0.822823 616.247 271.92 0.443402 524.294 269.991 0.860637 494.983 314.943 0.812035 520.453 314.955 0.0810071 571.357 359.998 0.68678 586.873 397.134 0.748328 602.692 430.372 0.723356 532.202 359.98 0.735527 530.243 412.792 0.865282 524.342 475.365 0.9207 0 0 0 0 0 0 585.074 240.606 0.663851 553.698 230.854 0.428507 0
6 111 107 0 0 0 559.579 271.856 0.875036 592.829 273.829 0.845157 618.233 313.017 0.765785 629.971 293.488 0.266898 526.338 268.044 0.822294 504.77 315.017 0.831868 520.405 314.995 0.0832929 577.163 360.018 0.693031 588.975 397.188 0.642985 604.597 430.446 0.614484 537.997 358.025 0.770038 536.009 412.719 0.834666 524.316 475.374 0.900229 0 0 0 0 0 0 587.01 236.736 0.907086 557.685 227.067 0.329338 0
6 111 108 0 0 0 571.274 260.253 0.890799 602.639 268.015 0.841143 624.16 305.256 0.780596 0 0 0 538.104 258.274 0.882958 510.684 305.292 0.837294 0 0 0 586.993 352.111 0.759946 600.565 399.09 0.738857 606.496 432.379 0.584332 543.934 350.238 0.778044 538.105 408.865 0.868867 526.28 471.472 0.840375 0 0 0 0 0 0 600.666 228.97 0.901284 571.225 224.941 0.442451 1
6 111 109 0 0 0 577.141 258.279 0.884926 606.554 262.204 0.827847 632.002 305.26 0.864481 631.968 305.233 0.158152 543.954 256.271 0.847455 518.479 303.236 0.836458 514.54 289.599 0.181607 588.88 350.213 0.772654 600.638 399.185 0.807741 612.355 442.156 0.510544 549.77 348.238 0.749169 539.97 401.145 0.889009 526.304 463.737 0.856074 0 0 0 0 0 0 602.704 228.886 0.882281 573.275 222.989 0.441924 1
6 111 110 0 0 0 575.267 258.28 0.885924 606.555 262.202 0.828398 632.009 305.254 0.861464 631.947 305.245 0.147902 543.944 256.27 0.85142 518.486 303.238 0.838239 512.647 289.602 0.18373 588.886 350.212 0.774072 600.633 399.171 0.808673 612.346 442.152 0.530292 549.776 348.249 0.752054 539.969 401.135 0.890402 526.299 463.71 0.863132 0 0 0 0 0 0 602.705 228.887 0.882558 573.267 222.982 0.43851 1
6 111 111 618.229 227.017 0.146279 586.889 256.199 0.930508 618.21 258.345 0.901969 639.784 305.16 0.815583 653.51 305.184 0.510669 555.603 246.535 0.853215 522.468 297.407 0.837116 520.379 287.594 0.220706 590.897 350.168 0.726617 600.582 391.315 0.676852 604.607 428.552 0.715281 553.704 346.277 0.758019 540.008 399.128 0.912646 530.19 459.851 0.844424 618.188 224.978 0.201903 0 0 0 614.294 224.911 0.763425 584.9 213.283 0.266967 1
6 111 112 0 0 0 588.88 250.405 0.871024 620.206 256.27 0.873729 643.667 301.243 0.780105 659.352 305.214 0.613918 557.587 242.685 0.890679 524.376 291.586 0.847125 522.351 277.854 0.245462 600.616 340.47 0.709179 602.529 383.52 0.753201 606.526 428.442 0.752867 555.674 338.465 0.752144 542.023 395.179 0.829413 536.014 455.871 0.82807 0 0 0 0 0 0 616.354 223.042 0.650182 584.993 211.326 0.369378 1
6 111 113 0 0 0 594.785 244.601 0.847862 626.076 256.234 0.854503 647.642 301.327 0.802709 659.352 303.249 0.202879 563.486 240.663 0.860055 528.286 289.511 0.834905 0 0 0 602.623 342.371 0.748653 602.604 389.335 0.735454 604.638 428.547 0.772005 557.676 336.522 0.732578 545.883 393.271 0.78752 539.933 453.934 0.84964 0 0 0 0 0 0 622.145 221.05 0.669898 588.931 209.357 0.324004 1
6 111 114 0 0 0 600.576 242.696 0.907798 630.021 254.332 0.863506 647.613 301.245 0.804196 663.215 303.278 0.30135 569.277 240.539 0.881785 532.15 287.591 0.843899 524.325 283.643 0.182918 604.541 338.521 0.761119 600.707 391.32 0.775906 604.638 430.484 0.768004 563.451 334.541 0.719521 549.772 391.28 0.783954 540.118 451.986 0.805447 0 0 0 0 0 0 626.072 221.099 0.71175 598.726 211.233 0.454878 1
6 111 115 632.062 213.352 0.0977102 600.707 242.558 0.941797 631.923 252.406 0.868106 647.601 299.298 0.826628 667.186 305.239 0.685653 571.273 234.762 0.860933 537.941 281.775 0.82347 524.364 281.744 0.180483 602.624 334.527 0.778143 602.549 381.471 0.782044 602.643 430.383 0.859463 563.448 328.675 0.714577 553.76 383.578 0.879044 549.8 446.017 0.825736 632.056 211.284 0.181307 0 0 0 629.967 211.325 0.787166 600.729 203.486 0.415124 1
6 111 116 632.032 213.34 0.0834761 600.706 242.556 0.941804 631.926 252.404 0.868558 647.572 297.409 0.832583 667.172 305.228 0.724111 571.266 234.758 0.862213 537.954 281.773 0.828303 524.345 279.788 0.192955 602.635 334.513 0.783466 602.541 381.5 0.799673 602.63 430.406 0.86979 563.445 328.669 0.720837 553.758 385.419 0.883178 549.786 446.042 0.82694 632.051 211.295 0.161994 0 0 0 629.98 211.326 0.791938 600.727 203.477 0.425995 1
6 111 117 633.967 215.207 0.222917 600.717 242.517 0.936361 631.959 252.341 0.861029 649.508 297.397 0.826925 669.108 307.226 0.677826 571.275 232.83 0.854721 538.021 279.804 0.841433 0 0 0 602.678 334.497 0.778312 602.596 381.437 0.787362 602.675 430.387 0.861591 563.473 326.711 0.723914 553.779 383.466 0.904132 551.693 444.102 0.839732 633.922 211.222 0.319077 0 0 0 628.064 209.427 0.802168 602.51 201.498 0.277427 1
6 111 118 0 0 0 602.613 240.631 0.934482 632.031 246.537 0.875569 649.556 291.5 0.852555 671.098 311.127 0.805498 573.271 228.963 0.863299 538.077 277.804 0.850747 541.98 285.663 0.115712 602.603 328.73 0.782231 602.559 379.58 0.827242 602.65 430.365 0.877219 565.408 322.879 0.742888 555.605 383.473 0.920036 551.77 442.142 0.848238 0 0 0 0 0 0 631.975 211.246 0.807406 602.635 201.549 0.480619 1
6 111 119 0 0 0 602.681 240.593 0.923839 633.894 246.514 0.87296 649.603 289.554 0.865879 669.165 314.952 0.855743 573.308 228.927 0.871429 538.109 275.929 0.867565 547.823 283.663 0.113097 602.615 328.704 0.770579 602.55 379.51 0.815585 602.591 428.55 0.879007 565.407 322.831 0.752038 555.638 381.579 0.928476 553.674 440.165 0.867692 0 0 0 0 0 0 633.863 211.228 0.755934 602.702 201.514 0.537993 1
6 111 120 0 0 0 604.545 238.713 0.899895 633.937 244.568 0.889003 649.629 287.658 0.87238 669.166 316.995 0.894362 577.138 227.043 0.874764 539.954 273.948 0.861942 534.134 271.94 0.147056 602.65 324.819 0.778931 600.739 379.547 0.843985 602.581 430.444 0.86436 567.341 320.884 0.786739 555.696 381.472 0.911154 553.714 436.319 0.891505 0 0 0 0 0 0 633.905 209.419 0.734011 604.539 199.579 0.484523 1
6 111 121 0 0 0 602.726 238.693 0.892942 633.927 244.535 0.885002 649.573 287.583 0.873623 669.109 316.984 0.899987 575.259 227.038 0.869086 539.961 273.959 0.861578 539.967 271.996 0.133301 602.672 324.802 0.788724 600.729 381.423 0.874067 602.593 432.375 0.848826 567.433 320.874 0.805264 555.722 381.458 0.899233 555.586 438.249 0.877894 0 0 0 0 0 0 633.881 209.4 0.835408 602.717 199.534 0.401226 1
6 111 122 0 0 0 602.724 238.69 0.891686 633.928 244.53 0.882986 649.57 287.58 0.87197 669.096 316.974 0.899308 575.251 227.039 0.869823 539.958 273.967 0.858641 539.976 271.987 0.129816 602.667 324.806 0.788083 600.727 381.429 0.874656 602.589 432.377 0.8475 567.43 320.878 0.804136 555.72 381.463 0.900362 555.583 438.264 0.877695 0 0 0 0 0 0 633.886 209.396 0.8308 602.718 197.695 0.399003 1
6 111 123 0 0 0 604.528 238.63 0.88568 633.977 242.689 0.899737 649.495 287.673 0.818405 665.256 316.922 0.917687 575.21 226.966 0.880381 540.054 273.859 0.843673 540.036 277.854 0.096026 602.69 326.717 0.781822 602.534 381.554 0.814022 600.64 434.37 0.693644 567.356 320.833 0.792423 555.702 379.515 0.853223 553.714 430.363 0.883322 0 0 0 0 0 0 633.904 207.42 0.780741 602.684 195.758 0.419113 1
6 111 124 0 0 0 602.701 238.632 0.889681 633.978 242.683 0.899995 647.642 287.625 0.801525 663.346 316.965 0.925645 573.284 226.988 0.881357 540.025 273.923 0.867665 543.937 275.918 0.0976182 602.684 326.715 0.761811 602.57 379.509 0.775873 602.531 430.393 0.754794 567.381 320.88 0.78792 555.712 377.573 0.813491 553.772 426.515 0.83457 0 0 0 0 0 0 633.877 207.409 0.798145 602.621 195.76 0.422319 1
6 111 125 0 0 0 604.625 236.744 0.854199 635.9 242.676 0.880947 649.489 297.374 0.772684 655.474 316.933 0.678655 575.252 226.887 0.854426 541.931 273.921 0.854315 545.855 303.275 0.112732 602.715 332.581 0.763669 602.623 383.434 0.753362 602.662 432.4 0.570467 567.374 322.82 0.752805 555.766 381.473 0.790631 553.753 432.374 0.585236 0 0 0 0 0 0 633.897 205.409 0.79785 602.619 195.609 0.531578 1
6 111 126 0 0 0 604.56 234.811 0.856263 635.898 242.611 0.891035 649.472 301.229 0.800627 649.508 316.928 0.508605 573.292 226.875 0.867268 541.929 273.863 0.872146 545.865 279.81 0.0643223 602.718 332.587 0.76339 602.637 381.541 0.752518 602.697 432.401 0.551679 567.324 322.819 0.749796 555.738 381.53 0.799174 555.68 432.433 0.548371 0 0 0 0 0 0 633.835 203.501 0.821563 602.567 195.585 0.605098 1
6 111 127 0 0 0 602.724 236.69 0.867635 635.869 242.619 0.88339 645.625 303.156 0.827959 631.909 311.095 0.241514 573.257 226.894 0.89076 541.926 271.951 0.89067 545.882 268.019 0.0773329 604.583 332.6 0.773504 602.628 383.502 0.741511 600.716 430.44 0.411547 567.353 320.943 0.747871 555.721 381.507 0.792132 553.714 430.449 0.453864 0 0 0 0 0 0 631.995 199.581 0.777418 600.716 193.743 0.600247 1
6 111 128 0 0 0 602.719 236.693 0.868963 635.866 242.623 0.883579 645.606 303.15 0.823903 631.913 313.033 0.23861 573.252 226.896 0.890894 541.92 271.958 0.889961 545.874 268.021 0.078389 604.576 332.606 0.776007 602.63 383.548 0.73255 600.697 430.468 0.382734 567.343 320.949 0.745999 555.72 381.538 0.795699 553.706 430.475 0.43382 0 0 0 0 0 0 632.002 199.581 0.778646 600.716 193.737 0.606648 1
6 111 129 0 0 0 602.66 232.85 0.883204 633.97 240.717 0.911129 639.805 295.411 0.797096 630.014 307.244 0.233881 571.39 226.905 0.914154 541.93 271.93 0.909011 540.027 264.119 0.145158 604.561 330.612 0.770561 602.584 385.416 0.725992 600.619 432.383 0.357765 567.392 320.892 0.769382 555.694 381.519 0.812697 553.698 432.389 0.408388 0 0 0 0 0 0 631.868 197.661 0.725726 600.581 193.726 0.589973 1
6 111 130 0 0 0 602.588 232.814 0.893717 633.897 240.631 0.905803 635.905 289.651 0.817345 616.245 303.273 0.241717 571.276 226.924 0.915244 539.95 270.016 0.823158 547.836 303.258 0.0733789 604.584 332.581 0.773058 602.635 399.161 0.700299 602.567 465.657 0.120801 565.433 322.828 0.714358 555.661 395.242 0.688228 545.856 459.784 0.148998 0 0 0 0 0 0 628.026 197.592 0.71106 596.687 193.743 0.608074 1
6 111 131 0 0 0 602.533 232.811 0.893572 631.994 240.62 0.9299 633.852 289.514 0.81263 616.243 311.061 0.124048 571.271 226.919 0.897531 538.112 266.115 0.858291 528.246 242.601 0.413903 602.706 326.74 0.757787 602.569 389.366 0.640759 600.644 449.984 0.137384 563.496 320.87 0.719663 555.669 385.484 0.677177 551.718 442.173 0.135321 0 0 0 0 0 0 624.142 197.671 0.697971 588.966 193.763 0.637707 1
