3 111 0 1123.05 348.202 0.474723 1166.04 389.334 0.558294 1160.22 385.468 0.358556 0 0 0 0 0 0 0 0 0 0 0 0 0 0 0 1166.15 508.674 0.558478 1179.74 594.787 0.480428 1189.59 673.057 0.371655 1181.75 510.685 0.671908 1181.72 596.765 0.773159 1195.39 680.882 0.820874 1126.93 336.518 0.161063 1132.73 338.449 0.5429 0 0 0 1146.48 346.263 0.515416 0
3 111 1 1119.16 352.257 0.234267 1158.28 399.118 0.509777 1148.48 397.221 0.371347 0 0 0 0 0 0 1168.05 399.123 0.549886 1181.76 461.753 0.17297 1074.12 506.74 0.0957142 1162.14 516.546 0.519414 1175.83 600.556 0.634971 1185.65 675 0.57488 1173.95 520.398 0.600001 1179.81 600.565 0.786063 1191.55 680.873 0.777367 1115.21 342.404 0.0897913 1126.97 346.305 0.218026 0 0 0 1152.4 350.133 0.298998 0
3 111 2 1121.09 356.094 0.0791602 1146.5 399.159 0.571764 1117.15 395.224 0.446145 0 0 0 0 0 0 1166.1 399.201 0.589553 1191.52 459.764 0.339035 1195.39 510.697 0.214799 1128.93 506.725 0.562475 1087.82 555.675 0.734529 1070.23 631.896 0.721512 1164.18 512.627 0.658145 1170.05 596.725 0.789755 1193.46 678.986 0.845242 1103.48 346.284 0.0890853 0 0 0 0 0 0 1146.51 354.104 0.128165 0
3 111 2 0 0 0 1076.06 369.825 0.607772 1087.86 379.515 0.587629 1054.5 430.416 0.390356 1095.63 442.183 0.399499 1058.51 367.839 0.531354 0 0 0 0 0 0 1056.53 440.21 0.251135 0 0 0 0 0 0 1036.93 428.569 0.208208 0 0 0 0 0 0 0 0 0 0 0 0 1095.64 346.258 0.423595 1072.18 336.612 0.149351 0
3 111 3 1074.18 344.323 0.314919 1119.16 381.548 0.614382 1107.4 381.476 0.41304 1097.59 442.115 0.0513167 0 0 0 1132.79 383.505 0.657541 1121.13 448.038 0.431471 1074.14 449.972 0.346999 1117.22 500.85 0.586211 1072.24 555.671 0.66848 1052.55 624.161 0.665124 1148.44 506.766 0.673019 1162.2 594.776 0.771939 1193.43 678.886 0.814706 0 0 0 1085.78 336.467 0.368676 0 0 0 1103.44 340.415 0.557795 0
3 111 4 1072.13 346.329 0.591562 1109.34 393.245 0.678159 1085.84 385.513 0.604342 1058.47 428.46 0.10875 1050.63 434.345 0.203245 1134.72 397.163 0.703345 1136.73 459.797 0.293948 1078.06 444.149 0.239954 1101.45 498.895 0.578586 1058.49 553.652 0.756598 1048.72 622.157 0.737523 1138.7 506.753 0.685298 1150.54 590.847 0.776788 1191.47 676.934 0.775416 1070.26 334.634 0.163471 1079.99 336.589 0.526861 0 0 0 1103.47 346.317 0.420532 0
3 111 5 1068.28 342.382 0.549814 1103.42 385.399 0.681462 1078.05 381.548 0.573794 1062.39 430.41 0.166473 1052.58 444.108 0.222081 1123.07 387.385 0.620339 1117.18 449.98 0.249903 1070.22 446.09 0.255978 1093.72 496.937 0.521694 1054.55 543.954 0.596718 1042.84 620.209 0.723012 1130.88 506.698 0.678906 1144.52 588.926 0.773431 1183.7 667.201 0.820909 1068.21 334.53 0.345933 1072.26 334.629 0.576836 0 0 0 1099.52 342.371 0.42742 0
3 111 7 1042.8 340.475 0.363017 1076.09 371.772 0.4189 1062.38 369.816 0.277329 1056.54 428.454 0.0522981 0 0 0 1091.71 375.678 0.427045 1081.95 430.409 0.182192 0 0 0 1081.97 487.178 0.453874 1038.88 561.529 0.241069 1038.99 624.111 0.235723 1101.53 491.121 0.551995 1093.72 584.979 0.772797 1164.2 659.32 0.706383 0 0 0 1050.66 334.61 0.321876 0 0 0 1070.24 336.528 0.285495 0
3 111 8 1025.32 336.577 0.331826 1070.25 369.789 0.610854 1083.92 369.783 0.468534 0 0 0 0 0 0 1058.53 369.828 0.585737 1054.57 434.325 0.482591 1025.28 451.955 0.340852 1087.87 489.126 0.545443 1066.3 583.012 0.614041 1138.67 643.718 0.435914 1072.17 491.052 0.649616 1033.02 553.63 0.604887 1038.9 631.915 0.486764 0 0 0 1033.02 328.724 0.323564 0 0 0 1048.67 332.577 0.491574 0
3 111 9 1023.18 336.511 0.218902 1066.29 365.821 0.589476 1074.11 365.838 0.42395 1036.96 416.715 0.101796 1011.53 426.506 0.0937835 1060.44 365.844 0.558298 1019.34 358.057 0.109468 1015.44 354.094 0.301084 1085.85 477.431 0.448901 1048.68 567.39 0.545423 1119.08 633.932 0.62396 1072.11 479.394 0.586929 1027.16 551.706 0.619655 1038.89 635.847 0.496046 0 0 0 1023.27 330.672 0.243371 0 0 0 1038.96 322.832 0.436751 0
3 111 11 1005.58 318.992 0.24233 1038.88 352.173 0.604925 1054.52 352.188 0.481086 0 0 0 0 0 0 1025.2 352.199 0.548286 1011.53 422.602 0.197349 989.97 414.781 0.180613 1038.94 481.29 0.466443 1027.2 557.598 0.437703 1040.85 626.087 0.364486 1023.29 485.196 0.563384 999.769 555.649 0.48907 1040.89 629.965 0.378196 0 0 0 1007.54 313.071 0.268754 0 0 0 1019.32 313.029 0.48097 0
3 111 12 993.912 318.879 0.355098 1035.02 348.246 0.619616 1052.59 350.145 0.561934 1056.51 428.45 0.0595915 0 0 0 1021.26 348.213 0.605213 993.981 410.857 0.247085 978.21 414.773 0.305646 1038.91 496.936 0.446411 1036.9 628.029 0.21992 1038.91 663.26 0.0570612 1009.63 495.007 0.522044 1011.52 596.747 0.232109 1027.18 714.162 0.0829255 0 0 0 995.937 307.214 0.3419 0 0 0 1009.65 311.057 0.574924 0
3 111 13 976.356 315.009 0.681626 1017.4 346.333 0.597757 1033.04 344.321 0.505868 1038.94 406.931 0.0703008 0 0 0 1005.66 350.153 0.616295 1009.64 414.863 0.435253 974.314 430.479 0.312815 1025.2 465.677 0.50786 1025.28 553.721 0.57539 1036.91 633.899 0.502965 1009.5 471.521 0.592916 962.664 539.947 0.629283 986.107 624.103 0.532107 978.185 305.163 0.0624158 980.193 305.251 0.660799 0 0 0 999.758 305.286 0.641233 0
3 111 14 970.418 311.118 0.36944 1005.6 348.21 0.590003 993.94 346.278 0.426202 974.314 395.189 0.118166 958.633 406.965 0.179034 1009.57 350.153 0.580002 1015.44 420.666 0.421866 966.518 426.489 0.356105 991.902 471.493 0.566709 950.846 536.108 0.70795 962.639 620.195 0.709484 1017.37 475.434 0.646751 1023.32 555.678 0.77462 1038.8 632 0.680491 0 0 0 976.265 303.329 0.411309 0 0 0 991.917 305.181 0.563219 0
3 111 15 952.835 313.062 0.389416 991.968 348.288 0.678565 1007.63 348.19 0.584776 1007.56 399.163 0.0829608 0 0 0 978.239 350.201 0.654212 991.917 414.832 0.484116 945.029 418.719 0.506534 1013.5 471.508 0.580261 1023.18 555.669 0.832765 1038.83 635.86 0.695071 986.1 469.563 0.595876 935.189 528.243 0.758039 919.611 616.24 0.724945 0 0 0 960.555 305.212 0.440032 0 0 0 974.358 305.267 0.575244 0
3 111 16 946.877 311.082 0.545746 980.233 350.253 0.644628 974.367 350.133 0.476291 958.675 403.011 0.115727 931.285 403.021 0.232959 989.935 352.21 0.638185 982.151 418.685 0.585229 931.396 414.733 0.635369 976.346 463.737 0.646205 929.306 526.317 0.82119 900.099 610.443 0.738584 1007.53 475.355 0.699668 1019.3 553.707 0.772881 1036.94 631.888 0.724497 0 0 0 950.875 305.148 0.536515 0 0 0 968.511 305.303 0.604978 0
3 111 17 941.056 314.95 0.561584 974.347 352.224 0.709982 954.766 352.168 0.603019 941.078 399.126 0.22286 921.5 406.951 0.247053 990.013 352.266 0.695182 980.182 418.736 0.663833 929.314 414.747 0.680092 962.588 465.625 0.693896 917.652 528.271 0.794753 892.201 604.639 0.765697 997.831 473.461 0.70505 1009.58 553.646 0.853293 1036.89 630.01 0.734453 944.886 305.168 0.0601689 945.035 305.171 0.638313 0 0 0 962.627 305.277 0.625916 0
3 111 18 915.692 318.869 0.115591 960.724 352.241 0.761682 978.199 352.111 0.660788 952.824 397.221 0.117709 913.74 404.987 0.196967 946.926 358.048 0.690993 956.732 424.559 0.659247 907.836 414.861 0.719508 993.88 463.675 0.69475 999.802 545.907 0.767777 1033.07 629.963 0.706355 960.567 463.674 0.662131 907.794 526.302 0.795091 882.415 612.408 0.807232 0 0 0 919.616 309.103 0.140866 966.54 307.219 0.0722291 933.292 309.111 0.568845 0
3 111 19 911.771 309.149 0.10545 950.872 336.487 0.700488 964.594 334.514 0.633788 933.286 385.488 0.114229 905.841 401.101 0.233909 939.122 338.526 0.58876 945.045 410.888 0.380007 901.97 422.582 0.440611 984.123 459.773 0.63165 991.986 541.937 0.837557 1027.22 626.074 0.720492 947.036 459.843 0.672539 899.968 526.321 0.837672 880.407 612.391 0.742657 0 0 0 913.718 305.14 0.14176 952.828 299.353 0.086845 925.431 303.23 0.628241 0
3 111 20 890.208 307.213 0.0995752 933.317 336.589 0.671295 947.002 334.621 0.562163 915.59 391.295 0.138664 884.385 399.092 0.163947 927.391 342.405 0.578241 921.512 408.911 0.525306 878.45 405.02 0.628227 935.249 448.092 0.481391 884.39 520.403 0.780364 878.513 606.553 0.759566 952.816 455.895 0.601847 962.679 536.034 0.73843 1019.32 618.207 0.750756 0 0 0 898.005 303.329 0.107496 0 0 0 913.613 303.2 0.537734 0
3 111 21 0 0 0 929.418 338.463 0.741055 946.941 336.547 0.63532 927.385 385.481 0.08148 0 0 0 915.618 342.375 0.591558 915.666 404.985 0.495448 876.532 410.895 0.565384 958.687 451.986 0.577021 954.772 537.969 0.713079 1011.55 618.217 0.763657 931.273 457.859 0.628052 882.316 522.461 0.805557 878.46 606.561 0.72032 0 0 0 0 0 0 935.191 297.425 0.175228 900.019 303.249 0.505074 0
3 111 22 882.376 305.234 0.0633463 921.555 336.549 0.721502 937.144 334.559 0.608195 900.047 367.952 0.0996638 870.649 383.517 0.168564 911.696 344.318 0.60583 915.599 405.027 0.575638 868.674 401.125 0.705535 944.947 453.942 0.557667 944.913 536.086 0.771099 1005.66 614.361 0.734401 915.682 459.74 0.641106 880.37 524.294 0.811769 878.504 608.512 0.738089 0 0 0 0 0 0 927.361 295.416 0.10331 894.114 303.174 0.566769 0
3 111 23 0 0 0 911.708 334.522 0.762196 931.314 332.598 0.650044 933.267 395.207 0.0527887 0 0 0 884.424 334.615 0.681018 860.863 391.305 0.412849 839.322 389.319 0.360289 931.367 450.014 0.613669 911.752 520.451 0.773385 972.404 588.877 0.768222 898.021 453.899 0.63905 870.692 524.347 0.779934 878.497 612.363 0.745866 0 0 0 0 0 0 915.621 293.445 0.0859938 880.38 299.325 0.367803 0
3 111 24 0 0 0 901.976 334.489 0.701912 921.547 330.677 0.540537 872.64 377.616 0.0933542 839.388 381.57 0.120831 886.289 336.452 0.563153 858.915 395.218 0.355359 837.415 391.314 0.514155 915.674 444.115 0.517718 868.712 514.543 0.718811 878.477 610.448 0.763021 900.032 446.1 0.62034 888.287 510.663 0.614125 958.717 584.983 0.799198 0 0 0 0 0 0 0 0 0 870.712 299.309 0.263432 0
3 111 25 0 0 0 888.27 320.922 0.707836 913.698 320.871 0.697146 0 0 0 0 0 0 866.795 322.855 0.60852 849.107 381.514 0.352615 819.847 371.737 0.313001 900.074 440.189 0.58831 884.378 512.595 0.726371 929.29 582.973 0.755736 874.559 440.214 0.629701 866.749 520.447 0.811904 874.599 608.48 0.758635 0 0 0 0 0 0 898.044 281.773 0.107613 864.748 285.623 0.36092 0
3 111 26 0 0 0 884.413 318.985 0.792016 905.88 318.915 0.681274 896.084 379.582 0.0616699 0 0 0 866.792 320.831 0.682478 841.341 389.318 0.511604 817.806 375.648 0.554174 898.007 442.187 0.581783 878.459 520.423 0.649328 907.826 571.305 0.660164 870.694 444.136 0.648055 866.659 522.467 0.784011 874.577 608.478 0.755518 0 0 0 0 0 0 894.1 279.815 0.070953 858.905 283.691 0.356975 0
3 111 27 825.636 291.518 0.0798108 880.402 318.861 0.677932 898.079 316.988 0.61807 898.076 377.599 0.0509232 0 0 0 858.89 318.87 0.582784 835.434 379.51 0.312177 804.075 379.561 0.30488 897.977 440.204 0.502496 868.635 522.336 0.673646 888.251 584.943 0.606824 870.646 442.176 0.630767 864.768 522.419 0.727401 874.555 604.569 0.74246 0 0 0 0 0 0 884.35 273.997 0.051651 851.016 275.891 0.38847 0
3 111 28 808.083 289.556 0.161435 866.657 320.888 0.764347 894.144 320.845 0.682918 898.082 381.567 0.115843 0 0 0 837.41 320.942 0.653022 819.777 383.469 0.293391 794.371 430.446 0.161774 870.696 444.111 0.627213 864.762 524.396 0.60891 866.734 600.61 0.564401 841.342 444.153 0.594492 853.061 524.384 0.661662 870.724 608.463 0.642967 0 0 0 813.892 285.598 0.186862 868.819 283.65 0.0830396 831.5 285.595 0.474818 0
3 111 29 796.314 230.865 0.0969898 837.376 281.728 0.36051 835.449 277.856 0.26134 0 0 0 0 0 0 843.249 281.745 0.381769 843.267 358.037 0.188708 823.694 410.867 0.059204 845.203 426.486 0.333914 831.542 502.797 0.311341 827.628 565.462 0.346669 862.799 428.484 0.419049 858.884 522.368 0.434423 870.727 602.672 0.612234 0 0 0 0 0 0 0 0 0 833.495 225.02 0.16092 0
3 111 30 0 0 0 835.476 365.9 0.265282 866.729 365.866 0.188263 880.387 426.514 0.0892875 880.386 461.729 0.0715777 806.098 373.687 0.203808 784.575 420.663 0.0569876 0 0 0 851.163 473.425 0.570108 862.793 538.039 0.651754 870.718 604.546 0.68887 806.147 471.479 0.52492 804.107 536.033 0.498781 788.549 581.065 0.368403 0 0 0 0 0 0 0 0 0 0 0 0 0
3 111 31 0 0 0 837.441 359.994 0.279609 868.697 361.929 0.25292 874.554 418.699 0.114878 0 0 0 808.05 365.827 0.209688 0 0 0 0 0 0 845.249 461.71 0.644932 854.976 530.234 0.739683 872.577 604.596 0.770857 800.219 459.73 0.585707 800.226 516.508 0.667459 774.774 567.362 0.661144 0 0 0 0 0 0 0 0 0 0 0 0 0
3 111 32 0 0 0 819.75 316.94 0.338176 845.186 316.985 0.314044 856.941 379.55 0.122231 0 0 0 794.361 316.935 0.226054 0 0 0 0 0 0 833.516 448.061 0.639408 850.995 530.202 0.791615 872.604 602.687 0.822478 788.489 444.175 0.557172 788.42 500.866 0.647102 763.018 555.743 0.776575 0 0 0 0 0 0 835.458 271.925 0.0624995 792.39 270.012 0.0588995 0
3 111 33 0 0 0 821.761 256.233 0.606328 853.027 260.22 0.508022 868.732 316.917 0.21688 0 0 0 790.451 246.522 0.500924 723.897 264.15 0.138341 0 0 0 843.241 393.233 0.511252 837.391 508.752 0.702352 868.69 600.664 0.794549 790.514 387.395 0.524052 786.466 491.131 0.638613 757.196 569.32 0.615325 0 0 0 0 0 0 0 0 0 798.255 183.89 0.18963 0
3 111 34 761.156 291.545 0.14011 806.138 322.874 0.85943 837.443 320.872 0.826081 855.025 381.454 0.421327 0 0 0 774.879 328.706 0.803843 761.159 385.471 0.663257 741.454 373.668 0.430506 835.46 430.481 0.692735 835.342 514.573 0.794064 866.721 592.816 0.79543 790.359 430.51 0.722758 774.818 504.761 0.788755 757.133 561.538 0.740547 0 0 0 764.995 287.663 0.166551 817.79 279.782 0.270832 774.822 287.635 0.563791 0
3 111 38 731.731 273.956 0.10605 743.534 307.139 0.381576 725.908 311.077 0.324108 714.117 352.149 0.168911 698.526 348.286 0.290277 763.038 305.28 0.254218 772.79 360.004 0.0719486 0 0 0 743.475 406.963 0.433407 753.242 479.396 0.428832 757.237 555.596 0.398798 768.926 408.919 0.384101 759.112 481.305 0.451005 759.051 555.66 0.476315 729.786 260.186 0.10556 741.47 262.188 0.0969306 0 0 0 741.541 269.989 0.109485 0
3 111 39 0 0 0 725.943 356.111 0.305337 718.059 361.924 0.25455 712.154 399.095 0.0833544 0 0 0 739.537 358.036 0.222697 723.904 399.182 0.0771901 0 0 0 729.823 446.138 0.512902 757.094 506.768 0.590294 802.142 553.671 0.35569 739.527 446.151 0.500309 757.174 506.804 0.645653 804.028 553.752 0.393992 0 0 0 0 0 0 0 0 0 753.222 248.488 0.100437 0
3 111 41 680.91 221.115 0.213022 731.751 275.888 0.453587 741.559 275.87 0.342746 0 0 0 0 0 0 0 0 0 0 0 0 0 0 0 739.554 393.295 0.320069 714.121 471.538 0.234567 741.563 536.09 0.252676 741.447 401.112 0.45604 741.515 475.453 0.376075 757.201 549.8 0.564402 0 0 0 684.779 207.414 0.207449 0 0 0 710.181 203.489 0.252893 0
3 111 42 678.828 211.306 0.134604 725.86 273.884 0.614727 727.812 271.913 0.426443 710.209 330.62 0.123128 673.048 334.609 0.241282 725.819 275.911 0.613848 712.189 352.162 0.692075 671.068 350.251 0.694 743.45 389.366 0.407012 741.513 475.42 0.215027 747.41 542.003 0.324728 737.565 397.113 0.566132 741.51 475.392 0.27106 0 0 0 0 0 0 680.865 191.734 0.116498 0 0 0 710.168 215.228 0.261182 0
3 111 43 678.911 271.999 0.286827 720.014 293.523 0.673218 741.448 291.573 0.649246 755.169 346.302 0.0874836 0 0 0 698.531 299.37 0.571378 678.956 340.47 0.447994 659.371 344.334 0.296894 737.597 397.218 0.582804 743.551 477.381 0.662198 757.172 553.629 0.719288 708.253 399.087 0.585298 694.558 473.465 0.580556 690.617 539.995 0.368302 0 0 0 680.832 266.07 0.249432 0 0 0 694.518 264.113 0.470583 0
3 111 44 675.007 271.923 0.232712 714.164 285.677 0.648933 727.892 283.678 0.555226 686.735 332.6 0.111788 663.207 340.405 0.23836 708.24 287.62 0.557412 696.51 342.378 0.344035 661.292 346.281 0.423216 727.877 389.383 0.499511 741.565 475.435 0.596764 757.169 553.692 0.718574 708.263 393.277 0.514615 678.931 463.687 0.512323 667.203 539.999 0.403799 0 0 0 676.942 262.18 0.225405 0 0 0 686.735 256.371 0.399424 0
3 111 46 651.517 268.046 0.0974407 696.458 301.292 0.780834 712.244 299.308 0.652007 714.136 350.16 0.126025 0 0 0 678.969 303.289 0.673983 680.94 365.861 0.566155 647.566 363.894 0.463705 712.127 410.887 0.573642 729.794 483.245 0.550635 755.226 553.69 0.701398 676.968 412.881 0.616675 663.243 496.983 0.566957 649.627 584.954 0.334263 0 0 0 653.471 260.238 0.101104 694.521 260.201 0.0531938 665.249 264.093 0.469114 0
3 111 47 643.656 273.918 0.297816 682.876 297.417 0.786781 708.233 295.416 0.720352 706.314 350.18 0.0897591 0 0 0 665.155 301.285 0.739423 663.226 361.967 0.51128 630.009 354.192 0.64729 710.266 412.812 0.667861 727.776 491.045 0.716532 755.162 551.683 0.622176 669.107 416.752 0.625605 663.201 508.754 0.732786 649.506 596.755 0.563509 0 0 0 645.634 268.075 0.319403 680.93 258.296 0.0533088 655.455 266.088 0.603992 0
3 111 48 633.843 273.942 0.22687 678.965 293.524 0.768848 696.509 293.443 0.650252 692.541 350.16 0.0932907 0 0 0 663.308 297.423 0.65666 669.11 367.795 0.534979 626.112 367.83 0.56095 704.37 410.854 0.569194 678.93 508.681 0.426379 649.586 588.907 0.300879 674.973 414.745 0.60284 661.293 506.789 0.603199 647.598 594.801 0.454324 0 0 0 633.968 269.956 0.234896 0 0 0 647.599 266.083 0.586521 0
3 111 49 618.326 275.856 0.558903 663.316 297.373 0.768996 678.934 291.524 0.660782 706.254 340.471 0.138051 0 0 0 649.596 303.227 0.670067 663.296 365.875 0.524647 616.304 363.928 0.786698 696.603 393.232 0.59208 700.438 477.362 0.518952 739.588 536.04 0.469406 676.94 399.105 0.622644 649.512 481.29 0.505416 649.523 575.218 0.318447 0 0 0 620.272 271.909 0.551142 0 0 0 635.873 269.914 0.658256 0
3 111 50 614.269 273.997 0.528853 651.556 293.468 0.659851 649.577 289.591 0.45698 633.94 338.471 0.177784 610.468 352.2 0.199991 657.411 299.319 0.583297 663.277 363.909 0.485231 616.323 367.859 0.710618 678.891 389.353 0.379542 637.828 469.559 0.234761 633.924 538.034 0.171597 680.914 399.094 0.581035 657.379 477.401 0.282542 651.547 571.318 0.192847 0 0 0 614.38 270.024 0.538626 0 0 0 626.081 269.951 0.678075 0
3 111 51 600.66 273.978 0.394608 645.652 289.658 0.717018 653.485 287.626 0.573546 622.181 338.503 0.176067 592.846 356.057 0.24405 635.888 295.425 0.636616 643.7 354.159 0.480008 594.804 367.826 0.613901 678.878 387.372 0.498958 674.987 471.515 0.247059 714.174 514.585 0.273582 665.192 395.231 0.638027 657.37 473.479 0.397845 659.327 575.199 0.236443 0 0 0 600.738 269.998 0.414002 0 0 0 614.347 266.056 0.603042 0
3 111 52 598.664 275.906 0.271654 637.823 293.458 0.660587 637.84 289.582 0.476542 616.31 336.571 0.199409 584.993 350.281 0.297074 639.804 299.349 0.631107 647.588 365.807 0.632216 587.042 365.831 0.721515 667.167 393.282 0.4312 645.645 479.379 0.335781 643.672 561.516 0.162556 665.255 399.126 0.636851 663.291 487.156 0.42275 661.28 584.967 0.281937 0 0 0 600.561 271.934 0.308193 0 0 0 608.488 268.045 0.566697 0
3 111 53 586.989 285.663 0.231351 628.035 289.612 0.631842 626.071 287.617 0.456932 620.194 346.278 0.19028 582.995 350.161 0.25188 631.947 293.472 0.619465 647.561 363.86 0.494262 584.946 360.004 0.714745 655.434 391.317 0.482854 637.865 477.392 0.392724 633.89 553.713 0.203882 663.318 397.107 0.647255 661.278 481.299 0.473112 657.364 579.128 0.330295 0 0 0 587.04 273.973 0.23237 0 0 0 600.639 266.12 0.477141 0
3 111 54 583.028 277.813 0.384818 618.341 291.577 0.645573 0 0 0 0 0 0 0 0 0 620.239 299.318 0.574506 637.812 365.923 0.467405 581.075 358.016 0.69011 649.615 385.419 0.461224 630.02 461.791 0.380759 631.91 524.374 0.354626 661.278 391.324 0.61139 649.583 471.494 0.412707 653.499 538.018 0.241596 0 0 0 584.938 271.946 0.422648 0 0 0 598.679 266.093 0.602672 0
3 111 55 581.107 297.386 0.3726 616.267 289.561 0.59722 614.36 283.682 0.39238 584.974 320.799 0.0910109 569.286 332.549 0.102198 618.307 299.348 0.55356 628.044 367.881 0.543783 571.275 352.258 0.788905 649.547 387.408 0.389532 631.914 485.193 0.277553 631.94 532.188 0.187442 659.358 397.121 0.566963 651.558 491.049 0.346932 651.494 584.978 0.215629 0 0 0 583.008 283.699 0.34545 0 0 0 590.853 264.111 0.503942 0
3 111 56 0 0 0 596.741 269.984 0.257666 587.033 244.634 0.247439 0 0 0 0 0 0 604.556 297.398 0.246463 612.373 361.933 0.37079 565.392 354.151 0.579106 647.638 375.645 0.271921 622.202 428.484 0.188409 635.887 508.7 0.217179 633.923 381.528 0.327945 586.957 428.523 0.143237 631.94 510.642 0.129545 0 0 0 0 0 0 0 0 0 600.641 297.362 0.116221 0
3 111 57 557.626 287.599 0.313916 590.86 303.243 0.399018 565.44 295.428 0.264541 532.182 314.985 0.08276 0 0 0 616.315 307.203 0.543749 622.159 373.702 0.33896 555.664 352.162 0.625034 581.083 405.031 0.261891 524.318 440.191 0.062091 0 0 0 614.378 416.767 0.368546 598.712 498.927 0.19918 586.973 586.992 0.0637277 553.706 273.904 0.297195 569.294 275.906 0.324992 0 0 0 588.896 268.05 0.29471 0
3 111 58 537.972 273.888 0.299391 586.971 291.582 0.618039 575.214 287.674 0.485555 579.16 336.487 0.0501439 0 0 0 600.652 301.258 0.61462 602.675 361.968 0.585168 551.735 352.252 0.841716 598.678 397.169 0.346597 583.025 485.208 0.201505 579.129 541.958 0.068304 616.313 403.068 0.505949 608.49 489.122 0.248601 622.169 541.953 0.0684391 0 0 0 540.012 268.016 0.293111 0 0 0 559.556 266.119 0.42282 0
3 111 59 534.1 271.939 0.278577 581.05 285.663 0.591355 575.205 279.759 0.45954 582.969 334.478 0.0865176 0 0 0 581.076 289.53 0.616991 604.559 352.12 0.623601 545.872 352.267 0.784272 594.8 381.497 0.30896 563.481 440.234 0.163787 555.61 508.675 0.164436 614.325 389.355 0.465446 616.329 461.746 0.249911 632.023 524.344 0.262566 0 0 0 537.948 262.197 0.292865 0 0 0 551.763 262.164 0.501893 0
3 111 60 522.325 269.969 0.401263 569.293 291.566 0.679546 555.694 289.599 0.581197 569.309 348.254 0.124896 538.004 350.174 0.113872 577.154 295.429 0.659741 594.797 356.12 0.607625 538.091 354.13 0.823936 588.94 393.25 0.354848 536.068 426.495 0.195956 538.045 512.605 0.107307 610.44 399.137 0.500273 545.888 430.424 0.287942 541.975 518.482 0.171906 0 0 0 524.316 258.338 0.415206 0 0 0 540.028 260.235 0.564369 0
3 111 61 508.731 264.157 0.517693 559.591 289.599 0.621527 557.618 287.59 0.48417 569.33 338.48 0.0871997 534.134 348.244 0.0903673 563.49 295.409 0.646341 585.07 352.259 0.643254 534.124 354.102 0.797072 590.867 387.374 0.332131 534.115 430.41 0.207055 530.205 516.503 0.127592 600.642 397.122 0.529135 538.082 430.43 0.417216 526.346 534.133 0.209938 0 0 0 512.667 258.197 0.544743 0 0 0 530.226 258.353 0.593121 0
3 111 62 506.79 271.961 0.261955 553.723 303.244 0.669562 539.982 303.257 0.581604 549.772 352.161 0.0830676 520.419 352.128 0.128802 569.267 303.28 0.665651 596.74 363.852 0.593461 524.338 356.087 0.767363 555.636 401.074 0.303401 522.34 438.28 0.111126 522.388 514.577 0.0821747 585.011 408.9 0.385178 540.017 430.421 0.162599 524.391 510.693 0.0951297 0 0 0 510.652 260.206 0.242227 0 0 0 524.39 266.059 0.412953 0
3 111 63 502.811 271.995 0.216516 547.852 297.4 0.63441 538.074 297.367 0.527101 553.697 350.184 0.156244 508.767 350.26 0.247861 555.645 299.344 0.641489 584.916 359.964 0.648767 520.393 359.975 0.770791 571.343 389.36 0.41772 524.418 432.394 0.317344 534.103 518.491 0.357729 585.052 397.166 0.613772 526.33 434.359 0.622922 528.279 522.385 0.535981 0 0 0 506.645 262.172 0.220382 0 0 0 520.38 264.114 0.472916 0
3 111 64 504.709 281.761 0.435784 542.011 305.281 0.72898 530.212 305.302 0.650064 518.478 338.544 0.189008 496.981 352.124 0.362536 555.659 305.26 0.723432 571.26 356.054 0.749635 514.543 361.91 0.778498 553.713 399.123 0.536311 524.303 440.223 0.388818 532.156 510.691 0.444296 577.149 401.064 0.61324 524.349 436.303 0.676994 522.453 510.668 0.659835 0 0 0 506.77 273.846 0.483506 0 0 0 524.33 271.99 0.549909 0
3 111 65 491.078 271.983 0.276131 528.263 287.641 0.685277 512.641 287.558 0.590803 528.29 336.472 0.15396 494.979 350.265 0.229446 541.989 287.666 0.723665 571.283 350.256 0.796525 508.712 360.001 0.793861 553.626 385.486 0.535114 520.444 444.144 0.419452 522.433 514.548 0.343262 569.405 391.289 0.674636 522.372 442.205 0.698408 522.438 518.458 0.428321 0 0 0 493.111 266.07 0.244547 0 0 0 512.582 258.238 0.395042 0
3 111 66 485.235 272.002 0.268809 524.435 287.632 0.701247 518.485 285.634 0.569351 510.646 322.911 0.167411 0 0 0 536.076 289.572 0.692397 569.256 352.113 0.774654 502.814 356.091 0.804154 549.788 387.421 0.489891 510.685 444.18 0.218235 577.176 510.674 0.126224 565.438 395.206 0.657703 514.566 446.107 0.59791 524.35 514.594 0.332546 0 0 0 489.086 266.072 0.257819 0 0 0 496.983 260.212 0.554469 0
3 111 67 475.43 273.829 0.533549 514.605 289.56 0.724456 500.882 289.517 0.583375 491.097 322.856 0.265316 475.423 350.19 0.307008 530.234 289.551 0.69762 555.63 350.261 0.754764 496.942 354.197 0.78608 534.122 387.377 0.458744 512.609 451.961 0.20644 522.417 510.631 0.156407 553.728 393.262 0.659659 518.504 459.786 0.459031 524.281 520.446 0.339366 0 0 0 477.315 266.085 0.493947 0 0 0 493.007 260.181 0.624899 0
3 111 68 471.469 272.006 0.241685 508.729 287.68 0.762194 493.033 289.543 0.582709 487.174 322.806 0.259211 471.494 350.136 0.305988 526.311 287.61 0.717954 553.661 350.223 0.760012 492.997 356.068 0.79051 522.387 383.51 0.459194 496.968 440.226 0.180513 522.409 506.739 0.154918 547.815 387.417 0.635132 510.684 444.183 0.433316 522.382 510.69 0.444514 0 0 0 471.555 266.057 0.215381 0 0 0 487.164 258.272 0.424013 0
3 111 69 461.729 273.96 0.575382 506.799 291.545 0.667776 493.005 291.555 0.53898 477.451 324.785 0.202041 459.877 350.138 0.222059 522.348 291.542 0.686447 539.996 350.235 0.676078 483.249 354.099 0.720958 512.608 381.529 0.415618 467.589 416.764 0.20883 522.376 508.647 0.220973 536.106 387.373 0.564902 504.786 442.155 0.318948 534.128 508.737 0.309072 461.653 271.838 0.05143 463.67 269.925 0.521315 0 0 0 483.272 262.163 0.529597 0
3 111 70 457.81 273.897 0.818588 498.933 295.456 0.675353 477.406 297.39 0.620433 461.713 326.751 0.181819 0 0 0 520.389 295.423 0.720413 524.395 354.128 0.680144 475.459 354.201 0.726967 494.982 383.52 0.437724 450.026 414.74 0.249451 522.378 506.786 0.221187 520.407 391.336 0.586694 489.13 442.141 0.397527 526.275 508.629 0.557335 457.754 269.927 0.0883033 459.814 266.109 0.745564 0 0 0 479.405 260.274 0.619543 0
3 111 71 453.942 273.999 0.723973 493.074 295.414 0.673884 475.45 295.424 0.564145 453.879 324.796 0.294788 444.16 348.284 0.256024 510.635 293.508 0.707948 522.425 352.256 0.664701 471.507 356.112 0.643465 493.034 381.555 0.377777 444.145 412.776 0.201814 475.415 473.476 0.128175 512.635 389.349 0.557738 450.031 412.883 0.266229 512.586 498.909 0.267546 453.883 269.971 0.124498 459.704 269.983 0.692549 0 0 0 477.458 264.133 0.546306 0
3 111 72 450.048 279.759 0.682407 487.129 303.225 0.723375 459.722 305.161 0.734012 438.232 346.301 0.38536 442.149 358.028 0.306516 510.634 299.354 0.730215 524.299 354.122 0.664911 473.487 359.99 0.651547 467.639 385.471 0.407065 428.442 414.791 0.165756 463.742 477.424 0.0830775 506.754 391.327 0.521565 477.405 434.342 0.166685 485.236 489.145 0.136807 448.099 271.94 0.219317 457.862 271.956 0.695119 0 0 0 481.306 268.07 0.523751 0
3 111 73 444.054 269.934 0.447017 477.478 287.579 0.713991 461.707 287.621 0.581981 438.264 320.955 0.3494 428.522 352.208 0.313221 495.014 287.535 0.690305 506.784 348.206 0.663962 459.773 363.878 0.660062 477.435 381.496 0.440971 448.03 432.39 0.170866 461.772 483.284 0.153201 495.046 385.425 0.583863 461.729 444.137 0.219979 475.475 496.972 0.160893 444.172 256.299 0.0569773 444.182 258.318 0.447923 0 0 0 459.82 256.267 0.476636 0
3 111 74 434.393 260.267 0.469707 471.54 281.766 0.699604 453.9 281.745 0.591271 432.46 318.966 0.5326 420.669 352.243 0.384353 489.146 283.726 0.710385 500.838 344.351 0.643748 448.1 363.901 0.719019 475.47 367.822 0.573268 426.492 412.822 0.39302 465.627 496.954 0.284244 498.907 371.773 0.627724 475.445 430.469 0.382345 506.74 504.775 0.334846 432.496 254.308 0.0941439 442.114 256.322 0.486909 0 0 0 457.768 254.285 0.529774 0
3 111 75 428.515 256.255 0.453114 459.794 275.85 0.695754 446.032 273.919 0.626953 426.496 318.933 0.461803 412.735 354.149 0.390713 475.365 281.72 0.667194 481.306 348.289 0.706281 432.411 365.952 0.785905 467.62 365.889 0.461579 412.855 412.827 0.288459 446.16 493.007 0.228358 491.101 371.74 0.590294 471.502 418.674 0.258015 510.641 495.052 0.348913 430.367 242.557 0.173307 430.472 246.53 0.40541 0 0 0 446.071 242.581 0.554645 0
3 111 76 414.8 256.276 0.234954 455.88 277.804 0.620216 448.04 273.924 0.506782 424.563 320.871 0.303801 408.926 352.253 0.269435 461.688 283.705 0.632577 477.392 350.186 0.757978 424.544 367.914 0.804498 475.449 371.717 0.384116 473.497 428.518 0.116431 514.564 500.872 0.166376 479.347 381.541 0.571002 412.765 422.63 0.40491 422.606 506.738 0.129646 0 0 0 416.753 246.544 0.211634 0 0 0 428.528 244.615 0.529843 1
3 111 77 410.792 256.348 0.340595 446.09 279.809 0.638874 442.187 275.873 0.493949 414.815 322.864 0.379895 401.13 363.926 0.343266 448.092 285.631 0.624914 473.416 350.191 0.739204 416.753 371.793 0.742184 471.519 375.676 0.392631 475.455 436.307 0.126467 516.479 504.791 0.175867 473.499 383.476 0.589331 414.764 430.481 0.514677 412.874 524.321 0.266775 0 0 0 412.749 250.402 0.323988 0 0 0 422.601 248.452 0.577518 1
3 111 78 395.194 258.341 0.510428 430.465 287.534 0.61217 422.591 285.6 0.454039 0 0 0 0 0 0 436.328 287.647 0.60842 461.825 350.215 0.723958 405.001 377.634 0.782741 446.111 387.404 0.277303 420.652 451.966 0.0656922 406.952 538.059 0.061844 459.693 399.101 0.471995 414.795 455.879 0.244574 410.884 538.079 0.212737 397.105 252.416 0.0791673 397.217 254.345 0.509451 0 0 0 412.823 250.446 0.572649 1
3 111 79 383.572 258.265 0.504826 422.613 285.658 0.638456 410.824 283.68 0.559643 403.087 334.58 0.0815921 0 0 0 434.328 287.605 0.689722 457.853 350.253 0.74481 397.177 381.529 0.86766 428.484 399.149 0.329787 412.827 477.396 0.0614274 0 0 0 446.025 408.936 0.509453 406.975 481.304 0.198311 410.825 549.789 0.132088 0 0 0 387.437 252.421 0.453049 0 0 0 408.877 248.453 0.579495 1
3 111 80 377.619 256.323 0.266771 414.757 277.82 0.602099 404.997 275.846 0.474832 422.565 338.514 0.0891863 0 0 0 420.673 281.745 0.571611 449.988 352.199 0.633335 389.347 383.45 0.677949 434.369 369.792 0.317274 442.129 430.428 0.123891 479.313 477.367 0.108248 446.139 377.605 0.396502 414.764 432.412 0.209504 399.118 518.494 0.0733122 0 0 0 381.43 248.477 0.266894 0 0 0 391.298 246.538 0.50245 1
3 111 81 365.897 258.249 0.169788 401.134 273.837 0.798706 416.798 271.868 0.696462 428.479 316.928 0.0639977 0 0 0 385.473 275.851 0.687988 383.533 334.56 0.636734 367.846 330.617 0.379372 446.164 367.802 0.63049 430.391 434.366 0.355415 475.379 491.098 0.212645 418.679 373.692 0.627546 354.125 426.557 0.348576 385.429 502.839 0.0930098 0 0 0 365.938 254.359 0.181068 399.163 240.668 0.0846013 373.687 248.49 0.540138 1
3 111 82 359.991 264.143 0.117204 399.201 283.701 0.669671 412.754 279.789 0.532908 387.416 348.261 0.141998 363.905 387.401 0.104423 397.128 287.582 0.668226 406.959 354.107 0.590701 365.851 397.091 0.762589 436.287 383.516 0.549569 414.733 446.127 0.46241 475.484 493.127 0.418047 414.853 387.402 0.599201 350.259 430.5 0.655602 379.535 514.577 0.199032 0 0 0 361.911 258.262 0.13158 0 0 0 367.828 256.265 0.536674 1
3 111 83 352.197 262.196 0.0797751 397.111 285.584 0.726219 410.812 283.679 0.626671 387.405 342.401 0.156566 356.103 320.967 0.279588 383.453 285.645 0.684012 397.187 352.142 0.664799 356.106 397.077 0.755485 434.386 383.429 0.619197 408.876 446.029 0.493437 461.76 487.19 0.361248 416.727 383.537 0.637077 352.17 430.462 0.702361 387.4 522.392 0.243958 0 0 0 352.106 258.295 0.0859021 387.4 252.348 0.0876866 358.071 256.284 0.55844 1
3 111 84 340.41 258.291 0.275277 383.475 281.761 0.57402 387.421 277.822 0.410793 379.543 340.437 0.157704 0 0 0 381.507 287.522 0.634601 395.164 356.061 0.619918 352.196 397.076 0.711395 426.466 385.41 0.427872 377.6 448.07 0.211792 397.166 534.121 0.154164 414.762 393.228 0.621281 350.226 444.062 0.50961 381.492 534.132 0.164818 0 0 0 346.305 254.283 0.260914 0 0 0 356.093 248.502 0.490609 1
3 111 85 324.76 256.336 0.128047 367.898 277.824 0.542391 377.595 273.937 0.391536 363.923 346.301 0.107054 336.626 395.144 0.159284 365.859 283.717 0.540825 379.57 350.273 0.524239 336.626 397.077 0.671911 412.825 393.223 0.365065 379.538 455.882 0.123269 395.217 532.189 0.111438 399.205 395.233 0.512934 340.466 446.036 0.285611 383.498 532.19 0.140327 0 0 0 332.598 248.495 0.117417 0 0 0 344.321 244.559 0.334641 1
3 111 86 320.872 254.286 0.236196 360.011 273.889 0.585887 0 0 0 0 0 0 0 0 0 359.99 275.871 0.496672 381.454 350.226 0.268676 338.491 401.06 0.323025 399.135 383.46 0.30248 379.567 438.255 0.12708 383.498 524.369 0.104125 397.172 393.247 0.489468 336.564 432.428 0.273297 387.418 522.431 0.188631 0 0 0 324.803 244.558 0.231524 0 0 0 336.572 242.631 0.495295 1
3 111 87 316.896 250.413 0.225464 352.187 271.92 0.654571 361.946 268.021 0.411252 340.465 330.635 0.106351 334.485 393.232 0.238658 346.33 273.879 0.566035 365.835 330.644 0.222037 336.48 395.141 0.119026 397.149 365.888 0.366264 385.446 436.287 0.275361 397.124 516.526 0.210335 389.36 371.767 0.497708 375.657 440.233 0.228286 385.459 522.404 0.223765 0 0 0 318.877 242.586 0.260327 0 0 0 328.682 240.713 0.534247 1
3 111 88 301.279 242.7 0.164828 342.381 273.865 0.690752 354.17 271.901 0.56205 0 0 0 0 0 0 332.624 275.871 0.671065 348.239 342.394 0.487833 320.835 391.334 0.588869 381.535 381.541 0.438377 367.818 463.722 0.193969 389.364 534.105 0.163299 367.763 389.346 0.552124 350.206 469.562 0.226883 385.442 536.092 0.145192 0 0 0 303.255 240.57 0.213489 0 0 0 313.074 240.665 0.64273 1
3 111 89 291.556 242.712 0.155547 336.574 273.899 0.770792 358.055 272.003 0.63425 373.705 322.831 0.0864999 0 0 0 320.804 274.008 0.703728 336.47 336.53 0.341653 318.914 383.481 0.404415 369.767 383.459 0.544577 365.914 461.733 0.370097 387.372 530.236 0.231243 348.243 389.331 0.540486 342.404 465.646 0.332189 379.559 538.022 0.145587 0 0 0 297.416 240.625 0.185089 334.555 234.792 0.0682399 305.291 240.629 0.627535 1
3 111 90 289.494 246.525 0.254004 336.479 275.922 0.7461 354.122 273.995 0.645216 369.812 334.567 0.142027 387.405 393.249 0.07302 318.967 279.761 0.697924 328.687 342.427 0.432244 307.149 391.322 0.553043 365.835 385.478 0.573196 365.86 461.774 0.473901 389.328 530.225 0.280807 340.412 391.326 0.572081 330.639 465.644 0.441663 381.548 536.077 0.195617 0 0 0 291.496 240.694 0.277461 0 0 0 305.151 240.717 0.600471 1
3 111 91 283.718 242.577 0.176081 324.777 271.954 0.745055 348.245 268.02 0.620175 0 0 0 0 0 0 305.252 275.9 0.676636 307.175 336.475 0.263785 303.238 391.309 0.225416 365.907 381.467 0.529668 365.84 459.788 0.375845 393.24 530.213 0.29182 342.4 385.446 0.538701 346.308 463.678 0.316868 385.421 536.097 0.196183 0 0 0 287.591 238.639 0.216885 320.841 228.909 0.0872439 299.336 238.649 0.578955 1
3 111 92 272.025 246.495 0.286635 314.968 273.995 0.585146 307.153 273.976 0.351003 299.367 326.739 0.067149 0 0 0 318.94 275.881 0.480148 336.545 330.663 0.223507 285.675 330.626 0.207794 334.552 379.538 0.387924 360.001 459.753 0.284353 387.382 526.308 0.2136 340.457 383.473 0.50689 350.214 461.759 0.417494 377.621 536.062 0.218224 0 0 0 275.851 240.641 0.309582 0 0 0 289.625 242.542 0.561217 1
3 111 93 0 0 0 305.263 273.923 0.876697 334.491 272 0.806514 352.128 320.926 0.373452 365.803 367.771 0.204014 281.709 275.928 0.767144 271.884 324.821 0.574906 268.064 336.476 0.0918982 340.465 367.819 0.641314 350.154 444.099 0.557522 371.726 514.583 0.340708 305.286 367.874 0.650093 291.514 438.248 0.405267 277.849 514.55 0.257663 0 0 0 0 0 0 307.213 240.564 0.210675 275.933 244.567 0.596985 1
3 111 95 254.363 254.296 0.0859604 289.58 273.965 0.59317 311.089 272.005 0.401814 330.662 324.78 0.079073 0 0 0 271.976 275.931 0.45154 256.307 330.63 0.150089 0 0 0 318.947 381.513 0.334238 342.396 461.709 0.208611 377.592 524.386 0.104803 305.269 383.501 0.358794 332.59 461.728 0.20193 381.494 524.379 0.0833444 0 0 0 258.237 244.598 0.086448 289.626 238.68 0.0830195 268.018 242.665 0.3876 1
3 111 96 236.767 240.648 0.385388 273.958 277.802 0.709265 258.239 275.919 0.63586 250.436 330.662 0.145615 0 0 0 289.625 275.929 0.633002 316.927 342.42 0.460793 262.188 373.719 0.220106 277.82 397.127 0.46591 277.856 483.259 0.346031 279.762 551.758 0.142627 303.309 399.125 0.578758 305.191 485.219 0.440772 314.98 569.31 0.199347 0 0 0 240.676 230.854 0.38917 0 0 0 258.312 234.784 0.533852 0
3 111 97 227.012 238.677 0.711572 268.067 273.916 0.654307 256.289 272.012 0.553259 252.365 326.764 0.115905 0 0 0 275.865 273.976 0.717736 289.572 340.448 0.413891 242.641 367.875 0.313626 273.892 393.247 0.442194 273.921 483.242 0.325566 273.972 555.64 0.152049 289.606 397.187 0.584385 289.532 481.325 0.413808 293.491 555.677 0.154039 227.067 227.075 0.0633373 232.831 227.055 0.685448 0 0 0 256.246 230.884 0.759011 0
3 111 98 228.924 238.716 0.135019 258.319 271.964 0.734887 242.592 271.98 0.62129 238.651 320.862 0.114292 0 0 0 273.977 271.963 0.659883 303.257 334.613 0.444206 305.247 389.376 0.368903 266.069 387.428 0.421363 275.885 477.384 0.402651 277.837 547.799 0.208236 277.872 395.227 0.615221 273.958 477.43 0.513169 281.759 549.755 0.272364 0 0 0 238.67 226.915 0.139258 0 0 0 242.622 228.983 0.342667 0
3 111 99 0 0 0 258.248 268.024 0.716937 275.889 264.116 0.604843 303.262 328.682 0.204659 305.275 385.421 0.109019 240.704 271.875 0.672142 228.895 334.477 0.430571 228.911 346.3 0.132255 289.508 381.537 0.606131 273.977 461.696 0.464577 287.558 526.308 0.268405 266.094 383.437 0.580087 260.283 461.79 0.531563 285.598 534.118 0.284328 0 0 0 0 0 0 258.221 223.023 0.166259 226.915 227.016 0.513691 0
3 111 100 0 0 0 242.62 256.245 0.69437 260.236 254.28 0.530243 287.635 313.071 0.185671 301.275 371.768 0.265119 225.04 256.385 0.648998 228.954 316.911 0.226016 230.866 352.258 0.0733339 273.946 367.784 0.567264 260.186 444.174 0.496745 275.868 526.316 0.221079 254.289 367.831 0.568936 240.707 446.091 0.599848 279.79 528.268 0.256096 0 0 0 0 0 0 242.632 211.414 0.136631 211.35 226.904 0.366531 0
3 111 101 207.333 254.283 0.340361 242.59 268.006 0.506952 228.941 266.078 0.339943 0 0 0 0 0 0 256.281 269.949 0.477803 272.011 322.862 0.223493 287.619 377.579 0.174597 246.509 367.839 0.443417 238.699 446.14 0.325388 250.415 532.194 0.14132 266.108 371.773 0.531322 252.412 451.975 0.472596 273.954 528.275 0.258574 197.686 240.549 0.101688 209.368 242.618 0.345878 0 0 0 225.038 236.719 0.34715 0
3 111 102 195.607 242.581 0.0747946 238.674 258.217 0.493239 244.563 256.245 0.372848 0 0 0 0 0 0 0 0 0 0 0 0 0 0 0 262.181 369.763 0.388505 246.529 449.991 0.297005 258.269 526.324 0.228605 256.34 377.626 0.547475 260.205 453.906 0.423878 275.868 526.311 0.282152 0 0 0 197.606 238.646 0.0632235 0 0 0 0 0 0 0
