0 1 253 1074.15 119.409 0.329855 1115.19 164.38 0.422615 1117.16 164.327 0.264144 0 0 0 0 0 0 0 0 0 0 0 0 0 0 0 1097.62 313.051 0.289712 1107.4 414.73 0.460372 1103.53 506.713 0.663302 1105.42 315.015 0.45453 1103.57 412.842 0.437753 1105.42 502.835 0.553453 1074.14 109.57 0.221155 1085.87 115.397 0.343583 0 0 0 1103.51 117.455 0.462643 0
0 1 254 1056.54 117.386 0.475299 1111.27 148.623 0.544119 1105.43 146.721 0.38833 1064.32 180.07 0.112761 0 0 0 0 0 0 0 0 0 0 0 0 1101.54 307.209 0.329392 1101.51 418.677 0.449142 1093.69 510.646 0.424222 1103.45 311.106 0.509638 1038.89 412.734 0.682186 1089.79 510.677 0.570894 0 0 0 1060.42 109.541 0.533862 0 0 0 1081.92 113.474 0.723233 0
0 1 255 1040.96 127.177 0.594101 1107.43 158.482 0.663299 1132.8 152.645 0.522861 0 0 0 0 0 0 1087.76 160.423 0.65148 1038.92 191.665 0.562596 993.945 197.658 0.559178 1119.08 316.963 0.525402 1099.52 422.637 0.653319 1099.59 520.462 0.678209 1078.05 318.846 0.567925 1023.19 401.152 0.794055 1042.8 502.839 0.637466 0 0 0 1046.74 115.399 0.65644 0 0 0 1070.2 115.347 0.796126 0
0 1 256 1019.31 107.626 0.463353 1097.6 154.556 0.545081 1117.2 154.577 0.424363 0 0 0 0 0 0 1078.04 152.642 0.512121 1040.86 191.704 0.463759 994.009 201.543 0.535085 1066.32 311.067 0.311049 1007.56 401.089 0.596891 1009.53 500.838 0.543624 1083.94 314.997 0.482626 1087.93 422.581 0.658189 1099.53 522.419 0.64727 0 0 0 1025.26 99.8314 0.625574 0 0 0 1054.52 113.463 0.724987 0
0 1 257 1013.47 113.446 0.389062 1074.11 148.731 0.502731 1062.39 148.736 0.326261 0 0 0 0 0 0 1085.84 150.658 0.547772 1031.11 193.66 0.403613 991.983 205.466 0.448649 1048.7 311.104 0.563378 993.894 397.218 0.827471 976.245 506.72 0.634499 1087.82 316.95 0.640974 1085.8 418.731 0.782325 1099.54 522.32 0.721769 0 0 0 1021.32 101.8 0.506187 0 0 0 1040.89 111.53 0.557466 0
0 1 258 995.835 119.368 0.442454 1058.52 158.504 0.561298 1081.93 154.585 0.415421 0 0 0 0 0 0 1040.93 162.394 0.561778 1001.74 207.357 0.225119 993.897 207.395 0.218011 1076.09 313.033 0.517457 1081.99 416.77 0.708544 1099.5 516.518 0.700974 1040.87 311.081 0.551772 988.023 399.08 0.763994 956.697 489.097 0.644045 0 0 0 1003.7 113.453 0.523822 0 0 0 1025.27 115.387 0.68966 0
0 1 259 993.928 103.755 0.272781 1036.92 134.994 0.694649 1013.47 138.945 0.548362 993.919 205.434 0.0707436 0 0 0 1054.6 131.169 0.727374 1085.9 162.472 0.737952 1025.22 178.001 0.4861 1017.4 299.367 0.576235 988.024 391.279 0.725502 941.077 477.411 0.748597 1058.5 303.211 0.621539 1070.11 412.81 0.831382 1095.62 508.709 0.784271 0 0 0 1001.74 99.7957 0.252696 0 0 0 1021.3 97.8497 0.397995 0
0 1 260 978.236 107.623 0.193817 1025.28 136.95 0.600277 1009.55 138.935 0.377128 0 0 0 0 0 0 1042.81 134.993 0.5299 1072.11 164.386 0.289044 1027.17 170.226 0.148384 1009.64 303.237 0.577358 974.347 393.277 0.705888 931.256 479.33 0.708315 1052.59 305.192 0.598118 1056.51 412.734 0.822814 1087.94 502.78 0.766202 0 0 0 980.223 99.8037 0.187896 0 0 0 1003.7 101.774 0.322536 0
0 1 261 0 0 0 1040.84 215.259 0.769774 1070.2 219.161 0.756077 1074.15 273.843 0.613316 0 0 0 1013.5 215.231 0.608002 990.017 268.055 0.264377 0 0 0 1044.82 320.919 0.646264 1040.93 403.063 0.776377 1085.84 494.975 0.742451 1005.64 318.937 0.656035 958.658 397.132 0.766085 927.405 483.254 0.722175 0 0 0 0 0 0 1060.44 177.958 0.091804 1019.32 170.204 0.219569 0
0 1 262 931.241 103.702 0.781751 995.896 140.875 0.512425 986.076 135.006 0.385398 952.799 193.647 0.0602213 0 0 0 1001.74 142.789 0.553216 966.526 199.566 0.298227 947.012 160.427 0.375455 1013.5 303.243 0.430317 1025.29 401.114 0.79759 1072.24 491.057 0.764562 995.848 303.248 0.525864 945.067 393.28 0.766881 921.503 481.31 0.697223 0 0 0 933.278 97.7936 0.7762 0 0 0 958.72 97.8361 0.61865 0
0 1 263 931.237 105.702 0.156421 997.805 150.69 0.363387 1031.07 146.707 0.252932 0 0 0 0 0 0 970.453 152.608 0.317757 952.829 244.588 0.169729 0 0 0 1007.57 311.102 0.504352 1009.49 399.186 0.794911 1056.59 479.371 0.707783 972.354 311.065 0.545758 933.273 395.156 0.740892 917.685 479.396 0.712844 0 0 0 933.266 99.8412 0.187871 0 0 0 948.966 101.716 0.264673 0
0 1 264 915.747 101.727 0.254626 966.535 135.027 0.44061 952.822 135.033 0.29421 0 0 0 0 0 0 978.254 134.981 0.38242 958.684 203.485 0.109254 0 0 0 968.488 299.319 0.397726 980.181 393.29 0.727844 1040.96 475.349 0.699501 962.624 301.308 0.548245 925.406 393.249 0.748044 915.619 489.116 0.749827 0 0 0 919.583 97.7653 0.295602 0 0 0 935.227 99.7237 0.512322 0
0 1 265 0 0 0 966.499 133.118 0.47844 995.87 136.945 0.408854 1009.56 187.826 0.0609641 0 0 0 937.141 133.125 0.476842 915.764 185.877 0.10519 0 0 0 968.495 221.073 0.0962027 0 0 0 0 0 0 931.34 213.298 0.136384 0 0 0 0 0 0 0 0 0 0 0 0 991.955 99.7695 0.15738 960.69 95.8806 0.111981 0
0 1 265 0 0 0 962.561 213.241 0.294146 986.072 219.15 0.285712 1009.55 258.366 0.121853 0 0 0 933.305 211.345 0.311728 915.606 254.361 0.113267 905.851 303.281 0.173124 968.457 309.121 0.506056 962.587 389.354 0.713643 1023.26 463.708 0.738692 933.273 309.133 0.543577 915.673 393.281 0.772331 913.748 489.08 0.706709 0 0 0 0 0 0 0 0 0 0 0 0 0
0 1 266 886.344 101.709 0.308206 954.752 131.124 0.622377 978.213 131.005 0.534057 0 0 0 0 0 0 931.299 133.114 0.607343 919.59 197.607 0.135414 0 0 0 962.635 281.763 0.48434 933.3 379.526 0.657383 1003.69 459.757 0.68945 929.355 279.762 0.547833 913.779 383.421 0.76887 913.684 487.197 0.733055 0 0 0 896.071 93.9454 0.368356 0 0 0 915.655 99.6819 0.577132 0
0 1 267 0 0 0 933.252 209.386 0.502292 958.702 209.271 0.379247 1019.34 189.753 0.0714343 1052.55 166.37 0.0809357 909.786 211.307 0.53661 896.048 266.087 0.150137 886.326 303.254 0.167585 958.687 299.351 0.429821 925.464 381.438 0.673144 974.285 446.116 0.742262 913.668 305.243 0.548069 909.807 385.503 0.724499 913.716 489.098 0.747571 0 0 0 0 0 0 0 0 0 915.663 176.042 0.123452 0
0 1 268 0 0 0 929.384 195.666 0.361626 960.584 193.77 0.357867 991.967 193.683 0.23344 1033.04 179.957 0.330055 899.967 197.666 0.357173 0 0 0 0 0 0 952.832 295.421 0.465551 915.622 385.431 0.62294 931.374 467.611 0.451 902.019 301.319 0.580791 901.982 387.431 0.674892 913.763 485.239 0.68404 0 0 0 0 0 0 950.856 156.508 0.0977797 913.707 160.387 0.0828991 0
0 1 269 0 0 0 903.916 205.462 0.525898 929.346 209.277 0.402133 988.029 197.59 0.141028 1027.16 185.851 0.176788 880.451 205.43 0.506515 0 0 0 0 0 0 903.894 316.923 0.505399 907.816 397.221 0.569987 913.735 475.432 0.454142 886.354 316.955 0.56329 899.986 399.145 0.688257 913.716 481.312 0.694189 0 0 0 0 0 0 935.196 162.378 0.161588 884.361 162.408 0.132286 0
0 1 270 0 0 0 909.756 125.232 0.446941 886.311 127.178 0.249388 835.435 150.681 0.0920775 0 0 0 927.382 127.191 0.41185 868.675 160.412 0.124796 853.031 144.758 0.239306 876.492 277.826 0.500616 868.659 381.485 0.664482 882.448 461.727 0.504616 898.05 281.754 0.551347 898.014 383.503 0.736436 913.7 477.348 0.727767 0 0 0 0 0 0 0 0 0 913.728 72.4557 0.110326 0
0 1 272 827.591 88.048 0.136075 878.494 129.084 0.450748 898.026 129.075 0.300198 0 0 0 0 0 0 858.918 131.074 0.382489 880.44 217.19 0.0879817 851.084 271.894 0.0866376 868.721 289.575 0.375401 892.163 395.221 0.266564 913.603 475.474 0.280965 870.631 293.479 0.48157 892.15 393.278 0.44463 913.727 479.36 0.526578 0 0 0 831.503 84.0679 0.174076 0 0 0 849.083 82.1824 0.39999 0
0 1 273 0 0 0 866.776 131.026 0.663992 897.981 131.061 0.600323 917.635 193.691 0.133901 0 0 0 837.345 131.006 0.625313 823.691 195.668 0.0998127 0 0 0 870.654 287.643 0.440191 821.761 381.51 0.705019 788.542 448.096 0.581925 858.902 287.619 0.499126 882.394 389.349 0.680378 913.644 475.39 0.726989 0 0 0 0 0 0 882.362 84.1031 0.133077 837.367 86.0758 0.231875 0
0 1 274 0 0 0 853.128 123.244 0.725254 884.422 123.271 0.664714 898.06 189.76 0.162102 0 0 0 823.669 125.181 0.622274 811.94 176.11 0.197104 0 0 0 866.733 256.35 0.464073 868.78 367.9 0.390839 913.595 469.58 0.546836 833.481 254.352 0.485863 866.751 354.144 0.192123 903.921 461.773 0.0537041 0 0 0 0 0 0 870.627 80.1831 0.14635 823.733 84.0447 0.296651 0
0 1 275 788.378 88.1244 0.633726 841.316 129.076 0.627199 864.755 119.372 0.498267 0 0 0 0 0 0 823.69 133.055 0.658605 813.938 201.552 0.371507 786.502 271.982 0.216713 849.121 271.915 0.437102 862.823 369.761 0.327215 898.016 455.844 0.407864 835.374 273.904 0.568368 860.869 367.851 0.396638 897.976 455.85 0.355155 0 0 0 790.416 84.065 0.703005 0 0 0 810.003 84.1113 0.693229 0
0 1 276 0 0 0 825.662 115.423 0.540862 853.13 115.452 0.482993 864.796 162.462 0.202361 0 0 0 802.108 115.409 0.504458 786.513 160.386 0.110333 0 0 0 827.583 197.591 0.21517 0 0 0 0 0 0 819.745 293.489 0.550178 851.014 381.452 0.401689 886.305 448.023 0.351523 0 0 0 0 0 0 837.432 74.3214 0.0891345 802.137 74.3873 0.156314 0
0 1 276 0 0 0 835.382 205.446 0.215499 0 0 0 0 0 0 0 0 0 831.529 203.504 0.172774 0 0 0 0 0 0 835.387 295.463 0.513864 851.103 381.513 0.456969 886.378 448.09 0.459664 0 0 0 0 0 0 0 0 0 0 0 0 0 0 0 0 0 0 0 0 0 0
0 1 277 772.908 84.0941 0.0892618 811.971 121.3 0.525969 823.735 119.342 0.387049 0 0 0 0 0 0 802.141 129.076 0.637917 790.443 199.6 0.524408 759.104 266.054 0.496321 821.702 266.07 0.477821 821.773 367.771 0.651271 882.371 446.111 0.740153 806.051 269.982 0.577776 790.459 352.237 0.71743 759.151 430.433 0.76078 0 0 0 774.691 70.4904 0.137819 0 0 0 778.7 72.3716 0.66751 0
0 1 278 0 0 0 811.959 187.798 0.195561 847.189 193.74 0.247204 855.045 240.6 0.170836 852.998 277.796 0.173882 0 0 0 0 0 0 0 0 0 806.129 287.552 0.48576 790.458 359.992 0.639222 759.156 428.453 0.469468 792.387 285.646 0.557229 792.397 358.033 0.595464 759.08 430.407 0.508813 0 0 0 0 0 0 831.504 131.04 0.0890319 0 0 0 0
0 1 280 0 0 0 776.807 164.385 0.565948 804.127 164.392 0.450308 825.664 217.188 0.115091 0 0 0 751.331 164.404 0.472429 741.56 221.105 0.20208 0 0 0 794.348 273.86 0.568726 772.775 354.097 0.738064 759.055 430.515 0.780085 772.82 273.874 0.60878 764.986 352.239 0.704406 837.331 428.437 0.795008 0 0 0 0 0 0 790.449 129.11 0.128828 753.26 133.081 0.108292 0
0 1 281 710.18 86.041 0.43174 770.896 105.681 0.539558 798.255 105.631 0.379807 0 0 0 0 0 0 745.415 105.704 0.593063 739.578 191.735 0.46927 723.944 246.528 0.494236 788.536 250.454 0.545184 770.829 338.502 0.70989 759.102 430.403 0.77448 759.139 250.444 0.578264 743.469 336.539 0.747372 804.11 412.877 0.736357 704.361 74.3559 0.0740651 712.103 74.3743 0.404401 0 0 0 729.82 68.543 0.456775 0
0 1 282 0 0 0 745.427 115.414 0.629481 761.121 115.384 0.588589 804.154 135.037 0.354976 0 0 0 729.81 115.48 0.524427 0 0 0 0 0 0 776.724 248.462 0.56389 772.74 334.495 0.731114 766.92 403.017 0.621046 743.457 244.542 0.591845 725.875 322.839 0.802606 761.112 401.086 0.522935 0 0 0 0 0 0 747.411 68.4823 0.148367 727.757 68.4905 0.155904 0
0 1 283 700.502 68.5084 0.0757863 739.542 101.813 0.436221 0 0 0 0 0 0 0 0 0 729.795 101.727 0.374949 725.836 180.011 0.050962 0 0 0 766.952 240.623 0.429407 768.872 332.576 0.501203 761.093 408.909 0.534755 743.449 238.683 0.454031 706.252 316.929 0.656523 743.423 383.53 0.629518 0 0 0 0 0 0 0 0 0 720.004 60.6268 0.184096 0
0 1 284 761.088 50.8712 0.128501 727.82 101.683 0.632285 733.702 99.8376 0.627993 780.685 133.071 0.438566 778.71 93.8748 0.249661 714.158 99.8056 0.53037 0 0 0 0 0 0 763.045 240.644 0.608143 763.084 334.491 0.763862 759.138 430.471 0.765108 721.988 238.696 0.608941 694.486 305.312 0.821213 719.991 395.215 0.649093 757.151 43.0437 0.173469 0 0 0 735.66 52.8259 0.4546 0 0 0 0
0 1 285 680.839 54.7666 0.101548 723.924 97.8292 0.57251 739.531 97.7848 0.493987 759.115 160.421 0.0734423 0 0 0 706.327 99.8323 0.612158 706.299 166.334 0.0875328 0 0 0 757.226 240.616 0.641755 759.113 334.586 0.86822 759.172 432.4 0.769871 708.258 238.715 0.65358 680.918 305.21 0.833989 696.491 381.517 0.720548 0 0 0 680.973 46.9636 0.145995 0 0 0 696.446 50.8343 0.50812 0
0 1 285 804.046 86.0768 0.161585 802.206 107.599 0.386083 813.917 103.769 0.356481 837.387 129.091 0.147978 0 0 0 790.384 113.404 0.29354 0 0 0 0 0 0 819.735 162.398 0.187083 0 0 0 0 0 0 802.187 162.427 0.182153 0 0 0 0 0 0 802.13 84.0965 0.16402 804.014 84.1362 0.119589 800.181 84.2081 0.293321 792.404 86.1032 0.122077 0
0 1 286 0 0 0 725.777 86.0832 0.681599 747.37 78.2608 0.49527 0 0 0 0 0 0 698.459 97.8066 0.68292 694.603 168.237 0.220046 682.814 226.959 0.0684627 755.211 238.7 0.604701 757.128 334.49 0.799893 759.11 432.397 0.731937 700.467 240.605 0.597478 669.179 303.195 0.804394 667.166 383.502 0.706482 0 0 0 0 0 0 720.007 35.2161 0.275498 678.92 46.9632 0.705777 0
0 1 287 0 0 0 712.151 91.9803 0.685704 737.619 86.1432 0.494501 0 0 0 0 0 0 686.768 99.808 0.726181 682.846 170.237 0.280626 673.023 226.947 0.199796 743.435 238.662 0.633727 749.362 326.712 0.735077 759.117 428.442 0.730046 694.497 238.67 0.614504 663.325 301.304 0.832519 649.591 381.578 0.722487 0 0 0 0 0 0 710.171 33.2862 0.448457 667.196 50.8476 0.679485 0
0 1 288 0 0 0 694.604 93.9392 0.633753 714.12 90.0004 0.480995 755.224 154.57 0.0594845 0 0 0 674.979 99.7698 0.686424 678.891 162.431 0.119595 0 0 0 731.726 234.788 0.601217 741.599 320.955 0.820873 759.053 414.756 0.638043 680.917 234.784 0.642574 651.544 305.278 0.818706 628.022 383.549 0.700105 0 0 0 0 0 0 698.466 37.1905 0.401217 663.18 52.8192 0.70377 0
0 1 289 0 0 0 692.627 89.9916 0.711471 714.138 86.0626 0.617763 0 0 0 0 0 0 665.23 99.7238 0.77605 661.252 168.271 0.285234 653.525 228.892 0.159739 725.85 230.875 0.633578 735.637 316.922 0.785069 757.114 397.202 0.751801 674.972 232.83 0.614264 647.601 303.3 0.8373 616.319 381.515 0.732001 0 0 0 0 0 0 690.662 37.1746 0.260588 649.581 52.7802 0.84382 0
0 1 290 631.924 56.7824 0.0943192 680.901 86.0408 0.796335 710.226 76.3323 0.662286 737.594 146.75 0.0615903 0 0 0 653.466 97.7914 0.753313 647.634 166.311 0.467286 643.676 217.176 0.159153 714.15 226.972 0.624931 725.827 311.069 0.789218 753.285 395.193 0.701547 665.172 228.89 0.669628 637.828 303.168 0.808341 616.239 379.523 0.704507 0 0 0 0 0 0 678.824 37.15 0.147429 641.744 50.8431 0.724127 0
0 1 291 0 0 0 667.142 84.035 0.771536 694.52 70.5048 0.680088 725.912 140.887 0.0870767 0 0 0 645.656 89.996 0.732585 637.833 160.378 0.263509 0 0 0 702.362 223.04 0.591352 712.199 307.163 0.807582 745.465 381.559 0.640307 655.424 224.968 0.630987 631.917 301.234 0.780714 612.414 381.467 0.67464 0 0 0 0 0 0 663.168 29.3457 0.335713 626.076 43.0787 0.687165 0
0 1 292 0 0 0 639.777 86.0985 0.69666 649.631 86.0677 0.674859 682.822 142.832 0.339495 708.231 132.996 0.233451 628.049 86.1253 0.713857 651.513 142.821 0.0691046 0 0 0 682.85 217.189 0.591205 696.541 303.273 0.837015 741.497 381.526 0.70014 643.686 217.181 0.610891 618.332 301.24 0.778306 612.374 377.639 0.62356 0 0 0 0 0 0 649.499 27.3809 0.342421 614.319 39.0743 0.553751 0
0 1 293 0 0 0 645.659 72.3719 0.758834 667.186 64.5621 0.621099 696.524 135.002 0.0705286 0 0 0 620.194 84.1845 0.758796 620.247 150.633 0.322989 616.292 209.374 0.0961675 678.87 211.293 0.612532 680.797 299.325 0.824922 723.886 367.839 0.723642 633.958 213.247 0.632391 614.327 295.469 0.778148 602.69 381.507 0.640276 0 0 0 0 0 0 639.781 21.4174 0.342909 602.563 37.1372 0.712492 0
0 1 294 0 0 0 629.989 74.3388 0.638163 651.543 68.4775 0.481023 678.949 136.948 0.138789 0 0 0 604.549 84.048 0.752418 606.488 146.696 0.326967 0 0 0 663.328 207.37 0.61974 663.31 289.66 0.848515 700.451 352.197 0.761927 618.233 211.263 0.658252 608.479 295.415 0.777597 604.62 375.658 0.595205 0 0 0 0 0 0 631.971 17.588 0.155705 592.848 35.1979 0.369533 0
0 1 295 0 0 0 620.194 82.1923 0.647542 647.547 86.1054 0.534114 678.948 142.833 0.15688 0 0 0 596.746 80.2198 0.751495 592.858 152.619 0.497283 588.914 203.488 0.233394 655.445 199.546 0.609538 647.652 283.653 0.82518 686.735 348.286 0.794538 616.381 205.436 0.653675 602.692 289.498 0.797796 606.533 371.749 0.632738 0 0 0 0 0 0 614.275 21.4991 0.0640089 579.121 31.3135 0.364245 0
0 1 296 0 0 0 618.302 99.7644 0.763189 647.673 101.771 0.673334 678.872 150.643 0.385745 0 0 0 594.769 95.8929 0.588804 585.029 162.413 0.327953 584.982 195.619 0.064697 647.675 201.548 0.651997 630.035 275.912 0.799498 673.043 350.142 0.813328 610.424 205.455 0.660778 602.562 287.562 0.73557 606.504 369.763 0.640934 0 0 0 0 0 0 647.52 66.5532 0.207216 600.573 66.4634 0.206949 0
0 1 297 0 0 0 588.952 52.7414 0.778974 620.273 37.1848 0.712155 653.473 103.705 0.114678 0 0 0 557.581 62.5966 0.725611 540.085 125.231 0.563192 538.1 174.149 0.510162 637.823 185.892 0.555355 620.265 275.917 0.725491 655.406 350.229 0.770896 598.686 195.618 0.5892 600.66 287.583 0.774132 606.505 365.926 0.666477 0 0 0 0 0 0 587.049 3.88265 0.483266 553.631 17.5908 0.513564 0
0 1 298 0 0 0 587.017 50.8106 0.757841 616.278 37.1663 0.724727 639.798 99.8018 0.0758654 0 0 0 565.441 60.6481 0.673374 534.128 117.45 0.258407 545.853 162.431 0.159055 622.171 168.269 0.504667 604.563 256.319 0.547151 612.385 350.246 0.452022 579.111 177.995 0.531655 569.365 242.555 0.59972 561.554 303.327 0.626873 0 0 0 0 0 0 585.028 4.83872 0.395329 551.677 15.6018 0.505289 0
0 1 299 0 0 0 583.069 48.8797 0.674802 604.569 37.0942 0.62812 0 0 0 0 0 0 555.727 60.6775 0.659797 532.166 131.051 0.385951 539.977 150.636 0.129426 618.305 154.584 0.563469 602.53 236.742 0.659452 602.549 305.267 0.611216 577.155 162.364 0.545179 575.249 232.801 0.624682 569.403 303.263 0.738056 0 0 0 0 0 0 581.049 4.85114 0.246322 540.094 21.5013 0.527712 0
0 1 300 524.409 21.5832 0.281772 579.137 52.7542 0.736733 602.626 39.1974 0.652117 0 0 0 0 0 0 553.666 62.5844 0.748528 538.084 133.104 0.59821 522.409 199.588 0.459082 618.227 158.464 0.504201 612.407 225.017 0.327605 600.572 289.521 0.279387 577.213 164.407 0.514189 584.929 234.8 0.482031 573.296 303.279 0.301905 0 0 0 0 0 0 584.888 4.83766 0.0538069 539.992 15.6217 0.502603 0
0 1 301 0 0 0 569.295 48.9459 0.79396 592.843 37.1591 0.678106 0 0 0 0 0 0 540.07 62.6014 0.784865 530.217 133.081 0.666754 508.696 199.604 0.606886 614.369 142.819 0.516269 584.996 248.457 0.568601 590.85 330.655 0.476086 569.398 166.34 0.592728 571.31 254.31 0.679839 571.347 332.601 0.563168 0 0 0 0 0 0 555.735 4.85369 0.26441 524.277 21.4165 0.655972 0
0 1 302 0 0 0 563.513 54.7311 0.834504 598.689 45.0164 0.733693 624.155 101.779 0.62344 632.029 156.535 0.613431 530.21 66.5136 0.786748 516.543 138.906 0.707269 502.811 197.645 0.766333 614.319 166.32 0.639994 579.113 258.251 0.540175 555.613 322.86 0.386568 567.361 181.948 0.681848 571.243 258.332 0.677322 598.661 334.608 0.52341 0 0 0 0 0 0 551.727 4.85126 0.32144 512.651 21.4691 0.668681 0
0 1 303 0 0 0 547.819 52.8201 0.791223 573.262 39.1716 0.695026 600.6 93.9455 0.110061 0 0 0 520.47 66.4651 0.790831 508.754 133.016 0.615602 493.001 178.062 0.304112 586.951 174.11 0.551716 563.502 262.193 0.465285 536.063 318.903 0.411177 553.743 181.943 0.564003 557.677 260.215 0.552939 602.594 340.455 0.425793 0 0 0 0 0 0 538.073 4.851 0.295965 506.769 21.4186 0.668299 0
0 1 304 491.077 25.4353 0.344411 540 52.8085 0.792817 569.309 41.0902 0.645725 598.71 95.8778 0.118711 0 0 0 510.633 64.5476 0.804244 502.801 135.046 0.680447 485.19 193.768 0.652967 585.003 181.955 0.499058 541.948 268.064 0.345048 522.327 311.075 0.203166 545.903 189.765 0.541933 571.316 273.888 0.462034 600.676 336.506 0.343942 0 0 0 491.136 21.4302 0.365053 536.065 4.84185 0.139692 504.769 19.4751 0.648318 0
0 1 304 586.967 68.4059 0.0997377 616.298 74.3685 0.584689 628.004 72.4008 0.544081 0 0 0 0 0 0 604.623 82.1309 0.610175 604.593 111.522 0.18812 586.899 101.835 0.0813445 635.881 148.684 0.624771 645.601 215.2 0.6426 659.337 273.879 0.688259 616.357 148.777 0.683964 602.582 211.356 0.49564 598.616 264.128 0.293035 0 0 0 588.88 56.7584 0.106466 622.198 27.3921 0.0850394 602.602 39.1062 0.341783 0
0 1 305 479.356 17.614 0.0926275 534.145 54.7832 0.793201 565.459 50.8544 0.64601 600.662 101.822 0.305794 0 0 0 500.88 62.6125 0.763612 491.099 133.076 0.781598 477.344 193.68 0.801934 573.261 176.101 0.573366 561.552 268.051 0.38097 594.785 336.532 0.265147 534.082 181.998 0.611883 528.312 269.995 0.548267 506.765 338.492 0.45862 0 0 0 0 0 0 524.436 4.84936 0.19032 493.022 15.6456 0.555738 0
0 1 305 632.026 37.1388 0.0579719 610.408 60.641 0.671588 629.941 64.5271 0.608233 0 0 0 0 0 0 588.933 58.734 0.606612 590.874 103.731 0.0863454 0 0 0 635.914 154.589 0.595973 649.574 221.078 0.721611 661.255 273.996 0.668452 610.404 156.543 0.597253 604.558 219.127 0.57635 592.806 271.976 0.488019 631.86 29.3802 0.0996613 0 0 0 622.148 31.2873 0.487416 600.699 23.5387 0.200992 0
0 1 306 475.316 3.88974 0.132388 524.311 50.9048 0.82674 555.599 41.0671 0.657421 581.097 109.562 0.149587 0 0 0 491.134 56.7553 0.834551 481.279 131.049 0.7306 475.415 185.884 0.728828 561.556 176.084 0.60114 543.918 262.156 0.497702 586.938 328.678 0.397414 524.331 179.976 0.679989 522.456 268.005 0.67273 508.653 340.433 0.547909 0 0 0 0 0 0 522.411 4.84262 0.16488 0 0 0 0
0 1 307 0 0 0 510.675 70.3987 0.531803 539.999 76.2861 0.476909 567.308 121.325 0.279509 0 0 0 481.325 58.7072 0.508506 475.345 131.096 0.375863 477.361 176.073 0.4137 539.997 178.038 0.621527 522.443 252.411 0.64979 508.782 311.111 0.480947 510.645 179.984 0.604071 524.282 252.354 0.598195 571.381 316.942 0.397002 0 0 0 0 0 0 536.017 37.0695 0.117947 481.286 19.5324 0.200693 0
0 1 308 0 0 0 502.801 64.541 0.217891 532.185 66.4977 0.15864 0 0 0 0 0 0 475.393 60.6668 0.143211 469.537 129.135 0.0794288 0 0 0 536.039 168.256 0.303109 512.586 254.355 0.328964 522.31 320.871 0.169156 508.641 177.984 0.365243 510.671 256.288 0.492186 575.233 316.934 0.615209 0 0 0 0 0 0 0 0 0 0 0 0 0
0 1 309 0 0 0 485.199 66.5197 0.375865 0 0 0 0 0 0 0 0 0 467.608 54.8054 0.195872 0 0 0 0 0 0 514.571 176.103 0.536528 506.805 256.285 0.646472 536.095 313.033 0.301828 496.959 178.05 0.528035 493.083 256.368 0.663247 555.695 307.192 0.631139 0 0 0 0 0 0 0 0 0 0 0 0 0
0 1 310 0 0 0 481.317 25.4301 0.551308 506.705 21.5978 0.486759 541.945 86.1115 0.217022 540.011 133.066 0.0911264 459.787 35.2264 0.583524 461.751 101.709 0.132902 475.415 136.984 0.0510758 520.445 150.686 0.534976 508.721 234.803 0.655337 524.31 301.319 0.408994 491.129 156.553 0.574581 489.159 242.582 0.632644 532.169 301.259 0.419152 0 0 0 0 0 0 0 0 0 459.828 4.86071 0.0925134 0
0 1 313 0 0 0 459.811 66.4565 0.374111 479.399 64.5279 0.398468 518.449 101.787 0.566078 508.777 66.5435 0.430321 440.216 70.4596 0.277781 0 0 0 0 0 0 502.797 146.787 0.612219 502.835 219.145 0.590219 508.638 275.919 0.505523 475.498 148.723 0.558839 491.036 217.178 0.49779 495.005 272.002 0.367358 0 0 0 0 0 0 479.328 23.5206 0.159085 0 0 0 0
0 1 314 0 0 0 446.142 68.4705 0.669845 469.563 68.4545 0.577065 506.793 99.8491 0.428949 495 60.6575 0.164682 428.428 70.4341 0.566761 0 0 0 0 0 0 493.001 154.594 0.654549 494.99 223.049 0.723118 506.658 273.944 0.587083 461.666 160.383 0.586405 461.72 223.062 0.475149 463.675 283.692 0.211764 0 0 0 0 0 0 461.678 29.326 0.297589 428.389 37.1156 0.061313 0
1 111 291 538.055 23.4884 0.195914 510.672 54.8064 0.599627 520.393 54.8041 0.505306 496.978 103.712 0.191032 492.982 150.67 0.215621 504.799 54.7893 0.465287 0 0 0 0 0 0 522.371 160.449 0.629553 540.105 225.014 0.697491 555.73 283.669 0.697459 508.633 160.418 0.605092 504.807 222.998 0.518444 498.908 271.909 0.281829 534.162 21.4487 0.233478 0 0 0 522.464 23.4248 0.398697 0 0 0 0
1 111 292 540.038 25.4288 0.635456 522.465 58.7127 0.713198 510.656 60.6323 0.73328 506.687 115.356 0.559837 506.744 160.398 0.563429 536.049 56.7939 0.621194 0 0 0 0 0 0 524.441 162.343 0.66629 553.654 226.906 0.607584 567.323 287.596 0.586768 537.998 160.388 0.543425 514.566 224.929 0.363812 508.693 281.725 0.210013 537.956 21.4999 0.672392 540.036 19.4643 0.229213 522.359 21.5941 0.652057 0 0 0 0
1 111 293 547.807 23.5738 0.664937 530.194 58.7354 0.707224 516.494 64.5408 0.756308 508.772 117.348 0.658341 508.75 162.37 0.62397 542.009 54.8849 0.642583 0 0 0 0 0 0 536.097 162.326 0.682626 557.592 225.018 0.600559 565.437 287.613 0.678156 551.735 158.463 0.570172 522.424 217.177 0.347301 496.938 260.196 0.25186 539.971 21.5098 0.766975 549.787 17.6219 0.296867 524.337 25.4345 0.61437 0 0 0 0
1 111 294 0 0 0 540.053 64.5929 0.77265 557.615 66.4885 0.642086 0 0 0 0 0 0 524.278 66.4691 0.834269 520.429 117.335 0.683041 510.648 162.315 0.557398 559.535 160.457 0.692219 565.395 227.006 0.72439 567.327 291.517 0.792423 534.132 162.409 0.688137 524.376 226.946 0.664613 526.323 289.566 0.423898 0 0 0 0 0 0 553.708 27.4158 0.338321 524.321 25.4778 0.183131 0
1 111 295 0 0 0 553.757 68.5469 0.858368 573.339 70.4255 0.698344 592.829 121.32 0.0821381 0 0 0 528.308 68.4183 0.835242 524.423 117.49 0.773441 524.278 166.296 0.726523 571.388 162.335 0.716197 569.435 226.984 0.714212 569.249 289.566 0.764956 540.028 162.398 0.724034 539.94 226.905 0.532985 541.989 287.555 0.242722 0 0 0 0 0 0 567.356 37.1298 0.404291 539.99 35.1969 0.418595 0
1 111 296 0 0 0 555.672 64.5861 0.666638 583.023 68.4512 0.546909 0 0 0 0 0 0 536.076 64.5268 0.618572 526.327 113.431 0.450497 524.404 152.638 0.445425 573.243 154.54 0.56876 573.255 225.001 0.405995 569.416 285.653 0.363288 541.995 154.569 0.574475 551.746 224.994 0.313345 555.692 287.65 0.238758 0 0 0 0 0 0 571.292 25.4996 0.343441 541.99 23.4385 0.377401 0
1 111 306 0 0 0 618.211 70.5369 0.917948 645.623 70.4496 0.784185 651.547 117.387 0.226879 0 0 0 592.861 74.3472 0.805035 596.705 127.16 0.631065 588.941 177.983 0.385967 647.639 164.292 0.771355 661.269 228.896 0.773192 663.265 301.278 0.779432 612.391 164.434 0.714607 606.499 227.037 0.681349 590.845 279.781 0.452488 0 0 0 0 0 0 633.91 35.1984 0.690427 604.532 31.3272 0.358111 0
1 111 307 0 0 0 622.206 72.4043 0.805275 651.495 72.3822 0.781419 665.151 121.341 0.355436 665.246 162.362 0.100007 598.734 74.33 0.791684 596.71 132.981 0.669588 594.753 180.029 0.594859 655.402 176.053 0.711831 665.23 242.562 0.803669 663.229 305.302 0.791165 616.264 178.012 0.773562 612.385 240.69 0.662091 583.052 279.788 0.413992 0 0 0 0 0 0 643.674 35.2177 0.583652 616.288 31.3325 0.313317 0
1 111 308 0 0 0 631.953 72.4398 0.806352 661.256 72.4195 0.759575 671.09 127.188 0.374007 669.153 164.358 0.0943878 602.675 76.3082 0.698748 596.749 138.905 0.667669 600.623 181.927 0.740805 663.282 180.057 0.751551 665.292 254.3 0.752981 663.236 316.984 0.771711 618.349 181.951 0.736261 612.4 244.534 0.630413 0 0 0 0 0 0 0 0 0 649.57 35.2296 0.605462 618.343 33.2481 0.401876 0
1 111 309 651.549 44.9854 0.728501 637.848 70.5 0.785982 616.249 72.4608 0.776363 602.537 133.01 0.78336 604.593 179.985 0.747647 665.169 70.3831 0.794874 674.976 117.432 0.337983 680.85 156.55 0.303641 635.849 178.034 0.709495 655.407 238.707 0.587275 608.461 271.987 0.363652 667.214 174.134 0.686879 669.146 240.657 0.673358 663.353 305.209 0.740988 647.655 39.0545 0.825546 659.371 37.2633 0.748719 632.038 37.2191 0.728102 0 0 0 0
1 111 310 663.183 45.0078 0.648969 645.599 70.4543 0.756679 618.368 72.4172 0.555629 604.566 131.085 0.536235 610.453 178.09 0.537567 667.156 68.5065 0.533784 0 0 0 0 0 0 655.444 179.943 0.547496 669.131 242.62 0.601674 663.337 314.989 0.66744 651.548 178.026 0.451449 633.956 236.767 0.408401 618.228 297.388 0.416798 655.404 39.0641 0.699981 665.18 37.2 0.675017 635.949 37.1042 0.661629 0 0 0 0
1 111 311 665.309 44.9741 0.672593 649.58 72.3947 0.871981 626.11 74.3877 0.767185 610.423 131.099 0.77394 614.387 185.871 0.730501 678.832 70.4572 0.834246 682.843 121.279 0.280346 692.582 160.455 0.182071 647.529 178.056 0.738698 649.512 242.641 0.681411 639.787 305.266 0.575188 678.847 176.056 0.734936 671.058 242.589 0.694103 663.301 307.19 0.737561 663.197 37.25 0.730946 671.121 37.1954 0.663043 647.55 37.1621 0.756204 0 0 0 0
1 111 312 0 0 0 653.46 70.4805 0.873474 680.862 70.433 0.886776 694.503 123.297 0.56171 690.652 160.397 0.245981 630.001 70.5412 0.83529 616.289 131.078 0.824613 616.291 179.999 0.762157 676.909 176.057 0.701601 667.174 240.686 0.636495 659.325 307.218 0.547715 639.816 176.08 0.666666 647.594 240.59 0.554578 653.492 307.198 0.469278 0 0 0 0 0 0 676.915 37.0854 0.687519 645.676 33.2684 0.415848 0
1 111 313 0 0 0 661.266 72.388 0.841607 684.768 72.4516 0.773273 696.597 131.048 0.663313 694.571 164.325 0.466848 633.82 72.3717 0.841881 618.238 131.05 0.775137 616.317 180.03 0.719336 674.967 178.088 0.700337 669.146 246.497 0.676616 663.239 320.818 0.801192 639.761 177.998 0.674321 645.647 242.593 0.477259 635.889 269.971 0.266088 0 0 0 0 0 0 680.84 37.0879 0.637954 649.507 35.1849 0.376289 0
1 111 314 692.553 41.0986 0.231584 665.216 78.2311 0.761452 637.83 80.1818 0.534957 620.289 133.118 0.579239 618.356 183.927 0.54382 694.459 78.223 0.526765 696.568 133.079 0.357728 696.432 176.015 0.328826 661.323 185.867 0.569821 673.045 254.312 0.604317 663.276 320.907 0.710987 676.951 182.004 0.492433 665.166 248.478 0.420909 663.226 316.977 0.416488 684.791 37.1881 0.261997 0 0 0 678.916 37.2091 0.563911 0 0 0 0
1 111 315 0 0 0 667.227 80.1924 0.804139 696.475 82.1885 0.806435 710.21 136.935 0.672423 696.612 180.007 0.496966 645.673 76.3303 0.718201 629.95 131.131 0.717567 622.216 183.892 0.683019 678.822 183.921 0.649869 673.076 256.234 0.645384 665.305 322.862 0.679297 651.563 181.984 0.575436 671.101 254.373 0.590786 667.144 320.951 0.619131 0 0 0 0 0 0 692.605 39.0995 0.668064 663.166 37.0719 0.319832 0
1 111 316 0 0 0 676.989 82.1921 0.890968 702.431 84.0748 0.840187 712.274 142.837 0.762053 706.331 182.009 0.605636 649.48 82.1128 0.846246 631.931 133.137 0.843467 629.953 189.742 0.744911 682.892 185.851 0.700252 678.867 252.402 0.655051 675.012 320.921 0.658681 651.539 181.979 0.688131 667.188 252.371 0.600587 665.232 320.86 0.63449 0 0 0 0 0 0 696.516 39.2043 0.643604 665.137 39.1335 0.545956 0
1 111 317 698.459 54.789 0.336223 680.814 84.1358 0.878543 651.571 84.0576 0.800216 633.85 140.86 0.825386 631.92 193.687 0.846411 710.136 86.0467 0.838609 714.183 142.809 0.672499 710.245 181.998 0.696537 661.26 191.688 0.695651 678.961 258.204 0.711447 696.494 332.548 0.782725 692.553 191.712 0.676807 667.151 258.226 0.656517 663.331 320.962 0.694706 694.591 48.887 0.319699 698.534 46.9935 0.212828 680.901 45.0278 0.527149 0 0 0 0
1 111 318 706.275 54.8487 0.361164 682.827 86.1666 0.846796 657.418 86.0236 0.813262 635.91 146.735 0.833209 633.885 195.728 0.853351 712.11 88.1055 0.817233 718.022 148.748 0.687801 712.099 193.705 0.700967 663.198 201.5 0.698516 674.994 285.626 0.45663 684.793 334.547 0.307316 692.638 203.46 0.672867 680.89 287.569 0.467523 712.245 361.944 0.465504 698.511 50.8233 0.365071 710.142 50.8249 0.263049 680.938 50.8296 0.555303 0 0 0 0
1 111 319 712.106 58.6945 0.136397 686.734 90.0256 0.754885 663.165 89.9696 0.755735 643.698 148.769 0.74051 635.868 201.556 0.711823 712.163 93.8764 0.745847 723.91 158.488 0.5638 712.162 199.594 0.568051 665.23 207.421 0.669298 663.298 287.605 0.489797 690.656 332.612 0.404122 692.625 207.422 0.633638 692.642 291.524 0.532381 712.13 356.109 0.533659 708.222 52.7978 0.135321 0 0 0 704.353 52.7606 0.488888 682.872 50.8662 0.190533 0
1 111 321 712.227 72.4247 0.502493 694.643 97.811 0.821053 667.158 99.7219 0.820979 649.545 156.508 0.768906 647.521 209.315 0.725377 725.778 97.7752 0.773501 727.906 148.713 0.570982 727.891 195.629 0.486512 678.922 201.521 0.631299 680.88 266.075 0.42206 678.929 313.078 0.339667 710.212 199.579 0.616434 694.584 273.884 0.362433 712.222 359.962 0.30764 710.229 68.454 0.528575 716.118 66.501 0.225554 694.561 64.534 0.645795 0 0 0 0
1 111 322 723.836 76.2968 0.381937 694.569 103.673 0.733663 675.019 101.803 0.702213 655.409 162.305 0.680912 647.669 209.255 0.656574 716.071 101.795 0.574443 727.84 148.749 0.231036 737.572 185.854 0.172315 690.64 207.332 0.555094 698.451 268.06 0.555223 708.213 342.369 0.539165 712.188 203.483 0.570939 696.54 264.159 0.515091 708.197 342.353 0.483306 718.023 70.3867 0.43765 0 0 0 702.381 68.4912 0.600418 0 0 0 0
1 111 323 721.952 70.4876 0.134227 698.54 101.779 0.715193 678.819 101.819 0.752785 657.397 162.412 0.753435 649.612 211.328 0.749211 727.779 99.8547 0.656629 735.654 150.628 0.135727 741.453 191.688 0.121936 694.542 209.366 0.678087 704.346 273.863 0.647878 710.227 348.224 0.728007 723.855 209.292 0.628773 704.364 271.957 0.589341 696.527 334.544 0.495542 712.237 66.5158 0.144538 0 0 0 704.349 68.3876 0.347929 0 0 0 0
1 111 324 0 0 0 710.119 101.748 0.782864 735.677 101.724 0.67702 745.438 154.587 0.29848 741.545 193.75 0.190033 678.959 101.78 0.773853 663.191 162.438 0.734066 653.487 211.361 0.670883 729.754 207.416 0.655775 708.285 273.917 0.568778 704.332 342.388 0.518463 696.529 209.354 0.660006 698.467 273.936 0.667602 706.278 348.198 0.673077 0 0 0 0 0 0 725.891 66.5129 0.290735 694.572 62.6325 0.383315 0
1 111 325 723.886 68.4874 0.458019 710.296 99.8208 0.876261 680.926 101.711 0.864958 665.191 162.341 0.846674 657.354 211.367 0.720465 741.453 99.7402 0.822108 751.293 148.66 0.531046 753.237 191.676 0.52032 696.517 207.357 0.733608 706.281 273.931 0.74101 710.183 340.475 0.803568 735.624 205.403 0.686549 739.561 271.863 0.761478 708.282 291.515 0.405482 714.154 60.6676 0.417255 725.876 56.795 0.318596 702.36 60.6719 0.509485 0 0 0 0
1 111 326 729.774 66.4758 0.196056 712.23 101.74 0.84328 684.774 101.824 0.777911 665.253 162.465 0.864772 661.314 211.381 0.744937 743.434 99.8641 0.767661 757.126 148.777 0.501194 755.179 189.754 0.513119 696.555 209.37 0.751938 706.288 277.858 0.705971 710.312 340.476 0.750675 737.603 209.313 0.736041 743.548 271.911 0.879646 714.16 303.245 0.706898 725.865 54.8529 0.21805 729.781 56.7376 0.0835596 710.247 58.7135 0.463524 0 0 0 0
1 111 327 733.714 66.5542 0.236216 714.163 101.84 0.782141 686.724 107.626 0.740466 665.316 166.304 0.799545 663.28 219.098 0.759024 743.544 99.858 0.736898 759.098 150.691 0.393075 753.247 195.593 0.429451 698.49 211.352 0.728634 708.2 285.668 0.754853 712.166 350.208 0.770544 741.504 211.251 0.760116 753.246 273.967 0.832335 721.943 318.839 0.7192 727.812 56.7823 0.250613 737.595 54.8798 0.103725 710.2 64.524 0.463019 0 0 0 0
1 111 328 0 0 0 721.952 103.703 0.754663 755.175 101.736 0.722415 763.036 160.405 0.278291 755.159 195.57 0.155954 690.642 107.609 0.747506 669.111 168.257 0.775098 663.326 224.907 0.817672 743.498 211.274 0.745094 755.207 277.849 0.781137 727.866 332.564 0.690284 698.541 211.269 0.746215 708.285 287.509 0.782151 712.14 350.256 0.794648 0 0 0 0 0 0 735.619 70.4159 0.330809 704.322 70.49 0.408049 0
1 111 329 708.275 68.5096 0.250639 723.868 107.613 0.760451 692.571 111.514 0.761786 671.089 166.347 0.793973 663.315 223.007 0.853263 755.219 103.709 0.725091 764.995 166.281 0.587187 755.229 205.417 0.562307 702.41 213.272 0.719286 710.13 287.633 0.863117 712.105 354.194 0.822977 745.439 211.34 0.746672 757.134 287.579 0.876493 743.431 356.088 0.813716 700.473 60.6436 0.216765 712.203 60.6257 0.203456 698.473 68.448 0.229106 723.885 68.4471 0.155778 0
1 111 330 710.273 68.5574 0.358158 725.881 111.549 0.769459 694.595 115.378 0.781889 674.963 170.196 0.779211 665.141 223.075 0.864898 757.22 105.627 0.678311 772.743 179.989 0.598712 741.502 203.451 0.565008 704.371 213.262 0.7163 710.172 287.535 0.834314 712.129 354.129 0.81642 745.506 213.231 0.723647 757.204 287.548 0.862082 753.259 354.145 0.732219 706.326 66.4648 0.307919 712.258 66.446 0.227624 696.604 68.5609 0.293853 725.912 70.4386 0.0898823 0
1 111 331 708.25 80.2489 0.0670236 727.83 117.346 0.840181 696.581 117.397 0.800179 676.884 172.153 0.763886 665.14 223.048 0.842623 761.057 115.426 0.74051 774.823 191.69 0.686633 741.55 197.646 0.530713 708.255 219.112 0.722239 710.273 287.637 0.830775 712.128 356.07 0.799838 753.22 219.114 0.718054 759.128 287.671 0.856876 761.087 352.226 0.75396 704.345 68.4665 0.0686444 0 0 0 712.135 74.4 0.0985681 0 0 0 0
1 111 332 708.189 78.2865 0.300102 727.923 117.35 0.83198 698.442 117.479 0.811431 676.97 177.992 0.846578 665.161 226.887 0.868401 764.977 115.418 0.749273 778.665 174.114 0.695953 766.936 213.3 0.633965 712.084 223.027 0.78092 712.186 289.591 0.853386 712.146 363.943 0.84707 757.086 223.054 0.752379 759.224 293.455 0.809234 763.017 361.974 0.742961 698.551 70.5116 0.246889 710.172 70.4901 0.329311 708.263 74.3342 0.0791499 718.05 72.3926 0.303669 0
1 111 333 0 0 0 741.439 115.51 0.861362 772.848 117.32 0.852357 784.519 177.983 0.689555 759.151 215.223 0.479797 708.207 117.336 0.819422 678.939 178.037 0.838861 667.233 226.956 0.804155 759.142 226.948 0.745328 763.038 303.223 0.823308 770.895 365.865 0.742708 714.143 224.953 0.703413 712.27 295.416 0.792959 712.122 365.811 0.871517 0 0 0 0 0 0 761.087 80.1849 0.205615 716.073 76.2807 0.411593 0
1 111 334 716.065 84.0759 0.208352 739.511 121.322 0.751781 708.214 123.242 0.776416 682.809 178.057 0.863398 671.116 226.968 0.808135 772.799 119.375 0.728614 786.504 174.11 0.652429 778.692 213.295 0.574779 719.968 226.933 0.707363 714.104 295.455 0.812425 710.292 358.05 0.832428 761.116 226.903 0.759699 768.887 303.227 0.802235 772.747 365.859 0.803572 710.297 72.442 0.203478 716.105 72.369 0.184324 710.259 80.184 0.260589 723.928 74.3271 0.203469 0
1 111 335 0 0 0 743.581 129.074 0.852703 778.735 129.076 0.78666 794.324 180.006 0.652124 790.451 215.236 0.501796 712.199 129.063 0.82714 688.663 180.059 0.829832 675.029 228.945 0.809528 772.724 234.784 0.737955 772.731 307.184 0.810059 772.865 377.601 0.791537 723.951 234.768 0.721167 718.016 301.3 0.797936 712.119 358.067 0.840682 0 0 0 0 0 0 759.219 91.9534 0.249165 725.928 86.0967 0.422303 0
1 111 336 0 0 0 753.232 131.163 0.836233 786.5 131.148 0.828268 800.175 191.689 0.618875 786.549 225.03 0.355224 720.005 131.171 0.789797 692.626 183.928 0.798054 678.913 232.865 0.801264 774.719 240.635 0.736334 772.915 307.246 0.810525 772.859 381.485 0.824809 727.856 238.685 0.747183 721.982 303.271 0.832264 712.153 363.863 0.85537 0 0 0 0 0 0 763.074 101.72 0.180975 727.791 91.9756 0.36765 0
1 111 337 0 0 0 755.249 133.054 0.847779 788.514 133.06 0.80675 804.18 195.694 0.641177 790.411 230.878 0.32042 723.844 133.014 0.795947 696.444 187.803 0.805041 680.894 236.703 0.803087 774.849 242.645 0.722908 778.689 316.96 0.761165 774.889 395.158 0.765982 729.771 240.637 0.732243 725.927 305.256 0.836723 712.157 359.996 0.801407 0 0 0 0 0 0 759.141 99.8321 0.246936 725.938 99.7795 0.424759 0
1 111 338 0 0 0 759.114 133.076 0.875814 792.402 133.124 0.784056 806.168 193.733 0.656121 804.111 227.043 0.4835 725.904 133.039 0.836186 696.608 189.81 0.782471 684.752 238.645 0.771209 776.808 244.611 0.711236 784.553 320.808 0.811115 774.739 399.089 0.872757 733.683 242.584 0.710266 731.733 313.062 0.791513 714.147 365.81 0.731527 0 0 0 0 0 0 780.651 99.756 0.296942 741.517 99.7602 0.416414 0
1 111 339 0 0 0 766.933 133.079 0.800194 802.161 134.974 0.774507 813.941 193.672 0.587505 804.068 228.921 0.400862 731.724 133.027 0.749895 700.475 191.712 0.648982 694.543 240.57 0.65048 786.504 248.473 0.698641 788.368 320.895 0.824983 774.737 399.186 0.85622 741.496 242.655 0.718424 741.465 316.943 0.831783 725.799 367.852 0.695764 0 0 0 0 0 0 788.432 91.9877 0.282713 745.491 97.8019 0.35071 0
1 111 340 0 0 0 768.883 133.089 0.69125 802.201 134.977 0.621454 817.859 191.691 0.549781 798.274 236.761 0.359675 735.669 133.083 0.513831 712.166 193.626 0.288011 696.557 240.67 0.167383 788.44 252.358 0.644642 788.423 320.928 0.828951 774.748 401.064 0.813656 745.401 244.613 0.648581 743.562 318.996 0.885865 733.661 383.423 0.695794 0 0 0 0 0 0 761.082 97.8256 0.20688 745.46 99.7169 0.189199 0
1 111 341 778.718 101.812 0.313428 772.814 133.114 0.838299 739.512 133.06 0.809078 710.148 191.703 0.840922 694.64 238.718 0.855433 806.098 133.146 0.777561 821.66 183.924 0.710644 817.748 227.033 0.609438 745.488 242.608 0.745204 753.259 318.939 0.843523 741.439 383.508 0.801643 790.523 244.542 0.754001 788.449 320.964 0.863414 774.802 399.218 0.805224 774.768 95.8378 0.287897 788.447 95.8666 0.287074 759.145 97.8002 0.358688 796.316 93.944 0.202898 0
1 111 342 778.714 101.766 0.517702 772.867 136.937 0.824987 741.44 135.036 0.829433 710.212 191.734 0.882181 694.65 238.695 0.851335 806.156 138.919 0.785066 821.731 191.728 0.724975 809.996 234.785 0.579762 751.304 248.502 0.69178 757.121 320.814 0.822584 743.474 383.513 0.819489 792.389 252.363 0.744424 788.476 322.872 0.83222 774.766 399.09 0.821641 772.854 95.8631 0.469746 788.484 95.8495 0.455108 757.188 99.7193 0.591068 802.181 95.8701 0.303171 0
1 111 343 786.54 103.676 0.290221 774.785 142.777 0.816325 741.543 138.928 0.793855 712.116 193.609 0.867334 696.569 238.691 0.843787 809.987 144.763 0.764938 823.683 195.636 0.69852 804.128 240.637 0.608021 753.238 252.409 0.677307 759.108 326.747 0.767732 753.284 401.135 0.698456 792.421 254.35 0.726493 788.481 330.645 0.823019 772.865 401.107 0.792814 778.726 97.7732 0.273603 790.495 97.7928 0.248292 761.147 99.8032 0.411991 802.104 101.699 0.134602 0
1 111 344 794.358 101.817 0.418282 776.767 146.718 0.844571 743.44 144.723 0.830372 712.157 193.701 0.904921 696.597 240.564 0.867457 815.84 148.658 0.803582 823.683 207.339 0.611948 804.147 238.654 0.501255 755.183 256.238 0.724707 759.2 330.616 0.776889 757.247 399.184 0.730709 794.39 256.301 0.729331 788.487 330.679 0.823676 774.707 399.181 0.828357 790.393 97.7746 0.418706 804.051 99.6856 0.372877 772.79 99.773 0.477855 806.132 101.724 0.0974168 0
1 111 345 794.337 109.549 0.122935 776.785 148.669 0.781018 743.461 146.76 0.774922 712.223 195.621 0.84095 698.486 240.6 0.828613 817.763 148.712 0.730639 825.689 203.467 0.406842 817.823 240.71 0.365053 755.211 258.244 0.695648 761.15 334.612 0.740887 765.021 412.813 0.648584 794.355 258.325 0.674728 786.544 336.507 0.77212 772.803 412.826 0.711164 788.452 101.725 0.135616 800.201 101.757 0.106118 774.786 103.703 0.214535 798.26 113.465 0.078877 0
1 111 346 802.111 111.549 0.184347 776.758 148.637 0.829407 743.405 146.82 0.826018 714.149 195.75 0.80826 706.268 240.681 0.839164 815.898 146.8 0.755314 831.535 197.67 0.583177 819.855 242.678 0.51929 757.199 264.16 0.704204 763.039 346.289 0.693472 768.936 416.75 0.607647 800.17 266.079 0.666959 786.553 346.271 0.680903 770.883 412.842 0.617574 790.458 101.745 0.19298 804.056 101.753 0.13436 772.854 103.748 0.303581 786.53 115.378 0.0742491 0
1 111 347 804.191 115.457 0.477844 780.673 148.744 0.841503 743.56 148.682 0.864514 719.962 197.578 0.804149 708.239 242.565 0.874192 819.72 148.757 0.806947 833.473 207.392 0.707466 819.856 258.238 0.683936 757.157 264.102 0.731874 768.918 342.366 0.742682 772.798 414.833 0.673038 800.192 268.031 0.705356 788.483 348.217 0.788579 768.893 410.891 0.595996 798.278 103.755 0.42337 811.929 105.655 0.221589 774.725 109.587 0.618205 0 0 0 0
1 111 348 804.117 117.434 0.463846 784.575 148.796 0.828124 745.462 148.788 0.818254 723.85 207.328 0.786062 710.201 244.612 0.859226 819.798 148.775 0.834643 833.498 209.38 0.71093 821.728 262.164 0.624121 759.106 268.038 0.720166 772.741 350.137 0.736123 774.766 428.465 0.692905 804.083 271.897 0.747422 788.526 350.244 0.785809 761.128 426.467 0.545557 796.32 111.487 0.39552 808.02 109.59 0.238538 774.784 113.405 0.58998 0 0 0 0
1 111 349 806.023 131.145 0.634033 788.383 154.548 0.824488 751.293 158.432 0.768988 723.894 209.301 0.852175 710.28 250.396 0.883212 821.724 152.627 0.841149 835.442 209.42 0.739823 823.726 260.189 0.605652 763.047 271.966 0.691908 772.865 354.149 0.762984 786.469 434.321 0.71997 806.146 271.976 0.736292 794.382 352.199 0.694706 766.97 430.415 0.562866 800.168 123.268 0.566295 808.045 119.398 0.363602 774.776 117.446 0.724342 0 0 0 0
1 111 350 804.131 133.009 0.578505 788.392 158.507 0.830878 751.309 162.294 0.795089 725.813 211.246 0.892263 712.136 254.382 0.907584 821.732 158.44 0.822377 835.509 209.422 0.747661 821.773 256.346 0.630917 761.141 273.912 0.696791 774.749 352.192 0.747427 788.443 434.389 0.760271 808.014 273.912 0.71684 804.107 350.182 0.712295 770.848 426.543 0.466932 796.328 127.133 0.515271 806.172 123.283 0.346888 774.819 117.482 0.660185 0 0 0 0
1 111 351 806.123 127.18 0.378455 788.517 160.466 0.872522 755.183 162.388 0.804942 727.75 213.307 0.833023 712.273 258.276 0.882943 821.835 160.375 0.797099 837.322 211.261 0.763701 833.414 258.228 0.649113 766.966 272.014 0.697689 776.771 350.289 0.788576 782.593 426.505 0.518781 811.961 271.907 0.711696 819.704 350.135 0.848154 774.725 391.287 0.563644 804.065 117.381 0.380756 811.941 117.378 0.244748 782.632 115.472 0.52073 0 0 0 0
1 111 352 804.083 136.932 0.378755 788.492 162.369 0.87504 755.148 164.325 0.817516 727.809 215.212 0.825316 719.987 258.338 0.846647 821.832 160.362 0.764772 837.311 211.236 0.752411 833.433 256.38 0.68436 766.98 273.901 0.701527 776.763 352.127 0.789338 782.632 424.571 0.448059 813.889 271.917 0.728627 823.698 350.243 0.91089 782.581 387.37 0.602806 796.275 131.066 0.394913 806.11 131.001 0.295849 774.733 129.057 0.526793 806.102 115.483 0.0621884 0
1 111 353 802.178 135.022 0.225256 790.413 164.334 0.917462 755.23 164.394 0.828486 727.886 223.028 0.856802 723.944 266.053 0.864846 827.596 162.452 0.759697 837.488 213.32 0.697172 835.352 258.286 0.707291 763.083 273.971 0.710417 778.702 354.099 0.746722 788.506 446.084 0.525894 815.821 273.865 0.733605 831.508 352.202 0.861695 786.523 393.282 0.633678 792.4 127.152 0.214073 806.113 129.064 0.211303 774.784 123.26 0.306731 808.106 119.411 0.17868 0
1 111 354 809.982 133.008 0.185717 792.363 164.428 0.843591 757.222 164.431 0.838212 729.846 224.94 0.851055 725.79 269.946 0.881265 831.487 164.428 0.751861 841.274 238.69 0.572126 815.85 269.983 0.513662 768.899 281.739 0.686294 776.797 363.936 0.725457 788.476 444.096 0.632707 817.807 281.732 0.701212 833.466 356.064 0.831109 792.412 403.085 0.664371 802.137 121.311 0.176115 809.986 119.4 0.164548 784.578 119.382 0.277782 817.827 117.471 0.202553 0
1 111 355 813.895 136.993 0.376552 792.458 166.29 0.846038 759.097 168.237 0.832369 731.789 226.899 0.840666 725.833 272.028 0.914594 833.435 164.366 0.803521 839.39 223.034 0.674712 837.363 271.891 0.659685 770.845 287.556 0.752226 778.685 363.894 0.759329 778.732 444.068 0.645457 819.681 285.621 0.756135 835.351 361.954 0.833099 804.094 414.79 0.758686 806.04 131.119 0.376327 817.818 131.01 0.366945 780.654 129.07 0.460192 819.708 117.481 0.117643 0
1 111 356 806.138 133.119 0.187898 794.325 168.267 0.805184 759.119 172.165 0.800986 735.658 226.993 0.799293 725.89 273.914 0.915689 833.439 164.455 0.7951 839.392 226.969 0.691661 837.313 277.84 0.637629 770.902 287.652 0.756696 776.715 365.903 0.80178 774.796 442.207 0.743043 819.704 287.602 0.764976 831.553 365.859 0.830277 806.042 444.069 0.787952 802.12 127.13 0.179204 808.064 127.148 0.167515 780.643 123.23 0.309894 819.74 121.267 0.227964 0
1 111 357 806.089 135.031 0.169287 796.283 176.013 0.81125 759.134 176.088 0.846748 737.628 228.942 0.798741 727.831 275.886 0.906969 835.358 172.193 0.756729 845.218 228.954 0.685501 837.425 279.763 0.66629 772.858 289.609 0.758505 776.76 367.897 0.767634 776.772 444.154 0.756849 821.698 289.559 0.772183 827.642 367.857 0.796982 817.844 446.122 0.774661 800.179 129.096 0.171031 808.04 129.076 0.155808 778.753 129.121 0.288165 817.854 129.085 0.187192 0
1 111 358 804.141 144.734 0.102587 800.176 176.121 0.819655 759.218 178.081 0.871726 741.437 236.746 0.818209 727.878 279.767 0.874714 835.468 174.158 0.767164 849.089 228.916 0.718641 845.216 273.995 0.649808 774.74 291.587 0.762851 776.788 377.582 0.777099 776.803 446.032 0.75417 821.794 291.497 0.768317 825.638 375.634 0.785009 821.682 448.058 0.795829 0 0 0 0 0 0 786.524 131.088 0.256172 813.9 131.047 0.138911 0
1 111 359 817.812 144.749 0.139985 802.171 179.929 0.842979 763.053 180.049 0.807181 741.524 236.76 0.806318 727.924 279.788 0.846293 837.354 178.055 0.781828 853.001 232.857 0.611554 853.007 277.849 0.538024 774.804 301.257 0.736691 778.691 381.581 0.784634 780.651 450.001 0.721996 823.693 297.402 0.70992 823.685 381.589 0.836607 821.692 455.88 0.796585 806.066 133.057 0.142456 815.878 133.086 0.114069 788.453 131.17 0.266845 821.709 131.106 0.185976 0
1 111 360 790.411 148.752 0.253523 804.099 182.033 0.850001 764.967 185.887 0.798853 743.418 240.679 0.874637 727.919 285.607 0.883948 839.337 180.081 0.791514 853.119 234.794 0.71561 855.051 277.847 0.668587 774.849 303.192 0.7454 784.529 383.428 0.781596 782.612 450.019 0.714235 823.735 301.251 0.727003 825.633 383.487 0.810417 821.672 457.843 0.80635 790.429 138.947 0.22614 802.15 142.827 0.222687 790.45 140.889 0.155343 827.605 136.985 0.30976 0
1 111 361 790.391 154.555 0.333892 806.131 187.805 0.840586 772.778 187.802 0.774966 745.473 240.636 0.806521 729.797 285.633 0.859881 845.213 187.822 0.729962 855.069 242.602 0.756363 854.966 293.491 0.737712 776.772 305.162 0.727762 784.588 393.259 0.768041 786.461 461.705 0.676126 825.649 305.16 0.73454 825.667 393.264 0.781979 819.864 463.713 0.759386 790.426 146.678 0.308987 800.249 146.763 0.307753 790.453 146.724 0.110641 827.609 146.741 0.416692 0
1 111 362 811.962 160.388 0.404938 810.02 189.743 0.789722 774.864 187.842 0.75639 747.439 240.627 0.793831 729.835 287.572 0.870776 849.116 189.77 0.752036 860.857 244.626 0.704963 855.061 303.275 0.764861 784.566 307.144 0.712321 788.543 393.243 0.816166 788.428 463.705 0.715288 831.5 307.179 0.722445 831.496 397.107 0.821273 819.762 469.55 0.716142 806.083 148.684 0.430826 821.743 148.759 0.42396 792.422 148.643 0.380261 835.329 146.747 0.371306 0
1 111 363 819.783 164.279 0.384073 809.991 193.603 0.819765 774.807 193.63 0.814409 747.372 242.65 0.793499 729.834 287.652 0.869106 849.102 191.743 0.752629 864.712 244.535 0.652837 860.848 297.409 0.585393 788.391 311.069 0.71177 792.386 393.24 0.823617 788.43 463.741 0.754252 835.348 311.053 0.739538 833.506 395.228 0.833443 819.865 469.575 0.723916 808.103 152.608 0.370761 827.62 154.567 0.351822 792.447 148.674 0.491781 835.46 146.775 0.218778 0
1 111 364 813.909 162.427 0.404536 811.968 193.749 0.833375 774.754 193.762 0.856868 747.394 244.553 0.790638 729.839 287.656 0.872949 851.115 193.739 0.825867 866.708 248.476 0.700196 862.821 303.285 0.67554 788.538 315.006 0.734037 798.28 387.411 0.773769 788.479 461.745 0.75113 837.33 316.894 0.766692 835.361 397.092 0.847377 819.814 465.667 0.739265 806.076 150.626 0.427987 823.74 152.594 0.409337 790.522 148.647 0.493645 837.388 148.728 0.452598 0
1 111 365 798.248 162.343 0.544842 813.881 195.603 0.83623 772.898 195.591 0.880965 745.507 244.607 0.792938 729.834 289.503 0.879703 852.97 195.616 0.823609 866.789 252.402 0.680902 864.714 303.284 0.596835 788.554 318.919 0.74329 800.171 397.116 0.805672 788.505 467.598 0.689014 837.407 318.93 0.755695 835.357 399.122 0.852134 819.813 471.491 0.704179 792.458 148.649 0.522591 808.096 150.659 0.528495 788.413 146.699 0.0822856 837.365 150.642 0.677955 0
1 111 366 794.383 162.436 0.50778 813.908 195.7 0.823609 772.861 195.668 0.890927 745.466 246.564 0.800938 729.779 289.567 0.880017 853.044 195.69 0.821404 866.754 256.354 0.680141 855.026 315.005 0.59457 790.359 322.817 0.707377 800.226 401.089 0.732563 786.491 477.367 0.588286 837.367 322.824 0.734984 833.509 410.837 0.739221 817.811 477.449 0.539085 792.401 148.76 0.492757 808.039 152.657 0.476171 788.448 150.625 0.0991956 837.427 154.532 0.634411 0
1 111 367 0 0 0 808.068 193.731 0.731893 774.845 193.729 0.624491 743.469 244.544 0.696772 725.924 289.574 0.767751 845.18 193.633 0.531149 862.815 248.505 0.220157 853 303.243 0.224297 794.357 316.957 0.500373 802.209 397.228 0.567568 788.5 473.446 0.40552 829.534 316.972 0.55139 827.588 397.151 0.50824 813.924 471.515 0.377654 0 0 0 0 0 0 0 0 0 792.417 146.786 0.225209 0
1 111 368 782.622 166.329 0.179643 790.501 193.77 0.813564 759.14 193.668 0.763969 727.836 238.714 0.758171 708.232 287.604 0.719418 823.748 195.614 0.760782 849.1 246.498 0.639836 837.406 295.436 0.5532 774.76 307.227 0.645932 784.537 383.543 0.644225 772.781 457.774 0.532333 811.992 313.044 0.638395 804.081 387.387 0.593998 790.469 459.769 0.542938 778.723 156.494 0.163803 794.342 156.523 0.160774 772.765 148.795 0.236918 813.915 158.473 0.311551 0
1 111 369 761.108 168.302 0.170839 786.484 195.676 0.818239 747.426 193.748 0.759411 721.941 240.723 0.787657 696.562 289.602 0.830247 819.83 195.738 0.798415 835.46 256.265 0.598615 821.684 313.039 0.420147 759.16 324.788 0.671089 763.014 401.152 0.720406 751.333 477.346 0.53557 806.008 328.676 0.677493 796.281 412.763 0.687763 784.542 479.379 0.507369 763.051 160.407 0.179536 0 0 0 0 0 0 806.144 162.305 0.365773 1
1 111 370 747.371 164.373 0.273322 784.55 197.632 0.751203 749.334 195.674 0.729076 720.016 242.654 0.730496 696.594 289.576 0.828741 819.689 199.552 0.713415 835.371 258.224 0.466131 821.786 315.019 0.289438 759.157 324.783 0.638292 763.063 403.084 0.607841 745.478 479.391 0.407086 804.097 330.628 0.650793 794.317 412.77 0.566535 772.798 483.262 0.341986 0 0 0 755.245 160.417 0.25024 0 0 0 761.091 162.391 0.381612 1
1 111 371 755.205 164.368 0.534908 786.462 197.65 0.774074 751.333 195.712 0.725633 719.993 246.563 0.718026 696.461 293.495 0.818283 819.716 201.496 0.758874 835.459 260.247 0.651915 827.583 318.88 0.591285 759.122 322.799 0.693909 761.094 405.025 0.748061 741.546 487.195 0.726942 806.052 324.802 0.717315 802.136 412.837 0.794264 778.741 491.026 0.614703 757.222 152.625 0.261386 763.025 160.422 0.470273 0 0 0 798.268 162.394 0.559995 1
1 111 372 763.057 176.111 0.464063 786.545 199.573 0.768529 753.285 195.718 0.68947 723.858 244.603 0.731719 696.452 293.467 0.822254 819.764 205.461 0.757296 835.461 269.96 0.638697 829.576 320.935 0.579014 759.169 320.917 0.694641 761.114 404.998 0.763168 741.576 487.18 0.710188 806.129 324.776 0.719965 804.15 410.833 0.830279 776.719 489.105 0.61364 761.113 162.45 0.413499 776.721 166.347 0.438245 0 0 0 804.169 164.348 0.651028 1
1 111 373 759.184 177.985 0.275999 782.59 203.506 0.735978 747.395 203.478 0.704019 716.116 252.404 0.747688 694.573 297.363 0.819697 817.808 205.441 0.735282 835.337 268.021 0.567496 821.802 318.915 0.579239 759.134 324.791 0.703961 761.071 405.003 0.773659 741.601 483.291 0.701291 806.123 326.728 0.71259 808.049 408.929 0.827186 784.524 483.238 0.60837 759.136 162.43 0.255537 772.823 164.423 0.246578 0 0 0 802.102 164.323 0.421093 1
1 111 374 753.278 177.965 0.341694 782.613 201.515 0.737376 749.361 195.728 0.680707 721.928 246.548 0.713273 694.543 295.409 0.785245 817.793 207.388 0.752274 833.438 271.982 0.611586 819.822 320.843 0.574638 759.1 324.812 0.706823 759.235 408.908 0.797026 741.558 489.081 0.721211 806.115 326.762 0.703362 817.788 406.923 0.790148 788.449 483.293 0.633892 757.223 162.367 0.242237 761.079 166.347 0.294828 0 0 0 802.113 164.428 0.40498 1
1 111 375 749.364 176.092 0.356396 784.58 203.507 0.757029 753.283 199.576 0.686285 723.924 244.592 0.745839 694.566 291.535 0.805384 817.803 207.363 0.760937 831.535 270.01 0.571356 819.781 318.938 0.56597 759.181 324.794 0.698662 761.055 405.03 0.790021 743.511 479.33 0.684743 808.015 324.784 0.695341 821.696 399.153 0.893342 790.373 475.441 0.700396 0 0 0 757.179 166.297 0.324273 0 0 0 796.295 166.303 0.352392 1
1 111 376 757.172 178.104 0.427365 784.565 203.448 0.747822 753.227 199.548 0.697048 723.921 244.593 0.737684 694.549 293.524 0.796818 817.81 205.454 0.735601 829.536 264.109 0.419241 821.739 316.954 0.338983 761.102 322.795 0.692025 759.18 410.836 0.817105 741.564 487.179 0.689017 811.978 320.923 0.6988 823.76 401.076 0.84439 788.418 475.475 0.644641 757.221 164.291 0.335743 765.02 172.157 0.342653 0 0 0 802.152 168.237 0.449586 1
1 111 377 759.146 180.001 0.324561 786.453 201.51 0.72493 753.285 197.613 0.662843 723.946 242.704 0.714417 694.509 297.359 0.760507 817.811 205.422 0.709134 833.413 264.157 0.397053 823.662 318.851 0.401677 763.06 324.783 0.646479 759.182 412.867 0.822417 741.546 491.067 0.645448 813.934 322.843 0.675021 829.583 401.061 0.7978 788.548 477.408 0.605212 759.14 164.401 0.271622 772.811 172.188 0.255421 0 0 0 804.044 170.201 0.368727 1
1 111 378 0 0 0 788.438 209.409 0.807879 819.747 205.444 0.787752 835.507 268.021 0.125342 0 0 0 757.113 213.319 0.752373 716.062 262.2 0.716532 692.546 305.208 0.767465 821.726 324.794 0.701544 833.443 401.158 0.820857 794.348 489.096 0.615871 770.886 328.712 0.655978 759.194 414.718 0.823098 741.597 493.05 0.663822 0 0 0 0 0 0 808.032 164.39 0.487168 759.092 164.372 0.694354 1
1 111 379 0 0 0 788.541 211.31 0.771353 819.715 205.441 0.718587 0 0 0 0 0 0 759.103 221.039 0.701415 716.118 266.059 0.660354 694.481 305.287 0.703591 821.763 330.631 0.661749 835.386 408.878 0.7786 804.183 489.121 0.532003 772.749 334.51 0.656773 759.147 414.832 0.746592 745.423 496.946 0.434847 0 0 0 0 0 0 806.2 172.138 0.315769 759.177 170.193 0.578552 1
1 111 380 770.839 191.752 0.54548 788.51 211.255 0.801613 757.179 211.387 0.676855 723.854 262.156 0.664398 696.482 309.162 0.802762 819.862 209.359 0.796671 835.462 271.887 0.438074 833.508 318.892 0.395351 770.858 334.578 0.695995 759.186 420.634 0.775039 743.519 504.746 0.602563 819.857 334.52 0.718713 837.306 410.835 0.838713 810.002 493.082 0.596935 761.138 177.998 0.54066 782.59 181.932 0.539404 755.19 164.471 0.0966961 806.047 177.98 0.648955 1
1 111 381 0 0 0 790.367 211.397 0.821426 821.766 209.283 0.806026 839.313 275.853 0.484698 835.423 309.11 0.193219 757.174 221.101 0.756936 723.863 271.933 0.782197 694.63 318.928 0.856184 821.692 330.617 0.712358 837.39 410.852 0.816648 821.784 493.102 0.619879 770.82 330.625 0.651656 759.217 422.588 0.8155 743.541 502.824 0.593122 0 0 0 0 0 0 810.04 176.023 0.41924 761.058 178.095 0.754864 1
1 111 382 774.836 193.671 0.199307 790.401 207.349 0.833756 757.157 207.333 0.693645 727.798 266.065 0.714183 696.549 320.787 0.839069 821.845 207.42 0.788309 837.398 266.095 0.655201 835.485 316.9 0.54406 770.829 322.808 0.67978 763.025 418.727 0.777454 745.506 500.866 0.576466 819.863 322.81 0.715855 837.489 414.776 0.773738 833.433 502.835 0.562142 774.726 178.067 0.156926 0 0 0 761.171 176.099 0.164048 808.048 176.046 0.294394 1
1 111 383 794.337 197.67 0.31177 790.475 209.42 0.855192 757.204 211.323 0.746401 727.864 270.006 0.765807 698.447 320.973 0.831304 825.638 209.367 0.781445 837.463 271.922 0.63711 837.336 320.848 0.548446 772.743 332.56 0.703462 763.086 424.587 0.756601 755.173 506.778 0.627631 821.74 330.654 0.707153 841.322 422.615 0.716522 837.402 506.74 0.535902 788.396 191.74 0.282642 804.124 191.717 0.322915 770.819 180.034 0.36003 819.727 178.123 0.415537 1
1 111 384 800.248 195.728 0.314002 796.311 201.518 0.790181 759.191 195.707 0.782551 735.648 266.06 0.710309 700.426 320.978 0.80641 833.472 207.404 0.813286 839.332 271.93 0.682 837.45 320.942 0.60924 772.857 332.587 0.716753 766.965 424.592 0.767593 755.227 502.829 0.546123 821.829 332.581 0.717036 847.158 420.679 0.724112 845.242 496.993 0.533793 790.512 189.785 0.261943 806.183 191.678 0.301787 774.815 176.078 0.379908 821.806 178.105 0.364505 1
1 111 385 804.077 195.675 0.177605 800.179 213.256 0.753961 763.055 219.099 0.694401 731.777 273.959 0.755961 704.365 324.778 0.796193 835.344 211.258 0.804778 839.372 285.586 0.665468 837.439 336.556 0.638705 774.865 338.504 0.69742 770.814 426.503 0.789511 757.134 504.739 0.505658 823.746 338.493 0.69923 851.04 422.603 0.736015 853.077 496.936 0.521415 0 0 0 808.072 189.8 0.183884 774.815 180.034 0.260481 823.743 181.976 0.421562 1
1 111 386 821.705 193.755 0.399595 804.168 209.322 0.853775 772.749 209.358 0.746494 741.424 273.931 0.778226 710.255 330.607 0.840138 837.378 209.327 0.847438 843.252 275.92 0.652676 841.311 332.636 0.606094 778.733 336.48 0.692737 772.734 426.522 0.823294 757.17 502.824 0.33133 829.577 336.469 0.705187 853.012 418.673 0.72877 864.719 493.039 0.545429 815.838 185.868 0.322766 825.676 183.912 0.296986 790.491 179.941 0.36186 833.424 177.993 0.0655365 1
1 111 387 829.588 193.656 0.345259 806.047 215.194 0.801639 772.894 221.098 0.755651 743.423 273.975 0.823099 716.114 328.721 0.781329 839.318 211.293 0.784921 851.032 281.753 0.592385 845.208 332.627 0.516813 786.555 336.574 0.722875 772.79 426.479 0.83827 768.909 510.653 0.255152 835.418 336.585 0.748274 854.989 420.664 0.716859 868.735 493.021 0.637294 821.774 183.908 0.311307 835.356 180.064 0.238748 794.388 180.011 0.375942 0 0 0 1
1 111 388 788.465 187.84 0.0750906 815.859 219.125 0.568614 841.31 219.1 0.371795 851.034 287.647 0.182805 849.118 334.532 0.0816876 790.409 223.055 0.348145 757.11 271.962 0.130958 725.849 332.536 0.0751399 837.346 346.287 0.532937 862.85 426.479 0.552783 870.652 491.132 0.441299 792.397 342.365 0.569652 772.801 424.565 0.659365 723.884 487.193 0.483381 0 0 0 802.157 180.04 0.0585147 837.364 179.938 0.212145 806.073 178.107 0.18216 1
1 111 389 806.072 193.682 0.137791 819.774 211.354 0.739322 788.447 211.277 0.655576 757.228 271.961 0.779119 733.694 334.534 0.805546 851.13 213.237 0.688536 853.12 271.966 0.244636 855.004 324.793 0.153286 796.289 336.565 0.644818 774.827 426.499 0.846733 723.949 489.071 0.686384 847.144 338.515 0.658241 864.769 426.493 0.68753 880.419 492.988 0.59768 808.044 179.966 0.120428 0 0 0 0 0 0 843.253 181.935 0.17629 1
1 111 390 0 0 0 823.71 215.225 0.553147 853.033 213.31 0.52938 853.067 283.706 0.0940338 0 0 0 800.212 215.232 0.399947 759.113 287.602 0.206189 743.615 334.624 0.145585 843.252 348.222 0.580257 868.606 426.524 0.708492 882.395 495.043 0.650026 804.051 342.389 0.585231 776.722 422.575 0.67031 729.805 487.126 0.546829 0 0 0 0 0 0 860.846 180.075 0.323283 821.786 178.066 0.127787 1
1 111 391 0 0 0 835.375 219.111 0.656411 864.743 213.326 0.641607 866.71 289.551 0.111869 0 0 0 804.13 223.011 0.614457 764.997 289.616 0.490994 759.147 346.32 0.678542 853.079 348.249 0.658596 868.685 428.463 0.811923 884.315 500.881 0.72596 806.132 346.306 0.651461 782.609 422.583 0.765848 725.895 487.143 0.713373 0 0 0 0 0 0 866.764 183.879 0.379346 819.829 176.127 0.198838 1
1 111 392 0 0 0 839.345 217.15 0.591644 868.697 217.155 0.548301 878.487 297.379 0.0648409 0 0 0 811.943 223.004 0.442155 774.725 299.316 0.356552 774.84 346.265 0.368184 858.885 350.195 0.629194 870.643 428.408 0.768945 884.401 502.828 0.745317 815.874 350.151 0.601631 788.438 420.656 0.767836 727.814 483.24 0.624674 0 0 0 0 0 0 876.5 180.058 0.259274 837.356 178.009 0.0895572 1
1 111 393 0 0 0 853.014 224.96 0.650146 880.463 224.916 0.546486 882.335 295.425 0.0650194 0 0 0 823.741 226.904 0.47974 786.543 299.333 0.307815 790.507 348.22 0.295762 868.657 354.128 0.656386 880.406 430.493 0.736723 888.307 508.699 0.589548 823.731 352.158 0.604786 788.487 426.461 0.756892 729.825 487.176 0.544389 0 0 0 0 0 0 882.444 187.793 0.355045 847.195 179.948 0.199413 1
1 111 394 896.022 197.59 0.136298 853.137 225.019 0.728587 821.815 226.928 0.713818 792.359 293.474 0.750714 804.086 352.117 0.76603 886.316 224.926 0.638162 892.163 275.862 0.30676 899.972 311.118 0.307698 829.555 342.38 0.602776 804.173 414.792 0.819885 743.514 475.413 0.604058 878.485 344.314 0.635768 884.345 414.849 0.750321 886.338 495.022 0.710892 886.284 193.594 0.127696 0 0 0 868.706 183.95 0.222472 0 0 0 1
1 111 395 900.051 195.582 0.199522 868.726 222.98 0.705149 837.428 224.919 0.710089 804.061 291.581 0.696038 813.942 354.105 0.716241 899.952 222.984 0.640335 898.077 273.906 0.151315 899.989 320.894 0.101748 837.462 334.499 0.636494 815.847 414.727 0.779384 761.096 471.509 0.521229 886.34 334.569 0.664683 894.155 420.647 0.713671 888.253 504.776 0.73199 897.985 185.858 0.1926 903.89 183.892 0.105409 880.412 180.071 0.300149 0 0 0 0
1 111 396 909.764 195.596 0.149567 872.655 226.999 0.615341 849.067 230.876 0.634424 813.92 299.33 0.651633 823.707 352.19 0.664547 901.947 224.985 0.551 909.751 281.747 0.0536087 911.708 342.39 0.114293 853.067 348.213 0.566038 819.736 426.509 0.762995 759.216 475.376 0.491865 896.113 348.228 0.618931 898.055 428.414 0.679877 888.29 508.635 0.636948 900 185.86 0.144416 911.684 181.965 0.102826 882.344 183.905 0.191842 911.718 178.058 0.0521149 0
1 111 397 927.332 193.746 0.126974 884.413 226.916 0.685311 855.044 227.022 0.693423 821.697 293.448 0.700227 837.414 346.318 0.645191 913.765 226.903 0.58993 911.768 285.635 0.05911 0 0 0 853.055 346.299 0.627785 835.442 424.547 0.792889 770.812 475.386 0.578395 899.996 348.221 0.68255 900.016 426.545 0.773363 888.273 506.796 0.739489 915.676 185.861 0.117839 0 0 0 909.787 180.013 0.237567 913.647 179.983 0.0658945 0
1 111 398 935.243 195.636 0.205683 896.045 226.892 0.722835 866.781 226.929 0.724526 833.426 295.431 0.631235 851.093 346.29 0.594694 919.596 225.049 0.624148 917.592 291.529 0.141156 929.26 344.325 0.264368 864.812 348.293 0.625414 851.068 428.399 0.735272 811.939 496.953 0.367881 909.759 350.229 0.620448 902.007 430.477 0.697891 886.378 508.7 0.595529 931.31 187.813 0.193783 937.169 185.85 0.098063 921.51 180.083 0.312637 0 0 0 0
1 111 399 0 0 0 901.94 221.075 0.611517 925.412 222.98 0.535431 915.708 289.594 0.184671 931.389 344.324 0.229339 880.453 224.923 0.492777 837.427 291.491 0.277326 853.032 334.525 0.249618 903.899 350.22 0.575855 905.844 430.369 0.726129 890.199 506.677 0.696258 868.651 346.273 0.578193 862.838 428.41 0.713518 839.403 506.665 0.558041 0 0 0 0 0 0 944.958 178.086 0.477284 907.851 164.34 0.164485 0
1 111 401 962.576 193.641 0.164354 917.639 225.026 0.610368 899.96 227.002 0.635666 862.85 287.533 0.40012 874.587 332.593 0.267563 941.076 223.046 0.516957 929.378 297.377 0.0613987 939.159 350.26 0.13158 898.089 352.214 0.5818 909.78 432.44 0.664781 886.37 506.697 0.640342 911.709 354.136 0.468253 898.078 430.404 0.604202 880.372 493.031 0.107011 956.763 183.923 0.154352 0 0 0 946.951 178.096 0.30559 0 0 0 0
1 111 402 0 0 0 923.473 232.833 0.632758 946.925 234.765 0.631967 944.93 307.149 0.357898 947.005 360.015 0.407792 898.097 236.728 0.567459 866.73 287.591 0.349449 870.619 334.502 0.223957 915.736 356.124 0.631267 915.695 432.38 0.722459 888.306 502.85 0.610664 888.295 350.238 0.543118 905.843 428.499 0.564134 880.431 491.101 0.309795 0 0 0 0 0 0 962.607 183.939 0.272775 929.25 170.21 0.146391 0
1 111 403 976.277 187.821 0.292169 935.228 223.043 0.670637 915.657 224.923 0.711895 876.543 283.71 0.589117 884.407 334.558 0.578533 958.636 223.051 0.586727 948.944 289.639 0.0765891 0 0 0 913.695 352.14 0.62995 925.455 428.471 0.51982 896.061 493.047 0.430695 931.353 352.145 0.57481 915.72 426.494 0.412048 894.111 491.075 0.35004 974.273 178.053 0.324121 0 0 0 948.931 176.089 0.411928 0 0 0 0
1 111 404 995.877 185.904 0.104837 942.98 226.961 0.575161 923.47 227.031 0.623626 882.376 287.536 0.520166 898.04 336.505 0.488957 960.674 225.022 0.476444 0 0 0 0 0 0 929.288 361.956 0.579191 917.633 436.297 0.384363 894.148 498.925 0.282774 945.024 361.946 0.48846 950.871 430.427 0.347858 923.449 491.072 0.167317 989.96 178.083 0.122045 0 0 0 964.578 177.988 0.2329 0 0 0 0
1 111 405 903.951 207.382 0.118066 945.051 234.791 0.596752 962.662 232.803 0.458889 0 0 0 0 0 0 929.356 234.795 0.550254 888.307 279.78 0.295893 888.256 316.975 0.109348 956.721 348.252 0.469446 964.573 426.552 0.29858 941.109 491.135 0.251277 933.299 348.27 0.562971 915.676 430.376 0.369183 888.316 504.727 0.390663 0 0 0 913.617 197.627 0.123154 0 0 0 921.535 203.471 0.321367 0
1 111 406 1015.44 195.644 0.109466 958.675 234.804 0.507763 943.073 238.647 0.431313 898.048 287.548 0.207321 915.643 326.721 0.15068 976.322 232.834 0.404992 0 0 0 0 0 0 945.025 358.048 0.525305 978.26 442.141 0.420665 960.628 522.396 0.284757 956.748 360.001 0.449634 915.624 432.415 0.364525 886.279 506.691 0.440097 1007.62 185.899 0.111034 0 0 0 993.899 181.972 0.160124 0 0 0 0
1 111 408 0 0 0 982.163 238.661 0.689179 1005.59 240.566 0.645499 0 0 0 0 0 0 962.627 238.645 0.668616 915.651 277.849 0.504916 933.332 238.707 0.125309 978.333 365.859 0.597129 992.027 450.002 0.652233 1007.63 526.32 0.414872 948.962 363.87 0.624644 919.535 438.245 0.700034 884.452 506.676 0.757469 0 0 0 0 0 0 1023.16 183.96 0.205474 976.365 178.047 0.340655 0
1 111 409 0 0 0 993.933 238.688 0.632393 1009.64 240.586 0.563323 0 0 0 0 0 0 978.297 238.674 0.544422 929.331 283.708 0.346974 942.977 330.654 0.0773747 993.86 361.96 0.574708 993.961 440.213 0.64421 1021.33 508.722 0.562127 964.612 358.026 0.607539 929.402 430.484 0.758404 886.326 504.718 0.706805 0 0 0 0 0 0 1023.33 187.793 0.302211 982.214 178.023 0.20272 0
1 111 410 950.889 223.037 0.133657 1001.74 244.602 0.579206 1021.25 242.658 0.522287 0 0 0 0 0 0 984.124 252.347 0.50208 931.357 307.186 0.339348 948.914 266.076 0.104449 999.788 379.557 0.544399 1021.27 469.529 0.603789 1038.9 540.031 0.323434 968.468 373.7 0.560651 931.278 442.124 0.716101 888.287 502.791 0.661125 0 0 0 974.336 193.716 0.104426 1036.97 193.623 0.182149 991.91 195.645 0.277719 0
1 111 411 960.651 221.104 0.380832 1013.46 252.404 0.53165 1023.28 248.483 0.386023 0 0 0 0 0 0 1011.53 256.256 0.498945 1017.39 320.905 0.18662 966.505 336.542 0.152395 1007.59 369.809 0.473598 1025.15 451.956 0.566934 1038.98 522.43 0.451829 991.924 367.857 0.574113 946.901 432.431 0.710625 894.129 496.958 0.633668 0 0 0 962.671 211.311 0.388372 0 0 0 986.109 215.202 0.35725 0
1 111 412 991.932 205.436 0.136716 1025.17 254.363 0.638704 1040.91 254.295 0.55497 0 0 0 0 0 0 1009.59 256.305 0.575576 974.347 307.201 0.259434 974.319 283.738 0.169088 1023.2 381.546 0.658786 1038.88 463.667 0.773013 1048.66 545.865 0.560002 990.024 375.679 0.606948 960.625 440.238 0.786312 900.001 492.984 0.765165 0 0 0 997.854 195.6 0.129191 0 0 0 1021.29 195.696 0.318839 0
1 111 413 988.031 226.886 0.325739 1036.9 258.255 0.567271 1052.57 256.311 0.471672 0 0 0 0 0 0 1023.27 258.342 0.534238 993.924 318.869 0.262578 976.331 305.276 0.273645 1038.94 393.227 0.475845 1054.52 473.476 0.389997 1054.57 543.916 0.256872 1013.52 389.352 0.508922 962.645 434.38 0.488401 909.791 485.241 0.489684 0 0 0 991.923 215.246 0.294168 0 0 0 1009.53 219.11 0.334385 0
1 111 415 0 0 0 1068.26 256.25 0.579136 1083.93 258.219 0.486984 1034.97 303.232 0.0562314 0 0 0 1054.6 256.234 0.48803 1017.38 303.282 0.190889 1005.63 315.002 0.107669 1056.56 379.544 0.609503 1070.15 459.78 0.741112 1056.46 547.811 0.60017 1036.94 371.768 0.539151 1023.21 446.029 0.608363 945.008 467.635 0.379311 0 0 0 0 0 0 1101.57 199.569 0.190366 1060.41 193.747 0.187832 0
1 111 417 0 0 0 1087.76 254.379 0.627372 1103.49 256.252 0.562757 0 0 0 0 0 0 1072.23 256.294 0.4975 1040.85 305.203 0.206999 0 0 0 1080.03 381.451 0.578991 1074.16 461.767 0.705702 1056.51 541.963 0.662203 1058.49 377.576 0.566502 1058.49 451.967 0.640777 995.854 489.076 0.548076 0 0 0 0 0 0 1123.02 195.613 0.187977 1081.96 181.958 0.310674 0
1 111 418 0 0 0 1099.53 252.352 0.601828 1117.18 252.403 0.575741 0 0 0 0 0 0 1083.9 254.342 0.497851 1056.49 313.046 0.249265 1036.96 350.229 0.130631 1099.58 381.467 0.535291 1078.06 465.668 0.578592 1056.48 540.073 0.518627 1072.18 379.543 0.562996 1070.28 461.699 0.610545 1054.58 538.06 0.28924 0 0 0 0 0 0 1132.83 195.695 0.19049 1087.84 185.864 0.256336 0
1 111 419 1150.4 203.498 0.293216 1105.49 256.23 0.601309 1117.13 256.248 0.546178 1087.84 318.872 0.0865232 0 0 0 1101.52 256.294 0.435762 1064.32 322.878 0.177845 1034.99 336.498 0.151626 1105.46 397.119 0.527284 1083.94 477.469 0.559284 1056.47 543.919 0.388739 1085.79 395.19 0.547012 1070.3 477.334 0.613145 1048.7 547.798 0.351882 1148.4 193.723 0.341072 0 0 0 1132.75 195.629 0.43921 0 0 0 0
1 111 420 1072.25 195.737 0.245023 1119.07 252.393 0.573235 1134.74 252.408 0.455649 0 0 0 0 0 0 1113.25 256.271 0.475159 1087.83 318.929 0.163074 1083.9 287.525 0.194632 1101.5 385.474 0.446605 1083.95 473.477 0.501977 1054.59 534.128 0.246167 1107.38 387.383 0.447205 1144.55 444.104 0.512098 1099.51 496.937 0.422105 0 0 0 1083.87 189.751 0.247338 0 0 0 1103.51 193.652 0.435974 0
1 111 421 1074.1 250.458 0.172763 1117.13 264.158 0.562664 1085.85 271.91 0.47129 1048.72 342.409 0.38072 1087.89 283.723 0.201785 1142.57 260.209 0.615055 1119.17 320.881 0.314428 1089.78 297.383 0.221968 1097.6 391.268 0.610379 1085.82 465.632 0.76779 1056.57 532.197 0.615129 1136.74 387.366 0.635943 1152.39 450.041 0.685637 1126.97 524.374 0.670415 0 0 0 1083.91 240.661 0.130796 0 0 0 1099.58 225.045 0.147114 0
1 111 422 1091.73 242.623 0.214012 1121.1 272.014 0.710264 1089.83 273.941 0.64132 1056.55 348.222 0.480655 1093.68 301.283 0.255077 1152.37 271.88 0.687809 1150.45 320.838 0.34263 1099.54 318.897 0.259231 1103.47 395.232 0.712106 1087.87 469.552 0.808204 1054.64 538.046 0.740247 1148.54 393.263 0.710063 1162.18 461.773 0.797197 1152.46 539.973 0.785992 1087.89 226.968 0.0955186 1101.51 232.85 0.190683 0 0 0 1125 234.767 0.241288 0
1 111 423 1103.54 258.262 0.109372 1134.81 273.981 0.561611 1103.5 277.84 0.51237 1072.26 342.387 0.354269 1117.15 305.227 0.342073 1166.03 273.923 0.530812 1164.15 332.639 0.281851 1115.19 318.958 0.202458 1113.24 397.155 0.635885 1097.6 469.545 0.756516 1056.58 538.098 0.706138 1154.36 397.134 0.641644 1166.18 471.527 0.758981 1181.8 551.686 0.765689 0 0 0 1115.23 256.294 0.0677171 0 0 0 1132.85 240.671 0.0774014 0
1 111 424 0 0 0 1162.2 262.168 0.506926 1175.88 264.097 0.306023 0 0 0 0 0 0 0 0 0 0 0 0 0 0 0 1148.43 395.225 0.495972 1179.77 471.493 0.580066 1203.26 555.657 0.676256 1134.75 395.205 0.536416 1103.44 473.407 0.690882 1056.63 536.107 0.621958 0 0 0 0 0 0 0 0 0 0 0 0 0
1 111 425 0 0 0 1179.75 273.972 0.44719 1195.49 273.967 0.399905 1185.66 338.501 0.103505 0 0 0 1173.92 277.837 0.298714 1156.31 336.531 0.139153 1134.8 314.976 0.178684 1177.84 408.911 0.575416 1193.42 479.357 0.696175 1211 553.741 0.724193 1146.53 404.98 0.579283 1115.24 475.405 0.806025 1058.55 536.067 0.645219 0 0 0 0 0 0 0 0 0 1170.03 199.547 0.118965 0
1 111 426 1226.72 222.978 0.0619649 1185.63 269.98 0.527656 0 0 0 0 0 0 0 0 0 1209.08 271.917 0.447781 1211.13 342.387 0.205511 1213.1 397.136 0.364752 1179.76 403.069 0.522373 1201.34 487.187 0.573019 1213.09 567.381 0.565903 1168.04 404.981 0.487796 1128.87 479.324 0.765182 1062.38 538.03 0.689096 1222.83 209.252 0.0760245 0 0 0 1220.86 211.344 0.321911 0 0 0 0
1 111 427 0 0 0 1195.37 287.626 0.422727 1211.09 287.562 0.27439 1213.07 354.14 0.108883 1216.95 422.613 0.0781811 1170.02 299.323 0.157156 1136.74 369.786 0.050034 0 0 0 1195.42 420.649 0.532521 1213.12 504.74 0.567343 1222.84 583.007 0.532457 1171.98 416.742 0.492368 1138.73 487.176 0.684649 1072.24 532.188 0.640141 0 0 0 0 0 0 1232.59 215.258 0.206458 0 0 0 0
1 111 428 0 0 0 1211.05 258.211 0.569828 1226.79 260.201 0.512954 1228.7 344.348 0.233694 0 0 0 1193.44 256.291 0.366371 1156.28 342.398 0.0884742 0 0 0 1215.01 412.82 0.584699 1228.74 491.007 0.734238 1226.72 571.237 0.803055 1181.74 410.854 0.593023 1166.01 491.164 0.84897 1095.65 524.325 0.631799 0 0 0 0 0 0 1242.41 209.367 0.54574 1197.41 197.651 0.143385 0
1 111 429 1211.07 199.607 0.0726295 1234.54 258.281 0.403054 1258.06 260.266 0.182022 0 0 0 0 0 0 1205.24 258.227 0.140061 0 0 0 0 0 0 1220.88 412.826 0.417984 1242.32 496.983 0.46225 1226.67 569.405 0.523631 1201.32 410.847 0.330551 1183.7 500.895 0.604635 1113.27 524.4 0.594513 0 0 0 1214.98 193.735 0.0751774 1258.06 209.32 0.111715 0 0 0 0
