0 111 57 473.507 463.758 0.141177 496.99 506.726 0.914093 537.951 506.796 0.865595 571.368 540.028 0.889897 588.994 508.694 0.918192 461.719 506.652 0.892785 438.235 532.171 0.725546 448.058 506.694 0.343157 534.086 584.99 0.707717 543.917 632.028 0.687464 569.357 667.171 0.0510999 491.138 588.973 0.784123 494.971 647.638 0.899001 508.727 698.559 0.756069 0 0 0 475.335 459.852 0.291678 510.692 471.49 0.249386 481.292 465.688 0.887351 0
0 111 58 475.368 459.764 0.386749 500.86 500.886 0.865133 538.048 502.839 0.87481 573.281 536.108 0.843955 588.984 504.742 0.870664 461.825 498.948 0.85878 436.34 524.443 0.757565 453.925 495.019 0.356307 532.204 579.159 0.71828 540.094 631.933 0.718601 0 0 0 491.146 584.993 0.80737 494.976 639.808 0.853623 508.695 698.468 0.839569 0 0 0 475.522 453.921 0.530817 510.702 461.844 0.124001 489.097 461.714 0.967288 0
0 111 59 477.369 446.175 0.300678 504.77 493.029 0.936852 539.976 493.082 0.902928 575.208 528.251 0.799919 592.832 500.883 0.853868 465.656 492.967 0.88968 438.226 522.428 0.769409 459.826 491.081 0.310376 532.177 571.347 0.738121 540.042 631.94 0.774052 0 0 0 491.134 575.228 0.765081 494.986 631.962 0.890224 508.721 696.463 0.899379 0 0 0 477.5 444.188 0.472621 514.591 459.69 0.122502 491.126 455.881 0.941809 0
0 111 60 481.272 444.209 0.174953 506.733 489.076 0.912926 541.922 491.015 0.867263 575.271 524.345 0.825291 592.823 493.135 0.870422 469.596 489.071 0.852936 442.178 520.373 0.759308 459.703 492.992 0.22984 534.132 569.342 0.748335 539.975 630.021 0.66004 0 0 0 493.009 571.293 0.807985 493.136 629.971 0.856561 508.648 692.602 0.893763 0 0 0 481.292 440.204 0.299677 522.327 446.202 0.171494 492.95 446.094 0.997049 0
0 111 61 487.167 436.301 0.131057 508.643 477.5 0.924449 543.956 479.419 0.799218 577.183 520.443 0.814973 594.784 492.975 0.897051 473.41 477.439 0.888031 446 512.627 0.811859 455.881 495.046 0.117397 534.141 565.405 0.737278 536.121 575.279 0.124719 0 0 0 491.143 565.418 0.785577 493.034 616.338 0.896442 506.781 680.811 0.91087 0 0 0 487.167 430.472 0.279942 524.325 444.068 0.244089 493.055 440.217 0.934672 0
0 111 62 0 0 0 508.723 475.395 0.930679 545.882 477.306 0.838716 579.119 512.592 0.794173 596.691 489.068 0.839009 475.349 475.343 0.892669 446.076 510.635 0.827102 0 0 0 532.214 557.663 0.715689 536.093 581.096 0.349046 0 0 0 492.958 557.652 0.779256 492.977 602.653 0.787987 504.785 665.216 0.840499 0 0 0 0 0 0 524.452 438.255 0.316373 493.123 432.414 0.954537 0
0 111 63 0 0 0 508.808 469.537 0.888418 551.689 473.451 0.856118 581.114 508.711 0.867862 596.698 479.387 0.894096 475.397 467.601 0.858972 446.086 508.718 0.865424 461.743 487.192 0.0994102 534.114 555.621 0.734844 536.121 573.287 0.54495 537.978 622.194 0.69478 491.145 555.596 0.771996 491.083 592.814 0.711808 504.771 653.476 0.808948 0 0 0 0 0 0 530.186 430.351 0.383597 494.974 428.54 0.967113 0
0 111 64 0 0 0 510.615 461.815 0.914877 549.815 463.735 0.836487 583.073 506.665 0.861474 594.75 477.337 0.926948 475.419 461.77 0.908781 446.163 506.812 0.86775 0 0 0 532.19 543.947 0.669488 536.089 573.297 0.696031 538.027 622.156 0.788331 491.091 543.951 0.751248 491.01 585.029 0.747816 504.706 645.647 0.869734 0 0 0 0 0 0 532.187 422.633 0.436344 493.153 420.619 0.862318 0
0 111 65 0 0 0 508.8 459.793 0.913955 549.745 459.862 0.867041 582.979 496.954 0.830415 598.631 469.575 0.877961 475.436 459.784 0.912706 446.195 506.737 0.823358 446.033 510.693 0.338771 530.245 540.017 0.687189 536.076 571.405 0.75442 538.044 624.114 0.78734 491.066 540.017 0.748273 487.193 575.232 0.662508 500.891 633.854 0.901608 0 0 0 0 0 0 536.058 414.787 0.592866 494.973 414.798 0.931318 0
0 111 66 0 0 0 508.795 455.896 0.896193 549.76 457.837 0.85492 581.117 491.105 0.860002 598.67 461.751 0.927007 475.45 457.77 0.879724 450.015 500.88 0.7201 444.133 512.629 0.656949 528.286 537.981 0.700919 536.121 571.297 0.827029 538.071 624.111 0.808553 491.005 537.975 0.734638 487.181 569.407 0.691217 498.891 626.111 0.852745 0 0 0 0 0 0 536.052 410.851 0.672374 493.085 410.82 0.819693 0
0 111 67 0 0 0 508.775 448.104 0.90156 549.778 450.015 0.816485 584.918 485.215 0.855705 598.666 459.714 0.923924 475.396 448.067 0.876372 453.919 493.137 0.766619 444.213 518.451 0.826337 528.239 530.202 0.702314 536.077 569.416 0.835502 538.022 620.288 0.812539 490.998 530.232 0.71008 489.043 565.4 0.670592 495.027 616.366 0.912344 0 0 0 0 0 0 532.199 405.026 0.617266 493.061 403.059 0.783612 0
0 111 68 0 0 0 508.672 446.043 0.935098 545.878 446.08 0.849814 584.976 479.396 0.875581 600.562 451.963 0.892301 475.34 446.06 0.885798 457.785 491.095 0.792279 446.13 516.533 0.860671 526.387 526.324 0.746022 536.055 569.275 0.81796 538.004 620.253 0.795424 491.021 528.24 0.692491 487.157 555.594 0.701685 493.124 608.451 0.894639 0 0 0 0 0 0 528.262 401.082 0.696441 491.145 399.116 0.820839 0
0 111 69 0 0 0 508.645 444.07 0.931153 543.899 444.087 0.860315 584.979 477.332 0.908019 600.615 448.078 0.929652 475.347 444.104 0.889043 459.709 487.156 0.81489 446.196 512.654 0.877619 526.391 526.274 0.780318 536.085 569.283 0.827892 537.937 620.23 0.807282 491.008 526.303 0.724605 487.165 553.638 0.660292 492.979 598.706 0.934162 0 0 0 0 0 0 526.336 397.247 0.762852 491.127 397.17 0.747795 0
0 111 70 0 0 0 506.773 440.199 0.906734 541.949 440.182 0.845995 585.032 473.411 0.884737 600.699 444.11 0.890849 471.554 442.138 0.816612 459.698 483.297 0.809394 446.193 512.638 0.873819 526.338 522.454 0.804078 534.163 567.357 0.804735 536.076 618.324 0.815701 491.012 522.432 0.75608 487.191 549.784 0.680717 491.101 588.878 0.896891 0 0 0 0 0 0 524.349 397.071 0.885246 489.164 395.174 0.743311 0
0 111 71 0 0 0 506.653 436.313 0.891467 540.039 436.3 0.850802 585.069 465.646 0.895392 600.732 440.251 0.867622 465.698 438.289 0.788547 457.809 483.236 0.79425 446.163 512.62 0.887914 526.335 520.463 0.805998 536.06 565.414 0.815388 536.059 618.23 0.813221 490.984 520.461 0.756344 489.105 547.807 0.658759 491.094 584.927 0.858532 0 0 0 0 0 0 522.429 395.167 0.859486 489.113 389.387 0.767911 0
0 111 72 0 0 0 504.766 432.42 0.891795 539.98 432.408 0.887023 585.052 461.816 0.940448 602.623 436.278 0.859531 463.776 434.333 0.822301 455.834 479.334 0.809777 446.19 510.683 0.896294 526.353 518.448 0.784806 536.061 563.444 0.821289 536.029 618.244 0.807419 489.167 520.382 0.741912 489.12 541.998 0.647189 491.159 583.014 0.853756 0 0 0 0 0 0 522.365 391.271 0.848667 487.181 385.51 0.754057 0
0 111 73 0 0 0 500.837 430.485 0.88598 538.015 430.442 0.906745 586.88 459.677 0.919284 602.665 430.444 0.887098 461.835 432.371 0.863276 450.054 477.445 0.823697 446.152 510.64 0.920166 526.304 512.59 0.794395 536.057 555.726 0.866099 536.057 618.188 0.814962 489.17 514.585 0.740918 489.116 540.012 0.691677 492.954 575.247 0.881916 0 0 0 0 0 0 518.496 387.393 0.920955 481.324 383.594 0.721514 0
0 111 74 0 0 0 495.039 430.374 0.912575 534.092 428.561 0.868185 585.015 455.844 0.855047 602.601 428.442 0.882863 461.753 430.423 0.898939 448.066 475.449 0.838244 446.095 508.612 0.958466 524.43 508.725 0.816566 537.949 555.664 0.914912 536.124 616.29 0.843892 489.137 510.699 0.748197 489.123 539.963 0.691302 492.975 575.224 0.88668 0 0 0 0 0 0 512.626 385.431 0.943225 477.502 383.513 0.733113 0
0 111 75 0 0 0 494.99 428.496 0.915943 532.166 428.424 0.858707 585.008 448.061 0.864224 602.558 426.504 0.855112 461.698 430.35 0.900829 446.166 475.335 0.844189 446.037 506.719 0.948532 524.423 508.651 0.808237 536.079 553.726 0.866198 536.126 614.309 0.834185 489.111 510.626 0.741371 489.072 538 0.675103 491.128 577.162 0.869847 0 0 0 0 0 0 510.675 383.477 0.950282 477.392 383.478 0.762674 1
0 111 76 0 0 0 494.972 426.559 0.905421 532.195 426.535 0.841759 584.97 444.2 0.872552 600.706 416.804 0.848144 461.678 428.43 0.890512 446.193 471.505 0.797684 446.018 502.777 0.899592 524.412 504.783 0.758343 536.125 540.054 0.836282 534.129 602.574 0.831824 489.104 506.787 0.751747 487.195 537.95 0.705428 491.059 579.147 0.841261 0 0 0 0 0 0 510.659 381.492 0.935143 477.36 381.429 0.676412 1
0 111 77 0 0 0 493.129 422.631 0.893228 534.093 420.624 0.815999 585.023 442.139 0.854202 602.543 414.724 0.869924 459.852 426.486 0.874287 446.174 469.54 0.781429 445.992 497.003 0.870166 524.43 496.992 0.735689 537.977 536.084 0.83823 534.082 596.747 0.808674 489.112 504.752 0.714785 487.173 537.956 0.730609 491.108 581.095 0.851233 0 0 0 0 0 0 508.784 379.504 0.943572 475.473 377.61 0.603174 1
0 111 78 0 0 0 493.076 416.782 0.914076 532.154 414.827 0.855961 586.908 434.327 0.837217 600.732 408.944 0.82996 459.757 420.636 0.850524 446.11 475.415 0.748518 446.041 498.921 0.725627 526.28 496.961 0.69408 537.956 528.244 0.779731 534.104 592.804 0.809203 489.12 504.769 0.703233 487.163 534.09 0.703963 491.121 577.184 0.843085 0 0 0 0 0 0 508.755 373.699 0.935601 475.486 373.699 0.572122 1
0 111 79 0 0 0 493.046 414.76 0.942889 528.295 412.884 0.86532 585.066 430.351 0.863191 602.56 403.053 0.799708 459.765 414.876 0.88063 446.126 467.594 0.768295 444.21 491.077 0.776015 526.304 493.004 0.680043 538.098 520.466 0.821741 536.015 584.989 0.854296 490.987 498.912 0.725717 487.196 534.131 0.702846 491.094 579.104 0.832633 0 0 0 0 0 0 508.733 369.741 0.980229 475.493 369.773 0.604651 1
0 111 80 0 0 0 493.102 412.819 0.930952 530.251 412.759 0.840856 586.998 426.506 0.819455 602.613 399.166 0.822712 459.823 412.892 0.899549 446.072 471.496 0.792462 446.185 477.416 0.367682 526.329 491.033 0.68077 539.992 514.545 0.817833 536.101 579.129 0.852733 490.997 494.999 0.737064 489.138 532.175 0.718185 491.079 577.164 0.81865 0 0 0 0 0 0 508.809 367.794 0.98708 477.343 367.799 0.601534 1
0 111 81 0 0 0 494.963 410.895 0.910801 534.142 410.871 0.838165 586.94 422.626 0.823893 602.602 399.097 0.802396 459.851 412.779 0.893515 446.154 461.748 0.887235 444.165 457.84 0.286499 526.319 489.106 0.66065 540.07 508.755 0.885395 538.05 571.319 0.94574 490.99 493.062 0.779766 490.984 534.123 0.742743 491.117 577.168 0.809355 0 0 0 0 0 0 510.676 365.869 0.997572 477.405 365.879 0.685708 1
0 111 82 0 0 0 495.035 408.927 0.876071 536.046 408.874 0.819111 587.045 418.684 0.818563 602.556 395.238 0.770194 461.705 410.873 0.880152 446.161 457.836 0.870829 448.043 446.074 0.209995 526.37 487.177 0.659718 542.032 508.612 0.837126 540.06 567.33 0.906251 491.021 492.984 0.793147 490.983 532.148 0.753279 491.128 577.154 0.83408 0 0 0 0 0 0 512.615 363.907 0.938463 477.491 363.881 0.640065 1
0 111 83 0 0 0 496.978 403.019 0.869541 536.113 401.097 0.859654 587.036 414.874 0.871159 602.629 385.489 0.813793 461.811 405.038 0.857588 448.049 451.933 0.85341 440.246 440.226 0.313151 532.181 487.193 0.667647 543.904 506.71 0.761379 543.934 559.551 0.859932 491.07 491.101 0.833179 489.156 534.117 0.759809 491.15 577.197 0.83283 0 0 0 0 0 0 516.496 361.938 0.900126 481.312 360.003 0.556439 1
0 111 84 0 0 0 502.82 399.192 0.902601 538.044 399.205 0.921987 590.844 412.89 0.864756 602.575 385.446 0.775599 465.687 399.239 0.874226 451.939 446.034 0.888676 461.708 442.194 0.170428 532.141 485.2 0.680082 547.829 506.797 0.784259 553.733 555.603 0.902093 491.088 489.13 0.81968 489.163 528.237 0.790845 491.123 577.196 0.833981 0 0 0 0 0 0 520.408 356.107 0.922898 485.209 356.077 0.648312 1
0 111 85 0 0 0 504.815 397.25 0.925131 538.045 399.047 0.933574 592.846 410.813 0.826822 598.696 383.439 0.658809 473.418 397.257 0.902591 453.912 444.073 0.866365 461.738 440.214 0.170133 530.236 479.353 0.708526 547.849 506.745 0.777314 557.659 551.681 0.846095 491.097 483.285 0.814768 490.985 530.223 0.817833 491.099 581.051 0.8334 0 0 0 0 0 0 522.432 354.158 0.93236 491.016 352.29 0.698247 1
0 111 86 0 0 0 506.814 397.136 0.933033 540.053 397.229 0.921086 596.715 403.032 0.839509 596.699 369.775 0.55927 475.425 397.134 0.908412 455.862 438.289 0.776658 463.714 436.301 0.131102 534.107 479.337 0.731167 547.833 506.685 0.703164 563.502 541.939 0.798033 492.955 481.325 0.822204 491.026 528.287 0.831746 491.111 579.153 0.838188 0 0 0 0 0 0 524.353 352.183 0.991566 492.953 352.16 0.634237 1
