3 111 63 1213.06 307.154 0.457879 1242.41 330.656 0.590141 1246.29 326.733 0.429981 1211.07 352.216 0.083296 1211.07 330.669 0.235121 1242.33 334.547 0.703469 1215.04 369.821 0.756659 1195.46 354.112 0.690152 1226.69 410.864 0.516982 1228.62 461.707 0.40693 1228.76 516.529 0.435001 1222.8 412.836 0.719426 1175.82 440.187 0.543019 1166.2 504.77 0.614405 1211.15 305.3 0.060067 1217 301.324 0.439685 0 0 0 1234.56 297.397 0.50211 0
3 111 64 1205.2 303.253 0.420593 1242.32 322.887 0.742943 1256.09 320.914 0.567062 0 0 0 0 0 0 1228.65 332.58 0.708246 1211.15 367.803 0.840053 1193.45 350.141 0.729472 1236.55 406.984 0.612729 1226.67 459.695 0.840329 1230.65 520.44 0.8516 1213.1 405.015 0.724402 1171.93 436.338 0.825002 1150.41 493.007 0.891945 0 0 0 1210.97 297.382 0.42505 0 0 0 1222.79 299.307 0.476713 0
3 111 65 1199.34 291.527 0.490791 1232.65 320.816 0.74365 1248.27 314.977 0.590708 1211.04 350.236 0.074246 1197.42 316.931 0.264993 1222.81 330.659 0.699853 1197.4 367.851 0.83424 1189.57 332.6 0.643948 1226.75 403.046 0.600916 1216.99 457.812 0.551291 1228.74 514.578 0.532606 1211.09 401.162 0.753583 1166 438.288 0.680157 1134.77 485.234 0.749325 0 0 0 1205.25 287.614 0.50273 0 0 0 1218.9 289.541 0.598587 0
3 111 66 1185.65 289.569 0.576487 1215.07 320.957 0.755848 1226.79 320.84 0.646844 1195.44 346.331 0.102429 1183.67 318.905 0.299933 1211.05 326.769 0.78979 1191.54 365.834 0.841056 1177.84 334.613 0.654483 1213.05 403.027 0.56927 1213.06 459.692 0.54229 1226.74 510.631 0.448424 1201.3 403.073 0.73171 1158.24 430.497 0.654628 1126.92 479.338 0.693483 0 0 0 1193.49 287.508 0.599442 0 0 0 1205.24 289.584 0.644416 0
3 111 67 1179.77 289.509 0.502309 1211.05 318.93 0.769802 1222.81 316.924 0.605632 1185.67 346.317 0.0950588 1179.74 315.009 0.267133 1197.43 322.841 0.800489 1181.67 365.845 0.864059 1164.2 334.532 0.74454 1211.03 399.084 0.729137 1199.38 448.017 0.864558 1224.82 508.733 0.856172 1183.75 397.179 0.734131 1148.39 430.462 0.89014 1119.12 479.386 0.849415 0 0 0 1181.79 285.619 0.48483 0 0 0 1195.47 287.615 0.640856 0
3 111 68 1166.2 289.637 0.421162 1199.33 318.861 0.783064 1213.05 314.981 0.685165 1181.74 338.481 0.0877497 1166.15 311.112 0.243143 1189.56 322.817 0.739968 1166.05 360 0.849245 1158.25 328.698 0.718319 1199.35 395.181 0.674694 1185.65 440.208 0.822011 1216.93 496.957 0.793843 1179.72 391.338 0.711373 1134.86 428.411 0.870242 1117.18 479.367 0.881971 0 0 0 1171.97 287.569 0.444428 0 0 0 1183.67 287.624 0.649658 0
3 111 69 1156.33 289.486 0.133621 1189.56 316.896 0.7558 1201.29 313.034 0.666926 1199.34 315.018 0.0879464 0 0 0 1179.69 318.973 0.824722 1162.14 354.212 0.868288 1142.58 332.628 0.781684 1197.36 389.342 0.679155 1168.1 430.365 0.817436 1203.28 487.167 0.769633 1171.94 389.373 0.698245 1128.87 416.809 0.850509 1117.15 479.331 0.918206 0 0 0 1162.18 285.658 0.163455 1197.35 283.701 0.112218 1166.18 287.542 0.56709 0
3 111 70 1150.4 283.681 0.337513 1181.83 307.211 0.747752 1197.37 305.207 0.678633 1168.03 316.977 0.0951614 1148.47 305.205 0.296436 1171.93 315.01 0.729263 1150.52 352.104 0.819916 1136.7 326.707 0.675842 1183.73 385.406 0.622582 1158.25 426.484 0.785777 1195.35 477.412 0.851093 1164.07 383.497 0.691234 1119.24 416.805 0.855618 1117.16 477.49 0.927378 0 0 0 1154.32 275.888 0.376549 0 0 0 1166.12 283.699 0.596658 0
3 111 71 1138.74 273.911 0.432914 1177.78 305.28 0.778673 1189.55 303.25 0.698219 1152.47 309.149 0.0883934 1140.63 297.382 0.282392 1164.12 313.016 0.788897 1140.65 348.241 0.821 1132.88 316.931 0.732072 1179.78 381.456 0.658742 1142.59 412.867 0.766579 1177.86 461.811 0.834224 1154.36 381.485 0.682387 1119.09 414.79 0.809069 1117.22 477.488 0.899011 0 0 0 1146.47 271.945 0.5061 0 0 0 1154.38 275.884 0.67921 0
3 111 72 1134.81 271.997 0.329961 1169.99 301.314 0.758642 1183.75 293.478 0.657517 1152.4 295.425 0.122559 1132.89 297.399 0.354795 1158.24 307.144 0.740678 1134.8 344.354 0.826323 1123.04 318.856 0.725615 1166.16 377.57 0.616585 1136.71 414.783 0.778548 1164.14 463.684 0.782021 1146.5 377.609 0.688343 1117.17 414.851 0.786111 1117.16 477.429 0.881841 0 0 0 1138.69 269.971 0.361886 0 0 0 1150.37 271.958 0.709872 0
3 111 73 1123.08 272.042 0.270542 1164.05 297.389 0.772227 1179.73 291.532 0.708558 1158.25 303.257 0.0613749 0 0 0 1148.46 303.203 0.738569 1130.82 340.411 0.79848 1119.15 311.107 0.706627 1162.2 381.454 0.632695 1128.92 414.832 0.617517 1148.41 457.85 0.777763 1134.83 381.454 0.745663 1115.25 420.658 0.735319 1117.24 477.403 0.831034 0 0 0 1128.94 269.964 0.309132 1166.05 266.033 0.0852879 1138.72 269.942 0.585467 0
3 111 74 1119.14 270.022 0.294892 1162.09 289.566 0.806718 1175.83 285.641 0.723927 1136.8 303.286 0.0760272 1119.22 289.567 0.260416 1146.48 295.459 0.743371 1121.11 336.493 0.833955 1117.17 303.231 0.658679 1160.21 373.713 0.635939 1119.12 414.788 0.637687 1115.2 473.422 0.514037 1134.76 371.779 0.761597 1115.21 416.704 0.761236 1115.23 477.354 0.793353 0 0 0 1121.06 264.152 0.340968 0 0 0 1134.84 260.265 0.648051 0
3 111 75 1109.33 266.113 0.220084 1150.39 287.57 0.85503 1166.05 283.682 0.722084 1152.39 301.284 0.0686099 0 0 0 1134.77 289.605 0.795821 1117.21 334.515 0.860924 1105.42 301.237 0.715628 1150.45 367.898 0.69623 1117.24 416.781 0.558776 1115.24 471.513 0.459779 1126.95 369.771 0.730232 1113.29 420.643 0.746077 1117.16 477.469 0.855931 0 0 0 1115.14 258.303 0.263656 1152.39 254.343 0.0846402 1125.02 258.198 0.557348 0
3 111 76 1101.48 271.946 0.611746 1140.62 275.925 0.764017 1156.29 269.97 0.649852 1148.5 277.813 0.0656358 0 0 0 1126.98 287.644 0.742093 1109.38 332.567 0.758451 1101.49 299.318 0.623093 1148.39 365.834 0.60741 1107.4 412.791 0.50469 1103.47 457.849 0.466169 1123.05 367.796 0.724113 1111.27 414.798 0.729106 1117.19 477.432 0.86115 1095.62 268.049 0.370732 1103.4 266.056 0.598895 0 0 0 1117.19 258.21 0.65556 0
3 111 77 1091.75 260.273 0.391615 1132.78 275.923 0.794612 1146.51 271.947 0.700475 1101.51 301.266 0.092701 1097.63 271.994 0.287387 1119.17 285.642 0.728533 1103.51 324.813 0.785717 1093.7 293.482 0.598962 1128.91 361.981 0.5 1087.84 385.447 0.408899 1076.06 428.424 0.531594 1117.12 365.877 0.749236 1105.44 414.801 0.784484 1117.24 477.341 0.818216 1087.92 256.207 0.0985855 1099.5 256.342 0.428214 0 0 0 1115.17 256.288 0.553233 0
3 111 78 1085.83 258.341 0.631356 1121.09 273.955 0.800613 1134.75 269.963 0.713412 1101.5 299.344 0.105313 0 0 0 1115.15 283.719 0.762401 1101.47 322.808 0.832834 1081.98 303.278 0.553424 1117.16 356.071 0.524583 1081.98 369.848 0.5913 1058.54 416.722 0.755279 1113.22 363.868 0.701379 1101.6 412.883 0.839941 1119.06 477.328 0.886271 1085.79 254.331 0.113152 1087.81 256.297 0.622609 0 0 0 1103.45 254.362 0.701274 0
3 111 79 1081.91 256.323 0.403367 1117.17 273.884 0.782739 1128.93 269.98 0.661528 1091.79 303.191 0.0706314 0 0 0 1107.39 279.796 0.700271 1093.72 320.793 0.784758 1076.07 289.575 0.646533 1111.31 354.164 0.47662 1072.23 371.761 0.623302 1052.6 414.782 0.789935 1103.5 361.923 0.735412 1101.48 412.889 0.861291 1117.22 475.477 0.889844 1078.06 246.557 0.110817 1083.95 252.387 0.408033 0 0 0 1099.53 252.354 0.537115 0
3 111 80 1072.13 256.266 0.478985 1105.46 270.018 0.790161 1119.13 266.049 0.683587 1087.89 291.522 0.062444 1074.19 266.12 0.196442 1099.55 273.937 0.770744 1087.81 316.951 0.868895 1072.1 289.59 0.688315 1101.52 352.136 0.535198 1068.3 375.678 0.537482 1042.91 414.808 0.742208 1095.65 354.129 0.696602 1089.85 412.863 0.826036 1117.17 475.439 0.848168 1070.26 246.538 0.1272 1074.1 252.342 0.425351 0 0 0 1087.84 244.553 0.538224 0
3 111 81 1068.26 256.199 0.547192 1099.58 269.949 0.688815 1103.46 262.157 0.474278 1070.2 289.576 0.0911019 0 0 0 1101.48 273.872 0.721157 1083.87 313.049 0.749923 1060.45 287.611 0.606766 1072.24 350.183 0.678366 1052.55 399.176 0.58345 1040.97 418.734 0.56327 1087.84 354.115 0.730452 1083.9 410.876 0.841951 1107.43 465.627 0.798416 1066.31 242.547 0.208752 1070.27 246.538 0.545202 0 0 0 1087.76 244.591 0.576984 0
3 111 82 1060.4 250.454 0.532478 1093.7 269.953 0.687784 1101.54 264.146 0.559393 1070.18 291.498 0.122565 1056.58 266.122 0.280788 1091.76 271.909 0.75634 1076.07 309.117 0.786209 1056.51 287.573 0.766063 1072.23 350.215 0.564027 1048.7 397.106 0.514426 1040.81 416.766 0.65232 1076.09 352.219 0.685581 1066.28 399.163 0.827972 1101.44 457.816 0.83665 1056.59 240.624 0.217186 1066.28 242.657 0.586228 0 0 0 1081.96 242.549 0.624243 0
3 111 83 1056.49 242.666 0.479911 1087.92 256.346 0.761984 1101.52 252.366 0.659152 1070.24 283.669 0.129607 1050.63 269.959 0.386257 1083.92 262.217 0.729006 1070.31 305.211 0.88189 1050.66 279.76 0.654503 1085.89 340.444 0.532986 1048.71 383.535 0.559389 1038.9 416.782 0.648316 1070.26 346.273 0.711378 1052.61 391.291 0.746937 1085.91 446.046 0.878126 1054.57 240.514 0.19726 1056.63 240.62 0.479359 0 0 0 1070.27 236.708 0.583275 0
3 111 84 1050.61 240.731 0.387735 1085.79 256.332 0.750573 1091.72 254.317 0.635803 1064.36 287.559 0.128367 1040.89 268.021 0.355399 1078.03 260.201 0.781822 1064.33 303.261 0.819532 1042.8 277.806 0.722266 1074.16 340.473 0.482393 1035.01 383.505 0.476648 1040.88 418.77 0.415348 1068.29 344.376 0.684627 1040.79 383.44 0.720561 1074.13 440.243 0.803375 0 0 0 1052.61 238.613 0.413302 0 0 0 1064.32 232.85 0.552378 0
3 111 85 1040.91 238.667 0.339391 1074.17 252.397 0.739274 1085.88 246.494 0.680967 1054.55 268.06 0.176818 1036.92 262.16 0.471271 1070.19 256.342 0.793617 1056.59 301.286 0.840882 1038.93 273.981 0.722331 1080.01 334.511 0.499475 1038.95 369.788 0.615189 1052.6 426.472 0.500584 1064.34 334.608 0.70233 1034.98 371.747 0.637728 1058.48 428.539 0.76895 0 0 0 1042.89 230.903 0.348327 0 0 0 1054.6 228.928 0.604474 0
3 111 86 1036.9 228.918 0.540605 1070.24 242.684 0.743226 1078.06 240.604 0.600774 1042.81 258.233 0.212755 1025.18 256.303 0.58667 1062.42 254.284 0.789421 1054.61 295.451 0.79711 1029.17 273.965 0.582413 1072.14 328.676 0.478981 1038.89 365.924 0.548096 1038.96 418.707 0.606986 1056.53 330.682 0.68013 1025.3 367.81 0.634157 1040.86 422.582 0.650162 1034.96 225.052 0.10477 1038.83 225.017 0.612578 0 0 0 1052.54 224.953 0.68916 0
3 111 87 1029.11 234.762 0.518345 1066.29 242.645 0.702199 1072.2 238.72 0.596006 1036.93 256.285 0.22479 1021.32 254.323 0.496137 1056.61 252.371 0.783127 1052.55 291.506 0.736437 1025.14 287.581 0.645815 1062.39 324.815 0.466302 1036.94 365.908 0.566338 1036.98 414.853 0.649354 1050.62 324.785 0.645444 1023.3 365.826 0.67933 1031.07 416.738 0.673781 1025.22 226.92 0.171076 1034.95 227 0.580461 0 0 0 1044.81 225.04 0.62696 0
3 111 88 1025.26 226.924 0.0926849 1058.48 242.574 0.798924 1070.18 240.641 0.739073 1035.02 258.221 0.263619 1013.49 256.297 0.532807 1052.61 244.619 0.801957 1044.78 289.56 0.789769 1023.18 275.875 0.64946 1068.27 320.94 0.583365 1038.81 363.887 0.654226 1038.98 416.722 0.72011 1044.81 320.913 0.699054 1011.6 356.092 0.723521 1025.18 414.855 0.783908 0 0 0 1025.3 223.04 0.105176 1056.47 211.298 0.126533 1036.92 217.188 0.535545 0
3 111 89 1013.49 213.263 0.429167 1052.64 238.714 0.730749 1058.48 234.758 0.609776 1023.22 250.436 0.19016 1005.66 254.343 0.480759 1046.71 242.655 0.803407 1038.97 287.678 0.882002 1017.4 266.066 0.649657 1060.42 318.92 0.498778 1035.01 356.098 0.618989 1038.94 414.76 0.800911 1042.82 318.924 0.672922 1007.67 350.238 0.804976 1009.5 412.785 0.820013 0 0 0 1019.37 209.354 0.500203 0 0 0 1029.12 211.33 0.711019 0
3 111 90 1009.56 217.215 0.305862 1040.97 238.668 0.751219 1052.56 230.895 0.603178 1021.25 254.332 0.245134 1003.71 250.469 0.521045 1040.82 242.559 0.837118 1034.97 287.504 0.791031 1009.52 264.163 0.649578 1048.69 318.91 0.526501 1034.99 363.941 0.639082 1038.92 414.803 0.772584 1036.94 318.887 0.676603 1001.75 350.161 0.757593 991.933 403.037 0.812834 0 0 0 1011.52 211.365 0.341655 0 0 0 1023.28 213.256 0.689918 0
3 111 91 1007.54 215.267 0.182887 1038.82 238.623 0.740089 1040.89 232.847 0.579041 1011.5 250.441 0.21364 995.913 254.288 0.495266 1035.03 240.685 0.803212 1027.21 285.637 0.793715 1007.63 264.156 0.636359 1036.93 316.913 0.567629 1033.06 365.798 0.707212 1040.8 414.806 0.825859 1025.28 316.958 0.729402 995.947 348.263 0.806342 978.265 397.147 0.90555 0 0 0 1009.48 211.287 0.232155 0 0 0 1017.39 211.36 0.579524 0
3 111 92 994.023 211.32 0.519684 1036.94 228.975 0.77892 1042.85 224.981 0.659559 1007.62 238.695 0.385817 990.012 244.632 0.629492 1027.18 240.636 0.835582 1023.2 285.653 0.842844 995.921 258.217 0.748516 1040.83 315.019 0.595081 1027.14 363.855 0.755617 1038.98 414.796 0.845659 1023.3 316.899 0.731905 991.995 346.305 0.817443 976.193 393.273 0.848577 0 0 0 997.86 209.29 0.514557 0 0 0 1009.63 211.234 0.724356 0
3 111 93 992.027 213.283 0.284796 1027.14 232.802 0.780449 1038.84 226.924 0.686923 1001.75 240.62 0.396902 982.144 246.552 0.581814 1023.22 240.63 0.843377 1013.53 283.711 0.780093 991.98 258.332 0.742681 1038.86 313.042 0.593117 1023.26 359.988 0.679366 1038.99 412.84 0.82247 1023.2 314.973 0.71654 988.02 344.339 0.790539 966.538 393.251 0.816959 0 0 0 993.95 211.257 0.33222 0 0 0 1005.67 211.348 0.695362 0
3 111 94 989.938 211.329 0.147602 1023.27 226.987 0.798167 1031.12 221.105 0.617654 993.962 238.681 0.300264 976.267 244.603 0.539587 1015.44 238.703 0.805274 1009.56 281.714 0.851132 988.026 258.257 0.697979 1036.97 307.225 0.586798 1007.61 350.168 0.663557 1038.81 403.057 0.688698 1021.27 313.03 0.691234 980.255 340.464 0.746881 962.626 393.266 0.79481 0 0 0 991.828 209.263 0.177521 0 0 0 995.882 209.356 0.621384 0
3 111 95 978.233 209.418 0.402929 1009.58 230.897 0.781822 1015.42 225.057 0.595271 978.317 238.73 0.490931 960.626 250.418 0.666274 1009.56 240.639 0.877937 1003.67 283.687 0.797968 976.301 260.26 0.725066 1019.33 305.285 0.524261 995.918 348.199 0.737765 1027.21 397.152 0.824935 1009.64 309.162 0.664123 972.357 336.564 0.81959 960.676 395.168 0.867772 0 0 0 980.26 207.387 0.392593 0 0 0 991.988 209.408 0.715611 0
3 111 96 976.266 211.288 0.199723 1007.66 226.943 0.805037 1017.37 222.993 0.651611 978.246 230.92 0.40845 960.66 244.605 0.513684 1005.61 236.76 0.798802 994.024 281.73 0.851365 976.254 258.355 0.708148 1021.32 303.288 0.569919 991.875 338.489 0.769786 1019.37 385.502 0.80122 1007.57 305.307 0.702923 964.63 336.552 0.853042 960.656 395.177 0.886114 0 0 0 976.388 209.259 0.246471 0 0 0 986.066 209.286 0.627697 0
3 111 97 964.578 211.341 0.386342 997.86 226.97 0.76461 1003.69 221.088 0.570812 964.587 236.728 0.71689 944.907 248.516 0.749169 1003.64 238.7 0.814891 991.961 281.75 0.807231 976.216 256.292 0.729743 999.812 303.256 0.538728 984.12 336.586 0.682568 1009.66 381.518 0.904856 997.848 305.248 0.679944 962.623 336.477 0.896006 960.623 393.27 0.856989 0 0 0 968.496 209.333 0.422244 0 0 0 978.286 211.247 0.678662 0
3 111 98 962.536 211.386 0.225476 993.944 226.898 0.778087 995.851 221.06 0.592271 964.575 240.593 0.552167 941.087 250.43 0.576523 994.01 234.809 0.831149 989.92 275.909 0.792593 962.648 258.224 0.59472 995.912 299.31 0.53185 974.346 332.608 0.65435 1003.66 379.529 0.80006 999.778 303.252 0.723137 962.548 334.504 0.808389 960.64 395.188 0.795078 0 0 0 962.647 209.365 0.280544 0 0 0 974.287 209.374 0.680318 0
3 111 99 958.717 211.339 0.278285 993.844 217.152 0.80903 1003.69 209.315 0.690416 962.675 236.735 0.538814 933.279 250.392 0.589228 990.023 226.987 0.795827 986.066 271.99 0.822631 960.681 256.368 0.619748 1005.66 291.504 0.548156 966.503 322.829 0.662687 990.024 367.885 0.863855 995.839 299.347 0.733978 956.691 328.682 0.738985 958.728 395.156 0.783224 0 0 0 960.603 209.287 0.321889 0 0 0 966.542 207.37 0.642895 0
3 111 100 960.594 223.015 0.28151 989.995 221.098 0.737107 993.888 215.198 0.575087 945.053 242.571 0.472354 929.301 252.395 0.411702 989.97 226.927 0.851814 982.142 270.007 0.813262 964.528 250.439 0.544234 990.017 289.661 0.543829 962.581 334.514 0.618793 978.311 365.855 0.729329 988.038 295.425 0.718427 958.622 336.46 0.812959 960.608 393.233 0.821551 0 0 0 960.609 213.293 0.309963 0 0 0 964.634 209.332 0.543647 0
3 111 101 948.891 209.413 0.305116 984.162 213.265 0.765051 991.902 209.316 0.623297 948.93 238.723 0.586337 927.339 250.41 0.620787 982.208 224.963 0.799115 978.286 268.012 0.847148 947.002 260.251 0.597426 999.804 287.635 0.50887 948.893 316.944 0.438138 962.578 354.15 0.190115 993.977 293.478 0.74203 946.973 318.954 0.721406 960.549 385.488 0.785239 0 0 0 948.945 203.497 0.319569 0 0 0 960.587 199.543 0.624516 0
3 111 102 946.911 209.347 0.33691 978.253 213.258 0.770873 980.21 207.375 0.527986 945.055 238.685 0.758628 913.765 254.282 0.822441 978.311 225.06 0.824588 978.174 268.006 0.79379 948.932 256.342 0.507767 980.281 287.536 0.505762 941.057 305.268 0.464816 946.932 344.338 0.280182 991.938 293.454 0.714522 944.966 313.068 0.614483 952.79 334.481 0.0794738 0 0 0 947.023 201.511 0.359997 0 0 0 958.657 201.513 0.637771 0
3 111 103 937.189 197.645 0.451897 974.318 215.226 0.735939 966.498 211.34 0.596259 939.157 238.727 0.797918 911.758 254.276 0.835179 976.336 224.906 0.907146 976.19 266.074 0.78685 944.997 264.132 0.56953 978.23 285.688 0.581436 933.288 305.177 0.694693 937.208 350.196 0.636903 989.953 291.55 0.761758 946.911 328.692 0.519543 960.679 389.32 0.812654 0 0 0 942.983 193.774 0.513638 0 0 0 948.98 195.719 0.690721 0
3 111 104 935.202 199.559 0.285335 962.667 215.2 0.776 950.882 211.337 0.646369 931.275 240.664 0.841208 905.885 256.207 0.812044 976.216 223 0.85817 972.343 260.294 0.775306 945.074 256.272 0.644363 964.54 287.543 0.6437 931.363 324.769 0.595257 929.304 348.28 0.489326 980.252 291.541 0.71292 947.009 336.457 0.791492 960.668 393.26 0.832284 0 0 0 941.073 195.688 0.29022 0 0 0 947.015 195.614 0.477277 0
3 111 105 929.344 195.68 0.335579 962.641 215.21 0.769805 950.903 211.281 0.666978 931.248 238.674 0.83991 900.026 254.367 0.893677 974.329 222.998 0.866791 968.473 260.269 0.777977 944.921 256.311 0.679134 962.708 287.563 0.707355 929.311 315.009 0.557808 915.615 352.144 0.542813 978.331 291.581 0.746912 945.016 334.617 0.820315 960.696 391.29 0.833798 0 0 0 931.263 193.659 0.348073 0 0 0 944.921 193.733 0.579616 0
3 111 106 927.343 193.751 0.650133 958.703 211.369 0.803843 943.039 209.284 0.716528 917.589 238.717 0.770246 896.12 256.203 0.817659 970.455 221.05 0.867214 964.615 260.219 0.792228 945.02 240.664 0.81414 958.682 285.6 0.745019 927.318 315.026 0.697016 909.759 356.091 0.706485 976.308 289.611 0.808309 943.049 334.496 0.79649 960.667 389.371 0.839177 929.32 185.867 0.097257 929.344 189.781 0.607687 0 0 0 944.96 191.674 0.656868 0
3 111 107 917.669 195.657 0.66184 948.949 213.247 0.813803 931.335 211.239 0.783481 913.74 242.588 0.790332 886.35 258.209 0.831218 964.606 219.155 0.87319 964.538 260.232 0.807002 937.202 240.632 0.809492 947.016 281.744 0.730237 923.447 316.98 0.590666 913.654 352.195 0.65739 972.405 289.502 0.749625 939.124 332.64 0.727799 960.628 389.344 0.80207 919.607 191.703 0.0972007 925.384 193.627 0.602326 0 0 0 941.052 191.775 0.652224 1
3 111 108 915.57 197.625 0.827366 945.057 215.186 0.879268 927.402 213.266 0.789272 903.939 246.508 0.766678 882.297 260.223 0.802961 962.586 219.151 0.897944 962.63 258.354 0.870717 931.409 240.617 0.840733 946.971 281.768 0.738944 917.607 309.13 0.6689 913.618 352.166 0.706294 974.299 289.503 0.785111 931.283 318.925 0.670927 960.676 389.335 0.768635 915.567 193.694 0.247656 915.766 193.778 0.78763 0 0 0 933.321 193.716 0.742704 1
3 111 109 911.664 199.563 0.794121 941.114 215.197 0.827195 919.609 213.316 0.738087 901.946 246.525 0.713816 878.428 264.158 0.750205 960.561 219.16 0.8596 960.578 260.239 0.835936 929.414 242.578 0.81967 946.923 279.766 0.708385 915.611 314.988 0.669598 911.763 352.229 0.665703 972.381 287.562 0.760323 929.255 320.862 0.741833 960.665 387.382 0.787866 911.67 193.69 0.202504 913.732 195.62 0.867945 0 0 0 931.264 195.577 0.801509 1
3 111 110 902 199.587 0.764512 935.203 215.202 0.822271 915.693 213.279 0.782813 898.059 254.335 0.760505 870.67 268.051 0.72976 956.71 219.124 0.831396 950.884 260.283 0.789584 925.464 238.664 0.811035 946.893 281.713 0.759283 911.709 307.152 0.69563 913.688 350.225 0.720759 970.467 287.523 0.744543 929.382 320.916 0.715753 960.664 387.393 0.779663 901.96 193.8 0.190881 909.802 195.678 0.773047 0 0 0 927.422 195.628 0.733373 1
3 111 111 900.028 203.44 0.802827 931.354 217.143 0.846829 915.605 217.163 0.757311 896.105 254.287 0.715275 872.602 269.948 0.612204 948.923 217.199 0.856134 950.904 258.306 0.834744 921.527 240.675 0.795845 946.894 281.703 0.748045 911.739 305.259 0.750565 913.671 348.303 0.766088 968.512 285.636 0.745204 931.323 322.81 0.778275 960.676 387.379 0.812548 900 195.565 0.185805 902.039 195.686 0.775039 0 0 0 923.442 195.604 0.702771 1
3 111 112 898.105 207.38 0.795649 931.324 217.176 0.842496 915.621 215.255 0.71567 894.133 254.292 0.617178 874.565 260.234 0.432551 947.04 219.116 0.865955 948.897 260.219 0.867458 915.691 238.723 0.929542 945.05 275.909 0.73076 911.709 303.238 0.704166 913.713 346.339 0.770387 970.441 279.796 0.722416 931.297 322.801 0.804818 960.666 383.578 0.842875 898.063 195.755 0.109162 900.029 199.535 0.774022 0 0 0 915.726 197.664 0.71744 1
3 111 113 897.959 209.397 0.811021 929.324 219.135 0.848577 911.717 221.06 0.715772 886.354 258.196 0.713184 864.723 269.974 0.646386 945.026 221.055 0.873687 946.941 262.17 0.803306 913.773 240.68 0.966464 944.943 275.857 0.742657 903.908 297.423 0.784177 915.622 346.33 0.818089 968.476 275.935 0.764732 931.296 320.843 0.824478 960.567 381.49 0.841715 897.911 201.5 0.114787 899.903 205.421 0.757677 0 0 0 913.756 203.468 0.725334 1
3 111 114 894.087 211.293 0.83626 927.361 222.955 0.810999 905.906 224.946 0.6597 884.336 260.248 0.709144 856.957 271.952 0.745107 943.082 221.102 0.86571 944.986 264.112 0.794114 909.815 240.656 0.865504 943.045 273.947 0.715655 901.991 299.323 0.832614 915.578 344.367 0.815144 968.475 275.845 0.793205 931.346 320.803 0.83948 960.564 379.558 0.827647 886.334 207.306 0.227198 897.988 207.395 0.820957 0 0 0 913.726 205.434 0.713255 1
3 111 115 888.233 211.415 0.847644 923.477 221.029 0.807983 902.028 223.04 0.70057 882.453 258.239 0.710052 856.929 271.979 0.758775 942.967 221.095 0.823519 941.064 266.117 0.74074 913.618 242.592 0.939169 941.101 273.965 0.712915 900.07 295.434 0.819558 913.738 346.273 0.834316 966.567 275.841 0.805337 933.261 320.847 0.844759 958.64 375.647 0.789235 884.378 209.288 0.271213 896.01 209.367 0.827797 0 0 0 913.621 207.391 0.750335 1
3 111 116 886.294 211.398 0.848962 921.534 221.038 0.802025 903.923 221.077 0.661401 882.44 252.365 0.684947 864.769 271.892 0.726904 937.205 223.006 0.832515 939.118 269.948 0.76732 913.59 242.557 0.964817 941.088 273.904 0.706813 900.019 293.497 0.847814 913.739 344.369 0.87267 968.46 273.912 0.816942 933.225 320.834 0.890023 954.816 371.721 0.804069 884.294 209.34 0.249913 892.179 209.358 0.814049 0 0 0 911.739 207.416 0.762003 1
3 111 117 886.297 215.251 0.843439 917.667 223.023 0.843579 899.968 224.936 0.700239 880.437 254.317 0.619146 868.642 271.937 0.633284 935.264 223.06 0.835822 939.15 271.912 0.820222 911.756 240.69 0.822035 937.193 275.863 0.708181 900.053 295.459 0.806118 913.717 346.331 0.870351 964.613 274.008 0.810243 933.315 318.959 0.843688 956.731 369.856 0.804096 884.292 211.223 0.341246 894.101 211.32 0.850444 0 0 0 913.619 209.309 0.782865 1
3 111 118 886.358 219.131 0.821159 917.6 221.12 0.858716 898.104 222.992 0.694968 880.443 250.434 0.704254 868.636 273.863 0.700062 935.202 224.903 0.841955 941.103 271.922 0.774972 913.649 242.685 0.875957 939.132 275.856 0.716101 899.99 297.405 0.852267 913.701 348.292 0.882365 964.582 275.892 0.821758 933.274 318.925 0.882115 956.754 369.826 0.81994 884.3 211.399 0.373377 894.094 211.391 0.821236 0 0 0 911.76 209.274 0.760641 1
3 111 119 886.311 222.988 0.81051 915.702 223.019 0.886699 898.001 223.048 0.704177 876.524 256.253 0.701379 866.721 285.619 0.530282 933.324 224.991 0.845574 939.099 272.009 0.775071 911.759 242.674 0.805574 937.181 273.959 0.715644 900.019 301.298 0.819288 913.686 350.159 0.83932 964.565 275.837 0.84553 931.378 318.898 0.916669 956.745 369.824 0.831797 884.256 213.29 0.338912 890.257 213.26 0.779198 0 0 0 911.691 209.371 0.750394 1
3 111 120 886.314 224.938 0.835746 915.574 224.941 0.909941 892.197 225.049 0.733927 872.639 260.249 0.677059 864.713 291.516 0.45001 935.189 225.028 0.826784 937.147 272.008 0.793468 911.705 244.574 0.774927 933.254 273.978 0.752661 900.055 303.259 0.863036 913.759 350.154 0.819426 962.699 273.918 0.86466 933.237 318.96 0.894417 956.72 371.717 0.811131 882.46 215.247 0.469332 892.159 217.174 0.735209 0 0 0 911.694 211.274 0.711708 1
3 111 121 886.319 224.93 0.87081 913.745 224.926 0.916135 890.22 225.04 0.748549 874.567 262.207 0.733641 864.763 291.56 0.569147 933.294 225.012 0.841132 941.062 271.861 0.70067 909.789 246.55 0.716869 933.251 273.882 0.780353 899.993 303.334 0.961013 913.771 350.148 0.814051 962.702 273.869 0.869606 933.323 320.823 0.889094 954.764 373.663 0.802558 882.472 215.261 0.495058 890.257 217.166 0.762636 0 0 0 911.661 211.278 0.731854 1
3 111 122 884.433 223.046 0.892742 913.717 224.958 0.932057 888.286 225.06 0.767927 870.642 269.982 0.758983 866.686 305.195 0.56775 935.204 225.031 0.823795 941.081 271.912 0.738053 911.7 248.487 0.632677 933.24 271.973 0.740534 898.027 301.302 0.873631 913.752 348.23 0.797929 962.72 271.985 0.84917 942.985 320.953 0.890075 954.779 375.65 0.807292 882.446 213.32 0.473337 888.285 213.34 0.802178 0 0 0 909.772 211.251 0.747334 1
3 111 123 886.287 224.956 0.931467 913.714 225.004 0.914848 888.308 226.997 0.74963 868.757 271.863 0.793033 864.788 297.415 0.68452 933.251 225.023 0.827393 939.102 271.933 0.694671 913.597 242.638 0.735491 933.233 271.971 0.743567 898.047 299.374 0.913649 913.687 348.26 0.850799 962.685 271.964 0.862929 944.918 320.9 0.92717 954.746 375.638 0.799756 882.458 215.233 0.570359 892.16 217.176 0.798139 0 0 0 911.687 211.286 0.788479 1
3 111 124 888.246 225.017 0.92457 913.73 225.062 0.918124 890.188 227.03 0.754244 868.812 269.989 0.803616 864.748 297.388 0.733599 933.291 225.061 0.817002 939.13 271.963 0.70964 913.738 242.651 0.762848 931.371 272.001 0.739662 898.009 301.224 0.919137 913.645 348.194 0.841537 962.698 271.942 0.870401 945.081 320.911 0.96047 954.752 377.589 0.815315 884.29 217.199 0.646934 896.047 219.135 0.821553 0 0 0 913.588 211.292 0.794286 1
3 111 125 886.379 224.989 0.888558 913.685 224.983 0.916079 888.247 226.989 0.771562 868.789 271.903 0.751091 862.819 301.321 0.616594 933.278 224.98 0.802594 942.99 271.975 0.703638 913.764 246.538 0.770024 931.371 271.928 0.722897 897.974 299.353 0.886786 913.659 348.186 0.828031 964.528 271.875 0.85712 946.922 320.859 0.953202 956.694 375.655 0.810135 884.281 217.166 0.649279 896.019 219.121 0.776794 0 0 0 911.76 211.288 0.752209 1
3 111 126 886.348 224.947 0.858039 915.59 225.017 0.943759 892.202 226.986 0.762879 870.724 269.975 0.748112 862.849 293.485 0.686446 937.153 225.03 0.810026 946.938 271.878 0.60448 915.644 252.415 0.768436 933.255 271.924 0.72334 897.976 299.343 0.888417 913.636 346.323 0.842625 964.537 271.921 0.862056 946.931 320.888 0.962904 958.656 373.664 0.821221 884.315 219.094 0.423544 892.185 217.182 0.773474 0 0 0 911.691 211.342 0.74299 1
3 111 127 890.182 224.963 0.827934 915.595 226.872 0.930444 888.296 227.001 0.793625 868.81 271.927 0.757764 862.823 301.257 0.655898 942.981 226.879 0.802576 948.883 271.853 0.611958 915.704 254.332 0.650493 931.299 270.009 0.746725 898.024 301.239 0.880472 913.608 346.314 0.828507 962.702 271.906 0.855475 948.902 320.93 0.911488 958.62 371.752 0.825462 884.398 215.252 0.527499 896.118 219.117 0.780088 0 0 0 913.743 211.413 0.763555 1
3 111 128 892.209 224.973 0.876311 917.609 225.063 0.901005 894.137 230.835 0.757593 870.729 269.967 0.642617 860.838 289.523 0.60115 943.07 224.97 0.870546 948.971 269.935 0.616161 915.69 248.467 0.676984 931.335 269.971 0.720681 898.011 301.228 0.87512 913.609 344.347 0.823135 962.665 271.909 0.855364 954.743 320.825 0.882756 958.647 369.777 0.838158 886.319 217.189 0.539461 898.023 217.21 0.85483 0 0 0 915.627 211.393 0.807979 1
3 111 129 896.034 223.052 0.895853 917.685 225.038 0.874795 894.151 228.883 0.783837 876.542 262.192 0.676295 864.795 289.516 0.697356 945.023 224.934 0.8729 960.57 260.259 0.654303 917.682 250.454 0.576647 931.254 269.943 0.737363 898.011 299.367 0.908434 913.632 344.342 0.8371 962.655 271.877 0.85984 958.671 318.999 0.923831 958.715 367.928 0.847792 888.293 213.323 0.4985 898.117 213.318 0.929247 0 0 0 917.585 211.323 0.804716 1
3 111 130 898.129 219.123 0.809112 919.545 219.106 0.816881 896.1 223.019 0.778624 882.307 258.23 0.705882 868.654 291.506 0.642925 945.063 217.197 0.803127 964.531 258.223 0.724197 927.388 242.601 0.704629 929.327 262.197 0.716026 898.048 301.24 0.892065 913.589 346.262 0.820441 962.614 268.045 0.799991 960.589 318.918 0.929179 958.682 367.879 0.852484 896.077 211.349 0.565214 901.941 211.345 0.834337 0 0 0 923.437 209.259 0.737614 1
3 111 131 901.919 215.233 0.85071 921.521 219.134 0.805923 897.963 222.999 0.802807 880.404 262.172 0.71463 864.723 297.402 0.607512 946.99 219.166 0.785513 964.559 256.315 0.670572 931.329 242.63 0.611231 925.413 264.104 0.697254 898.029 295.431 0.86773 913.59 346.267 0.850244 960.629 269.932 0.811106 960.633 318.909 0.92757 958.737 367.768 0.874161 898.075 211.221 0.748456 909.784 211.233 0.873853 0 0 0 927.416 207.395 0.79269 1
3 111 132 909.78 215.198 0.794528 925.464 213.324 0.833638 899.937 217.167 0.777205 882.474 256.336 0.727459 866.677 287.565 0.529153 947.056 213.335 0.780785 964.541 254.358 0.703031 929.298 246.525 0.600937 925.438 258.273 0.679245 898.077 291.486 0.852283 913.634 344.307 0.85921 960.619 262.171 0.733319 962.565 318.825 0.880514 958.736 365.949 0.878103 900.124 211.219 0.73056 913.766 211.217 0.888385 0 0 0 931.312 207.339 0.788787 1
3 111 133 913.598 211.306 0.874389 929.408 213.277 0.898877 901.978 213.251 0.783644 884.292 254.338 0.779726 864.725 291.575 0.634335 956.698 215.26 0.772151 962.673 252.417 0.713322 937.15 240.652 0.530589 925.425 260.185 0.668261 900.024 289.636 0.848932 913.597 342.427 0.868782 960.623 266.057 0.741041 964.538 318.927 0.865944 960.596 365.875 0.913938 903.953 207.368 0.657947 915.684 209.242 0.862865 0 0 0 935.191 203.461 0.749706 1
3 111 134 915.766 209.325 0.891331 931.305 211.241 0.879758 905.898 209.372 0.788534 890.19 246.515 0.753902 864.796 285.599 0.755678 958.731 211.337 0.810806 966.567 246.502 0.64123 939.151 244.574 0.248033 923.464 256.298 0.694355 900.071 295.418 0.825959 913.593 344.356 0.838377 960.635 258.308 0.752221 968.451 318.832 0.808398 960.631 365.779 0.915754 913.714 201.542 0.71499 925.389 203.452 0.756966 0 0 0 941.101 197.595 0.777317 1
3 111 135 925.462 207.4 0.885595 933.317 209.324 0.872777 911.677 209.284 0.851664 894.068 244.624 0.79976 868.635 283.721 0.846826 962.576 209.424 0.876259 976.21 244.536 0.755755 950.859 242.554 0.495841 925.402 258.287 0.726729 902.023 293.504 0.814766 913.635 344.326 0.852132 960.697 260.265 0.786021 970.431 318.823 0.828935 960.663 365.776 0.929397 917.639 197.623 0.807141 931.249 197.68 0.85099 915.579 195.63 0.109608 946.875 195.685 0.80463 1
3 111 136 929.415 207.429 0.965179 941.055 211.252 0.886017 913.682 211.239 0.874423 896.032 246.524 0.812841 870.694 283.708 0.811002 964.599 211.348 0.865504 976.308 240.701 0.751006 950.916 228.991 0.581941 927.366 262.205 0.749542 903.916 297.379 0.829187 913.655 342.384 0.883735 962.674 268.027 0.82774 974.312 318.877 0.873066 960.66 365.84 0.945002 925.43 197.622 0.846247 935.23 197.674 0.842025 915.669 195.611 0.19958 948.986 195.699 0.779204 1
3 111 137 935.189 201.562 0.868783 944.942 209.29 0.901733 915.764 207.404 0.869044 900.028 240.675 0.85656 882.408 273.944 0.897101 968.494 211.26 0.803997 978.345 238.644 0.709306 960.714 217.181 0.578079 929.371 264.144 0.760914 911.749 295.44 0.811592 913.628 344.334 0.87969 964.623 269.974 0.812609 976.309 316.942 0.868679 960.676 365.829 0.94364 931.258 195.588 0.933554 944.924 195.697 0.911285 925.466 193.676 0.344634 958.626 193.767 0.801231 1
3 111 138 944.971 203.463 0.92182 946.986 209.343 0.906014 919.598 209.397 0.851053 901.919 242.549 0.833674 884.305 271.96 0.898531 976.29 209.287 0.868864 991.875 234.752 0.788909 972.369 232.814 0.540276 931.255 266.122 0.783025 913.715 297.412 0.840556 913.649 344.338 0.888673 966.516 269.995 0.824245 978.307 316.957 0.876692 960.743 365.864 0.96707 935.23 195.595 0.915342 948.914 195.628 0.907902 929.314 193.649 0.603299 962.567 193.666 0.819275 1
3 111 139 952.794 197.673 0.879795 952.822 209.298 0.854255 927.432 209.329 0.845804 905.896 240.68 0.857961 886.273 273.879 0.892263 980.196 209.278 0.843304 991.986 238.705 0.759256 978.289 232.827 0.46585 933.301 264.128 0.741018 915.76 291.512 0.817087 913.623 346.292 0.886575 974.314 269.998 0.815751 982.212 318.841 0.846443 962.581 365.855 0.978598 946.939 193.714 0.95814 960.634 193.711 0.935654 937.146 191.769 0.707879 972.378 193.626 0.748315 1
3 111 140 960.627 195.754 0.961733 960.581 211.233 0.873764 931.31 211.376 0.882119 911.74 240.719 0.872261 894.145 271.956 0.907533 986.109 209.281 0.77481 1001.77 238.691 0.7586 982.185 224.972 0.552995 937.189 268.038 0.722703 925.414 289.563 0.793046 913.616 346.274 0.887314 976.247 271.919 0.898028 987.995 318.869 0.834775 962.575 365.84 0.994912 950.896 193.615 0.911726 964.551 193.623 0.914836 943.082 191.741 0.799454 978.187 191.755 0.82117 1
3 111 141 966.545 197.577 0.906456 962.664 213.247 0.877522 935.236 215.182 0.829346 909.809 252.418 0.806939 894.152 285.65 0.723297 991.985 211.353 0.804132 1001.78 244.545 0.8345 991.999 209.371 0.666117 945.034 271.962 0.727205 931.234 287.581 0.838279 911.779 346.316 0.867814 978.384 275.844 0.798395 989.964 320.786 0.850255 962.603 365.902 1.00599 960.733 193.634 0.965841 976.236 193.641 0.965324 947.036 191.78 0.857299 982.188 191.734 0.688272 1
3 111 142 976.253 195.617 0.973475 972.336 213.226 0.856923 944.97 213.28 0.884311 917.652 244.54 0.854784 907.836 275.931 0.754663 993.998 213.28 0.846099 1009.49 244.564 0.883027 993.965 213.259 0.701527 947.007 271.887 0.811136 931.287 299.324 0.801803 909.813 346.331 0.854734 984.126 273.968 0.81127 991.846 320.912 0.883293 962.619 365.937 0.991956 966.532 191.668 0.884431 978.34 191.696 0.904841 956.771 191.695 0.785486 991.959 191.736 0.686287 1
3 111 143 982.163 195.599 0.915143 978.211 211.367 0.910583 948.95 211.396 0.851106 927.43 242.693 0.837285 915.685 275.916 0.840031 1005.63 211.328 0.808106 1017.38 242.675 0.862323 1005.62 213.303 0.77394 948.919 269.968 0.798886 931.286 305.32 0.914438 900.063 352.132 0.897065 988.068 273.895 0.811611 991.935 322.89 0.874291 962.641 365.932 0.957758 976.368 189.789 0.894271 990.013 189.783 0.885915 962.699 189.75 0.850102 997.814 191.662 0.715281 1
3 111 144 991.932 193.699 0.951409 978.359 213.275 0.904917 958.647 213.295 0.862217 931.314 252.409 0.870494 931.293 279.8 0.878886 1005.66 213.273 0.833838 1023.29 244.608 0.881775 1009.65 215.209 0.833357 960.595 271.937 0.818322 942.99 303.319 0.824081 899.992 356.075 0.824055 993.861 273.963 0.84071 992.031 322.798 0.903864 962.661 365.944 0.941656 982.194 187.804 0.859013 993.994 185.902 0.884636 968.449 187.828 0.809665 1007.57 189.747 0.342944 1
3 111 145 995.931 193.699 0.90658 989.94 211.417 0.869397 962.596 213.319 0.876413 942.994 256.231 0.838106 947.035 281.754 0.715634 1009.63 213.246 0.835388 1027.23 242.611 0.857605 1021.33 211.372 0.811328 962.646 273.993 0.74998 947.027 318.968 0.774539 901.95 354.176 0.725469 994.008 279.792 0.774653 992.045 322.811 0.905507 962.649 365.919 0.932696 991.95 187.799 0.885891 1005.6 185.896 0.880815 976.355 187.843 0.834218 1009.64 191.646 0.278885 1
3 111 146 1007.52 193.613 0.930281 992.028 213.304 0.912499 966.525 215.196 0.819818 945.072 256.342 0.93712 964.62 279.811 0.768592 1015.45 213.33 0.814034 1036.92 244.537 0.837011 1025.31 215.265 0.853655 964.607 279.767 0.721694 958.689 320.85 0.766496 913.736 340.448 0.706927 995.873 285.644 0.815282 991.985 324.833 0.865854 962.591 365.904 0.939337 995.892 183.936 0.886726 1009.55 183.897 0.901667 978.378 185.903 0.837309 1017.38 189.808 0.113348 1
3 111 147 1011.6 191.774 0.881402 997.848 211.321 0.874941 976.285 211.403 0.887227 958.67 254.33 0.849951 976.302 273.968 0.829374 1023.32 211.263 0.852508 1040.92 242.61 0.874452 1031.08 215.191 0.83488 968.49 277.84 0.720665 970.411 320.903 0.817144 919.602 340.404 0.701171 997.8 283.689 0.761719 993.932 322.809 0.862333 962.594 365.873 0.969446 1007.58 183.932 0.902195 1019.38 182.015 0.867913 989.966 185.873 0.818076 0 0 0 1
3 111 148 1021.3 189.77 0.849937 1005.58 211.379 0.874167 978.339 213.276 0.855706 962.696 256.354 0.853493 995.835 270.029 0.84606 1025.22 211.354 0.888225 1044.76 242.567 0.827154 1038.99 211.344 0.915367 976.304 281.709 0.728932 991.903 322.801 0.829074 962.592 365.932 0.944095 997.861 285.612 0.681801 986.065 322.838 0.584656 935.219 340.481 0.645476 1009.65 181.931 0.903078 1023.29 180.052 0.890728 993.892 183.956 0.834493 0 0 0 1
3 111 149 1025.28 189.811 0.862541 1009.53 211.322 0.946057 989.978 215.195 0.820162 978.258 260.281 0.7365 1013.51 260.199 0.842836 1029.16 209.427 0.829375 1052.61 240.576 0.822125 1040.95 209.315 0.821983 978.305 277.8 0.769654 989.988 322.844 0.766363 944.951 352.135 0.790623 1007.51 281.725 0.703007 992.021 326.704 0.692075 958.668 358.015 0.649605 1021.3 181.99 0.91032 1029.16 181.942 0.836099 1001.73 185.845 0.763654 0 0 0 1
3 111 150 1035 183.958 0.807426 1013.52 211.322 0.867602 993.968 213.285 0.862607 991.871 258.309 0.659359 1023.32 254.356 0.86382 1036.96 209.411 0.819911 1056.59 238.691 0.812156 1048.67 207.383 0.800735 989.948 277.867 0.730936 995.944 326.756 0.732643 950.901 356.1 0.666378 1009.61 279.8 0.724361 997.806 326.727 0.62814 960.656 358.057 0.632025 1025.22 180.018 0.952322 1038.84 179.949 0.89337 1007.69 182.032 0.844793 0 0 0 1
3 111 151 1040.8 189.737 0.918633 1023.18 211.22 0.887105 1001.71 215.199 0.832913 1003.66 258.267 0.817738 1036.97 244.594 0.850754 1040.87 207.329 0.771311 1066.29 224.948 0.719811 1052.54 232.804 0.434003 991.899 277.821 0.737943 1007.62 320.837 0.739687 962.665 354.188 0.783356 1021.24 277.839 0.662329 1009.59 318.95 0.435894 974.339 352.168 0.342272 1033.04 180.115 0.899607 1040.92 180 0.899272 1011.53 185.858 0.81142 0 0 0 1
3 111 152 1046.78 189.761 0.859996 1027.15 209.329 0.876597 1009.51 213.325 0.879894 1011.57 256.367 0.800011 1042.83 242.628 0.820377 1048.72 203.478 0.689521 1070.17 224.934 0.609729 1056.49 224.992 0.428561 995.868 274.006 0.756281 1007.62 320.954 0.721599 964.573 365.808 0.775757 1023.33 275.936 0.717485 1021.23 328.683 0.637595 976.33 361.963 0.624406 1038.95 181.963 0.927705 1050.63 180.011 0.82259 1021.26 187.789 0.785186 0 0 0 1
3 111 153 1054.52 187.851 0.900488 1036.95 209.284 0.836811 1015.43 213.267 0.820844 1025.16 256.3 0.846899 1056.46 230.855 0.795351 1056.52 203.487 0.674539 1070.25 232.844 0.367009 1062.4 228.936 0.224322 999.799 275.891 0.693466 1005.69 318.924 0.730562 968.49 365.922 0.762064 1025.25 277.813 0.690768 1025.27 322.892 0.828142 991.976 369.744 0.796632 1042.82 180.076 0.921659 1054.64 179.938 0.952914 1023.34 183.934 0.846782 0 0 0 0
3 111 154 1062.37 181.945 0.858855 1040.8 209.283 0.868266 1023.19 211.384 0.870522 1034.97 256.214 0.8337 1066.33 227.033 0.804176 1062.4 205.43 0.645496 1072.26 244.588 0.405784 0 0 0 1007.53 277.832 0.731236 1007.62 318.92 0.717387 962.715 365.774 0.794384 1031.09 277.857 0.667482 1038.98 326.739 0.850395 1009.53 381.508 0.81253 1054.49 179.911 0.9207 1064.31 177.987 0.786978 1033.04 182.011 0.791994 0 0 0 0
3 111 155 1070.2 179.966 0.934813 1044.81 209.332 0.806316 1027.15 215.262 0.822667 1040.88 256.301 0.883101 1070.28 227.034 0.817774 1068.23 201.497 0.634039 1083.86 226.915 0.294269 0 0 0 1009.55 281.752 0.735152 995.948 318.93 0.582643 960.719 365.753 0.789034 1036.92 279.805 0.639216 1044.81 332.619 0.593187 1027.14 385.474 0.524014 1058.53 178.022 0.873676 1070.2 174.141 0.635979 1040.82 183.884 0.805874 0 0 0 0
3 111 156 1074.15 182.031 0.859763 1048.7 209.279 0.795675 1033.08 213.331 0.797051 1052.64 256.219 0.893594 1078.07 224.978 0.858128 1068.21 199.555 0.600255 1079.98 232.822 0.193611 1085.83 226.951 0.238631 1013.47 275.94 0.72 1003.66 318.974 0.807135 962.611 365.762 0.910874 1038.99 279.76 0.713755 1052.57 334.559 0.840248 1042.87 391.277 0.814746 1070.1 179.996 0.917321 1074.12 178 0.632711 1044.76 183.965 0.776707 0 0 0 0
3 111 157 1085.8 183.957 0.857655 1052.53 209.372 0.820958 1040.93 219.098 0.811568 1066.34 254.387 0.831096 1087.75 223.069 0.969484 1054.54 205.4 0.566851 1072.18 217.212 0.164483 0 0 0 1027.2 283.705 0.742449 1056.56 332.536 0.810908 1054.54 391.302 0.834498 1029.13 277.848 0.548205 1005.58 320.827 0.780269 962.693 363.86 0.831976 1076.12 180.037 0.883496 1085.84 178.096 0.227705 1056.61 183.913 0.85981 0 0 0 0
3 111 158 1087.92 183.95 0.808741 1054.47 209.289 0.827735 1054.49 217.151 0.788215 1070.29 256.227 0.912367 1093.71 217.203 0.865379 1050.62 199.56 0.604765 1072.15 224.97 0.211616 1095.67 211.283 0.316321 1033.08 281.722 0.730405 1066.27 332.583 0.791392 1054.5 395.16 0.832156 1023.3 273.961 0.670225 1009.53 320.837 0.870595 966.56 363.844 0.810538 1085.87 180.008 0.913267 1088.01 178.026 0.192008 1068.27 182.016 0.833976 0 0 0 0
3 111 159 1099.55 185.884 0.814201 1060.42 209.261 0.823381 1060.44 217.159 0.7506 1076.07 256.324 0.889023 1101.57 224.99 0.933342 1056.48 199.541 0.648214 1085.84 209.338 0.191498 1103.4 211.293 0.342193 1040.85 285.598 0.762458 1070.22 334.536 0.819552 1054.48 395.183 0.792195 1029.15 274.005 0.646151 1015.45 320.96 0.772361 970.449 361.923 0.769735 1089.84 180.105 0.860839 1101.44 179.982 0.155801 1074.12 183.95 0.84806 0 0 0 0
3 111 160 1107.36 187.81 0.71354 1068.19 205.46 0.775473 1070.17 215.225 0.757542 1085.89 256.271 0.889559 1107.44 217.188 0.865736 1058.52 193.703 0.638094 1087.88 209.332 0.197404 1107.36 209.338 0.241177 1048.67 285.646 0.712653 1072.18 336.442 0.816019 1054.56 395.225 0.804999 1038.85 275.905 0.613485 1025.32 324.78 0.740081 976.364 361.938 0.787269 1101.57 180.048 0.794645 0 0 0 1081.97 182.019 0.803594 0 0 0 0
3 111 161 1117.08 183.949 0.786101 1076.07 209.269 0.807047 1076.11 215.211 0.750717 1099.51 256.254 0.874335 1117.15 221.068 0.927072 1072.17 201.486 0.626838 1101.56 211.294 0.193613 1117.15 211.341 0.270215 1054.55 285.659 0.76193 1072.19 336.481 0.807466 1054.47 395.153 0.778462 1046.77 277.828 0.585771 1040.9 326.734 0.620749 991.868 356.113 0.731595 1107.41 180.054 0.798451 0 0 0 1089.75 183.938 0.838887 0 0 0 0
3 111 162 1121.14 180.077 0.797487 1083.93 203.511 0.790161 1085.83 213.338 0.746485 1107.37 254.29 0.773917 1126.94 213.288 0.887368 1078.02 193.682 0.622355 1103.43 219.112 0.177739 1128.88 215.221 0.184371 1058.46 285.6 0.747381 1074.15 336.462 0.778531 1052.63 393.264 0.737227 1054.52 277.819 0.587281 1054.58 328.672 0.556816 997.813 359.969 0.725101 1117.2 178.106 0.847161 0 0 0 1097.57 182.035 0.787906 0 0 0 0
3 111 163 1130.84 179.925 0.805859 1089.81 201.531 0.788437 1093.7 211.363 0.757604 1115.2 252.387 0.81921 1134.72 215.235 0.931657 1085.8 193.658 0.647852 1117.22 205.42 0.20575 1132.86 207.38 0.243914 1070.12 283.653 0.731121 1079.96 334.564 0.756864 1054.55 395.174 0.747567 1056.58 273.942 0.628184 1070.21 324.779 0.594426 1011.54 356.118 0.715602 1121.1 177.994 0.823333 0 0 0 1103.55 181.934 0.832875 0 0 0 0
3 111 164 1136.71 180.011 0.705514 1097.58 197.591 0.85578 1103.46 211.389 0.743359 1121.11 246.55 0.744552 1142.62 215.221 0.853675 1087.79 183.919 0.765332 1099.54 142.828 0.550426 1097.64 103.734 0.44905 1072.25 281.767 0.753004 1083.86 332.636 0.699865 1054.54 395.169 0.667978 1058.49 272.019 0.673449 1074.19 322.809 0.623169 1031.07 354.123 0.69134 1132.85 178.01 0.717064 1134.85 174.142 0.112279 1115.23 180.004 0.704543 0 0 0 0
3 111 165 1146.46 181.961 0.459803 1103.46 197.589 0.901993 1117.08 215.248 0.705736 1140.62 246.553 0.677665 1150.36 209.304 0.89911 1093.67 181.969 0.737156 1095.66 142.805 0.697092 1101.46 97.824 0.624015 1081.92 279.814 0.663716 1087.84 320.944 0.621622 1046.75 375.638 0.512459 1060.48 271.974 0.666873 1085.83 318.822 0.513546 1040.84 363.933 0.513047 1136.8 178.106 0.518086 1148.48 178.034 0.125375 1123.02 180.106 0.67768 0 0 0 0
3 111 166 1150.49 181.964 0.604577 1109.39 197.585 0.848463 1123.02 211.386 0.735943 1146.56 242.604 0.609934 1150.49 199.598 0.728759 1097.61 183.919 0.816031 1099.55 146.723 0.514539 1103.49 115.457 0.27448 1087.8 281.745 0.736047 1083.85 336.527 0.742678 1054.57 389.322 0.750877 1070.22 271.983 0.724005 1078.03 334.488 0.577157 1056.48 381.577 0.516066 1148.48 178.025 0.650296 0 0 0 1132.79 179.925 0.711546 0 0 0 0
3 111 167 1158.24 182.021 0.483332 1119.07 199.566 0.838454 1132.77 211.235 0.736722 1146.48 252.36 0.65342 1160.25 207.341 0.640731 1105.4 189.814 0.782611 1144.53 195.622 0.184441 1164.04 195.659 0.215572 1091.78 279.792 0.705453 1085.76 336.524 0.796263 1054.54 389.34 0.766208 1076.08 271.926 0.65386 1085.86 334.512 0.561864 1062.39 381.515 0.512761 1152.45 178.106 0.579257 0 0 0 1142.59 179.957 0.728055 0 0 0 0
3 111 168 1164.07 181.935 0.168044 1128.87 199.567 0.800354 1144.6 211.314 0.765212 1164.13 234.809 0.601964 1164.21 197.658 0.687624 1107.41 189.798 0.778313 1136.79 195.588 0.128739 0 0 0 1103.44 277.855 0.693656 1087.77 336.512 0.78819 1054.6 389.379 0.772885 1085.9 271.878 0.604979 1117.09 316.925 0.473669 1101.53 365.863 0.600808 1164.05 178.047 0.229142 0 0 0 1150.46 179.976 0.74386 1124.99 174.106 0.178439 0
3 111 169 0 0 0 1132.8 197.661 0.898075 1150.47 211.27 0.82712 1179.69 226.953 0.702576 1168.08 193.624 0.726239 1113.26 189.765 0.782411 1140.7 195.57 0.132991 0 0 0 1105.43 275.839 0.686818 1093.7 330.677 0.762685 1056.51 385.421 0.775645 1087.85 268.069 0.65112 1130.8 303.326 0.778293 1119.08 365.85 0.817821 0 0 0 0 0 0 1154.39 179.954 0.672696 1130.84 172.188 0.257281 0
3 111 170 1179.7 178.103 0.236771 1138.66 197.609 0.812728 1160.18 211.343 0.753682 1179.83 228.916 0.6986 1173.89 193.732 0.661328 1119.16 183.96 0.83512 1144.56 195.575 0.104215 0 0 0 1117.11 275.935 0.686244 1099.59 336.587 0.733491 1058.52 385.496 0.590457 1097.58 270.028 0.664177 1134.78 303.202 0.713058 1132.88 365.931 0.721474 1177.75 174.12 0.299689 0 0 0 1164.07 178.036 0.746495 1134.77 172.179 0.172122 0
3 111 171 1179.8 179.929 0.106615 1146.51 195.673 0.86899 1164.17 209.406 0.81323 1185.62 232.806 0.76514 1181.7 195.61 0.779589 1123.09 181.97 0.79956 1150.52 193.623 0.13715 0 0 0 1121.08 273.932 0.668506 1103.43 334.583 0.815757 1058.49 385.465 0.770983 1103.52 266.102 0.612078 1144.51 297.404 0.745242 1148.49 365.805 0.832634 1179.83 176.083 0.143131 0 0 0 1168.04 178.033 0.712075 1146.42 166.317 0.277593 0
3 111 172 1185.67 177.989 0.0603143 1150.52 195.705 0.893551 1177.82 209.304 0.784427 1195.37 227.028 0.687927 1185.65 195.671 0.443079 1130.85 187.805 0.810666 1152.41 193.657 0.0941591 0 0 0 1134.78 273.888 0.745106 1105.51 334.542 0.797029 1068.19 383.482 0.762152 1111.28 266.08 0.691616 1148.41 303.236 0.6584 1150.38 367.763 0.735155 1185.62 174.15 0.103322 0 0 0 1177.87 178.028 0.745822 1148.42 166.306 0.34682 0
3 111 173 0 0 0 1158.27 193.775 0.871206 1181.73 207.333 0.799443 1199.36 227.022 0.765615 1195.45 193.739 0.616403 1132.9 181.995 0.870974 1162.13 191.671 0.0701542 0 0 0 1144.55 273.914 0.684606 1115.25 334.641 0.806323 1070.2 381.594 0.824528 1117.23 266.066 0.693114 1152.39 303.181 0.630037 1150.5 367.782 0.781339 0 0 0 0 0 0 1181.74 177.958 0.719095 1150.54 164.304 0.33787 0
3 111 174 0 0 0 1164.12 191.707 0.859081 1185.69 201.542 0.724815 1207.15 221.051 0.568225 1197.37 187.831 0.528922 1136.74 177.987 0.869132 1166.03 183.849 0.111679 0 0 0 1150.41 272.009 0.812062 1126.98 334.534 0.784656 1080.02 377.576 0.77795 1121.1 260.279 0.745824 1150.47 320.885 0.638806 1152.35 369.833 0.738385 0 0 0 0 0 0 1187.62 174.163 0.656149 1158.24 162.329 0.451166 0
3 111 175 0 0 0 1169.98 185.841 0.813386 1197.37 195.717 0.797564 1211.08 223.049 0.527936 1201.3 187.847 0.139708 1146.55 176.087 0.887242 1179.7 178.018 0.0796029 0 0 0 1156.3 271.87 0.737762 1146.46 324.8 0.701978 1093.69 373.685 0.779989 1128.88 258.33 0.740485 1154.31 318.908 0.691502 1150.44 367.92 0.810419 0 0 0 0 0 0 1195.42 168.233 0.622604 1164.12 158.474 0.403769 0
3 111 176 0 0 0 1177.82 179.996 0.877696 1199.41 193.673 0.738331 1215.07 215.207 0.54593 1211.01 180.053 0.240364 1150.44 168.267 0.888296 1181.67 178.059 0.0860213 0 0 0 1164.06 266.062 0.724789 1152.44 320.831 0.688282 1105.46 369.783 0.811616 1132.8 258.201 0.803957 1154.35 315.017 0.623929 1150.48 367.92 0.772415 0 0 0 0 0 0 1199.35 164.299 0.657249 1168.12 152.593 0.288805 0
3 111 177 0 0 0 1181.7 178.122 0.893141 1209.11 191.733 0.741568 1226.69 217.175 0.614821 1213.02 180.074 0.268683 1156.34 164.435 0.856069 1193.48 170.221 0.108541 0 0 0 1166.07 266.074 0.736732 1168.01 316.888 0.742086 1128.92 365.839 0.803159 1134.71 256.355 0.826921 1150.44 307.172 0.498139 1134.77 361.926 0.430474 0 0 0 0 0 0 1207.2 162.477 0.706357 1177.78 150.672 0.335623 0
3 111 178 0 0 0 1185.7 178.012 0.856233 1213.09 187.842 0.767877 1226.8 219.127 0.653081 1216.97 183.931 0.168564 1162.2 164.342 0.915303 1195.37 166.385 0.0571467 0 0 0 1168.12 266.115 0.704278 1179.7 309.111 0.822786 1140.63 363.862 0.778765 1134.88 256.323 0.794953 1138.72 303.257 0.601315 1132.85 358.035 0.496043 0 0 0 0 0 0 1212.99 162.333 0.688895 1181.71 146.786 0.380424 0
3 111 179 0 0 0 1193.42 174.095 0.819272 1215.05 182.018 0.74014 1232.65 209.33 0.587996 1224.76 183.945 0.162385 1164.2 162.36 0.944452 1195.48 164.229 0.0747399 0 0 0 1179.82 260.22 0.768176 1183.75 307.169 0.794676 1152.45 354.122 0.679173 1146.51 254.346 0.820597 1152.39 303.306 0.816137 1146.56 359.995 0.685542 0 0 0 0 0 0 1214.98 160.362 0.570003 1185.64 144.794 0.396304 0
3 111 180 0 0 0 1195.49 172.145 0.871178 1222.86 181.952 0.772541 1238.49 203.497 0.491483 1228.7 168.306 0.274726 1166.15 160.459 0.949389 1201.29 164.303 0.102456 0 0 0 1183.76 260.277 0.758003 1195.37 305.199 0.866282 1166.06 352.267 0.865761 1150.37 254.334 0.866281 1158.23 303.347 0.852273 1150.42 358.063 0.748099 0 0 0 0 0 0 1222.83 156.514 0.616595 1193.47 144.738 0.41254 0
3 111 181 0 0 0 1197.5 166.339 0.872138 1226.81 178.042 0.81693 1244.36 205.408 0.604241 1228.69 168.266 0.14421 1171.99 160.453 0.882338 0 0 0 0 0 0 1193.42 258.24 0.727487 1201.28 295.404 0.736838 1179.85 348.24 0.947464 1152.38 250.407 0.809888 1158.27 301.292 0.809381 1150.46 365.795 0.87825 0 0 0 0 0 0 1226.75 152.604 0.625664 1195.48 142.816 0.364829 0
3 111 182 0 0 0 1207.12 164.405 0.860825 1230.7 176.095 0.759563 1246.33 211.269 0.693606 0 0 0 1177.83 158.5 0.886676 1154.36 193.689 0.11816 0 0 0 1197.33 258.254 0.69327 1211.05 285.688 0.703505 1195.36 344.352 0.885242 1160.17 248.503 0.789482 1162.17 303.235 0.867668 1152.39 365.847 0.886346 0 0 0 0 0 0 1232.59 148.674 0.658885 1199.41 135.038 0.42768 0
3 111 183 0 0 0 1211 164.316 0.912453 1238.45 176.027 0.76534 1248.29 205.449 0.549829 1248.24 191.731 0.0642101 1179.82 156.505 0.889255 1156.29 193.642 0.179172 0 0 0 1207.2 256.287 0.668724 1213.02 281.713 0.692076 1203.26 336.462 0.885427 1164.09 244.608 0.819833 1164.03 303.273 0.89242 1150.49 365.868 0.886105 0 0 0 0 0 0 1238.5 146.779 0.734756 1210.97 133.131 0.437908 0
3 111 184 0 0 0 1213.07 162.456 0.919403 1242.4 174.149 0.795672 1256.09 199.586 0.601556 1257.97 185.871 0.0919531 1187.57 150.702 0.848112 1164.02 189.749 0.30599 0 0 0 1211.05 256.232 0.669097 1216.95 271.993 0.651479 1213.04 326.75 0.912515 1166.09 242.691 0.848445 1164.16 303.262 0.93529 1150.49 365.832 0.871597 0 0 0 0 0 0 1242.43 144.79 0.796189 1213.03 132.967 0.399495 0
3 111 185 0 0 0 1216.97 162.351 0.875309 1244.43 170.199 0.809414 1258 205.439 0.669292 1258.03 195.664 0.075466 1193.4 148.774 0.902708 1166.08 187.825 0.369715 0 0 0 1213.11 254.357 0.663101 1220.85 271.975 0.612466 1216.99 320.92 0.9282 1170.06 244.592 0.785775 1166 305.132 0.944859 1152.35 365.796 0.870466 0 0 0 0 0 0 1244.39 140.845 0.722162 1214.98 130.995 0.457081 0
3 111 186 0 0 0 1224.79 162.339 0.879886 1256.01 174.089 0.78235 1261.94 199.593 0.291095 0 0 0 1195.4 148.725 0.91518 1168.06 181.932 0.401443 0 0 0 1224.72 250.428 0.62648 1226.75 269.942 0.637873 1224.8 318.92 0.93834 1179.69 242.628 0.828143 1166.11 303.26 0.932836 1152.37 365.813 0.869313 0 0 0 0 0 0 1252.16 140.85 0.725226 1220.88 130.986 0.492757 0
3 111 187 0 0 0 1228.63 162.319 0.918261 1258.09 170.234 0.826611 1260.02 209.358 0.434115 0 0 0 1197.38 148.694 0.909963 1171.93 178.076 0.328939 0 0 0 1226.73 246.546 0.653473 1228.64 262.192 0.637827 1224.82 318.828 0.955309 1181.73 242.579 0.855855 1166.21 303.273 0.912027 1152.43 363.901 0.833122 0 0 0 0 0 0 1256.08 135.074 0.745115 1226.68 129.067 0.556613 0
3 111 188 0 0 0 1232.58 160.376 0.849107 1261.95 164.361 0.836267 1277.66 193.667 0.204862 0 0 0 1203.27 148.712 0.886475 1177.76 180.05 0.182789 0 0 0 1230.66 242.679 0.68 1228.73 266.084 0.642658 1226.67 316.943 0.944235 1187.62 240.646 0.792611 1171.99 301.282 0.822818 1152.39 363.871 0.84432 0 0 0 0 0 0 1258.08 133.132 0.711106 1228.65 125.224 0.585621 0
3 111 189 0 0 0 1240.36 152.607 0.835978 1263.98 162.375 0.814859 0 0 0 0 0 0 1209.12 146.789 0.898729 1179.81 179.963 0.339871 1181.73 209.232 0.0631217 1232.61 240.585 0.667549 1230.63 264.11 0.603048 1226.72 314.974 0.902148 1195.36 230.898 0.775033 1179.82 293.457 0.853061 1156.33 356.076 0.774532 0 0 0 0 0 0 1261.99 131.106 0.738671 1232.66 119.416 0.448197 0
3 111 190 0 0 0 1242.46 148.659 0.935239 1277.63 154.568 0.779314 1277.61 193.679 0.307275 0 0 0 1213.03 144.767 0.873663 1191.5 174.121 0.217805 0 0 0 1238.46 230.849 0.698986 1230.73 272.029 0.709996 1226.68 316.92 0.870912 1197.42 225.054 0.822159 1183.75 287.569 0.858197 1164.02 348.213 0.865214 0 0 0 0 0 0 1277.61 127.205 0.526619 1242.43 117.458 0.306497 0
3 111 191 0 0 0 1244.28 144.766 0.813133 1263.93 146.803 0.618345 1259.98 180.033 0.062296 0 0 0 1217 136.997 0.738509 1193.48 164.383 0.0751703 0 0 0 1234.56 225.036 0.685114 1232.6 271.977 0.740548 1226.67 316.963 0.85233 1201.27 222.976 0.740736 1195.37 279.755 0.813092 1164.21 336.548 0.868951 0 0 0 0 0 0 1277.64 123.257 0.38656 1244.37 115.383 0.162671 0
3 111 192 0 0 0 1246.35 138.911 0.78644 1277.63 146.671 0.589662 0 0 0 0 0 0 1222.84 133.08 0.829009 1197.39 150.694 0.146603 0 0 0 1242.33 224.94 0.734338 1234.59 271.904 0.745702 1226.73 318.807 0.870628 1209.13 219.091 0.752413 1197.43 273.856 0.884018 1172 330.663 0.786823 0 0 0 0 0 0 1277.66 117.399 0.359438 1246.37 111.494 0.188476 0
3 111 193 0 0 0 1256.04 135.001 0.830897 1277.67 142.857 0.563247 1277.68 181.945 0.0570002 0 0 0 1226.64 131.112 0.87639 1201.29 144.781 0.516961 0 0 0 1244.43 221.095 0.747488 1238.49 270.016 0.775508 1226.76 318.833 0.875055 1211.16 213.236 0.796523 1207.13 268.056 0.792877 1181.68 318.982 0.877771 0 0 0 0 0 0 1277.66 115.422 0.457501 1252.2 109.549 0.32184 0
3 111 194 0 0 0 1258.03 133.025 0.895204 1277.68 140.89 0.544201 1277.69 185.865 0.125795 0 0 0 1226.81 127.186 0.845624 1210.97 142.784 0.592566 1226.86 133.101 0.0654794 1248.29 217.197 0.727262 1240.42 268.048 0.806463 1226.78 316.985 0.883181 1215.02 211.251 0.79657 1211.05 260.195 0.839225 1189.56 315.015 0.780625 0 0 0 0 0 0 1277.67 111.521 0.337155 1257.99 101.808 0.31913 0
3 111 195 0 0 0 1259.95 130.971 0.909756 1277.68 135.046 0.589807 1277.68 179.992 0.202034 0 0 0 1230.7 119.346 0.822092 1211.07 136.975 0.649215 1226.81 133.117 0.052972 1256.03 211.356 0.74544 1242.31 264.136 0.799755 1226.74 316.968 0.886527 1222.79 207.344 0.724557 1213.11 256.285 0.840273 1197.39 305.19 0.880355 0 0 0 0 0 0 1277.68 103.664 0.314607 1259.94 99.6914 0.246702 0
3 111 196 0 0 0 1261.99 123.238 0.793792 1277.68 131.146 0.461554 1277.67 174.153 0.161964 0 0 0 1240.42 115.507 0.841426 1211.12 135.058 0.730865 1226.72 119.322 0.111418 1258.04 207.355 0.773797 1242.43 258.348 0.84105 1226.75 316.906 0.882757 1226.73 197.598 0.756252 1218.89 252.348 0.711275 1207.13 297.382 0.769804 0 0 0 0 0 0 1277.68 97.8177 0.20416 1260.07 93.8647 0.211163 0
3 111 197 0 0 0 1263.9 121.288 0.766726 1277.68 129.151 0.336599 0 0 0 0 0 0 1240.41 115.484 0.86412 1213.1 132.959 0.666049 1230.64 119.378 0.0976067 1258.06 207.361 0.746972 1242.47 258.328 0.844449 1226.75 316.893 0.858762 1226.77 197.639 0.745471 1222.81 246.534 0.653809 1211.08 291.587 0.764324 0 0 0 0 0 0 1277.68 95.8865 0.190518 1259.96 91.9733 0.25136 0
3 111 198 0 0 0 1263.97 117.449 0.733256 1277.68 121.283 0.286738 0 0 0 0 0 0 1240.46 115.38 0.810173 1215.02 133.015 0.291959 0 0 0 1259.94 205.449 0.652345 1242.45 258.263 0.774298 1226.72 313.023 0.749793 0 0 0 0 0 0 0 0 0 0 0 0 0 0 0 1277.68 88.0989 0.136484 1277.61 86.0836 0.103835 0
3 111 199 0 0 0 1265.89 115.508 0.738146 1277.68 117.446 0.26507 0 0 0 0 0 0 1240.4 113.399 0.805501 1216.97 142.817 0.250544 0 0 0 0 0 0 0 0 0 0 0 0 0 0 0 0 0 0 0 0 0 0 0 0 0 0 0 0 0 0 1277.62 84.0475 0.126282 0
3 111 200 0 0 0 1277.63 115.482 0.68207 1277.68 117.331 0.129554 0 0 0 0 0 0 1242.3 111.479 0.72425 1226.71 129.127 0.0601483 0 0 0 1261.94 209.271 0.484277 1240.47 266.091 0.466442 1226.72 309.126 0.456611 1238.45 203.45 0.561321 1240.41 264.106 0.496026 1226.81 314.955 0.562362 0 0 0 0 0 0 0 0 0 1277.64 84.0403 0.120348 0
3 111 201 0 0 0 1277.64 113.494 0.642692 1277.67 115.372 0.128166 0 0 0 0 0 0 1242.39 105.622 0.697091 1224.77 146.73 0.0885604 0 0 0 1277.63 199.586 0.399691 1242.35 258.309 0.351313 1226.78 305.29 0.282607 1242.38 199.562 0.570383 1242.41 258.35 0.626641 1226.76 311.071 0.614302 0 0 0 0 0 0 0 0 0 1277.64 82.1262 0.114554 0
3 111 202 0 0 0 1277.63 109.594 0.64356 1277.67 113.489 0.180375 0 0 0 0 0 0 1242.46 101.792 0.73994 0 0 0 0 0 0 1263.92 199.581 0.493721 1242.46 258.268 0.532212 1226.75 305.234 0.505581 1242.35 195.733 0.577525 1242.42 258.226 0.61948 1226.82 305.317 0.604235 0 0 0 0 0 0 1277.69 76.2949 0.133113 1277.65 80.1732 0.0962984 0
3 111 203 0 0 0 1277.66 109.543 0.499004 1248.28 107.575 0.57501 1246.36 176.048 0.182519 0 0 0 0 0 0 0 0 0 0 0 0 1256.08 205.448 0.621334 1244.28 260.258 0.767589 1226.78 305.303 0.806143 1277.66 207.347 0.268445 1246.37 256.371 0.0616987 0 0 0 0 0 0 0 0 0 1277.68 70.4729 0.183612 0 0 0 0
3 111 204 0 0 0 1277.65 103.658 0.568595 0 0 0 0 0 0 0 0 0 1246.27 99.7594 0.669083 1226.72 136.969 0.0531042 0 0 0 1277.63 199.586 0.423852 1246.35 256.36 0.440953 1228.65 303.203 0.483289 1244.38 197.582 0.520398 1244.29 256.257 0.468834 1228.64 303.219 0.53172 0 0 0 0 0 0 0 0 0 1277.65 72.3843 0.0650929 0
3 111 205 0 0 0 1277.67 99.8247 0.450229 0 0 0 0 0 0 0 0 0 1254.16 97.752 0.517143 0 0 0 0 0 0 1277.63 191.74 0.361688 1248.27 246.528 0.251243 1230.72 293.46 0.331912 1250.23 187.826 0.382518 1246.34 242.653 0.341344 1228.81 299.295 0.431602 0 0 0 0 0 0 0 0 0 0 0 0 0
3 111 206 0 0 0 1277.67 97.7754 0.232132 0 0 0 0 0 0 0 0 0 1258.01 89.9889 0.358008 0 0 0 0 0 0 1277.63 187.822 0.199622 1248.26 248.444 0.135268 1238.44 277.853 0.222211 1259.97 187.816 0.254445 1246.36 236.734 0.19064 1232.64 287.542 0.290672 0 0 0 0 0 0 0 0 0 0 0 0 0
3 111 210 0 0 0 1277.67 78.2642 0.0909695 0 0 0 0 0 0 0 0 0 1263.92 72.4564 0.24693 1246.34 95.8759 0.07955 0 0 0 1277.65 156.503 0.225736 1277.64 205.45 0.195147 1246.28 252.396 0.243759 1258 152.598 0.451783 1252.2 205.407 0.508678 1242.35 256.253 0.63828 0 0 0 0 0 0 0 0 0 0 0 0 0
3 111 211 0 0 0 1277.67 76.2933 0.287899 0 0 0 0 0 0 0 0 0 1260.05 70.5209 0.42011 1244.38 105.619 0.0833366 0 0 0 1277.65 150.663 0.349822 1277.61 207.406 0.333283 0 0 0 1257.94 148.703 0.565504 1246.38 205.409 0.60047 1240.41 254.369 0.62763 0 0 0 0 0 0 0 0 0 0 0 0 0
3 111 212 0 0 0 1277.68 72.3549 0.146891 0 0 0 0 0 0 0 0 0 1265.92 68.5221 0.306826 0 0 0 0 0 0 1277.65 148.668 0.301321 1277.64 199.596 0.27737 1254.14 244.606 0.17048 1256.1 146.711 0.559305 1246.33 199.587 0.628325 1240.4 254.328 0.669195 0 0 0 0 0 0 0 0 0 0 0 0 0
5 1 0 897.963 508.796 0.566888 851.025 569.357 0.48795 866.651 581.085 0.538292 862.826 651.532 0.124295 864.754 714.161 0.0598223 835.427 563.464 0.333886 0 0 0 0 0 0 851.134 694.576 0.282631 0 0 0 0 0 0 831.503 684.766 0.177019 0 0 0 0 0 0 884.434 506.738 0.585329 896.094 498.959 0.230078 866.719 518.462 0.512811 0 0 0 0
5 1 1 894.16 508.713 0.594553 851.106 569.295 0.595063 866.805 575.234 0.574613 868.733 639.764 0.134144 872.604 692.601 0.0600671 835.431 561.526 0.451122 0 0 0 0 0 0 853.053 680.867 0.420701 847.141 714.209 0.0849809 0 0 0 833.448 667.203 0.365741 829.561 714.213 0.0841392 0 0 0 884.314 504.792 0.596094 896.022 496.968 0.305468 864.816 512.588 0.467773 0 0 0 0
5 1 2 896.062 508.68 0.805854 851.086 567.416 0.713348 866.714 573.284 0.655759 866.764 645.618 0.230454 868.695 714.138 0.118381 835.461 561.49 0.556608 0 0 0 0 0 0 852.975 686.754 0.489263 839.389 714.205 0.0530678 0 0 0 829.599 675.021 0.391888 829.586 714.216 0.0567138 0 0 0 882.468 504.741 0.776157 897.941 496.931 0.507051 858.912 510.631 0.596196 0 0 0 0
5 1 3 896.065 506.81 0.855503 851.136 565.39 0.677063 866.661 571.338 0.644179 868.676 635.912 0.165043 872.605 696.53 0.0722658 837.405 555.695 0.550445 0 0 0 0 0 0 853.003 684.777 0.498678 849.042 714.211 0.0764906 0 0 0 833.503 676.918 0.395959 833.486 714.214 0.0664148 0 0 0 882.442 502.776 0.781874 897.939 494.999 0.57967 856.94 508.711 0.616856 0 0 0 0
5 1 4 896.091 506.822 0.844554 853.007 555.731 0.614393 862.794 569.335 0.587643 868.7 624.131 0.103446 0 0 0 839.405 553.626 0.429948 0 0 0 0 0 0 853.017 678.898 0.462786 847.164 714.207 0.121321 0 0 0 837.343 669.11 0.347508 831.513 714.209 0.0950746 0 0 0 882.475 502.841 0.778513 897.942 495.027 0.561295 857.005 508.784 0.600119 0 0 0 0
5 1 5 897.938 506.758 0.835849 853.049 555.666 0.604553 862.848 569.307 0.585916 866.745 626.062 0.121673 0 0 0 841.31 551.75 0.404267 0 0 0 0 0 0 853.03 676.96 0.437031 847.161 714.207 0.115252 0 0 0 835.477 665.26 0.336541 831.505 714.21 0.0953187 0 0 0 884.319 500.886 0.788198 897.984 493.14 0.521606 860.846 508.734 0.651938 0 0 0 0
5 1 6 897.978 506.71 0.737624 855.014 553.704 0.435995 864.764 567.386 0.465404 894.102 602.565 0.095578 0 0 0 843.26 551.716 0.241581 0 0 0 0 0 0 854.977 669.139 0.273078 849.116 714.196 0.121919 0 0 0 837.411 663.26 0.211446 837.352 714.192 0.112982 0 0 0 884.398 498.945 0.708327 898.021 493.064 0.409253 864.726 508.71 0.568038 0 0 0 0
5 1 7 897.963 506.674 0.555898 864.786 536.099 0.261269 864.81 555.646 0.207877 899.964 596.721 0.063336 0 0 0 837.431 534.15 0.132901 0 0 0 0 0 0 860.885 618.245 0.143861 853.04 688.698 0.153279 837.451 714.182 0.103391 839.398 618.267 0.140445 841.339 680.856 0.134749 841.316 714.172 0.0794264 886.281 498.927 0.52247 898.01 493.08 0.250805 866.76 506.774 0.458346 0 0 0 0
5 1 9 898.074 506.76 0.571091 862.795 536.098 0.256585 866.705 555.641 0.214847 898.116 594.76 0.071686 0 0 0 837.471 530.197 0.14063 0 0 0 0 0 0 856.974 614.323 0.153641 851.089 688.684 0.157068 837.4 714.186 0.103991 839.362 614.342 0.15217 841.3 678.913 0.136994 839.37 714.174 0.0754055 888.284 502.784 0.493207 898.104 494.971 0.243776 866.83 506.765 0.438548 0 0 0 0
5 1 10 898.069 506.788 0.602517 860.872 526.35 0.2973 868.693 539.992 0.193925 899.936 588.918 0.0633872 0 0 0 837.412 522.356 0.19828 0 0 0 0 0 0 858.913 606.513 0.201452 853.026 669.138 0.181808 837.411 714.182 0.13854 839.382 604.574 0.210484 839.393 667.185 0.174473 837.347 714.176 0.113843 890.213 502.826 0.515673 898.131 495.048 0.233542 868.707 506.714 0.459391 0 0 0 0
5 1 11 898.052 506.771 0.408671 864.746 522.342 0.237653 0 0 0 0 0 0 0 0 0 837.319 510.638 0.183844 0 0 0 0 0 0 864.758 600.616 0.234463 853.06 667.181 0.198807 837.443 714.181 0.167068 841.331 600.607 0.236846 839.357 663.255 0.195836 835.38 714.171 0.144728 892.184 504.762 0.353931 0 0 0 868.793 506.706 0.303736 0 0 0 0
5 1 12 898.138 506.709 0.541598 866.716 526.348 0.233183 870.681 565.386 0.163291 0 0 0 0 0 0 837.37 520.449 0.111613 0 0 0 0 0 0 864.803 616.309 0.130947 853.004 692.581 0.153591 839.335 714.179 0.0886889 841.334 616.291 0.128427 845.216 682.821 0.118297 845.218 714.169 0.065766 892.173 500.847 0.46713 899.946 493.112 0.270412 868.703 506.751 0.404012 0 0 0 0
5 1 14 899.932 506.728 0.476222 868.645 524.353 0.241729 876.521 534.135 0.134556 0 0 0 0 0 0 837.458 510.668 0.0973145 0 0 0 0 0 0 862.822 606.534 0.173343 849.152 675.015 0.159629 839.393 714.176 0.0997608 847.192 604.593 0.178227 843.247 671.092 0.152169 841.325 714.167 0.0804404 896.033 502.81 0.41112 899.925 494.978 0.203172 872.627 506.78 0.310223 0 0 0 0
5 1 16 900.065 506.711 0.670513 862.825 551.686 0.323296 876.536 565.398 0.444039 902.025 596.768 0.363714 903.946 581.07 0.0772878 841.311 547.838 0.185851 0 0 0 0 0 0 858.914 663.263 0.179877 853.057 714.157 0.0979019 0 0 0 835.461 649.573 0.151617 841.285 714.159 0.0918701 0 0 0 894.152 498.943 0.603499 900.034 493.13 0.337116 870.649 508.686 0.503019 0 0 0 0
5 1 25 903.913 506.747 0.274397 866.811 536.091 0.407039 894.134 547.813 0.38433 901.983 594.783 0.45265 901.986 586.964 0.0835293 837.339 520.425 0.231018 819.813 538.09 0.158443 0 0 0 866.754 635.849 0.207688 853.057 698.46 0.100154 0 0 0 835.468 624.143 0.190015 835.44 696.534 0.108293 0 0 0 899.923 502.812 0.274489 0 0 0 884.419 508.725 0.357485 0 0 0 0
5 1 26 902.027 508.748 0.297059 866.745 532.17 0.622567 896.043 540.073 0.62546 902.016 598.619 0.611752 898.016 587.006 0.0986783 835.436 518.474 0.471282 819.774 541.971 0.289717 0 0 0 868.631 629.956 0.32134 853.047 694.538 0.147644 0 0 0 835.447 616.333 0.341555 833.487 694.52 0.194178 0 0 0 899.925 506.655 0.325064 0 0 0 886.338 508.64 0.483411 0 0 0 0
5 1 27 902.028 508.775 0.173238 866.703 534.097 0.734029 896.034 541.946 0.690788 903.878 598.724 0.722243 898.069 585.052 0.132448 835.371 518.509 0.572436 819.72 543.93 0.337489 835.484 539.954 0.053603 866.799 631.932 0.422516 853.114 694.582 0.224895 0 0 0 835.357 620.216 0.451699 831.511 692.569 0.324358 0 0 0 899.988 506.706 0.227403 0 0 0 894.092 508.652 0.530136 0 0 0 0
5 1 28 902.019 510.661 0.202224 864.72 538.02 0.733624 892.136 543.922 0.627457 901.965 598.687 0.751251 898.025 577.205 0.111129 833.499 524.31 0.546664 819.702 547.801 0.249859 0 0 0 864.746 641.763 0.404367 853.049 714.142 0.243496 0 0 0 833.464 632.002 0.424839 831.514 698.471 0.288832 0 0 0 900.017 506.776 0.288339 0 0 0 894.074 508.78 0.616043 851.018 493.112 0.150511 0
5 1 29 902.006 510.706 0.282522 862.848 541.965 0.758428 886.373 553.665 0.641882 901.957 600.581 0.781666 898.108 571.322 0.174251 835.365 534.144 0.564751 819.774 543.923 0.191143 0 0 0 858.942 657.407 0.437319 854.974 714.175 0.213542 0 0 0 829.539 647.647 0.435959 831.496 714.162 0.226222 0 0 0 899.948 506.819 0.37212 0 0 0 888.234 510.716 0.584058 0 0 0 0
5 1 30 900.068 514.6 0.206929 852.991 553.598 0.786541 870.672 567.388 0.682353 900.057 600.626 0.759313 897.948 553.701 0.360402 833.481 538.036 0.583938 0 0 0 0 0 0 853.088 673.051 0.527836 851.131 714.209 0.156577 0 0 0 825.682 665.199 0.492037 829.565 714.186 0.104493 0 0 0 898.098 510.624 0.322748 0 0 0 884.375 518.469 0.599467 839.396 494.997 0.155998 0
5 1 31 899.984 520.432 0.349197 851.162 553.662 0.701292 868.663 569.365 0.661591 900.011 600.698 0.563914 898.12 569.342 0.231464 833.49 538.02 0.499772 0 0 0 0 0 0 851.115 678.895 0.474927 849.12 714.211 0.097623 0 0 0 827.646 669.145 0.393014 829.556 714.207 0.0636866 0 0 0 898.033 510.72 0.431079 0 0 0 882.429 520.361 0.609181 0 0 0 0
5 1 32 900.049 520.415 0.391838 852.985 557.635 0.526925 872.614 575.253 0.613891 868.713 647.592 0.171353 0 0 0 829.584 543.912 0.305691 0 0 0 0 0 0 849.114 694.596 0.403997 0 0 0 0 0 0 821.735 684.784 0.302788 0 0 0 0 0 0 898.072 510.7 0.474808 0 0 0 882.428 522.335 0.579295 0 0 0 0
5 1 33 899.955 522.351 0.213987 851.046 557.634 0.614979 870.717 573.302 0.672491 900.058 602.641 0.286534 0 0 0 823.699 541.985 0.409292 0 0 0 0 0 0 849.158 692.58 0.458597 0 0 0 0 0 0 821.715 680.843 0.389179 0 0 0 0 0 0 897.995 518.486 0.301739 0 0 0 884.306 522.408 0.591869 839.331 498.961 0.163447 0
5 1 34 899.99 522.299 0.220712 853.026 565.446 0.721765 876.549 573.315 0.698363 900.04 604.571 0.486206 890.208 541.999 0.226318 831.509 553.718 0.506129 0 0 0 0 0 0 853.015 688.717 0.484967 849.094 714.212 0.0718202 0 0 0 821.768 678.906 0.469833 821.737 714.202 0.05329 0 0 0 897.991 518.492 0.305882 0 0 0 882.377 524.351 0.568718 839.413 506.741 0.160301 0
5 1 35 899.967 524.332 0.424823 852.964 565.388 0.772938 876.507 573.277 0.715567 900.089 604.543 0.73382 894.145 555.636 0.352972 825.663 551.737 0.608548 851.007 563.477 0.0519488 0 0 0 853.129 678.939 0.538901 853.041 714.214 0.15442 0 0 0 821.75 669.13 0.531581 821.761 714.191 0.111518 0 0 0 897.938 522.317 0.510456 0 0 0 880.428 526.306 0.655397 0 0 0 0
5 1 36 0 0 0 853.1 559.578 0.646659 882.318 573.233 0.626658 900.052 604.555 0.566281 897.986 579.107 0.102009 825.68 549.751 0.458592 0 0 0 0 0 0 856.96 667.208 0.465355 853.048 714.202 0.169041 0 0 0 825.681 661.284 0.442904 821.72 714.18 0.212812 0 0 0 0 0 0 0 0 0 884.419 526.314 0.486177 839.431 514.539 0.173933 0
5 1 37 900.023 526.328 0.381941 853.135 557.661 0.710429 880.467 571.273 0.652907 900.028 606.494 0.630004 898.099 586.952 0.10953 829.547 549.771 0.534111 0 0 0 0 0 0 856.947 661.265 0.504783 853.044 714.174 0.291036 0 0 0 829.54 649.545 0.520671 821.725 714.144 0.374854 0 0 0 898.065 522.445 0.478169 0 0 0 884.364 526.327 0.590864 0 0 0 0
5 1 38 900.062 526.332 0.227629 855.033 557.631 0.652832 884.375 569.391 0.643364 900.055 608.456 0.591978 899.975 590.874 0.0811979 825.642 545.888 0.473339 0 0 0 0 0 0 855.054 665.218 0.488028 853.049 714.192 0.193291 0 0 0 823.765 655.435 0.451808 821.672 714.174 0.250148 0 0 0 898.105 522.477 0.30275 0 0 0 886.353 528.234 0.515017 839.366 514.536 0.181709 0
5 1 39 0 0 0 853.025 565.462 0.824248 882.342 573.263 0.738155 901.937 612.362 0.780173 894.148 561.527 0.241104 823.698 553.663 0.669005 849.026 565.414 0.0616444 0 0 0 855.003 676.953 0.591681 853.058 714.208 0.176419 0 0 0 821.714 665.275 0.611283 819.842 714.193 0.155434 0 0 0 0 0 0 0 0 0 886.353 532.161 0.639207 839.372 520.462 0.30084 0
5 1 40 0 0 0 851.074 569.286 0.767326 876.523 583.008 0.703661 901.918 612.396 0.661535 896.023 563.473 0.254317 821.744 553.646 0.592576 0 0 0 0 0 0 853.085 686.738 0.515183 851.034 714.216 0.103648 0 0 0 819.846 674.999 0.499675 819.767 714.203 0.0980217 0 0 0 0 0 0 0 0 0 886.342 536.017 0.631834 837.503 522.276 0.300502 0
5 1 41 898.12 536.054 0.129865 849.14 569.319 0.741488 872.627 584.938 0.713625 900.105 612.365 0.531562 894.136 563.474 0.221574 821.688 553.644 0.576785 0 0 0 0 0 0 851.137 688.698 0.493424 847.12 714.215 0.0684669 0 0 0 819.796 675.016 0.467438 819.693 714.214 0.0708081 0 0 0 898.049 530.237 0.199774 0 0 0 884.419 537.969 0.594199 839.366 522.362 0.230444 0
5 1 42 0 0 0 852.983 567.377 0.603249 880.429 579.12 0.586933 901.934 612.428 0.546002 898.018 594.777 0.072188 821.786 551.734 0.420605 0 0 0 0 0 0 858.891 667.158 0.457003 851.094 714.201 0.186104 0 0 0 825.648 657.372 0.440446 819.706 714.179 0.264781 0 0 0 0 0 0 0 0 0 890.19 538.003 0.4053 839.364 522.288 0.177691 0
5 1 43 0 0 0 855.001 557.665 0.732857 888.241 569.347 0.650058 900.094 614.333 0.659013 898.051 604.55 0.0926145 823.678 549.785 0.606888 806.15 581.089 0.0574855 0 0 0 864.783 659.37 0.555023 854.999 714.183 0.30203 0 0 0 829.559 649.527 0.603189 819.759 714.154 0.424253 0 0 0 0 0 0 0 0 0 892.143 537.99 0.492515 841.289 522.399 0.243149 0
5 1 45 851.081 539.939 0.330231 864.807 567.412 0.289986 835.447 553.683 0.160434 0 0 0 0 0 0 888.255 573.256 0.304819 898.026 604.587 0.145971 0 0 0 837.391 659.335 0.222301 821.758 714.181 0.136799 0 0 0 851.117 667.152 0.259789 831.515 714.175 0.189557 0 0 0 851.017 526.371 0.265225 864.75 537.965 0.337335 0 0 0 888.233 540.018 0.402931 0
5 1 53 894.086 559.6 0.174572 853.05 571.265 0.326233 864.748 590.84 0.420851 864.722 637.831 0.0982916 0 0 0 835.427 553.707 0.197254 0 0 0 0 0 0 853.04 620.243 0.0838495 0 0 0 0 0 0 833.464 653.483 0.117436 833.472 714.185 0.0699903 0 0 0 888.254 553.718 0.182927 0 0 0 880.464 549.738 0.331241 0 0 0 0
5 1 70 0 0 0 868.638 539.952 0.332864 898.011 540.029 0.162444 0 0 0 0 0 0 839.378 532.182 0.315636 823.696 579.144 0.111651 0 0 0 864.769 649.525 0.284717 851.086 714.192 0.127475 0 0 0 835.473 639.797 0.282668 837.348 714.167 0.158198 0 0 0 0 0 0 0 0 0 903.905 528.281 0.103949 0 0 0 0
5 1 71 0 0 0 868.715 539.954 0.391066 899.961 545.855 0.224025 0 0 0 0 0 0 839.407 532.154 0.383805 823.741 581.058 0.189705 833.435 608.47 0.0570448 866.796 643.707 0.298906 853.053 714.184 0.177817 0 0 0 835.456 635.865 0.338334 837.386 714.166 0.225256 0 0 0 0 0 0 0 0 0 907.815 530.201 0.126079 0 0 0 0
5 1 76 0 0 0 864.757 536.072 0.354418 890.204 536.066 0.147922 870.679 606.53 0.134371 925.438 633.947 0.126927 837.44 526.358 0.371688 821.859 584.983 0.0944548 0 0 0 866.671 655.435 0.291196 860.876 714.199 0.0840509 0 0 0 837.381 647.581 0.28219 845.217 714.171 0.0895341 0 0 0 0 0 0 0 0 0 899.961 524.377 0.147694 0 0 0 0
5 1 79 0 0 0 866.682 537.965 0.363781 896.091 541.929 0.192533 882.379 608.484 0.0809358 0 0 0 837.399 526.347 0.417684 825.622 586.97 0.159843 0 0 0 868.642 649.54 0.33178 864.765 714.195 0.101942 0 0 0 835.501 641.738 0.336691 845.187 714.164 0.105193 0 0 0 0 0 0 0 0 0 900.039 520.443 0.121505 0 0 0 0
5 1 80 0 0 0 864.815 536.106 0.491399 892.184 539.964 0.300082 882.427 606.527 0.167026 915.691 632.038 0.178378 837.332 528.241 0.534273 823.763 586.98 0.221364 0 0 0 868.68 649.537 0.416631 866.705 714.192 0.15789 0 0 0 837.326 643.703 0.435043 843.266 714.174 0.173893 0 0 0 0 0 0 0 0 0 898.105 512.652 0.171069 858.924 504.722 0.0665088 0
5 1 81 0 0 0 866.646 536.07 0.411332 896.05 538.062 0.24785 884.329 602.597 0.089337 0 0 0 837.342 526.319 0.477321 825.673 586.94 0.174373 0 0 0 868.717 647.645 0.370214 864.776 714.196 0.120604 0 0 0 837.34 641.758 0.38107 843.255 714.172 0.148455 0 0 0 0 0 0 0 0 0 898.092 510.674 0.143732 858.897 502.822 0.0667425 0
5 1 85 0 0 0 858.93 537.977 0.458971 882.447 541.994 0.300541 872.608 606.51 0.104999 0 0 0 835.506 526.293 0.512667 823.703 588.908 0.150454 0 0 0 866.67 655.441 0.394723 856.937 714.209 0.112905 0 0 0 835.416 647.576 0.418474 837.392 714.181 0.124667 0 0 0 0 0 0 0 0 0 898.037 516.504 0.254331 0 0 0 0
5 1 86 0 0 0 860.884 530.253 0.433395 884.344 537.983 0.302355 872.597 602.625 0.118681 905.849 629.968 0.0612597 837.351 524.332 0.488291 823.745 586.967 0.157956 0 0 0 864.79 655.443 0.394636 855.038 714.208 0.106709 0 0 0 835.455 647.578 0.398013 837.401 714.175 0.104594 0 0 0 0 0 0 0 0 0 897.979 508.773 0.302958 0 0 0 0
5 1 87 913.708 524.298 0.269705 856.942 534.162 0.49406 878.442 540.053 0.34868 868.714 602.637 0.202371 900.024 618.242 0.0903885 837.351 524.338 0.52699 821.826 585.039 0.137613 0 0 0 864.738 653.49 0.453576 856.96 714.207 0.13891 0 0 0 837.341 645.679 0.442307 837.444 714.176 0.121881 0 0 0 911.667 512.621 0.257817 0 0 0 896.04 510.677 0.370868 0 0 0 0
5 1 88 913.683 524.314 0.288201 855.042 530.254 0.579553 878.432 540.01 0.435565 872.629 604.575 0.285911 909.797 626.051 0.264692 837.348 522.451 0.629608 821.828 586.95 0.127061 0 0 0 862.827 651.526 0.500195 856.972 714.203 0.158918 0 0 0 835.466 645.645 0.483187 837.429 714.18 0.148737 0 0 0 911.652 512.628 0.266422 0 0 0 894.163 508.74 0.424478 0 0 0 0
5 1 89 0 0 0 858.92 530.19 0.555151 882.434 538.079 0.483835 882.396 600.652 0.227124 903.9 629.984 0.139701 835.492 522.43 0.630519 821.809 583.062 0.137432 0 0 0 866.664 649.554 0.501195 860.844 714.198 0.196015 0 0 0 835.455 641.759 0.493578 839.333 714.182 0.196378 0 0 0 0 0 0 0 0 0 896.1 508.656 0.394238 0 0 0 0
5 1 90 0 0 0 858.901 530.232 0.49272 882.396 539.987 0.378281 880.438 600.667 0.223891 907.794 628.063 0.122255 835.494 524.275 0.557634 821.756 583.054 0.14989 0 0 0 862.86 649.531 0.460828 856.948 714.197 0.18656 0 0 0 835.487 641.724 0.429901 839.345 714.179 0.173099 0 0 0 0 0 0 0 0 0 897.966 508.768 0.311262 0 0 0 0
5 1 91 0 0 0 856.956 530.206 0.469496 880.438 539.98 0.32127 878.447 602.574 0.171456 907.832 628.043 0.146968 835.455 522.464 0.531197 821.731 585.001 0.100253 0 0 0 862.797 651.554 0.422211 853.081 714.203 0.132994 0 0 0 837.336 645.659 0.382327 837.437 714.169 0.105336 0 0 0 0 0 0 0 0 0 896.075 510.651 0.312272 0 0 0 0
5 1 93 0 0 0 858.923 526.355 0.375539 884.327 537.999 0.237355 884.369 592.813 0.0876466 0 0 0 835.453 522.398 0.386309 0 0 0 0 0 0 862.8 649.542 0.322131 853.011 714.193 0.103748 0 0 0 837.45 643.671 0.237288 843.27 714.162 0.0812094 0 0 0 0 0 0 0 0 0 896.06 508.692 0.273789 0 0 0 0
5 1 94 0 0 0 858.899 526.332 0.417378 884.395 538.001 0.286437 888.257 594.768 0.0932157 0 0 0 835.406 522.378 0.455306 0 0 0 0 0 0 866.705 647.571 0.317398 856.961 714.186 0.162077 0 0 0 835.42 637.811 0.308171 843.284 714.172 0.165289 0 0 0 0 0 0 0 0 0 897.96 508.687 0.240621 0 0 0 0
5 1 96 915.556 522.361 0.403933 864.716 537.962 0.621782 884.298 545.862 0.537718 884.382 606.522 0.504424 915.648 626.065 0.476369 837.37 524.373 0.658456 821.713 584.955 0.264112 823.765 616.253 0.0506032 864.722 651.574 0.527023 858.92 714.2 0.179618 0 0 0 833.479 645.673 0.531786 837.388 714.185 0.176176 0 0 0 911.774 510.639 0.405782 0 0 0 898.033 512.592 0.581796 0 0 0 0
5 1 103 0 0 0 855.016 532.167 0.343346 874.557 541.981 0.184527 878.462 610.421 0.134976 901.954 630.012 0.0837124 835.438 522.46 0.371325 0 0 0 0 0 0 854.971 657.405 0.332605 853.092 714.204 0.079721 0 0 0 835.4 649.54 0.240648 837.393 714.184 0.071473 0 0 0 0 0 0 0 0 0 892.201 508.738 0.294244 0 0 0 0
5 1 104 0 0 0 856.946 530.225 0.315331 880.42 541.932 0.159016 0 0 0 0 0 0 0 0 0 0 0 0 0 0 0 853.094 655.441 0.31745 853.064 714.202 0.0721759 0 0 0 835.458 647.623 0.223342 837.404 714.183 0.0686348 0 0 0 0 0 0 0 0 0 896.063 508.762 0.273671 0 0 0 0
5 1 107 0 0 0 854.978 528.246 0.371997 874.554 536.061 0.197547 878.483 604.565 0.146564 900.041 620.259 0.17508 835.327 522.455 0.393042 0 0 0 0 0 0 854.988 659.335 0.363413 853.084 714.207 0.0712603 0 0 0 833.453 649.548 0.268831 835.454 714.183 0.0614139 0 0 0 0 0 0 0 0 0 896.08 508.701 0.309572 0 0 0 0
5 1 108 911.726 530.228 0.291257 851.138 532.162 0.577968 866.754 539.966 0.455553 866.714 600.693 0.418258 901.996 618.279 0.604384 835.38 524.277 0.598381 817.789 586.96 0.104439 0 0 0 853.082 653.465 0.522512 855.032 714.208 0.148865 0 0 0 831.548 647.597 0.44381 835.445 714.178 0.114029 0 0 0 907.784 514.562 0.261064 0 0 0 892.153 508.679 0.476963 0 0 0 0
5 1 109 913.596 524.407 0.267604 851.112 532.182 0.576687 864.797 539.971 0.472367 866.738 602.606 0.445342 903.933 618.317 0.605425 835.426 524.286 0.58763 815.903 586.974 0.0719827 0 0 0 852.991 653.496 0.537785 854.999 714.207 0.147719 0 0 0 833.457 647.619 0.422381 835.466 714.175 0.0951017 0 0 0 909.724 510.725 0.248342 0 0 0 890.201 508.703 0.443227 0 0 0 0
5 1 110 0 0 0 851.119 534.093 0.511005 862.846 540.031 0.403353 866.783 602.655 0.375113 903.912 618.338 0.529578 835.397 524.306 0.505671 815.861 586.971 0.0788603 0 0 0 853.002 655.429 0.513849 856.945 714.204 0.147946 0 0 0 833.458 647.638 0.39385 837.372 714.175 0.09115 0 0 0 0 0 0 0 0 0 888.289 508.745 0.351907 0 0 0 0
5 1 111 0 0 0 852.981 534.15 0.45784 866.74 543.911 0.337568 870.629 608.463 0.289347 905.889 622.191 0.372926 835.365 524.275 0.460587 815.862 586.97 0.111558 0 0 0 853.01 657.405 0.464926 855.021 714.203 0.12341 0 0 0 829.554 649.529 0.358229 835.457 714.174 0.0820389 0 0 0 0 0 0 0 0 0 894.094 510.66 0.309844 0 0 0 0
5 1 112 0 0 0 851.151 534.133 0.456881 866.697 543.899 0.325656 870.633 606.539 0.287849 907.856 624.131 0.342013 835.383 524.305 0.471383 812.003 585.033 0.093205 0 0 0 853.016 657.398 0.459377 855.013 714.2 0.127846 0 0 0 831.505 649.53 0.353174 837.361 714.175 0.0825102 0 0 0 0 0 0 0 0 0 892.177 508.784 0.310038 0 0 0 0
5 1 113 0 0 0 852.99 532.185 0.456182 868.694 539.971 0.324171 870.676 606.539 0.222444 909.757 628.072 0.244554 833.506 524.292 0.488734 811.977 585.018 0.109112 0 0 0 853.018 657.399 0.44005 855.001 714.201 0.11028 0 0 0 827.612 647.637 0.354595 837.363 714.176 0.0764729 0 0 0 0 0 0 0 0 0 896.064 508.734 0.34022 0 0 0 0
5 1 114 0 0 0 853.077 528.308 0.322968 870.651 534.13 0.180845 874.551 606.539 0.102053 909.779 630.004 0.100781 833.48 524.286 0.345795 0 0 0 0 0 0 852.99 661.296 0.347521 854.974 714.204 0.0704405 0 0 0 833.494 651.536 0.207134 837.409 714.2 0.0556499 0 0 0 0 0 0 0 0 0 897.968 508.72 0.236107 0 0 0 0
5 1 115 0 0 0 853.118 530.24 0.287906 0 0 0 0 0 0 0 0 0 833.499 524.284 0.306112 0 0 0 0 0 0 851.136 661.299 0.351475 853.094 714.205 0.0688546 0 0 0 835.413 651.529 0.209298 837.399 714.204 0.0552724 0 0 0 0 0 0 0 0 0 0 0 0 0 0 0 0
5 1 119 0 0 0 853.059 534.149 0.310621 866.762 541.939 0.18601 866.726 614.316 0.159282 903.918 626.063 0.150474 835.373 524.286 0.32233 0 0 0 0 0 0 851.105 661.277 0.337619 855.024 714.202 0.0731364 0 0 0 829.583 649.56 0.20101 837.333 714.191 0.0591558 0 0 0 0 0 0 0 0 0 896.071 510.613 0.261463 0 0 0 0
5 1 130 0 0 0 855.052 537.992 0.310056 874.567 553.693 0.154868 862.814 618.289 0.118377 0 0 0 835.483 524.386 0.290515 0 0 0 0 0 0 856.945 661.314 0.271295 853.084 714.197 0.0539158 0 0 0 837.423 651.528 0.155307 0 0 0 0 0 0 0 0 0 0 0 0 896.039 512.624 0.219106 0 0 0 0
5 1 131 913.654 526.342 0.261203 855.042 538.021 0.42327 878.464 553.651 0.26874 868.701 614.351 0.128325 0 0 0 837.318 524.435 0.411066 0 0 0 0 0 0 854.976 663.228 0.359734 851.122 714.206 0.0776382 0 0 0 835.435 653.468 0.247725 837.356 714.179 0.0647203 0 0 0 909.735 516.501 0.256771 0 0 0 894.162 512.601 0.362095 0 0 0 0
5 1 132 913.703 526.294 0.206085 856.982 538.063 0.49528 882.361 551.753 0.372332 880.406 612.381 0.149419 911.661 633.942 0.0692492 835.481 524.442 0.517325 0 0 0 0 0 0 855.049 663.225 0.427184 853.031 714.208 0.105639 0 0 0 833.427 651.504 0.373287 837.333 714.177 0.086507 0 0 0 911.688 516.548 0.211703 0 0 0 897.984 514.578 0.406876 0 0 0 0
5 1 133 913.715 526.291 0.204642 856.976 538.089 0.527778 882.354 553.647 0.41393 882.314 614.307 0.171099 913.596 633.909 0.107165 835.501 526.279 0.534472 0 0 0 0 0 0 855.033 663.279 0.465455 853.032 714.211 0.103226 0 0 0 833.427 653.477 0.409218 835.455 714.185 0.0801953 0 0 0 911.693 516.534 0.210586 0 0 0 897.976 514.573 0.416349 0 0 0 0
5 1 134 913.702 524.421 0.211184 856.955 541.945 0.525524 878.497 555.691 0.435064 874.548 614.37 0.196345 911.74 635.839 0.12898 837.37 526.331 0.5275 0 0 0 0 0 0 853.11 665.177 0.479893 853.003 714.211 0.111253 0 0 0 833.467 655.423 0.400926 835.43 714.187 0.0813837 0 0 0 911.673 516.508 0.229995 0 0 0 897.964 518.465 0.456393 0 0 0 0
5 1 135 913.668 524.295 0.160877 856.988 539.984 0.47511 880.426 553.741 0.365692 880.4 612.414 0.148923 0 0 0 837.383 526.298 0.468123 0 0 0 0 0 0 855.005 663.239 0.418935 853.03 714.205 0.103434 0 0 0 835.407 651.545 0.336063 837.374 714.176 0.0793275 0 0 0 909.813 514.553 0.183441 0 0 0 897.996 516.51 0.405786 0 0 0 0
5 1 136 913.647 522.385 0.232921 856.93 538.042 0.409189 860.882 541.965 0.263359 868.684 612.402 0.11212 898.1 631.935 0.0681237 837.428 524.435 0.342704 0 0 0 0 0 0 853.102 663.252 0.380742 851.096 714.202 0.0817491 0 0 0 839.366 655.413 0.231063 837.438 714.178 0.0664197 0 0 0 907.826 510.721 0.238033 0 0 0 894.128 512.581 0.335099 0 0 0 0
5 1 137 913.668 522.431 0.197846 856.955 538.073 0.426903 874.579 553.692 0.264295 862.796 618.267 0.159389 899.95 631.966 0.0787185 837.424 524.407 0.425976 0 0 0 0 0 0 853.092 663.225 0.40847 853.014 714.204 0.0959255 0 0 0 835.45 653.449 0.291574 837.388 714.179 0.0792913 0 0 0 909.733 512.583 0.202442 0 0 0 896.12 514.524 0.355094 0 0 0 0
5 1 138 913.715 526.306 0.214542 856.96 538.09 0.463518 878.45 553.699 0.306108 864.797 616.288 0.177086 898.082 633.903 0.0817488 837.422 526.283 0.456513 0 0 0 0 0 0 853.038 661.267 0.448459 853.031 714.205 0.107168 0 0 0 833.466 647.645 0.333879 837.349 714.17 0.0846059 0 0 0 911.665 514.58 0.22097 0 0 0 897.945 516.528 0.418858 0 0 0 0
5 1 139 915.578 524.3 0.303712 856.984 538.051 0.502632 878.433 549.782 0.32082 864.791 612.382 0.154193 898.065 633.893 0.0823537 837.459 526.275 0.489778 0 0 0 0 0 0 853.079 657.37 0.439728 853.104 714.204 0.134412 0 0 0 833.504 647.569 0.352229 837.44 714.167 0.0982161 0 0 0 911.772 510.73 0.316613 0 0 0 896.123 516.525 0.45744 0 0 0 0
5 1 140 915.658 528.267 0.493025 856.934 539.983 0.452415 870.659 567.376 0.296816 858.929 620.213 0.153094 876.525 667.159 0.0651544 841.29 524.425 0.431044 882.38 614.321 0.0873194 909.805 630.013 0.260929 853.033 661.28 0.41559 853.087 714.204 0.111607 0 0 0 835.413 649.568 0.292253 837.399 714.176 0.0735663 0 0 0 913.591 518.476 0.497814 0 0 0 890.209 520.42 0.541747 0 0 0 0
5 1 141 0 0 0 856.995 536.06 0.287298 856.978 538.049 0.172141 856.949 620.236 0.128007 0 0 0 839.36 524.356 0.260408 0 0 0 0 0 0 853.055 651.523 0.278934 856.95 714.184 0.0941755 0 0 0 835.411 643.669 0.173254 843.255 714.169 0.0639172 0 0 0 0 0 0 0 0 0 896.072 520.435 0.31683 0 0 0 0
5 1 143 913.741 524.403 0.137992 858.911 538.012 0.336655 872.602 565.421 0.176177 856.933 620.197 0.166665 872.637 669.144 0.0568739 839.395 524.39 0.318238 0 0 0 0 0 0 853.104 655.446 0.350727 853.069 714.201 0.07703 0 0 0 837.374 647.585 0.22454 837.426 714.17 0.0619839 0 0 0 911.692 518.476 0.146547 0 0 0 896.079 518.468 0.252055 0 0 0 0
5 1 144 0 0 0 864.728 538.001 0.274201 880.451 565.38 0.135919 856.964 620.205 0.138927 0 0 0 839.358 524.383 0.254165 0 0 0 0 0 0 855.025 655.419 0.326072 853.042 714.199 0.0651072 0 0 0 837.396 645.669 0.210846 839.317 714.177 0.0592704 0 0 0 0 0 0 0 0 0 896.116 516.495 0.203032 0 0 0 0
5 1 145 915.579 524.414 0.209888 860.868 538.092 0.437428 876.486 551.747 0.284839 866.692 612.377 0.199846 0 0 0 841.304 526.309 0.396106 0 0 0 0 0 0 856.962 657.405 0.422889 853.006 714.205 0.106509 0 0 0 835.485 647.643 0.35754 837.383 714.171 0.0961168 0 0 0 913.592 516.552 0.210532 0 0 0 897.959 516.516 0.344443 0 0 0 0
5 1 146 913.757 524.31 0.118854 862.8 538.026 0.443222 880.424 549.759 0.270991 874.572 610.455 0.139872 892.179 659.357 0.0564157 839.392 526.271 0.412572 0 0 0 0 0 0 860.896 659.325 0.399299 853.093 714.205 0.117429 0 0 0 835.462 647.635 0.370531 837.408 714.171 0.115225 0 0 0 911.778 516.504 0.132552 0 0 0 898.07 514.588 0.309285 0 0 0 0
5 1 147 0 0 0 866.659 532.199 0.386902 886.299 538.036 0.222868 882.38 606.529 0.101907 0 0 0 839.383 524.365 0.370212 0 0 0 0 0 0 864.732 651.55 0.365555 853.052 714.198 0.121018 0 0 0 835.472 643.699 0.347209 837.4 714.171 0.140768 0 0 0 0 0 0 0 0 0 898.099 512.59 0.20753 0 0 0 0
5 1 148 0 0 0 866.708 530.223 0.440097 888.271 538.03 0.278262 884.395 602.609 0.103748 0 0 0 839.407 524.329 0.434503 821.803 575.197 0.108343 0 0 0 866.7 647.625 0.380266 855 714.185 0.154704 0 0 0 837.324 637.84 0.376266 837.47 714.17 0.195685 0 0 0 0 0 0 0 0 0 899.995 512.629 0.244178 0 0 0 0
5 1 149 0 0 0 864.776 532.183 0.410612 882.379 541.946 0.239843 876.515 606.536 0.117741 0 0 0 843.25 524.29 0.393076 0 0 0 0 0 0 860.885 649.594 0.37615 853.061 714.19 0.146521 0 0 0 835.486 641.727 0.346616 837.459 714.172 0.164781 0 0 0 0 0 0 0 0 0 899.935 514.559 0.255371 0 0 0 0
5 1 155 0 0 0 866.657 536.09 0.292302 876.521 541.954 0.139312 864.797 618.302 0.141032 882.358 669.125 0.0542797 839.418 524.336 0.257864 0 0 0 0 0 0 856.974 657.404 0.34451 851.117 714.2 0.0756625 0 0 0 837.372 647.61 0.261276 837.425 714.176 0.0740387 0 0 0 0 0 0 0 0 0 898.104 518.468 0.181991 0 0 0 0
5 1 156 0 0 0 862.846 536.047 0.323373 866.738 538.082 0.181919 866.755 616.261 0.128049 0 0 0 839.38 524.301 0.289331 0 0 0 0 0 0 856.961 661.299 0.354907 851.087 714.201 0.0826214 0 0 0 837.44 649.596 0.254569 837.405 714.177 0.0712599 0 0 0 0 0 0 0 0 0 898.102 516.5 0.231635 0 0 0 0
5 1 157 0 0 0 864.813 534.127 0.358051 888.256 540.031 0.221754 884.352 614.325 0.0824914 0 0 0 837.468 524.299 0.38457 0 0 0 0 0 0 862.809 655.422 0.338741 853.018 714.195 0.10257 0 0 0 835.438 645.641 0.309987 837.42 714.168 0.106671 0 0 0 0 0 0 0 0 0 899.943 512.64 0.2366 0 0 0 0
5 1 159 0 0 0 860.879 536.041 0.279126 862.833 539.976 0.157749 860.887 620.216 0.112618 0 0 0 839.323 522.445 0.260881 0 0 0 0 0 0 853.111 653.486 0.327869 853.014 714.199 0.0872343 0 0 0 839.361 645.638 0.184289 839.334 714.178 0.0574743 0 0 0 0 0 0 0 0 0 897.997 518.474 0.225189 0 0 0 0
5 1 160 0 0 0 866.749 534.131 0.282557 899.975 540.004 0.170375 0 0 0 0 0 0 837.327 524.335 0.347958 823.721 575.245 0.107151 0 0 0 870.66 641.733 0.222071 864.743 714.179 0.143366 0 0 0 835.476 631.96 0.243556 841.325 714.161 0.177937 0 0 0 0 0 0 0 0 0 905.875 518.49 0.129849 0 0 0 0
5 1 164 0 0 0 864.768 532.169 0.259123 897.973 543.897 0.147046 0 0 0 0 0 0 835.456 524.348 0.355062 823.674 581.071 0.0942864 0 0 0 868.739 641.74 0.231681 862.809 714.174 0.183362 0 0 0 837.337 633.907 0.229778 843.288 714.155 0.195932 0 0 0 0 0 0 0 0 0 900.036 510.694 0.132008 0 0 0 0
5 1 165 0 0 0 864.715 534.095 0.339133 894.109 545.877 0.198333 0 0 0 0 0 0 835.444 524.33 0.459871 823.688 583.044 0.150359 823.654 620.199 0.0546251 868.686 643.692 0.263415 862.79 714.175 0.198662 0 0 0 835.481 633.938 0.268344 843.238 714.157 0.212433 0 0 0 0 0 0 0 0 0 900.017 510.65 0.199019 862.816 502.844 0.0800371 0
5 1 166 0 0 0 862.838 530.235 0.396107 896.047 538.064 0.259357 0 0 0 0 0 0 835.36 524.357 0.554983 821.846 584.958 0.223943 821.812 618.22 0.0764251 876.495 618.239 0.317854 866.669 714.164 0.260219 0 0 0 837.392 618.314 0.370055 843.251 714.137 0.254963 0 0 0 0 0 0 0 0 0 898.07 510.634 0.186671 858.901 502.843 0.0826231 0
5 1 167 0 0 0 864.732 534.118 0.318399 896.071 545.871 0.200137 0 0 0 0 0 0 835.385 524.335 0.459157 821.809 583.061 0.129495 0 0 0 870.682 630.002 0.249414 862.841 714.177 0.196164 0 0 0 835.432 629.98 0.280331 843.274 714.155 0.217605 0 0 0 0 0 0 0 0 0 900.01 510.727 0.152505 858.9 502.852 0.0791771 0
5 1 168 0 0 0 858.93 536.036 0.275103 888.249 553.669 0.164601 0 0 0 0 0 0 835.388 524.355 0.373907 0 0 0 0 0 0 860.871 647.629 0.219747 855.04 714.187 0.118239 0 0 0 833.492 637.846 0.172354 845.203 714.164 0.114651 0 0 0 0 0 0 0 0 0 898.121 510.715 0.208458 0 0 0 0
5 1 173 0 0 0 853.092 536.074 0.279804 882.411 559.551 0.16745 0 0 0 0 0 0 833.428 524.318 0.345129 0 0 0 0 0 0 858.905 655.436 0.261905 854.981 714.187 0.127674 0 0 0 835.421 647.614 0.203162 841.285 714.171 0.130397 0 0 0 0 0 0 0 0 0 898.028 512.628 0.152632 0 0 0 0
5 1 174 0 0 0 853.111 539.988 0.331301 878.507 561.536 0.246878 870.665 614.326 0.129003 0 0 0 831.532 524.366 0.386458 0 0 0 0 0 0 858.902 661.291 0.332564 854.987 714.196 0.130492 0 0 0 833.475 651.518 0.277216 839.319 714.177 0.139213 0 0 0 0 0 0 0 0 0 897.967 512.66 0.181794 0 0 0 0
5 1 175 0 0 0 853.121 534.151 0.280033 878.461 559.547 0.109136 0 0 0 0 0 0 833.494 524.334 0.330376 0 0 0 0 0 0 855.009 657.375 0.278282 853.075 714.189 0.113026 0 0 0 835.45 649.56 0.19617 843.24 714.172 0.106224 0 0 0 0 0 0 0 0 0 892.158 518.473 0.160915 0 0 0 0
5 1 176 0 0 0 854.981 536.088 0.262429 882.372 561.515 0.13194 0 0 0 0 0 0 833.43 524.362 0.307241 0 0 0 0 0 0 855.034 655.43 0.252428 854.992 714.19 0.107975 0 0 0 835.396 647.608 0.175997 843.248 714.171 0.101449 0 0 0 0 0 0 0 0 0 896.084 508.77 0.162507 0 0 0 0
5 1 177 0 0 0 853.072 538.019 0.40013 874.564 555.695 0.237359 868.693 608.487 0.109834 898.053 630.02 0.0826034 833.419 524.351 0.441224 0 0 0 0 0 0 855.023 649.57 0.323111 855.026 714.181 0.176991 0 0 0 829.55 641.746 0.255019 841.286 714.171 0.170504 0 0 0 0 0 0 0 0 0 896.046 508.76 0.314213 0 0 0 0
5 1 178 0 0 0 851.141 538.059 0.477933 868.74 555.683 0.309018 868.666 610.442 0.152527 900.051 631.878 0.172698 833.428 524.375 0.486522 0 0 0 0 0 0 853.069 649.529 0.390044 855.003 714.179 0.215528 0 0 0 827.621 639.779 0.313078 841.29 714.169 0.200703 0 0 0 0 0 0 0 0 0 894.094 510.711 0.341133 0 0 0 0
5 1 179 0 0 0 853.061 536.095 0.338374 878.485 555.654 0.166787 872.593 604.588 0.0905368 900.002 628.065 0.0746022 829.548 524.371 0.369235 0 0 0 0 0 0 855.034 649.561 0.284385 853.086 714.176 0.145263 0 0 0 829.571 637.841 0.203455 841.316 714.166 0.128066 0 0 0 0 0 0 0 0 0 894.108 510.703 0.193506 0 0 0 0
5 1 181 0 0 0 849.164 539.964 0.32376 868.673 571.264 0.230382 860.869 618.274 0.101541 0 0 0 827.624 524.384 0.359745 0 0 0 0 0 0 853.107 659.336 0.292161 854.993 714.191 0.120492 0 0 0 827.641 647.607 0.206859 839.338 714.174 0.103308 0 0 0 0 0 0 0 0 0 884.322 510.661 0.207517 0 0 0 0
5 1 184 0 0 0 847.196 539.966 0.32818 864.772 571.327 0.214076 853.052 616.328 0.122625 0 0 0 829.528 526.278 0.345254 0 0 0 0 0 0 851.097 653.486 0.26949 855.028 714.172 0.13005 0 0 0 827.605 643.712 0.187292 845.221 714.171 0.0942141 0 0 0 0 0 0 0 0 0 886.31 512.611 0.198092 0 0 0 0
5 1 214 0 0 0 852.978 543.919 0.339574 878.451 565.46 0.274932 872.631 610.455 0.0819449 0 0 0 821.845 528.299 0.36579 0 0 0 0 0 0 856.994 651.553 0.274113 855.035 714.187 0.0969386 0 0 0 827.621 643.69 0.223448 837.418 714.166 0.0953092 0 0 0 0 0 0 0 0 0 890.237 510.714 0.19172 0 0 0 0
5 1 226 0 0 0 853.078 538.019 0.329544 874.562 565.41 0.167994 864.789 612.373 0.113512 898.098 624.144 0.109377 835.379 524.417 0.328906 0 0 0 0 0 0 855.031 649.582 0.268012 855.02 714.177 0.120031 0 0 0 835.419 637.841 0.188158 843.267 714.162 0.0905108 0 0 0 0 0 0 0 0 0 882.387 524.34 0.170544 0 0 0 0
5 1 228 0 0 0 854.982 538.011 0.396823 878.457 555.669 0.182339 872.598 604.598 0.112266 898.036 628.022 0.0987184 835.385 528.259 0.385811 817.828 584.972 0.107205 0 0 0 856.974 649.57 0.326226 853.03 714.182 0.169234 0 0 0 835.445 639.801 0.245532 839.384 714.168 0.150316 0 0 0 0 0 0 0 0 0 884.378 520.415 0.178182 0 0 0 0
5 1 229 0 0 0 854.991 539.947 0.387807 878.471 559.575 0.219891 870.638 614.359 0.147548 898.038 630.002 0.0792225 835.381 528.247 0.403972 817.821 584.945 0.144012 0 0 0 858.912 651.561 0.33294 853.036 714.186 0.160637 0 0 0 835.368 645.635 0.276105 837.414 714.167 0.153236 0 0 0 0 0 0 0 0 0 896.015 518.461 0.192755 0 0 0 0
