0 111 7 0 0 0 716.065 626.069 0.705442 757.186 624.126 0.675921 770.904 694.562 0.124451 0 0 0 678.845 622.168 0.689497 631.859 678.961 0.678789 592.847 714.156 0.400348 735.624 714.185 0.0724265 0 0 0 0 0 0 678.861 714.205 0.122436 0 0 0 0 0 0 0 0 0 0 0 0 737.597 584.927 0.362791 690.634 584.918 0.46557 0
0 111 8 0 0 0 712.246 622.206 0.795242 755.244 622.193 0.721962 770.889 686.755 0.383671 0 0 0 675.015 620.253 0.71678 629.995 676.988 0.698783 592.826 714.147 0.438148 729.756 714.187 0.115172 0 0 0 0 0 0 675 714.203 0.155694 0 0 0 0 0 0 0 0 0 0 0 0 733.672 581.071 0.430567 688.703 581.101 0.513167 0
0 111 9 0 0 0 710.251 618.207 0.689327 745.449 618.251 0.481555 766.962 680.821 0.227169 761.095 714.183 0.06281 674.967 616.31 0.484842 629.961 673.056 0.185722 588.981 714.163 0.117325 680.864 714.189 0.0575513 0 0 0 0 0 0 0 0 0 0 0 0 0 0 0 0 0 0 0 0 0 727.882 573.23 0.243095 686.706 571.343 0.273279 0
0 111 10 0 0 0 708.247 616.288 0.675935 741.552 616.261 0.492777 761.147 676.962 0.253739 0 0 0 673.034 616.22 0.495609 630.004 663.305 0.377447 598.701 696.532 0.268115 680.838 714.181 0.101383 0 0 0 0 0 0 680.838 714.19 0.0757069 0 0 0 0 0 0 0 0 0 0 0 0 725.784 571.322 0.271027 680.897 571.358 0.400009 0
0 111 11 708.262 583.028 0.0721935 702.386 612.407 0.7523 665.219 612.364 0.745024 624.169 663.199 0.694311 592.811 696.501 0.571331 741.507 614.293 0.743585 759.195 676.922 0.50178 0 0 0 671.057 714.167 0.370203 0 0 0 0 0 0 725.9 714.17 0.330257 0 0 0 0 0 0 0 0 0 0 0 0 680.972 571.276 0.193521 719.961 569.403 0.195628 0
0 111 12 700.449 583.034 0.110173 698.501 606.499 0.800544 663.274 604.602 0.780219 628.043 651.593 0.708598 594.774 696.429 0.663484 739.565 604.637 0.722521 759.098 663.289 0.487303 747.382 680.897 0.138932 665.265 714.158 0.409805 0 0 0 0 0 0 725.811 714.155 0.355334 0 0 0 0 0 0 692.63 569.299 0.099545 0 0 0 678.968 569.353 0.218179 714.129 569.251 0.236109 0
0 111 13 700.467 569.377 0.300512 696.576 602.674 0.853376 661.312 602.668 0.774694 618.338 655.453 0.715669 588.961 694.571 0.658092 739.52 602.641 0.746919 759.048 663.292 0.42953 755.174 674.992 0.118763 669.12 714.162 0.368554 0 0 0 0 0 0 725.928 714.159 0.34988 0 0 0 0 0 0 694.483 555.712 0.272729 710.164 555.696 0.327588 678.848 563.442 0.361088 718.054 559.595 0.33496 0
0 111 14 696.514 567.407 0.159061 696.486 600.67 0.786416 661.248 600.576 0.70979 620.259 649.535 0.655054 588.93 688.684 0.664933 733.7 600.727 0.67563 757.24 661.327 0.459889 727.859 661.306 0.162614 665.207 714.158 0.343453 0 0 0 0 0 0 721.927 714.154 0.290036 0 0 0 0 0 0 686.729 553.755 0.154029 704.353 553.76 0.20788 678.894 559.569 0.159067 714.114 557.679 0.295119 0
0 111 15 0 0 0 696.467 598.648 0.758281 733.724 600.577 0.683015 755.216 663.188 0.645561 0 0 0 659.334 594.802 0.678901 618.302 649.6 0.690831 588.943 680.798 0.713395 723.92 714.161 0.320477 0 0 0 0 0 0 667.167 714.157 0.309756 0 0 0 0 0 0 0 0 0 0 0 0 714.19 555.636 0.296968 669.157 555.695 0.396444 0
0 111 16 0 0 0 694.634 592.817 0.7306 735.625 600.61 0.653506 753.282 663.166 0.594639 739.587 690.653 0.0650486 655.426 587.048 0.677206 616.235 651.54 0.559618 588.898 678.896 0.552765 714.175 714.164 0.286849 0 0 0 0 0 0 661.254 714.158 0.289664 0 0 0 0 0 0 0 0 0 0 0 0 721.925 553.676 0.201247 669.156 551.764 0.263525 0
0 111 17 0 0 0 694.563 586.899 0.817109 729.805 588.948 0.696049 749.381 649.64 0.56131 741.519 674.995 0.0747669 655.436 584.947 0.739954 620.195 633.936 0.725656 587.038 671.075 0.735365 712.191 714.141 0.422647 0 0 0 0 0 0 657.413 698.491 0.406446 0 0 0 0 0 0 0 0 0 0 0 0 714.181 547.811 0.26887 671.053 543.932 0.385066 0
0 111 18 0 0 0 692.618 582.995 0.819218 727.86 584.915 0.799184 747.435 645.684 0.649581 741.587 692.562 0.163536 651.581 581.067 0.757776 618.263 631.983 0.801348 586.99 669.12 0.781706 712.212 698.467 0.513227 0 0 0 0 0 0 653.483 694.587 0.506971 0 0 0 0 0 0 0 0 0 0 0 0 712.174 541.945 0.433122 669.154 540.071 0.476934 0
0 111 19 0 0 0 694.494 575.213 0.853574 727.892 581.055 0.79693 749.322 647.561 0.646216 745.494 680.886 0.149226 655.432 573.247 0.781074 618.275 628 0.777912 586.951 667.183 0.846485 712.133 696.511 0.555239 0 0 0 0 0 0 653.46 690.657 0.5395 0 0 0 0 0 0 0 0 0 0 0 0 710.219 538.016 0.502427 669.092 538.084 0.533771 0
0 111 20 0 0 0 694.454 571.397 0.858754 727.839 575.252 0.790075 745.427 639.796 0.618201 749.332 665.223 0.0977099 653.522 571.288 0.807373 618.354 622.169 0.756403 587.009 665.173 0.806667 710.253 686.728 0.595537 0 0 0 0 0 0 659.322 676.982 0.575721 0 0 0 0 0 0 0 0 0 0 0 0 708.295 536.049 0.465644 667.186 537.944 0.484946 0
0 111 21 0 0 0 692.636 571.292 0.872953 727.842 573.281 0.803663 745.42 639.781 0.661445 743.518 667.188 0.0841753 651.591 569.389 0.831874 618.228 626.084 0.753744 586.951 663.215 0.791385 710.197 694.515 0.590087 0 0 0 0 0 0 653.501 684.798 0.553144 0 0 0 0 0 0 0 0 0 0 0 0 710.182 528.241 0.51847 665.273 528.263 0.517237 0
0 111 22 0 0 0 692.597 569.286 0.861049 725.942 569.424 0.830367 741.561 633.975 0.699958 741.514 665.229 0.0638478 655.402 567.375 0.795207 618.31 620.271 0.780436 586.968 661.243 0.789348 710.133 692.617 0.601659 0 0 0 0 0 0 651.591 684.804 0.571063 571.287 618.259 0.672486 555.666 714.178 0.404717 0 0 0 0 0 0 710.139 524.31 0.524664 665.254 524.391 0.521968 0
0 111 23 0 0 0 692.577 565.441 0.807853 725.883 569.279 0.818649 741.454 632.034 0.744776 0 0 0 655.461 561.543 0.759257 618.297 618.314 0.790958 586.969 659.365 0.751417 702.382 692.626 0.566955 0 0 0 0 0 0 649.615 684.758 0.576465 571.273 618.186 0.591112 557.584 714.145 0.434064 0 0 0 0 0 0 708.253 520.443 0.512729 665.195 522.338 0.5497 0
0 111 24 0 0 0 690.682 557.645 0.807229 725.811 559.559 0.796829 741.483 618.288 0.539342 735.637 643.697 0.125378 655.467 557.627 0.764489 620.225 616.274 0.746841 587.02 657.406 0.74271 710.147 674.998 0.568822 696.493 714.217 0.0727953 0 0 0 659.324 669.134 0.545438 649.584 714.207 0.0816241 0 0 0 0 0 0 0 0 0 708.213 518.456 0.488446 665.201 520.401 0.518684 0
0 111 25 0 0 0 690.612 555.715 0.700463 723.859 555.651 0.668932 739.51 618.249 0.186839 0 0 0 655.449 557.598 0.671187 618.225 620.217 0.661555 587.035 655.402 0.628824 710.231 690.633 0.377277 0 0 0 0 0 0 655.433 692.612 0.343661 0 0 0 0 0 0 0 0 0 0 0 0 706.308 514.599 0.20137 665.162 516.545 0.308437 0
0 111 26 0 0 0 690.679 553.686 0.578929 721.977 553.665 0.511965 731.745 616.263 0.10221 0 0 0 659.337 553.694 0.613936 618.213 618.339 0.497849 588.913 651.495 0.490729 710.169 694.521 0.260178 0 0 0 0 0 0 651.559 692.602 0.242497 0 0 0 0 0 0 0 0 0 0 0 0 708.233 510.621 0.102451 665.162 508.687 0.218995 0
0 111 27 0 0 0 686.754 553.654 0.726009 721.911 553.634 0.645738 729.784 608.498 0.12145 0 0 0 651.577 553.707 0.712614 618.271 618.298 0.621405 588.927 649.498 0.584888 704.365 680.836 0.365051 0 0 0 0 0 0 651.512 680.87 0.400336 0 0 0 0 0 0 0 0 0 0 0 0 708.22 508.633 0.197302 663.198 506.754 0.357546 0
0 111 28 0 0 0 684.799 543.899 0.513391 712.246 541.979 0.406441 0 0 0 0 0 0 653.448 545.847 0.502715 618.226 618.2 0.42479 592.854 649.506 0.364285 702.394 680.882 0.213096 0 0 0 0 0 0 653.513 680.874 0.207214 0 0 0 0 0 0 0 0 0 0 0 0 0 0 0 663.245 500.841 0.14635 0
0 111 29 0 0 0 682.819 540.035 0.714044 712.198 538.112 0.63715 0 0 0 0 0 0 653.447 542.007 0.653279 622.164 608.463 0.596958 596.704 647.56 0.54279 700.421 653.477 0.304597 0 0 0 0 0 0 657.413 653.492 0.326784 571.338 616.284 0.430339 559.589 714.153 0.263348 0 0 0 0 0 0 706.292 500.896 0.155785 663.265 498.944 0.343615 0
0 111 30 0 0 0 682.8 538.054 0.819571 712.195 538.012 0.777739 0 0 0 0 0 0 653.508 538.111 0.76906 629.95 600.697 0.748176 598.729 637.82 0.694017 696.51 661.299 0.502429 598.604 620.204 0.0576599 0 0 0 649.613 661.291 0.504588 571.332 616.224 0.731455 563.492 698.517 0.507311 0 0 0 0 0 0 702.419 494.99 0.233981 663.282 493.127 0.436101 0
0 111 31 0 0 0 682.809 532.188 0.788421 712.15 534.097 0.744651 0 0 0 0 0 0 655.41 532.174 0.732748 629.998 594.79 0.710625 600.604 633.937 0.744016 696.58 651.515 0.483377 0 0 0 0 0 0 657.358 649.606 0.4908 573.225 614.374 0.57021 563.451 714.132 0.342563 0 0 0 0 0 0 700.412 491.102 0.278621 663.266 492.974 0.44368 0
0 111 32 0 0 0 682.86 524.452 0.833751 712.141 526.274 0.780817 0 0 0 0 0 0 659.334 524.424 0.793744 631.973 585.03 0.785944 600.689 631.875 0.764776 706.326 631.917 0.49218 686.719 714.132 0.227299 0 0 0 665.203 633.881 0.560483 671.055 714.148 0.311507 0 0 0 0 0 0 0 0 0 698.506 491.024 0.228661 663.295 491.102 0.434307 0
0 111 33 0 0 0 682.794 522.322 0.794439 710.112 520.417 0.66617 0 0 0 0 0 0 661.255 522.434 0.773776 631.942 583.073 0.766853 598.731 626.118 0.731282 708.206 618.284 0.456811 686.716 698.516 0.218847 0 0 0 667.245 626.076 0.488278 675.004 702.421 0.333903 0 0 0 0 0 0 0 0 0 696.497 483.295 0.140794 663.312 489.097 0.366574 0
0 111 34 0 0 0 680.951 520.422 0.814448 708.269 516.491 0.689607 0 0 0 0 0 0 659.382 522.417 0.785172 631.921 583.036 0.80383 598.699 620.277 0.769351 708.288 620.235 0.566297 690.672 700.478 0.330149 0 0 0 671.122 626.1 0.559745 674.964 714.142 0.444682 0 0 0 0 0 0 0 0 0 694.608 479.432 0.148197 663.208 487.206 0.383794 0
0 111 35 0 0 0 680.926 518.459 0.810222 708.292 512.579 0.714042 0 0 0 0 0 0 657.427 522.354 0.786846 631.927 581.096 0.797885 600.557 618.338 0.788604 710.206 616.342 0.595055 692.585 696.531 0.388623 0 0 0 669.168 620.254 0.570785 674.995 700.462 0.461783 0 0 0 0 0 0 0 0 0 696.503 479.417 0.167954 663.181 487.143 0.361671 0
0 111 36 0 0 0 682.827 510.673 0.80047 710.135 506.807 0.748455 0 0 0 0 0 0 661.299 518.475 0.752534 631.955 579.093 0.771165 598.687 616.364 0.825025 710.208 628.04 0.530027 692.617 714.166 0.264724 0 0 0 676.893 631.988 0.542954 676.974 714.175 0.439868 0 0 0 0 0 0 0 0 0 696.59 475.524 0.142787 663.328 477.471 0.329488 0
0 111 37 0 0 0 682.837 510.651 0.797758 710.125 506.766 0.760507 0 0 0 0 0 0 661.34 518.5 0.751884 631.984 575.232 0.78147 598.692 616.269 0.820807 710.182 624.136 0.563791 692.609 714.153 0.340725 0 0 0 676.924 630.001 0.576213 678.867 714.168 0.487161 0 0 0 0 0 0 0 0 0 696.58 477.307 0.144495 663.175 479.342 0.348309 0
0 111 38 0 0 0 680.937 506.742 0.765017 704.316 500.86 0.575264 0 0 0 0 0 0 663.266 510.713 0.710267 633.846 575.263 0.74843 600.568 614.377 0.796548 708.237 620.221 0.451023 692.583 714.157 0.233136 0 0 0 676.955 628.038 0.517588 678.878 714.165 0.469614 0 0 0 0 0 0 0 0 0 0 0 0 661.303 475.433 0.207582 0
0 111 39 0 0 0 680.88 506.76 0.690072 700.479 500.893 0.491365 0 0 0 0 0 0 663.223 510.718 0.671444 633.887 575.19 0.680524 600.682 614.316 0.737887 706.271 608.474 0.330988 698.477 686.727 0.111411 0 0 0 676.893 616.304 0.451864 678.897 714.137 0.362519 0 0 0 0 0 0 0 0 0 0 0 0 663.274 473.496 0.179676 0
0 111 40 0 0 0 680.978 508.782 0.756837 708.23 506.676 0.610395 0 0 0 0 0 0 661.331 520.374 0.742823 632.005 581.069 0.770422 598.669 614.277 0.766259 710.249 620.192 0.506961 694.554 698.468 0.172836 0 0 0 676.949 626.107 0.540335 678.902 714.143 0.47371 0 0 0 0 0 0 0 0 0 702.353 475.401 0.139563 663.254 477.387 0.382932 0
0 111 41 0 0 0 680.906 508.633 0.683274 698.503 504.78 0.466493 0 0 0 0 0 0 665.176 512.592 0.705918 635.932 573.222 0.724692 600.604 614.273 0.770289 708.253 626.077 0.379319 692.601 714.14 0.112427 0 0 0 676.961 629.991 0.489212 678.849 714.151 0.425924 0 0 0 0 0 0 0 0 0 0 0 0 663.317 475.383 0.227121 0
0 111 42 0 0 0 680.91 506.658 0.656499 698.445 498.904 0.430705 0 0 0 0 0 0 665.21 510.622 0.693729 639.816 571.297 0.695315 602.636 612.404 0.710625 706.304 618.255 0.352118 692.58 714.136 0.154733 0 0 0 678.842 622.167 0.473282 676.96 714.148 0.381229 0 0 0 0 0 0 0 0 0 0 0 0 663.336 471.499 0.17294 0
0 111 43 0 0 0 682.896 504.79 0.675646 704.364 496.996 0.486759 0 0 0 0 0 0 665.221 508.698 0.718687 645.671 569.332 0.725692 610.402 606.569 0.678232 710.26 620.227 0.399492 696.482 702.396 0.118676 0 0 0 678.901 626.112 0.47342 678.826 714.156 0.321083 0 0 0 0 0 0 0 0 0 0 0 0 663.311 473.42 0.231143 0
0 111 44 0 0 0 680.948 504.74 0.711799 696.609 496.933 0.526607 0 0 0 0 0 0 665.31 508.7 0.710667 647.502 571.268 0.733886 608.514 614.34 0.708514 708.281 620.199 0.378678 692.592 714.143 0.135444 0 0 0 680.836 626.102 0.468729 678.825 714.164 0.326797 0 0 0 0 0 0 0 0 0 0 0 0 661.324 473.441 0.196146 0
0 111 45 0 0 0 680.885 504.764 0.635498 694.576 498.911 0.454087 0 0 0 0 0 0 667.222 508.704 0.650796 647.615 571.238 0.697839 616.223 614.275 0.707254 708.269 616.297 0.32008 692.583 700.436 0.108686 0 0 0 680.885 620.204 0.409492 678.895 714.156 0.283796 0 0 0 0 0 0 0 0 0 0 0 0 665.162 465.651 0.123802 0
0 111 46 0 0 0 680.951 506.747 0.747356 696.509 504.747 0.582224 0 0 0 0 0 0 669.098 510.615 0.692526 647.63 573.249 0.778863 616.221 616.335 0.762384 710.159 622.172 0.421597 690.66 714.15 0.189667 0 0 0 682.851 630.009 0.532381 678.964 714.161 0.413465 0 0 0 0 0 0 0 0 0 0 0 0 663.267 471.544 0.276085 0
0 111 47 0 0 0 682.826 508.692 0.783035 698.472 506.73 0.655501 0 0 0 0 0 0 667.165 512.645 0.71348 647.538 579.101 0.75435 614.29 618.21 0.767525 710.252 620.239 0.453278 692.576 714.141 0.227749 0 0 0 682.858 629.998 0.546869 678.954 714.153 0.45684 0 0 0 0 0 0 0 0 0 696.478 473.431 0.105788 663.314 473.447 0.420476 0
0 111 48 0 0 0 680.977 508.761 0.7915 698.501 508.62 0.662926 0 0 0 0 0 0 665.229 514.58 0.75915 645.678 583.044 0.784062 608.504 618.256 0.809088 712.207 628.053 0.494633 700.443 714.155 0.200994 0 0 0 682.877 633.904 0.557268 680.845 714.163 0.450836 0 0 0 0 0 0 0 0 0 696.499 475.312 0.130583 665.158 473.429 0.400855 0
0 111 49 0 0 0 682.847 508.734 0.715814 696.604 508.629 0.601507 0 0 0 0 0 0 667.205 512.579 0.671906 647.673 581.114 0.689541 616.243 616.381 0.760303 712.183 616.287 0.357039 706.313 688.702 0.112906 0 0 0 682.835 622.197 0.404697 680.887 714.143 0.304039 0 0 0 0 0 0 0 0 0 696.534 475.327 0.110926 665.212 473.471 0.341909 1
0 111 50 0 0 0 680.893 508.733 0.394788 696.469 506.71 0.270256 0 0 0 0 0 0 667.159 514.573 0.401856 647.667 584.926 0.400578 616.221 618.264 0.558202 723.863 635.878 0.115432 0 0 0 0 0 0 680.916 635.886 0.147784 682.859 714.151 0.0720212 0 0 0 0 0 0 0 0 0 0 0 0 665.205 475.459 0.125938 0
0 111 51 0 0 0 680.904 514.542 0.537016 696.557 510.618 0.403954 0 0 0 0 0 0 665.154 522.309 0.572808 649.565 584.904 0.54588 616.302 618.358 0.642215 723.853 631.965 0.191853 0 0 0 0 0 0 682.809 635.868 0.243542 682.86 714.174 0.192656 0 0 0 0 0 0 0 0 0 0 0 0 663.274 477.397 0.211171 0
0 111 52 0 0 0 680.864 516.501 0.390436 696.532 508.788 0.280077 0 0 0 0 0 0 665.16 522.363 0.417981 649.594 584.927 0.322888 616.333 620.288 0.353924 723.856 633.913 0.117188 0 0 0 0 0 0 680.903 631.955 0.14256 684.773 698.474 0.0912896 0 0 0 0 0 0 0 0 0 0 0 0 663.199 479.377 0.164281 0
0 111 54 0 0 0 680.952 520.392 0.702609 696.507 516.532 0.540892 0 0 0 0 0 0 669.099 522.38 0.725968 655.445 588.904 0.678498 618.246 628.01 0.69589 712.196 633.903 0.351817 706.28 714.142 0.1012 0 0 0 686.735 639.799 0.401538 686.714 714.161 0.301115 0 0 0 0 0 0 0 0 0 694.564 479.329 0.0890794 663.215 479.373 0.402626 0
0 111 55 0 0 0 680.902 522.349 0.611397 696.475 518.489 0.434453 0 0 0 0 0 0 667.149 524.275 0.63633 659.306 587.051 0.542126 618.25 631.869 0.597383 718.02 647.611 0.251615 0 0 0 0 0 0 688.673 653.49 0.270279 690.654 714.183 0.113189 0 0 0 0 0 0 0 0 0 694.614 481.332 0.116921 663.186 487.165 0.438607 0
0 111 56 641.757 491.085 0.154128 680.869 524.365 0.685818 696.521 522.362 0.485526 0 0 0 0 0 0 665.232 528.261 0.668013 659.305 592.827 0.61833 616.363 631.933 0.73917 718.036 655.444 0.277371 0 0 0 0 0 0 690.678 665.231 0.365862 690.682 714.216 0.0605835 0 0 0 0 0 0 647.668 481.343 0.188234 0 0 0 663.208 489.072 0.53751 0
0 111 57 645.591 493.124 0.516178 682.798 534.09 0.750957 696.606 528.259 0.604229 676.907 586.906 0.0811544 0 0 0 667.218 536.116 0.738976 655.403 600.672 0.742882 618.191 631.997 0.797391 714.116 649.559 0.436265 702.377 714.197 0.089575 0 0 0 690.618 659.35 0.506989 688.654 714.206 0.08206 0 0 0 0 0 0 649.525 489.138 0.550409 0 0 0 665.185 493.002 0.708791 0
0 111 58 645.64 500.859 0.589156 680.939 537.981 0.768713 696.505 534.155 0.587018 667.193 585.003 0.146034 639.769 587.037 0.437062 669.105 538.108 0.726011 657.349 604.591 0.735417 616.29 633.93 0.795113 710.201 657.378 0.362104 626.039 620.246 0.198673 614.347 692.609 0.234437 684.754 663.274 0.535762 573.283 616.262 0.797502 571.29 714.157 0.539237 0 0 0 649.598 492.994 0.652299 0 0 0 665.291 496.949 0.675397 1
0 111 59 647.538 504.814 0.893432 680.97 540.055 0.768584 696.512 539.984 0.623596 667.175 590.887 0.149136 635.91 590.871 0.483385 671.059 541.996 0.68753 655.437 612.405 0.720884 614.36 639.789 0.793328 706.305 663.283 0.340853 604.607 624.124 0.235526 610.42 694.593 0.311911 684.763 667.211 0.533893 573.32 616.206 0.788042 571.324 714.15 0.606868 647.658 493.097 0.186353 651.531 495.03 0.799853 0 0 0 674.97 502.801 0.664688 1
0 111 60 647.598 508.694 0.90349 682.804 543.939 0.723931 696.526 541.987 0.56056 667.151 600.622 0.133435 635.882 598.683 0.340263 673.062 549.78 0.665996 655.469 616.246 0.751682 608.481 641.754 0.836955 700.435 669.104 0.286068 602.664 628.019 0.234971 610.411 698.505 0.385212 682.813 671.12 0.546248 573.292 616.229 0.803037 571.258 714.156 0.560963 647.655 500.818 0.408633 655.444 504.746 0.752964 0 0 0 678.895 506.745 0.664625 1
0 111 61 647.527 514.567 0.848185 682.831 555.66 0.741035 694.514 553.614 0.532261 665.225 598.73 0.170912 637.863 602.543 0.472074 678.849 565.441 0.70975 657.409 618.341 0.760413 608.452 647.574 0.895903 714.119 692.576 0.334644 612.396 631.991 0.200451 606.535 714.158 0.266943 694.525 694.525 0.545978 573.281 616.225 0.756582 567.366 706.326 0.489059 647.532 506.695 0.568066 653.524 508.629 0.771749 0 0 0 678.923 510.711 0.611661 1
0 111 62 645.676 522.404 0.870262 680.903 555.726 0.743935 690.634 553.659 0.473464 665.219 598.742 0.163731 637.828 606.572 0.454372 678.857 569.275 0.71284 655.432 629.966 0.705092 606.49 649.543 0.87089 723.866 698.508 0.317712 0 0 0 0 0 0 698.479 714.138 0.409701 0 0 0 0 0 0 645.637 510.659 0.532229 651.596 516.515 0.741472 0 0 0 676.984 520.466 0.703434 1
0 111 63 645.614 528.283 0.856852 678.989 557.661 0.778422 676.959 547.828 0.518532 663.217 588.954 0.316139 635.857 608.488 0.694911 678.981 573.276 0.751232 661.24 632.035 0.812338 604.625 649.673 0.899249 698.49 694.602 0.247371 0 0 0 0 0 0 704.338 700.474 0.447605 0 0 0 0 0 0 645.596 522.315 0.428156 651.499 524.266 0.878161 0 0 0 674.987 524.405 0.714345 1
0 111 64 645.571 537.943 0.8556 678.872 565.435 0.787421 667.162 553.63 0.617235 655.438 586.963 0.396567 635.876 612.365 0.746306 682.821 579.109 0.734595 659.336 635.937 0.76043 604.643 651.509 0.914987 680.869 688.682 0.35997 0 0 0 0 0 0 702.386 696.563 0.508907 0 0 0 0 0 0 645.61 524.417 0.290309 649.52 528.249 0.842622 0 0 0 667.241 536.019 0.683849 1
0 111 65 643.645 541.976 0.818451 678.914 569.382 0.773681 669.138 557.633 0.544381 651.565 588.909 0.350354 633.916 616.252 0.716855 682.834 583.002 0.763832 661.237 643.712 0.791455 608.469 659.38 0.86024 682.8 694.59 0.341365 0 0 0 0 0 0 708.263 706.325 0.440271 0 0 0 0 0 0 639.778 536.076 0.243064 647.684 538.036 0.882041 0 0 0 665.281 538.028 0.767797 1
0 111 66 643.653 549.809 0.804253 680.847 579.121 0.720302 675.015 569.379 0.575724 657.359 598.709 0.344113 633.859 618.202 0.76242 682.843 586.986 0.758028 661.32 649.515 0.797238 608.506 663.252 0.87815 686.736 702.397 0.235962 0 0 0 0 0 0 708.243 714.162 0.411999 0 0 0 0 0 0 647.42 540 0.106577 647.636 540.026 0.860992 0 0 0 665.217 540.052 0.715503 1
0 111 67 641.701 553.753 0.857262 678.948 583.006 0.769276 665.275 571.241 0.594385 649.575 600.6 0.684565 629.945 622.158 0.801128 688.686 592.845 0.746462 665.16 655.447 0.801912 614.286 665.215 0.947362 680.847 694.585 0.392473 0 0 0 0 0 0 710.199 714.143 0.463717 0 0 0 0 0 0 641.73 545.881 0.13552 647.593 547.846 0.825913 0 0 0 665.198 549.746 0.720588 1
0 111 68 643.664 555.737 0.884886 678.96 586.887 0.829709 665.226 581.048 0.60195 647.607 602.617 0.638047 620.222 633.847 0.868797 692.557 594.795 0.766028 665.252 655.415 0.783576 616.264 671.082 0.886867 678.973 696.558 0.408291 0 0 0 0 0 0 710.251 714.149 0.452388 0 0 0 0 0 0 639.82 551.676 0.172295 649.478 553.611 0.932153 0 0 0 669.111 553.598 0.779422 0
0 111 69 643.725 559.575 0.875949 678.852 588.879 0.829504 661.31 584.924 0.635959 639.82 608.477 0.635997 616.294 633.946 0.858683 694.479 598.674 0.792627 665.299 659.356 0.803675 616.25 674.957 0.939193 678.912 696.576 0.427579 0 0 0 0 0 0 712.163 714.148 0.440706 0 0 0 0 0 0 643.648 553.64 0.282294 649.577 553.792 0.975037 0 0 0 673.023 555.599 0.785394 0
0 111 70 645.673 567.318 0.90697 676.944 594.775 0.803202 651.579 588.908 0.705879 631.931 618.242 0.653059 606.525 643.678 0.797414 696.449 600.672 0.816489 667.201 663.19 0.793396 616.287 676.91 0.965337 676.94 696.568 0.443444 0 0 0 0 0 0 712.136 714.143 0.438939 0 0 0 0 0 0 645.591 555.642 0.563746 651.505 555.744 0.906876 0 0 0 678.828 555.763 0.862044 0
0 111 71 645.659 569.26 0.914544 676.926 594.76 0.771763 653.486 586.889 0.593678 633.944 612.412 0.722768 602.66 645.636 0.888678 694.562 602.613 0.797241 667.186 665.224 0.814995 616.338 678.852 0.937124 678.862 694.581 0.469853 0 0 0 0 0 0 712.151 714.138 0.461291 0 0 0 0 0 0 643.698 555.743 0.687717 651.548 559.592 0.848225 0 0 0 678.802 563.447 0.81632 0
0 111 72 643.717 569.408 0.921769 671.062 596.718 0.777873 649.573 586.924 0.647417 631.935 614.372 0.781229 600.7 647.596 0.907088 690.679 602.618 0.793388 669.097 667.145 0.81182 618.206 678.982 0.999522 680.845 696.562 0.428875 0 0 0 0 0 0 714.135 714.148 0.444176 0 0 0 0 0 0 641.696 559.531 0.713151 649.673 565.428 0.877983 0 0 0 676.909 567.395 0.827669 0
0 111 73 645.577 571.359 0.920243 671.062 598.709 0.796936 649.598 588.925 0.615885 629.942 618.193 0.802252 598.623 651.516 0.854267 690.647 602.664 0.802453 673.039 665.182 0.837915 618.329 680.881 0.955062 680.826 700.472 0.378191 0 0 0 0 0 0 714.114 714.157 0.437733 0 0 0 0 0 0 639.816 565.428 0.749498 649.683 569.273 0.923519 0 0 0 676.87 569.345 0.86072 0
0 111 74 643.663 573.311 0.882938 667.135 600.627 0.857749 645.654 592.83 0.679676 618.303 626.078 0.783004 588.918 661.28 0.894942 692.565 604.592 0.778915 673.074 665.266 0.801796 620.184 680.945 0.944915 676.977 698.528 0.428862 575.226 696.489 0.125794 0 0 0 712.204 714.155 0.454508 0 0 0 0 0 0 635.943 567.423 0.873549 649.643 569.389 0.95526 0 0 0 673.06 571.255 0.847629 0
0 111 75 639.816 579.143 0.851798 665.208 600.697 0.877074 639.792 594.767 0.692811 616.28 629.997 0.839307 585.004 665.207 0.982675 692.58 606.54 0.753961 674.969 669.127 0.76802 620.263 684.776 0.882386 667.172 696.509 0.495509 569.342 696.481 0.185744 545.888 714.166 0.140744 710.265 714.142 0.485392 627.994 714.163 0.107062 0 0 0 635.878 569.399 0.929534 649.583 571.355 0.945317 0 0 0 671.126 573.276 0.788157 0
0 111 76 637.833 581.099 0.866239 663.24 600.695 0.873192 635.836 592.855 0.710827 616.231 631.997 0.84763 583.033 671.108 0.858808 686.776 604.62 0.745089 676.949 667.238 0.791641 622.18 686.773 0.87781 669.134 696.586 0.466876 0 0 0 0 0 0 712.173 714.14 0.477008 0 0 0 0 0 0 633.998 571.25 0.966481 649.498 573.226 0.931925 0 0 0 669.119 577.159 0.780119 0
0 111 77 635.904 584.904 0.921908 661.284 602.6 0.839646 631.98 598.727 0.788615 606.544 641.716 0.770328 573.332 680.855 0.87545 688.695 604.612 0.731534 678.847 669.145 0.799172 626.047 694.482 0.873806 667.142 700.458 0.45907 569.346 714.166 0.0528599 0 0 0 710.245 714.145 0.468513 631.943 714.186 0.0583581 0 0 0 633.909 571.381 0.992884 647.678 575.233 0.903007 0 0 0 667.186 581.107 0.799689 0
0 111 78 633.966 585.051 0.972064 659.331 602.674 0.822837 630 598.679 0.792323 606.506 643.688 0.758626 581.052 688.698 0.639019 686.733 612.38 0.720164 673.079 676.91 0.770685 624.106 694.586 0.841074 667.161 702.405 0.429557 0 0 0 0 0 0 712.168 714.151 0.460972 633.93 714.189 0.076111 0 0 0 632.036 573.314 0.950931 647.594 581.109 0.909715 0 0 0 665.272 584.997 0.856987 0
0 111 79 632.044 586.961 0.99479 653.512 604.632 0.778323 624.164 602.559 0.765656 602.612 649.635 0.820505 583.002 694.564 0.526332 682.85 608.491 0.750275 675.013 676.944 0.77078 626.058 696.551 0.776265 665.178 714.144 0.44646 561.532 714.201 0.0891227 0 0 0 712.168 714.155 0.452751 647.46 714.2 0.0652586 0 0 0 631.86 579.155 0.908969 645.6 583.063 0.902089 0 0 0 663.328 585.023 0.880759 0
0 111 80 631.98 588.88 0.958391 651.514 606.54 0.798799 622.157 602.673 0.778984 602.578 651.581 0.729653 586.939 698.523 0.431605 680.913 610.445 0.765612 676.985 674.982 0.731201 628.038 698.483 0.681389 663.216 714.146 0.414447 0 0 0 0 0 0 710.169 714.152 0.408354 0 0 0 0 0 0 629.985 583.047 0.920851 643.634 584.966 0.892472 0 0 0 663.171 586.893 0.874262 0
0 111 81 629.948 590.923 0.872927 647.663 612.358 0.840238 616.32 608.46 0.816163 600.629 663.244 0.765324 585.021 714.146 0.402772 680.787 614.286 0.803519 678.815 673.069 0.73648 632.016 714.135 0.591666 651.528 714.155 0.444272 0 0 0 0 0 0 698.489 714.144 0.403947 0 0 0 0 0 0 622.197 584.967 0.903096 635.881 586.889 0.923601 0 0 0 661.267 586.982 0.867015 0
0 111 82 622.217 596.703 0.84378 645.661 616.24 0.842423 614.37 614.313 0.7561 598.704 663.289 0.673948 584.969 714.152 0.401932 676.935 616.283 0.80114 676.975 676.934 0.731574 632.001 714.134 0.560731 647.596 714.153 0.435274 0 0 0 0 0 0 694.564 714.14 0.385016 0 0 0 0 0 0 618.299 585.077 0.96701 633.881 587.007 0.932947 0 0 0 655.456 588.96 0.772558 0
0 111 83 620.249 598.664 0.885361 637.841 616.313 0.842447 604.574 616.238 0.763877 588.894 665.183 0.652663 586.951 714.153 0.430956 673.028 616.37 0.776865 678.882 678.835 0.747818 633.965 714.15 0.553178 616.289 714.164 0.41231 0 0 0 0 0 0 665.173 714.164 0.461932 0 0 0 0 0 0 618.201 586.951 0.975751 631.995 588.902 0.933755 0 0 0 649.639 590.904 0.788322 0
0 111 84 618.273 600.676 0.957108 633.98 618.216 0.872815 600.648 616.363 0.790824 584.949 665.231 0.543397 579.127 714.159 0.379106 669.167 618.26 0.76672 678.93 680.821 0.71759 637.827 714.16 0.45086 604.561 714.17 0.386513 567.383 714.205 0.0679919 0 0 0 655.451 714.176 0.417749 0 0 0 0 0 0 616.224 588.957 0.908714 631.849 592.822 0.870765 0 0 0 649.532 592.856 0.772699 0
0 111 85 616.318 602.539 0.961164 631.973 620.198 0.870686 594.762 618.277 0.743036 575.243 680.904 0.390963 577.184 714.168 0.291385 667.222 620.252 0.770081 674.969 692.558 0.616322 633.911 714.18 0.306827 604.55 714.169 0.345374 0 0 0 0 0 0 657.387 714.18 0.354083 0 0 0 0 0 0 612.356 590.905 0.847394 626.109 596.709 0.842229 0 0 0 647.527 596.754 0.787517 0
0 111 86 616.222 602.688 0.923515 631.943 622.215 0.824602 594.807 622.146 0.715069 584.919 692.617 0.53663 573.285 714.188 0.183927 667.14 622.176 0.762839 680.869 692.628 0.517387 665.25 714.19 0.0521721 610.4 714.181 0.265575 0 0 0 0 0 0 663.29 714.187 0.278254 0 0 0 0 0 0 606.564 596.741 0.841918 624.117 598.695 0.852031 0 0 0 645.614 600.568 0.763853 0
0 111 87 614.3 608.489 0.865126 631.858 626.049 0.815335 586.987 622.174 0.746911 569.402 694.535 0.544216 571.293 714.179 0.19521 667.139 624.15 0.774513 680.844 692.599 0.625413 655.436 714.203 0.123556 598.713 714.183 0.275727 0 0 0 0 0 0 655.42 714.192 0.265538 0 0 0 0 0 0 604.563 600.6 0.934893 620.289 600.699 0.875994 0 0 0 645.635 600.651 0.794307 0
0 111 88 610.442 614.262 0.843559 631.857 628.067 0.824438 586.999 628.055 0.743517 571.355 696.501 0.582701 571.273 714.18 0.187873 667.215 624.16 0.739987 686.721 686.75 0.532479 674.986 714.195 0.116772 600.687 714.19 0.218087 0 0 0 0 0 0 663.225 714.193 0.24253 725.871 714.152 0.057886 0 0 0 602.661 600.738 0.933573 618.325 602.631 0.897011 0 0 0 645.592 602.608 0.768529 0
0 111 89 610.439 616.266 0.862589 628.072 632.019 0.808579 586.979 631.922 0.760056 571.276 696.524 0.602242 569.405 714.179 0.162312 665.201 633.864 0.760689 678.939 700.433 0.521522 0 0 0 598.717 714.191 0.20292 0 0 0 0 0 0 657.388 714.202 0.154273 0 0 0 0 0 0 602.645 602.675 0.9171 618.301 604.646 0.866852 0 0 0 641.772 606.492 0.703988 0
0 111 90 608.445 618.19 0.883341 624.11 632.033 0.827254 584.917 631.968 0.796194 569.383 698.47 0.63753 569.276 714.19 0.133112 665.166 632.028 0.819008 680.814 696.613 0.59883 0 0 0 594.796 714.198 0.182186 0 0 0 0 0 0 653.455 714.201 0.144519 0 0 0 0 0 0 602.556 604.638 0.916533 618.265 612.353 0.868359 0 0 0 639.753 612.37 0.723754 0
0 111 91 604.594 622.176 0.855295 626.095 635.906 0.793784 584.982 633.971 0.784809 571.253 714.131 0.566949 0 0 0 665.238 635.952 0.792122 682.792 702.403 0.536624 0 0 0 598.699 714.199 0.130681 0 0 0 0 0 0 657.383 714.203 0.0919374 0 0 0 0 0 0 600.694 614.308 0.942427 618.202 616.277 0.905542 0 0 0 637.832 616.235 0.77685 0
0 111 92 602.686 629.965 0.89521 622.215 643.723 0.764556 584.958 635.93 0.733414 569.361 714.141 0.541755 0 0 0 663.299 647.548 0.764226 680.859 714.154 0.464761 0 0 0 588.93 714.203 0.117595 0 0 0 0 0 0 0 0 0 0 0 0 0 0 0 600.663 616.358 0.92734 616.332 618.326 0.918565 0 0 0 635.925 618.277 0.757109 0
0 111 93 602.66 631.99 0.900216 622.141 649.501 0.80281 585.069 647.61 0.771158 569.299 714.138 0.521339 0 0 0 661.296 649.517 0.734577 680.866 714.159 0.49986 0 0 0 592.827 714.203 0.102427 0 0 0 0 0 0 663.296 714.212 0.0672965 0 0 0 0 0 0 600.597 620.213 0.886967 616.271 624.109 0.854233 0 0 0 633.975 622.173 0.723 0
0 111 94 602.569 635.906 0.864398 620.238 651.489 0.798637 585.039 649.609 0.738209 567.381 714.151 0.493729 0 0 0 661.246 649.665 0.722108 680.829 714.172 0.509805 0 0 0 588.904 714.204 0.07636 0 0 0 0 0 0 667.18 714.218 0.0573095 0 0 0 0 0 0 598.688 628.073 0.840809 616.218 631.871 0.871526 0 0 0 633.955 629.963 0.709268 0
0 111 95 600.7 643.696 0.873968 618.311 659.347 0.820779 583.024 659.346 0.733576 565.4 714.162 0.401782 0 0 0 659.349 657.427 0.712412 680.83 714.183 0.422802 0 0 0 0 0 0 0 0 0 0 0 0 0 0 0 0 0 0 0 0 0 596.695 631.975 0.849279 614.305 633.9 0.878061 0 0 0 633.905 633.905 0.788954 0
0 111 96 600.676 649.523 0.920101 618.219 663.321 0.880352 581.036 665.203 0.758362 563.491 714.163 0.309331 0 0 0 657.363 663.16 0.747559 678.9 714.194 0.323851 0 0 0 0 0 0 0 0 0 0 0 0 0 0 0 0 0 0 0 0 0 592.861 637.852 0.804894 612.354 641.735 0.806514 0 0 0 631.992 637.812 0.710399 0
0 111 97 600.644 653.504 0.872904 616.378 667.218 0.842845 579.105 673.052 0.713945 565.391 714.17 0.249712 0 0 0 655.436 665.215 0.756736 676.938 714.199 0.241446 0 0 0 0 0 0 0 0 0 0 0 0 0 0 0 0 0 0 0 0 0 590.876 647.499 0.837229 610.455 647.543 0.842568 579.13 641.739 0.0738626 631.96 645.583 0.708666 0
0 111 98 600.593 661.305 0.908323 616.201 674.989 0.8074 573.251 678.894 0.770187 565.402 714.181 0.217791 0 0 0 651.486 669.106 0.746301 669.151 714.202 0.222022 0 0 0 0 0 0 0 0 0 0 0 0 0 0 0 0 0 0 0 0 0 588.961 647.67 0.876568 612.357 649.598 0.844583 581.054 645.596 0.134465 631.992 649.543 0.788758 0
0 111 99 598.722 665.191 0.939336 606.576 678.954 0.806869 569.31 680.963 0.788244 565.394 714.206 0.140392 0 0 0 649.511 675.007 0.783587 669.166 714.202 0.232484 0 0 0 0 0 0 0 0 0 0 0 0 0 0 0 0 0 0 0 0 0 587.016 651.609 0.860933 606.564 655.444 0.78687 577.138 649.588 0.263788 629.949 653.499 0.664272 0
0 111 100 594.757 669.144 0.850576 606.502 680.886 0.802741 567.386 680.935 0.790994 559.59 714.208 0.134571 0 0 0 647.702 678.973 0.80393 663.266 714.209 0.106318 0 0 0 0 0 0 0 0 0 0 0 0 0 0 0 0 0 0 0 0 0 586.867 661.243 0.903517 602.701 663.183 0.862062 571.406 651.597 0.163681 628.02 661.251 0.691477 0
0 111 101 588.946 676.939 0.895882 602.672 684.769 0.797897 565.429 682.875 0.720927 557.68 714.201 0.134187 0 0 0 647.568 684.768 0.730521 657.386 714.218 0.100791 0 0 0 0 0 0 0 0 0 0 0 0 0 0 0 0 0 0 0 0 0 584.991 663.342 0.903542 602.537 665.26 0.906908 571.303 661.285 0.121978 622.219 665.176 0.708268 0
0 111 102 586.875 680.795 0.941236 602.611 694.594 0.811639 561.532 694.497 0.658043 555.689 714.195 0.13671 0 0 0 645.59 694.592 0.73034 649.484 714.223 0.0895996 0 0 0 0 0 0 0 0 0 0 0 0 0 0 0 0 0 0 0 0 0 581.044 667.24 0.839561 598.701 673.007 0.836305 0 0 0 618.294 669.153 0.770761 0
0 111 103 584.923 682.795 0.926271 600.616 696.537 0.786081 557.681 696.474 0.612179 553.654 714.2 0.124252 0 0 0 637.844 696.443 0.707145 647.516 714.224 0.0793124 0 0 0 0 0 0 0 0 0 0 0 0 0 0 0 0 0 0 0 0 0 575.209 675.007 0.845438 596.693 678.803 0.832669 0 0 0 616.248 676.898 0.728876 0
0 111 104 579.157 692.559 0.895008 600.576 698.551 0.618217 555.678 714.135 0.449289 0 0 0 0 0 0 634.015 696.614 0.624666 643.659 714.224 0.0617813 0 0 0 0 0 0 0 0 0 0 0 0 0 0 0 0 0 0 0 0 0 571.327 678.982 0.93139 588.888 680.918 0.862666 567.393 680.763 0.0532009 616.231 680.823 0.76596 0
0 111 105 573.255 696.439 0.959137 590.852 714.147 0.528104 551.74 714.154 0.433266 0 0 0 0 0 0 631.902 698.578 0.538201 0 0 0 0 0 0 0 0 0 0 0 0 0 0 0 0 0 0 0 0 0 0 0 0 569.338 684.774 0.898255 585.057 688.665 0.902092 563.453 680.951 0.0845428 608.462 682.9 0.694187 0
0 111 106 569.312 698.508 0.892418 584.968 714.181 0.374265 543.956 714.183 0.287879 0 0 0 0 0 0 620.196 714.173 0.332694 0 0 0 0 0 0 0 0 0 0 0 0 0 0 0 0 0 0 0 0 0 0 0 0 561.556 692.562 0.832708 582.963 694.514 0.924339 555.668 684.784 0.052674 602.59 694.542 0.824022 0
