4 111 280 723.878 4.85859 0.4879 733.706 21.529 0.885377 708.272 23.5277 0.85392 680.864 52.7963 0.583207 678.903 86.0886 0.149835 763.029 19.5039 0.824727 780.625 52.7855 0.906554 763.052 80.2179 0.854001 725.915 88.0184 0.68047 712.194 127.155 0.378478 729.748 176.03 0.490244 759.222 84.063 0.708273 776.79 99.8272 0.713623 778.662 160.464 0.816772 718.033 4.86287 0.372332 725.903 4.86528 0.385119 714.139 4.8472 0.265064 733.729 4.86573 0.419203 0
4 111 281 716.129 4.85894 0.454199 729.758 21.4732 0.889966 704.312 21.5389 0.792056 680.905 50.8667 0.508656 0 0 0 759.2 21.4025 0.85905 774.812 54.699 0.950983 759.236 82.1177 0.846574 721.989 88.021 0.613637 704.369 107.592 0.155755 721.927 160.385 0.214707 757.135 84.1796 0.658067 774.845 93.9167 0.718179 774.86 156.526 0.772195 712.245 4.86656 0.322244 723.897 4.86721 0.339153 712.133 4.85406 0.116275 731.734 4.86915 0.399671 0
4 111 282 712.149 4.84742 0.620128 727.939 23.4165 0.944183 704.358 23.5229 0.850477 680.809 50.845 0.548971 0 0 0 759.107 21.5486 0.921917 772.862 54.8168 0.951601 757.228 84.0318 0.870551 725.932 93.8913 0.686808 723.863 133.034 0.320506 729.847 176.094 0.435452 759.17 86.1409 0.710457 772.834 103.675 0.632164 774.773 162.342 0.777318 710.169 4.85411 0.398663 714.156 4.86219 0.478677 712.112 4.86814 0.0600637 727.912 4.85957 0.504767 0
4 111 283 712.209 4.85371 0.562742 727.816 23.5052 0.962053 698.509 27.3939 0.823761 678.884 52.767 0.537863 0 0 0 757.211 21.5222 0.950523 772.782 54.8155 0.951942 757.086 84.0994 0.885896 725.88 101.742 0.760536 725.873 142.792 0.461617 729.844 179.92 0.57776 759.213 99.7953 0.790531 759.087 142.81 0.643404 766.968 176.075 0.605257 710.219 4.8603 0.412469 716.07 4.86612 0.406565 710.172 4.86127 0.186748 727.828 4.86393 0.482875 0
4 111 284 710.137 4.84041 0.759066 727.851 23.5153 0.94751 700.487 25.4547 0.838 673.017 52.7334 0.686989 694.532 48.9324 0.327083 757.19 23.4562 0.906692 770.891 58.7365 0.858167 749.354 85.9965 0.846895 725.83 99.7799 0.747832 725.815 140.884 0.323431 741.469 176.068 0.329519 759.107 99.7774 0.76563 757.133 142.849 0.672857 765.035 181.945 0.66257 706.254 4.84896 0.448967 712.129 4.85683 0.633192 0 0 0 725.912 4.85126 0.652318 0
4 111 285 710.159 4.83332 0.802259 727.801 23.4337 0.990727 702.379 23.4805 0.873849 678.9 48.9296 0.603697 690.662 37.2462 0.475529 757.112 23.4821 0.912125 768.876 62.5873 0.810684 745.474 86.1659 0.905569 721.925 82.1866 0.680676 706.288 117.383 0.0727783 704.321 154.586 0.0727615 755.229 82.1961 0.736748 759.176 121.332 0.769356 759.194 180.002 0.831023 706.315 4.8449 0.489406 712.124 4.84838 0.722818 0 0 0 725.88 4.84431 0.730477 0
4 111 286 706.283 4.83707 0.699371 727.753 23.5713 0.94278 698.514 25.4266 0.842544 676.959 52.7585 0.545743 680.887 41.1129 0.430613 755.186 23.6018 0.875153 761.146 68.3864 0.887093 743.4 89.9962 0.888739 725.847 97.7574 0.684244 735.617 146.725 0.321852 745.404 180.065 0.355002 757.236 99.7054 0.78565 749.361 148.77 0.800007 757.235 195.692 0.849373 698.542 4.84735 0.377938 708.282 4.84596 0.659598 0 0 0 723.908 4.84591 0.739645 0
4 111 287 706.251 4.83991 0.669071 723.922 25.4517 0.886563 696.437 25.4981 0.873782 688.669 52.8345 0.30329 692.544 37.2463 0.227217 749.331 27.4107 0.811777 759.129 68.5445 0.905704 741.444 91.994 0.808102 714.125 91.9842 0.649003 725.883 140.883 0.188551 741.513 178.087 0.242149 749.386 89.9889 0.687818 747.372 144.813 0.748708 755.162 195.72 0.875678 700.435 4.8477 0.439395 708.287 4.85374 0.599447 700.454 4.86974 0.073213 721.956 4.84593 0.68899 0
4 111 288 698.495 3.88842 0.704834 725.783 27.3959 0.882975 698.479 27.3876 0.831307 692.637 64.5115 0.684685 667.211 52.7167 0.543235 745.484 29.3845 0.829135 757.248 70.4529 0.912212 733.717 97.7831 0.799849 716.099 91.9255 0.641672 712.135 135.022 0.11717 0 0 0 751.311 93.8883 0.723647 743.58 146.651 0.751337 749.315 195.658 0.827708 0 0 0 702.378 4.83867 0.697083 0 0 0 716.105 4.83965 0.7887 0
4 111 289 0 0 0 725.83 31.334 0.869034 702.36 33.2698 0.784982 688.69 60.6407 0.431588 678.91 43.0897 0.484809 745.411 31.3133 0.834832 757.22 70.5112 0.934194 729.763 99.7029 0.880329 716.077 99.7609 0.626869 0 0 0 0 0 0 751.293 101.748 0.729152 743.479 158.469 0.805982 743.48 207.34 0.883432 0 0 0 0 0 0 0 0 0 718.058 4.83559 0.83392 0
4 111 290 696.563 15.6326 0.740696 727.794 33.2931 0.887685 708.278 33.2734 0.794669 694.517 54.848 0.404435 692.533 50.8253 0.541005 745.484 35.1742 0.868937 755.249 72.4548 0.889854 727.775 99.7596 0.882123 725.866 99.8153 0.615246 0 0 0 0 0 0 753.274 103.722 0.769403 741.591 160.437 0.860998 741.473 211.228 0.923127 696.417 4.83765 0.216968 700.423 3.8891 0.848327 0 0 0 718.032 4.82945 0.887914 0
4 111 291 696.608 19.5486 0.822944 727.865 37.1761 0.927502 712.242 37.2095 0.832497 718.07 70.455 0.470796 692.543 54.7458 0.484819 743.468 37.1319 0.926651 753.285 78.2517 0.823688 725.817 101.846 0.882457 733.724 101.759 0.673024 733.684 152.609 0.446212 735.665 193.63 0.361854 753.217 105.63 0.731558 741.458 156.508 0.805115 741.535 209.315 0.907234 696.545 4.85352 0.152946 0 0 0 0 0 0 0 0 0 0
4 111 292 694.635 23.4368 0.872111 727.822 39.1201 0.909812 714.096 39.1824 0.818472 710.188 74.3624 0.45365 688.675 56.7731 0.533382 741.567 39.1057 0.929784 745.443 84.1143 0.95354 719.983 109.55 0.839216 733.679 113.501 0.704805 729.831 160.394 0.70561 739.529 197.628 0.651416 749.316 115.433 0.764653 737.623 162.309 0.76029 741.491 207.386 0.806971 0 0 0 696.546 15.6108 0.82986 0 0 0 0 0 0 0
4 111 293 696.448 23.544 0.900192 725.863 41.0833 0.884424 710.215 43.0241 0.800807 704.324 74.3909 0.400404 682.84 58.7203 0.438221 741.485 41.0926 0.886276 743.541 86.0219 0.970255 716.058 109.593 0.834667 729.788 113.511 0.70726 731.725 160.391 0.626114 739.597 195.707 0.614867 747.388 115.468 0.777533 731.714 160.424 0.759556 741.473 207.385 0.802238 696.403 21.5204 0.0866462 696.59 19.5846 0.886669 0 0 0 712.245 15.6225 0.903782 0
4 111 294 692.641 23.4163 0.799094 723.867 43.0839 0.80687 710.177 44.9869 0.745944 708.234 82.104 0.330792 678.905 58.7399 0.25362 735.639 43.0974 0.823233 743.412 86.1529 0.945531 712.241 113.475 0.863702 727.869 115.45 0.722109 727.903 160.377 0.6736 735.646 195.674 0.575509 745.404 117.368 0.779835 733.709 160.463 0.747662 741.512 209.297 0.816046 0 0 0 694.584 17.6116 0.810163 0 0 0 710.281 17.5933 0.916042 0
4 111 295 692.556 25.4212 0.821288 716.084 43.0641 0.816742 702.424 43.0906 0.741781 704.336 82.1864 0.249941 678.871 64.5942 0.216339 729.827 44.9784 0.832942 741.41 86.1726 0.911288 710.252 115.35 0.873587 725.906 115.454 0.7281 725.81 160.391 0.626378 729.823 193.626 0.595838 743.497 117.377 0.792385 731.709 162.304 0.71477 741.491 207.363 0.804172 0 0 0 694.554 21.4988 0.907157 0 0 0 710.213 19.5975 0.971757 0
4 111 296 684.788 25.4775 0.831281 714.159 43.0655 0.829178 700.479 44.9854 0.746545 696.528 80.1769 0.481223 676.957 68.4234 0.52665 727.921 45.0328 0.861696 739.527 89.9752 0.864437 706.289 115.498 0.890824 725.883 117.378 0.718925 723.943 162.315 0.64291 729.792 193.718 0.555196 741.598 119.363 0.764639 727.895 162.384 0.753622 741.482 209.282 0.85597 682.869 23.4048 0.0771276 690.643 21.5129 0.877102 0 0 0 708.285 19.5974 0.965177 0
4 111 297 682.863 31.3031 0.836592 714.113 45.0384 0.802003 700.417 48.8716 0.737034 696.562 84.0585 0.454623 678.935 68.4392 0.55063 727.858 48.8978 0.856565 729.806 97.7899 0.861769 698.498 117.423 0.859471 723.937 117.412 0.698171 716.116 162.416 0.43584 725.873 197.593 0.392031 743.419 121.326 0.767319 729.751 164.317 0.748136 741.447 209.337 0.894013 682.844 23.5286 0.0886941 686.769 23.4282 0.881928 0 0 0 704.319 21.4915 0.922319 1
4 111 298 680.938 35.195 0.916624 712.24 50.8154 0.795149 700.474 50.8378 0.730839 708.237 86.0618 0.227856 690.658 58.706 0.0811462 725.861 50.865 0.886554 727.777 99.6778 0.892837 694.635 119.39 0.820776 725.912 119.344 0.681325 712.157 160.434 0.644542 714.181 203.456 0.611719 743.442 125.219 0.767351 727.809 162.421 0.789724 741.483 209.392 0.934361 680.938 25.4538 0.072042 682.842 23.5189 0.892738 0 0 0 698.512 21.4958 0.912641 1
4 111 299 678.908 35.1425 0.902583 708.287 50.8977 0.868828 694.521 50.8794 0.821909 696.463 86.1003 0.395592 690.674 113.5 0.258438 723.883 52.7387 0.846726 725.826 99.7062 0.87585 692.643 121.326 0.796931 720.012 117.378 0.723546 710.268 162.299 0.84235 710.296 209.254 0.861933 741.596 119.399 0.753679 729.746 164.332 0.784663 741.44 211.234 0.91657 678.862 25.4729 0.167002 680.857 23.5301 0.936682 0 0 0 696.488 21.6057 0.947929 1
4 111 300 676.975 33.2704 0.885511 710.129 52.743 0.809617 696.501 52.7528 0.762282 694.506 88.0174 0.426522 682.85 113.435 0.250834 716.132 52.8167 0.816112 721.943 99.8155 0.859142 684.785 127.125 0.799461 716.13 119.403 0.692048 704.334 160.469 0.823159 698.55 209.328 0.848529 741.465 127.178 0.745499 729.776 170.212 0.719525 741.465 211.255 0.874261 676.965 23.5055 0.206628 678.998 23.529 0.973488 0 0 0 696.464 23.5053 0.941406 1
4 111 301 678.892 37.2322 0.930693 710.156 50.8397 0.78598 698.508 46.924 0.7035 694.475 84.1227 0.540313 684.78 101.686 0.414085 712.225 54.7752 0.833168 714.158 101.81 0.844282 680.94 127.18 0.838786 719.987 119.363 0.685933 702.432 162.458 0.897158 696.563 211.242 0.907456 739.52 129.081 0.731693 727.9 168.296 0.720084 741.465 209.4 0.897489 678.785 27.4437 0.119279 678.965 29.3872 0.853835 0 0 0 694.508 25.4277 0.944843 1
4 111 302 673.014 39.1129 0.835998 710.156 52.8624 0.798276 712.157 50.8094 0.692767 688.707 84.1871 0.448875 680.851 58.7175 0.237712 706.316 56.7867 0.806053 710.242 103.704 0.740819 678.855 129.126 0.822915 741.469 125.21 0.616297 727.894 166.283 0.715415 741.493 211.226 0.89473 727.885 129.067 0.722162 700.47 164.269 0.778083 696.464 211.293 0.895425 671.094 35.1857 0.0995907 673.075 35.1503 0.824498 0 0 0 688.681 29.3342 0.85087 1
4 111 303 667.21 41.0718 0.888006 706.334 54.8029 0.793619 710.23 52.8079 0.740567 682.893 88.0638 0.35049 0 0 0 698.537 58.7469 0.772059 708.28 105.641 0.755551 673.057 131.089 0.860756 737.592 131.013 0.577391 702.4 164.401 0.765106 694.624 215.22 0.74239 727.927 133.022 0.749912 727.791 174.101 0.58749 741.461 211.291 0.830298 0 0 0 669.146 35.2454 0.884594 0 0 0 686.704 29.3715 0.874053 1
4 111 304 665.159 39.1911 0.908079 702.374 56.706 0.776437 708.259 52.8717 0.750014 682.792 90.0162 0.38984 676.947 99.789 0.422911 696.57 60.6723 0.839771 700.436 109.534 0.744558 667.207 133.022 0.869987 739.585 132.997 0.654115 725.873 172.153 0.626906 741.408 209.417 0.841022 725.941 134.97 0.713458 696.598 164.461 0.917841 694.62 213.321 0.899301 663.309 37.0793 0.319022 665.291 37.0906 0.906887 0 0 0 680.965 35.1759 0.946612 1
4 111 305 661.318 41.0813 0.798882 696.576 56.7357 0.769973 700.423 52.8597 0.713676 680.952 93.8786 0.371433 673.057 101.696 0.410924 694.612 64.5845 0.783316 696.562 109.55 0.759986 665.23 133.09 0.831222 731.757 133.096 0.546908 708.295 164.387 0.465842 733.69 205.428 0.731935 727.865 136.975 0.734546 696.596 164.472 0.779217 694.652 213.242 0.84386 659.373 37.1211 0.0751258 663.258 37.1533 0.886664 0 0 0 678.899 37.072 0.979621 1
4 111 306 663.175 48.8761 0.659643 698.468 64.5844 0.750178 704.364 56.7556 0.700637 678.909 95.8508 0.428893 663.356 62.6278 0.132898 694.632 68.509 0.827369 692.629 115.35 0.769207 661.282 136.982 0.757782 735.637 135.033 0.567121 710.19 168.287 0.503088 729.86 199.561 0.75595 727.777 142.796 0.763238 696.468 166.397 0.750037 694.596 213.254 0.865773 661.341 37.1789 0.161926 663.268 39.1869 0.774739 0 0 0 676.941 39.203 0.919799 1
4 111 307 651.564 48.9221 0.807877 694.582 64.5432 0.766113 696.564 54.8141 0.708221 678.916 99.7182 0.283838 0 0 0 692.609 70.4303 0.780461 692.648 115.379 0.806631 655.462 138.928 0.78601 729.768 133.08 0.582816 704.371 172.158 0.630339 725.844 209.404 0.560698 725.811 138.913 0.735303 710.191 177.985 0.700467 723.895 211.32 0.569448 0 0 0 653.53 39.163 0.843628 0 0 0 669.146 39.0484 0.899773 1
4 111 308 649.591 52.8183 0.808261 694.467 66.4775 0.772361 696.503 54.7986 0.674651 669.121 99.7744 0.399415 649.576 70.4233 0.0920482 688.706 74.363 0.697722 686.733 117.34 0.755041 649.667 144.727 0.827273 725.895 132.988 0.576979 698.519 174.147 0.70018 694.619 217.145 0.743503 723.878 135.018 0.705044 712.144 178.01 0.756372 725.85 219.105 0.87947 647.714 45.0134 0.134265 651.521 43.082 0.761105 0 0 0 667.214 41.1093 0.88284 1
4 111 309 647.609 54.712 0.924533 692.634 68.384 0.807582 696.547 56.7634 0.709134 0 0 0 0 0 0 684.765 76.3168 0.725135 680.874 119.314 0.838679 647.688 146.676 0.902344 725.874 133.052 0.601442 696.497 178.041 0.72642 696.59 221.05 0.712133 718.067 138.889 0.725744 712.123 183.903 0.710391 718.064 226.972 0.816227 0 0 0 649.496 46.9351 0.859765 0 0 0 665.146 41.1472 0.897552 1
4 111 310 649.602 52.9187 0.533812 694.548 68.4788 0.878144 702.393 60.6755 0.736055 0 0 0 0 0 0 680.891 74.3251 0.797194 680.823 117.488 0.852645 647.641 148.603 0.90973 729.784 132.98 0.648749 696.587 178.012 0.793308 694.532 219.096 0.73392 718.012 135.053 0.723757 710.222 181.988 0.732893 712.091 232.832 0.869613 647.659 50.8157 0.239315 649.663 50.8405 0.526409 690.586 41.0757 0.0694428 663.312 48.9402 0.767996 1
4 111 311 645.674 58.695 0.631694 688.686 68.5507 0.796744 694.605 62.6006 0.729353 667.2 91.979 0.199068 643.695 72.4459 0.355342 680.805 80.193 0.778049 676.994 127.13 0.822856 643.728 148.762 0.79683 725.893 133.016 0.583334 696.531 178.007 0.719733 694.554 213.303 0.74561 719.974 136.933 0.717152 710.186 185.881 0.70628 710.141 232.796 0.821701 0 0 0 645.628 54.7446 0.670634 0 0 0 655.445 52.7682 0.840201 1
4 111 312 637.871 66.5443 0.756251 680.864 70.4447 0.845376 682.833 62.5961 0.668939 657.371 99.7916 0.384927 637.865 127.173 0.312901 678.843 86.0308 0.745907 675.022 129.14 0.841504 639.748 150.656 0.783981 725.823 133.062 0.55352 696.585 185.847 0.587322 696.575 224.929 0.629492 719.987 138.894 0.736856 704.328 191.726 0.717023 704.366 234.808 0.731623 0 0 0 637.836 58.6596 0.760319 0 0 0 651.551 52.9031 0.9128 1
4 111 313 633.974 64.5442 0.779593 680.836 70.4671 0.855059 684.79 62.607 0.746886 663.261 91.9675 0.351051 647.546 103.714 0.517444 676.897 84.1574 0.769655 669.108 131.112 0.905416 633.953 154.569 0.873601 727.824 133.038 0.606074 704.322 191.699 0.593783 696.561 230.847 0.493514 714.192 140.878 0.766308 702.373 193.625 0.752209 696.48 242.629 0.860892 0 0 0 634.023 54.8713 0.829491 0 0 0 649.62 52.9046 0.896662 1
4 111 314 633.914 66.5353 0.771446 676.946 70.4277 0.825073 676.949 62.5763 0.712942 651.501 103.678 0.492113 635.883 113.491 0.431432 673.065 84.1276 0.69118 665.292 131.079 0.90714 632.048 158.48 0.903852 712.19 136.935 0.524845 698.482 193.675 0.51293 694.63 226.958 0.37224 716.122 140.88 0.755983 706.264 195.617 0.812802 694.542 244.639 0.879652 0 0 0 633.957 58.6767 0.764432 0 0 0 647.661 54.8688 0.849047 1
4 111 315 633.919 74.3403 0.675674 674.985 70.4433 0.816788 676.971 58.6737 0.735575 659.319 99.7543 0.317173 633.987 91.9656 0.441592 667.177 86.1025 0.73734 663.233 133.074 0.905822 630.014 162.352 0.857433 725.818 135.028 0.545279 700.404 195.606 0.470635 694.661 228.926 0.28511 714.191 146.677 0.78584 704.362 195.748 0.781723 694.535 246.558 0.869373 0 0 0 631.978 68.5189 0.678045 0 0 0 639.783 60.6348 0.863402 1
4 111 316 631.96 80.2094 0.748263 665.289 68.5303 0.828314 665.258 54.8478 0.747223 649.611 91.9953 0.363002 631.91 88.1104 0.377008 665.224 88.0258 0.772253 661.283 138.885 0.861618 620.261 164.289 0.835374 714.152 134.993 0.496002 696.618 195.595 0.540107 694.518 236.749 0.373023 714.155 142.793 0.764046 700.425 195.657 0.780221 694.501 248.462 0.816352 0 0 0 631.859 70.5182 0.740513 0 0 0 637.84 60.6769 0.827243 1
4 111 317 629.923 80.2432 0.81387 665.222 74.3165 0.811911 665.23 62.6386 0.711585 651.512 103.676 0.370132 631.902 115.44 0.244891 665.151 88.0876 0.782262 659.328 138.884 0.854126 622.2 164.451 0.82014 714.128 138.906 0.511144 696.471 197.583 0.503496 694.553 238.658 0.323237 714.195 144.803 0.776628 694.609 197.586 0.818621 694.489 246.544 0.811146 0 0 0 626.105 70.5148 0.809606 0 0 0 637.848 64.5447 0.868342 1
4 111 318 631.928 80.1919 0.698081 667.164 80.2459 0.805797 671.108 70.4776 0.699693 647.582 107.647 0.352999 633.826 93.939 0.361525 663.323 89.9979 0.830029 653.518 142.774 0.824146 618.349 172.168 0.799465 721.941 138.927 0.531428 694.585 195.678 0.466948 694.543 236.76 0.295217 712.243 146.731 0.79559 694.475 197.573 0.8292 694.466 246.502 0.821607 0 0 0 631.863 70.5136 0.68443 0 0 0 637.815 66.5199 0.843742 1
4 111 319 628.018 84.1395 0.824452 665.136 80.2477 0.804046 665.242 70.3995 0.723222 647.669 103.716 0.3164 624.16 95.8787 0.291693 663.212 90.04 0.792252 649.62 146.728 0.930296 616.343 174.145 0.868939 718.041 140.889 0.511773 692.631 193.726 0.473166 694.529 238.673 0.33229 714.134 146.758 0.790756 692.569 195.718 0.823154 694.468 246.495 0.8076 0 0 0 624.148 76.285 0.778612 0 0 0 635.883 68.4852 0.906057 1
4 111 320 628.026 86.0505 0.608469 663.23 80.1864 0.826147 663.309 68.506 0.763137 649.517 109.572 0.325167 624.153 99.7595 0.422947 661.267 89.997 0.782306 649.588 146.649 0.874384 616.388 176.06 0.880093 716.102 136.987 0.500067 694.481 193.706 0.424041 694.599 234.825 0.281248 712.256 146.718 0.814487 692.565 195.703 0.842216 694.466 246.495 0.822478 0 0 0 620.307 80.2211 0.60325 0 0 0 632.025 70.3536 0.875157 1
4 111 321 628.061 88.0902 0.490543 663.297 84.1315 0.850755 665.271 70.523 0.748094 647.593 111.518 0.291463 622.206 99.8205 0.403871 661.219 97.8499 0.749318 647.508 148.746 0.866224 614.28 178.051 0.883776 723.865 140.845 0.540369 694.457 193.692 0.428995 694.514 234.808 0.310294 712.182 148.682 0.827067 690.679 197.579 0.800851 694.46 246.524 0.814499 0 0 0 620.283 84.1298 0.516509 0 0 0 631.957 72.3689 0.824556 1
4 111 322 622.216 93.9434 0.664639 663.194 86.154 0.847239 667.177 76.2925 0.690522 645.659 111.508 0.17834 0 0 0 653.501 101.791 0.736815 643.703 154.545 0.797643 610.427 180.095 0.823103 723.908 142.811 0.540327 692.642 193.728 0.418528 694.503 232.857 0.325433 712.184 150.618 0.814283 690.674 197.679 0.770546 694.463 246.555 0.810546 618.388 88.116 0.124428 620.2 86.1095 0.725816 0 0 0 631.975 74.3969 0.781127 1
4 111 323 620.258 90.0382 0.600203 659.321 86.1763 0.823632 665.231 78.2299 0.683392 661.188 131.047 0.114709 0 0 0 649.647 101.724 0.770497 641.717 152.645 0.79235 612.386 181.921 0.860216 723.93 142.782 0.540439 694.476 193.709 0.347542 694.515 228.91 0.262886 712.163 150.646 0.801286 690.651 199.557 0.775071 694.466 246.546 0.83935 618.209 86.1061 0.302221 618.366 86.0404 0.640865 0 0 0 629.998 76.3312 0.710925 1
4 111 324 622.167 101.676 0.551296 663.21 95.8408 0.82288 669.169 84.1412 0.721087 657.357 134.979 0.101307 0 0 0 651.529 105.625 0.754861 637.821 158.496 0.77904 604.574 187.829 0.832918 725.903 142.84 0.592398 694.47 193.72 0.417501 694.468 230.884 0.329219 712.152 152.592 0.755902 690.621 199.592 0.728211 694.463 246.554 0.811747 618.282 99.7084 0.118431 620.184 95.8512 0.550104 0 0 0 629.988 84.1857 0.701077 1
4 111 325 618.348 101.824 0.505363 655.428 97.7843 0.742316 663.203 84.181 0.606995 633.898 119.375 0.124085 0 0 0 649.667 109.576 0.704318 635.869 160.454 0.81852 602.677 191.696 0.81037 723.896 140.843 0.549899 688.729 195.642 0.444687 694.463 236.71 0.387873 712.154 148.756 0.756742 688.664 201.541 0.704501 694.473 248.449 0.780027 616.301 99.7264 0.178338 618.273 99.7274 0.521647 0 0 0 628.013 88.0426 0.633234 1
4 111 326 618.281 101.846 0.552529 661.289 99.7557 0.799759 667.193 86.117 0.631312 721.94 103.657 0.244546 0 0 0 649.659 113.457 0.725648 633.939 162.379 0.859469 602.585 193.658 0.859565 725.93 142.815 0.637156 692.608 195.657 0.44252 694.499 234.783 0.359323 710.252 154.539 0.741466 686.758 205.448 0.701714 694.489 248.486 0.794156 616.232 99.7674 0.237591 618.282 99.7706 0.601514 0 0 0 631.957 89.9991 0.651386 1
4 111 327 616.377 101.758 0.509753 661.301 99.8449 0.812787 669.125 88.0268 0.625863 718.065 101.697 0.222075 0 0 0 649.576 113.47 0.751134 631.883 164.294 0.809568 602.567 193.755 0.876886 727.773 142.787 0.622436 692.588 195.629 0.450749 694.47 236.751 0.3877 712.111 152.584 0.734149 686.752 203.493 0.661738 694.471 248.502 0.784637 616.158 97.8485 0.206286 616.395 99.692 0.542049 0 0 0 630 91.9577 0.587046 1
4 111 328 618.368 103.668 0.280296 663.349 101.761 0.904143 678.93 89.9865 0.7114 723.941 105.656 0.477329 710.22 101.685 0.134695 649.639 115.473 0.766071 629.968 164.3 0.812178 602.545 195.685 0.852737 729.752 144.811 0.694052 694.494 195.622 0.479506 694.501 238.639 0.388393 710.177 158.449 0.729486 686.705 205.401 0.667686 694.499 248.503 0.787865 616.368 99.7428 0.0626776 618.358 99.8233 0.352385 659.294 84.0929 0.0960737 631.932 97.7941 0.618178 1
4 111 329 616.348 113.459 0.123474 659.299 103.693 0.825736 673.042 91.9655 0.624652 725.781 107.586 0.415757 723.882 117.368 0.0833951 647.567 119.365 0.713312 624.108 166.308 0.717946 598.718 195.739 0.802961 729.749 146.676 0.700309 694.546 195.68 0.519445 694.533 238.664 0.439363 710.128 158.467 0.697777 684.825 205.425 0.627176 694.488 248.484 0.750548 0 0 0 616.303 103.758 0.15177 643.683 84.1595 0.107182 618.304 101.675 0.507954 1
4 111 330 614.333 115.443 0.212375 651.523 105.62 0.798729 665.21 93.8939 0.576927 725.845 109.552 0.425051 714.15 109.546 0.116861 645.652 123.255 0.670968 620.278 170.241 0.736451 596.738 199.599 0.758514 727.893 144.795 0.695758 694.504 195.689 0.502784 694.497 238.697 0.422869 710.173 158.46 0.707319 684.808 207.319 0.654028 694.501 248.511 0.758084 0 0 0 612.364 107.63 0.239998 0 0 0 616.302 101.695 0.568265 1
4 111 331 614.332 117.387 0.191387 649.659 107.573 0.795749 665.222 95.8345 0.583687 725.786 109.538 0.368915 0 0 0 645.655 125.205 0.676839 622.202 170.256 0.717602 596.745 199.578 0.756515 727.845 144.729 0.703149 694.529 197.58 0.516182 694.521 238.688 0.416102 710.123 158.418 0.708558 684.817 207.319 0.643544 694.497 250.399 0.765796 0 0 0 612.35 113.48 0.216533 0 0 0 616.345 101.785 0.504224 1
4 111 332 614.319 115.506 0.132061 649.605 105.653 0.803275 663.255 97.7647 0.616434 714.172 99.7835 0.241599 0 0 0 645.601 119.402 0.674607 624.155 168.244 0.743495 600.581 197.576 0.79933 727.797 142.828 0.681332 692.607 195.691 0.492462 694.501 240.609 0.436049 710.134 156.52 0.716453 686.715 207.334 0.657561 694.489 250.4 0.749141 0 0 0 610.426 113.452 0.144311 631.864 84.2054 0.115776 614.351 101.726 0.534732 1
4 111 333 612.39 117.428 0.130855 649.575 105.657 0.785242 663.249 97.8241 0.617103 725.765 113.435 0.33596 0 0 0 643.663 117.456 0.659669 626.055 168.243 0.73178 600.558 197.678 0.754229 727.789 142.838 0.710467 692.628 199.538 0.502263 694.507 238.706 0.399545 708.255 158.429 0.720364 684.82 209.248 0.668388 694.503 250.419 0.76682 0 0 0 608.458 115.435 0.158806 0 0 0 614.348 101.794 0.522583 1
4 111 334 612.422 117.451 0.225451 647.629 103.659 0.792939 653.467 91.9905 0.606317 624.127 133.005 0.12111 0 0 0 643.7 117.347 0.647586 627.998 166.31 0.770187 600.634 201.523 0.757663 725.922 140.899 0.670185 692.564 199.55 0.498061 694.501 240.667 0.440448 710.18 152.637 0.724485 684.813 207.413 0.682886 694.528 250.427 0.755569 0 0 0 606.553 115.389 0.260459 0 0 0 614.341 101.762 0.581525 1
4 111 335 606.527 119.356 0.315745 647.578 103.741 0.777772 653.465 95.852 0.617425 624.155 142.817 0.0811005 0 0 0 639.798 117.364 0.668705 626.074 172.136 0.740484 598.661 205.423 0.715092 727.765 142.788 0.679252 692.565 197.63 0.505941 694.514 240.624 0.431366 710.159 154.566 0.716903 684.796 207.405 0.678317 694.519 250.429 0.755436 0 0 0 602.688 115.46 0.395802 0 0 0 614.348 101.814 0.672652 1
4 111 336 606.54 123.276 0.22254 647.505 105.633 0.740739 651.562 95.8769 0.607166 626.114 144.755 0.0625416 0 0 0 637.809 115.463 0.64269 624.127 172.143 0.728059 600.629 201.551 0.730279 725.936 142.818 0.688827 692.553 195.688 0.495695 694.557 238.642 0.424917 708.282 156.526 0.698272 682.854 205.46 0.627286 694.513 250.398 0.761317 0 0 0 602.665 117.462 0.301926 0 0 0 608.513 105.667 0.56658 1
4 111 337 604.547 123.238 0.40352 637.847 105.645 0.693895 647.615 97.7954 0.582193 633.925 148.704 0.0745298 0 0 0 635.86 117.409 0.615736 622.187 172.165 0.691411 600.625 205.422 0.700432 725.87 142.785 0.637663 688.727 195.654 0.452307 694.565 236.716 0.413217 710.138 152.634 0.676418 682.815 205.412 0.651493 694.529 250.397 0.778805 0 0 0 602.58 117.334 0.470654 0 0 0 612.358 103.71 0.59498 1
4 111 338 606.494 131.122 0.313087 635.931 107.627 0.657028 647.541 99.7208 0.539009 631.97 148.671 0.0813492 606.508 195.682 0.0780686 635.902 117.404 0.59212 622.218 170.207 0.66726 598.668 207.339 0.663718 725.778 138.938 0.585259 688.671 195.673 0.421521 694.523 238.65 0.396768 710.154 150.671 0.687043 682.848 205.442 0.678612 694.523 250.397 0.775981 0 0 0 602.611 123.284 0.348981 0 0 0 610.426 113.425 0.459245 1
4 111 339 606.516 129.147 0.296003 637.827 111.501 0.688962 645.633 99.7483 0.547862 633.901 148.775 0.0917544 606.51 195.594 0.0750469 635.85 121.335 0.617497 626.074 172.156 0.698422 598.671 207.357 0.751478 723.918 138.923 0.593282 688.695 201.518 0.446465 694.576 232.818 0.39878 710.132 150.648 0.701475 680.952 207.428 0.693238 694.521 250.396 0.787436 0 0 0 602.605 121.296 0.340045 0 0 0 610.44 109.589 0.501723 1
4 111 340 602.552 131.038 0.353166 633.976 111.554 0.731046 635.874 97.7888 0.536564 629.963 148.757 0.105937 0 0 0 634.015 127.153 0.649593 622.148 177.983 0.750108 592.854 209.328 0.762069 723.892 138.901 0.56648 686.754 201.508 0.409477 694.544 232.825 0.4044 710.16 150.62 0.676631 680.953 209.276 0.68112 694.523 250.395 0.777667 0 0 0 600.608 121.292 0.395438 0 0 0 606.502 111.533 0.540822 1
4 111 341 600.672 131.031 0.385627 633.852 111.506 0.751165 633.9 95.8632 0.569694 620.226 148.669 0.160668 590.877 191.75 0.140484 633.846 125.242 0.66419 624.093 176.096 0.733569 596.728 209.361 0.815071 723.859 138.916 0.564927 686.745 203.478 0.408817 696.479 226.95 0.408001 710.139 150.643 0.694044 680.885 209.343 0.715555 694.544 250.418 0.793713 0 0 0 600.556 119.432 0.426425 0 0 0 604.588 113.42 0.628621 1
4 111 342 602.609 133.062 0.17457 633.856 113.444 0.693498 633.922 95.8915 0.493052 618.318 150.695 0.0623614 0 0 0 633.853 127.149 0.617814 622.158 177.999 0.720703 594.796 211.295 0.73356 723.904 136.955 0.573344 686.746 203.463 0.389925 694.641 228.915 0.380641 710.164 148.748 0.686029 680.889 209.334 0.71749 694.557 250.421 0.803361 0 0 0 600.613 127.174 0.21197 0 0 0 604.621 117.35 0.428768 1
4 111 343 602.612 133.031 0.276729 633.826 111.508 0.698663 633.933 93.9412 0.535442 0 0 0 0 0 0 631.954 125.223 0.628814 622.143 178.076 0.703451 596.7 211.328 0.72196 723.918 136.983 0.591506 686.706 203.482 0.391271 696.481 228.899 0.429318 710.141 150.623 0.676843 680.846 209.359 0.714855 694.568 250.441 0.786854 0 0 0 600.679 125.196 0.309968 0 0 0 604.597 115.419 0.503412 1
4 111 344 602.643 135.053 0.233476 631.996 113.451 0.680265 633.872 97.7868 0.505894 620.241 150.724 0.0573604 0 0 0 631.966 125.221 0.616382 622.214 177.978 0.717529 598.629 211.358 0.733883 723.877 136.965 0.571771 684.799 205.392 0.409634 694.558 232.828 0.406542 710.144 148.719 0.660197 680.849 209.353 0.716903 694.565 250.431 0.780487 0 0 0 600.67 129.159 0.260259 0 0 0 608.479 117.396 0.398251 1
4 111 345 602.654 134.994 0.267432 631.974 113.496 0.69549 631.94 97.8168 0.514949 0 0 0 0 0 0 632.022 129.092 0.632338 622.153 178.073 0.730783 596.751 211.4 0.751217 723.847 136.986 0.556969 684.806 205.381 0.439976 694.611 230.854 0.403175 710.133 148.735 0.659546 680.835 209.335 0.69824 694.569 250.406 0.790689 0 0 0 600.715 129.147 0.298758 0 0 0 608.485 117.432 0.41761 1
4 111 346 606.534 133.113 0.23591 633.995 113.492 0.701399 641.715 99.7779 0.504698 0 0 0 0 0 0 633.865 127.197 0.659746 622.14 178.028 0.765607 596.766 211.303 0.817103 723.874 138.916 0.601635 684.782 207.33 0.488021 694.529 234.764 0.419163 708.219 150.702 0.652214 680.845 211.24 0.700932 694.556 250.418 0.785831 0 0 0 602.663 129.152 0.27796 0 0 0 612.397 117.413 0.419625 1
4 111 347 606.495 133.079 0.33954 633.878 111.509 0.698704 635.91 97.817 0.532238 0 0 0 0 0 0 631.962 123.252 0.629028 622.146 177.962 0.760462 598.636 211.292 0.816757 723.884 138.898 0.604085 686.719 205.411 0.486118 694.622 230.85 0.418312 708.21 150.706 0.646717 680.822 209.381 0.674106 694.556 250.406 0.787409 0 0 0 602.662 129.114 0.368929 0 0 0 610.462 117.364 0.441669 1
4 111 348 602.662 133.085 0.190327 631.934 111.502 0.668047 633.904 97.8049 0.5268 620.258 150.664 0.0505352 0 0 0 630.034 119.38 0.620486 620.212 177.961 0.765573 596.709 211.317 0.792232 723.84 136.983 0.575542 684.833 205.441 0.473897 694.618 230.868 0.403066 708.259 150.633 0.656864 680.817 209.414 0.685423 694.556 250.419 0.792673 0 0 0 600.73 129.102 0.216323 0 0 0 608.494 117.38 0.335547 1
4 111 349 602.568 138.914 0.169029 629.924 113.457 0.666648 629.955 97.8458 0.51613 0 0 0 0 0 0 631.868 127.174 0.623556 618.335 178.114 0.755114 590.878 213.224 0.766832 721.948 138.904 0.580661 686.714 207.331 0.495948 694.641 230.886 0.406264 708.241 150.622 0.650827 680.849 209.409 0.670542 694.546 250.441 0.787847 0 0 0 600.541 133.005 0.208216 0 0 0 604.594 121.304 0.342117 1
4 111 350 602.604 133.005 0.361574 633.916 115.495 0.739148 631.963 97.8505 0.520285 0 0 0 0 0 0 633.914 133.076 0.724708 620.237 179.922 0.777221 596.747 211.382 0.762104 721.946 146.7 0.646184 682.888 205.409 0.481192 690.684 246.525 0.399245 704.379 154.596 0.636398 680.804 209.326 0.65644 694.487 256.267 0.74018 0 0 0 600.691 129.065 0.385463 0 0 0 606.557 117.318 0.560959 1
4 111 351 604.594 137.007 0.366756 641.75 125.185 0.705676 647.584 115.458 0.579971 620.217 154.613 0.0937643 0 0 0 637.807 135.02 0.683374 624.092 180.023 0.745607 598.672 215.26 0.749196 718.063 150.693 0.54154 678.866 209.363 0.468358 688.672 250.447 0.39139 708.218 164.358 0.665101 680.903 221.09 0.645142 694.475 260.245 0.743293 0 0 0 602.683 133.055 0.427154 0 0 0 616.314 121.322 0.549339 1
4 111 352 602.654 146.725 0.379395 637.819 131.007 0.746572 633.964 113.51 0.54326 618.209 162.332 0.197937 0 0 0 637.852 146.691 0.673933 622.163 191.672 0.740555 592.832 225.043 0.798479 719.996 158.503 0.524692 682.819 215.203 0.43636 692.643 246.523 0.3681 710.143 168.281 0.656306 678.982 224.934 0.690773 694.488 264.115 0.788751 0 0 0 602.557 140.904 0.390386 0 0 0 612.39 131.05 0.538868 1
4 111 353 606.532 148.732 0.319871 633.954 131.077 0.730623 629.985 115.395 0.540985 616.279 160.437 0.192621 0 0 0 639.806 146.732 0.641 626.05 189.759 0.739637 596.695 226.905 0.796066 716.082 162.392 0.496008 684.788 213.28 0.397918 700.435 228.945 0.390844 708.229 174.096 0.660566 680.798 224.928 0.649185 692.614 269.995 0.760419 0 0 0 604.555 146.695 0.34064 0 0 0 616.281 132.993 0.444543 1
4 111 354 606.545 150.69 0.250442 633.943 131.15 0.739733 631.976 117.365 0.546002 616.198 162.409 0.168467 588.995 211.32 0.163332 635.93 146.778 0.671187 622.19 191.732 0.722404 592.807 227.014 0.755534 719.993 162.384 0.533637 686.702 213.249 0.348843 702.385 223.063 0.371427 708.221 176.031 0.661175 680.845 225.028 0.690042 694.443 270.029 0.803986 0 0 0 604.582 148.619 0.292254 0 0 0 616.321 133.038 0.428705 1
4 111 355 610.401 152.644 0.268207 633.993 133.042 0.727616 633.94 117.431 0.551913 616.276 168.319 0.116608 588.965 211.319 0.267877 635.841 148.649 0.704956 618.236 195.731 0.737124 587.05 230.836 0.72376 719.992 162.426 0.565715 682.864 215.192 0.378189 698.462 230.852 0.349328 706.32 177.966 0.662717 680.852 225.039 0.66828 694.485 269.944 0.800061 0 0 0 604.609 146.794 0.308342 0 0 0 616.314 134.986 0.45348 1
4 111 356 608.471 156.52 0.222201 633.911 133.036 0.750603 633.876 117.426 0.581214 616.284 168.281 0.113278 590.87 211.278 0.252973 633.948 148.696 0.692381 616.255 199.571 0.713504 585.071 236.707 0.71732 720.022 162.384 0.597535 684.78 217.155 0.40815 700.39 226.969 0.392583 706.273 176.067 0.657401 680.788 225.029 0.643569 694.463 270.032 0.807858 0 0 0 604.54 148.72 0.267686 0 0 0 614.348 135.057 0.42497 1
4 111 357 604.609 160.462 0.147015 631.89 133.064 0.723717 631.909 117.351 0.562598 602.604 172.156 0.0772706 588.973 209.355 0.206242 631.977 150.67 0.634476 610.452 205.456 0.664287 583.074 236.752 0.642627 719.982 162.397 0.617756 686.757 219.143 0.451587 698.481 230.876 0.386509 704.313 176.047 0.632143 680.778 226.885 0.608693 692.638 269.987 0.789892 0 0 0 602.657 152.58 0.180286 0 0 0 612.39 140.902 0.361402 1
4 111 358 608.48 162.397 0.07295 630.033 133.125 0.715268 631.938 117.378 0.546731 602.629 174.155 0.0621887 587.054 211.374 0.175621 631.873 150.663 0.613265 612.376 205.406 0.689262 584.939 234.766 0.682941 719.982 162.426 0.614275 684.795 221.048 0.447458 696.497 236.718 0.363193 702.425 176.096 0.627203 679 226.943 0.585082 692.642 269.978 0.767262 0 0 0 604.585 152.644 0.0853736 0 0 0 612.375 144.736 0.307715 1
4 111 359 604.621 160.447 0.100069 631.907 134.974 0.725669 631.985 117.379 0.544887 0 0 0 0 0 0 631.895 152.589 0.62314 612.413 203.44 0.692275 584.952 230.906 0.740858 719.995 164.295 0.625472 686.719 221.098 0.478213 696.443 240.619 0.387487 702.407 177.971 0.622678 678.951 226.941 0.586416 692.633 269.951 0.768928 0 0 0 602.633 152.576 0.130518 0 0 0 610.445 144.736 0.353713 1
4 111 360 602.533 160.413 0.0602311 628.073 134.993 0.718916 629.979 117.428 0.543096 602.64 177.938 0.0926164 585.046 209.42 0.184156 629.982 152.595 0.60802 612.413 203.5 0.722994 584.912 228.975 0.767565 719.966 162.424 0.604147 686.722 222.989 0.455481 696.534 236.739 0.389701 702.371 177.981 0.619266 678.933 226.978 0.601421 692.637 269.961 0.773345 0 0 0 0 0 0 0 0 0 604.607 144.753 0.309111 1
4 111 361 602.592 160.441 0.0730569 629.929 133.126 0.734021 631.925 117.39 0.561179 608.456 170.214 0.0532598 586.943 211.314 0.0906523 629.94 150.668 0.609767 614.323 203.478 0.746004 584.935 228.903 0.801492 719.996 164.3 0.629823 684.814 221.065 0.453471 696.462 238.678 0.375024 702.367 178.032 0.624303 678.935 226.95 0.60125 694.458 268.073 0.771813 0 0 0 0 0 0 0 0 0 606.49 144.77 0.321874 1
4 111 362 0 0 0 630.037 133.097 0.751544 633.954 117.42 0.580693 0 0 0 0 0 0 628.019 148.686 0.603689 612.411 201.49 0.743849 584.971 227.043 0.811049 721.91 164.295 0.657911 686.741 222.983 0.502675 694.586 242.597 0.377731 698.544 178.07 0.63702 678.917 226.964 0.618546 694.455 268.065 0.773353 0 0 0 0 0 0 0 0 0 606.541 138.944 0.282097 1
4 111 363 602.569 154.563 0.0538282 629.953 133.067 0.734596 633.875 117.458 0.56523 0 0 0 0 0 0 628.011 148.664 0.586308 610.448 199.594 0.718575 584.977 227.051 0.777605 720.025 162.426 0.65318 688.662 223.038 0.527889 694.583 244.582 0.388701 698.52 178.03 0.632765 678.934 226.981 0.633659 694.447 269.925 0.775685 0 0 0 0 0 0 0 0 0 604.612 138.925 0.300292 1
4 111 364 602.641 154.554 0.0503077 630.021 133.085 0.750215 633.956 117.468 0.58014 0 0 0 0 0 0 627.997 148.677 0.588138 610.41 201.495 0.710836 584.988 227.054 0.781261 720.014 162.411 0.671426 690.605 223.048 0.535298 696.484 240.658 0.432462 698.467 178.034 0.649235 678.906 226.973 0.625539 692.631 268.073 0.783234 0 0 0 0 0 0 0 0 0 606.523 136.986 0.299217 1
4 111 365 604.545 152.6 0.055305 630.039 133.06 0.745125 633.934 119.329 0.572219 610.398 166.288 0.0724437 0 0 0 629.925 148.669 0.615955 610.419 203.453 0.750959 584.979 227.044 0.792129 719.991 162.369 0.639682 688.708 223.071 0.52207 696.481 240.67 0.435834 698.515 178.005 0.636196 678.878 227.007 0.621085 692.644 269.945 0.790027 0 0 0 0 0 0 0 0 0 610.432 135.054 0.30149 1
4 111 366 602.636 148.807 0.0514006 630.01 133.041 0.767333 633.892 119.323 0.573073 614.311 164.44 0.0879755 0 0 0 629.962 148.669 0.639306 612.388 197.657 0.779744 585.061 227.016 0.839944 718.071 162.331 0.619114 688.676 223.039 0.485066 696.486 238.689 0.430014 698.539 176.094 0.633546 678.883 227.026 0.609459 692.613 269.986 0.789314 0 0 0 0 0 0 0 0 0 608.468 135.043 0.300086 1
4 111 367 600.743 146.8 0.0696272 626.104 131.127 0.731814 631.899 117.393 0.56785 612.321 164.455 0.131042 586.904 211.288 0.20915 628.016 146.694 0.59519 612.394 195.638 0.772339 585.077 226.99 0.816406 718.068 160.46 0.602137 686.763 223.032 0.472906 696.543 236.754 0.423527 698.525 176.056 0.635415 678.843 227.014 0.620703 692.606 269.986 0.792612 0 0 0 0 0 0 0 0 0 604.575 133.086 0.302864 1
4 111 368 0 0 0 631.927 132.983 0.756393 635.886 117.458 0.557829 616.274 164.516 0.080232 0 0 0 629.977 146.687 0.656436 608.508 195.594 0.768586 586.909 227.017 0.803467 720 162.356 0.639657 688.702 223.002 0.492059 696.549 236.751 0.460202 696.615 178.04 0.660224 678.798 226.921 0.617252 692.579 269.987 0.804495 0 0 0 0 0 0 0 0 0 612.411 131.152 0.316454 1
4 111 369 604.556 146.747 0.062251 631.908 131.153 0.762897 635.881 117.409 0.574201 614.357 168.303 0.0511878 0 0 0 628.07 146.696 0.638939 608.464 197.579 0.753487 586.929 228.976 0.792894 720.004 162.339 0.638045 688.667 223.001 0.483253 696.518 238.659 0.463985 698.448 178.08 0.662483 678.8 226.928 0.607154 692.591 269.992 0.807787 0 0 0 0 0 0 0 0 0 612.358 133.035 0.340236 1
4 111 370 602.58 146.764 0.0606198 629.983 131.161 0.721976 633.898 117.36 0.551636 0 0 0 0 0 0 628.014 146.759 0.637007 606.553 197.577 0.753791 586.974 230.849 0.776497 719.966 160.426 0.618241 686.73 222.98 0.453154 696.485 238.653 0.461362 698.45 178.016 0.652509 678.808 226.923 0.588423 692.593 269.994 0.793481 0 0 0 0 0 0 0 0 0 612.351 133.094 0.330536 1
4 111 371 0 0 0 630.03 133.032 0.73508 633.932 117.41 0.545899 0 0 0 0 0 0 628.064 146.763 0.642229 608.473 195.741 0.753224 587.024 228.906 0.813123 718.075 160.444 0.620833 686.752 221.059 0.419597 696.504 236.7 0.445798 698.448 178.035 0.649765 678.829 226.94 0.562822 692.592 269.923 0.784 0 0 0 0 0 0 0 0 0 612.39 133.121 0.30884 1
4 111 372 602.64 148.757 0.0528015 630.003 133.063 0.709251 633.881 117.399 0.511048 0 0 0 0 0 0 629.997 148.673 0.622823 612.419 195.745 0.772394 588.877 230.902 0.804626 718.07 160.434 0.608562 686.743 221.038 0.449064 694.643 238.673 0.421251 698.448 177.962 0.63232 678.858 226.895 0.547045 692.568 268.071 0.776481 0 0 0 0 0 0 0 0 0 612.419 136.952 0.301961 1
4 111 373 600.734 148.768 0.0559716 628.012 133.008 0.706094 628.072 115.415 0.492181 608.479 166.278 0.0605145 588.957 222.991 0.12322 629.956 148.718 0.607064 612.386 197.611 0.764538 588.877 232.824 0.790903 718.058 162.341 0.608317 686.74 221.056 0.489601 694.482 244.599 0.378072 698.498 177.968 0.62802 678.878 225.02 0.547227 692.567 268.062 0.767628 0 0 0 0 0 0 0 0 0 610.456 136.945 0.272465 1
4 111 374 604.625 148.708 0.0595207 631.911 133.055 0.736331 633.947 115.471 0.522471 0 0 0 0 0 0 630.006 148.752 0.6574 612.335 199.547 0.752224 588.895 234.786 0.781323 719.999 162.362 0.634824 686.707 219.104 0.474284 692.547 252.383 0.373885 698.495 178.033 0.626756 678.953 224.949 0.520675 692.566 269.928 0.760061 0 0 0 0 0 0 0 0 0 612.415 136.944 0.307376 1
4 111 375 602.709 150.625 0.15304 631.972 133.011 0.756395 633.889 115.41 0.534212 0 0 0 0 0 0 631.915 148.746 0.705682 612.403 197.65 0.765074 588.881 232.818 0.791032 721.901 162.344 0.595874 680.937 217.146 0.462054 690.621 254.364 0.370147 700.464 178.009 0.626869 678.965 224.992 0.562382 692.613 268.071 0.76433 0 0 0 602.627 146.746 0.182503 0 0 0 612.402 135.011 0.354527 1
4 111 376 602.696 146.794 0.210132 633.929 131.095 0.766863 637.819 113.51 0.567406 0 0 0 0 0 0 631.995 148.724 0.732288 616.193 197.582 0.813163 588.937 232.796 0.820221 719.97 162.372 0.642346 682.819 215.193 0.497272 688.716 256.253 0.329943 698.515 178.065 0.668156 679.004 223.059 0.57849 694.453 268.059 0.789956 0 0 0 602.561 142.823 0.236996 616.21 107.64 0.0893476 606.547 132.978 0.452789 1
4 111 377 602.652 146.732 0.290856 632.002 129.141 0.741672 631.992 111.496 0.582488 0 0 0 0 0 0 632.022 146.794 0.725732 616.207 195.671 0.809948 588.937 232.843 0.807421 718.04 162.341 0.59946 680.867 211.323 0.444577 688.672 252.384 0.309495 698.548 178.008 0.634632 680.845 221.104 0.564786 694.445 268.027 0.772791 0 0 0 600.735 140.857 0.302685 0 0 0 604.609 131.035 0.49254 1
4 111 378 602.634 146.805 0.351423 633.845 129.142 0.744671 631.989 111.516 0.566507 0 0 0 0 0 0 633.877 146.751 0.713264 616.226 193.758 0.795225 588.922 228.964 0.807211 719.96 160.428 0.586537 680.853 211.29 0.443705 684.828 254.313 0.307075 702.386 176.091 0.607904 680.9 221.072 0.57293 692.628 268.059 0.769395 0 0 0 600.72 142.818 0.367682 0 0 0 608.45 131.096 0.512042 1
4 111 379 602.643 146.74 0.449277 633.831 129.135 0.742796 631.96 113.438 0.561613 620.268 164.353 0.0870611 596.729 213.332 0.106716 633.933 146.68 0.692882 616.328 193.683 0.798404 590.845 228.976 0.80183 718.035 162.354 0.549228 676.978 211.273 0.374339 680.88 246.5 0.335577 704.323 177.971 0.623111 680.846 223.052 0.558199 692.648 266.109 0.780515 0 0 0 600.734 140.843 0.450452 0 0 0 606.537 131.007 0.566756 1
4 111 380 602.574 146.785 0.243044 632.003 131.008 0.732199 628.049 111.517 0.540348 616.332 162.382 0.0762159 590.884 217.196 0.0856572 633.996 146.784 0.706177 616.38 193.696 0.808002 590.87 228.979 0.824801 716.09 162.364 0.517229 665.256 209.386 0.347904 678.944 244.559 0.31353 702.391 178.022 0.623002 680.786 226.932 0.583261 692.647 266.111 0.790934 0 0 0 600.685 144.725 0.281637 0 0 0 608.471 133.081 0.499536 1
4 111 381 602.593 146.805 0.502902 632.027 129.095 0.739346 629.983 113.449 0.56652 616.282 152.647 0.118382 592.807 215.215 0.0762734 635.845 146.702 0.683106 618.276 193.629 0.789337 590.903 228.964 0.839072 716.087 160.425 0.517323 671.091 209.319 0.31923 678.848 240.682 0.292649 704.343 176.047 0.601805 680.851 224.949 0.56883 692.633 266.088 0.784996 600.66 146.679 0.107148 600.711 144.717 0.510419 0 0 0 610.433 132.998 0.600873 1
4 111 382 600.703 146.716 0.500386 631.988 129.061 0.729484 629.964 111.519 0.563614 616.332 154.542 0.112255 596.727 211.434 0.0796562 633.972 146.694 0.679347 618.229 193.663 0.783397 590.887 228.924 0.849228 718.009 160.385 0.535785 678.86 211.308 0.307126 678.956 242.62 0.276085 702.422 176.059 0.601521 680.845 226.901 0.631116 692.649 268.046 0.806258 0 0 0 600.634 140.863 0.521361 0 0 0 610.401 131.124 0.612093 1
4 111 383 600.726 146.696 0.463573 632.022 125.228 0.734072 630.014 107.611 0.599428 616.319 152.594 0.121194 0 0 0 633.961 144.791 0.675269 618.335 191.724 0.77259 594.79 227.029 0.84635 716.088 160.398 0.539525 674.998 211.334 0.275531 678.939 242.633 0.265263 700.477 178.025 0.637192 678.995 227.041 0.655887 694.455 268.067 0.811819 594.789 142.839 0.0966523 600.639 140.864 0.489028 0 0 0 608.481 131.071 0.573097 1
4 111 384 600.731 144.816 0.495138 633.861 125.219 0.73346 631.923 107.621 0.57915 592.812 135.023 0.138463 584.974 162.367 0.0694461 633.917 144.792 0.720491 620.204 193.637 0.810837 596.695 226.981 0.860315 718.018 158.464 0.569449 678.934 215.223 0.329756 680.931 244.577 0.298718 702.392 176.064 0.636089 680.838 227.022 0.65149 694.469 268.078 0.821166 596.709 140.865 0.122268 600.683 138.913 0.530837 0 0 0 610.424 131.022 0.585421 1
4 111 385 600.572 144.805 0.429281 631.962 125.239 0.747612 624.129 105.647 0.55836 586.913 135.05 0.419687 567.402 164.329 0.123808 635.888 144.788 0.681914 622.171 191.733 0.793956 598.715 226.966 0.875401 714.153 158.496 0.485922 676.979 211.319 0.259083 678.885 240.692 0.276727 706.279 174.132 0.635808 680.878 226.983 0.673642 694.462 268.071 0.816648 588.921 144.721 0.152065 600.571 138.942 0.480222 0 0 0 610.437 131.012 0.567585 1
4 111 386 602.621 144.785 0.310941 631.974 125.181 0.755925 628.059 107.6 0.574232 585.055 135.003 0.544922 567.336 168.267 0.133283 635.831 142.827 0.666796 629.931 191.739 0.830455 600.628 226.875 0.918745 714.127 158.493 0.50486 678.858 221.064 0.344512 680.902 248.437 0.293804 702.414 176.055 0.650715 680.846 227.018 0.685867 694.448 269.945 0.809106 0 0 0 602.643 138.928 0.334611 0 0 0 612.398 129.081 0.417555 1
4 111 387 600.717 142.803 0.236282 630.002 119.415 0.741404 622.173 105.627 0.551185 585.003 136.946 0.592857 571.325 209.268 0.278772 634.017 136.99 0.652902 631.905 191.766 0.885209 600.72 224.977 0.904045 710.263 160.451 0.438372 678.844 217.162 0.275113 678.971 244.596 0.209965 704.342 174.141 0.656459 680.802 226.899 0.727104 692.64 268.05 0.81767 0 0 0 0 0 0 0 0 0 608.5 125.189 0.399868 1
4 111 388 602.673 136.951 0.365184 631.951 119.337 0.77256 624.144 103.668 0.584791 587.015 133.037 0.635522 555.674 174.107 0.162876 635.843 135.052 0.686384 633.971 185.888 0.873883 602.703 223.027 0.893885 712.159 160.421 0.492527 678.973 221.065 0.415479 682.876 250.428 0.270226 706.266 172.181 0.659258 680.921 225.055 0.662004 694.459 268.02 0.799343 0 0 0 602.656 133.012 0.398935 0 0 0 612.381 121.286 0.522471 1
4 111 389 606.533 134.987 0.408526 635.868 117.391 0.78357 635.906 103.718 0.580267 600.595 131.127 0.300182 600.715 142.857 0.0803644 635.852 131.136 0.748292 637.837 182.023 0.868712 606.55 217.139 0.818955 714.173 158.501 0.596509 680.883 224.957 0.555323 688.666 258.256 0.394671 698.515 178.033 0.682526 680.881 227.012 0.650289 694.494 268.054 0.775766 600.764 131.223 0.0850587 602.677 131.064 0.436092 0 0 0 612.362 117.431 0.62245 1
4 111 390 612.343 131.056 0.223212 643.707 117.412 0.76905 649.547 111.49 0.596778 639.758 152.593 0.0801949 0 0 0 637.853 129.134 0.729757 645.6 180.074 0.899184 614.357 209.378 0.898142 714.126 162.419 0.653445 680.914 225.021 0.586291 688.702 258.276 0.43239 696.561 180.007 0.731706 680.933 228.872 0.647173 694.49 269.942 0.784095 0 0 0 606.518 127.155 0.226382 0 0 0 614.301 115.478 0.521628 1
4 111 391 610.388 129.165 0.306367 643.659 115.494 0.766292 645.649 105.667 0.573251 600.679 129.13 0.486878 575.192 148.75 0.082724 643.647 129.066 0.69598 647.642 178.03 0.936381 616.271 207.406 0.872471 712.21 162.431 0.621076 680.851 224.987 0.588855 688.73 258.286 0.464905 698.462 178.065 0.732685 680.923 226.996 0.660867 694.486 268.069 0.7718 0 0 0 604.563 121.289 0.322711 0 0 0 614.346 113.492 0.582504 1
4 111 392 608.446 117.423 0.338348 647.545 115.357 0.785308 649.608 103.684 0.650681 661.254 152.601 0.0625723 0 0 0 641.757 125.201 0.719041 651.53 174.119 0.862263 618.353 197.65 0.854628 712.177 164.332 0.656151 680.923 224.993 0.618576 690.604 258.317 0.494308 696.545 179.967 0.760243 680.957 226.992 0.647456 694.46 268.056 0.774459 604.553 115.507 0.0634516 604.603 115.368 0.376128 0 0 0 616.276 105.644 0.633659 1
4 111 393 608.479 119.323 0.261315 647.569 115.406 0.801885 649.617 103.725 0.652257 604.56 125.191 0.338183 585.008 140.848 0.070084 643.711 127.176 0.735265 653.468 172.164 0.848852 622.228 193.671 0.881829 712.14 164.335 0.675828 682.812 224.974 0.616685 690.639 260.196 0.475362 696.541 178.078 0.776032 682.804 226.965 0.660182 692.643 268.06 0.774982 0 0 0 604.59 115.447 0.312449 0 0 0 616.315 107.59 0.591483 1
4 111 394 604.546 115.518 0.439253 649.492 113.513 0.802268 651.573 103.723 0.66475 663.161 150.693 0.0557529 0 0 0 645.625 121.279 0.786945 661.23 164.462 0.881088 626.102 185.876 0.824791 708.263 168.252 0.604577 680.931 224.976 0.58387 690.61 258.267 0.4756 696.501 179.954 0.799977 680.933 226.991 0.694308 694.475 269.926 0.802957 0 0 0 602.667 111.521 0.46129 0 0 0 616.329 101.791 0.692156 0
4 111 395 604.589 115.457 0.508585 649.534 111.555 0.800108 653.503 101.799 0.696204 663.184 148.675 0.0796098 0 0 0 645.589 117.469 0.836491 663.159 164.288 0.936521 628 181.927 0.857086 708.193 172.165 0.566899 680.848 224.989 0.575263 686.731 256.305 0.454904 696.465 180.013 0.774519 680.925 227.006 0.706347 694.5 268.066 0.818432 0 0 0 602.694 109.529 0.526722 0 0 0 616.341 99.845 0.732128 0
4 111 396 606.514 115.327 0.642258 649.608 109.573 0.78482 657.407 101.77 0.721809 661.324 148.67 0.107628 0 0 0 645.68 115.499 0.870862 661.325 162.459 0.903003 627.994 179.953 0.870809 706.276 174.12 0.592316 680.849 225.013 0.646324 688.661 258.289 0.494324 694.616 180.014 0.763873 682.791 226.981 0.691012 694.489 268.075 0.796045 604.578 105.607 0.06151 604.58 103.736 0.66633 0 0 0 618.228 97.7736 0.770382 0
4 111 397 604.539 107.62 0.708812 649.507 105.682 0.785344 653.464 99.8112 0.714679 663.289 138.949 0.0860268 0 0 0 645.687 115.485 0.838739 661.318 162.404 0.920511 628.024 178.064 0.8863 704.338 172.141 0.582057 680.878 225.013 0.643733 686.739 258.292 0.503048 696.449 178.098 0.779624 682.859 226.951 0.692019 694.495 268.073 0.790885 0 0 0 602.69 101.67 0.808076 0 0 0 618.243 95.8739 0.872324 0
4 111 398 604.586 101.733 0.547671 651.553 107.58 0.768518 661.328 101.661 0.780576 665.142 138.922 0.102076 0 0 0 647.532 115.372 0.870134 661.269 162.294 0.881077 624.128 177.929 0.860185 706.278 170.232 0.647941 682.848 225.007 0.657601 688.705 260.186 0.508619 694.496 179.943 0.730995 682.831 226.926 0.68946 694.499 268.063 0.788378 0 0 0 604.596 97.7709 0.575711 0 0 0 618.302 90.0103 0.821248 0
4 111 399 606.572 101.692 0.592616 653.448 101.817 0.794807 663.205 99.7153 0.772107 661.309 134.983 0.0949064 0 0 0 647.573 113.422 0.87598 659.378 160.398 0.859756 624.113 174.094 0.862197 706.29 168.283 0.647789 682.869 225.005 0.662533 688.662 258.319 0.507208 694.491 178.06 0.751239 682.845 226.897 0.691147 694.486 268.073 0.787663 0 0 0 604.633 95.8746 0.607385 0 0 0 618.284 86.1768 0.831731 0
4 111 400 606.539 99.725 0.720781 653.445 101.713 0.793997 663.189 97.8445 0.746219 661.32 133.006 0.0955872 0 0 0 647.585 109.571 0.861527 659.335 158.47 0.842219 618.363 172.135 0.909598 702.409 168.282 0.645271 684.763 224.942 0.634198 688.71 258.283 0.507925 692.58 178.019 0.73396 682.832 225.057 0.710507 694.478 268.019 0.773204 604.603 97.7802 0.100038 606.54 89.9812 0.70862 0 0 0 620.231 84.1866 0.831087 0
4 111 401 604.581 99.7589 0.868023 649.657 99.8038 0.80161 659.3 95.8544 0.68339 657.418 132.977 0.116856 0 0 0 647.611 107.611 0.824618 653.464 158.426 0.847406 618.229 170.206 0.932221 698.492 166.347 0.661685 684.824 223.019 0.602663 690.624 258.261 0.467583 688.72 176.097 0.708555 680.969 224.973 0.74932 694.499 268.066 0.810966 0 0 0 604.589 90.0254 0.831689 0 0 0 620.225 84.1921 0.883878 0
4 111 402 608.483 99.6741 0.877028 651.573 99.7535 0.809383 661.297 93.9074 0.706869 665.169 127.128 0.100694 0 0 0 647.619 107.571 0.818428 651.523 156.531 0.883277 618.193 170.231 0.93106 700.456 166.313 0.678948 686.745 223.026 0.611517 688.689 258.3 0.45628 688.662 176.093 0.709002 680.957 224.972 0.743065 694.503 270.012 0.809938 0 0 0 608.492 88.0639 0.88061 0 0 0 624.156 84.0748 0.884476 0
4 111 403 610.434 97.7872 0.854373 655.419 99.7092 0.792338 663.27 91.9682 0.732388 665.253 129.063 0.117388 0 0 0 647.647 105.624 0.828575 649.65 158.463 0.900706 616.314 168.284 0.916043 700.462 166.344 0.684114 684.801 224.949 0.642499 682.881 260.226 0.520289 686.741 176.083 0.705519 682.809 225.013 0.722512 692.646 271.947 0.793206 0 0 0 610.456 86.1837 0.896275 0 0 0 624.157 84.0522 0.846332 0
4 111 404 612.421 95.8326 0.820842 657.404 99.7444 0.802893 665.227 93.931 0.74233 665.245 131.068 0.118709 0 0 0 647.655 103.685 0.84388 649.59 156.485 0.892757 616.287 168.292 0.913143 702.372 168.266 0.696303 686.774 225.031 0.65539 682.9 268.026 0.541738 684.767 177.97 0.705264 680.925 226.903 0.748768 692.57 273.907 0.81623 0 0 0 614.292 86.0988 0.897652 0 0 0 624.168 84.0329 0.834234 0
4 111 405 614.274 95.8268 0.723514 657.394 99.7234 0.792118 665.225 93.9203 0.728011 665.146 131.107 0.114248 0 0 0 647.664 103.677 0.861196 649.556 156.511 0.898019 616.335 168.309 0.914198 700.465 170.206 0.680943 686.739 225.018 0.6254 682.795 266.104 0.540381 684.779 178.004 0.69684 680.912 226.896 0.736758 690.674 273.948 0.805931 0 0 0 612.424 86.105 0.808965 0 0 0 620.297 84.0393 0.850917 0
4 111 406 616.258 88.1186 0.632175 659.292 95.8561 0.800038 665.232 86.0774 0.773272 663.202 131.089 0.104434 0 0 0 647.632 103.705 0.857824 649.514 160.443 0.931439 616.288 170.187 0.913496 704.327 170.201 0.709279 688.696 226.929 0.663176 680.962 268.068 0.568403 682.838 178.091 0.722225 680.932 226.982 0.743944 692.571 275.858 0.835331 0 0 0 616.211 84.1889 0.732855 0 0 0 622.221 82.1416 0.848842 0
4 111 407 616.279 86.1465 0.447953 659.334 97.7769 0.815828 665.288 86.0961 0.74526 663.316 133.012 0.0897667 0 0 0 647.643 105.629 0.844504 649.552 160.464 0.930833 616.306 170.243 0.89935 706.274 172.167 0.701857 686.748 226.999 0.648391 682.799 269.933 0.519817 682.874 180.003 0.718098 680.913 228.877 0.724321 692.572 275.913 0.847506 0 0 0 616.219 82.2095 0.511711 0 0 0 622.155 80.2114 0.875034 0
4 111 408 616.354 88.0316 0.191162 659.335 99.6844 0.835455 667.194 86.1449 0.724734 635.875 111.552 0.131757 622.178 115.472 0.145514 647.573 107.578 0.81017 649.555 162.279 0.918407 616.29 170.21 0.902065 708.237 172.195 0.70044 684.776 228.962 0.622012 680.959 269.969 0.522589 686.758 180.061 0.709117 680.898 230.858 0.705854 692.561 277.828 0.822594 0 0 0 616.344 84.0695 0.271792 647.557 68.4784 0.092503 624.107 80.2384 0.796566 0
4 111 409 0 0 0 663.237 99.827 0.91693 678.857 91.9516 0.767543 665.227 123.245 0.0696658 0 0 0 647.604 107.613 0.856839 649.506 162.358 0.951688 616.294 170.189 0.901915 710.243 172.155 0.727604 684.812 228.911 0.630409 682.792 271.89 0.562143 686.773 181.952 0.72162 680.848 228.967 0.727445 692.529 277.865 0.804977 0 0 0 0 0 0 651.503 68.4559 0.251724 628.052 82.1664 0.820253 0
4 111 410 0 0 0 665.16 101.733 0.946126 682.833 95.8857 0.8079 712.231 121.343 0.344034 0 0 0 647.543 109.592 0.835754 647.665 162.394 0.963051 616.247 168.277 0.88295 710.287 174.138 0.74416 684.815 227.02 0.661571 682.803 271.873 0.578205 684.835 181.942 0.738848 680.844 228.914 0.699943 690.678 277.81 0.780981 0 0 0 0 0 0 661.271 68.5523 0.246708 631.966 82.1986 0.729768 0
4 111 411 620.269 86.065 0.182695 665.209 101.687 0.94901 686.726 95.8507 0.80638 714.174 123.239 0.446649 712.235 131.056 0.0820793 647.539 111.478 0.85525 647.645 162.414 0.978286 616.274 168.287 0.904415 714.102 176.066 0.762031 686.742 227.001 0.647589 680.944 271.895 0.552581 686.762 182.005 0.727709 680.849 228.901 0.70822 690.69 277.809 0.815058 0 0 0 620.196 82.1753 0.270159 661.309 68.5588 0.199967 631.973 80.2438 0.903116 0
4 111 412 629.999 84.2208 0.115224 665.237 99.7653 0.940369 688.671 88.0961 0.806925 712.163 117.428 0.496861 0 0 0 647.495 107.642 0.839022 647.615 162.353 0.960731 616.282 168.255 0.892072 716.075 172.167 0.72827 690.604 226.997 0.605539 682.827 271.908 0.477323 688.677 181.942 0.737164 680.864 228.909 0.712852 690.657 277.821 0.818088 0 0 0 628.075 82.1165 0.165974 661.233 68.3698 0.257907 633.89 78.2217 0.899042 0
4 111 413 0 0 0 667.198 99.825 0.913855 694.522 91.9705 0.848853 719.994 125.245 0.451479 725.808 152.621 0.100334 647.502 107.611 0.855756 647.621 162.273 0.945844 616.313 168.24 0.889148 718.021 174.142 0.73469 692.597 227.031 0.598133 682.837 271.87 0.400377 686.729 181.981 0.734401 680.877 228.943 0.724451 690.684 277.802 0.84572 0 0 0 0 0 0 665.169 68.4158 0.433474 635.873 76.3214 0.890597 0
4 111 414 0 0 0 669.107 99.7685 0.898853 694.587 88.1022 0.888818 723.87 129.117 0.542109 727.777 160.414 0.235105 647.537 105.678 0.85896 647.652 160.422 0.918132 616.291 166.391 0.874621 716.091 174.151 0.736511 694.522 226.998 0.684655 684.79 271.897 0.432862 686.717 181.931 0.724056 680.881 227.03 0.716811 690.674 275.936 0.835641 0 0 0 0 0 0 667.152 64.5704 0.497691 641.744 72.4359 0.808442 0
4 111 415 0 0 0 671.124 99.743 0.88353 696.51 88.0849 0.894598 725.806 131.007 0.757385 727.912 162.365 0.442132 647.606 103.76 0.884897 647.651 160.351 0.905101 616.281 166.373 0.886046 716.08 172.194 0.733477 694.619 226.921 0.63985 684.801 269.933 0.327601 684.79 180.002 0.752201 680.923 227.016 0.732586 690.69 275.945 0.861467 0 0 0 0 0 0 665.268 62.6405 0.455421 643.687 70.4982 0.818955 0
4 111 416 0 0 0 676.929 99.668 0.89901 698.525 88.0241 0.870726 725.917 131.055 0.864872 729.802 162.37 0.615766 649.487 101.82 0.895506 647.643 152.591 0.898747 616.349 166.273 0.909 714.178 172.178 0.741889 696.532 224.973 0.603655 704.304 242.616 0.470047 684.811 178.106 0.748884 680.899 226.945 0.746775 692.533 277.801 0.86077 0 0 0 0 0 0 671.07 62.6409 0.407927 647.533 70.4247 0.815227 0
4 111 417 0 0 0 678.908 95.8994 0.909695 702.406 86.1502 0.858918 727.791 131.027 0.827687 729.84 158.48 0.530022 651.48 101.683 0.876776 647.609 150.651 0.911738 618.204 166.302 0.926984 716.129 168.296 0.723811 710.229 209.323 0.620784 712.145 240.623 0.816524 686.743 178.002 0.745477 680.933 226.887 0.77684 690.662 275.91 0.852038 0 0 0 0 0 0 676.944 66.4757 0.36996 649.632 70.4868 0.699218 0
4 111 418 0 0 0 680.83 95.8477 0.919179 708.247 88.0254 0.894309 729.775 132.99 0.776473 729.827 160.391 0.466917 653.526 99.8004 0.841524 647.55 148.771 0.91818 618.183 166.312 0.912291 721.931 166.349 0.726982 721.94 195.727 0.638217 723.893 242.564 0.911226 688.73 176.106 0.754901 688.694 225.032 0.776067 690.668 275.874 0.810912 0 0 0 0 0 0 680.861 66.4576 0.386403 657.368 68.5051 0.68795 0
4 111 419 0 0 0 680.99 93.9204 0.879024 710.245 86.1864 0.911347 727.937 130.996 0.722576 731.762 150.7 0.518835 659.34 99.7687 0.850372 647.526 148.716 0.911912 618.228 166.33 0.902603 723.848 164.409 0.725916 725.773 197.651 0.774846 727.868 242.67 0.903644 690.677 176.081 0.753411 688.688 225.01 0.761422 690.641 275.866 0.814911 0 0 0 0 0 0 682.876 62.5738 0.427098 661.244 68.4436 0.698795 0
4 111 420 0 0 0 688.66 91.9843 0.836525 714.156 86.1583 0.89164 729.772 129.095 0.375334 735.654 152.624 0.0857317 663.156 97.8531 0.882518 647.633 146.812 0.933464 618.312 166.304 0.895291 725.791 166.305 0.752138 725.928 199.595 0.801949 731.741 242.641 0.906501 692.596 178.001 0.769377 684.765 225.037 0.780339 690.689 275.844 0.854526 0 0 0 0 0 0 690.671 56.7919 0.442267 663.235 64.5603 0.754298 0
4 111 421 0 0 0 694.515 89.9929 0.887313 721.984 86.1183 0.876382 739.551 131.012 0.625834 737.601 158.475 0.0829583 665.156 93.9437 0.869496 649.62 144.759 0.878612 620.221 166.288 0.878405 725.925 168.246 0.724602 727.844 201.556 0.805132 737.598 242.633 0.895945 694.54 177.99 0.796761 684.833 224.949 0.775102 690.649 275.833 0.847801 0 0 0 0 0 0 696.484 58.6765 0.47528 665.293 66.4961 0.644638 0
4 111 422 0 0 0 694.624 88.0219 0.918917 723.929 86.0059 0.892895 741.499 129.146 0.596025 739.497 162.301 0.119423 667.183 91.9713 0.814653 649.621 138.948 0.859399 620.24 166.283 0.865009 727.883 168.236 0.724342 727.931 203.447 0.76727 739.503 242.634 0.913959 696.457 176.101 0.816758 690.612 223.063 0.76481 690.659 274.018 0.853517 0 0 0 0 0 0 696.537 52.7935 0.480115 671.05 54.8762 0.598939 0
4 111 423 0 0 0 698.476 86.1356 0.893597 727.836 84.2 0.906297 741.507 131.072 0.295183 0 0 0 673.028 90.0091 0.808128 651.551 134.969 0.879806 620.298 164.435 0.857975 729.853 166.309 0.724497 729.824 199.557 0.727266 739.498 240.728 0.909307 696.567 172.187 0.788989 692.621 221.113 0.797504 690.664 273.998 0.860245 0 0 0 0 0 0 725.93 54.7158 0.472535 680.872 56.7017 0.508473 0
4 111 424 0 0 0 708.21 86.0144 0.867689 735.688 84.1189 0.852345 743.543 131.034 0.294323 0 0 0 678.833 86.1366 0.855859 651.586 133.071 0.8783 622.149 164.347 0.877204 735.667 166.326 0.705365 731.776 201.528 0.678031 739.511 242.601 0.87834 698.48 172.189 0.752549 692.563 222.995 0.79218 690.678 273.96 0.871921 0 0 0 0 0 0 723.909 52.7648 0.342581 680.943 54.8032 0.577432 0
4 111 425 0 0 0 710.258 84.1739 0.906713 739.585 84.0566 0.877691 751.317 127.16 0.342791 0 0 0 680.918 84.1943 0.873497 653.469 131.068 0.840377 624.157 162.377 0.837001 739.561 162.42 0.729303 733.694 197.645 0.735448 739.537 242.558 0.891746 702.419 166.274 0.726816 692.644 221.094 0.814517 690.613 273.988 0.858269 0 0 0 0 0 0 719.991 52.7832 0.358671 692.586 52.8602 0.625823 0
4 111 426 0 0 0 712.179 82.1929 0.876886 741.541 80.2312 0.866685 757.092 127.185 0.563086 747.431 152.578 0.20669 682.853 84.0557 0.841472 655.457 129.1 0.792859 631.864 160.385 0.843773 741.544 158.489 0.75657 735.674 197.65 0.784759 741.434 242.555 0.910925 708.248 162.389 0.780725 694.522 219.11 0.83812 688.701 273.997 0.84275 0 0 0 0 0 0 723.862 50.8501 0.32086 694.552 52.7631 0.566642 0
4 111 427 0 0 0 714.149 80.2149 0.835791 743.504 80.1893 0.866544 757.249 129.116 0.659012 753.231 152.602 0.319511 686.725 80.2494 0.797119 661.243 123.286 0.794438 633.828 156.534 0.84103 741.593 160.421 0.763168 737.595 199.581 0.777614 741.459 240.698 0.890053 710.123 162.376 0.796496 694.477 219.134 0.82204 688.713 273.928 0.847686 0 0 0 0 0 0 725.836 44.9717 0.516959 698.521 46.9452 0.678711 0
4 111 428 0 0 0 716.141 80.2213 0.815477 745.467 80.1764 0.833414 759.146 129.126 0.723219 757.063 150.71 0.50909 690.611 80.2196 0.780534 663.199 121.281 0.833508 633.928 150.709 0.854761 743.444 162.326 0.767922 739.561 199.583 0.789315 741.45 242.576 0.88705 710.156 162.424 0.783352 694.474 219.151 0.825069 690.679 272.046 0.855052 0 0 0 0 0 0 727.789 43.0524 0.474295 702.375 45.0172 0.565305 0
4 111 429 0 0 0 723.87 74.3496 0.852676 753.28 76.2934 0.836985 763.092 127.156 0.79094 757.179 150.729 0.640072 692.546 74.3177 0.788337 663.317 119.33 0.889706 635.896 150.648 0.83856 743.468 162.357 0.776095 741.426 199.573 0.796307 741.437 242.616 0.855872 708.294 162.392 0.792928 694.529 213.328 0.829355 692.609 271.912 0.868314 0 0 0 0 0 0 733.72 39.0548 0.591281 710.245 37.2311 0.793792 0
4 111 430 0 0 0 723.947 72.4578 0.883757 755.258 74.3606 0.879119 765.008 131.095 0.865251 757.087 152.61 0.519831 692.587 72.4517 0.807624 665.189 117.459 0.92443 641.718 148.729 0.82585 743.523 162.415 0.769812 741.461 199.586 0.804166 741.43 242.665 0.8641 710.106 162.392 0.801466 694.642 211.328 0.867442 694.491 268.014 0.864774 0 0 0 0 0 0 733.708 37.2132 0.752891 710.212 39.0693 0.738693 0
4 111 431 0 0 0 725.792 70.5072 0.912229 757.103 72.4126 0.892897 766.919 131.045 0.839993 757.148 150.688 0.515691 694.482 70.4711 0.856375 665.288 117.487 0.919704 645.654 150.675 0.856024 743.558 162.322 0.759099 741.574 197.577 0.837735 739.602 242.569 0.879602 708.283 162.315 0.808521 696.52 209.423 0.853423 696.443 264.13 0.858463 0 0 0 0 0 0 737.613 37.0924 0.767852 710.273 37.0935 0.704994 0
4 111 432 0 0 0 725.873 70.3863 0.934698 757.154 70.4541 0.902929 768.944 125.209 0.803693 759.14 148.732 0.640746 694.583 68.5173 0.888241 667.244 117.334 0.882208 647.647 148.728 0.919342 745.41 158.484 0.736057 743.391 195.724 0.859295 739.581 242.554 0.861622 710.136 156.529 0.775426 696.577 207.42 0.833477 696.602 258.248 0.943438 0 0 0 0 0 0 741.453 35.1789 0.833646 712.096 33.2297 0.765834 0
4 111 433 0 0 0 727.76 68.5125 0.928893 759.11 70.4277 0.906155 770.852 123.27 0.78642 759.166 148.712 0.61328 696.439 68.403 0.859321 671.128 115.484 0.861505 649.631 148.686 0.911627 745.469 158.483 0.731273 741.578 199.557 0.816738 739.578 242.625 0.812417 710.235 154.589 0.760722 698.477 205.437 0.790338 698.512 256.383 0.944793 0 0 0 0 0 0 743.431 33.2887 0.816571 712.169 29.3603 0.670127 0
4 111 434 0 0 0 727.757 66.529 0.906514 759.073 68.4478 0.893647 770.902 119.368 0.780599 761.076 146.797 0.655397 696.465 66.4632 0.858498 675.037 115.394 0.871266 653.514 148.736 0.870818 743.528 152.602 0.750017 743.394 199.555 0.808553 739.559 242.628 0.811391 710.149 148.741 0.796719 704.303 197.637 0.753874 700.426 254.318 0.873491 0 0 0 0 0 0 741.606 27.4158 0.878762 712.089 23.5253 0.697542 0
4 111 435 0 0 0 727.772 66.4689 0.893988 759.142 68.3983 0.875079 772.722 119.391 0.799828 761.138 146.733 0.614392 696.437 64.5287 0.840834 678.805 113.48 0.880683 661.273 148.642 0.871115 743.479 154.542 0.757105 743.379 201.496 0.831931 741.465 244.532 0.800764 708.272 148.722 0.792769 706.281 195.641 0.809873 706.307 244.626 0.86066 0 0 0 0 0 0 743.431 25.5097 0.898782 712.101 23.5017 0.727637 0
4 111 436 0 0 0 727.823 64.5414 0.885201 759.135 66.4718 0.865139 772.717 111.531 0.830914 766.972 140.872 0.731311 696.515 60.6868 0.854329 678.918 113.436 0.896842 663.253 148.732 0.903435 743.505 148.686 0.775822 741.587 195.681 0.893149 741.45 242.601 0.88591 710.191 146.697 0.81551 710.1 193.693 0.86997 708.237 242.524 0.877162 0 0 0 0 0 0 743.487 27.3995 0.845788 712.205 23.5589 0.770323 0
4 111 437 0 0 0 727.781 62.5882 0.887726 759.089 64.5187 0.852968 770.857 109.528 0.817018 770.807 138.912 0.770965 696.471 60.6199 0.86127 680.792 113.4 0.901982 665.206 146.816 0.939814 743.474 146.78 0.792398 741.538 195.648 0.878899 739.586 242.675 0.879672 710.203 146.668 0.808786 710.159 193.609 0.862579 710.175 240.649 0.844397 0 0 0 0 0 0 743.473 25.4777 0.854298 712.17 23.5072 0.811662 0
4 111 438 0 0 0 727.767 62.5877 0.887746 759.108 64.5311 0.863981 772.749 117.428 0.842085 766.929 135.07 0.530219 694.635 58.7099 0.855375 679.001 107.645 0.877951 669.116 146.746 0.898919 743.429 148.674 0.78334 741.507 197.597 0.861271 739.589 242.676 0.848995 708.239 146.737 0.79746 710.178 193.753 0.837095 712.17 238.63 0.792409 0 0 0 0 0 0 743.486 25.4306 0.918948 712.135 23.4622 0.82813 0
4 111 439 0 0 0 727.747 62.6154 0.888432 759.052 64.5768 0.87476 772.836 117.369 0.863608 770.858 131.143 0.450675 696.441 60.6202 0.85454 678.999 107.639 0.860823 675.006 146.648 0.820355 743.407 146.75 0.795676 741.526 195.676 0.875579 741.406 242.712 0.886929 708.29 146.674 0.783514 710.253 193.744 0.854381 712.157 238.633 0.801427 0 0 0 0 0 0 743.486 25.4628 0.894965 712.163 23.4707 0.812907 0
4 111 440 0 0 0 725.921 62.5828 0.883839 757.205 64.5232 0.848696 772.816 111.518 0.83903 786.494 129.128 0.775575 694.631 60.6514 0.86209 680.821 101.839 0.883228 678.88 140.837 0.883482 741.566 146.74 0.80386 741.601 193.681 0.880312 741.504 242.562 0.93975 708.206 146.681 0.776365 712.135 193.65 0.833617 712.195 238.63 0.864381 0 0 0 0 0 0 743.457 27.3763 0.958534 712.16 23.5292 0.802388 0
4 111 441 0 0 0 727.737 62.6237 0.887493 757.232 66.4484 0.855891 772.776 105.695 0.866326 788.503 119.367 0.847034 696.463 60.6406 0.870861 680.855 103.725 0.893328 680.951 138.925 0.799278 743.469 146.763 0.787259 743.593 191.735 0.881517 741.568 242.527 0.979794 710.177 146.704 0.799217 712.132 193.632 0.838226 712.149 236.754 0.893353 0 0 0 0 0 0 743.492 27.4223 0.939664 712.228 23.524 0.774829 0
4 111 442 0 0 0 727.738 62.6205 0.889791 757.213 66.4501 0.863555 774.848 101.809 0.910946 792.425 113.497 0.800235 696.477 60.6315 0.87408 680.839 101.718 0.882341 684.786 136.977 0.717003 743.483 146.679 0.759671 745.469 182.009 0.802508 743.442 232.805 0.929645 710.214 144.807 0.763157 712.221 193.632 0.831704 712.21 236.69 0.860035 0 0 0 0 0 0 743.506 29.33 0.897817 716.058 25.4212 0.67647 0
4 111 443 0 0 0 727.812 60.6682 0.888649 757.26 66.4613 0.865323 776.778 101.673 0.923005 804.15 101.831 0.911389 696.57 58.6776 0.876022 680.799 113.434 0.892616 688.71 160.434 0.700763 743.493 146.749 0.740948 749.319 179.992 0.754952 743.529 226.913 0.939538 710.247 146.772 0.796921 712.142 193.699 0.827134 712.223 234.75 0.82104 0 0 0 0 0 0 743.562 29.3307 0.843243 718.017 23.5422 0.612689 0
4 111 444 757.048 37.1358 0.13421 727.838 56.7753 0.920035 757.185 62.6299 0.864936 784.556 97.8414 0.877506 806.164 97.8473 0.836685 698.552 54.8166 0.895481 680.963 103.695 0.827551 692.584 148.695 0.382263 743.515 140.854 0.733723 755.246 176.061 0.771599 745.515 224.939 0.892062 710.272 140.855 0.764195 712.111 189.774 0.820459 712.204 234.746 0.833724 757.137 33.2754 0.21295 0 0 0 747.374 27.4073 0.918592 718.079 21.6096 0.526078 0
4 111 445 759.073 37.1067 0.2362 729.776 56.7133 0.92939 759.063 62.6338 0.875467 788.473 91.9493 0.901257 817.792 86.1157 0.888904 704.315 54.7209 0.896366 692.623 97.7799 0.763354 704.374 115.48 0.150676 745.439 138.912 0.696666 757.194 164.37 0.755439 755.151 215.242 0.856066 712.128 136.974 0.772662 712.222 185.837 0.811331 712.228 232.858 0.838857 759.089 31.3342 0.321305 0 0 0 751.338 29.3188 0.894303 725.823 21.6151 0.34848 0
4 111 446 765.018 33.222 0.497343 729.812 54.767 0.960193 759.076 56.775 0.891604 790.461 88.0331 0.931163 827.609 78.2335 0.911609 704.36 52.842 0.885888 694.574 89.9894 0.709704 714.134 103.719 0.108135 745.456 133.05 0.748527 759.05 164.387 0.809108 757.152 211.351 0.893517 712.2 133.099 0.808116 712.264 183.938 0.817059 712.232 234.78 0.862789 761.121 23.5718 0.624844 0 0 0 751.283 23.5368 0.909532 721.978 21.4897 0.167241 0
4 111 447 761.12 25.4135 0.262432 733.711 52.8495 0.912806 759.188 54.8594 0.888315 790.524 84.1407 0.895864 0 0 0 710.125 50.9081 0.931793 696.571 84.0833 0.689267 725.862 86.1176 0.0712109 749.341 133.073 0.737088 759.169 162.452 0.811046 759.177 209.333 0.894259 714.165 133.092 0.812999 712.267 185.86 0.820001 712.234 234.8 0.856236 759.225 21.5821 0.336241 0 0 0 751.284 23.4589 0.819557 718.065 21.579 0.360307 0
4 111 448 772.848 33.2528 0.589974 741.437 52.7767 0.925499 761.142 54.8754 0.854675 792.452 84.0845 0.862148 0 0 0 714.1 46.9484 0.858557 702.394 76.3303 0.647148 727.873 86.116 0.119062 749.334 133.071 0.736204 759.177 162.433 0.778576 761.07 205.465 0.825114 718.058 133.025 0.809155 712.252 187.809 0.839334 712.239 236.694 0.87128 770.888 23.5097 0.632567 0 0 0 757.197 21.6 0.828629 727.835 15.6484 0.0574376 0
4 111 449 774.872 31.3257 0.55548 743.411 50.8491 0.918428 765.028 54.7945 0.853231 798.253 82.1815 0.821135 0 0 0 720.012 44.9924 0.809871 710.17 76.3145 0.409205 739.541 88.0485 0.0765773 753.221 133.002 0.726707 761.054 162.402 0.778236 761.078 207.321 0.820572 720.025 131.147 0.804903 712.263 183.913 0.814775 712.231 234.777 0.859737 774.788 23.467 0.652457 0 0 0 761.134 21.5077 0.802428 0 0 0 0
4 111 450 776.775 21.6247 0.483367 745.406 48.9389 0.890209 770.819 54.7462 0.875321 802.101 82.1878 0.835402 0 0 0 725.825 43.0628 0.87142 712.218 82.1426 0.168171 0 0 0 755.234 131.136 0.732764 761.109 162.376 0.765272 761.048 207.349 0.826457 723.945 131.033 0.838701 714.147 181.939 0.796132 712.221 234.77 0.862299 774.863 19.5727 0.561407 0 0 0 765.03 19.5745 0.788557 741.517 13.6284 0.0508294 0
4 111 451 784.52 23.5284 0.422715 747.402 48.9005 0.873969 772.798 54.7558 0.925436 802.209 84.1628 0.878504 0 0 0 725.949 43.0218 0.904154 716.08 84.128 0.131397 0 0 0 757.14 131.073 0.752962 763.033 162.387 0.728458 761.089 207.323 0.798654 725.83 129.081 0.821309 716.057 179.949 0.798206 712.19 234.742 0.873347 780.68 21.4551 0.498297 0 0 0 770.892 19.5611 0.762911 0 0 0 0
4 111 452 788.446 25.4818 0.367579 755.165 48.8734 0.869938 774.751 54.8001 0.941339 802.203 86.2045 0.884259 0 0 0 729.768 41.0897 0.869843 718.081 84.0499 0.0718952 0 0 0 757.21 131.008 0.76028 763.1 162.36 0.722354 759.226 205.466 0.82424 725.918 123.289 0.82181 721.934 174.107 0.784873 712.264 227.038 0.879564 788.385 21.5813 0.448923 0 0 0 774.845 21.4626 0.801721 0 0 0 0
4 111 453 790.453 21.5643 0.22071 759.104 45.033 0.92475 778.674 54.8329 0.860673 804.058 88.1121 0.897576 0 0 0 739.577 37.2329 0.870916 725.796 23.4885 0.259428 743.535 19.5159 0.188657 757.229 129.109 0.763916 770.828 162.295 0.751238 759.192 205.462 0.849158 727.788 119.381 0.824906 725.805 170.185 0.856296 714.163 225.019 0.884932 790.407 19.5535 0.28548 0 0 0 782.608 21.5003 0.705242 759.131 17.5116 0.159621 0
4 111 454 792.429 35.1797 0.107422 761.156 44.9744 0.867934 784.52 54.817 0.875321 804.128 90.0001 0.934202 0 0 0 743.476 37.1929 0.889732 0 0 0 0 0 0 757.233 121.302 0.784023 770.892 162.279 0.788825 759.198 203.493 0.838743 727.881 115.488 0.841486 727.743 164.284 0.959355 716.13 219.09 0.81952 0 0 0 0 0 0 788.57 23.512 0.731214 0 0 0 0
4 111 455 798.268 29.3583 0.1778 764.975 41.0948 0.87355 786.482 52.8334 0.880365 804.192 88.0474 0.936174 0 0 0 745.405 37.1623 0.858981 0 0 0 0 0 0 759.132 119.325 0.789323 772.763 160.419 0.780874 759.234 201.521 0.846941 729.841 115.407 0.836111 729.781 162.438 0.948306 721.922 213.322 0.850388 798.292 23.4779 0.221275 0 0 0 790.43 21.606 0.665338 772.72 4.83942 0.114743 0
4 111 456 802.153 27.3482 0.158699 766.989 39.1349 0.914581 788.428 50.8815 0.867178 806.008 86.1847 0.916694 0 0 0 745.46 35.2067 0.857151 0 0 0 0 0 0 759.17 115.432 0.823327 772.804 160.408 0.8058 759.225 203.496 0.852079 733.661 109.578 0.773606 733.728 160.374 0.877863 725.758 209.421 0.925377 804.018 21.5823 0.205386 0 0 0 792.367 21.4896 0.692675 772.836 3.87918 0.183046 0
4 111 457 806.004 23.5125 0.276232 772.752 37.1639 0.948421 790.356 48.8876 0.838789 806.095 86.1524 0.89408 0 0 0 755.168 27.3912 0.823653 733.727 52.851 0.0646876 0 0 0 759.209 113.483 0.80289 772.764 160.356 0.790184 759.251 203.504 0.841418 737.578 105.623 0.760141 739.54 156.5 0.873115 725.937 207.372 0.912846 804.215 21.4689 0.327298 0 0 0 794.378 17.6147 0.719566 774.818 4.82456 0.193667 0
4 111 458 806.111 21.5383 0.280231 772.903 37.0664 0.944915 790.486 43.0641 0.834896 806.188 86.0992 0.875508 0 0 0 757.133 25.4178 0.845532 735.655 52.814 0.0767789 0 0 0 761.149 113.46 0.775515 770.878 160.423 0.785416 759.228 205.382 0.856916 739.563 103.741 0.803189 741.459 154.543 0.880338 727.92 205.404 0.846191 806.078 19.4803 0.322625 0 0 0 798.236 15.6326 0.692846 776.708 4.83689 0.184455 0
4 111 459 806.131 19.5798 0.207552 774.819 35.1395 0.90417 794.325 43.0634 0.790164 809.999 84.2107 0.811799 0 0 0 757.253 23.4609 0.884291 741.473 54.8099 0.0770699 0 0 0 766.952 109.576 0.75027 770.843 158.507 0.798618 761.081 205.409 0.842313 741.491 101.771 0.861632 741.601 150.649 0.90392 735.63 195.715 0.831262 0 0 0 0 0 0 800.242 13.6731 0.650346 780.619 4.84969 0.194818 0
4 111 460 0 0 0 774.869 31.3301 0.884167 796.276 39.2133 0.771726 808.106 80.2348 0.771245 0 0 0 757.238 23.4376 0.89551 741.548 54.7472 0.0728421 0 0 0 766.984 107.584 0.738005 770.865 156.506 0.787506 761.098 205.433 0.8479 741.513 101.706 0.871793 743.459 148.745 0.88905 741.433 195.621 0.815032 0 0 0 0 0 0 0 0 0 778.734 4.84868 0.138449 0
4 111 461 806.16 4.8471 0.11339 776.752 27.3774 0.866942 798.254 39.0746 0.791358 813.916 80.1722 0.789464 0 0 0 759.117 21.5276 0.915412 745.408 50.8717 0.0883149 0 0 0 770.819 103.715 0.755358 772.749 154.564 0.807443 761.07 203.444 0.83252 743.422 99.8403 0.863147 745.467 148.633 0.854432 745.426 191.72 0.731777 0 0 0 0 0 0 800.226 4.83092 0.484393 774.865 4.85926 0.148382 0
4 111 462 806.131 4.86408 0.0939879 776.788 23.5173 0.88152 800.214 35.1911 0.782435 817.786 76.3183 0.842839 841.307 68.4584 1.03993 759.131 21.4591 0.888333 743.513 50.8229 0.0857919 0 0 0 772.771 101.806 0.797831 772.822 156.506 0.794265 761.099 201.536 0.776679 743.504 99.781 0.853819 745.423 146.713 0.785053 753.267 189.774 0.634604 0 0 0 0 0 0 800.241 4.8388 0.454089 774.691 4.86681 0.128265 0
4 111 463 804.196 4.85741 0.125772 776.727 23.5326 0.90239 800.232 35.1896 0.801965 819.708 72.4258 0.94234 0 0 0 759.081 21.5018 0.889831 743.498 50.8601 0.0780523 0 0 0 772.881 103.731 0.798171 772.894 156.543 0.809578 761.096 199.609 0.773374 743.553 101.672 0.864689 747.417 148.717 0.724883 757.196 193.753 0.631354 0 0 0 0 0 0 798.246 4.84167 0.452881 772.884 4.86391 0.102735 0
4 111 464 805.996 4.84768 0.176677 774.876 25.4501 0.909287 800.211 35.1993 0.837329 819.815 70.4228 0.958044 851.1 56.8212 1.01201 757.193 23.4422 0.885999 743.436 50.8322 0.0935802 0 0 0 774.744 101.752 0.827199 774.714 152.597 0.823792 759.257 199.535 0.813343 747.384 99.7561 0.817325 757.16 148.661 0.711959 759.209 193.653 0.48261 0 0 0 0 0 0 796.281 4.83754 0.5033 770.904 4.85618 0.132889 0
4 111 465 806.024 4.86866 0.0782284 776.734 23.4197 0.922554 800.234 23.5716 0.840794 819.761 68.3818 0.949325 851.09 56.7738 1.02173 757.244 21.5625 0.900285 745.407 52.817 0.108431 0 0 0 776.764 99.7683 0.818233 774.781 150.669 0.812847 759.253 199.603 0.835312 753.285 95.879 0.760185 761.133 146.696 0.663442 761.146 193.693 0.432404 0 0 0 0 0 0 796.311 4.83956 0.346233 770.799 4.86365 0.147684 0
4 111 466 806.084 4.87025 0.0646683 776.744 21.5662 0.914041 802.136 23.5453 0.878556 821.701 66.45 0.906887 852.995 54.8816 1.0627 757.237 21.4646 0.899272 743.513 52.7812 0.0992484 0 0 0 778.698 99.8087 0.797035 776.759 152.587 0.795342 761.148 199.554 0.789589 757.081 97.8355 0.786706 770.798 148.695 0.73959 765.026 195.639 0.611989 0 0 0 0 0 0 792.447 4.84743 0.290557 768.905 4.87172 0.146893 0
4 111 467 809.984 4.86156 0.0992928 776.753 21.4449 0.900625 802.151 23.4064 0.893093 821.687 60.6726 0.89177 851.15 54.8581 1.04655 757.255 19.5578 0.879694 747.369 52.7992 0.0993374 0 0 0 780.648 97.8468 0.772381 780.681 148.77 0.788659 763.049 199.565 0.804395 757.074 95.8358 0.783743 772.739 146.76 0.721516 768.93 193.718 0.539602 0 0 0 0 0 0 792.388 4.85445 0.258003 764.976 4.87817 0.10954 0
4 111 468 815.874 4.85427 0.15018 776.804 21.4738 0.901006 802.208 23.4464 0.91296 821.719 58.6873 0.899839 851.132 54.7867 1.03945 759.067 19.5329 0.884808 751.277 52.8267 0.101176 0 0 0 784.541 95.8747 0.771415 788.416 144.801 0.824219 766.927 195.613 0.811875 757.1 91.9762 0.836275 772.741 140.87 0.665883 768.921 191.773 0.464694 0 0 0 0 0 0 794.376 4.85116 0.306508 765.017 4.87922 0.124716 0
4 111 469 819.706 4.85525 0.204265 778.674 21.4658 0.885672 804.059 23.4759 0.921389 821.762 58.6839 0.885984 852.992 54.7997 0.958263 759.062 19.4946 0.861719 751.286 52.7791 0.0844525 0 0 0 788.437 95.8746 0.796272 790.34 144.742 0.849076 772.826 185.842 0.801911 757.21 89.9951 0.874993 761.155 136.938 0.761211 768.927 180.041 0.50602 0 0 0 0 0 0 794.392 4.85288 0.314974 763.061 4.88149 0.137622 0
4 111 470 821.759 4.85699 0.236986 778.689 19.5694 0.869414 804.1 21.6068 0.942833 821.738 56.7886 0.946126 853.041 54.8194 0.97793 757.251 17.589 0.862119 743.459 46.9624 0.0894275 0 0 0 788.54 91.9884 0.802374 790.531 140.857 0.829914 774.758 179.923 0.905069 759.048 88.0637 0.871262 770.795 133.103 0.827007 770.794 176.09 0.571469 0 0 0 0 0 0 796.287 4.85549 0.284698 761.16 4.88381 0.164393 0
4 111 471 0 0 0 778.662 17.5507 0.840274 804.125 21.4226 0.91606 821.661 56.7105 1.0093 851.139 54.8555 0.926778 757.159 15.6505 0.841833 733.706 39.1733 0.130486 0 0 0 790.46 93.9 0.792729 792.379 135.053 0.830688 774.898 177.96 0.883457 759.103 88.0939 0.828878 770.805 133.058 0.842374 770.822 170.242 0.610802 0 0 0 0 0 0 790.458 4.86051 0.211226 759.243 4.88513 0.182532 0
4 111 475 827.584 4.86543 0.195668 788.458 3.89022 0.976707 0 0 0 0 0 0 0 0 0 763.034 4.82412 0.837901 753.226 33.2576 0.304452 0 0 0 798.22 84.0707 0.707213 804.222 117.458 0.874147 794.328 162.329 0.890266 766.965 78.2844 0.731586 772.763 123.252 0.870635 772.817 172.15 0.820012 0 0 0 0 0 0 0 0 0 0 0 0 0
4 111 476 831.532 4.87734 0.11824 790.391 4.83153 0.960506 0 0 0 0 0 0 0 0 0 770.819 4.82636 0.78794 757.23 31.2853 0.429024 0 0 0 796.325 80.1754 0.696225 806.012 115.444 0.889403 802.162 156.54 0.837579 768.891 72.3961 0.766424 772.755 119.357 0.907565 772.757 172.16 0.836359 0 0 0 0 0 0 0 0 0 0 0 0 0
4 111 477 0 0 0 790.468 4.83462 0.933617 811.957 3.88264 0.842954 815.88 50.8498 0.864928 831.529 70.4217 0.882326 770.895 4.82831 0.780953 759.13 33.2559 0.506098 782.536 39.1911 0.0710742 800.237 76.3042 0.693908 806.159 113.459 0.829001 806.056 150.704 0.860644 770.86 72.3836 0.78725 772.769 119.386 0.892772 772.734 170.224 0.817475 0 0 0 0 0 0 804.116 4.88809 0.0777563 0 0 0 0
4 111 478 0 0 0 792.353 4.83371 0.923296 813.918 3.87888 0.848501 815.876 50.801 0.879125 831.475 70.4392 0.901909 772.78 4.83096 0.809482 759.197 29.3777 0.539844 786.387 39.1366 0.107507 802.112 74.3285 0.706759 806.174 107.639 0.813168 806.161 148.668 0.888342 772.769 70.4932 0.806818 772.864 117.48 0.925598 772.783 168.287 0.844154 0 0 0 0 0 0 0 0 0 0 0 0 0
4 111 479 0 0 0 792.415 4.83454 0.902979 815.862 3.88368 0.848686 817.794 48.9059 0.873832 831.495 70.4726 0.894622 772.845 4.83229 0.789707 761.12 29.3302 0.463183 784.513 39.1246 0.104378 804.059 72.3944 0.753601 806.189 107.611 0.821827 808.046 146.71 0.843907 772.868 70.434 0.828944 772.858 117.457 0.928334 772.762 170.196 0.84829 0 0 0 0 0 0 806.136 4.88762 0.0722812 0 0 0 0
4 111 480 0 0 0 798.23 4.83552 0.877417 819.7 3.88252 0.870956 819.727 46.9779 0.861886 831.518 70.4709 0.899163 774.818 4.8333 0.775829 765.031 25.4999 0.47842 786.45 37.1964 0.105345 806.004 72.3719 0.770598 806.184 107.627 0.821513 806.172 146.671 0.859681 774.822 70.4069 0.834221 774.766 117.387 0.942776 772.807 166.312 0.890014 0 0 0 0 0 0 811.951 4.88719 0.0818797 0 0 0 0
4 111 481 837.404 4.88523 0.112357 802.123 4.83651 0.901987 819.846 3.8786 0.878745 821.671 46.9662 0.87114 833.483 70.4636 0.950737 776.732 4.83587 0.797336 765.007 29.32 0.581326 784.503 39.2165 0.155448 806.041 70.4778 0.791553 808.083 105.637 0.841917 808.024 146.673 0.899002 776.716 68.5045 0.837305 774.853 115.478 0.945196 772.831 164.33 0.9473 0 0 0 0 0 0 0 0 0 0 0 0 0
4 111 482 839.375 4.89129 0.0964915 802.193 4.83861 0.89177 821.749 3.8796 0.864519 821.807 45.0214 0.855315 835.353 70.4462 0.950267 776.742 4.83904 0.771146 766.944 27.4074 0.628319 774.83 50.7915 0.318366 806.127 70.4351 0.80188 811.989 103.76 0.803084 808.063 146.673 0.900394 778.663 68.4135 0.824785 778.704 115.328 0.911013 772.913 162.297 0.962237 0 0 0 0 0 0 0 0 0 0 0 0 0
4 111 483 0 0 0 804.138 4.83903 0.8847 823.742 4.82679 0.810221 827.624 43.0313 0.813662 837.309 70.3909 1.00645 778.741 4.83677 0.749121 770.809 33.2285 0.704324 776.738 52.7492 0.330182 808.036 70.469 0.766629 817.799 105.655 0.821267 808.051 146.698 0.893216 780.669 68.4197 0.827268 784.529 113.404 0.888379 774.795 154.569 0.911529 0 0 0 0 0 0 817.816 4.88833 0.053401 0 0 0 0
4 111 484 0 0 0 804.189 4.83873 0.871618 825.689 3.88953 0.783894 835.335 39.1722 0.861833 837.466 68.4107 0.957822 782.583 4.84181 0.750361 770.822 29.3454 0.747807 774.831 50.8676 0.638445 811.944 70.3862 0.74269 819.689 103.742 0.877821 808.036 146.689 0.93409 786.489 66.5029 0.804643 788.415 101.812 0.908056 774.909 144.783 0.84525 0 0 0 0 0 0 811.99 4.88787 0.0521589 0 0 0 0
4 111 485 0 0 0 806.084 4.85056 0.758145 829.58 4.83862 0.703056 835.505 37.1577 0.826058 839.396 60.6718 0.873205 784.575 4.84758 0.66297 772.766 29.3116 0.756631 774.804 48.8942 0.521011 813.928 66.5272 0.741347 819.731 101.843 0.902898 808.07 146.709 0.924693 786.538 60.618 0.79966 788.509 99.7257 0.934069 778.725 135.024 0.848061 0 0 0 0 0 0 0 0 0 0 0 0 0
4 111 486 0 0 0 808.044 4.85777 0.622522 833.46 4.84221 0.694958 839.33 37.2401 0.789366 839.394 56.8122 0.771412 788.45 4.8581 0.537129 772.809 21.4571 0.753792 772.799 44.9871 0.68551 815.868 64.5383 0.726452 819.779 101.755 0.888432 808.041 146.665 0.910685 788.372 54.8228 0.829694 788.535 95.8805 0.86473 784.549 133.108 0.83018 0 0 0 0 0 0 0 0 0 0 0 0 0
4 111 487 0 0 0 810.037 4.85494 0.608363 835.407 4.83359 0.7527 845.202 41.127 0.808843 837.459 54.7734 0.401921 788.531 4.8579 0.51793 772.829 19.5838 0.794283 772.765 48.8685 0.766616 815.897 64.5611 0.765556 819.773 101.707 0.890266 808.092 144.773 0.909656 788.414 56.7079 0.847673 792.38 97.8101 0.810045 788.415 131.14 0.790972 0 0 0 0 0 0 0 0 0 0 0 0 0
4 111 488 0 0 0 809.974 4.85408 0.604547 835.373 4.83687 0.684493 847.129 37.176 0.844935 849.155 4.87587 0.200277 788.532 4.85358 0.532792 772.775 21.428 0.777255 770.898 45.0119 0.690221 819.749 60.6581 0.798786 819.845 99.8288 0.887524 809.985 144.797 0.88384 790.354 54.822 0.860459 792.418 93.8884 0.771969 790.522 131.027 0.807478 0 0 0 0 0 0 0 0 0 0 0 0 0
4 111 489 0 0 0 811.959 4.85491 0.580152 833.515 4.83961 0.654538 849.122 35.1701 0.858011 851.117 4.85328 0.263118 790.457 4.85413 0.528484 774.742 19.4981 0.753398 772.734 43.0594 0.707242 819.796 58.6863 0.801892 821.66 99.7382 0.920721 809.99 144.778 0.898944 790.458 54.7183 0.872037 794.382 90.0371 0.770416 792.367 127.169 0.759217 0 0 0 0 0 0 0 0 0 0 0 0 0
4 111 490 0 0 0 815.843 4.85952 0.411906 835.39 4.85135 0.449509 851.104 25.4444 0.841461 0 0 0 790.481 4.86 0.385237 774.795 15.6128 0.695877 770.907 41.0516 0.744767 821.678 54.8631 0.814434 821.699 97.8212 0.895774 808.128 142.817 0.878581 792.361 52.7908 0.856846 796.302 90.0422 0.765071 800.172 123.269 0.621432 0 0 0 0 0 0 0 0 0 0 0 0 0
4 111 491 0 0 0 815.833 4.86479 0.27764 835.493 4.85496 0.300993 852.973 21.5422 0.850077 855.01 3.8845 0.270497 790.388 4.86102 0.29251 0 0 0 0 0 0 821.779 56.7605 0.792855 819.875 99.7763 0.836946 810.003 144.706 0.797775 792.444 52.8671 0.789223 802.191 99.8391 0.8311 806.149 135.045 0.597302 0 0 0 0 0 0 0 0 0 0 0 0 0
4 111 492 0 0 0 810.011 4.8674 0.211103 0 0 0 0 0 0 0 0 0 788.49 4.86315 0.270601 0 0 0 0 0 0 821.832 58.6704 0.817904 819.857 99.7843 0.80436 808.12 144.702 0.785519 794.368 54.7631 0.782905 806.018 99.8316 0.837347 808.099 138.935 0.610796 0 0 0 0 0 0 0 0 0 0 0 0 0
4 111 493 0 0 0 811.985 4.86769 0.190053 0 0 0 0 0 0 0 0 0 790.415 4.86652 0.217894 0 0 0 0 0 0 823.67 56.735 0.821641 821.691 97.8576 0.806014 810.044 142.811 0.796565 796.277 52.8755 0.766322 806.034 99.6969 0.764679 808.102 136.933 0.555117 0 0 0 0 0 0 0 0 0 0 0 0 0
4 111 494 0 0 0 810.033 4.86913 0.144716 0 0 0 0 0 0 0 0 0 788.512 4.86777 0.16052 0 0 0 0 0 0 825.652 56.7214 0.823317 821.765 99.7535 0.865479 811.924 144.722 0.864646 800.183 52.8694 0.782824 804.113 99.7399 0.789793 806.163 135.006 0.527528 0 0 0 0 0 0 0 0 0 0 0 0 0
4 111 497 0 0 0 811.961 4.88107 0.133253 833.469 4.85058 0.0999494 0 0 0 0 0 0 796.286 4.87339 0.143967 784.56 4.83365 0.486981 774.828 25.4935 0.39063 831.521 45.0063 0.787691 829.542 88.0593 0.800086 819.715 133.063 0.851683 804.225 41.1271 0.802861 806.128 84.1286 0.798563 810.031 121.307 0.631938 0 0 0 0 0 0 0 0 0 0 0 0 0
