1 111 57 1246.29 4.85336 0.241525 1246.34 50.8813 0.831948 1226.65 23.5699 0.803608 1187.6 54.8523 0.759651 1150.44 82.1284 0.808323 1267.85 70.5226 0.599153 0 0 0 0 0 0 1177.8 129.077 0.719758 1152.41 179.984 0.602405 1148.48 232.818 0.372349 1211.04 148.702 0.800134 1166.2 193.757 0.787273 1136.78 242.63 0.820234 0 0 0 1259.96 4.85971 0.173335 0 0 0 0 0 0 0
1 111 58 1228.74 4.87719 0.220379 1242.43 50.834 0.862449 1218.93 23.4676 0.806125 1181.83 54.8223 0.796289 1150.38 74.3244 0.835093 1261.97 78.2319 0.668222 1260.01 144.763 0.843028 1246.37 193.634 0.817236 1166.14 131.068 0.745472 1134.81 176.07 0.709892 1152.38 183.998 0.0650705 1199.33 156.494 0.765347 1162.15 201.549 0.686941 1134.84 244.633 0.750753 0 0 0 1234.6 4.87711 0.159259 0 0 0 1258.08 31.2713 0.263702 0
1 111 59 1220.87 25.429 0.322096 1232.63 52.7993 0.853732 1209.12 25.4573 0.821271 1171.95 60.624 0.728101 1134.88 80.2445 0.778794 1258.09 84.0717 0.76205 1257.91 146.675 0.853609 1236.54 193.697 0.789542 1162.19 132.976 0.737465 1123.07 177.944 0.74886 1177.7 207.388 0.15648 1195.5 158.509 0.795757 1164.06 195.695 0.689594 1134.83 242.709 0.747647 0 0 0 1228.64 23.4931 0.315098 0 0 0 1248.27 35.1645 0.439055 0
1 111 60 1213.03 35.2244 0.534968 1226.79 52.774 0.868877 1199.4 25.4207 0.828234 1166.18 60.6273 0.821597 1134.72 78.2604 0.841246 1252.19 82.1779 0.753691 1244.27 144.777 0.872992 1226.72 191.774 0.829535 1152.44 131.131 0.762811 1115.19 176.029 0.842956 1134.8 219.157 0.571785 1193.42 158.477 0.748804 1158.24 207.339 0.673288 1134.71 248.5 0.648172 1212.98 23.4141 0.344808 1224.73 35.1568 0.489091 0 0 0 1244.28 37.211 0.600178 0
1 111 61 1203.27 39.2025 0.51312 1218.93 54.8559 0.837837 1195.35 31.2958 0.828828 1158.28 60.6305 0.770797 1121.16 82.1572 0.786551 1244.35 86.1045 0.850356 1230.66 146.754 0.866075 1209.11 195.574 0.849418 1146.49 133.086 0.776152 1103.45 177.962 0.801396 1103.47 224.968 0.629895 1181.74 162.348 0.807594 1152.4 215.24 0.696477 1132.89 254.335 0.628737 1205.22 27.4343 0.277563 1212.97 37.214 0.548443 0 0 0 1234.59 39.0678 0.671795 0
1 111 62 1195.37 39.1349 0.561136 1211.07 56.7364 0.900851 1181.81 35.1517 0.884969 1150.43 64.526 0.845351 1117.22 84.0259 0.841167 1240.36 86.0915 0.831138 1224.8 146.697 0.857854 1197.35 193.727 0.862902 1134.83 132.993 0.800682 1097.62 178.032 0.799177 1083.9 226.905 0.827059 1171.96 160.39 0.739068 1150.51 211.342 0.834912 1132.74 254.356 0.746319 1195.38 29.3216 0.300923 1201.32 37.1865 0.54774 0 0 0 1226.75 39.1912 0.74963 0
1 111 63 1185.63 46.9557 0.472067 1201.28 62.5808 0.837039 1175.86 37.2137 0.887371 1138.7 66.4862 0.811255 1103.5 86.0342 0.842351 1228.67 88.0354 0.826602 1213.06 148.725 0.890357 1181.85 195.666 0.843022 1128.86 134.983 0.751531 1091.77 178.031 0.761394 1066.26 228.921 0.798778 1164.11 162.441 0.791442 1148.43 219.107 0.71446 1132.91 254.378 0.67681 1183.76 37.1035 0.228202 1195.42 41.1492 0.517615 0 0 0 1215.03 41.1508 0.687275 0
1 111 64 1179.67 48.9437 0.652935 1191.56 68.5317 0.886558 1164.08 43.009 0.864036 1128.89 70.4942 0.791423 1087.81 93.9161 0.731138 1217.01 97.8349 0.798749 1203.24 150.732 0.79949 1170.02 197.641 0.826704 1117.11 146.7 0.807013 1072.19 195.731 0.779357 1040.85 244.594 0.781499 1152.45 174.133 0.755699 1140.67 236.769 0.754659 1119.2 273.948 0.363699 1179.71 37.2221 0.484849 1185.69 45.0146 0.602164 0 0 0 1212.97 48.8613 0.766308 0
1 111 65 1166.05 54.7961 0.63489 1181.66 74.3633 0.878512 1152.37 52.7459 0.834939 1119.14 72.4174 0.831888 1085.84 93.9254 0.806542 1209.16 101.676 0.864354 1193.52 160.395 0.836035 1156.32 203.471 0.803817 1105.41 150.681 0.792236 1058.54 209.318 0.772526 1021.26 254.333 0.745606 1146.48 178.092 0.799095 1136.72 238.729 0.7624 1117.14 287.633 0.33806 1164.2 41.1572 0.395958 1175.9 52.837 0.617144 0 0 0 1197.48 52.7708 0.788299 0
1 111 66 1158.24 56.78 0.58606 1168.02 80.2338 0.865618 1138.71 54.8661 0.846198 1101.57 84.0458 0.76684 1070.22 101.694 0.812287 1197.39 101.738 0.872783 1181.69 160.393 0.875366 1148.53 203.487 0.861079 1097.6 158.441 0.777641 1054.48 211.398 0.811208 1007.59 258.257 0.845753 1134.79 180.04 0.843309 1132.87 238.633 0.795521 1117.09 287.645 0.414658 1156.34 48.8698 0.359189 1166.07 54.7404 0.636584 0 0 0 1187.63 52.8314 0.748005 0
1 111 67 1148.46 62.6405 0.530093 1160.18 82.145 0.842662 1130.82 58.6681 0.804918 1085.88 88.0999 0.734711 1054.59 115.398 0.712962 1187.57 101.7 0.836608 1168.1 162.458 0.865464 1134.75 209.261 0.942105 1085.84 158.461 0.788474 1044.8 213.23 0.799284 1005.68 260.243 0.836601 1121.1 180.056 0.784957 1128.86 242.587 0.747757 1113.26 299.336 0.39103 1148.49 52.8234 0.335495 1152.44 56.7333 0.534699 0 0 0 1177.86 54.7753 0.72962 0
1 111 68 1132.89 66.5148 0.555649 1148.46 84.0375 0.88606 1119.12 58.7149 0.82759 1085.78 88.008 0.811314 1054.51 105.695 0.817567 1177.78 103.682 0.826395 1162.13 164.366 0.848187 1124.99 211.268 0.816256 1072.16 160.458 0.798874 1038.96 211.381 0.8278 995.917 270.017 0.840962 1113.26 183.895 0.735709 1117.17 240.592 0.62148 1107.38 285.668 0.225622 1132.91 54.7821 0.315309 1138.69 58.754 0.529162 0 0 0 1164.08 62.5716 0.703661 0
1 111 69 1119.23 68.4884 0.563285 1134.75 86.0573 0.905572 1103.55 66.4536 0.838882 1072.19 93.8751 0.8002 1040.88 113.417 0.804771 1164.15 109.541 0.829605 1150.38 168.281 0.849515 1117.25 215.193 0.835151 1062.35 164.334 0.78961 1025.3 222.975 0.783635 991.981 273.879 0.909909 1103.4 189.756 0.779088 1111.3 240.621 0.613472 1105.43 277.83 0.257929 1119.23 54.864 0.352306 1130.9 66.5034 0.557805 0 0 0 1150.49 66.4414 0.750185 0
1 111 70 1113.26 68.4963 0.515041 1123.05 88.007 0.85564 1093.7 64.5965 0.815402 1060.46 97.756 0.767389 1036.94 115.399 0.799316 1152.38 113.514 0.836056 1138.73 172.174 0.78643 1113.29 215.265 0.769684 1054.5 168.238 0.775763 1023.19 215.26 0.787245 993.974 271.915 0.882613 1093.66 193.689 0.787641 1093.67 246.502 0.382942 1091.75 271.945 0.158379 1115.18 54.8594 0.324512 1119.14 66.4558 0.534298 0 0 0 1142.61 66.4963 0.683922 0
1 111 71 1101.55 68.5159 0.582603 1115.16 88.0464 0.866987 1085.77 66.5002 0.82844 1052.64 97.8021 0.790752 1025.17 117.463 0.864424 1144.55 115.38 0.830769 1132.84 174.112 0.835365 1103.51 224.887 0.855499 1042.81 166.342 0.764348 1011.59 211.321 0.832826 993.844 271.919 0.944928 1085.83 193.637 0.81728 1085.9 238.674 0.321338 1097.59 254.359 0.122472 1101.56 56.735 0.362913 1109.35 66.4993 0.55423 0 0 0 1132.79 66.5482 0.812111 0
1 111 72 1087.85 70.4317 0.562185 1103.47 88.0312 0.898107 1072.17 68.3761 0.887855 1040.9 99.8564 0.83615 1015.4 119.39 0.803264 1134.81 113.511 0.865776 1125.01 176.103 0.821804 1101.42 225.04 0.872039 1033.06 174.133 0.74557 1005.62 224.903 0.828329 992.012 271.966 0.951701 1074.15 195.678 0.801134 1072.21 254.364 0.520321 1087.86 266.072 0.221456 1087.83 60.6736 0.276275 1099.49 68.4832 0.553167 0 0 0 1119.08 68.4483 0.773717 0
1 111 73 1081.98 72.3716 0.579579 1095.66 91.9927 0.839145 1062.43 70.3953 0.865921 1036.93 101.788 0.812742 1009.59 121.296 0.837335 1126.94 115.476 0.829448 1119.15 178.068 0.906242 1099.54 226.923 0.864498 1025.21 174.151 0.743171 1001.73 213.323 0.797773 991.993 271.927 0.957081 1066.33 195.726 0.763268 1054.57 242.655 0.474305 1056.52 248.495 0.202936 1083.85 64.5704 0.349741 1087.84 68.5256 0.61792 0 0 0 1113.27 68.4602 0.711118 0
1 111 74 1070.27 72.3755 0.667147 1087.83 88.0984 0.887783 1056.57 68.4251 0.892828 1027.22 99.8069 0.859535 1001.75 125.25 0.817025 1119.1 115.461 0.895947 1117.11 178.013 0.881119 1099.5 227.013 0.822159 1021.29 168.305 0.732012 993.931 217.196 0.846161 991.956 271.936 0.935036 1056.59 195.614 0.800685 1036.94 238.663 0.467921 1036.97 244.593 0.398946 1070.2 64.587 0.406281 1080.02 70.4001 0.668027 0 0 0 1103.42 68.5497 0.842567 0
1 111 75 1060.4 70.4815 0.593782 1079.99 95.8333 0.828947 1050.61 70.3744 0.841089 1023.15 101.761 0.844619 993.853 129.068 0.847107 1109.32 117.395 0.830743 1111.33 180.03 0.849243 1093.72 230.904 0.816762 1011.55 174.107 0.727321 992.023 217.164 0.780487 990.005 271.979 0.835454 1052.57 195.614 0.782381 1025.16 234.769 0.538421 1023.26 271.967 0.532253 1058.55 66.4646 0.227877 1070.18 68.5325 0.660673 0 0 0 1087.89 70.3863 0.813212 0
1 111 76 1054.54 72.4067 0.610062 1072.12 93.938 0.86724 1040.88 68.4931 0.880721 1011.52 101.805 0.855907 980.243 131.08 0.861477 1101.58 119.321 0.848439 1103.59 181.932 0.857807 1091.71 236.707 0.837005 1009.49 174.118 0.763123 989.988 221.059 0.764798 991.891 271.914 0.769009 1044.82 195.599 0.781303 1011.53 232.805 0.552272 995.94 271.916 0.484337 1054.58 66.5365 0.332919 1060.43 70.4234 0.609248 0 0 0 1085.79 70.4594 0.763868 0
1 111 77 1040.93 72.4291 0.656695 1060.41 99.7334 0.869832 1031.07 72.3565 0.803827 1005.61 103.709 0.835267 976.269 129.161 0.856177 1089.76 121.311 0.797426 1101.4 181.927 0.872093 1089.75 238.628 0.858343 999.762 179.944 0.758367 982.169 228.886 0.685778 982.159 275.891 0.678858 1036.92 195.697 0.804386 1001.7 238.699 0.713699 982.208 285.591 0.638882 1040.92 68.3675 0.366165 1052.6 70.4735 0.696848 0 0 0 1072.25 70.5463 0.830109 0
1 111 78 1036.98 82.1771 0.708051 1054.5 99.7546 0.879528 1025.15 72.4187 0.831507 993.957 105.627 0.842236 962.629 131.151 0.882812 1083.84 123.26 0.768456 1091.73 183.9 0.841933 1087.84 240.608 0.950875 993.984 180.06 0.748442 989.982 242.661 0.585392 970.447 293.51 0.492522 1029.1 197.638 0.748719 991.918 244.55 0.690537 962.565 299.315 0.609353 1036.93 70.4337 0.514577 1042.86 76.3311 0.653831 0 0 0 1070.15 76.2754 0.745707 0
1 111 79 1025.17 84.1489 0.638276 1044.77 101.798 0.824029 1019.32 80.1676 0.733588 988.062 103.768 0.795996 952.8 132.967 0.847605 1070.27 131.03 0.834211 1085.8 191.721 0.861542 1085.85 242.571 0.915875 987.989 191.693 0.66913 991.922 256.333 0.408935 991.967 275.887 0.393087 1015.42 209.281 0.758508 976.21 256.211 0.85091 941.105 314.967 0.760923 1025.19 72.4203 0.305449 1034.98 82.2108 0.60767 0 0 0 1056.5 84.087 0.800812 0
1 111 80 1007.55 97.8109 0.581627 1027.17 113.463 0.844468 1001.75 86.0513 0.71483 964.628 115.388 0.776426 931.273 135.066 0.865018 1052.62 138.904 0.759446 1070.21 197.612 0.895698 1074.14 254.334 0.840935 970.466 191.723 0.591152 986.068 240.614 0.21992 991.979 269.939 0.695549 997.853 211.343 0.726562 987.963 225.042 0.221531 0 0 0 1007.56 84.185 0.319451 1013.45 91.9584 0.55738 0 0 0 1038.9 97.7699 0.758678 0
1 111 81 999.766 105.685 0.541345 1019.33 117.452 0.843486 991.87 93.934 0.779573 954.788 117.47 0.789014 919.554 140.891 0.787518 1042.8 146.782 0.818688 1058.52 207.35 0.850064 1070.17 258.21 0.854486 962.553 195.615 0.62309 978.193 230.907 0.338917 991.869 270.032 0.664194 991.934 215.242 0.666452 976.318 227.008 0.298266 0 0 0 997.805 97.7778 0.323515 1007.68 101.791 0.600331 0 0 0 1033.07 99.8334 0.729245 0
1 111 82 991.929 111.493 0.47927 1007.62 123.259 0.855103 978.24 99.7299 0.845221 944.971 123.284 0.82728 905.911 146.707 0.83984 1036.9 148.733 0.804738 1054.46 209.397 0.903183 1058.54 260.274 0.834456 950.855 201.515 0.608869 968.482 240.574 0.206844 988.017 269.974 0.59734 980.26 224.968 0.709712 929.245 273.95 0.765544 886.341 334.484 0.79993 991.918 99.7907 0.326057 997.809 103.761 0.465745 0 0 0 1023.2 105.63 0.638774 0
1 111 83 980.19 115.502 0.618387 999.788 131.06 0.855661 972.405 101.729 0.809237 931.397 129.142 0.833805 898.038 148.618 0.884645 1025.22 162.326 0.79996 1040.93 213.317 0.866973 1052.62 264.107 0.824774 937.194 205.45 0.602666 958.659 240.664 0.153833 978.324 268.077 0.491459 966.55 228.878 0.718005 960.533 238.644 0.168098 0 0 0 980.178 103.687 0.37581 991.898 115.371 0.614408 0 0 0 1013.48 115.36 0.684509 0
1 111 84 976.232 125.182 0.617728 992.035 131.148 0.857636 962.675 101.806 0.799196 927.385 131.087 0.811484 886.291 148.767 0.869644 1019.35 162.445 0.784378 1033.04 223.055 0.80852 1042.81 273.883 0.842326 923.446 209.266 0.634135 0 0 0 0 0 0 956.723 234.776 0.737803 913.663 285.67 0.79033 880.359 340.429 0.731478 976.214 113.501 0.421494 982.197 119.331 0.623146 0 0 0 1009.5 117.359 0.801469 0
1 111 85 962.605 127.181 0.500815 980.283 135.022 0.829525 950.891 111.474 0.792023 913.663 133.046 0.804633 878.473 152.623 0.813467 1009.49 164.335 0.850152 1023.34 223.081 0.871954 1029.16 273.894 0.844521 915.658 213.3 0.691828 929.301 271.939 0.232747 958.68 273.994 0.307405 948.935 236.755 0.724406 911.771 279.77 0.757602 882.278 336.566 0.798596 962.526 115.436 0.31183 974.278 123.267 0.490513 0 0 0 995.914 119.394 0.694449 0
1 111 86 958.713 131.04 0.567159 974.363 138.923 0.834961 943.073 113.431 0.817114 901.931 136.954 0.782439 864.786 160.364 0.798466 1005.58 164.414 0.797203 1011.58 225.077 0.84939 1015.47 277.794 0.818823 903.957 222.996 0.702964 900.037 289.558 0.552141 880.463 336.531 0.475462 943.038 242.568 0.785487 900.053 291.516 0.686995 872.648 344.322 0.669606 958.651 117.337 0.347828 966.509 127.162 0.539736 0 0 0 991.963 121.297 0.746538 0
1 111 87 947.018 131.127 0.559191 962.692 144.713 0.874162 931.337 115.453 0.880876 897.968 135.062 0.77537 858.926 158.451 0.783812 993.956 168.245 0.797297 1007.58 227.042 0.884004 1007.57 283.67 0.858552 898.114 223.008 0.770512 876.494 267.995 0.575709 896.042 275.883 0.11487 939.094 242.627 0.802473 900.08 287.647 0.724033 878.435 338.557 0.759777 946.951 117.474 0.377814 960.571 130.978 0.546604 946.985 99.8591 0.056912 984.111 125.194 0.661087 0
1 111 88 942.975 131.134 0.5907 960.57 142.836 0.852156 929.297 115.368 0.823844 888.25 136.924 0.788881 851.055 160.397 0.845743 991.862 168.295 0.774105 997.82 228.924 0.843459 993.821 281.759 0.881926 892.19 219.143 0.722374 856.955 266.115 0.729647 911.715 297.394 0.146034 931.25 242.659 0.820264 898.046 293.495 0.707263 880.417 340.485 0.74442 939.157 117.447 0.369658 948.905 129.115 0.587093 0 0 0 976.268 125.251 0.706002 0
1 111 89 931.288 131.091 0.650455 948.949 144.754 0.86651 917.582 115.481 0.857786 880.444 138.928 0.767247 839.347 162.306 0.866218 980.271 170.238 0.766353 991.924 232.842 0.833253 980.24 283.687 0.818647 884.332 224.904 0.797874 851.023 271.871 0.827906 886.386 311.06 0.266233 927.35 244.598 0.790163 896.028 297.395 0.650715 880.396 342.421 0.725736 931.244 117.445 0.401388 943.008 129.136 0.621106 0 0 0 962.64 129.092 0.676326 0
1 111 90 925.452 132.982 0.66085 944.959 144.736 0.867937 911.736 115.464 0.811978 868.794 142.798 0.802665 831.503 162.351 0.868226 976.322 172.166 0.773419 984.128 236.719 0.807615 972.405 287.595 0.82286 878.488 225.062 0.772009 837.468 271.871 0.864441 880.419 316.87 0.492643 917.614 252.382 0.766653 884.359 303.189 0.701228 880.357 348.213 0.660429 923.478 117.51 0.428045 931.373 129.174 0.667118 0 0 0 958.653 129.123 0.699521 0
1 111 91 913.754 133.01 0.648914 933.228 146.741 0.886879 898.099 119.35 0.840588 858.942 146.64 0.767288 819.717 162.45 0.885234 968.493 174.142 0.766718 978.218 240.558 0.892833 960.695 287.668 0.887858 866.819 228.916 0.792626 833.498 273.88 0.851161 839.387 320.806 0.80995 913.603 256.325 0.776069 884.364 316.915 0.73367 870.704 350.185 0.581725 913.684 119.355 0.410224 927.319 131.042 0.630633 0 0 0 946.915 131.131 0.794979 0
1 111 92 901.977 135.007 0.54019 929.283 146.772 0.896045 894.108 119.382 0.791782 853.072 144.812 0.838736 808.011 164.358 0.865448 962.57 176.021 0.813993 972.35 240.592 0.855347 950.859 287.673 0.86084 860.891 230.853 0.765654 821.777 283.689 0.773048 819.729 330.646 0.790224 905.883 258.192 0.757784 884.371 311.079 0.742492 870.667 350.207 0.747237 900.081 125.175 0.265518 913.669 133.008 0.608919 0 0 0 939.127 132.967 0.768865 0
1 111 93 898.036 140.864 0.639687 917.665 148.623 0.855733 882.407 125.233 0.816932 841.29 148.671 0.800267 800.168 166.3 0.856221 958.636 174.158 0.775413 962.562 240.573 0.894018 945.009 287.618 0.879819 853.017 240.6 0.828623 819.718 291.548 0.75207 796.283 336.516 0.77455 899.974 262.185 0.783403 882.436 320.895 0.759995 868.74 354.097 0.695336 896.106 129.15 0.418092 909.748 134.986 0.653255 0 0 0 931.401 132.976 0.85571 0
1 111 94 888.258 144.784 0.592567 911.767 148.732 0.87197 870.681 129.069 0.85483 835.424 148.729 0.84467 788.464 168.283 0.860942 947.029 176.111 0.824476 956.688 240.725 0.8688 931.376 289.674 0.867782 849.122 240.703 0.815606 809.991 301.247 0.767974 778.678 344.349 0.724877 898.008 264.113 0.757055 882.357 320.906 0.738741 868.624 354.129 0.612305 884.392 131.158 0.381104 898.086 138.933 0.607416 0 0 0 925.467 133.12 0.800113 0
1 111 95 882.393 146.73 0.711692 900.092 152.643 0.847519 864.74 131.142 0.858089 821.683 154.603 0.77891 776.713 176.006 0.813087 942.997 178.065 0.836526 946.974 242.569 0.932877 923.466 295.465 0.789877 837.486 246.505 0.7958 804.191 303.262 0.831843 770.841 350.235 0.777203 886.316 271.936 0.77407 876.489 338.493 0.701929 858.918 379.561 0.269872 880.371 133.045 0.46743 894.092 142.802 0.654517 0 0 0 915.625 133.131 0.824439 0
1 111 96 870.623 148.622 0.737578 892.188 158.478 0.839982 852.969 133.122 0.879059 811.924 160.384 0.76907 766.989 178.056 0.869576 931.25 178.111 0.855295 941.076 242.661 0.878851 915.679 299.335 0.832059 833.456 252.357 0.783513 792.381 311.073 0.787033 755.223 361.991 0.760117 882.403 273.852 0.802481 874.596 340.443 0.647553 870.645 352.179 0.27332 866.807 134.989 0.534237 882.367 144.767 0.709609 0 0 0 907.809 134.992 0.798696 0
1 111 97 864.713 154.575 0.703926 882.419 162.363 0.891852 839.378 138.939 0.810006 804.133 162.345 0.862705 757.162 180.052 0.932413 921.544 181.94 0.786126 931.259 244.55 0.890423 911.719 301.24 0.823636 821.837 256.285 0.820242 790.438 311.074 0.814241 755.15 367.767 0.809618 876.523 273.986 0.748225 876.5 348.249 0.703653 854.997 391.288 0.155054 855.049 144.724 0.536983 870.709 148.673 0.774825 0 0 0 898.092 138.936 0.835331 0
1 111 98 851.089 158.45 0.722207 870.646 162.446 0.87727 829.592 144.757 0.80206 790.532 164.395 0.831203 745.417 185.897 0.822845 913.699 182.019 0.810863 925.412 244.619 0.837086 901.98 301.34 0.853509 817.821 258.319 0.814695 784.582 318.905 0.796023 747.369 371.76 0.758219 868.712 277.827 0.789117 880.459 344.326 0.686933 853.067 381.512 0.204499 847.145 146.661 0.540955 862.817 148.779 0.751026 0 0 0 886.324 142.837 0.801578 0
1 111 99 837.407 158.493 0.728218 860.911 164.424 0.848504 819.814 148.644 0.883838 784.558 170.23 0.776716 737.607 193.661 0.860543 900.097 185.876 0.797015 915.726 246.531 0.857822 899.974 303.182 0.900571 806.19 266.114 0.787273 776.797 320.898 0.803594 743.517 379.53 0.810833 864.804 281.734 0.778004 880.409 348.237 0.69378 870.645 350.205 0.17702 835.339 146.733 0.558652 849.117 150.72 0.764951 0 0 0 870.684 146.766 0.875675 0
1 111 100 829.562 162.391 0.646865 851.037 170.177 0.870485 806.104 152.58 0.856134 770.87 178.043 0.825248 725.765 197.588 0.885096 894.155 187.842 0.778326 909.793 246.567 0.816454 896.097 303.279 0.866917 802.188 269.995 0.791533 776.751 313.048 0.722636 743.536 379.503 0.812248 855.004 285.678 0.790676 870.71 350.151 0.652404 0 0 0 821.834 148.721 0.492974 837.43 156.497 0.658569 0 0 0 864.794 146.788 0.861174 0
1 111 101 819.721 164.335 0.730497 837.417 174.114 0.867949 794.372 158.445 0.804091 759.211 180.036 0.871459 712.205 207.326 0.846771 882.417 189.81 0.815925 900.058 246.536 0.855545 892.154 303.281 0.873466 790.524 272.01 0.831252 770.845 320.801 0.774022 745.411 375.655 0.798419 849.146 287.648 0.833045 868.726 348.207 0.664519 870.664 395.19 0.0507813 810.007 150.697 0.539463 829.563 160.382 0.698906 0 0 0 853.016 148.697 0.884014 0
1 111 102 804.125 164.384 0.708168 829.532 176.072 0.837346 786.52 162.281 0.83623 755.138 183.94 0.813696 702.421 211.304 0.886329 872.581 191.668 0.786047 896.095 248.445 0.851332 886.319 303.344 0.892129 786.52 273.855 0.803887 761.136 318.887 0.811383 743.496 373.673 0.825561 839.335 289.539 0.819303 858.897 352.108 0.682179 0 0 0 800.185 154.539 0.4711 813.933 162.296 0.659227 0 0 0 837.463 150.653 0.807688 0
1 111 103 790.534 166.331 0.674134 819.781 176.12 0.90076 774.796 162.411 0.877833 741.485 191.741 0.873063 692.546 219.138 0.816545 866.666 191.68 0.807725 890.184 244.643 0.827214 884.37 303.21 0.890816 778.735 272.015 0.789581 759.096 318.912 0.8128 743.562 371.733 0.823368 837.326 287.557 0.812031 837.401 334.573 0.679557 856.936 350.127 0.577391 788.463 160.381 0.528637 804.085 162.455 0.68752 0 0 0 829.594 152.593 0.812456 0
1 111 104 786.506 170.236 0.58925 808.111 178.022 0.870625 763.055 164.403 0.848059 727.82 195.715 0.874184 678.903 226.928 0.903009 855.038 189.793 0.781849 884.356 244.567 0.862987 884.287 301.333 0.870168 774.875 275.846 0.787069 759.074 318.821 0.738026 743.49 371.763 0.83137 835.398 287.638 0.815108 837.361 340.409 0.638821 853.089 352.158 0.529281 776.795 162.332 0.440691 792.45 164.304 0.627936 0 0 0 819.809 154.566 0.823687 0
1 111 105 776.726 177.952 0.675945 802.179 178.074 0.917101 757.094 170.187 0.839501 719.991 197.663 0.81384 673.011 232.817 0.78486 851.056 187.815 0.798289 882.331 242.55 0.883138 884.268 299.38 0.83677 774.759 273.989 0.809354 757.152 320.832 0.772715 743.451 371.79 0.821596 833.405 287.537 0.795044 831.524 338.455 0.644593 849.134 352.129 0.633691 772.73 164.434 0.552747 788.402 168.257 0.643277 0 0 0 811.965 160.37 0.679198 0
1 111 106 772.766 180.038 0.658665 792.433 179.976 0.881755 745.41 176.106 0.838153 712.103 205.441 0.837744 663.293 240.707 0.877537 845.243 185.883 0.782751 874.596 240.634 0.866133 882.387 291.529 0.860842 770.889 277.813 0.77476 757.097 324.805 0.715066 743.424 373.684 0.826088 825.627 287.604 0.766631 831.547 342.359 0.631507 841.293 356.078 0.598619 761.132 170.21 0.507773 780.659 174.13 0.622062 0 0 0 804.127 162.336 0.815693 0
1 111 107 757.218 180.003 0.682366 788.42 180.071 0.897495 741.448 178.065 0.87921 706.295 209.335 0.847418 661.243 250.436 0.794583 837.375 187.803 0.797163 870.626 238.64 0.862089 882.337 289.579 0.909102 770.866 275.853 0.804662 755.241 324.784 0.722063 743.425 371.795 0.835362 821.789 283.694 0.767421 829.562 336.474 0.669764 837.482 365.841 0.733674 751.33 172.208 0.419563 768.863 176.038 0.610502 0 0 0 790.455 164.322 0.740368 0
1 111 108 749.329 181.97 0.663513 778.685 181.992 0.833947 729.83 180.051 0.857603 700.418 211.286 0.869486 659.354 256.226 0.841748 833.43 185.9 0.780104 868.699 232.816 0.838342 882.3 287.585 0.904247 768.931 277.829 0.763752 757.119 320.902 0.732136 743.407 373.712 0.843192 821.759 283.663 0.765039 825.646 332.612 0.670053 837.421 367.842 0.761856 743.432 176.097 0.520081 759.124 177.996 0.687997 0 0 0 788.432 162.476 0.81845 0
1 111 109 743.5 189.749 0.652583 774.759 183.904 0.84172 727.795 181.98 0.847152 696.522 213.294 0.892166 653.492 258.332 0.875716 825.674 185.837 0.782105 866.819 227.045 0.884753 880.431 285.662 0.865269 765.003 275.884 0.756089 755.255 320.87 0.734078 743.409 373.702 0.850339 819.864 277.824 0.783975 823.693 330.676 0.704584 835.519 369.758 0.802904 737.639 179.956 0.480298 755.141 179.989 0.658696 0 0 0 776.742 166.315 0.72501 0
1 111 110 739.509 193.631 0.622039 768.909 187.789 0.787955 723.851 187.848 0.781136 694.483 221.099 0.843911 651.518 264.142 0.849171 819.834 183.953 0.7958 866.712 226.877 0.907109 880.447 281.77 0.837524 763.047 277.855 0.724391 755.194 320.871 0.701875 743.407 373.696 0.840474 819.781 277.86 0.777731 821.81 334.542 0.753524 835.424 377.615 0.765514 727.921 181.956 0.473686 743.548 181.985 0.624089 0 0 0 772.727 170.23 0.724963 0
1 111 111 729.836 195.593 0.655591 761.124 191.659 0.81383 716.059 193.601 0.808592 686.776 225.03 0.824001 647.68 271.867 0.876923 815.883 185.885 0.765664 864.811 225.041 0.880471 880.382 279.756 0.831247 761.132 279.807 0.742316 751.325 326.738 0.642842 743.4 375.62 0.826123 819.728 277.847 0.790571 823.678 336.512 0.788489 835.328 381.444 0.76822 725.914 185.908 0.470347 741.444 187.803 0.61492 0 0 0 763.023 176.069 0.685737 0
1 111 112 727.789 195.719 0.636293 759.142 193.676 0.874392 714.095 193.764 0.847199 680.984 227.02 0.852581 647.54 273.834 0.864791 809.984 189.81 0.778548 858.904 225.054 0.847987 878.424 279.761 0.815498 763.031 279.812 0.7078 755.21 318.861 0.650674 743.413 373.711 0.83298 819.696 279.768 0.779692 821.836 336.509 0.774944 831.542 383.444 0.775832 721.982 191.671 0.382454 733.683 191.68 0.619945 0 0 0 757.215 177.948 0.750517 0
1 111 113 714.172 197.588 0.600884 757.092 195.589 0.876587 710.197 195.734 0.824607 678.996 228.962 0.890815 643.663 275.894 0.829864 806.072 193.679 0.824309 855.025 226.872 0.886903 872.657 279.821 0.815175 759.224 279.814 0.779934 745.504 334.522 0.717418 741.579 377.586 0.792454 815.831 279.758 0.755646 819.809 336.565 0.784879 829.59 383.535 0.782922 712.077 193.592 0.251969 721.982 193.659 0.662525 0 0 0 747.382 179.968 0.762773 0
1 111 114 712.192 197.673 0.614646 751.327 195.68 0.831818 708.209 197.674 0.770406 678.835 234.82 0.829724 637.798 287.54 0.841661 804.078 193.723 0.829362 851.168 225.07 0.898986 870.668 279.814 0.84223 759.1 283.686 0.813889 745.417 336.488 0.710327 741.567 377.636 0.775957 811.938 281.736 0.750231 817.858 340.429 0.744919 827.595 383.499 0.798307 710.157 193.654 0.3155 718.054 193.724 0.676475 0 0 0 743.503 181.924 0.731523 0
1 111 115 712.17 205.428 0.593591 747.436 195.697 0.833019 706.272 201.522 0.754345 676.977 238.708 0.841277 637.844 287.663 0.851261 800.194 193.746 0.819849 851.03 226.908 0.91349 868.667 283.645 0.885199 759.071 285.612 0.824222 745.445 338.5 0.695642 741.501 381.435 0.750946 808.058 283.657 0.768523 817.808 338.533 0.739773 825.662 383.536 0.792168 710.148 195.667 0.299357 714.203 195.666 0.657275 0 0 0 741.579 181.934 0.731722 0
1 111 116 712.185 209.33 0.647526 747.379 197.68 0.794865 706.263 207.358 0.77059 676.917 240.641 0.838486 643.642 289.541 0.851403 796.331 195.598 0.810259 849.051 226.956 0.871853 866.749 285.577 0.903286 757.246 287.533 0.839097 743.589 340.484 0.665005 741.527 379.6 0.734054 808.023 285.59 0.779955 817.838 340.409 0.734833 825.692 383.553 0.777423 710.101 199.609 0.291425 716.114 197.683 0.630775 0 0 0 741.564 181.941 0.757401 0
1 111 117 706.311 211.232 0.585605 743.563 203.47 0.799181 700.468 209.312 0.774327 676.873 242.594 0.828123 643.68 291.531 0.829742 792.44 195.667 0.805277 843.248 227.012 0.847973 864.774 285.654 0.869017 757.201 285.684 0.832467 745.406 338.532 0.682492 741.542 379.523 0.742985 806.166 281.762 0.775816 815.886 336.571 0.753708 827.598 383.534 0.798793 700.432 205.428 0.137242 710.168 205.409 0.62094 0 0 0 729.858 193.601 0.747319 0
1 111 118 704.342 211.418 0.456392 741.527 205.432 0.829114 696.585 211.253 0.801883 671.077 246.52 0.772083 639.82 299.376 0.795918 790.384 195.679 0.801604 841.307 228.875 0.851485 862.799 287.567 0.863567 757.15 285.672 0.825402 745.401 338.459 0.70938 741.58 379.534 0.758498 806.131 277.828 0.766003 815.867 336.459 0.758901 827.599 383.517 0.822623 698.546 207.418 0.106033 708.233 209.275 0.567409 0 0 0 727.907 195.57 0.753314 0
1 111 119 706.293 215.197 0.479833 741.452 207.322 0.823105 696.447 211.324 0.787972 665.317 254.282 0.795869 639.762 299.376 0.800699 790.376 195.74 0.797636 839.352 230.868 0.846645 858.938 287.635 0.863183 757.14 287.608 0.84224 743.533 348.248 0.673166 741.569 381.431 0.694399 806.157 279.786 0.756536 817.751 336.567 0.755488 827.615 383.492 0.818148 700.399 209.391 0.17512 708.288 209.381 0.621337 0 0 0 727.907 195.688 0.682132 0
1 111 120 696.564 219.121 0.460868 739.494 209.304 0.821317 694.548 215.201 0.728475 665.214 256.214 0.841833 635.925 303.165 0.824625 788.44 201.491 0.763299 837.418 230.905 0.856481 856.928 287.646 0.87499 757.093 287.589 0.835322 743.519 350.194 0.678816 741.558 381.481 0.679429 806.086 277.837 0.757106 815.883 336.456 0.761328 827.608 383.525 0.823068 0 0 0 698.512 211.273 0.60184 0 0 0 725.8 197.69 0.70558 0
1 111 121 698.514 224.918 0.498377 739.563 209.253 0.83297 694.596 213.282 0.684317 665.302 254.345 0.836655 634.005 303.194 0.863585 786.55 201.535 0.76887 835.458 230.869 0.861135 853.108 289.495 0.913302 757.123 287.626 0.830146 743.488 358.046 0.647999 741.526 381.527 0.536537 806.129 281.735 0.738243 817.822 336.521 0.776776 827.589 385.404 0.817024 696.613 221.051 0.0953121 700.413 213.285 0.604729 0 0 0 723.911 199.619 0.707268 0
1 111 122 704.32 226.88 0.482147 737.606 207.421 0.828633 694.565 215.211 0.69068 665.249 254.364 0.841737 633.985 301.27 0.849426 784.567 201.513 0.752111 835.386 230.911 0.854889 853.03 289.559 0.922238 757.12 287.589 0.844799 743.516 352.163 0.656469 741.525 381.503 0.657558 806.067 277.861 0.758096 817.763 334.607 0.785543 827.586 383.565 0.820552 698.516 224.872 0.113622 702.385 219.107 0.543475 0 0 0 720.001 205.396 0.612187 0
1 111 123 698.489 227.046 0.406218 733.694 209.27 0.800872 692.635 215.242 0.68202 665.188 256.244 0.847426 631.979 301.3 0.826038 782.6 201.558 0.713088 835.34 232.836 0.843984 851.144 289.562 0.92473 757.083 287.583 0.829153 743.492 356.115 0.654451 741.504 381.513 0.584666 806.054 277.814 0.756472 817.766 334.62 0.77625 827.592 383.57 0.818311 696.588 224.958 0.0887567 698.515 223.017 0.516707 0 0 0 716.099 209.374 0.73107 0
1 111 124 696.548 228.91 0.446147 733.688 209.316 0.804163 694.473 215.232 0.66354 665.168 254.338 0.840569 631.956 299.371 0.820244 780.674 205.41 0.701997 833.451 234.764 0.82567 851.056 289.559 0.920989 757.095 287.598 0.82501 743.507 352.219 0.657005 741.507 381.502 0.632675 806.041 277.804 0.755399 815.896 334.588 0.784206 827.605 383.566 0.8234 694.622 225.043 0.111398 698.448 224.878 0.581098 0 0 0 716.113 209.379 0.721861 0
1 111 125 694.553 228.89 0.460952 733.698 211.256 0.79623 692.64 217.172 0.659041 665.21 252.407 0.822911 631.938 293.476 0.789389 780.651 209.232 0.727015 833.473 234.777 0.824001 849.171 289.513 0.908947 755.217 287.666 0.803077 743.529 350.211 0.625876 741.506 381.468 0.698072 804.166 277.855 0.75055 817.765 334.524 0.786573 827.602 383.576 0.829649 0 0 0 696.513 224.887 0.610013 0 0 0 716.074 211.24 0.798465 0
1 111 126 694.496 230.842 0.433504 731.755 211.355 0.788197 692.545 219.142 0.657002 663.305 250.455 0.811409 629.959 289.635 0.783028 780.625 209.327 0.752654 833.476 232.866 0.821284 849.131 289.525 0.915104 755.206 289.501 0.804205 743.517 352.138 0.630326 741.515 381.485 0.682799 804.181 279.795 0.750234 817.746 334.562 0.786378 827.591 383.567 0.830468 686.722 226.844 0.100926 696.462 224.965 0.609275 0 0 0 716.068 211.29 0.81997 0
1 111 127 692.602 232.87 0.455582 731.729 213.29 0.766653 690.679 221.06 0.6417 663.238 248.511 0.782985 628.051 289.603 0.765768 778.713 209.381 0.761221 833.483 234.773 0.82209 849.123 289.523 0.915279 755.202 287.614 0.788126 745.398 338.499 0.649993 741.534 379.592 0.766972 804.17 277.798 0.753018 813.94 332.61 0.782415 827.586 383.525 0.841683 0 0 0 694.609 225.08 0.639301 0 0 0 716.055 211.37 0.83878 0
1 111 128 692.565 234.803 0.518197 729.807 211.338 0.8045 690.65 217.155 0.61981 663.33 244.571 0.817783 628.006 287.645 0.767546 778.707 209.327 0.748636 833.467 232.843 0.820628 849.098 289.502 0.908821 755.21 287.558 0.785403 745.419 338.519 0.65413 741.532 381.436 0.763405 804.159 275.858 0.756503 813.94 332.613 0.774305 827.584 383.527 0.843132 680.948 227.007 0.179764 694.61 226.859 0.711308 0 0 0 716.107 211.401 0.804498 0
1 111 129 692.626 236.766 0.492535 729.823 211.325 0.805741 692.54 215.229 0.613801 663.325 244.548 0.828401 629.957 285.632 0.765576 780.632 209.344 0.752249 833.501 234.772 0.819492 849.08 289.507 0.906092 755.231 287.562 0.782967 745.411 336.504 0.695545 741.557 379.512 0.787328 806.015 275.853 0.746192 811.949 328.708 0.757271 827.583 383.51 0.847618 682.852 227.047 0.16471 694.64 226.924 0.660668 0 0 0 716.06 213.252 0.784032 0
1 111 130 694.489 236.737 0.46817 731.756 211.396 0.792149 692.586 215.247 0.614624 665.165 242.639 0.838535 629.97 283.662 0.78231 782.616 209.42 0.772281 833.465 234.799 0.816268 849.055 289.493 0.913394 755.246 289.514 0.804188 743.585 338.545 0.649913 741.533 379.54 0.742005 806.021 279.762 0.739308 815.816 332.587 0.765874 827.604 383.54 0.840522 682.854 227.027 0.144606 696.47 226.907 0.637367 0 0 0 716.081 213.25 0.768639 0
1 111 131 692.587 236.726 0.482305 729.801 211.366 0.803428 690.653 215.229 0.61076 663.308 242.68 0.833262 624.124 285.656 0.800414 780.621 209.426 0.762118 833.467 234.8 0.825643 847.142 289.5 0.902223 755.177 287.667 0.793293 745.398 338.536 0.665953 741.523 379.56 0.743226 804.165 279.77 0.739427 815.861 334.484 0.759376 827.585 383.537 0.834669 682.801 226.954 0.173037 694.63 226.9 0.66301 0 0 0 716.09 213.273 0.758466 0
1 111 132 694.528 234.804 0.475458 733.674 211.251 0.790765 694.54 211.325 0.590741 665.289 242.54 0.845359 628.061 277.809 0.812539 778.697 209.419 0.765324 833.457 236.741 0.826242 847.125 289.512 0.895425 753.243 287.589 0.772285 745.418 338.476 0.676768 741.538 379.535 0.751475 804.039 277.85 0.728441 811.951 332.54 0.751081 825.704 383.537 0.844802 682.819 226.949 0.142327 696.529 226.863 0.663544 0 0 0 716.095 213.259 0.765346 0
1 111 133 694.585 232.835 0.471757 733.697 211.298 0.793113 694.565 215.188 0.611067 667.202 242.638 0.810735 631.851 274.021 0.851552 778.713 209.415 0.770069 831.539 236.753 0.825077 845.177 289.529 0.899681 751.337 289.497 0.786023 743.547 350.191 0.650828 741.495 381.475 0.672277 804.071 279.801 0.739802 811.98 332.577 0.742872 827.579 385.399 0.83437 686.692 226.891 0.15634 696.594 225.06 0.645029 0 0 0 718.05 211.39 0.740987 0
1 111 134 696.483 232.795 0.446112 735.651 211.368 0.799293 696.454 215.2 0.606825 671.091 242.548 0.792846 632.028 273.886 0.904642 778.713 211.262 0.770802 831.534 238.636 0.825045 843.285 289.593 0.887537 751.278 287.568 0.772166 743.521 338.51 0.68441 741.547 379.551 0.739596 802.188 277.813 0.735233 808.113 332.542 0.790324 825.707 383.57 0.834617 692.632 225.108 0.0990434 698.454 225.062 0.604371 0 0 0 716.097 213.249 0.759279 0
1 111 135 694.602 229.002 0.463157 739.529 213.282 0.810252 696.543 217.187 0.612162 673.042 242.626 0.776054 633.897 273.851 0.889117 780.673 211.303 0.771117 831.488 238.732 0.83439 841.331 291.516 0.87001 751.291 287.619 0.786969 743.499 338.463 0.722343 741.562 379.572 0.763279 802.175 279.789 0.716264 808.084 328.677 0.779456 825.678 383.545 0.843938 0 0 0 696.59 225.001 0.610732 0 0 0 716.059 213.23 0.792405 0
1 111 136 696.484 228.899 0.455947 737.562 211.351 0.799475 696.526 213.281 0.618535 676.915 240.702 0.807603 635.946 271.915 0.834886 776.767 211.281 0.766582 831.489 240.607 0.84358 841.316 291.58 0.859135 751.314 287.633 0.775326 743.499 338.475 0.701266 741.566 379.542 0.744503 802.177 279.773 0.713594 808.012 326.748 0.786161 825.634 383.519 0.849064 0 0 0 698.469 224.907 0.563667 0 0 0 714.21 211.295 0.820903 0
1 111 137 704.366 225.049 0.544547 737.577 209.386 0.809865 696.529 211.297 0.595947 676.987 240.653 0.821271 635.931 271.951 0.800299 780.622 211.22 0.779772 829.586 240.687 0.85031 839.437 297.358 0.867438 751.266 287.654 0.788672 743.518 338.548 0.701087 741.566 379.581 0.753953 798.274 283.656 0.702978 808.033 330.668 0.793706 825.654 383.55 0.842954 696.604 222.979 0.203181 706.308 217.193 0.589305 0 0 0 718.073 207.361 0.643695 0
1 111 138 702.367 224.986 0.531065 739.494 209.317 0.816057 696.598 209.35 0.572991 678.9 238.645 0.816951 641.766 269.921 0.792955 778.694 209.433 0.773193 827.64 240.685 0.844317 839.396 297.414 0.87964 751.294 287.681 0.79929 743.515 340.41 0.706053 741.573 379.592 0.751921 798.291 285.643 0.729358 809.976 334.482 0.787106 825.672 385.407 0.834185 696.562 221.07 0.163842 704.348 215.223 0.585397 0 0 0 718.046 205.44 0.683543 0
1 111 139 696.517 224.945 0.500674 741.436 209.328 0.852201 698.538 209.336 0.545826 680.885 234.807 0.73343 647.533 260.28 0.864823 780.653 211.244 0.78922 827.645 242.58 0.848489 839.342 301.225 0.89357 751.303 289.574 0.796398 743.508 344.374 0.678596 741.566 381.464 0.704656 800.236 287.613 0.757057 810.02 334.603 0.765579 825.669 385.446 0.82114 0 0 0 698.446 215.187 0.576959 0 0 0 714.104 207.337 0.776521 0
1 111 140 694.562 223.011 0.467134 739.589 209.272 0.837356 698.479 209.335 0.554847 680.939 232.819 0.677507 647.635 258.28 0.927714 778.719 209.399 0.784858 827.602 242.633 0.845538 837.501 301.243 0.895739 749.36 289.579 0.785939 743.5 346.285 0.680873 741.553 381.489 0.702525 798.241 287.573 0.738436 810.007 334.518 0.781428 825.676 385.457 0.826832 0 0 0 696.493 213.252 0.56531 0 0 0 712.242 205.449 0.801464 0
1 111 141 696.532 219.123 0.476317 739.588 209.314 0.851513 698.469 211.272 0.624924 680.811 234.787 0.661403 647.686 256.295 0.879267 780.63 211.23 0.775708 825.7 242.673 0.84077 837.437 301.305 0.917862 749.329 291.509 0.769882 743.481 350.175 0.684548 741.558 381.506 0.667725 798.274 287.642 0.749738 810.021 334.587 0.779824 825.658 385.483 0.822256 0 0 0 698.454 211.334 0.596503 0 0 0 714.118 203.445 0.710936 0
1 111 142 694.595 215.197 0.487985 741.432 209.251 0.852651 700.464 209.363 0.58701 684.784 228.973 0.717217 649.666 254.285 0.847271 778.68 209.41 0.79702 823.763 242.6 0.874133 837.394 301.324 0.916081 747.443 291.58 0.760537 743.472 350.2 0.699794 741.574 381.536 0.65138 796.305 287.665 0.748327 809.985 334.595 0.776342 825.673 385.501 0.807765 0 0 0 696.514 211.227 0.608908 0 0 0 712.249 201.551 0.738917 0
1 111 143 694.543 213.281 0.460364 741.48 209.262 0.862045 704.323 211.257 0.643442 680.947 232.816 0.705903 653.459 244.601 0.836278 778.696 209.376 0.797514 823.661 242.645 0.873439 837.337 303.19 0.927643 749.329 295.417 0.750774 743.467 350.203 0.717423 741.583 381.544 0.669972 796.332 289.546 0.752204 808.105 336.455 0.757356 825.674 385.505 0.80743 0 0 0 694.614 209.392 0.579322 0 0 0 712.145 201.535 0.74554 0
1 111 144 694.515 213.28 0.387599 741.551 205.451 0.84639 708.258 209.273 0.600541 690.648 225.024 0.711935 655.465 240.664 0.905516 778.666 209.331 0.804464 821.754 242.662 0.875783 835.484 303.181 0.91656 749.368 293.526 0.755191 743.462 352.127 0.709058 741.563 381.571 0.643755 796.313 289.595 0.75221 810.017 338.46 0.734213 825.691 387.373 0.792805 0 0 0 694.567 209.399 0.513708 0 0 0 710.246 201.494 0.710474 0
1 111 145 696.486 211.354 0.352759 743.466 203.449 0.829424 712.121 205.384 0.587228 694.542 221.061 0.748569 659.32 238.7 0.874874 780.619 209.374 0.809793 821.714 244.568 0.869421 835.453 303.281 0.921333 751.271 297.359 0.759264 743.451 352.236 0.724164 741.524 383.443 0.587622 796.321 291.555 0.728087 811.945 346.272 0.704958 825.695 387.435 0.768107 0 0 0 696.498 209.258 0.435224 0 0 0 710.233 197.616 0.630168 0
1 111 146 696.596 211.353 0.294002 743.478 201.528 0.829775 712.182 201.514 0.592745 696.487 215.233 0.741254 661.321 232.818 0.858311 778.696 209.369 0.811895 821.703 244.613 0.853151 835.376 303.285 0.915096 749.384 297.393 0.751238 743.465 354.108 0.703215 741.541 381.584 0.599534 794.395 291.576 0.723624 808.107 338.51 0.717345 825.683 387.38 0.788172 0 0 0 696.568 209.276 0.375617 0 0 0 710.249 195.718 0.610849 0
1 111 147 696.514 211.363 0.265881 743.51 199.553 0.820794 714.174 195.662 0.534445 698.458 213.273 0.818744 661.281 227.043 0.908767 776.747 209.396 0.816084 819.867 244.615 0.855777 833.49 303.313 0.900098 749.349 299.358 0.749073 743.468 354.16 0.696384 741.525 383.413 0.578158 794.334 293.521 0.721029 809.985 340.416 0.700711 825.692 387.41 0.77999 0 0 0 696.527 209.303 0.373252 0 0 0 710.199 195.655 0.591572 0
1 111 148 696.535 213.251 0.223625 743.475 195.697 0.852197 718.011 191.736 0.515585 698.5 211.372 0.811291 661.266 225.047 0.939955 774.717 209.359 0.814846 819.748 246.53 0.8467 833.471 303.298 0.901123 751.28 301.274 0.741013 743.443 361.934 0.66369 741.48 383.514 0.480555 794.35 299.3 0.719253 811.96 346.299 0.676155 825.686 387.409 0.765063 0 0 0 696.529 209.37 0.355808 0 0 0 708.225 195.626 0.576322 0
1 111 149 694.556 215.175 0.197232 743.446 197.656 0.826212 716.065 193.727 0.533559 698.444 211.343 0.77308 661.277 223.055 0.881177 772.89 211.237 0.824125 817.845 248.448 0.832872 833.407 303.33 0.896798 749.368 301.306 0.75363 743.439 363.866 0.677822 741.475 383.523 0.472241 794.32 299.356 0.728153 811.96 348.253 0.681176 825.698 387.401 0.756047 0 0 0 694.52 211.223 0.330064 0 0 0 704.36 195.709 0.60127 0
1 111 150 682.921 219.136 0.174473 741.518 195.714 0.832456 712.224 189.769 0.499967 694.604 211.274 0.683318 659.312 219.127 0.812797 772.82 211.232 0.810156 817.812 248.496 0.829692 831.498 305.159 0.885426 749.339 301.261 0.734424 743.437 365.823 0.696287 741.448 385.467 0.397667 794.338 297.377 0.707994 809.995 344.365 0.659275 827.58 385.504 0.765346 0 0 0 682.933 209.434 0.3277 0 0 0 698.505 197.639 0.690785 0
1 111 151 682.901 217.208 0.208516 741.431 195.688 0.823296 712.139 189.768 0.511219 694.61 211.264 0.702185 659.294 217.197 0.809802 772.733 209.381 0.790423 815.821 250.421 0.804534 827.628 305.143 0.884597 747.433 301.266 0.737241 743.446 365.884 0.707239 741.446 385.48 0.376043 792.427 297.414 0.727267 808.062 344.327 0.667863 827.587 387.374 0.763646 0 0 0 684.786 209.425 0.365355 0 0 0 698.464 197.6 0.681108 0
1 111 152 682.933 215.251 0.22025 741.501 195.726 0.8367 712.235 183.913 0.514312 696.472 209.356 0.723879 661.268 215.238 0.867412 772.753 211.316 0.808028 811.979 254.297 0.818037 827.576 305.268 0.880522 749.338 299.351 0.730509 743.462 363.91 0.711278 741.448 387.417 0.399518 792.361 299.328 0.740448 806.148 348.217 0.729185 825.693 387.403 0.767173 0 0 0 684.837 209.336 0.370053 0 0 0 698.466 197.579 0.642128 0
1 111 153 680.882 217.154 0.276479 735.644 193.76 0.781067 714.125 166.291 0.51183 694.499 209.251 0.63913 657.376 215.25 0.798221 765.024 211.322 0.761287 808.102 254.298 0.838619 823.761 305.298 0.885329 747.437 293.473 0.708468 743.475 361.949 0.69523 741.463 385.495 0.42745 790.486 293.48 0.732828 806.071 346.265 0.744463 825.663 387.369 0.782356 0 0 0 682.809 209.376 0.444228 0 0 0 696.571 197.646 0.680786 0
1 111 154 680.962 215.237 0.246668 735.621 193.723 0.769424 714.115 166.289 0.507102 694.553 207.413 0.690976 659.294 213.326 0.833425 763.07 211.345 0.76395 808.037 254.31 0.857402 823.672 305.306 0.882616 747.411 293.453 0.709763 743.486 358.035 0.695283 741.431 387.391 0.449836 788.538 293.449 0.721914 804.181 344.353 0.764697 823.769 385.498 0.802801 0 0 0 682.879 209.337 0.409035 0 0 0 696.522 197.618 0.621182 0
1 111 155 680.978 215.239 0.248014 733.675 195.64 0.771797 716.059 164.372 0.499375 694.531 209.282 0.671973 657.389 215.184 0.813792 763.073 211.377 0.746246 806.134 254.356 0.857751 821.747 309.112 0.858802 749.35 289.642 0.715071 743.479 356.082 0.663203 741.509 383.521 0.454133 790.473 289.623 0.712977 806.029 342.404 0.738845 825.641 385.475 0.797243 0 0 0 682.884 209.353 0.406796 0 0 0 696.516 197.625 0.664274 0
1 111 156 680.866 215.244 0.24875 729.851 195.628 0.792022 712.214 164.407 0.521954 692.565 207.404 0.6095 653.464 213.307 0.821777 761.125 213.232 0.744172 806.15 256.217 0.862161 821.652 307.24 0.852115 749.356 289.614 0.715099 743.477 359.997 0.683697 739.561 389.386 0.383016 790.489 289.627 0.702901 806.088 348.194 0.749186 825.694 385.499 0.768628 0 0 0 680.973 209.373 0.411363 0 0 0 696.467 197.619 0.664622 0
1 111 157 678.988 217.181 0.283164 729.846 195.709 0.801998 712.157 166.36 0.512623 690.634 209.276 0.587405 651.503 215.234 0.810873 761.086 213.295 0.744289 806.151 256.241 0.882748 819.793 309.117 0.851035 749.358 289.611 0.717188 743.472 360.018 0.696002 733.684 408.879 0.408984 790.458 291.507 0.707223 806.124 348.265 0.770316 829.56 385.483 0.770168 0 0 0 680.891 209.4 0.443007 0 0 0 694.602 197.62 0.659364 0
1 111 158 678.962 215.245 0.260851 731.774 197.629 0.783191 710.258 176.093 0.484253 692.572 209.353 0.647597 651.559 219.107 0.811522 761.074 213.325 0.752158 806.133 256.22 0.882484 819.696 313.003 0.848593 751.277 291.511 0.712917 743.454 363.861 0.727648 731.769 410.862 0.432774 790.496 291.54 0.716488 806.17 350.131 0.770751 831.484 387.417 0.766951 0 0 0 680.851 209.385 0.409391 0 0 0 694.512 197.634 0.606453 0
1 111 159 678.843 219.097 0.261803 729.812 195.706 0.785728 712.156 166.332 0.534752 688.719 209.405 0.616354 649.584 223.011 0.831389 759.135 215.22 0.739129 806.105 256.28 0.89447 817.865 313.072 0.847311 751.289 291.523 0.707034 743.459 361.967 0.70989 733.705 405.012 0.421641 790.526 293.481 0.70157 810.02 350.225 0.705828 833.433 389.36 0.745577 0 0 0 678.925 211.275 0.442776 0 0 0 692.567 199.578 0.609862 0
1 111 160 678.951 221.053 0.212007 729.761 195.701 0.794122 712.116 168.269 0.52662 688.669 209.379 0.670141 647.662 223.045 0.84281 759.07 215.209 0.74329 806.025 256.274 0.869177 817.86 313.047 0.836942 751.32 291.494 0.713663 743.449 361.974 0.711738 731.764 406.973 0.448712 792.403 293.456 0.695668 813.884 350.244 0.693338 835.338 387.405 0.75548 0 0 0 678.973 211.344 0.388455 0 0 0 690.665 199.553 0.587776 0
1 111 161 678.961 221.032 0.226541 727.876 195.713 0.801814 710.229 168.277 0.524965 682.879 209.362 0.678093 647.541 224.975 0.853049 757.214 215.24 0.74926 804.198 256.3 0.870767 817.792 313.066 0.810695 751.283 289.564 0.718988 743.457 359.989 0.706324 731.781 404.976 0.459321 792.372 291.513 0.69037 813.909 350.169 0.698423 835.477 385.48 0.813345 0 0 0 678.961 211.335 0.406619 0 0 0 688.719 199.596 0.547837 0
1 111 162 678.884 223.051 0.258142 723.95 199.603 0.760159 696.513 185.874 0.442951 673.022 213.288 0.458243 635.913 228.97 0.713549 757.15 217.137 0.743895 804.087 256.361 0.869205 817.757 314.992 0.815538 751.285 289.605 0.716835 743.438 359.983 0.703465 731.737 403.049 0.453228 792.417 289.588 0.67326 817.76 348.202 0.690922 837.453 385.413 0.838827 0 0 0 678.9 213.273 0.389069 0 0 0 684.798 205.448 0.605775 0
1 111 163 676.949 221.039 0.275634 725.918 201.489 0.793148 702.402 183.902 0.512184 678.928 213.264 0.665903 639.784 232.844 0.773988 757.123 217.147 0.749665 804.029 256.326 0.855313 817.823 313.028 0.827199 753.261 293.473 0.719566 743.419 363.867 0.709959 731.768 406.935 0.412317 792.413 291.55 0.697514 817.791 348.287 0.716028 839.351 383.539 0.824316 0 0 0 676.905 211.37 0.434049 0 0 0 680.937 205.402 0.635346 0
1 111 164 671.13 221.101 0.258918 725.822 199.602 0.788762 700.484 181.962 0.530551 678.938 215.262 0.639125 643.666 236.733 0.819007 753.262 215.207 0.739706 802.105 256.291 0.848964 817.845 309.157 0.837363 755.192 293.479 0.725196 743.415 361.921 0.700544 729.848 401.105 0.437526 794.321 291.498 0.692306 819.782 350.144 0.734694 847.153 385.401 0.779055 0 0 0 673.018 213.272 0.420495 0 0 0 680.898 207.308 0.692376 0
1 111 165 675.022 221.112 0.246187 725.812 207.321 0.792889 698.518 193.688 0.54693 678.955 221.083 0.724854 643.708 238.635 0.870548 753.249 217.162 0.725302 800.192 256.344 0.827013 819.74 311.075 0.842768 755.25 289.585 0.750174 743.46 358.04 0.668471 739.547 385.449 0.436752 796.294 287.612 0.634615 819.712 342.366 0.722752 851.023 385.406 0.828795 0 0 0 676.893 213.308 0.383959 0 0 0 680.928 207.401 0.640937 0
1 111 166 667.182 226.87 0.250972 721.97 209.347 0.803311 696.464 205.391 0.563961 676.959 224.927 0.63121 643.674 240.582 0.866079 751.317 219.156 0.726509 798.262 258.221 0.820714 819.689 307.24 0.837264 757.124 289.579 0.762932 743.416 361.968 0.684751 739.515 387.402 0.366936 800.201 285.616 0.583884 819.747 338.461 0.738958 852.977 385.431 0.84516 0 0 0 667.153 219.147 0.359151 0 0 0 678.974 209.379 0.736529 0
1 111 167 665.31 225.048 0.262573 718.051 209.421 0.810014 694.561 207.406 0.590366 676.92 226.928 0.688882 639.792 246.491 0.830011 745.478 219.112 0.754042 796.326 256.378 0.830587 817.791 307.194 0.843937 757.159 291.504 0.76059 743.424 359.971 0.667814 739.572 385.439 0.457047 796.327 287.573 0.623485 819.856 340.429 0.770693 855.039 385.442 0.830449 0 0 0 665.243 219.142 0.362302 0 0 0 678.92 211.243 0.723735 0
1 111 168 665.21 226.905 0.330485 718.064 211.26 0.815689 694.628 207.354 0.575548 678.852 227.039 0.65064 643.71 254.282 0.830624 745.419 221.082 0.770474 796.305 258.196 0.82631 819.717 307.213 0.860304 759.09 291.505 0.76772 743.411 361.968 0.670368 739.549 385.461 0.410833 802.171 285.667 0.616209 821.782 342.372 0.747813 860.872 385.461 0.798861 0 0 0 663.323 221.058 0.430113 0 0 0 678.899 211.269 0.744924 0
1 111 169 665.251 228.879 0.375949 714.174 211.361 0.825477 692.631 209.388 0.573169 678.86 228.965 0.63588 645.584 256.264 0.884538 743.532 222.997 0.789409 798.234 258.325 0.780811 819.752 309.176 0.847148 759.144 291.559 0.774872 741.589 367.8 0.706689 739.496 385.452 0.302329 804.108 285.597 0.60595 823.693 346.264 0.761517 866.672 385.438 0.84733 0 0 0 665.165 224.928 0.495024 0 0 0 678.887 211.331 0.734466 0
1 111 170 665.248 227.052 0.416087 712.25 213.248 0.834419 692.548 213.233 0.574593 676.926 234.799 0.683078 643.666 260.195 0.86744 741.542 222.963 0.791202 796.325 258.295 0.761903 819.708 309.151 0.834144 761.054 291.553 0.755287 741.605 365.877 0.671872 739.551 383.457 0.373907 804.157 283.656 0.595711 823.715 346.297 0.739259 868.678 383.52 0.854641 0 0 0 665.177 224.956 0.520467 0 0 0 678.869 211.395 0.656561 0
1 111 171 663.33 230.848 0.462706 712.187 213.306 0.846728 688.728 211.321 0.537698 676.899 238.732 0.666724 641.707 266.092 0.823947 741.504 223.064 0.793388 798.264 260.251 0.757609 819.76 313.029 0.83743 759.189 291.534 0.749524 741.583 367.786 0.686213 739.521 383.456 0.355968 804.153 279.774 0.564329 823.668 344.326 0.727661 868.746 385.482 0.836818 0 0 0 663.254 225.088 0.626877 0 0 0 676.954 215.213 0.723446 0
1 111 172 663.234 230.846 0.364228 712.154 217.139 0.813761 686.721 213.264 0.552926 675.031 240.668 0.685741 637.836 271.93 0.857359 741.496 224.914 0.808256 794.377 258.335 0.759633 819.72 311.072 0.8456 759.215 291.509 0.738634 741.576 369.774 0.697142 739.504 383.442 0.292553 806.041 275.878 0.58991 825.643 344.351 0.738481 872.605 385.418 0.833541 0 0 0 663.187 226.868 0.483439 0 0 0 671.132 219.127 0.657829 0
1 111 173 667.173 238.667 0.524837 712.168 222.984 0.819952 686.74 219.097 0.539001 676.911 242.681 0.747846 645.572 273.968 0.87863 739.576 225.023 0.833759 792.414 260.227 0.790427 819.808 316.978 0.881249 768.929 287.63 0.69602 751.278 346.291 0.569548 741.546 383.569 0.748237 808.049 271.923 0.617543 825.652 346.262 0.688179 880.371 395.147 0.796222 0 0 0 665.27 228.946 0.607317 0 0 0 680.845 215.195 0.678071 0
1 111 174 669.113 242.54 0.555826 712.237 227.037 0.848664 688.681 228.946 0.580182 675.025 256.263 0.697358 647.55 283.669 0.847789 741.495 228.953 0.809039 792.439 266.12 0.787806 821.713 318.92 0.926972 770.815 301.254 0.690596 745.44 379.562 0.632808 743.397 389.378 0.465468 811.953 275.898 0.586572 833.512 350.194 0.769607 882.418 399.141 0.861548 0 0 0 667.196 236.759 0.558137 0 0 0 680.846 225.058 0.648642 0
1 111 175 671.088 252.379 0.493786 718.046 232.809 0.796308 696.461 228.935 0.562873 680.835 258.34 0.650796 649.593 289.559 0.80863 741.585 238.692 0.829385 796.275 271.985 0.813631 823.699 322.9 0.848841 774.717 303.297 0.703951 755.168 371.76 0.53905 743.489 397.22 0.631552 815.832 283.722 0.602785 835.504 354.105 0.741028 884.326 403.035 0.840363 0 0 0 667.208 242.649 0.608441 0 0 0 680.924 232.829 0.733201 0
1 111 176 667.23 256.213 0.399148 714.141 238.715 0.842753 692.583 240.627 0.583032 678.951 264.139 0.644741 651.494 291.583 0.78463 741.512 240.59 0.838942 796.27 273.892 0.801358 823.711 324.782 0.838594 774.743 307.177 0.703187 751.271 383.502 0.64379 743.477 399.063 0.377325 817.78 285.643 0.593702 835.462 354.121 0.748687 884.289 408.905 0.835014 0 0 0 665.286 244.566 0.471888 0 0 0 678.884 238.711 0.749321 0
1 111 177 667.169 256.353 0.479042 712.22 242.547 0.911335 686.749 248.49 0.681615 676.888 271.982 0.624513 649.627 295.458 0.764403 741.516 240.674 0.857662 796.329 273.963 0.777109 823.721 324.814 0.831836 772.837 311.062 0.706755 751.285 385.406 0.652816 743.514 397.223 0.362113 815.851 285.669 0.57417 837.32 356.08 0.757433 884.309 412.732 0.861675 0 0 0 665.266 246.561 0.516183 0 0 0 678.856 240.634 0.754359 0
1 111 178 665.306 258.286 0.461259 712.183 242.647 0.8885 684.825 252.366 0.652198 676.93 272 0.573318 651.535 299.319 0.678796 741.44 242.532 0.807475 796.298 274.005 0.775973 823.703 326.76 0.833784 774.803 307.145 0.715393 753.239 383.532 0.631125 745.491 397.075 0.424086 817.83 287.584 0.606622 837.311 358.056 0.748589 882.429 412.864 0.857363 0 0 0 665.219 252.388 0.499085 0 0 0 678.815 242.591 0.765634 0
1 111 179 667.16 258.337 0.426827 712.214 244.554 0.839935 688.71 252.382 0.617443 678.889 271.932 0.579857 659.346 291.546 0.696046 739.562 242.639 0.782965 792.453 273.959 0.782019 823.7 326.759 0.845071 776.715 307.192 0.68701 755.178 381.491 0.574379 749.328 395.206 0.49312 819.774 287.603 0.649106 835.453 359.999 0.743855 882.323 414.804 0.855681 0 0 0 665.237 254.335 0.491915 0 0 0 678.849 242.657 0.719022 0
1 111 180 665.197 262.206 0.377149 712.235 252.369 0.811219 690.605 256.31 0.621635 667.191 287.536 0.493247 653.447 297.358 0.515715 741.461 246.562 0.749137 794.356 277.817 0.743437 823.753 330.637 0.825866 776.768 307.175 0.647734 757.167 371.743 0.548778 749.352 395.23 0.572854 819.762 287.573 0.639015 833.477 358.063 0.718164 880.364 414.799 0.82165 0 0 0 663.279 256.313 0.445905 0 0 0 676.933 246.523 0.75373 0
1 111 181 665.234 262.158 0.407119 712.187 246.565 0.823964 686.747 254.295 0.626507 676.891 281.726 0.567997 655.43 301.261 0.630103 741.453 248.473 0.744682 794.375 277.878 0.733525 823.734 330.676 0.845612 774.745 307.149 0.644424 757.105 379.566 0.592831 749.366 393.292 0.4797 817.788 287.603 0.611928 829.578 361.974 0.723587 870.716 420.633 0.804131 0 0 0 663.322 256.295 0.495041 0 0 0 678.83 244.633 0.742064 0
1 111 182 663.21 269.969 0.419554 712.247 250.445 0.806602 688.719 254.301 0.531287 676.92 285.64 0.407259 663.187 301.263 0.450281 741.458 254.319 0.760381 800.19 285.642 0.749406 829.547 334.591 0.862002 774.815 305.278 0.63726 757.101 379.572 0.57195 749.326 395.139 0.500372 817.801 287.649 0.63163 829.584 363.941 0.750246 868.691 426.545 0.854656 0 0 0 661.278 258.278 0.533339 0 0 0 678.816 250.404 0.802941 0
1 111 183 665.165 271.865 0.445 716.066 254.298 0.838681 694.568 256.273 0.595918 680.799 277.85 0.424285 663.251 301.289 0.622331 741.487 254.323 0.750388 798.274 287.567 0.762859 829.55 336.478 0.881625 774.796 309.108 0.631286 755.216 383.46 0.62744 747.39 395.167 0.448162 817.807 289.598 0.637914 827.605 365.89 0.77581 866.645 430.517 0.82954 0 0 0 663.196 258.365 0.554833 0 0 0 678.832 252.427 0.816043 0
1 111 184 665.283 272 0.429762 716.103 256.208 0.844454 694.577 256.335 0.593501 678.941 285.63 0.425155 663.215 303.205 0.445865 741.516 256.271 0.777734 802.163 289.532 0.800421 831.477 338.497 0.850904 776.741 311.102 0.632619 757.086 379.549 0.555171 749.352 395.179 0.530309 819.726 291.493 0.644888 823.683 367.798 0.804186 858.909 434.325 0.788036 0 0 0 663.3 260.28 0.491263 0 0 0 678.859 254.351 0.841053 0
1 111 185 665.304 273.954 0.440444 718.031 256.32 0.84357 694.521 260.212 0.630863 680.877 287.659 0.273808 665.209 301.296 0.176871 743.468 256.316 0.800497 800.233 289.585 0.799312 831.537 342.4 0.847122 774.804 315.009 0.657997 755.226 381.452 0.58835 749.343 395.187 0.538225 817.834 293.486 0.625839 821.833 365.837 0.772852 851.114 442.118 0.827925 0 0 0 665.166 266.091 0.491195 0 0 0 678.923 256.236 0.827574 0
1 111 186 671.121 273.975 0.378621 723.886 258.267 0.869596 696.523 264.101 0.667542 680.902 289.526 0.24534 667.211 305.16 0.484397 745.445 258.221 0.777449 804.065 291.541 0.821314 835.372 348.241 0.921236 772.839 318.862 0.703595 755.202 383.487 0.662691 745.5 397.07 0.434874 815.838 297.38 0.582777 821.801 369.808 0.821062 849.069 446.01 0.827215 0 0 0 665.285 269.947 0.444935 0 0 0 680.856 256.331 0.767777 0
1 111 187 673.069 275.893 0.311001 723.846 258.333 0.840918 694.522 262.192 0.682998 678.895 301.265 0.647573 657.403 311.121 0.401906 751.333 262.143 0.723839 806.066 297.363 0.7752 835.47 350.211 0.956463 770.877 320.835 0.69383 755.15 385.456 0.652232 745.52 397.111 0.4348 815.859 303.265 0.550082 819.842 377.592 0.824656 837.5 453.916 0.799741 0 0 0 669.168 271.905 0.369723 0 0 0 680.891 260.191 0.687385 0
1 111 188 678.84 283.695 0.3215 725.89 258.321 0.827031 696.595 258.261 0.517416 678.949 291.539 0.123868 0 0 0 757.097 267.984 0.733048 806.176 301.333 0.821776 837.32 352.16 0.959464 766.954 328.676 0.655378 749.383 393.269 0.654054 745.476 397.106 0.377478 811.969 318.923 0.499519 817.771 383.553 0.757729 833.504 461.667 0.788011 0 0 0 675.023 273.907 0.41721 0 0 0 682.857 264.14 0.677689 0
1 111 189 678.952 285.62 0.317696 725.925 262.219 0.799922 696.476 264.125 0.552468 680.938 305.273 0.452226 0 0 0 759.089 271.845 0.766173 809.986 305.174 0.820572 837.456 354.156 0.917732 764.978 334.518 0.697835 749.341 397.09 0.675442 0 0 0 808.04 334.513 0.580469 811.95 414.832 0.760524 821.737 477.442 0.782709 0 0 0 678.892 273.987 0.401738 0 0 0 686.734 266.075 0.612138 0
1 111 190 686.773 287.567 0.222084 727.827 269.97 0.820687 696.545 266.102 0.517154 694.469 313.03 0.517441 0 0 0 761.098 273.86 0.764233 813.912 307.218 0.779834 841.289 363.839 0.876715 764.966 334.618 0.703517 751.312 395.159 0.6433 749.347 397.081 0.409277 806.115 334.596 0.637585 806.172 406.929 0.800057 815.849 481.323 0.748635 0 0 0 682.839 279.756 0.284207 0 0 0 690.665 271.944 0.606062 0
1 111 191 690.631 289.548 0.23565 729.828 269.993 0.765629 698.497 262.17 0.519515 696.521 305.227 0.461008 692.55 320.787 0.517201 766.96 275.905 0.714781 819.749 316.896 0.82209 845.195 365.877 0.886845 765.035 338.478 0.664202 747.427 395.172 0.611175 745.485 397.154 0.443286 806.195 348.261 0.685356 806.002 426.551 0.895549 804.183 502.796 0.756288 0 0 0 682.924 287.513 0.334935 0 0 0 696.514 273.939 0.540906 0
1 111 192 684.788 299.303 0.232084 731.71 271.902 0.773339 698.496 250.43 0.45742 696.531 293.506 0.277819 696.456 326.75 0.586754 772.775 287.578 0.710951 823.722 320.889 0.848373 849.075 371.711 0.848152 766.928 344.363 0.622428 747.397 395.227 0.60147 745.464 397.211 0.41916 806.146 352.23 0.685881 804.084 428.468 0.858882 792.427 504.762 0.740631 0 0 0 680.94 289.588 0.411965 0 0 0 696.521 281.72 0.694647 0
1 111 193 700.447 303.274 0.211024 737.575 277.81 0.755719 704.311 271.928 0.480851 700.419 305.192 0.379706 698.496 332.618 0.561184 772.861 287.681 0.733111 825.696 326.753 0.797859 851.036 381.522 0.917611 768.877 350.201 0.595714 745.465 391.317 0.425792 745.451 397.176 0.529124 806.178 360.026 0.684918 798.27 432.403 0.781101 788.423 508.757 0.791662 0 0 0 696.543 293.524 0.293608 0 0 0 708.217 285.605 0.589237 0
1 111 194 702.35 316.905 0.19076 739.522 283.721 0.703001 698.494 268.035 0.43788 700.398 309.112 0.211804 696.613 336.469 0.307671 776.771 291.514 0.643316 833.43 334.483 0.834765 851.152 383.56 0.891642 761.089 358.024 0.59754 743.465 399.159 0.486053 743.448 401.075 0.390261 806.096 367.769 0.732512 792.364 444.18 0.843905 776.808 522.302 0.782929 0 0 0 698.48 305.128 0.310302 0 0 0 712.238 291.539 0.673397 0
1 111 195 712.168 318.832 0.220316 741.462 289.486 0.736601 698.446 270.007 0.450595 669.137 316.956 0.0859977 635.878 322.833 0.0561015 786.545 303.177 0.62851 835.395 336.581 0.835426 853.055 395.228 0.878156 759.101 358.054 0.48513 741.591 391.312 0.182366 745.48 397.198 0.42979 806.025 369.789 0.675668 790.426 446.052 0.812173 772.835 522.408 0.831502 0 0 0 712.179 307.197 0.328299 0 0 0 721.947 301.315 0.641803 0
1 111 196 708.273 330.651 0.274825 751.297 297.407 0.617131 716.095 273.894 0.409111 0 0 0 0 0 0 790.427 311.069 0.579922 837.361 348.195 0.788099 853.121 401.137 0.840615 759.151 373.671 0.43858 0 0 0 0 0 0 804.071 383.47 0.674317 788.458 450 0.762772 772.716 524.386 0.805536 0 0 0 710.269 318.997 0.36923 0 0 0 727.866 305.271 0.698098 0
1 111 197 716.083 336.486 0.231589 757.099 305.153 0.640736 716.123 281.72 0.423044 0 0 0 0 0 0 804.082 320.868 0.578619 843.256 354.175 0.736043 854.987 412.813 0.862573 759.115 377.572 0.461142 743.489 381.468 0.158586 739.583 403.06 0.255114 804.04 391.284 0.646901 786.462 461.683 0.732289 768.923 530.225 0.747687 0 0 0 723.876 326.765 0.335251 0 0 0 739.57 316.952 0.667933 0
1 111 198 729.767 342.395 0.327953 763.064 316.926 0.611384 733.69 293.48 0.362213 731.752 356.057 0.227299 731.766 399.076 0.33536 804.077 326.774 0.624741 849.156 367.846 0.816124 855.081 424.592 0.826707 763.013 395.206 0.493624 776.744 465.638 0.181125 764.988 524.32 0.18707 804.033 401.086 0.752574 784.567 467.612 0.742865 768.898 530.245 0.759567 0 0 0 729.851 336.432 0.433726 0 0 0 747.413 320.79 0.671491 0
1 111 199 741.5 350.156 0.246733 774.741 318.831 0.646214 741.536 291.568 0.426633 712.187 326.737 0.0789932 0 0 0 813.921 336.505 0.615869 851.077 381.573 0.81437 856.966 432.405 0.817005 757.172 397.205 0.46977 0 0 0 0 0 0 800.248 412.853 0.718641 784.532 475.483 0.787033 766.929 537.973 0.798311 0 0 0 743.473 338.511 0.344469 0 0 0 759.161 326.751 0.63535 0
1 111 200 741.489 360.005 0.226069 774.851 326.739 0.668267 741.508 305.277 0.510849 725.899 360.003 0.244705 727.752 410.852 0.160562 819.712 340.453 0.663053 851.141 389.334 0.773806 856.946 444.205 0.864076 759.095 397.17 0.429504 741.537 383.513 0.147074 0 0 0 804.178 412.865 0.73177 788.374 473.509 0.763713 768.902 536.12 0.811426 0 0 0 745.461 350.249 0.315385 0 0 0 768.896 334.618 0.62048 0
1 111 201 743.518 365.847 0.291351 776.764 334.582 0.688685 737.594 313.057 0.555647 718.015 352.159 0.239276 721.976 367.9 0.137395 821.769 352.125 0.706117 853.02 397.223 0.820267 854.972 457.774 0.864753 751.301 397.196 0.460239 725.805 416.728 0.299601 721.931 432.419 0.0561069 802.209 416.78 0.640348 788.49 471.51 0.726315 766.985 537.996 0.806061 733.713 352.256 0.174394 753.22 356.073 0.343813 0 0 0 776.778 342.366 0.711333 0
1 111 202 757.116 369.797 0.153581 776.815 340.472 0.681118 727.833 318.941 0.652363 714.125 371.75 0.439348 723.881 383.562 0.269837 833.476 363.868 0.674703 855.001 412.755 0.804248 853.11 463.723 0.89268 747.392 406.964 0.501101 723.922 428.508 0.435963 708.244 463.725 0.0687055 804.166 426.528 0.655861 788.563 473.505 0.765689 766.991 538.07 0.817707 0 0 0 761.127 361.948 0.182233 739.584 320.934 0.102953 786.539 350.206 0.667119 0
1 111 203 776.747 373.705 0.141804 778.702 342.406 0.782173 725.895 324.757 0.789908 710.31 373.697 0.521366 712.204 395.204 0.673125 835.356 358.047 0.689094 855.055 412.865 0.789708 852.995 477.354 0.909729 743.527 410.886 0.655952 721.982 450.009 0.622492 725.743 446.064 0.0540555 806.009 424.539 0.67077 790.443 471.53 0.715005 768.911 538.031 0.81029 0 0 0 788.489 367.74 0.159407 745.46 338.493 0.192298 792.423 360.018 0.370176 0
1 111 204 765.013 381.537 0.165022 780.694 352.259 0.792493 725.857 334.597 0.823296 710.153 391.309 0.494479 712.125 401.085 0.629535 837.427 367.923 0.71491 856.989 428.423 0.787981 851.093 490.992 0.885106 743.495 420.66 0.643927 719.995 465.666 0.634554 0 0 0 806.026 434.342 0.677809 790.49 479.367 0.719899 768.886 537.986 0.806077 0 0 0 782.605 373.67 0.145957 745.425 348.236 0.262065 794.357 365.789 0.448329 0
1 111 205 772.776 383.493 0.141798 788.447 360.004 0.765903 727.837 338.446 0.731667 706.274 397.161 0.558148 712.143 408.927 0.434677 851.044 381.554 0.729584 862.774 440.228 0.752738 849.109 496.932 0.841344 745.409 426.484 0.596041 721.91 475.48 0.591228 772.97 483.279 0.0767867 806.179 440.188 0.615719 798.251 479.392 0.660788 766.949 537.992 0.812445 0 0 0 790.437 379.485 0.137947 751.285 358.017 0.226968 806.076 367.816 0.396745 0
1 111 206 763.074 389.359 0.146307 788.528 367.815 0.787299 727.902 348.261 0.744934 696.612 403.029 0.542087 706.336 416.793 0.555488 851.109 385.453 0.720317 862.842 446.052 0.803162 847.155 506.671 0.852147 745.43 430.385 0.585237 725.865 483.264 0.462887 723.934 493.095 0.476717 806.189 446.065 0.644181 794.327 493.025 0.690555 768.864 537.995 0.789964 757.225 381.544 0.150871 790.45 383.554 0.130133 755.191 363.883 0.263395 808.04 379.513 0.422737 0
1 111 207 774.809 399.112 0.289636 790.395 377.565 0.798651 729.781 356.065 0.721659 696.48 410.815 0.586643 706.335 426.545 0.465786 853.022 395.208 0.726633 866.696 448.101 0.809482 841.3 510.661 0.80341 745.408 438.257 0.595684 725.838 504.774 0.508786 721.95 516.507 0.256118 806.137 453.914 0.622888 794.359 496.937 0.615302 770.814 538.014 0.761947 763.036 387.429 0.278261 792.442 397.085 0.316282 757.113 369.781 0.330029 811.956 387.367 0.45279 0
1 111 208 790.425 416.767 0.601211 792.451 381.496 0.798569 737.57 363.904 0.755261 698.526 406.938 0.476145 698.531 426.544 0.598634 853.093 397.232 0.758329 866.805 457.797 0.84743 841.291 522.29 0.823963 743.518 453.918 0.604885 729.772 494.972 0.5147 725.881 528.253 0.657854 804.185 475.453 0.647962 788.449 508.717 0.49625 768.93 539.948 0.66033 776.759 405.01 0.523076 804.107 412.739 0.699979 765.007 381.443 0.403776 821.753 397.137 0.540422 0
1 111 209 794.358 426.525 0.600815 796.317 387.366 0.78393 739.579 369.788 0.772776 710.209 397.128 0.638346 696.464 430.432 0.734822 855.054 403.041 0.719928 868.759 461.704 0.889201 841.289 524.384 0.869395 743.536 463.683 0.690767 729.788 516.494 0.683777 725.812 555.637 0.782314 804.087 485.188 0.652015 774.8 524.364 0.5259 766.951 541.972 0.557997 786.512 414.716 0.570882 806.102 414.875 0.730177 768.923 387.383 0.418362 823.7 401.094 0.530722 0
1 111 210 796.313 432.379 0.541006 802.135 395.2 0.799856 743.527 377.608 0.758597 712.204 399.078 0.78134 692.532 440.241 0.775098 860.865 412.774 0.740037 870.63 471.513 0.848455 841.307 530.198 0.827994 743.532 477.38 0.733885 733.738 537.993 0.699018 718.071 588.913 0.605366 802.186 493.042 0.718568 772.855 526.293 0.464625 763.02 543.893 0.52012 788.463 422.631 0.526054 808.034 426.545 0.644146 772.849 395.197 0.406606 823.751 410.84 0.475568 0
1 111 211 800.213 444.108 0.627451 800.242 401.086 0.802512 743.538 385.424 0.803249 710.247 410.889 0.80616 690.63 446.182 0.784315 856.992 414.852 0.730883 874.542 475.518 0.871211 841.274 537.993 0.87777 743.528 489.08 0.649576 735.614 557.633 0.60218 712.166 629.995 0.580491 806.022 494.996 0.62008 786.513 520.428 0.419591 763.038 542.008 0.533278 788.506 430.417 0.685249 808.095 432.378 0.727308 772.851 399.17 0.387742 825.71 414.786 0.413859 0
1 111 212 802.151 451.98 0.611857 804.121 410.9 0.822541 747.399 397.143 0.73805 712.123 416.723 0.76248 684.787 459.796 0.799151 862.788 426.497 0.736231 876.514 489.094 0.838522 839.4 542.037 0.854194 745.419 496.942 0.669663 733.726 571.295 0.723515 714.155 643.694 0.610154 806.069 506.783 0.616504 786.55 526.327 0.332074 764.991 551.69 0.250669 790.466 442.152 0.66009 810.015 444.119 0.735733 778.697 412.829 0.394185 829.589 428.419 0.419644 0
1 111 213 806.067 461.841 0.580513 802.134 418.67 0.795699 745.432 403.046 0.759268 710.196 428.496 0.798211 680.9 473.48 0.819506 858.931 430.501 0.740857 880.385 492.995 0.890156 839.379 553.649 0.864565 743.556 508.702 0.642309 737.598 585.062 0.733217 718.032 653.513 0.670558 804.183 514.552 0.555447 790.502 526.352 0.281126 766.963 553.716 0.259224 798.262 453.874 0.557028 819.728 457.798 0.646681 784.538 426.487 0.439706 835.411 436.296 0.31539 0
1 111 214 796.317 475.379 0.556253 800.225 428.534 0.826714 743.494 414.792 0.79268 704.316 444.174 0.679426 678.982 491.141 0.8336 860.891 444.047 0.731432 880.448 504.76 0.85208 841.295 555.729 0.85766 743.577 522.426 0.663135 737.635 602.596 0.772833 721.974 667.225 0.689224 806.181 534.094 0.559792 819.738 571.365 0.0512529 0 0 0 788.475 459.844 0.542112 808.022 463.662 0.622447 776.711 430.435 0.369838 825.698 446.077 0.366105 0
1 111 215 794.335 490.982 0.552194 794.35 444.129 0.8122 739.512 430.46 0.759106 698.474 461.781 0.611537 678.814 502.817 0.770413 860.846 453.947 0.679868 882.292 510.65 0.860063 841.297 567.368 0.79707 743.526 538.045 0.648756 739.57 614.32 0.665365 725.793 680.842 0.610349 806.147 543.941 0.51453 788.459 571.287 0.0966374 0 0 0 788.441 477.336 0.520384 806.131 477.429 0.658897 774.742 444.107 0.345599 823.777 459.835 0.43557 0
1 111 216 798.284 502.834 0.488519 798.234 455.9 0.802474 741.541 446.098 0.734227 704.32 467.589 0.699022 676.981 506.727 0.854281 860.831 459.851 0.715149 882.322 522.381 0.888655 841.312 571.325 0.840208 743.575 553.681 0.642095 741.433 628.011 0.680871 727.777 688.689 0.693563 806.136 555.64 0.454625 0 0 0 0 0 0 790.413 492.991 0.514472 806.164 492.948 0.636464 772.842 459.792 0.34395 823.702 475.339 0.382259 0
1 111 217 802.15 508.783 0.417902 792.452 463.75 0.804777 739.513 457.862 0.732973 696.496 489.089 0.668676 673.066 522.334 0.767983 856.942 473.452 0.679917 882.321 532.171 0.827245 839.384 583.003 0.800189 743.445 567.344 0.575656 739.527 633.965 0.564225 727.905 694.506 0.512107 804.123 571.321 0.428205 743.471 633.932 0.402177 727.832 690.614 0.425294 790.481 502.792 0.390869 808.085 502.815 0.514324 774.763 473.516 0.331062 823.708 483.222 0.340269 0
1 111 218 798.261 520.456 0.429243 790.488 477.424 0.849353 729.854 475.377 0.759954 694.479 504.811 0.746364 667.173 539.961 0.826591 852.999 479.396 0.722073 882.413 539.958 0.904421 839.407 586.903 0.862628 745.473 577.151 0.623922 735.617 643.687 0.581296 727.751 696.52 0.600786 815.839 584.99 0.590195 806.135 651.546 0.223438 0 0 0 788.501 510.632 0.391376 806.1 508.763 0.564364 772.783 489.105 0.321925 821.739 491.072 0.420823 0
1 111 219 788.517 532.168 0.481909 790.449 489.1 0.835182 733.687 479.318 0.755074 696.518 512.651 0.741298 667.183 553.619 0.805118 851.07 493.099 0.721057 884.302 547.841 0.844239 843.233 592.826 0.787161 743.552 586.954 0.592902 737.601 647.611 0.407876 727.798 696.6 0.485468 811.971 594.81 0.53692 808.067 663.281 0.123409 0 0 0 774.834 522.354 0.484028 804.097 522.42 0.609183 765 493.004 0.328659 821.782 502.832 0.42735 0
1 111 220 788.512 545.875 0.513251 790.361 498.931 0.842472 727.888 495.033 0.763743 692.532 538.041 0.699461 663.318 573.332 0.773372 851.118 500.878 0.698616 884.356 555.733 0.865342 841.336 600.659 0.853431 747.372 596.735 0.506974 727.919 690.653 0.382608 725.883 714.156 0.25003 819.772 600.615 0.512345 0 0 0 0 0 0 776.729 536.12 0.488586 804.082 538.029 0.626894 764.965 506.69 0.316944 819.842 520.367 0.364428 0
1 111 221 792.438 557.629 0.541465 790.384 510.708 0.865881 727.798 510.621 0.781826 692.565 553.713 0.766809 665.135 594.784 0.830319 853.03 510.704 0.728599 884.44 565.458 0.826567 847.142 602.645 0.82999 745.436 608.488 0.52237 727.919 692.62 0.375031 725.895 714.162 0.289252 819.82 608.481 0.491536 815.861 649.525 0.173711 0 0 0 786.49 549.784 0.498025 806.14 551.665 0.687257 766.973 518.436 0.326087 825.633 524.358 0.349479 0
1 111 222 802.149 569.255 0.558074 790.518 524.283 0.872136 729.786 522.414 0.755819 694.578 569.258 0.782043 665.223 614.277 0.849305 853.08 522.425 0.738612 896.055 569.386 0.852403 849.128 614.273 0.803184 749.372 602.651 0.513391 755.252 633.936 0.0889747 0 0 0 817.854 602.629 0.537593 817.851 661.332 0.632896 806.161 651.542 0.066653 790.446 555.686 0.583459 808.081 555.69 0.664364 774.746 530.233 0.406803 825.63 537.958 0.372 0
1 111 223 802.18 579.144 0.527163 792.364 536.032 0.852798 729.84 536.05 0.751163 696.49 584.944 0.788176 665.237 632.009 0.85113 853.084 534.157 0.72463 897.954 579.128 0.799065 851.128 616.326 0.86714 749.341 618.284 0.553551 725.873 698.475 0.545135 716.102 714.186 0.120483 819.74 620.216 0.562219 819.828 678.927 0.671748 0 0 0 790.506 569.271 0.569766 811.943 569.343 0.612134 776.715 539.948 0.411715 833.462 541.989 0.352182 0
1 111 224 808.09 590.886 0.470001 794.372 547.806 0.793909 735.638 553.654 0.738474 696.525 602.579 0.799947 669.179 651.541 0.741031 855.057 541.96 0.750383 898.108 585.082 0.896286 853.157 620.279 0.819449 749.352 628.026 0.506716 727.906 698.519 0.588375 725.806 714.185 0.169714 819.831 622.162 0.514988 819.84 688.69 0.60832 0 0 0 804.112 584.925 0.585524 819.761 584.901 0.546468 786.457 553.751 0.432288 837.346 555.647 0.314848 0
1 111 225 817.831 602.541 0.51851 800.219 555.725 0.830045 737.624 561.494 0.726561 696.593 620.209 0.779789 676.92 678.916 0.798554 860.865 553.729 0.765855 900.036 594.801 0.813617 858.945 631.851 0.839139 755.221 630.016 0.514441 727.91 696.483 0.47391 725.875 714.17 0.255038 821.743 628.047 0.507793 821.704 671.107 0.395257 0 0 0 808.068 590.838 0.630752 823.753 590.849 0.429762 790.38 569.279 0.529132 845.173 557.657 0.228734 0
1 111 226 819.718 616.264 0.504671 804.056 571.327 0.834986 741.483 579.109 0.707148 698.482 639.763 0.723702 684.802 698.543 0.540387 866.654 567.385 0.752941 901.98 608.504 0.783212 866.653 635.923 0.846846 757.1 647.634 0.432187 727.895 714.142 0.280275 0 0 0 821.79 653.463 0.479426 817.818 714.151 0.199054 0 0 0 810.03 602.696 0.598602 825.687 602.701 0.489288 790.461 584.914 0.443314 847.164 571.369 0.275879 0
1 111 227 819.777 632.008 0.235907 806.082 584.941 0.8058 743.467 588.895 0.698078 702.421 653.448 0.665367 694.611 714.172 0.349646 868.692 579.137 0.720703 907.8 618.35 0.796128 866.816 649.493 0.884926 751.327 682.823 0.374986 741.459 714.161 0.0862258 0 0 0 821.775 682.829 0.432852 823.719 714.177 0.111691 0 0 0 817.794 620.228 0.260662 831.496 620.206 0.214856 790.488 592.825 0.295499 851.009 586.94 0.21614 0
1 111 228 823.707 647.595 0.285714 808.035 602.561 0.730026 743.512 616.359 0.646004 702.408 698.476 0.427783 0 0 0 870.694 586.996 0.721169 911.766 633.88 0.853303 872.581 663.203 0.833919 755.146 694.531 0.161519 741.486 714.206 0.0655475 0 0 0 821.788 684.766 0.288398 825.644 714.173 0.0906842 0 0 0 819.772 633.977 0.317416 837.412 633.99 0.263916 798.275 610.443 0.402603 851.09 602.581 0.247011 0
1 111 229 821.717 663.292 0.378827 813.929 616.302 0.717477 749.381 629.942 0.637107 712.112 692.594 0.541612 0 0 0 878.434 602.542 0.687559 913.65 645.687 0.78395 874.558 674.958 0.722505 765.009 714.156 0.0636493 0 0 0 0 0 0 827.616 678.873 0.0670367 0 0 0 0 0 0 817.804 649.648 0.36277 833.508 649.675 0.263625 802.153 628 0.371957 856.974 614.35 0.239881 0
1 111 230 833.473 678.95 0.331878 819.768 631.936 0.706461 755.23 647.6 0.547686 714.184 714.182 0.120752 0 0 0 882.312 616.363 0.687802 913.768 665.253 0.780025 878.458 690.63 0.670077 761.064 714.151 0.0722569 0 0 0 0 0 0 823.71 680.988 0.056827 0 0 0 0 0 0 825.676 665.254 0.332613 849.14 669.127 0.19993 806.118 633.914 0.320786 862.827 628.032 0.187796 0
1 111 231 849.094 700.44 0.217763 823.692 647.63 0.631806 766.958 663.295 0.388698 723.929 714.175 0.0578345 0 0 0 882.453 629.973 0.607303 917.667 680.819 0.709709 884.352 698.551 0.492525 755.227 714.152 0.0585604 0 0 0 0 0 0 0 0 0 0 0 0 0 0 0 845.19 694.538 0.305529 0 0 0 819.744 667.154 0.305927 864.788 635.834 0.114877 0
1 111 232 882.389 714.19 0.149185 845.186 665.195 0.321459 788.447 659.359 0.144877 0 0 0 0 0 0 901.94 661.292 0.342756 929.322 714.171 0.331929 882.418 714.174 0.10385 0 0 0 0 0 0 0 0 0 0 0 0 0 0 0 0 0 0 0 0 0 0 0 0 831.525 694.547 0.104878 0 0 0 0
