0 111 0 144.772 197.589 0.848594 123.303 227.059 0.83522 115.349 228.926 0.863056 105.689 271.866 0.787232 115.436 305.186 0.620832 133.139 227.012 0.828636 144.799 258.286 0.43508 164.385 273.95 0.243958 117.312 301.315 0.841271 129.123 346.338 0.855354 113.42 385.42 0.861589 134.994 295.43 0.836087 164.457 334.486 0.844741 166.288 379.509 0.784113 136.929 195.608 0.810923 0 0 0 127.125 199.562 0.802996 0 0 0 0
0 111 1 146.809 207.335 0.907505 131.152 230.834 0.876434 117.419 230.875 0.886388 115.481 271.967 0.836196 125.237 305.156 0.566268 146.689 228.934 0.86171 158.437 258.189 0.52961 178.044 268.023 0.308798 119.389 301.285 0.828862 131.035 346.28 0.886142 113.486 383.57 0.926888 146.639 295.408 0.838727 170.188 334.609 0.845292 179.971 379.591 0.863711 144.739 197.669 0.84682 148.621 199.545 0.497038 131.053 203.464 0.832117 0 0 0 0
0 111 2 150.692 207.424 0.86511 134.996 230.841 0.819555 127.182 230.912 0.810611 121.301 271.975 0.757602 129.139 307.213 0.681804 146.765 228.923 0.844818 154.569 258.35 0.345267 162.462 279.77 0.162397 131.107 301.336 0.8651 132.974 348.195 0.915355 115.387 383.507 0.970966 148.76 297.403 0.837807 177.93 336.491 0.886643 193.638 381.503 0.859051 148.643 201.552 0.848228 148.833 201.546 0.294413 134.994 207.338 0.800129 0 0 0 0
0 111 3 160.43 207.313 0.841818 144.782 230.916 0.812374 133.039 234.748 0.877864 133.081 273.907 0.795007 142.829 314.987 0.700589 150.722 230.847 0.76181 162.316 264.134 0.296547 172.169 293.474 0.128539 138.939 303.199 0.79807 135.079 344.375 0.81993 115.427 383.475 0.992906 162.294 299.358 0.813168 180.068 336.5 0.899822 197.676 383.41 0.819395 152.611 197.67 0.811971 162.318 197.657 0.574396 140.866 205.408 0.746985 0 0 0 0
0 111 4 164.413 209.35 0.860517 150.642 234.752 0.851373 140.886 238.62 0.834618 138.883 273.942 0.75066 146.672 309.111 0.682934 162.414 230.912 0.804384 183.912 252.37 0.634099 223.015 246.518 0.555861 148.675 303.337 0.853183 146.714 344.31 0.855798 117.327 383.463 0.96047 166.355 301.348 0.819989 191.764 336.589 0.814428 201.531 381.558 0.755512 162.378 207.338 0.820635 164.445 205.45 0.420715 148.689 209.365 0.871995 0 0 0 0
0 111 5 174.155 211.27 0.856054 162.312 238.703 0.897798 146.769 240.593 0.905131 146.668 279.762 0.810454 158.431 316.984 0.755262 176.071 238.636 0.810867 207.374 244.547 0.567502 236.748 250.409 0.519536 160.466 303.317 0.817217 166.298 336.645 0.326114 133.024 369.776 0.505506 179.915 301.334 0.84303 195.76 340.449 0.793661 209.341 387.396 0.762771 166.322 209.285 0.857957 176.115 209.258 0.688397 154.581 211.234 0.807857 0 0 0 0
0 111 6 179.908 211.316 0.838521 162.468 238.688 0.844333 154.554 240.638 0.858312 154.577 281.706 0.73279 164.315 318.86 0.735354 172.201 236.705 0.747298 180.081 269.991 0.396929 195.633 285.661 0.237605 164.413 305.306 0.845248 164.34 350.233 0.618186 131.109 379.591 0.695013 181.965 303.291 0.830323 207.402 346.27 0.845213 211.416 395.147 0.818771 176.1 209.368 0.785819 179.895 209.263 0.312402 162.35 211.305 0.809809 0 0 0 0
0 111 7 187.802 209.276 0.688176 168.289 238.667 0.789535 162.473 240.604 0.887572 164.453 281.739 0.680313 177.981 316.949 0.59281 177.996 236.711 0.731484 185.878 269.997 0.35344 197.662 287.62 0.238499 178.043 307.235 0.802779 205.399 350.193 0.751034 211.249 395.215 0.64596 191.739 305.156 0.789313 211.337 348.226 0.79391 213.332 395.144 0.668637 180.082 205.401 0.70529 0 0 0 170.24 209.374 0.749648 0 0 0 0
0 111 8 193.757 211.317 0.92711 176.09 240.632 0.814672 166.294 240.715 0.895249 170.252 281.743 0.690898 181.956 311.077 0.600423 180.058 240.569 0.761247 193.764 271.989 0.336714 205.449 287.624 0.289934 181.988 307.23 0.811656 207.39 350.276 0.864369 211.326 393.25 0.755801 197.57 305.158 0.831576 215.227 348.294 0.838594 219.104 389.347 0.768359 191.701 209.346 0.841694 195.548 209.324 0.111321 178.062 211.365 0.87877 0 0 0 0
0 111 9 199.567 211.275 0.819373 180.101 240.656 0.851362 176.051 242.564 0.879452 176.039 283.668 0.724033 183.918 315.001 0.689591 191.768 240.585 0.785165 195.775 273.869 0.451078 211.223 297.377 0.347086 189.775 307.22 0.784412 211.243 350.273 0.88805 211.231 395.151 0.751575 205.402 303.334 0.839769 221.053 350.166 0.829189 217.151 391.28 0.728868 195.674 209.353 0.835678 0 0 0 183.938 211.397 0.81228 0 0 0 0
0 111 10 207.318 211.275 0.865202 185.888 240.671 0.829611 179.965 240.729 0.892932 180.101 283.673 0.729507 195.663 316.913 0.63523 193.74 240.609 0.796186 203.48 273.871 0.446427 219.103 297.352 0.4247 195.59 305.314 0.839843 215.207 348.282 0.824909 209.378 393.24 0.783848 207.425 303.329 0.819714 219.094 348.273 0.749865 209.353 387.356 0.68644 197.658 209.287 0.813991 207.378 209.332 0.202339 187.826 211.337 0.802831 0 0 0 0
0 111 11 211.244 213.233 0.848828 193.717 240.545 0.846631 183.881 240.645 0.86176 183.904 275.885 0.736395 195.654 307.166 0.671077 203.466 238.664 0.733838 211.24 271.888 0.40155 224.934 289.572 0.343101 197.61 305.142 0.84386 224.985 348.234 0.82169 211.389 391.295 0.733924 211.326 301.333 0.798553 224.991 346.335 0.718721 211.293 385.397 0.644429 209.239 211.244 0.832353 211.254 209.39 0.316826 193.712 211.397 0.799869 0 0 0 0
0 111 12 222.959 211.324 0.818119 197.614 240.699 0.866922 191.695 242.543 0.850228 191.663 281.773 0.713342 205.42 314.988 0.661829 209.361 240.665 0.811729 213.302 275.845 0.586899 228.975 301.326 0.591664 201.536 309.147 0.798362 232.818 350.171 0.883316 211.34 391.269 0.773427 217.15 305.239 0.809779 236.731 350.202 0.657321 217.198 383.518 0.60301 213.319 209.369 0.786183 222.977 209.308 0.204068 201.556 211.423 0.744892 0 0 0 0
0 111 13 225.079 219.147 0.48498 207.391 242.563 0.804417 195.748 244.531 0.849553 195.648 285.674 0.769841 209.399 314.993 0.69461 211.361 240.686 0.73711 224.948 273.892 0.284329 238.667 295.417 0.227751 209.381 309.16 0.817301 238.699 350.197 0.888003 224.928 393.278 0.729274 223.027 305.278 0.769001 234.807 350.186 0.685629 221.079 385.455 0.650997 224.918 213.307 0.52028 225.081 211.324 0.143174 211.327 217.177 0.666359 0 0 0 0
0 111 14 227.047 219.145 0.423124 211.287 244.528 0.674937 211.251 244.585 0.703608 213.28 279.772 0.273612 211.303 311.073 0.124681 211.295 242.684 0.529311 240.639 260.209 0.198491 0 0 0 215.218 309.123 0.765472 242.616 350.287 0.844099 242.66 401.06 0.694099 219.122 307.199 0.705905 236.705 350.275 0.635274 211.375 385.491 0.651542 225.086 215.204 0.431661 228.929 211.436 0.28687 217.197 222.99 0.434096 0 0 0 0
0 111 15 238.665 213.333 0.722666 225.041 240.712 0.907831 211.311 244.53 0.896694 209.378 285.626 0.678261 221.113 316.919 0.564896 240.639 238.705 0.829266 258.312 258.184 0.630156 287.612 256.337 0.354405 221.055 314.946 0.787344 248.485 354.147 0.868503 258.309 408.944 0.787954 232.794 309.11 0.764581 234.763 352.262 0.663208 209.407 387.429 0.843067 230.882 211.371 0.755492 240.544 211.264 0.568599 223.051 217.176 0.675168 0 0 0 0
0 111 16 242.562 213.334 0.403825 227.024 242.634 0.845367 219.128 246.566 0.803738 211.35 289.497 0.793677 221.062 320.871 0.758423 240.632 240.634 0.807544 254.294 258.262 0.52103 242.711 225.053 0.286136 225.042 316.901 0.845182 254.289 359.999 0.841942 269.99 406.96 0.818667 238.716 311.118 0.767076 234.774 356.079 0.639428 209.375 393.232 0.785102 240.609 211.384 0.440318 0 0 0 228.893 215.266 0.602221 0 0 0 0
0 111 17 254.373 224.983 0.766314 234.761 246.554 0.779461 226.911 250.447 0.855641 223.045 289.515 0.723746 230.901 320.887 0.619005 242.55 246.502 0.78862 242.698 283.684 0.411888 258.252 301.331 0.349913 227.041 318.88 0.866807 256.305 363.884 0.905372 279.79 412.785 0.832649 240.677 316.915 0.766505 230.854 359.971 0.598 211.381 391.301 0.730169 246.57 221.118 0.686944 256.21 222.991 0.184039 238.677 224.948 0.769392 0 0 0 0
0 111 18 258.178 225.06 0.901783 240.661 250.469 0.817205 230.924 256.201 0.857041 228.97 295.429 0.75535 242.638 322.91 0.579223 246.511 246.542 0.740408 254.301 287.627 0.299424 266.125 303.19 0.35116 240.638 320.803 0.841835 264.091 365.83 0.818965 287.507 414.806 0.768346 248.502 316.975 0.725351 236.767 358.033 0.5779 211.419 395.179 0.68003 254.344 223.073 0.793368 258.178 222.965 0.237914 240.72 226.894 0.840986 0 0 0 0
0 111 19 264.118 226.915 0.799317 244.579 254.272 0.815598 238.725 254.37 0.845182 228.985 289.619 0.767155 236.717 322.796 0.690059 256.308 252.362 0.803294 258.309 285.639 0.46767 273.964 293.509 0.355578 244.581 320.895 0.821853 271.842 365.922 0.873078 287.66 414.757 0.838988 256.37 318.97 0.77637 244.557 365.919 0.477124 224.903 385.478 0.508095 260.178 224.947 0.799961 0 0 0 248.522 226.87 0.853737 0 0 0 0
0 111 20 271.989 226.972 0.838148 256.262 256.359 0.853941 246.524 258.301 0.88236 242.544 297.42 0.816476 246.516 326.729 0.673483 260.271 256.229 0.794584 264.136 291.552 0.287157 275.881 313.061 0.230069 256.314 324.814 0.812172 275.91 369.828 0.766777 291.504 416.763 0.83026 262.224 322.81 0.738072 269.99 369.816 0.658964 287.554 410.836 0.366351 269.999 225.034 0.793602 0 0 0 258.218 227.052 0.942845 0 0 0 0
0 111 21 275.896 228.936 0.801967 258.334 256.379 0.833386 256.236 258.298 0.851882 256.288 295.419 0.640985 264.161 326.759 0.497968 269.958 256.277 0.770719 273.908 287.569 0.444915 287.571 305.231 0.363451 258.345 326.729 0.836712 285.614 371.738 0.779813 291.512 424.529 0.830575 271.865 322.838 0.758091 283.655 371.718 0.681289 289.518 412.813 0.457395 273.872 226.959 0.852603 0 0 0 260.257 228.966 0.847416 0 0 0 0
0 111 22 285.609 230.853 0.757498 266.084 258.275 0.832406 258.214 262.146 0.876051 258.344 303.264 0.710514 271.972 332.552 0.516729 273.862 256.352 0.847601 281.694 289.614 0.340814 291.509 307.151 0.336802 270.022 332.612 0.818751 289.651 379.527 0.850992 291.592 426.466 0.834954 279.772 326.739 0.746307 289.588 377.585 0.683054 291.557 414.75 0.519009 277.836 226.986 0.782096 0 0 0 269.93 230.889 0.835661 0 0 0 0
0 111 23 287.702 234.75 0.900179 271.956 260.252 0.837919 260.292 268.011 0.823145 258.262 305.225 0.826152 273.929 332.603 0.646934 279.791 258.257 0.792717 287.641 291.505 0.37146 299.332 316.934 0.342603 273.963 332.57 0.826986 291.548 379.508 0.827574 295.403 422.626 0.772637 287.633 326.727 0.782601 293.474 377.564 0.752479 291.592 416.79 0.641361 285.623 228.888 0.865488 287.709 226.897 0.188033 271.861 236.68 0.826536 0 0 0 0
0 111 24 295.434 234.779 0.7395 277.808 260.242 0.807303 271.954 264.109 0.842035 270.022 301.282 0.722982 279.761 330.647 0.72645 287.615 258.321 0.821408 291.536 289.631 0.319505 303.217 316.892 0.160201 285.597 330.616 0.772307 293.509 375.635 0.777225 293.511 424.592 0.792109 291.585 322.899 0.740436 303.237 371.738 0.776454 297.393 416.786 0.625843 289.639 228.955 0.811838 0 0 0 277.864 236.707 0.793249 0 0 0 0
0 111 25 303.256 234.797 0.564657 287.509 260.217 0.835843 275.832 266.056 0.837563 273.868 303.338 0.805349 287.6 336.536 0.712815 291.563 258.264 0.778924 301.257 291.553 0.227173 307.149 318.963 0.205601 287.571 330.621 0.814206 297.397 369.793 0.732344 295.453 420.666 0.778455 301.334 324.76 0.813732 313.034 367.925 0.81036 293.484 414.767 0.573549 301.27 228.973 0.590745 0 0 0 289.532 236.706 0.811703 0 0 0 0
0 111 26 307.196 236.716 0.67346 289.604 260.23 0.799552 283.688 264.108 0.784512 277.841 303.203 0.686646 291.533 332.625 0.647741 301.281 258.294 0.762636 307.147 291.573 0.225159 316.903 316.967 0.179993 289.548 330.61 0.80696 303.306 371.727 0.746604 297.393 420.679 0.784692 303.334 324.756 0.814693 324.806 367.896 0.828154 297.368 410.88 0.52961 305.174 230.87 0.718752 0 0 0 291.57 236.71 0.781291 0 0 0 0
0 111 27 316.988 236.757 0.673946 295.412 260.208 0.82098 285.675 262.183 0.828236 287.504 305.148 0.762085 301.28 336.514 0.778901 305.215 258.305 0.828833 307.208 301.284 0.414886 318.971 322.844 0.413723 289.666 326.761 0.768735 305.186 369.839 0.74798 295.419 420.687 0.758617 307.17 320.965 0.825835 334.453 365.939 0.926419 303.273 408.907 0.551602 311.108 228.971 0.646524 316.985 227.05 0.12416 301.273 232.84 0.718651 0 0 0 0
0 111 28 318.993 238.649 0.759193 303.301 260.204 0.848274 293.487 268.038 0.834406 291.522 305.248 0.76505 305.235 336.584 0.674486 313.011 258.22 0.779223 318.866 297.384 0.112034 328.68 316.95 0.0936999 301.279 330.629 0.791703 309.154 371.778 0.80991 295.46 424.569 0.834061 316.988 322.873 0.83143 336.55 365.88 0.891798 326.727 410.857 0.828674 316.963 232.823 0.715633 319.012 228.9 0.126759 305.16 238.696 0.877072 0 0 0 0
0 111 29 322.897 236.743 0.637267 307.149 260.244 0.809694 303.176 264.159 0.822095 301.254 303.287 0.666581 305.195 338.501 0.676385 316.988 258.334 0.781826 320.92 291.584 0.222079 332.541 314.984 0.104304 305.174 330.639 0.816182 309.145 377.632 0.81847 295.424 426.556 0.878183 318.985 324.794 0.841349 346.304 367.819 0.900549 338.506 410.89 0.844971 320.871 230.909 0.69279 0 0 0 311.06 238.664 0.808709 0 0 0 0
0 111 30 332.605 240.639 0.738543 309.131 264.153 0.751126 305.135 269.927 0.879843 309.129 307.137 0.69523 320.82 336.567 0.708213 318.867 262.202 0.72101 326.748 301.244 0.161301 334.68 320.859 0.109821 305.314 336.447 0.799709 305.331 389.359 0.715208 297.397 428.415 0.768559 320.952 332.588 0.775405 350.295 367.854 0.891156 352.106 412.752 0.862449 324.831 236.741 0.681552 0 0 0 316.886 240.567 0.796052 0 0 0 0
0 111 31 336.433 238.671 0.68541 318.82 264.158 0.767836 307.242 269.918 0.8265 307.18 305.29 0.721804 320.83 336.483 0.606728 322.835 262.173 0.719817 332.625 305.136 0.185925 338.497 326.733 0.171426 311.095 334.565 0.800995 309.151 381.545 0.795576 301.238 426.482 0.847898 330.669 332.553 0.792226 354.176 373.667 0.769575 369.817 418.684 0.746147 332.617 230.904 0.634188 0 0 0 318.909 238.658 0.751359 0 0 0 0
0 111 32 344.347 238.685 0.581639 322.878 262.216 0.76366 318.957 269.986 0.850338 320.888 305.256 0.453954 336.571 330.662 0.305643 334.467 260.198 0.710441 336.528 219.124 0.34395 352.122 191.746 0.570449 320.838 332.604 0.839146 318.839 381.474 0.778406 301.288 426.452 0.792628 334.514 328.692 0.739976 358.023 367.911 0.717054 379.559 414.854 0.694653 338.448 232.859 0.623088 0 0 0 330.611 240.548 0.712796 0 0 0 0
0 111 33 350.247 242.644 0.854522 326.772 271.855 0.738044 328.71 273.864 0.784247 332.549 311.112 0.613214 338.506 336.498 0.46344 330.602 268.048 0.632725 346.284 301.313 0.102284 352.261 318.821 0.155119 334.515 336.497 0.789713 367.879 379.516 0.791534 393.245 428.433 0.803523 324.785 334.632 0.680858 324.766 383.456 0.786795 303.223 422.62 0.823184 348.192 240.632 0.777756 0 0 0 334.511 242.542 0.797108 0 0 0 0
0 111 34 361.928 242.551 0.746826 336.48 271.871 0.77279 336.468 273.974 0.859746 336.445 316.91 0.601601 348.272 336.567 0.434905 336.556 268.053 0.611816 0 0 0 0 0 0 338.506 336.597 0.760732 379.505 381.562 0.744339 397.255 430.37 0.735868 336.494 336.474 0.680597 330.653 389.378 0.768382 301.277 424.526 0.745645 354.128 240.597 0.758102 0 0 0 344.338 242.542 0.769983 0 0 0 0
0 111 35 365.923 242.52 0.701277 348.213 271.904 0.710922 342.373 273.998 0.751418 348.22 320.947 0.576681 365.904 350.157 0.459139 352.135 268.041 0.611905 365.793 307.223 0.0908234 0 0 0 338.521 346.273 0.672839 336.484 397.1 0.623302 301.249 424.593 0.558895 350.221 338.538 0.582517 340.48 395.221 0.325947 318.878 418.701 0.28885 361.965 238.694 0.639251 367.796 236.761 0.0882158 350.173 240.706 0.710292 0 0 0 0
0 111 36 377.569 242.696 0.826124 350.222 273.871 0.757572 348.205 275.886 0.830128 352.208 326.716 0.694244 381.49 356.093 0.536974 354.151 271.945 0.643485 367.78 307.233 0.122577 0 0 0 344.332 342.425 0.725585 348.281 395.165 0.742606 305.274 418.717 0.735922 356.112 336.596 0.705426 387.416 381.433 0.746497 399.173 430.392 0.713833 369.762 240.663 0.827104 0 0 0 352.282 242.565 0.869746 0 0 0 0
0 111 37 381.463 244.58 0.878662 354.202 273.85 0.777762 352.149 273.966 0.935435 359.992 320.805 0.750669 375.645 348.262 0.661741 363.935 271.965 0.723195 371.774 307.15 0.202664 383.45 322.89 0.170501 350.284 340.426 0.815398 363.936 395.196 0.787052 320.839 414.866 0.808833 367.757 336.496 0.814661 397.142 381.498 0.825543 399.065 430.414 0.773626 375.628 242.54 0.81071 0 0 0 361.939 242.727 0.835639 0 0 0 0
0 111 38 385.438 254.323 0.643748 361.981 272.006 0.696759 354.15 273.843 0.83422 363.908 320.805 0.73155 383.519 350.223 0.747681 367.766 271.892 0.640041 379.541 313.049 0.246573 393.228 344.315 0.201103 354.198 344.35 0.758555 377.577 395.232 0.811898 330.631 420.668 0.733787 369.842 338.46 0.719357 403.06 383.511 0.762483 397.244 430.425 0.797117 383.451 246.542 0.637557 0 0 0 369.781 246.555 0.669079 0 0 0 0
0 111 39 397.104 250.4 0.433416 369.806 271.919 0.695126 367.781 272.022 0.866351 371.758 318.96 0.754211 391.308 350.145 0.75499 377.639 269.935 0.625002 383.554 307.247 0.198528 399.096 346.261 0.173222 367.774 342.411 0.78474 391.299 393.258 0.795371 336.475 414.815 0.821413 381.477 338.453 0.727213 408.917 383.568 0.681997 397.244 430.495 0.841409 391.329 242.687 0.439381 0 0 0 379.59 244.561 0.549177 0 0 0 0
0 111 40 399.121 252.413 0.641316 377.605 273.838 0.765909 369.801 273.867 0.891064 379.481 318.845 0.785348 397.137 348.196 0.79159 381.557 271.978 0.760102 387.436 314.991 0.318579 401.106 342.411 0.233662 367.788 342.362 0.828518 397.24 383.541 0.893606 354.155 414.709 0.823017 381.536 338.481 0.757407 408.932 383.41 0.652566 399.146 430.404 0.873929 397.176 246.513 0.627608 0 0 0 383.538 248.483 0.757718 0 0 0 0
0 111 41 403.077 256.232 0.652083 381.575 273.911 0.788619 381.443 273.974 0.899672 385.487 318.91 0.888589 412.769 348.279 0.953629 385.4 272.014 0.698567 395.149 316.964 0.226135 412.819 344.272 0.15655 369.839 340.418 0.818613 406.983 381.588 0.868623 377.611 418.682 0.687743 383.49 336.6 0.696303 414.793 381.493 0.616568 399.178 426.486 0.765609 399.2 250.464 0.655803 0 0 0 389.345 252.403 0.768886 0 0 0 0
0 111 42 412.757 250.404 0.541149 385.422 273.866 0.751128 383.393 273.891 0.923776 395.141 318.913 0.843413 414.755 348.243 0.868905 393.279 272.011 0.682999 399.133 316.984 0.262981 416.721 346.243 0.230917 381.463 342.394 0.809795 414.793 381.556 0.942086 383.515 426.448 0.830464 395.147 338.456 0.717798 426.481 379.577 0.607604 399.2 424.554 0.733848 408.877 242.691 0.531175 0 0 0 397.105 246.514 0.673509 0 0 0 0
0 111 43 414.775 252.393 0.575088 393.288 272.021 0.70808 387.362 273.92 0.83132 399.16 320.829 0.857775 428.505 350.177 0.950379 397.198 271.871 0.666548 401.137 316.885 0.209137 420.674 336.524 0.112681 381.506 338.553 0.808597 422.642 383.411 0.851039 395.151 432.432 0.728794 391.303 336.521 0.653193 426.511 381.475 0.571218 401.106 428.452 0.581199 412.772 246.489 0.563037 0 0 0 399.112 246.554 0.681649 0 0 0 0
0 111 44 416.755 256.343 0.587482 395.202 273.897 0.731164 397.137 275.868 0.878929 406.927 318.941 0.857887 430.492 348.224 0.888246 391.312 271.945 0.614307 399.213 318.822 0.139452 0 0 0 383.55 342.378 0.806419 426.525 383.427 0.90116 412.8 438.242 0.783129 383.447 338.503 0.672412 412.792 383.535 0.6304 401.088 434.324 0.697089 414.747 254.302 0.602801 0 0 0 403.06 254.324 0.772529 0 0 0 0
0 111 45 426.536 258.209 0.658009 397.243 273.972 0.784953 399.217 275.904 0.855111 412.913 320.845 0.909413 444.018 350.168 0.941617 395.196 272.028 0.679918 403.057 316.947 0.118996 426.49 336.504 0.100279 387.392 344.326 0.790122 428.524 383.502 0.94471 428.408 442.199 0.916236 383.444 340.463 0.67234 412.82 387.385 0.639053 399.207 428.527 0.713231 420.672 254.377 0.614297 428.549 256.244 0.0619886 410.905 254.388 0.751708 0 0 0 0
0 111 46 430.41 256.324 0.606925 403.052 273.894 0.790079 410.812 274.024 0.828705 420.653 322.793 0.867347 449.981 352.227 0.874409 399.134 271.937 0.757958 412.882 314.986 0.114861 0 0 0 397.123 346.253 0.794544 430.399 387.409 0.903937 432.453 444.212 0.955398 389.324 340.44 0.62918 412.791 387.354 0.68549 399.082 430.413 0.836424 428.45 254.275 0.57963 0 0 0 414.888 254.275 0.801433 0 0 0 0
0 111 47 436.28 258.207 0.768671 410.854 274.002 0.774819 412.902 277.871 0.815988 426.541 322.882 0.86754 459.682 352.205 0.897189 401.15 272.007 0.694146 414.771 318.922 0.102509 0 0 0 399.15 350.151 0.848527 432.362 393.281 0.857206 444.119 446.039 0.928008 397.131 348.199 0.660519 416.78 391.266 0.648124 397.227 430.441 0.876973 430.518 256.2 0.787744 0 0 0 418.679 256.221 0.883224 0 0 0 0
0 111 48 444.058 258.325 0.687864 412.897 273.9 0.812885 414.868 275.929 0.814659 432.379 326.776 0.833449 465.63 354.203 0.860461 410.878 271.901 0.688872 424.555 316.969 0.0987305 430.499 332.585 0.0580373 399.149 348.223 0.815943 430.507 393.259 0.820757 451.944 446.089 0.871006 399.161 344.342 0.652676 422.618 391.269 0.650905 399.051 430.453 0.89015 442.108 256.296 0.680999 0 0 0 430.393 256.208 0.821291 0 0 0 0
0 111 49 446.056 262.191 0.478846 416.796 275.914 0.763142 424.541 283.686 0.785155 444.022 334.476 0.84699 473.5 354.177 0.843706 414.781 272.04 0.712567 432.364 320.828 0.109792 444.162 322.844 0.0761382 403.031 350.153 0.784091 432.423 397.201 0.846503 459.763 448.092 0.812041 401.108 348.23 0.640153 426.484 395.188 0.641682 397.254 430.473 0.856484 444.169 258.271 0.539574 0 0 0 434.382 258.181 0.842132 0 0 0 1
0 111 50 451.946 262.211 0.508123 424.578 277.846 0.711303 426.555 285.639 0.744689 448.088 336.517 0.822352 479.33 361.966 0.809536 420.642 273.858 0.667331 436.328 318.952 0.0924378 446.063 316.955 0.0586179 408.933 350.149 0.777392 440.248 397.214 0.864151 463.755 453.914 0.759855 406.946 348.201 0.627137 424.529 395.21 0.655154 399.101 432.366 0.856605 448.083 258.286 0.586581 0 0 0 438.259 258.233 0.789061 0 0 0 1
0 111 51 459.732 268.042 0.522727 430.351 285.63 0.780057 432.401 289.551 0.777461 459.683 338.457 0.871253 490.996 363.849 0.783038 426.536 275.898 0.65011 444.178 326.732 0.0806863 0 0 0 412.761 352.159 0.796855 444.117 399.05 0.879325 465.669 459.681 0.793875 408.938 350.195 0.635217 428.49 395.212 0.637203 399.116 430.528 0.860474 457.773 260.249 0.547028 0 0 0 446.028 260.245 0.754365 0 0 0 1
0 111 52 463.745 269.98 0.540957 436.3 287.601 0.790681 444.136 291.536 0.810159 463.722 340.445 0.811367 493.076 365.893 0.850269 430.381 279.779 0.682994 436.34 332.533 0.0584818 0 0 0 416.757 350.268 0.778986 446.061 397.236 0.903876 463.747 457.758 0.813959 412.785 348.268 0.693278 430.492 395.182 0.708508 399.214 430.453 0.860817 461.748 262.167 0.558334 0 0 0 448.109 262.195 0.71199 0 0 0 1
0 111 53 473.472 271.889 0.465294 442.201 287.558 0.789451 444.192 289.646 0.782372 471.497 346.26 0.769253 498.885 365.923 0.774749 436.281 279.748 0.626734 451.958 328.695 0.053044 0 0 0 418.676 350.156 0.771446 448.111 399.135 0.850481 463.765 455.853 0.829354 414.778 346.329 0.659743 434.379 395.231 0.700697 401.064 430.43 0.866758 467.646 264.139 0.464644 0 0 0 459.699 262.182 0.682611 0 0 0 1
0 111 54 479.349 271.961 0.420537 446.133 287.656 0.851806 457.786 295.406 0.735765 475.422 348.229 0.85988 506.752 369.835 0.792957 440.25 279.817 0.677892 455.852 324.788 0.0570514 473.453 334.588 0.0591678 426.469 352.197 0.77948 455.863 401.116 0.814033 463.722 455.88 0.818352 414.784 348.277 0.720287 444.127 397.124 0.635096 403.01 430.389 0.802442 477.369 266.091 0.443832 0 0 0 467.603 266.093 0.72079 0 0 0 1
0 111 55 489.129 273.861 0.484859 451.948 287.69 0.84225 461.693 297.393 0.76524 481.358 350.275 0.822124 510.682 377.637 0.7954 444.132 279.822 0.706853 414.796 307.165 0.0764564 0 0 0 428.546 358.026 0.780725 459.689 401.077 0.807468 463.768 450.054 0.818291 418.665 352.168 0.735836 446.087 397.235 0.680517 403.057 430.427 0.791548 485.233 269.96 0.482249 0 0 0 475.464 268.073 0.736277 0 0 0 1
0 111 56 491.008 279.767 0.392208 455.901 291.593 0.833282 461.785 305.208 0.739136 491.068 352.166 0.892387 520.443 379.568 0.82079 446.039 287.536 0.717722 479.337 324.81 0.0697177 0 0 0 432.405 361.971 0.789641 459.822 403.033 0.83444 465.664 450.008 0.828058 426.512 356.061 0.717779 444.145 399.181 0.632868 404.999 430.38 0.724201 489.053 273.901 0.419981 0 0 0 477.381 273.933 0.716229 0 0 0 1
0 111 57 494.967 283.67 0.396 461.752 293.499 0.901445 477.311 307.145 0.807196 493.035 352.284 0.92178 522.481 381.49 0.832665 448.056 285.683 0.787802 414.84 301.232 0.664021 414.725 307.206 0.313131 432.446 363.855 0.814964 461.68 403.045 0.813504 465.698 450.037 0.83291 426.468 354.161 0.727054 444.121 399.167 0.709998 405.008 430.473 0.811349 493.069 275.852 0.424774 0 0 0 485.232 275.841 0.771114 0 0 0 1
0 111 58 504.802 285.646 0.344339 469.535 291.583 0.875329 481.319 305.275 0.803974 494.997 354.141 0.880015 524.437 383.399 0.880346 457.791 283.725 0.776487 420.663 301.325 0.702515 414.867 309.115 0.233943 438.256 363.942 0.83031 461.742 405.031 0.820527 467.601 451.956 0.840835 426.524 354.159 0.733494 444.063 399.211 0.704169 403.073 430.522 0.767711 504.721 275.933 0.355872 0 0 0 493.151 275.83 0.875596 475.531 269.981 0.10078 1
0 111 59 506.725 287.649 0.48539 475.487 299.372 0.851592 0 0 0 0 0 0 0 0 0 469.586 289.584 0.45681 430.344 299.309 0.34124 414.847 305.299 0.236589 434.363 358.062 0.739688 461.701 401.091 0.854578 467.579 450.047 0.867047 440.172 360.025 0.689537 442.177 401.142 0.508993 408.907 434.347 0.646666 504.805 279.824 0.413144 0 0 0 495.074 275.924 0.712066 0 0 0 1
0 111 60 510.625 287.631 0.376162 477.416 299.34 0.932471 491.102 314.998 0.848929 506.723 356.075 0.875109 534.078 381.456 0.80936 463.715 285.625 0.812751 430.406 295.453 0.73141 424.552 305.226 0.425541 444.106 358.021 0.786682 459.78 401.113 0.808223 465.696 450.019 0.842535 428.463 350.154 0.76699 432.42 399.15 0.865597 406.953 444.087 0.825285 508.727 283.685 0.393811 0 0 0 502.861 281.77 0.783701 487.17 272.015 0.106597 1
0 111 61 514.548 287.64 0.559473 479.357 299.351 0.891849 491.158 316.971 0.8514 508.68 356.087 0.857219 536.101 381.497 0.830399 467.665 285.625 0.750195 432.418 293.476 0.738596 426.457 305.17 0.512321 444.192 361.921 0.804817 459.844 403.054 0.790712 465.663 450.044 0.84632 428.51 350.257 0.7931 432.355 399.089 0.851891 410.847 440.237 0.774444 510.665 283.705 0.548847 0 0 0 504.726 281.764 0.794889 0 0 0 1
0 111 62 518.433 287.632 0.689069 483.249 299.318 0.861334 493.06 316.898 0.820235 508.75 354.158 0.837889 534.1 379.581 0.756066 473.489 283.726 0.733143 436.27 291.534 0.745523 424.583 305.214 0.520515 446.079 363.845 0.827919 461.732 406.941 0.845615 465.625 451.929 0.852263 430.381 352.132 0.793052 428.528 399.146 0.845198 412.776 444.039 0.761324 512.609 283.694 0.629503 0 0 0 504.779 279.816 0.77019 0 0 0 1
0 111 63 520.358 289.573 0.272841 485.248 299.361 0.857738 495.012 316.988 0.81581 516.494 361.957 0.777378 539.988 383.401 0.77658 475.375 285.625 0.761371 434.376 291.592 0.737444 428.456 305.196 0.433622 446.164 367.813 0.776408 461.726 408.939 0.766626 465.65 450.025 0.829165 428.42 356.082 0.759121 414.875 436.298 0.779703 373.677 461.703 0.195192 518.438 287.509 0.27109 0 0 0 510.642 285.601 0.721029 493.043 272.04 0.205101 1
0 111 64 518.503 291.568 0.220679 489.094 301.27 0.856199 498.891 318.862 0.803596 520.365 365.782 0.789396 541.992 383.46 0.766911 475.462 285.658 0.738918 434.359 291.575 0.740007 432.395 307.16 0.248381 448.049 365.921 0.75577 461.72 410.818 0.778578 465.661 450.03 0.806999 428.379 354.103 0.758178 414.825 438.244 0.776143 0 0 0 518.463 289.492 0.222006 0 0 0 512.58 287.582 0.686543 496.973 273.996 0.230806 1
0 111 65 522.332 291.511 0.233986 490.984 301.314 0.903075 500.9 318.861 0.8159 522.298 365.826 0.829276 547.827 385.426 0.709428 475.508 287.53 0.754314 436.291 293.45 0.747639 426.534 305.167 0.367002 448.052 365.917 0.757997 461.705 408.889 0.751406 465.647 450.021 0.816026 428.391 354.12 0.791474 414.868 434.368 0.711429 414.738 438.268 0.172239 522.31 287.692 0.248718 0 0 0 514.575 287.59 0.745791 502.79 273.971 0.237463 1
0 111 66 522.325 301.23 0.536844 491.031 303.199 0.935896 500.895 318.977 0.810824 522.344 365.832 0.81264 541.98 383.44 0.749879 477.424 287.574 0.790217 438.25 291.482 0.737526 428.525 305.185 0.428845 448.019 365.816 0.7675 461.73 408.91 0.750376 465.637 450.051 0.780211 426.557 352.193 0.782212 426.475 397.2 0.523902 414.762 440.197 0.583917 522.295 291.592 0.535087 0 0 0 510.688 289.545 0.827292 495.075 279.788 0.1108 1
0 111 67 524.292 301.243 0.482994 492.958 303.276 0.954462 504.819 320.877 0.836412 522.442 367.781 0.85613 549.775 385.469 0.725278 479.363 287.62 0.820668 440.197 291.56 0.726253 428.542 303.273 0.36431 448.106 363.89 0.749265 461.718 401.149 0.771664 465.628 448.068 0.828254 428.466 352.12 0.795843 428.369 387.427 0.608308 414.82 432.453 0.76583 522.485 293.471 0.4787 0 0 0 514.591 289.636 0.797455 504.734 279.82 0.161665 1
0 111 68 524.339 301.333 0.726671 492.95 303.322 0.94036 504.803 322.811 0.800238 524.32 367.839 0.845476 553.632 387.427 0.752367 479.358 287.645 0.800417 436.289 293.464 0.722302 428.49 305.23 0.254019 450.02 363.883 0.757838 461.737 403.074 0.833332 465.631 449.983 0.837435 428.494 352.112 0.821612 426.442 391.318 0.704627 414.864 434.355 0.782057 524.297 293.501 0.694958 0 0 0 512.605 289.599 0.836196 0 0 0 1
0 111 69 526.339 301.326 0.822988 491.158 305.152 0.937709 504.784 320.908 0.820244 524.311 365.922 0.866064 551.685 385.472 0.778377 479.336 289.5 0.827863 436.318 293.473 0.732817 416.747 303.301 0.511628 450.023 363.859 0.762441 461.722 404.973 0.857736 463.74 448.116 0.855805 430.362 352.129 0.819981 424.566 389.373 0.639551 414.836 434.339 0.794283 526.265 293.465 0.794991 0 0 0 512.615 289.582 0.883035 0 0 0 1
0 111 70 528.263 301.341 0.88984 492.983 305.169 0.938206 506.648 320.906 0.84345 524.335 367.762 0.889721 553.688 389.333 0.796883 479.375 289.526 0.811918 440.23 293.499 0.737074 420.643 301.3 0.496341 449.972 361.98 0.753348 461.717 403.03 0.821126 463.719 448.079 0.87372 430.358 350.269 0.82782 422.638 391.294 0.630611 414.805 438.243 0.796157 526.312 293.444 0.856987 534.123 299.371 0.22311 512.594 289.527 0.870729 0 0 0 1
0 111 71 532.154 303.211 0.898051 493.072 305.163 0.941605 506.719 320.908 0.860833 524.369 365.943 0.898327 553.752 389.357 0.79575 481.31 289.521 0.817215 442.135 293.462 0.710333 424.541 301.268 0.535115 450.052 363.856 0.746116 461.734 403.059 0.80429 463.725 448.05 0.873951 430.419 350.277 0.829121 422.607 389.369 0.571132 414.795 436.274 0.787177 528.275 295.462 0.831074 0 0 0 514.61 289.664 0.845329 0 0 0 1
0 111 72 532.177 303.243 0.903243 493.112 305.193 0.925824 506.756 320.894 0.858436 524.418 367.766 0.903087 555.637 391.337 0.781566 481.326 289.558 0.782269 442.158 295.426 0.691883 426.486 301.301 0.517839 450.03 363.879 0.738243 461.788 405.009 0.771258 463.706 448.06 0.861633 430.42 352.14 0.817064 424.559 385.45 0.521725 414.783 436.289 0.773751 530.191 295.462 0.821508 536.135 303.159 0.258602 516.52 289.599 0.80999 0 0 0 1
0 111 73 532.203 303.328 0.867329 493.142 305.298 0.915528 506.798 322.874 0.862435 526.373 367.933 0.846642 557.614 393.266 0.745222 483.244 289.625 0.750624 442.145 297.373 0.688726 426.473 301.307 0.469232 450.03 363.843 0.742943 461.808 408.875 0.795694 463.72 448.072 0.870967 430.395 350.24 0.832365 418.694 397.124 0.682393 414.777 438.229 0.755736 528.302 299.352 0.799014 537.951 301.321 0.341804 516.506 291.564 0.781876 0 0 0 1
0 111 74 532.163 305.133 0.88969 495.03 307.169 0.906099 506.809 324.763 0.853917 526.376 367.86 0.869699 557.604 391.27 0.713422 483.305 289.666 0.755201 444.061 297.396 0.695086 428.432 303.168 0.488297 450.026 363.867 0.743708 461.791 410.851 0.750478 463.705 450.034 0.791032 430.411 352.123 0.818885 463.69 401.127 0.484795 463.689 444.148 0.308433 528.25 299.373 0.826836 537.944 303.156 0.463753 516.486 291.569 0.784182 0 0 0 1
0 111 75 532.193 305.258 0.879882 495.047 307.233 0.893067 506.825 326.728 0.863169 530.209 369.808 0.836908 559.571 391.335 0.716863 485.232 291.54 0.7229 442.194 301.263 0.681012 428.536 303.332 0.329145 446.163 361.969 0.702989 461.765 410.888 0.4632 463.768 446.171 0.488107 430.448 352.127 0.810806 463.66 406.931 0.774492 463.73 448.072 0.678313 528.301 303.161 0.857025 537.964 303.329 0.380839 516.519 293.523 0.797321 0 0 0 1
0 111 76 536.016 305.302 0.820612 498.887 309.107 0.877941 508.653 326.707 0.842394 528.288 367.909 0.829799 559.573 389.344 0.711489 489.136 291.566 0.725186 446.035 299.352 0.661526 430.391 303.208 0.411721 448.067 361.968 0.727219 463.671 410.88 0.640899 465.639 450.046 0.684123 430.462 350.261 0.814986 463.772 404.968 0.578239 463.748 446.102 0.450338 532.199 303.247 0.796652 538.047 303.366 0.342533 522.326 299.313 0.769572 0 0 0 1
0 111 77 536.102 307.171 0.748296 500.855 311.074 0.875954 508.753 328.723 0.842659 530.238 369.796 0.807497 563.489 391.307 0.716039 491.057 293.45 0.734362 446.122 301.275 0.699411 430.466 303.243 0.484804 450.021 363.874 0.739869 463.764 410.797 0.756242 465.64 450.032 0.835289 430.461 352.115 0.807245 467.632 399.089 0.348725 459.853 440.201 0.139638 536.046 303.32 0.744607 538.111 305.206 0.225337 524.28 301.303 0.80119 508.73 287.658 0.0717197 1
0 111 78 537.995 309.15 0.791347 498.93 313.075 0.870349 508.772 330.663 0.855626 530.235 369.817 0.819957 559.547 393.217 0.758613 489.135 295.47 0.736206 444.173 303.205 0.727994 430.468 303.344 0.398762 449.979 363.933 0.763976 465.695 408.919 0.751934 463.771 449.994 0.854081 430.428 352.16 0.804604 420.643 403.051 0.455909 412.904 438.287 0.588948 537.967 305.185 0.812277 0 0 0 524.354 303.194 0.878111 0 0 0 1
0 111 79 537.994 312.999 0.801007 500.892 315.001 0.87099 508.782 332.574 0.85563 530.228 369.817 0.79722 557.64 393.235 0.784556 491.062 299.328 0.724226 444.118 303.254 0.762116 434.338 305.201 0.340018 449.992 363.919 0.759806 471.522 410.828 0.727702 465.622 451.955 0.825038 430.469 352.148 0.793885 422.569 401.08 0.399744 412.85 438.289 0.541615 536.129 305.246 0.811892 539.89 307.212 0.231531 524.316 303.219 0.86764 0 0 0 1
0 111 80 537.99 313.052 0.787355 500.889 316.922 0.869615 510.664 332.645 0.852074 534.123 375.619 0.784368 557.686 395.229 0.814733 491.042 301.264 0.723364 442.161 303.313 0.785847 436.295 307.217 0.216692 450.021 365.819 0.754769 473.466 408.9 0.725951 465.634 451.94 0.829043 430.444 352.209 0.787534 414.798 422.598 0.401095 412.855 438.243 0.438598 537.934 305.279 0.790694 539.907 307.198 0.271639 524.327 303.278 0.863804 0 0 0 1
0 111 81 538.034 315.016 0.885238 502.84 318.816 0.873839 512.579 334.521 0.828476 536.051 375.669 0.807267 559.533 397.144 0.83411 491.065 303.203 0.713785 444.095 303.344 0.786081 432.375 305.27 0.228945 446.167 365.858 0.757587 475.358 406.994 0.596075 467.593 453.873 0.676593 430.492 354.15 0.747002 475.4 399.175 0.552198 461.808 444.199 0.417459 537.954 305.317 0.860595 539.976 309.137 0.335877 524.271 303.267 0.870229 0 0 0 1
0 111 82 538.104 316.937 0.879623 504.757 318.812 0.876774 510.709 332.639 0.804951 536.078 377.577 0.810597 561.553 399.067 0.768818 493.01 303.224 0.717691 444.18 303.322 0.764842 430.494 305.182 0.351192 446.122 365.894 0.742425 475.387 408.899 0.514704 471.477 451.93 0.55582 432.387 356.084 0.713561 475.344 403.042 0.63392 463.754 446.163 0.480731 538.077 307.198 0.852037 540.034 314.992 0.271866 524.429 303.32 0.896686 0 0 0 1
0 111 83 538.121 316.931 0.866284 504.787 318.858 0.878977 514.547 334.558 0.807689 536.062 379.513 0.803919 559.564 397.204 0.778118 492.989 303.23 0.701067 444.139 303.35 0.753718 430.435 305.166 0.429687 448.016 365.848 0.753689 475.439 408.892 0.646227 469.534 453.88 0.729286 430.52 354.143 0.725087 475.399 401.107 0.492793 463.715 444.145 0.324539 538.051 307.18 0.838925 540.098 313.027 0.357755 524.362 305.135 0.876567 0 0 0 1
0 111 84 539.937 318.871 0.825733 506.645 318.97 0.925694 514.564 336.45 0.809812 536.122 379.557 0.816463 557.679 397.217 0.794721 493.089 305.168 0.721875 446.151 303.348 0.774977 430.422 305.16 0.551869 446.183 365.829 0.779215 475.474 410.817 0.649715 469.585 453.904 0.701306 432.437 354.125 0.702399 475.413 404.988 0.515723 463.702 444.201 0.398288 538.066 311.118 0.757404 540.148 316.984 0.241449 524.421 305.334 0.829817 0 0 0 1
0 111 85 539.982 318.998 0.828856 504.822 320.825 0.919019 510.723 336.55 0.778495 536.074 379.563 0.78816 565.435 403.049 0.702696 493.105 305.189 0.708735 446.107 303.358 0.788525 430.403 305.279 0.504389 446.086 363.943 0.729249 418.733 414.777 0.435649 412.809 442.159 0.540764 436.3 354.171 0.677611 475.446 408.883 0.756866 467.614 451.963 0.690084 538.108 315.03 0.7696 540.19 318.938 0.180224 524.457 307.251 0.795914 0 0 0 1
0 111 86 539.986 320.858 0.760513 506.674 320.835 0.930224 514.562 336.597 0.772015 538.025 381.552 0.819877 569.279 410.846 0.686001 493.112 305.166 0.744934 444.164 305.174 0.798054 430.399 305.257 0.458849 448.115 365.86 0.736186 475.535 410.803 0.703351 471.529 451.973 0.739856 432.426 354.135 0.712369 475.406 403.063 0.404821 463.731 444.166 0.321398 538.134 318.807 0.739073 0 0 0 526.38 311.115 0.766004 0 0 0 1
0 111 87 540.043 320.873 0.615093 506.741 320.835 0.915661 514.576 336.597 0.768954 536.032 381.471 0.7703 561.547 408.894 0.669739 495.04 305.206 0.721458 444.105 305.183 0.788921 430.527 305.233 0.353723 451.947 365.934 0.711111 477.343 410.808 0.766474 471.526 451.989 0.789118 432.369 354.18 0.727385 422.591 399.228 0.454102 412.788 442.157 0.645838 539.971 318.847 0.643859 0 0 0 530.229 315.024 0.766494 522.313 301.272 0.0565019 1
0 111 88 540.051 320.869 0.445539 508.615 320.85 0.933551 516.546 338.502 0.782215 537.993 383.441 0.800564 565.452 412.793 0.705683 496.963 305.191 0.755538 446.074 305.181 0.799118 432.455 305.154 0.474963 451.966 367.808 0.675343 477.373 408.906 0.737103 471.488 451.985 0.776314 430.502 358.017 0.734641 475.416 401.092 0.336 461.779 442.2 0.265627 540.054 318.86 0.47192 0 0 0 536.041 316.922 0.762058 522.421 301.347 0.152167 1
0 111 89 540.049 320.915 0.449294 506.806 320.891 0.920706 518.435 340.43 0.768463 538.083 385.469 0.772195 563.479 408.877 0.605095 496.948 305.204 0.746317 446.048 305.188 0.791506 430.528 305.239 0.48845 451.955 367.829 0.649835 477.345 410.807 0.626545 471.517 453.934 0.65352 432.396 358.04 0.709861 475.441 403.036 0.478923 463.716 444.168 0.395916 540.036 318.906 0.482705 0 0 0 534.161 316.962 0.738508 522.412 301.32 0.130505 1
0 111 90 540.025 322.869 0.241508 508.63 322.827 0.913942 520.386 348.205 0.787892 543.916 393.287 0.660449 567.358 395.237 0.455552 496.95 305.198 0.751698 446.037 305.212 0.787757 432.377 305.215 0.454199 453.903 367.832 0.669638 477.351 410.855 0.77637 469.598 455.839 0.817234 430.504 356.125 0.738776 475.362 401.112 0.317424 461.706 438.287 0.165833 540.053 320.851 0.266343 0 0 0 537.951 318.992 0.741863 522.405 303.244 0.247706 1
0 111 91 540.102 324.782 0.44901 508.63 322.865 0.911685 518.425 346.317 0.772787 539.944 389.381 0.714075 563.512 406.945 0.541661 498.904 305.251 0.734967 446.089 305.199 0.773134 432.419 305.164 0.489303 449.98 367.785 0.687836 477.386 410.848 0.675876 471.494 455.886 0.731325 432.383 356.094 0.71143 475.465 404.972 0.487349 465.656 446.046 0.346284 541.923 320.839 0.481398 0 0 0 536.096 318.943 0.796789 522.488 303.32 0.114737 1
0 111 92 540.05 324.827 0.430205 508.616 322.852 0.915954 518.444 346.305 0.769577 538.078 387.38 0.718839 561.522 403.056 0.507474 498.887 305.222 0.747416 446.12 305.19 0.786756 430.522 303.347 0.45175 451.971 365.914 0.691858 477.351 410.888 0.72044 469.599 455.866 0.754779 432.393 354.112 0.722853 475.48 404.96 0.418343 465.641 444.185 0.283167 540.06 320.893 0.462429 0 0 0 536.067 318.986 0.772963 522.5 303.303 0.140328 1
0 111 93 540.033 324.817 0.441197 508.633 322.823 0.921719 516.543 346.275 0.777799 538.027 387.395 0.747002 559.619 410.891 0.603166 498.922 305.205 0.753237 448.071 305.199 0.766024 434.344 305.147 0.518184 451.957 365.908 0.692042 477.363 410.906 0.663198 471.476 455.871 0.705674 432.419 354.118 0.714295 475.487 404.981 0.493345 469.542 446.116 0.335728 540.036 320.901 0.473155 0 0 0 536.053 318.993 0.76956 522.519 303.297 0.148865 1
0 111 94 540.016 324.822 0.38527 508.668 322.828 0.921755 518.448 346.312 0.800515 538.05 387.407 0.764841 559.588 412.849 0.636526 498.95 305.195 0.751969 448.104 305.19 0.756231 432.39 303.348 0.536878 452.001 367.779 0.674067 477.363 410.861 0.712707 469.602 455.85 0.781816 432.4 354.143 0.719251 475.482 403.021 0.382734 469.516 444.159 0.209776 540.016 320.931 0.408945 0 0 0 536.083 320.812 0.750171 522.512 303.247 0.205511 1
0 111 95 539.978 324.793 0.531635 508.64 322.797 0.920376 516.515 344.378 0.777906 538.05 387.405 0.759866 561.516 412.768 0.638753 500.861 305.187 0.733338 446.13 305.145 0.7355 436.286 305.13 0.385577 451.943 365.895 0.672895 477.345 410.853 0.615985 471.533 453.942 0.697897 432.435 352.242 0.708598 477.319 403.016 0.480336 469.578 446.096 0.326265 539.945 320.886 0.565203 0 0 0 534.118 318.946 0.751924 522.513 303.191 0.11456 1
0 111 96 539.983 324.812 0.515157 508.618 320.95 0.910129 516.554 344.374 0.79167 537.963 387.378 0.789086 555.757 414.73 0.731856 498.922 305.168 0.742098 446.052 305.148 0.743614 436.334 305.143 0.384249 455.849 367.772 0.685814 477.317 410.858 0.76683 471.476 453.897 0.817427 432.417 354.109 0.722488 414.826 412.841 0.535918 403.097 444.155 0.614169 539.96 320.887 0.546434 0 0 0 534.162 318.948 0.785143 522.471 303.208 0.139779 1
0 111 97 539.997 322.813 0.634484 506.796 320.951 0.923225 518.435 342.417 0.780882 536.052 385.414 0.76943 557.618 410.81 0.663487 496.986 305.197 0.746494 446.137 305.122 0.731474 432.411 305.155 0.453313 451.981 365.903 0.658547 414.88 416.747 0.391476 404.994 442.189 0.380421 434.337 354.127 0.688553 475.48 406.915 0.64739 471.514 448.107 0.490087 539.948 318.99 0.67788 0 0 0 532.203 318.823 0.802363 522.483 303.221 0.0668556 1
0 111 98 540.022 320.957 0.625531 506.764 320.934 0.92461 516.533 342.395 0.760074 534.132 383.512 0.778246 555.716 412.766 0.723446 496.947 303.319 0.764659 444.184 305.137 0.765011 430.414 305.254 0.391394 455.858 365.925 0.708873 475.538 412.754 0.672114 471.516 453.947 0.711196 434.333 352.247 0.696535 475.487 405.003 0.473296 471.511 446.064 0.321076 539.953 318.95 0.66559 0 0 0 532.165 318.823 0.810623 522.39 301.287 0.0778448 1
0 111 99 539.941 322.798 0.325046 506.767 320.863 0.92348 518.443 342.365 0.783991 532.193 383.435 0.796613 555.611 412.872 0.796463 495.039 303.231 0.775849 444.082 305.132 0.759428 430.455 309.165 0.230895 457.844 365.912 0.714551 475.475 410.899 0.828265 471.487 451.993 0.835583 432.406 352.187 0.718026 420.654 395.182 0.642286 401.125 442.157 0.797174 539.934 320.774 0.353609 0 0 0 536.009 318.893 0.799948 522.309 301.333 0.226713 1
0 111 100 538.114 320.953 0.641545 506.671 320.806 0.939317 512.665 336.592 0.789797 528.23 381.428 0.802796 555.576 410.874 0.785568 495.012 303.3 0.770088 444.136 303.341 0.75742 430.388 305.207 0.420798 453.946 365.831 0.743153 475.493 410.893 0.791135 469.591 453.904 0.804096 432.446 352.16 0.686779 420.625 395.19 0.601263 401.058 442.176 0.723424 538.076 318.944 0.676972 0 0 0 530.179 316.9 0.789176 0 0 0 1
0 111 101 536.105 320.828 0.681905 506.628 320.815 0.938469 510.719 336.595 0.780688 526.308 377.634 0.761221 553.713 404.979 0.680207 494.985 303.233 0.781277 446.074 303.267 0.727634 428.484 305.239 0.509667 450.055 363.912 0.750505 475.47 410.824 0.624848 471.505 451.985 0.667028 434.371 352.146 0.702111 475.387 405.009 0.548869 469.526 446.165 0.459341 536.053 318.833 0.652642 539.911 318.968 0.208321 524.454 313.032 0.773753 0 0 0 1
0 111 102 539.972 318.93 0.654235 504.814 318.859 0.917763 510.715 334.607 0.801112 526.274 379.501 0.816192 551.74 412.758 0.803334 493.066 301.332 0.746794 444.163 303.317 0.73455 428.459 305.309 0.456607 453.945 363.877 0.754998 475.369 410.801 0.795379 469.542 453.877 0.802166 432.431 350.225 0.720737 418.72 389.381 0.679863 401.117 438.266 0.734075 538.12 315.022 0.610846 0 0 0 528.243 309.132 0.747682 0 0 0 1
0 111 103 538.023 318.889 0.608688 504.705 316.98 0.877463 510.66 334.541 0.834309 526.296 377.574 0.795462 553.615 412.733 0.776208 491.152 299.365 0.743957 444.145 303.294 0.725697 430.366 305.264 0.411019 455.842 361.964 0.743925 475.376 406.954 0.821766 467.643 451.936 0.834128 432.389 350.179 0.726189 420.678 385.487 0.725631 401.079 436.313 0.782185 537.977 314.953 0.575655 0 0 0 526.301 307.223 0.798005 0 0 0 1
0 111 104 539.924 313.058 0.333827 504.725 315.011 0.861089 508.8 332.61 0.824403 526.308 377.601 0.808378 553.593 412.738 0.789136 493.037 295.454 0.739494 444.092 303.288 0.497833 430.508 307.225 0.196772 453.921 358.018 0.690438 473.468 408.902 0.853184 467.604 451.986 0.823535 430.493 338.482 0.694409 418.725 385.504 0.773131 399.14 438.228 0.820519 539.908 307.189 0.374889 0 0 0 528.314 305.295 0.792592 522.225 289.705 0.131678 0
0 111 105 538.075 307.161 0.221224 502.811 311.119 0.833877 508.789 330.649 0.806663 526.353 375.634 0.785815 553.655 408.88 0.74705 491.089 293.485 0.725632 438.246 303.192 0.592649 430.458 307.156 0.281615 453.896 356.117 0.687565 471.545 408.92 0.832088 467.629 453.91 0.823762 430.439 342.377 0.695942 420.62 385.405 0.754656 399.142 434.386 0.815467 538.074 305.13 0.248696 0 0 0 528.266 303.336 0.737304 518.419 289.534 0.153882 0
0 111 106 537.932 305.306 0.256678 500.835 309.142 0.829132 508.673 328.677 0.786136 526.277 375.627 0.806602 553.638 408.876 0.77102 491.044 291.573 0.744572 434.329 303.209 0.572087 432.362 307.202 0.186721 450.043 358.044 0.708947 469.597 408.926 0.805517 467.598 453.896 0.821929 430.382 342.38 0.691296 416.75 391.304 0.726915 397.205 438.285 0.80548 536.093 303.312 0.280412 0 0 0 526.267 303.236 0.728774 512.582 289.471 0.139553 0
0 111 107 536.055 305.245 0.240146 496.938 305.293 0.861598 508.627 322.827 0.790919 522.446 369.82 0.827886 551.695 401.087 0.73889 487.185 291.489 0.754665 436.312 301.326 0.649604 428.478 305.162 0.32719 453.938 361.92 0.716956 467.605 408.877 0.83142 467.609 451.987 0.840254 428.542 348.256 0.741546 416.783 385.475 0.714764 397.19 434.381 0.812893 536.043 303.234 0.260888 0 0 0 524.437 303.171 0.725146 510.719 287.711 0.166519 0
0 111 108 528.238 305.178 0.263459 493.101 305.301 0.895729 506.784 324.793 0.816867 524.275 371.787 0.825973 549.812 399.187 0.73093 481.327 289.614 0.818669 436.334 303.161 0.695893 426.497 305.183 0.550941 451.961 363.882 0.773213 465.645 410.844 0.880712 467.6 453.894 0.812841 428.48 350.145 0.782043 414.813 395.236 0.804236 397.115 438.256 0.804937 528.259 303.168 0.277579 0 0 0 524.33 299.359 0.759643 508.698 287.511 0.220994 0
0 111 109 0 0 0 492.998 305.251 0.917718 506.763 322.851 0.828468 522.348 371.705 0.844956 543.889 399.128 0.768168 479.326 289.572 0.83508 434.325 301.285 0.678019 418.72 305.143 0.590184 450.029 363.941 0.773395 463.771 410.873 0.905752 467.611 455.859 0.825696 428.381 350.183 0.770007 414.787 393.246 0.782408 395.249 440.243 0.782611 0 0 0 0 0 0 522.409 299.338 0.725061 506.718 285.645 0.32855 0
0 111 110 0 0 0 491.106 305.165 0.921818 506.709 320.861 0.834117 520.406 367.798 0.794119 539.947 389.369 0.751007 477.336 287.663 0.869916 430.403 301.242 0.728273 418.745 305.194 0.490676 449.98 363.941 0.783567 463.717 410.896 0.931459 467.609 457.793 0.838488 424.558 350.15 0.759411 412.906 399.131 0.880265 387.384 448.096 0.725711 0 0 0 0 0 0 518.47 295.408 0.572592 502.824 283.65 0.343287 0
0 111 111 0 0 0 489.043 303.304 0.895539 502.832 320.845 0.830045 514.581 363.9 0.754063 536.016 383.587 0.822272 471.502 287.58 0.853771 426.511 301.259 0.765194 418.706 305.185 0.395641 448.026 363.919 0.830285 463.748 410.85 0.951292 467.599 457.824 0.860782 418.743 350.153 0.777481 414.7 397.144 0.907717 385.508 446.103 0.818661 0 0 0 0 0 0 512.632 291.538 0.741468 496.995 279.806 0.32609 0
0 111 112 0 0 0 481.311 303.248 0.898975 498.881 318.978 0.858118 508.759 361.972 0.817117 528.29 383.54 0.849962 463.738 287.564 0.876135 426.541 301.241 0.776604 416.737 305.199 0.383947 446.161 365.809 0.857934 463.748 408.926 0.918027 467.608 457.816 0.847063 416.808 350.2 0.811271 412.798 399.109 0.918397 385.446 446.168 0.808902 0 0 0 0 0 0 508.756 289.54 0.84017 493.034 275.844 0.454111 0
0 111 113 0 0 0 477.47 301.326 0.91607 495.003 318.914 0.868888 506.685 358.013 0.828597 524.393 383.401 0.922494 461.759 285.602 0.892559 424.596 301.287 0.789851 412.89 305.267 0.501745 446.015 365.792 0.860019 463.76 408.926 0.901915 469.546 457.808 0.823076 414.791 350.17 0.84124 410.891 399.165 0.889793 385.442 448.059 0.788751 0 0 0 0 0 0 506.684 287.537 0.833334 490.979 273.863 0.548564 0
0 111 114 0 0 0 475.44 299.292 0.878903 492.972 315.008 0.880976 502.864 356.097 0.837749 524.276 381.568 0.929582 459.707 279.817 0.857476 414.847 301.296 0.821514 414.798 309.18 0.279683 444.144 363.888 0.824896 463.694 404.995 0.860602 469.582 453.924 0.786403 414.735 350.16 0.85862 408.912 403.045 0.83759 383.479 455.865 0.770674 0 0 0 0 0 0 500.891 283.683 0.836137 481.34 271.961 0.420312 0
0 111 115 0 0 0 471.478 291.49 0.86732 490.979 305.196 0.914623 495.044 352.234 0.874876 522.48 381.434 0.940897 450.029 277.871 0.827202 410.902 303.166 0.796651 412.839 322.827 0.405929 444.049 363.911 0.834683 461.84 410.843 0.868993 467.624 457.779 0.821918 414.699 350.163 0.833533 408.888 401.123 0.840249 383.509 451.989 0.7891 0 0 0 0 0 0 493.088 275.858 0.859739 475.524 268.045 0.480002 0
0 111 116 493.001 279.771 0.142088 461.773 289.497 0.953866 483.221 303.208 0.845401 493.053 352.147 0.916424 522.371 379.512 0.909011 444.201 275.884 0.888658 406.985 303.168 0.819158 412.803 320.897 0.428735 440.211 363.878 0.807992 461.81 408.906 0.888586 467.648 457.829 0.837886 412.757 350.229 0.801889 408.87 403.017 0.824548 383.498 453.907 0.787107 0 0 0 0 0 0 491.023 273.838 0.907513 473.474 262.161 0.250752 0
0 111 117 0 0 0 459.673 289.513 0.940931 477.388 303.169 0.894394 489.093 346.333 0.844338 510.691 367.887 0.848292 436.282 275.949 0.835343 403.069 303.193 0.766432 403.029 318.874 0.334636 434.374 361.98 0.826038 461.672 406.921 0.941877 467.638 457.748 0.853942 410.828 350.282 0.817254 408.886 401.111 0.869306 383.544 453.907 0.778779 0 0 0 0 0 0 481.342 270.015 0.851366 461.713 260.177 0.373636 0
0 111 118 0 0 0 450.003 287.615 0.906641 475.367 299.35 0.886977 481.336 338.464 0.846833 504.782 363.878 0.797289 430.393 274.002 0.92864 399.143 303.163 0.812182 403.037 316.915 0.249886 430.531 358.027 0.809574 459.731 399.159 0.935813 467.588 450.018 0.85816 406.952 350.224 0.798984 405.023 399.112 0.874206 385.456 446.176 0.844088 0 0 0 0 0 0 477.312 264.127 0.866021 459.677 256.386 0.415379 0
0 111 119 0 0 0 446.038 283.665 0.911104 467.588 289.672 0.854997 475.404 334.603 0.927245 495.005 354.141 0.843293 426.539 271.924 0.880335 397.146 301.248 0.845132 405.028 322.799 0.242642 430.391 354.108 0.843561 455.826 397.229 0.899094 467.617 450.022 0.840735 401.103 348.292 0.813467 401.145 399.126 0.89153 385.42 448.028 0.840267 0 0 0 0 0 0 473.442 260.198 0.844334 448.122 254.316 0.625164 0
0 111 120 0 0 0 440.19 283.654 0.853377 459.838 289.638 0.946459 469.585 332.636 0.832813 491.123 350.26 0.937545 414.792 273.885 0.934107 385.507 303.183 0.728488 395.186 320.839 0.181772 428.469 352.202 0.839917 450.019 397.071 0.864774 467.615 450.01 0.852519 399.093 348.295 0.864468 399.165 399.089 0.941927 385.446 448.066 0.851429 0 0 0 0 0 0 461.839 258.287 0.854863 444.076 254.29 0.517595 0
0 111 121 0 0 0 432.415 277.846 0.878232 457.841 287.681 0.926408 465.632 326.761 0.851261 489.095 350.12 0.882173 412.798 271.957 0.926349 383.557 299.322 0.718768 395.233 318.91 0.140267 428.418 352.152 0.853182 448.09 397.243 0.887276 465.65 448.042 0.876007 397.181 346.339 0.828536 397.238 397.096 0.913328 383.549 446.18 0.866527 0 0 0 0 0 0 459.707 256.347 0.886158 434.331 252.359 0.551758 0
0 111 122 0 0 0 430.378 274.022 0.946358 450.05 285.669 0.852155 461.701 322.785 0.947182 481.356 344.349 0.830673 408.919 270.008 0.839637 383.535 301.303 0.796218 389.387 311.086 0.139221 424.544 350.141 0.819553 446.179 397.109 0.929873 463.693 446.124 0.915933 395.199 340.454 0.789168 395.233 395.205 0.847972 383.565 446.167 0.863042 0 0 0 0 0 0 453.885 256.227 0.829899 430.429 246.573 0.613192 0
0 111 123 0 0 0 426.535 273.904 0.945637 446.11 283.647 0.896846 459.8 320.841 0.956391 479.367 344.338 0.848125 399.212 269.965 0.881919 381.551 301.335 0.735534 395.211 320.886 0.0951663 420.62 346.295 0.759905 444.162 383.538 0.921391 459.744 444.066 0.892391 393.211 340.478 0.771084 393.205 397.195 0.877164 385.449 446.185 0.843506 0 0 0 0 0 0 446.113 252.419 0.830995 426.481 244.543 0.470553 0
0 111 124 0 0 0 422.594 271.999 0.912595 444.223 277.823 0.900285 459.735 318.948 0.920586 477.426 342.376 0.880291 397.249 266.048 0.914911 381.573 301.282 0.512869 383.5 332.507 0.0590335 416.733 344.339 0.765287 442.098 381.473 0.823025 453.932 434.344 0.831215 387.356 340.408 0.801106 389.37 395.251 0.838718 385.506 444.205 0.834809 0 0 0 0 0 0 446.035 246.561 0.753884 422.571 240.705 0.560817 0
0 111 125 0 0 0 420.638 271.856 0.890308 444.167 274.011 0.937241 459.674 318.896 0.881868 477.339 340.438 0.90177 397.193 262.154 0.934888 381.542 301.294 0.454676 385.456 307.205 0.081205 414.851 342.402 0.77849 440.239 381.52 0.795319 446.006 432.416 0.885725 385.401 338.49 0.832842 389.341 393.281 0.804495 387.445 444.071 0.791165 0 0 0 0 0 0 444.164 242.639 0.862589 416.777 240.575 0.645151 0
0 111 126 0 0 0 418.687 266.111 0.846458 444.069 272.001 0.946638 455.825 314.969 0.826969 475.375 338.455 0.91392 397.147 260.236 0.941242 379.545 295.441 0.30587 381.546 318.939 0.0664319 414.854 336.528 0.795048 432.474 375.634 0.805969 438.267 430.447 0.828667 385.418 336.45 0.878129 385.501 395.254 0.853857 385.431 448.091 0.820555 0 0 0 0 0 0 442.181 240.658 0.834171 414.757 238.696 0.618212 0
0 111 127 0 0 0 416.792 264.108 0.865117 444.018 271.897 0.93015 451.962 311.069 0.826808 473.461 336.596 0.881932 397.133 260.181 0.965583 377.607 289.636 0.332688 385.433 309.155 0.0515707 414.834 336.543 0.787714 430.491 369.768 0.840737 430.371 428.484 0.880659 385.394 336.461 0.884904 385.429 393.279 0.815586 385.42 440.179 0.797948 0 0 0 0 0 0 440.235 240.578 0.845541 414.781 238.66 0.557096 0
0 111 128 0 0 0 414.884 260.291 0.89205 442.169 269.969 0.895502 449.994 305.247 0.873757 465.689 334.584 0.885812 395.243 258.312 0.931322 367.885 287.507 0.633965 377.571 301.288 0.154475 414.801 334.603 0.767205 428.454 367.832 0.802637 426.49 426.471 0.822351 383.588 334.532 0.85962 385.484 393.288 0.813507 383.542 444.147 0.838066 0 0 0 0 0 0 436.321 238.66 0.790622 414.716 234.781 0.56063 0
0 111 129 0 0 0 414.716 260.197 0.93592 438.278 266.101 0.837547 448.04 305.222 0.922403 465.663 334.651 0.918298 391.29 258.247 0.870252 367.901 287.621 0.629067 381.435 305.206 0.162213 414.832 334.591 0.752708 426.475 365.831 0.751655 414.858 416.746 0.898108 383.577 334.537 0.860113 385.498 391.288 0.789449 383.475 442.12 0.791081 0 0 0 0 0 0 432.448 236.727 0.772618 412.807 230.87 0.447152 0
0 111 130 0 0 0 414.721 258.313 0.960247 434.37 266.056 0.838011 448.046 305.283 0.903802 463.746 334.585 0.905973 393.278 256.323 0.869732 371.782 285.661 0.24793 0 0 0 414.768 336.462 0.77892 416.77 365.914 0.651265 412.892 414.83 0.937606 383.576 332.586 0.815084 387.355 383.517 0.793955 383.583 438.232 0.753792 0 0 0 0 0 0 432.399 232.843 0.695149 410.892 228.919 0.383867 0
0 111 131 0 0 0 412.875 258.282 0.977705 432.468 262.145 0.859913 448.098 305.138 0.893162 461.839 334.482 0.887493 393.215 256.379 0.87553 369.805 285.586 0.445188 369.817 289.616 0.109517 414.785 334.509 0.78157 416.716 367.763 0.770592 412.785 414.727 0.95469 385.405 330.678 0.846908 385.502 383.543 0.839286 383.448 432.465 0.811273 0 0 0 0 0 0 430.462 230.837 0.708951 405.02 228.883 0.341631 0
0 111 132 0 0 0 412.82 258.258 0.96844 432.436 260.264 0.870721 448.045 303.273 0.893056 461.713 330.658 0.878531 389.312 256.373 0.861526 369.761 285.625 0.492416 369.792 289.592 0.183344 414.834 332.577 0.769942 414.835 365.923 0.841773 412.764 414.719 0.977385 385.488 330.595 0.789053 387.38 381.445 0.770511 383.428 428.557 0.867107 0 0 0 0 0 0 430.412 228.947 0.636028 401.096 227.054 0.376425 0
0 111 133 0 0 0 412.794 258.21 0.97095 432.369 260.209 0.89449 446.174 303.242 0.907803 461.712 332.573 0.896729 387.404 256.32 0.870269 367.756 285.635 0.604351 365.926 289.596 0.146352 414.798 330.659 0.774121 414.729 365.929 0.796778 412.78 412.813 0.935544 385.469 326.726 0.801924 385.507 381.492 0.841889 383.457 430.44 0.849534 0 0 0 0 0 0 430.4 228.881 0.60566 401.096 226.998 0.385278 0
0 111 134 0 0 0 412.825 258.268 0.960327 432.469 260.282 0.866286 446.186 303.295 0.887856 461.717 332.587 0.886632 387.399 256.384 0.856526 367.768 287.503 0.684727 0 0 0 414.812 334.534 0.801062 414.735 365.792 0.64468 410.904 403.064 0.82286 385.427 330.647 0.80526 385.455 379.595 0.841965 385.405 432.366 0.830819 0 0 0 0 0 0 430.439 228.887 0.617095 401.082 227.017 0.412428 0
0 111 135 0 0 0 412.842 258.233 0.96977 434.378 260.211 0.874417 448.064 303.206 0.854551 461.702 328.723 0.873269 387.386 256.35 0.855257 365.87 285.668 0.72858 0 0 0 414.822 332.608 0.816271 408.932 367.863 0.452903 412.745 401.154 0.747129 385.477 324.822 0.77273 385.449 379.532 0.870253 385.479 430.517 0.809075 0 0 0 0 0 0 430.473 228.966 0.701988 403.014 228.878 0.427815 0
0 111 136 0 0 0 412.885 256.32 0.96622 436.273 258.33 0.875695 449.978 303.206 0.824335 461.656 326.764 0.868822 389.382 254.343 0.824121 365.915 285.616 0.595326 365.822 289.546 0.145888 416.77 332.598 0.755673 418.72 361.954 0.390005 416.727 397.112 0.711144 387.39 328.656 0.776913 385.469 381.458 0.83592 385.433 434.344 0.825248 0 0 0 0 0 0 432.38 227.049 0.708775 406.972 226.891 0.392638 0
0 111 137 0 0 0 414.762 256.276 0.973682 438.271 258.275 0.885028 448.104 299.377 0.818971 461.661 322.899 0.886706 395.164 252.405 0.845172 369.751 283.688 0.711841 369.806 293.461 0.177103 416.746 330.627 0.720862 424.597 350.2 0.61884 418.683 393.273 0.756214 387.404 324.786 0.816019 385.44 381.462 0.906391 383.583 434.372 0.841884 0 0 0 0 0 0 434.312 227.045 0.74854 410.906 226.9 0.396332 0
0 111 138 0 0 0 414.738 256.274 0.990318 438.296 258.189 0.909254 449.984 297.388 0.849966 461.735 322.84 0.924892 393.22 254.361 0.863707 369.828 285.606 0.663463 385.47 303.287 0.103464 422.593 326.733 0.710787 428.355 350.258 0.687167 424.576 393.234 0.796388 393.251 324.76 0.822998 387.377 379.535 0.840759 383.564 430.439 0.89663 0 0 0 0 0 0 434.336 227.016 0.76752 412.731 226.895 0.351863 0
0 111 139 0 0 0 416.723 256.307 0.952548 444.05 258.24 0.945615 451.979 297.405 0.819835 461.791 322.823 0.910859 397.08 254.347 0.9137 371.743 283.716 0.747894 379.558 295.437 0.200083 426.527 324.766 0.752676 428.524 344.34 0.670925 428.432 383.491 0.870554 397.1 322.82 0.872027 389.35 375.672 0.792792 383.563 428.527 0.863015 0 0 0 0 0 0 436.292 227.021 0.78346 412.864 226.958 0.422674 0
0 111 140 0 0 0 422.603 256.267 0.905844 444.2 256.393 0.957213 457.759 293.515 0.800766 463.718 320.963 0.882442 399.056 254.374 0.908171 373.669 283.711 0.70633 381.588 318.9 0.264781 428.537 326.714 0.789356 428.52 356.068 0.669678 428.383 393.231 0.711265 399.108 322.844 0.843083 393.275 375.649 0.777505 383.58 428.534 0.802938 0 0 0 0 0 0 440.182 226.972 0.669241 414.752 226.897 0.552685 0
0 111 141 0 0 0 424.589 254.292 0.893219 446.025 256.242 0.948381 457.768 289.637 0.83765 467.62 320.823 0.882692 399.144 252.358 0.89683 377.564 279.781 0.741787 377.628 289.586 0.293318 430.484 322.807 0.815719 430.519 350.195 0.715471 426.557 393.231 0.83192 399.218 320.902 0.864807 397.142 371.739 0.848706 385.44 428.523 0.770855 0 0 0 0 0 0 442.195 226.882 0.778385 416.724 225.007 0.522386 0
0 111 142 0 0 0 428.38 252.345 0.919248 446.126 254.333 0.919552 459.68 289.531 0.906462 471.476 318.916 0.870885 401.12 248.513 0.859421 379.544 272.022 0.753527 369.8 281.753 0.437305 432.364 320.845 0.817274 430.539 352.141 0.802837 428.452 395.226 0.880593 403.063 318.886 0.803395 399.064 363.905 0.835892 387.379 408.917 0.524298 0 0 0 0 0 0 444.091 225.026 0.686227 416.743 224.944 0.471966 0
0 111 143 0 0 0 428.437 244.635 0.927942 448.009 248.519 0.878125 459.843 287.592 0.8954 473.427 316.941 0.875316 403.013 244.589 0.86777 381.517 273.95 0.750725 379.546 285.67 0.36265 434.336 318.94 0.804578 436.297 352.218 0.856353 430.366 397.121 0.854172 408.871 316.97 0.765006 401.124 358.072 0.796996 393.272 399.091 0.69995 0 0 0 0 0 0 446.007 224.902 0.717576 420.634 219.16 0.483998 0
0 111 144 0 0 0 428.568 242.717 0.954457 448.077 246.524 0.880583 463.675 287.586 0.903909 477.427 316.921 0.884045 408.908 242.6 0.864611 383.455 271.979 0.773487 383.436 287.543 0.299882 432.389 316.923 0.809625 418.704 356.114 0.60207 397.231 397.16 0.662068 412.79 309.183 0.760169 424.584 354.113 0.596026 428.473 397.101 0.768883 0 0 0 0 0 0 446.07 222.98 0.699446 424.517 215.269 0.487993 0
0 111 145 0 0 0 430.43 242.624 0.974159 451.972 244.564 0.85149 465.688 285.662 0.900541 481.354 313.077 0.855775 410.888 240.705 0.901312 387.366 271.941 0.797966 399.077 293.476 0.207929 440.203 316.975 0.768812 440.244 354.18 0.777324 428.501 397.188 0.884786 412.864 311.084 0.796505 414.746 354.157 0.867737 397.262 397.186 0.790989 0 0 0 0 0 0 446.157 219.108 0.724832 426.494 213.337 0.518333 0
0 111 146 0 0 0 430.517 242.52 0.954209 455.821 242.653 0.876313 469.561 281.744 0.839643 487.18 307.174 0.8775 412.779 240.604 0.896237 391.297 268.05 0.695745 405.016 301.318 0.246141 442.134 311.079 0.763635 442.18 354.135 0.858334 428.54 397.167 0.868569 414.744 305.307 0.85293 416.721 352.113 0.909418 397.262 395.248 0.85891 0 0 0 0 0 0 448.012 217.144 0.663501 426.557 213.25 0.564102 0
0 111 147 0 0 0 430.5 240.548 0.925197 455.832 240.687 0.87696 473.423 277.844 0.85226 491.164 305.137 0.911006 412.755 236.765 0.850176 393.266 266.084 0.62601 401.098 301.286 0.176481 442.187 307.174 0.785264 444.037 352.183 0.902115 428.41 395.255 0.808677 414.786 305.211 0.885132 418.735 350.258 0.878572 404.998 395.173 0.757494 0 0 0 0 0 0 448.059 211.373 0.657284 428.398 211.226 0.439583 0
0 111 148 0 0 0 434.323 238.623 0.856847 457.86 240.577 0.898021 475.382 274.021 0.931044 495.024 301.292 0.845904 414.698 234.77 0.903439 397.127 264.169 0.813742 408.921 301.236 0.19779 444.132 307.228 0.812679 444.021 352.199 0.922921 430.351 399.057 0.967562 414.884 305.212 0.864239 422.6 350.254 0.835644 408.917 385.413 0.61669 0 0 0 0 0 0 451.952 209.409 0.681517 430.36 209.32 0.546554 0
0 111 149 0 0 0 438.282 230.892 0.827545 459.808 236.728 0.884806 475.501 271.892 0.917224 493.106 289.621 0.890346 414.811 228.973 0.897092 397.115 260.18 0.836005 399.172 281.744 0.239853 444.142 305.249 0.840755 444.16 350.234 0.861002 430.401 395.251 0.858134 414.878 303.332 0.834645 428.448 350.137 0.75866 416.713 385.408 0.568073 0 0 0 0 0 0 455.879 209.273 0.783211 430.495 207.363 0.553013 0
0 111 150 0 0 0 442.162 228.886 0.908825 459.843 230.845 0.898229 477.453 266.115 0.837294 496.988 285.622 0.778516 416.804 227.044 0.894423 399.132 258.281 0.757354 401.067 275.878 0.146329 448.023 301.322 0.848065 446.04 348.245 0.846999 430.429 395.219 0.838211 428.386 301.236 0.762197 432.405 344.331 0.622274 426.484 381.545 0.529415 0 0 0 0 0 0 457.823 205.456 0.745429 432.393 205.383 0.514459 0
0 111 151 0 0 0 444.057 227.046 0.939543 461.7 228.925 0.924463 479.388 262.204 0.797438 502.787 277.798 0.765214 420.643 227.031 0.870247 399.189 258.357 0.816656 412.838 301.196 0.197779 448.064 301.25 0.82857 446.033 346.333 0.788253 428.56 395.216 0.829484 428.434 299.34 0.776214 440.187 342.409 0.596083 428.558 389.321 0.482709 0 0 0 0 0 0 459.737 205.398 0.714626 434.374 203.446 0.565526 0
0 111 152 0 0 0 446.151 227.046 0.933315 463.663 227.06 0.849628 487.162 262.165 0.739568 506.659 274.014 0.660594 430.434 227.045 0.85372 428.479 268.031 0.377007 428.395 303.166 0.311244 455.835 295.475 0.746601 446.16 346.323 0.737644 428.546 395.17 0.77553 434.35 295.427 0.727784 446.024 344.31 0.677614 430.48 389.351 0.519765 0 0 0 0 0 0 459.815 201.521 0.662238 440.245 203.455 0.562013 0
0 111 153 0 0 0 446.085 226.942 0.959533 463.747 226.992 0.865415 487.175 258.332 0.797719 506.769 273.831 0.805387 428.429 226.892 0.871374 412.76 258.257 0.429564 414.79 291.511 0.134153 455.815 295.404 0.770979 446.175 348.187 0.742327 428.549 395.15 0.789233 430.541 293.454 0.739635 446.075 342.413 0.650685 432.385 387.377 0.429204 0 0 0 0 0 0 461.665 203.435 0.802698 444.02 201.494 0.490699 0
0 111 154 0 0 0 446.147 226.886 0.959071 465.68 226.936 0.877947 489.113 256.387 0.871876 506.791 269.991 0.81446 428.476 225.053 0.915114 408.946 256.261 0.728339 424.564 287.53 0.166463 457.853 293.469 0.806011 448.113 346.307 0.754009 428.547 393.26 0.872629 434.326 293.466 0.724437 457.776 346.283 0.630705 455.81 367.803 0.301372 0 0 0 0 0 0 461.754 203.477 0.843655 444.122 201.513 0.489217 0
0 111 155 0 0 0 448.116 225.064 0.904783 471.544 226.874 0.877825 491.07 256.377 0.880483 508.746 271.883 0.826207 430.383 225.03 0.893603 410.807 254.366 0.741544 414.779 262.238 0.142074 459.856 291.565 0.811715 451.961 346.28 0.695713 428.544 391.322 0.854855 442.157 293.465 0.706924 459.844 346.31 0.647717 459.805 356.109 0.295397 0 0 0 0 0 0 463.691 199.583 0.796321 446.028 197.637 0.546239 0
0 111 156 0 0 0 457.825 225.056 0.93302 475.435 226.896 0.935512 491.151 256.355 0.863928 508.648 269.988 0.850522 436.325 225.008 0.848434 414.721 246.554 0.642294 414.779 256.288 0.12814 461.784 291.586 0.81273 455.848 344.344 0.674181 430.356 391.324 0.830844 444.153 291.594 0.741409 461.739 346.289 0.638245 461.71 358.046 0.301293 0 0 0 0 0 0 471.501 199.588 0.737784 448.065 197.635 0.541356 0
0 111 157 0 0 0 459.832 225.019 0.989522 477.456 226.876 0.929763 493.118 254.325 0.802112 508.697 268.076 0.849699 442.18 224.935 0.865424 414.874 242.61 0.695427 0 0 0 465.625 287.56 0.792993 461.671 324.799 0.689871 459.837 354.164 0.377136 446.034 287.594 0.787801 459.691 322.88 0.674938 471.537 356.094 0.657201 0 0 0 0 0 0 473.497 201.495 0.681438 451.926 199.535 0.521617 0
0 111 158 0 0 0 461.746 225.008 1.00529 479.435 226.883 0.909087 495.047 256.226 0.790347 510.618 269.959 0.821024 444.156 224.893 0.942037 428.39 244.617 0.745182 428.501 256.292 0.328569 471.531 281.727 0.757958 467.612 314.955 0.754209 465.664 350.284 0.730254 448.005 281.699 0.743172 459.835 314.985 0.714189 469.554 352.088 0.71927 0 0 0 0 0 0 475.479 203.459 0.788156 457.799 201.531 0.543948 0
0 111 159 0 0 0 463.776 224.936 0.914854 485.219 225.062 0.897772 497.004 256.291 0.801127 510.717 271.923 0.842845 446.188 223.001 0.893566 430.357 244.564 0.81589 428.392 256.374 0.406869 475.397 283.697 0.758456 475.365 315.03 0.728724 467.637 352.124 0.649059 453.892 283.68 0.708936 463.719 316.936 0.653062 467.606 352.127 0.670914 0 0 0 0 0 0 477.503 201.503 0.75218 461.652 199.533 0.582996 0
0 111 160 0 0 0 471.547 223.067 0.886897 489.151 225.046 0.920106 500.896 258.179 0.821167 516.534 273.919 0.847694 451.972 219.16 0.85133 430.534 242.649 0.86867 430.485 256.213 0.33964 477.346 283.688 0.78818 477.376 320.865 0.790897 463.663 354.146 0.602252 457.852 283.677 0.757942 473.446 320.8 0.634944 463.725 352.203 0.569627 0 0 0 0 0 0 485.182 199.571 0.738898 463.662 197.612 0.474426 0
0 111 161 0 0 0 475.354 222.967 0.904481 491.126 224.93 0.953268 502.847 256.217 0.806921 518.469 272.011 0.861325 455.893 217.213 0.846976 434.346 242.651 0.846282 432.466 256.273 0.291924 479.319 283.7 0.806906 479.364 328.661 0.771795 459.843 361.95 0.644014 459.783 283.678 0.777809 475.478 322.85 0.653214 465.673 361.955 0.44284 0 0 0 0 0 0 490.999 197.656 0.661634 467.61 195.739 0.451779 0
0 111 162 0 0 0 475.479 221.045 0.937265 493.062 223.011 0.93467 506.674 256.213 0.828098 522.289 273.86 0.875257 459.686 217.203 0.882086 438.262 244.552 0.841347 432.418 262.205 0.323352 485.211 281.707 0.783934 489.165 322.8 0.836362 471.519 358.034 0.545808 461.695 281.731 0.818681 473.487 320.948 0.714243 469.55 356.07 0.548011 0 0 0 0 0 0 491.139 195.59 0.795964 473.476 193.742 0.48597 0
0 111 163 0 0 0 477.45 213.336 0.912215 495.079 217.191 0.840493 508.612 250.459 0.802828 520.461 273.836 0.880043 461.666 213.256 0.919619 444.127 242.592 0.871732 446.143 258.262 0.342827 489.134 279.767 0.77456 491.154 318.946 0.947954 475.496 358.06 0.767454 463.683 277.875 0.793178 471.517 318.879 0.787275 465.628 354.146 0.715013 0 0 0 0 0 0 493.059 193.643 0.779723 475.475 193.603 0.445221 0
0 111 164 0 0 0 481.356 211.354 0.887942 502.785 213.256 0.851312 508.629 248.48 0.792664 522.285 273.858 0.892467 463.707 211.313 0.906711 448.101 242.557 0.88251 457.852 256.334 0.361505 492.997 277.861 0.807185 496.928 318.902 0.865183 481.279 358.016 0.611072 471.529 277.832 0.778753 473.476 318.886 0.756028 473.409 352.234 0.684829 0 0 0 0 0 0 495.077 191.739 0.741818 477.438 191.736 0.410243 0
0 111 165 0 0 0 489.102 211.237 0.932689 506.668 211.246 0.929179 510.651 248.446 0.796381 522.39 273.928 0.891888 469.56 211.249 0.880649 453.891 242.55 0.827443 455.86 258.281 0.347084 494.966 283.67 0.811095 496.946 322.867 0.829553 487.173 363.856 0.729323 473.461 277.878 0.801811 475.328 320.904 0.87698 467.632 360.012 0.642224 0 0 0 0 0 0 502.844 185.904 0.746704 481.314 185.872 0.36673 0
0 111 166 508.776 193.555 0.174555 491.089 209.374 0.969284 508.643 209.421 0.941066 514.55 248.449 0.762894 524.262 274.004 0.88584 473.503 209.34 0.898125 459.843 240.693 0.77201 459.837 260.246 0.35202 498.92 283.673 0.76378 502.817 320.842 0.770621 494.971 361.932 0.759551 475.495 277.872 0.796136 475.473 318.931 0.790239 471.511 354.142 0.701185 508.761 183.881 0.208958 0 0 0 506.738 185.836 0.819181 489.163 182.052 0.223043 0
0 111 167 520.356 180.113 0.221124 493.1 209.276 0.955848 510.619 209.356 0.915221 518.432 244.608 0.806882 524.336 274.006 0.835874 477.365 209.239 0.923997 461.796 240.628 0.745576 469.528 258.352 0.219412 502.855 275.883 0.759555 506.815 318.838 0.787897 504.765 354.144 0.704575 477.431 273.947 0.852953 477.381 316.908 0.854226 473.472 354.14 0.783451 518.483 178.108 0.287453 0 0 0 508.773 180.047 0.880691 491.161 180.073 0.220469 0
0 111 168 0 0 0 498.924 209.234 0.889698 516.502 209.305 0.844916 522.299 242.589 0.848426 526.326 271.857 0.840347 481.337 207.413 0.886488 473.404 238.696 0.637354 475.491 258.198 0.217919 508.748 273.973 0.813247 520.459 307.187 0.777346 520.445 344.382 0.867135 487.175 273.902 0.805908 479.328 314.991 0.827223 473.492 354.19 0.789493 0 0 0 0 0 0 512.651 181.926 0.814662 493.108 180.081 0.29346 0
0 111 169 0 0 0 506.65 209.316 0.960821 522.413 209.379 0.937183 524.385 244.568 0.788927 532.191 271.942 0.730124 487.182 209.273 0.880708 477.345 240.575 0.671329 479.41 258.31 0.139062 510.717 273.941 0.808099 524.266 313.061 0.725505 526.338 340.427 0.763071 490.975 273.861 0.826044 481.314 316.878 0.824741 475.332 354.155 0.869436 0 0 0 0 0 0 520.413 181.958 0.825769 496.979 181.948 0.411303 0
0 111 170 0 0 0 508.632 209.337 0.981141 524.383 209.424 0.926531 528.3 242.658 0.792077 537.961 272.018 0.815808 491.061 209.291 0.924114 479.383 240.61 0.534497 491.01 262.203 0.177447 516.497 273.96 0.800702 526.299 314.955 0.75194 539.982 338.481 0.815552 491.168 273.883 0.833462 485.189 313.023 0.788831 475.439 354.157 0.891626 0 0 0 0 0 0 522.459 182.028 0.828826 506.668 181.976 0.435265 0
0 111 171 0 0 0 510.705 209.309 0.92381 528.269 209.374 0.858132 536.075 242.559 0.739085 538.102 269.968 0.647472 494.966 209.27 0.894948 491.039 236.72 0.316127 0 0 0 524.308 273.862 0.843383 532.199 307.241 0.776986 540.059 336.524 0.860292 498.915 273.845 0.806448 489.076 314.978 0.780108 475.362 354.128 0.843434 0 0 0 0 0 0 524.373 183.893 0.742987 506.802 182.002 0.484571 0
0 111 172 0 0 0 518.507 209.322 0.906757 536.065 209.371 0.871358 539.922 240.687 0.790514 543.899 271.865 0.763633 498.909 209.295 0.859205 493.034 236.728 0.604733 494.995 256.265 0.18499 526.357 273.939 0.833221 538.126 311.107 0.670308 540.057 334.523 0.780288 506.646 273.898 0.859258 491.054 311.122 0.780527 475.483 352.235 0.804328 0 0 0 0 0 0 528.243 185.856 0.704929 508.766 183.915 0.515342 0
0 111 173 0 0 0 522.47 209.356 0.982502 539.988 209.414 0.927797 542.031 242.586 0.764797 549.787 271.933 0.638712 506.64 209.259 0.877686 491.165 226.98 0.509204 500.841 252.366 0.114795 534.146 271.953 0.801377 540.025 301.28 0.68866 541.978 336.594 0.882863 508.679 271.878 0.841798 495.015 309.118 0.841824 477.379 350.205 0.882678 0 0 0 0 0 0 537.939 187.78 0.635846 516.548 185.839 0.522037 0
0 111 174 0 0 0 526.329 209.349 0.931056 542.038 211.221 0.864503 551.688 242.558 0.69439 553.751 269.924 0.592578 508.772 209.246 0.876087 495.032 226.943 0.522215 504.755 248.442 0.145139 539.999 272.015 0.814902 541.98 305.156 0.711677 543.943 336.595 0.840043 516.522 271.973 0.815972 500.903 311.109 0.712593 479.345 344.342 0.699645 0 0 0 0 0 0 540.015 185.893 0.642072 522.447 183.893 0.380812 0
0 111 175 0 0 0 534.116 209.248 0.897411 549.77 209.331 0.877089 553.709 240.669 0.843447 557.693 269.955 0.792306 516.506 207.369 0.840087 506.758 228.894 0.426122 508.775 254.318 0.166647 540.086 269.945 0.794113 553.65 301.267 0.829498 543.917 340.422 0.837814 522.325 266.065 0.783879 514.57 303.166 0.798879 492.995 332.632 0.816793 0 0 0 0 0 0 545.833 183.912 0.76435 526.354 181.962 0.46262 0
0 111 176 0 0 0 537.982 209.274 0.965902 553.643 209.344 0.923709 555.728 240.663 0.839931 567.33 268.05 0.820575 522.283 207.417 0.894074 510.729 230.889 0.508155 522.327 246.588 0.200153 541.97 269.94 0.793635 553.756 303.211 0.894192 543.919 344.376 0.832187 522.466 266.079 0.796268 522.449 303.251 0.838552 496.955 332.602 0.765964 0 0 0 0 0 0 549.816 183.901 0.692162 532.164 181.972 0.411543 0
0 111 177 555.723 187.819 0.105186 540.015 205.459 0.91204 555.618 207.407 0.932608 561.559 240.624 0.836808 571.297 264.103 0.826777 524.411 203.504 0.829422 520.384 226.895 0.162104 0 0 0 547.823 264.161 0.752307 555.696 303.34 0.969959 540.057 348.194 0.877347 526.375 260.24 0.798663 530.229 303.195 0.844905 504.757 332.568 0.813372 555.681 180.007 0.168392 0 0 0 553.763 181.954 0.870582 538.099 181.968 0.259123 0
0 111 178 561.52 185.846 0.129888 541.983 205.399 0.85683 555.703 207.347 0.916106 569.248 238.703 0.866858 583.028 262.148 0.872259 528.304 203.491 0.781324 522.453 224.988 0.144286 0 0 0 549.765 260.206 0.802493 551.725 303.198 0.81139 508.783 322.819 0.738524 532.187 258.295 0.780075 549.798 301.337 0.725837 541.932 344.312 0.726096 561.49 179.968 0.185583 0 0 0 555.684 181.924 0.822799 540.014 181.974 0.189854 0
0 111 179 569.313 180.119 0.334949 547.859 201.495 0.839336 557.679 203.506 0.860456 571.247 236.694 0.849597 586.916 256.349 0.827011 537.933 199.592 0.849999 524.29 221.076 0.282559 0 0 0 553.656 258.283 0.877234 559.609 301.247 0.856007 551.679 340.448 0.817477 538.027 258.224 0.841542 551.679 295.46 0.716352 524.376 322.875 0.731327 569.256 178.131 0.409206 0 0 0 559.56 180.022 0.889005 0 0 0 0
0 111 180 571.21 180.05 0.238322 553.628 195.755 0.904445 563.478 197.673 0.815392 571.383 228.899 0.872963 590.901 254.284 0.776533 539.999 195.731 0.874362 532.17 223.077 0.139728 0 0 0 557.61 256.247 0.869778 567.392 301.286 0.871925 545.877 340.414 0.831682 543.887 256.225 0.797526 555.611 293.514 0.735331 530.257 322.858 0.726565 569.423 178.053 0.300826 0 0 0 565.463 178.117 0.816157 549.819 180.018 0.137645 0
0 111 181 573.229 180.032 0.133238 555.673 195.669 0.945978 569.321 195.751 0.912364 579.14 228.899 0.783407 600.594 250.415 0.820503 543.913 195.622 0.8508 538.047 221.052 0.131096 0 0 0 557.683 256.225 0.871765 569.225 299.341 0.851248 545.886 336.533 0.81387 543.931 254.38 0.751375 559.609 297.369 0.683928 545.855 332.577 0.598311 571.388 178.015 0.177401 0 0 0 569.397 178.014 0.787812 553.725 178.046 0.146984 0
0 111 182 581.09 178.071 0.109119 559.566 195.675 0.886801 571.284 197.65 0.919569 587.044 238.685 0.871113 620.263 256.259 0.72731 551.727 193.767 0.836053 559.558 226.965 0.103089 600.585 244.557 0.123166 561.529 258.185 0.809636 569.241 301.263 0.862386 543.954 336.517 0.860947 551.706 256.286 0.767695 567.357 301.229 0.696983 551.776 334.526 0.642017 581.043 176.121 0.153143 0 0 0 571.405 176.107 0.802508 555.755 176.026 0.184389 0
0 111 183 583.024 178.061 0.107976 565.405 193.777 0.879812 571.396 195.665 0.907883 585.082 227.012 0.884872 604.587 238.704 0.828161 553.742 193.695 0.876579 581.009 223.055 0.121076 600.604 228.934 0.16299 565.427 256.339 0.858343 569.416 299.332 0.833313 547.801 336.456 0.816652 553.685 256.251 0.806307 569.358 299.322 0.759943 557.667 332.629 0.605522 0 0 0 0 0 0 575.27 176.03 0.748324 559.577 174.103 0.179738 0
0 111 184 584.938 178.066 0.137098 569.299 195.593 0.879878 575.21 195.696 0.849372 586.997 226.993 0.866425 608.516 236.72 0.808931 557.611 193.744 0.818602 582.97 224.931 0.110324 602.611 228.902 0.145082 569.361 256.238 0.894341 571.356 293.499 0.825897 547.841 334.629 0.826895 555.73 254.32 0.786665 571.336 293.49 0.753032 559.581 332.59 0.618974 584.973 176.027 0.187417 0 0 0 582.982 176.067 0.769925 567.42 174.147 0.157428 0
0 111 185 587.036 178.069 0.218292 571.353 193.69 0.886105 584.896 193.778 0.893277 594.761 224.917 0.776501 616.285 230.865 0.812832 565.398 193.624 0.790355 569.322 211.352 0.107605 0 0 0 573.335 252.41 0.834217 573.331 293.487 0.786606 545.861 334.619 0.900032 567.345 250.426 0.687448 583.076 293.455 0.722585 586.971 328.673 0.523327 586.984 176.014 0.275156 0 0 0 584.976 174.163 0.799128 569.307 176.037 0.111917 0
0 111 186 592.849 177.93 0.261501 575.259 193.753 0.846198 585.014 195.634 0.933141 602.566 224.931 0.764689 618.295 227.025 0.753507 569.403 193.658 0.828452 598.649 217.171 0.197775 612.39 226.928 0.290618 577.211 254.36 0.814199 573.304 297.394 0.833716 545.866 336.442 0.921366 573.23 254.308 0.743543 586.9 295.425 0.705141 600.649 322.896 0.535126 590.904 172.198 0.318327 0 0 0 586.949 174.118 0.837897 0 0 0 0
0 111 187 598.633 172.212 0.21358 581.114 193.681 0.837528 586.999 193.747 0.905692 600.684 226.885 0.822653 622.188 228.881 0.81088 571.28 193.632 0.795006 592.805 223.011 0.127745 616.247 226.946 0.204926 584.989 254.327 0.83369 583.011 291.57 0.78231 551.665 334.465 0.868332 573.322 252.392 0.713119 588.963 291.506 0.747372 604.526 330.688 0.701165 596.709 166.384 0.259864 0 0 0 588.881 170.227 0.757574 577.154 174.093 0.100053 0
0 111 188 600.732 176.082 0.267546 585.084 193.722 0.886557 594.802 195.618 0.859064 604.637 226.88 0.856107 631.973 226.96 0.875685 577.156 193.652 0.781614 586.912 215.238 0.12119 627.998 224.973 0.175963 588.898 254.28 0.82596 586.958 289.612 0.79393 553.612 330.64 0.829559 581.1 248.514 0.681077 598.712 289.486 0.792442 604.612 332.618 0.783447 600.701 172.134 0.324056 0 0 0 596.765 174.097 0.78743 583.081 174.141 0.110641 0
0 111 189 602.679 178.099 0.178716 588.917 195.58 0.886294 600.592 195.677 0.929591 614.311 226.925 0.844826 633.905 226.975 0.88251 583.042 193.735 0.827937 598.701 224.93 0.133656 629.892 226.912 0.197223 590.915 252.401 0.834159 598.692 289.656 0.805151 557.675 322.798 0.687612 584.955 250.441 0.714468 602.546 289.592 0.766129 600.689 332.578 0.729402 602.642 176.038 0.23037 0 0 0 600.676 176.054 0.852392 586.868 174.112 0.188625 0
0 111 190 608.51 178.001 0.112859 594.775 195.588 0.869035 602.635 195.679 0.940329 616.237 226.994 0.826205 633.909 227.071 0.913855 585.012 193.732 0.87374 600.614 224.917 0.139256 631.828 226.891 0.197597 600.665 252.414 0.863933 602.661 293.49 0.780871 559.576 322.858 0.514981 586.974 250.44 0.774768 600.628 289.648 0.740603 594.762 324.813 0.455705 0 0 0 0 0 0 604.601 174.161 0.854052 588.922 172.17 0.290387 0
0 111 191 614.293 176.122 0.095676 600.644 193.738 0.894402 608.44 195.581 0.870322 618.346 224.982 0.821514 637.876 226.933 0.829899 588.945 193.732 0.799729 602.647 219.121 0.163036 633.959 225.012 0.220562 604.599 252.354 0.872313 614.283 291.55 0.803754 577.221 320.905 0.551205 592.842 250.443 0.733137 604.603 289.577 0.722503 581.105 320.914 0.538481 614.308 172.154 0.129451 0 0 0 608.514 174.138 0.700458 596.766 172.183 0.230331 0
0 111 192 618.18 176.037 0.0892586 602.614 193.642 0.888486 614.374 193.708 0.918045 624.127 221.113 0.792705 645.61 225.024 0.832918 594.789 193.601 0.80267 602.609 215.21 0.135887 645.594 224.929 0.227248 606.535 246.516 0.869493 616.224 289.519 0.790468 590.861 320.931 0.624162 592.835 244.63 0.747847 608.467 287.558 0.705455 590.888 320.847 0.60055 616.396 168.26 0.140841 0 0 0 616.243 172.142 0.781094 600.663 168.301 0.269909 0
0 111 193 620.293 172.171 0.237872 606.538 193.697 0.846759 616.246 193.771 0.926792 631.984 224.908 0.853804 657.374 221.088 0.722584 600.665 193.653 0.809298 631.858 217.218 0.264132 647.655 221.076 0.407661 608.45 246.574 0.838703 620.238 287.62 0.760884 588.903 320.877 0.522878 598.714 248.447 0.74877 616.233 285.684 0.645972 588.985 320.804 0.579295 618.346 166.358 0.31056 0 0 0 616.263 170.25 0.769212 600.72 174.145 0.12281 0
0 111 194 630.022 174.107 0.128338 614.275 191.694 0.807962 618.295 193.618 0.900905 633.921 213.315 0.755728 657.383 219.098 0.717877 602.642 191.682 0.795687 629.988 209.325 0.210816 647.626 215.221 0.365489 616.205 246.523 0.858574 624.151 287.624 0.813518 600.57 318.97 0.677105 600.705 246.504 0.790477 618.324 287.58 0.725203 602.634 318.932 0.473382 628.031 166.383 0.186782 0 0 0 620.255 168.234 0.768436 604.626 166.335 0.171233 0
0 111 195 633.893 176.034 0.319547 616.319 189.816 0.84143 624.139 191.709 0.812637 633.991 211.396 0.766836 653.482 215.25 0.662558 604.646 189.795 0.784256 618.264 209.343 0.127951 649.549 215.266 0.212593 618.197 244.551 0.853401 631.88 285.615 0.800878 604.639 320.831 0.521816 602.617 242.686 0.76417 618.289 283.716 0.639447 608.464 318.901 0.432865 632.01 170.246 0.367922 0 0 0 626.068 170.213 0.700975 0 0 0 0
0 111 196 634.009 174.076 0.131752 618.328 187.841 0.828598 631.902 189.78 0.869359 639.817 211.377 0.727913 659.37 217.167 0.569567 610.45 187.829 0.775531 610.473 209.336 0.121412 657.377 224.905 0.146235 620.276 242.664 0.890444 633.885 285.66 0.911053 616.361 324.778 0.644857 604.645 242.609 0.821634 618.178 285.601 0.812527 602.706 326.725 0.744089 633.859 166.277 0.180967 0 0 0 631.887 166.36 0.691697 616.355 172.15 0.166992 0
0 111 197 637.848 174.12 0.0773824 624.134 187.853 0.798169 633.93 189.746 0.916838 647.658 211.35 0.803298 663.289 213.275 0.658528 616.235 189.737 0.837556 616.297 209.398 0.115244 0 0 0 630.027 246.563 0.834976 635.914 287.582 0.819491 631.901 320.944 0.632241 612.417 244.613 0.81453 618.173 287.596 0.887875 604.56 326.708 0.767889 635.841 164.395 0.11985 0 0 0 633.898 166.324 0.694689 618.357 166.359 0.175282 0
0 111 198 645.681 172.18 0.124541 629.952 187.823 0.823941 635.933 189.743 0.875706 657.368 211.37 0.808402 665.251 209.42 0.599441 618.19 187.832 0.840226 631.968 209.364 0.0905425 0 0 0 633.847 248.458 0.849488 645.636 289.544 0.782895 643.702 330.671 0.531767 616.359 246.492 0.804611 618.364 287.594 0.87682 604.562 322.885 0.724369 643.697 164.41 0.178067 0 0 0 635.915 164.442 0.743304 622.156 164.409 0.15785 0
0 111 199 649.531 166.362 0.384378 631.981 185.893 0.821431 641.712 185.905 0.791717 655.444 211.261 0.767781 665.278 209.38 0.517867 622.14 185.889 0.7701 624.179 209.407 0.08085 0 0 0 633.985 244.578 0.833349 645.667 287.608 0.683977 639.786 322.85 0.400154 618.299 242.677 0.793043 620.18 285.608 0.726629 604.548 320.92 0.650859 647.601 164.387 0.441808 0 0 0 637.866 166.273 0.729002 0 0 0 0
0 111 200 649.476 168.265 0.110373 633.969 187.837 0.826137 647.535 187.833 0.838214 661.311 209.435 0.749108 676.992 211.22 0.583168 626.077 189.732 0.767136 630.014 211.275 0.0878506 676.87 213.311 0.129548 641.762 248.494 0.792127 651.552 289.534 0.620307 663.227 316.932 0.496236 622.144 246.549 0.743857 620.259 289.497 0.781404 606.532 322.876 0.540626 647.671 164.344 0.154059 0 0 0 645.652 166.257 0.591014 631.905 170.238 0.121999 0
0 111 202 663.306 174.157 0.333585 647.565 189.797 0.759615 651.58 189.797 0.786241 667.189 211.293 0.730978 682.875 209.338 0.627716 635.929 189.743 0.656033 657.371 209.389 0.0703897 680.839 211.275 0.0856968 649.523 244.614 0.749444 635.9 287.564 0.516954 614.355 320.843 0.463659 641.735 244.537 0.619064 661.251 285.606 0.431055 665.269 313.03 0.287984 663.193 170.229 0.370283 0 0 0 651.576 170.212 0.626362 0 0 0 0
0 111 203 667.162 174.152 0.454436 649.628 193.737 0.757329 661.273 193.774 0.717122 678.907 219.11 0.43362 692.586 213.279 0.233593 645.606 193.676 0.61964 676.935 219.143 0.0769661 0 0 0 661.259 262.165 0.629606 665.296 307.184 0.414961 682.81 346.274 0.104243 641.749 262.184 0.548101 629.984 295.468 0.280367 610.45 346.297 0.125166 665.21 168.297 0.510482 0 0 0 657.403 172.181 0.654021 0 0 0 0
0 111 204 671.063 178.004 0.508604 655.433 193.657 0.756897 663.235 193.694 0.81252 678.892 211.369 0.694405 696.533 211.294 0.540271 649.496 193.602 0.689708 678.841 209.388 0.0946746 694.511 213.228 0.191561 663.218 246.532 0.687792 667.217 283.707 0.408127 665.293 305.279 0.202201 649.585 244.616 0.621901 649.528 283.681 0.432337 618.217 318.909 0.260506 667.191 176.043 0.57244 0 0 0 663.187 176.077 0.746727 0 0 0 0
0 111 205 678.823 176.123 0.26447 661.34 191.712 0.796316 665.306 191.778 0.857128 680.815 211.394 0.822451 698.558 215.203 0.69026 651.529 191.671 0.703819 673.003 209.313 0.142627 694.564 211.366 0.234658 663.187 242.562 0.83167 667.151 283.717 0.714446 622.166 303.174 0.617818 651.49 240.67 0.726053 663.228 279.779 0.565462 633.894 305.173 0.396102 676.894 174.144 0.311851 0 0 0 667.156 174.167 0.690675 0 0 0 0
0 111 206 678.984 177.956 0.330435 665.235 193.577 0.76605 669.104 193.663 0.797427 682.835 213.343 0.741159 710.175 219.138 0.598684 663.205 191.714 0.637547 678.895 213.234 0.128895 700.442 219.109 0.233086 665.153 240.636 0.871979 676.988 279.777 0.769285 631.948 303.179 0.54824 659.339 240.609 0.720868 667.191 273.984 0.612547 635.842 303.241 0.477115 678.851 176.023 0.361043 0 0 0 671.049 174.153 0.579841 0 0 0 0
0 111 207 680.937 178.006 0.400334 665.302 193.606 0.821134 676.883 193.694 0.844734 688.676 213.251 0.799946 714.105 223.064 0.699275 661.321 191.745 0.743117 665.299 209.375 0.134117 0 0 0 667.174 240.701 0.934709 680.932 277.866 0.798956 635.929 303.208 0.539186 657.411 240.659 0.776015 673.018 275.85 0.653714 643.721 303.281 0.525437 680.814 176.08 0.458107 0 0 0 676.879 176.093 0.72026 665.205 179.922 0.051521 0
0 111 208 684.825 177.965 0.435582 673.003 193.577 0.757652 678.834 193.636 0.883798 694.524 213.296 0.844559 718.063 221.035 0.685728 665.254 191.701 0.709408 694.452 211.258 0.160232 708.246 217.144 0.229007 667.243 240.734 0.852503 682.868 275.952 0.751584 639.782 303.304 0.563171 663.248 240.652 0.730541 678.879 275.854 0.65555 647.606 305.168 0.444782 682.846 176.041 0.506005 0 0 0 678.892 176.051 0.757122 0 0 0 0
0 111 209 686.784 177.947 0.392086 676.954 191.69 0.758307 678.947 191.73 0.877931 694.534 211.385 0.838063 719.988 219.16 0.6262 669.156 191.664 0.659073 692.55 209.401 0.185927 710.201 217.154 0.260061 674.987 240.624 0.835733 686.76 273.976 0.761214 651.486 305.186 0.516754 667.138 240.606 0.782719 680.923 273.882 0.644756 655.489 303.318 0.379116 684.76 176.031 0.450713 0 0 0 680.817 176.036 0.701688 0 0 0 0
0 111 210 696.49 174.14 0.579251 680.89 187.807 0.748067 680.915 189.756 0.86426 696.587 211.317 0.780218 721.96 215.201 0.642491 680.892 185.888 0.648222 694.645 209.314 0.270846 712.21 211.339 0.304219 678.871 238.655 0.830262 686.779 273.882 0.791349 663.216 305.223 0.522977 678.933 236.756 0.744466 686.768 271.983 0.619767 673.046 301.288 0.373331 694.548 170.254 0.628035 0 0 0 682.891 170.234 0.686404 0 0 0 0
0 111 211 696.632 172.173 0.516884 684.774 189.731 0.715934 680.887 189.773 0.822793 680.839 219.135 0.593424 682.906 248.493 0.446442 692.6 185.907 0.714119 698.54 209.431 0.452484 718.043 217.15 0.448679 678.987 236.694 0.786775 688.73 271.888 0.740232 676.932 299.363 0.416559 690.617 232.84 0.635732 694.584 271.868 0.451193 682.864 299.314 0.200176 696.465 168.251 0.576977 0 0 0 688.73 170.202 0.62966 0 0 0 0
0 111 212 704.369 170.223 0.563135 690.609 185.909 0.707528 690.654 187.837 0.838152 710.181 211.339 0.847807 731.729 217.209 0.649249 688.708 185.86 0.624902 708.27 209.351 0.211006 721.954 217.148 0.277352 680.856 236.711 0.812352 692.578 269.99 0.715494 688.694 289.653 0.41779 680.942 234.773 0.72314 692.628 269.93 0.575579 686.758 289.603 0.403851 700.43 166.348 0.634046 708.234 164.288 0.0934486 694.531 168.287 0.74518 0 0 0 0
0 111 213 710.146 168.296 0.607251 694.52 183.947 0.731957 694.497 185.847 0.889203 710.148 211.23 0.792977 727.89 215.209 0.664719 694.545 183.884 0.630452 710.146 209.307 0.227879 723.863 215.191 0.259372 682.812 232.855 0.784014 694.46 266.087 0.719289 688.717 289.587 0.446817 686.765 232.802 0.667028 694.548 266.055 0.578092 688.713 289.54 0.407677 708.191 166.31 0.653285 710.196 162.419 0.0860799 696.551 166.377 0.763437 0 0 0 0
0 111 214 710.214 168.305 0.444352 696.492 182.035 0.767093 694.642 182.042 0.921744 712.184 209.318 0.765276 731.752 213.34 0.623362 696.606 181.998 0.642531 710.271 207.369 0.190582 725.918 213.233 0.262441 688.672 228.883 0.735558 694.591 258.244 0.688479 694.488 287.565 0.571032 694.528 227.018 0.720936 696.54 258.215 0.634836 694.528 287.51 0.537414 708.262 166.309 0.503259 712.17 162.46 0.07479 698.495 168.234 0.6429 0 0 0 0
0 111 215 712.194 172.132 0.380181 698.467 185.901 0.685912 698.505 185.885 0.818721 718.04 211.233 0.685662 737.628 215.21 0.440976 0 0 0 0 0 0 0 0 0 694.597 236.69 0.699525 696.595 264.114 0.59692 694.571 291.549 0.423126 694.614 232.853 0.61396 696.604 264.151 0.525949 694.586 289.623 0.427044 710.303 166.367 0.433497 0 0 0 706.297 168.29 0.563523 0 0 0 0
0 111 217 718.078 172.144 0.291413 708.179 182.028 0.670733 708.271 183.883 0.855836 725.815 209.422 0.820741 755.167 219.108 0.698886 704.314 182.007 0.602243 725.846 209.368 0.195559 743.452 217.147 0.252968 698.469 238.628 0.754502 706.264 273.918 0.647724 678.941 313.032 0.298911 698.474 236.72 0.657628 706.332 272.023 0.507586 690.628 303.225 0.229495 714.216 166.361 0.337307 0 0 0 712.076 166.367 0.556936 0 0 0 0
0 111 219 716.118 176.088 0.0904717 712.18 185.881 0.416183 0 0 0 0 0 0 0 0 0 712.273 183.921 0.345426 733.673 207.423 0.0845408 0 0 0 710.128 226.915 0.440995 712.101 252.416 0.382876 710.215 281.768 0.297128 710.245 225.044 0.372725 712.095 254.326 0.288121 710.294 281.74 0.268783 716.136 170.22 0.109503 0 0 0 0 0 0 0 0 0 0
0 111 220 725.804 178.015 0.138732 716.062 187.796 0.461559 0 0 0 0 0 0 0 0 0 718.021 185.858 0.407925 731.714 207.416 0.104983 745.478 215.185 0.106781 710.302 224.978 0.604581 714.158 250.429 0.563844 712.248 273.976 0.442028 712.143 224.944 0.529212 716.07 252.371 0.428464 716.071 273.933 0.376119 725.766 174.141 0.139036 0 0 0 0 0 0 0 0 0 0
0 111 221 733.684 174.08 0.399105 723.873 180.108 0.673533 0 0 0 0 0 0 0 0 0 723.908 180.11 0.605146 737.585 205.455 0.175201 757.123 213.272 0.202327 712.273 228.974 0.664589 723.914 262.195 0.565557 712.156 291.555 0.211404 714.21 228.889 0.563643 723.86 264.098 0.36963 712.228 287.579 0.19959 729.863 168.248 0.452908 0 0 0 727.721 166.372 0.587234 0 0 0 0
0 111 222 741.412 172.161 0.53937 725.926 180.085 0.773997 725.766 180.08 0.886866 731.772 205.419 0.649981 759.148 213.251 0.570362 727.879 180.097 0.680869 739.564 203.49 0.220485 757.141 211.344 0.258247 714.113 226.886 0.763612 721.995 256.331 0.713321 723.829 287.555 0.485826 723.879 225.07 0.687084 727.749 256.339 0.61164 723.92 285.579 0.465006 739.516 166.384 0.590109 741.495 164.301 0.122735 729.748 166.383 0.663638 0 0 0 1
0 111 223 743.418 172.145 0.723081 727.813 180.057 0.816921 725.95 180.059 0.949384 735.63 205.432 0.668021 759.122 213.282 0.579023 729.788 180.073 0.737999 741.536 203.472 0.381168 759.144 211.265 0.437287 716.071 225.071 0.809369 725.95 260.256 0.75612 727.757 289.541 0.453522 721.983 225.062 0.692429 727.75 258.296 0.580751 725.912 287.553 0.444781 741.555 168.229 0.780969 743.362 164.31 0.149553 733.685 166.335 0.754351 0 0 0 1
0 111 224 743.574 168.25 0.653284 731.713 179.993 0.793745 727.895 180.005 0.946095 737.601 207.41 0.709945 757.137 225.029 0.67651 737.611 180.019 0.775041 743.43 207.38 0.500134 759.19 222.969 0.465369 721.919 227.035 0.832942 727.92 268.047 0.7827 727.825 289.586 0.376219 727.855 226.938 0.751235 729.829 260.236 0.405955 727.87 287.508 0.281338 743.454 164.465 0.741097 743.454 164.297 0.194131 739.591 164.441 0.734129 0 0 0 1
0 111 225 747.405 164.43 0.509909 735.622 178.102 0.734911 731.744 178.113 0.860807 739.534 209.261 0.680277 761.103 226.901 0.69117 739.524 178.107 0.72429 743.481 205.465 0.389024 764.995 217.207 0.348687 725.828 227.034 0.80881 729.783 270.018 0.736993 727.796 291.588 0.340324 727.882 226.957 0.714085 729.813 268.002 0.492369 727.801 289.518 0.354727 745.457 164.263 0.576294 0 0 0 741.543 164.267 0.692627 0 0 0 1
0 111 226 755.252 166.33 0.68611 739.56 179.954 0.781212 737.595 179.964 0.883435 743.422 209.354 0.75022 768.919 224.964 0.768506 741.492 179.952 0.762507 747.382 207.408 0.409244 770.878 215.241 0.435537 727.789 230.879 0.817993 729.854 271.883 0.755806 725.915 297.404 0.425959 731.759 228.951 0.694181 737.584 269.974 0.528818 729.822 289.626 0.420178 755.139 164.351 0.733769 755.211 162.378 0.120159 743.523 164.318 0.82316 0 0 0 1
0 111 227 757.254 166.294 0.7095 741.496 179.943 0.81353 741.408 179.966 0.93232 741.516 209.354 0.779542 768.894 226.884 0.79872 741.586 179.932 0.759587 745.47 209.276 0.482133 768.928 222.981 0.434523 727.91 230.859 0.850276 733.697 270.01 0.786156 727.82 293.477 0.434516 737.603 230.833 0.696598 741.436 269.951 0.597124 733.695 289.562 0.449392 757.175 164.321 0.765059 757.204 162.41 0.116534 747.371 164.296 0.802834 0 0 0 1
0 111 228 761.078 164.378 0.863265 743.5 178.079 0.881872 741.579 178.112 0.952685 743.523 209.414 0.805404 772.741 226.986 0.829892 749.328 178.099 0.807363 753.226 207.42 0.562928 772.861 222.973 0.537343 729.791 228.928 0.860525 737.56 270.022 0.752881 729.776 293.486 0.368986 741.483 228.882 0.743436 739.594 269.932 0.524648 733.676 289.553 0.373977 759.173 162.454 0.907062 0 0 0 753.238 162.427 0.863223 0 0 0 1
0 111 229 759.167 164.318 0.763475 743.486 178.024 0.832507 743.49 178.098 0.950178 745.491 209.309 0.763473 772.8 226.942 0.796717 743.542 178.021 0.73169 749.393 209.26 0.419483 772.779 224.891 0.458632 731.718 228.882 0.817367 739.605 271.926 0.783581 727.908 305.179 0.438909 737.602 227.017 0.667931 739.566 270.029 0.608202 729.799 295.443 0.397423 759.068 162.43 0.805054 759.104 162.399 0.147617 753.22 162.422 0.81727 0 0 0 1
0 111 230 761.105 164.311 0.649397 745.431 178.002 0.792046 745.454 178.04 0.900534 745.453 209.316 0.766174 772.838 226.996 0.77165 747.363 177.981 0.691477 753.274 207.414 0.395525 772.735 223.003 0.413597 735.667 228.942 0.781381 741.536 271.97 0.760668 735.669 307.15 0.379772 739.591 228.914 0.641091 741.537 271.884 0.605564 735.661 297.408 0.368957 759.234 162.404 0.709205 761.062 162.37 0.145276 757.098 162.383 0.81557 0 0 0 1
0 111 231 763.1 164.432 0.488827 749.333 178.063 0.747013 747.402 178.073 0.874748 747.402 209.309 0.685871 774.727 226.906 0.739532 753.227 178.048 0.7023 757.093 207.393 0.392436 772.878 221.05 0.388339 739.567 228.91 0.76506 743.457 268.021 0.66666 741.537 291.551 0.314056 743.438 227.021 0.671585 743.48 268 0.563109 743.445 289.632 0.354984 763.021 164.258 0.552074 0 0 0 757.264 162.483 0.739792 0 0 0 1
0 111 232 763.085 164.385 0.446228 753.281 179.906 0.731435 751.32 179.956 0.848229 755.151 211.252 0.744175 774.824 226.976 0.763902 755.201 178.098 0.692975 759.128 209.255 0.289799 776.773 215.191 0.2781 743.42 230.87 0.715028 745.4 271.958 0.565598 757.146 311.098 0.223695 745.435 228.881 0.615297 743.415 271.9 0.400506 743.444 291.561 0.222177 761.124 162.453 0.510032 0 0 0 759.027 164.272 0.710587 0 0 0 1
0 111 233 761.047 170.183 0.21277 753.206 180.061 0.615484 755.175 180.092 0.785318 759.082 211.382 0.625366 780.651 227.054 0.593247 747.425 180.027 0.562709 759.135 207.372 0.173783 784.589 211.322 0.181631 743.481 240.603 0.597392 745.448 273.921 0.391973 770.828 324.818 0.186096 743.429 238.629 0.484815 743.516 273.879 0.289931 731.754 289.626 0.0830506 759.184 164.455 0.267214 0 0 0 757.282 166.292 0.549663 0 0 0 1
0 111 234 772.788 164.398 0.558525 757.185 180.032 0.784941 757.08 181.942 0.882072 759.092 213.298 0.737091 784.581 227.053 0.755302 759.089 179.963 0.721988 765.024 209.301 0.341441 788.481 211.324 0.368138 743.56 240.595 0.749191 751.314 275.87 0.618742 772.762 320.835 0.266787 751.334 238.701 0.61797 755.219 275.865 0.507151 770.804 309.15 0.246956 770.847 164.268 0.597124 774.687 162.406 0.0939251 759.247 164.308 0.770676 0 0 0 1
0 111 235 772.903 164.461 0.413123 757.257 178.13 0.800359 759.158 179.978 0.948517 759.091 209.381 0.820916 780.623 226.986 0.726585 757.125 178.044 0.683323 761.073 205.449 0.237156 784.537 211.321 0.244536 751.28 230.911 0.701076 747.393 271.889 0.649659 733.675 289.556 0.3491 747.395 230.865 0.619422 755.202 271.889 0.637473 772.905 305.156 0.240664 772.793 164.303 0.4801 0 0 0 764.98 164.299 0.693792 0 0 0 1
0 111 236 772.917 172.154 0.189796 759.25 179.972 0.67563 761.113 180.02 0.818541 759.166 209.363 0.7094 776.76 226.993 0.657423 759.211 179.917 0.566136 761.137 199.592 0.132176 0 0 0 755.237 226.973 0.646869 753.273 266.064 0.53724 735.671 285.629 0.444962 755.17 226.918 0.547737 757.124 264.106 0.55096 735.655 283.73 0.241852 772.791 166.335 0.206824 0 0 0 770.808 166.288 0.387653 0 0 0 1
0 111 237 774.796 170.207 0.114088 770.848 180.083 0.553562 763.022 181.931 0.734708 759.236 211.27 0.717357 778.752 227.069 0.663096 772.811 180.046 0.506598 780.66 201.541 0.0787139 0 0 0 757.184 232.845 0.644544 755.199 262.216 0.603333 737.593 285.667 0.57122 764.995 230.884 0.466163 761.084 268.076 0.371127 774.772 299.325 0.184583 772.839 166.289 0.140183 0 0 0 772.782 166.355 0.31892 0 0 0 1
0 111 240 0 0 0 788.441 191.74 0.253471 774.756 187.853 0.402181 772.898 215.2 0.337692 788.525 230.835 0.313831 0 0 0 0 0 0 0 0 0 766.948 232.828 0.255884 768.897 258.317 0.283457 745.463 287.605 0.275322 774.85 232.819 0.160026 763.059 260.235 0.117419 747.431 289.596 0.112544 0 0 0 0 0 0 800.209 181.957 0.0885643 0 0 0 1
0 111 241 811.931 191.736 0.200278 790.364 187.83 0.693189 778.731 185.88 0.768667 774.779 217.197 0.791306 792.371 232.832 0.705415 798.252 187.842 0.551104 794.357 217.161 0.17943 815.873 228.933 0.232644 772.802 240.691 0.727806 798.27 277.86 0.618169 810.01 316.947 0.400344 780.618 240.682 0.559682 772.847 273.985 0.41881 743.561 289.534 0.300939 811.964 181.947 0.174033 0 0 0 804.112 177.992 0.377475 0 0 0 1
0 111 242 810.041 193.66 0.178905 792.455 185.861 0.662948 786.455 185.853 0.769168 774.892 219.091 0.754014 794.322 234.818 0.73933 804.102 183.911 0.536402 800.209 213.262 0.0971615 0 0 0 772.86 238.649 0.747059 788.415 273.935 0.63952 743.469 291.495 0.425963 788.413 238.675 0.601308 778.71 273.952 0.418815 743.575 289.624 0.389038 808.091 180.094 0.156116 0 0 0 804.19 178.05 0.39864 0 0 0 1
0 111 243 819.809 191.697 0.140293 802.121 187.82 0.636804 788.416 187.824 0.760126 778.674 217.202 0.717779 798.266 238.619 0.709286 808.072 185.872 0.490297 810.023 213.246 0.118099 0 0 0 774.817 240.621 0.770732 796.273 279.782 0.737189 778.66 318.892 0.382944 790.372 240.651 0.615302 782.604 275.949 0.43251 743.517 289.569 0.499344 817.823 179.992 0.127037 0 0 0 806.133 177.989 0.320649 0 0 0 1
