0 1 12 0 0 0 821.829 117.389 0.876734 856.929 113.506 0.839953 864.78 164.419 0.323234 849.138 203.472 0.331626 788.526 123.238 0.773019 761.096 180.012 0.750052 772.806 217.176 0.359077 837.457 213.253 0.644442 849.149 269.995 0.10315 0 0 0 794.334 223.057 0.69896 802.174 297.398 0.752081 815.889 363.907 0.809842 0 0 0 0 0 0 839.334 76.2814 0.312065 804.179 82.1026 0.866741 0
0 1 13 0 0 0 819.759 113.414 0.845778 853.002 101.84 0.89011 853.113 164.34 0.05172 0 0 0 784.586 117.367 0.799453 757.212 178.046 0.806753 757.208 183.912 0.20031 835.384 207.422 0.637171 837.452 242.632 0.0536606 0 0 0 790.453 215.203 0.722675 792.457 289.617 0.774465 811.972 358.027 0.758134 0 0 0 0 0 0 837.484 68.4442 0.404989 802.167 70.5221 0.862104 0
0 1 14 0 0 0 817.779 101.769 0.873811 851.018 99.8125 0.893484 851.141 150.64 0.662443 837.312 191.732 0.591003 780.62 103.751 0.780333 753.282 164.44 0.766262 757.237 181.985 0.221407 825.657 197.666 0.646378 835.402 230.958 0.0699973 0 0 0 786.522 207.327 0.728137 782.605 271.99 0.800469 806.093 344.362 0.82295 0 0 0 0 0 0 835.386 62.5664 0.258168 800.2 64.5424 0.81799 0
0 1 15 0 0 0 809.993 95.9023 0.813642 845.214 90.0116 0.8004 850.987 146.68 0.537524 835.364 179.956 0.431039 774.819 99.7883 0.825365 747.387 156.526 0.73076 747.414 164.391 0.231874 819.759 191.762 0.67593 776.813 256.251 0.200103 788.51 273.946 0.084762 780.639 193.752 0.734185 772.836 258.275 0.886899 802.141 324.764 0.800937 0 0 0 0 0 0 831.489 52.7161 0.283105 792.417 52.8783 0.848104 0
0 1 16 0 0 0 808.09 86.1026 0.874933 839.414 84.194 0.844028 841.323 135.057 0.626937 823.672 177.974 0.534004 774.868 88.0396 0.81001 743.591 146.65 0.682909 745.443 160.439 0.384402 808.047 181.942 0.685159 772.858 244.61 0.501974 788.448 303.326 0.292202 774.757 181.978 0.756655 765.017 246.57 0.749482 792.369 307.156 0.810996 0 0 0 0 0 0 823.742 43.0213 0.256893 790.462 44.9713 0.837533 0
0 1 17 0 0 0 806.048 80.2046 0.861956 837.379 78.2354 0.827012 837.396 131.102 0.677492 819.834 162.448 0.440241 772.831 82.1992 0.83013 743.488 133.067 0.73278 743.467 150.632 0.45174 804.156 177.983 0.740489 774.784 240.596 0.698624 776.765 291.501 0.443523 770.873 177.981 0.727803 759.183 240.722 0.745384 788.435 293.45 0.683138 0 0 0 0 0 0 823.664 33.2153 0.347233 788.402 37.1463 0.826335 0
0 1 18 0 0 0 802.18 70.5445 0.865506 835.342 70.4839 0.871034 835.361 127.155 0.633828 819.687 152.602 0.275483 768.868 72.4694 0.763795 743.442 121.297 0.727781 741.541 144.789 0.648449 804.043 166.338 0.721655 784.518 215.253 0.754855 772.777 266.083 0.582495 764.971 164.383 0.691476 749.345 211.242 0.7512 770.892 266.049 0.664249 0 0 0 0 0 0 819.807 25.4613 0.29375 786.464 29.3156 0.782755 0
0 1 19 0 0 0 798.228 68.4114 0.85052 829.585 64.5816 0.815184 833.416 115.492 0.659828 813.925 140.876 0.264128 763.035 68.5607 0.813702 741.437 123.291 0.71511 741.573 137.002 0.383428 802.174 158.507 0.737819 780.687 209.27 0.768637 770.907 256.351 0.699479 761.139 156.52 0.684001 741.546 193.777 0.870238 759.161 252.396 0.689607 0 0 0 0 0 0 815.867 19.5869 0.349803 778.739 21.6132 0.848286 0
0 1 20 0 0 0 790.477 56.7688 0.876363 825.618 54.8056 0.841088 823.753 111.524 0.518446 808.059 133.09 0.125304 759.06 60.6668 0.828299 735.656 117.343 0.764439 741.425 135.004 0.435146 802.195 148.787 0.749249 782.576 205.39 0.757283 770.906 256.336 0.674102 759.198 146.782 0.703527 735.677 179.936 0.823735 757.157 250.414 0.813458 0 0 0 0 0 0 0 0 0 772.883 11.7167 0.736007 0
0 1 21 0 0 0 788.565 52.7869 0.890038 819.838 50.8393 0.889765 821.71 99.8321 0.637874 806.039 131.043 0.224341 759.059 54.7268 0.862575 735.628 101.719 0.701632 737.581 127.157 0.566591 796.306 144.761 0.738453 780.639 203.484 0.772043 770.845 260.225 0.807035 759.123 136.951 0.695404 729.8 166.318 0.802437 743.466 232.838 0.881983 0 0 0 0 0 0 806.098 4.83132 0.357832 772.756 3.87923 0.764531 0
0 1 22 0 0 0 788.399 46.9319 0.841956 819.806 43.0662 0.878276 819.785 95.8609 0.362215 806.079 146.743 0.167597 753.294 50.8725 0.817384 729.773 97.8172 0.729587 729.779 119.32 0.693989 790.474 136.955 0.753999 776.825 195.685 0.826261 770.89 256.349 0.820148 755.157 131.125 0.687286 725.958 162.353 0.876118 735.658 226.929 0.891251 0 0 0 0 0 0 804.068 4.83918 0.38851 766.958 4.83146 0.694649 0
0 1 23 757.124 4.83774 0.0776118 778.715 43.0129 0.79194 813.87 39.1537 0.784699 0 0 0 0 0 0 745.443 50.8604 0.779567 725.822 101.696 0.690709 725.956 115.457 0.323965 788.464 133.071 0.800483 776.809 195.571 0.858751 770.902 256.205 0.815019 745.465 131.022 0.686863 725.826 152.654 0.785853 725.772 209.405 0.851551 0 0 0 0 0 0 796.33 4.85079 0.189201 768.883 4.83079 0.567084 0
0 1 24 0 0 0 776.71 37.2262 0.835669 806.187 37.1732 0.775277 0 0 0 0 0 0 745.439 39.1891 0.768976 725.849 80.2396 0.640971 723.839 103.753 0.653775 780.658 133.067 0.761206 776.737 193.716 0.877358 772.725 254.317 0.822634 741.452 125.229 0.67877 723.869 150.675 0.73403 712.144 195.657 0.885658 0 0 0 0 0 0 790.493 4.84596 0.0868632 763.066 3.88601 0.343683 0
0 1 25 0 0 0 772.769 37.1554 0.861263 804.171 37.1092 0.841221 0 0 0 0 0 0 739.591 39.1569 0.80587 714.117 90.0225 0.720868 721.914 103.711 0.245339 776.793 133.042 0.789227 774.826 193.639 0.864916 770.842 252.405 0.790571 735.66 129.117 0.713587 710.297 162.334 0.496402 708.219 178.106 0.602018 0 0 0 0 0 0 788.484 4.84898 0.107405 0 0 0 0
0 1 26 0 0 0 761.123 35.1588 0.81763 794.362 27.4262 0.776706 759.112 21.4812 0.0706586 0 0 0 729.777 37.2271 0.816162 710.284 86.0533 0.721472 712.197 101.746 0.373033 774.817 127.189 0.78833 772.847 180.078 0.846529 770.793 248.497 0.775875 733.69 119.362 0.677902 720.014 142.826 0.517877 702.423 170.251 0.742977 0 0 0 0 0 0 776.729 4.83915 0.138122 749.354 3.88492 0.397091 0
0 1 27 741.378 4.87749 0.0515117 757.203 25.4804 0.861621 790.423 23.4692 0.833744 0 0 0 0 0 0 725.842 33.2747 0.843111 708.184 84.0821 0.733475 708.257 93.8926 0.312041 772.795 117.404 0.828195 770.885 179.959 0.862707 770.814 248.498 0.786899 727.826 115.379 0.731106 716.106 133.067 0.611416 704.308 168.307 0.821713 0 0 0 0 0 0 770.839 4.84128 0.126857 741.486 4.82711 0.355834 0
0 1 28 0 0 0 753.277 21.5446 0.869652 786.53 21.4415 0.814164 0 0 0 0 0 0 721.937 25.4095 0.809343 698.499 70.4737 0.788835 708.22 88.0712 0.495183 765.016 113.501 0.795676 761.139 172.201 0.838539 768.949 242.641 0.838528 725.78 107.585 0.685884 712.17 131.027 0.724615 706.277 166.28 0.896771 0 0 0 0 0 0 759.064 4.83469 0.0948026 731.742 4.84724 0.318838 0
0 1 29 0 0 0 743.452 19.5581 0.825835 0 0 0 0 0 0 0 0 0 712.202 23.4451 0.832667 696.448 62.5739 0.682972 696.502 84.0354 0.673941 759.185 107.583 0.793277 759.186 164.395 0.894818 763.024 234.79 0.8147 718.022 101.804 0.663449 710.157 125.2 0.673425 704.31 164.34 0.878454 0 0 0 0 0 0 0 0 0 723.843 4.85572 0.316039 0
1 111 85 0 0 0 436.321 510.667 0.832478 469.574 539.959 0.775036 477.31 633.905 0.865624 524.305 655.41 0.876446 399.207 485.23 0.840176 0 0 0 0 0 0 414.862 637.838 0.54539 483.291 663.279 0.598128 461.747 714.189 0.0830974 375.67 616.341 0.589708 430.42 600.604 0.080948 0 0 0 0 0 0 0 0 0 483.294 469.541 0.816264 444.069 453.945 0.424608 0
1 111 86 0 0 0 442.162 504.817 0.874039 473.415 530.209 0.756693 475.447 628.01 0.792046 514.579 649.651 0.859825 410.813 477.39 0.905748 0 0 0 0 0 0 414.795 628.061 0.589534 483.259 657.402 0.601788 457.813 714.146 0.17473 375.661 606.536 0.593266 434.358 588.935 0.111089 0 0 0 0 0 0 0 0 0 489.124 459.859 0.858299 446.131 444.187 0.504085 1
1 111 87 0 0 0 444.196 495.018 0.888419 477.312 522.419 0.834655 475.332 618.277 0.77979 512.577 649.64 0.814905 412.836 471.479 0.867423 0 0 0 0 0 0 414.777 624.114 0.58207 477.49 645.653 0.371204 453.89 690.659 0.320452 373.719 600.701 0.631503 455.809 616.338 0.0593891 434.354 665.199 0.259783 0 0 0 0 0 0 491.041 453.902 0.875039 448.128 440.231 0.395629 1
1 111 88 0 0 0 448.062 491.012 0.849387 477.453 514.573 0.779625 477.309 602.672 0.791577 504.775 647.588 0.882118 416.795 461.829 0.859696 0 0 0 0 0 0 418.734 614.308 0.597516 487.129 641.719 0.272929 459.805 686.743 0.496889 379.494 588.941 0.63657 438.234 628.034 0.0985632 432.435 680.861 0.395525 0 0 0 0 0 0 493.058 446.112 0.835945 453.935 430.43 0.52551 1
1 111 89 0 0 0 455.854 479.402 0.842997 481.286 506.778 0.810165 477.35 600.618 0.789554 495.021 645.639 0.853374 426.442 457.86 0.872531 0 0 0 0 0 0 424.588 602.651 0.578222 430.364 616.291 0.115249 430.49 634.014 0.138383 381.468 584.953 0.677003 430.4 620.214 0.29176 434.385 680.871 0.516948 0 0 0 0 0 0 495.042 440.249 0.93634 459.734 428.457 0.497874 1
1 111 90 0 0 0 459.74 475.448 0.857912 483.232 504.717 0.737128 477.314 598.72 0.789107 500.866 633.907 0.748243 428.563 448.089 0.901815 0 0 0 0 0 0 424.578 602.571 0.571949 430.537 618.348 0.158899 440.168 678.927 0.27912 381.582 583.046 0.684239 436.31 616.219 0.300672 436.337 680.871 0.362072 0 0 0 0 0 0 500.865 432.412 0.928174 459.694 416.792 0.659331 1
1 111 91 0 0 0 461.649 473.505 0.825015 487.137 500.848 0.734041 477.339 592.812 0.772145 502.86 626.092 0.762737 432.352 446.147 0.883447 457.804 459.787 0.0525567 0 0 0 428.409 598.677 0.598901 438.297 618.31 0.348816 434.365 678.944 0.568202 383.522 577.187 0.683644 440.194 606.505 0.219427 432.456 678.9 0.112195 0 0 0 0 0 0 504.789 428.521 0.957813 459.824 414.706 0.811307 1
1 111 92 0 0 0 463.7 463.756 0.814054 491.093 492.999 0.787058 477.47 586.9 0.816552 495.025 631.895 0.798698 438.22 444.109 0.857613 459.642 457.753 0.0579432 0 0 0 426.525 590.875 0.577597 436.348 608.485 0.47867 436.29 669.133 0.646819 385.438 571.294 0.701726 438.262 586.953 0.124656 424.556 630.004 0.116368 0 0 0 0 0 0 506.684 426.494 0.905244 461.73 412.824 0.727903 1
1 111 93 0 0 0 465.68 461.742 0.83504 493.012 489.085 0.792373 481.288 573.299 0.716251 495.007 628.023 0.778 440.201 442.164 0.856897 459.733 457.828 0.0592321 0 0 0 430.457 586.915 0.620332 445.994 590.882 0.176562 440.202 647.671 0.30222 387.434 569.394 0.686063 440.185 596.701 0.288756 438.226 655.434 0.490689 0 0 0 0 0 0 506.766 424.534 0.905237 461.766 412.723 0.746048 1
1 111 94 0 0 0 471.524 459.76 0.855644 495.038 479.359 0.785072 487.202 571.313 0.732467 498.934 622.178 0.763832 442.191 438.294 0.863537 0 0 0 0 0 0 432.381 586.919 0.611985 438.236 584.982 0.0772998 436.318 639.799 0.259104 391.314 569.305 0.671248 442.179 583.053 0.14135 432.4 641.711 0.471346 0 0 0 0 0 0 506.79 420.631 0.897585 463.69 410.839 0.781882 1
1 111 95 0 0 0 473.447 455.898 0.844322 496.935 475.477 0.805892 491.031 563.47 0.774493 502.851 620.223 0.818452 444.065 434.325 0.876622 0 0 0 0 0 0 430.502 583.067 0.617949 491.126 567.424 0.240603 489.141 628.026 0.16408 391.291 569.284 0.633782 444.164 573.269 0.135986 430.517 633.871 0.651611 0 0 0 0 0 0 508.702 414.838 0.925792 463.773 404.963 0.75893 1
1 111 96 0 0 0 475.339 449.997 0.844236 500.839 473.417 0.769612 491.088 561.514 0.77055 506.692 616.348 0.844495 444.135 430.542 0.904226 0 0 0 0 0 0 432.368 584.936 0.590006 502.833 600.638 0.209076 491.002 624.151 0.21061 393.238 565.436 0.609793 463.686 567.373 0.0788201 430.468 620.261 0.513041 0 0 0 0 0 0 510.674 412.828 0.938857 467.644 399.107 0.799782 1
1 111 97 0 0 0 475.41 446.12 0.906649 498.946 465.668 0.776504 491.124 551.751 0.817138 504.75 610.428 0.771142 446.04 430.378 0.916001 473.446 444.187 0.0566106 0 0 0 430.503 575.206 0.575402 500.885 600.629 0.264927 489.105 631.932 0.266999 391.336 559.548 0.631558 451.943 559.585 0.122829 428.567 616.295 0.618787 0 0 0 0 0 0 510.724 410.828 0.946673 471.492 397.206 0.720176 1
1 111 98 0 0 0 475.443 442.13 0.874242 500.852 459.734 0.800423 491.156 541.924 0.861549 506.797 600.712 0.899407 446.121 424.597 0.864368 461.752 416.726 0.0561086 0 0 0 432.382 573.309 0.531227 506.806 579.128 0.0968078 493.033 604.614 0.122931 391.326 555.613 0.605981 0 0 0 0 0 0 0 0 0 0 0 0 514.594 401.076 0.972364 473.484 393.283 0.723749 1
1 111 99 0 0 0 475.498 438.287 0.8561 502.78 457.82 0.803112 491.113 538.089 0.891844 508.67 598.654 0.859441 448.007 422.586 0.830119 461.779 414.797 0.0526292 0 0 0 428.492 573.261 0.541644 502.849 590.845 0.30044 491.036 626.061 0.207166 385.502 553.702 0.604784 487.155 563.459 0.0933147 0 0 0 0 0 0 0 0 0 514.538 399.128 0.973701 475.357 391.287 0.607216 1
1 111 100 0 0 0 475.471 436.277 0.86474 500.889 455.875 0.803883 491.129 537.968 0.866662 508.62 588.932 0.813561 446.163 418.712 0.853592 0 0 0 0 0 0 426.509 571.268 0.569216 502.814 581.072 0.390555 487.178 631.873 0.585751 385.409 551.701 0.613918 477.384 547.864 0.093152 426.462 596.735 0.427317 0 0 0 0 0 0 510.704 399.058 0.998216 475.324 389.342 0.662908 1
1 111 101 0 0 0 475.429 432.399 0.891806 497.003 449.977 0.810936 491.07 536.017 0.852547 508.635 586.909 0.833244 448.025 416.785 0.8485 0 0 0 0 0 0 426.522 569.294 0.577805 496.991 577.171 0.433461 489.084 629.991 0.61671 383.576 551.696 0.636305 465.653 540.055 0.0892299 0 0 0 0 0 0 0 0 0 510.657 397.167 0.978294 475.321 387.415 0.579547 1
1 111 102 0 0 0 475.447 432.355 0.898382 496.955 448.078 0.823872 489.122 528.303 0.834457 506.813 584.989 0.879538 448.055 416.708 0.840566 0 0 0 0 0 0 424.575 567.389 0.594764 493.115 571.286 0.486963 487.207 631.903 0.691811 383.511 549.76 0.626687 473.448 545.834 0.115076 428.448 598.618 0.585715 0 0 0 0 0 0 510.643 397.147 0.965186 477.311 385.415 0.293444 1
1 111 103 0 0 0 475.455 430.408 0.905724 496.946 446.089 0.852577 487.172 528.238 0.811581 506.633 584.975 0.845926 448.097 414.793 0.832557 0 0 0 0 0 0 420.64 557.661 0.597757 491.041 573.268 0.553798 489.119 629.988 0.725554 383.511 540.035 0.616693 471.517 547.848 0.13626 428.447 594.78 0.627258 0 0 0 0 0 0 510.655 397.109 0.925739 477.348 383.559 0.29098 1
1 111 104 0 0 0 475.489 428.53 0.909004 495.022 444.182 0.849493 481.315 526.282 0.816925 504.692 584.914 0.801248 451.955 414.729 0.813529 475.431 430.493 0.0532721 0 0 0 416.749 553.73 0.637308 489.153 579.095 0.530915 489.069 631.871 0.733121 383.499 536.091 0.596476 471.529 547.809 0.134082 428.428 592.826 0.619192 0 0 0 0 0 0 510.71 397.09 0.909207 477.344 383.583 0.299868 1
1 111 105 0 0 0 475.5 428.467 0.905912 495.001 444.126 0.857411 477.496 524.35 0.869111 496.999 579.118 0.773473 451.988 412.856 0.808616 0 0 0 0 0 0 414.791 553.611 0.623841 481.334 573.236 0.57177 489.062 629.973 0.737863 381.465 536.093 0.609243 453.922 545.871 0.144146 0 0 0 0 0 0 0 0 0 510.683 395.236 0.880366 477.309 383.545 0.344426 1
1 111 106 0 0 0 475.491 428.389 0.894918 494.99 444.075 0.845146 477.395 522.291 0.882638 493.136 575.214 0.791252 451.981 412.759 0.823998 0 0 0 0 0 0 414.792 549.784 0.611664 479.352 571.301 0.600149 487.199 628.041 0.742497 379.518 534.145 0.619154 455.863 549.796 0.172774 428.53 588.931 0.633891 0 0 0 0 0 0 510.719 395.17 0.868933 477.316 383.514 0.344576 1
1 111 107 524.423 385.472 0.13114 475.494 426.524 0.866547 493.113 442.188 0.832534 475.48 520.426 0.892564 491.06 573.289 0.768203 455.858 412.721 0.795683 0 0 0 0 0 0 412.788 547.838 0.596848 477.389 569.325 0.5187 489.126 626.088 0.765106 377.587 534.103 0.588003 451.948 551.712 0.196394 428.512 590.845 0.636015 524.321 383.515 0.274445 0 0 0 510.683 393.215 0.864462 477.457 383.409 0.147406 1
1 111 108 526.282 385.441 0.111398 475.456 424.587 0.847419 493.053 442.103 0.819827 475.396 520.471 0.883216 487.201 571.406 0.751084 457.755 410.835 0.772919 477.464 428.459 0.0738081 0 0 0 408.914 543.952 0.581471 479.366 573.272 0.464614 489.159 628.029 0.740834 377.576 530.209 0.554304 448.069 553.631 0.230787 428.492 588.929 0.584824 524.353 383.483 0.249985 0 0 0 510.667 391.3 0.870543 479.302 381.576 0.13594 1
1 111 109 0 0 0 475.464 422.632 0.84245 493.081 438.28 0.823386 473.468 518.507 0.865258 481.325 571.27 0.72896 457.764 408.891 0.753367 477.359 420.661 0.0890632 0 0 0 410.887 541.98 0.579239 479.372 573.239 0.462347 489.121 626.084 0.726378 375.674 530.235 0.579325 442.183 547.836 0.216107 428.554 586.993 0.599107 0 0 0 0 0 0 510.674 391.27 0.848603 477.431 379.597 0.222307 1
1 111 110 0 0 0 475.452 420.661 0.828716 493.061 436.272 0.828604 473.407 516.502 0.851513 479.344 569.384 0.686257 457.824 406.964 0.744317 477.359 418.708 0.0549325 0 0 0 408.931 540.069 0.575097 479.356 577.147 0.544707 489.063 629.947 0.769087 375.647 530.193 0.582204 436.31 551.665 0.231257 428.516 588.902 0.605589 0 0 0 0 0 0 512.591 387.418 0.840811 479.326 379.552 0.129948 1
1 111 111 0 0 0 475.429 418.668 0.822306 493.042 432.398 0.834098 471.516 510.64 0.855996 477.401 569.329 0.696176 457.822 404.986 0.731975 0 0 0 0 0 0 401.123 540.031 0.605656 477.435 575.215 0.562844 487.194 630.013 0.781543 375.645 524.401 0.549628 442.206 553.672 0.224566 428.53 590.869 0.566807 0 0 0 0 0 0 512.593 387.429 0.820412 477.504 373.694 0.131327 1
1 111 112 0 0 0 475.395 416.716 0.848913 493.006 430.487 0.851363 467.6 508.666 0.862977 475.4 567.332 0.702296 455.898 401.151 0.738953 483.236 438.272 0.0581016 0 0 0 403.061 538.044 0.590525 475.493 571.238 0.601768 487.182 631.857 0.783722 373.729 524.321 0.571944 442.201 555.676 0.292687 428.556 590.883 0.565822 0 0 0 0 0 0 512.585 387.418 0.841299 477.451 371.719 0.181973 1
1 111 113 0 0 0 475.436 414.804 0.859399 493.006 430.38 0.862646 465.682 506.703 0.857268 473.479 567.316 0.715288 457.837 401.05 0.753959 0 0 0 0 0 0 399.18 538.048 0.627856 475.436 571.252 0.585374 489.054 630.018 0.764813 373.676 522.426 0.542297 444.093 555.631 0.262544 428.551 588.983 0.571173 0 0 0 0 0 0 514.546 385.454 0.839958 477.472 369.821 0.113463 1
1 111 114 536.023 383.537 0.136422 475.452 414.724 0.869325 492.984 428.533 0.852404 463.736 506.648 0.868158 473.427 563.438 0.694031 457.859 399.118 0.768537 477.48 436.323 0.05087 0 0 0 401.088 536.113 0.602263 475.425 569.372 0.618279 487.182 631.861 0.779711 373.716 522.382 0.534928 442.215 555.64 0.253105 428.563 588.956 0.611181 530.251 381.528 0.28827 0 0 0 512.643 383.535 0.865524 479.382 369.84 0.0723964 1
1 111 115 536.011 381.553 0.150708 475.424 414.698 0.887385 491.151 428.533 0.862223 463.666 504.798 0.886101 471.497 563.486 0.718479 457.806 399.072 0.789022 0 0 0 0 0 0 403.026 534.078 0.555887 475.415 569.428 0.614444 487.198 631.859 0.787391 371.747 522.324 0.564744 438.315 555.619 0.288471 428.566 588.973 0.636754 0 0 0 0 0 0 512.585 383.404 0.886578 0 0 0 1
1 111 116 532.149 381.599 0.110558 475.362 412.886 0.873714 491.106 428.521 0.851248 461.806 504.801 0.894421 471.511 561.508 0.719141 455.883 397.255 0.781173 0 0 0 0 0 0 403.043 530.223 0.545755 475.406 569.34 0.611649 487.141 631.886 0.796701 369.86 520.445 0.590212 438.285 555.621 0.30938 430.352 590.909 0.643008 0 0 0 0 0 0 510.707 381.56 0.894731 483.233 367.841 0.100566 1
1 111 117 530.249 381.515 0.113368 475.359 412.821 0.865205 491.112 428.446 0.842806 461.763 504.746 0.881397 471.501 559.604 0.70849 455.871 397.187 0.78319 0 0 0 0 0 0 405.01 528.266 0.541726 475.36 569.291 0.590156 485.241 631.903 0.797744 371.729 520.432 0.591759 432.465 553.686 0.328293 430.349 592.816 0.666501 526.37 377.574 0.23786 0 0 0 510.704 381.49 0.903527 481.291 367.787 0.105807 1
1 111 118 532.197 381.495 0.133743 475.329 412.785 0.86311 491.103 426.546 0.835909 461.726 504.758 0.873898 471.506 557.68 0.709909 453.902 397.157 0.779148 475.414 444.089 0.0698764 0 0 0 405.018 528.247 0.550608 473.472 569.261 0.601603 485.251 631.911 0.804092 369.863 520.43 0.610157 434.393 553.648 0.335561 430.339 594.771 0.657218 528.27 375.664 0.254735 0 0 0 510.681 381.427 0.908946 477.454 365.864 0.115171 1
1 111 119 532.198 381.447 0.116149 473.476 412.743 0.85312 491.027 428.414 0.824724 461.703 504.723 0.874559 471.485 557.621 0.711844 453.897 397.098 0.772476 0 0 0 0 0 0 404.998 526.334 0.554433 473.48 569.264 0.631048 487.129 631.911 0.809294 369.817 520.402 0.607636 434.39 553.664 0.344071 430.341 594.796 0.659233 530.195 371.793 0.236542 0 0 0 510.691 379.583 0.891509 477.456 363.928 0.100303 1
1 111 120 0 0 0 473.407 410.897 0.831883 490.994 426.517 0.812773 461.71 504.714 0.878564 469.583 557.588 0.735943 450.036 397.088 0.763548 0 0 0 0 0 0 403.076 528.242 0.554406 475.348 569.289 0.64197 485.251 631.957 0.818866 369.799 520.43 0.611837 434.357 551.754 0.352724 430.338 596.714 0.674849 0 0 0 0 0 0 510.614 379.585 0.908241 477.411 363.93 0.118738 1
1 111 121 0 0 0 471.542 410.811 0.810364 489.122 424.584 0.792507 461.667 502.82 0.881431 471.497 555.708 0.754918 451.946 395.208 0.758127 0 0 0 0 0 0 404.991 528.247 0.561362 475.341 569.292 0.646313 485.228 631.967 0.818515 369.802 520.416 0.617496 432.45 551.753 0.341353 428.558 596.71 0.672599 0 0 0 0 0 0 508.734 379.521 0.887112 477.357 363.903 0.122801 1
1 111 122 532.181 377.625 0.157808 471.514 410.816 0.822193 489.078 424.583 0.788316 461.661 502.796 0.864525 471.478 555.71 0.763268 451.937 395.205 0.764014 0 0 0 0 0 0 403.063 528.255 0.573198 473.508 569.286 0.645211 485.223 631.968 0.815801 369.793 520.422 0.619817 432.425 551.757 0.331878 428.556 596.69 0.668825 530.212 369.817 0.307079 0 0 0 510.639 377.593 0.9105 475.447 361.971 0.106774 1
1 111 123 0 0 0 469.599 408.913 0.810268 489.055 422.613 0.795574 459.853 502.844 0.87314 471.503 555.694 0.773198 450.021 395.15 0.755657 0 0 0 0 0 0 405.014 528.241 0.57049 473.456 569.3 0.639152 485.242 631.972 0.81599 369.795 520.378 0.619659 432.439 551.767 0.335614 428.549 594.802 0.664017 0 0 0 0 0 0 508.792 377.572 0.927884 477.315 363.889 0.123762 1
1 111 124 0 0 0 469.529 408.911 0.809744 487.181 422.589 0.791684 459.831 502.794 0.86148 471.499 555.696 0.768951 448.081 395.155 0.767466 461.806 459.681 0.0720519 0 0 0 404.991 528.288 0.568289 473.465 569.293 0.626313 485.244 631.968 0.81172 369.789 520.409 0.619045 436.313 553.668 0.326559 428.541 596.69 0.648245 0 0 0 0 0 0 508.681 377.577 0.895112 475.465 363.862 0.121119 1
1 111 125 0 0 0 467.629 408.923 0.815211 487.158 422.616 0.788076 459.772 498.949 0.855186 471.484 555.679 0.769521 448.058 393.283 0.768208 463.728 457.768 0.0782268 0 0 0 403.053 528.229 0.57732 473.438 569.251 0.617642 485.224 631.971 0.800961 369.768 518.501 0.617039 436.319 553.635 0.308973 428.546 594.788 0.638832 0 0 0 0 0 0 506.807 379.486 0.880808 477.337 365.851 0.118871 1
1 111 126 0 0 0 465.702 408.906 0.818438 485.248 422.589 0.790617 459.75 500.841 0.85098 471.497 555.66 0.770185 448.01 393.273 0.771882 465.642 455.884 0.0868938 0 0 0 403.035 526.306 0.586889 471.498 569.285 0.619836 485.223 631.972 0.8026 367.929 520.394 0.622853 436.294 551.752 0.310283 428.545 594.795 0.634459 0 0 0 0 0 0 506.793 377.604 0.88447 475.497 365.836 0.11662 1
1 111 127 0 0 0 465.679 408.908 0.825233 485.232 422.579 0.787031 459.722 498.934 0.858885 471.472 555.682 0.768453 446.176 395.143 0.789062 461.795 457.745 0.0806441 0 0 0 401.099 526.347 0.598594 471.472 569.314 0.632719 485.21 631.992 0.809681 369.748 520.383 0.619648 436.304 553.697 0.306444 428.543 594.787 0.632853 0 0 0 0 0 0 506.806 377.553 0.899355 477.313 365.836 0.125316 1
1 111 128 0 0 0 465.662 408.918 0.826967 485.184 422.596 0.777363 459.714 500.838 0.852183 469.591 555.675 0.779926 446.179 393.293 0.782124 459.781 457.787 0.07534 0 0 0 401.082 528.241 0.602966 471.474 569.278 0.63205 485.207 631.99 0.812193 367.925 520.416 0.616346 436.299 553.691 0.309471 428.531 594.779 0.623497 0 0 0 0 0 0 506.822 377.599 0.938613 475.466 365.831 0.0959326 1
1 111 129 524.435 377.589 0.176742 463.771 408.917 0.819313 483.249 422.596 0.777211 459.717 500.883 0.861223 469.528 555.651 0.78033 446.16 393.292 0.781034 0 0 0 0 0 0 401.068 528.255 0.606228 471.487 569.269 0.639022 485.234 631.983 0.816468 367.898 520.393 0.612062 434.363 553.653 0.297339 428.523 594.75 0.612287 524.412 367.897 0.318953 0 0 0 506.726 377.572 0.935509 475.415 365.865 0.0838463 1
1 111 130 526.332 375.643 0.162123 463.739 408.881 0.814468 481.308 420.687 0.78594 459.716 500.864 0.858885 467.611 555.702 0.778203 446.166 393.261 0.769649 0 0 0 0 0 0 399.128 528.291 0.608121 473.452 569.277 0.642116 485.232 631.993 0.819643 367.897 520.396 0.592045 434.347 553.653 0.292914 428.531 592.852 0.637169 524.41 367.864 0.301088 0 0 0 506.697 375.621 0.916031 475.423 365.861 0.099042 1
1 111 131 526.338 377.575 0.170704 463.694 406.936 0.811217 479.395 418.724 0.788252 459.687 500.865 0.860532 467.582 555.696 0.789157 446.124 391.316 0.762233 0 0 0 0 0 0 399.176 528.27 0.599519 473.412 567.42 0.61288 485.225 631.976 0.815093 367.926 518.457 0.576547 434.376 551.765 0.274987 428.561 592.832 0.617094 526.288 367.868 0.306759 0 0 0 504.772 373.721 0.880785 0 0 0 1
1 111 132 0 0 0 461.836 405.023 0.813633 479.355 416.78 0.797646 457.758 500.868 0.831906 465.67 555.654 0.802105 446.061 391.313 0.777089 0 0 0 0 0 0 399.177 528.286 0.60838 469.58 567.357 0.554209 485.194 632.012 0.813294 367.86 518.464 0.604251 434.42 553.636 0.293041 428.534 590.871 0.635064 0 0 0 0 0 0 506.727 369.789 1.02396 467.618 358.051 0.0730858 1
1 111 133 528.24 367.865 0.128285 461.75 403.046 0.819217 477.401 416.778 0.818925 455.875 500.857 0.827362 465.695 553.76 0.80519 446.047 387.431 0.788446 0 0 0 0 0 0 401.07 526.331 0.606806 465.693 567.377 0.574625 485.235 631.994 0.814047 367.917 514.586 0.593476 436.33 551.736 0.289659 428.545 592.829 0.643062 0 0 0 0 0 0 504.803 367.864 0.951722 473.442 361.971 0.0655906 1
1 111 134 522.417 367.801 0.157807 461.704 401.119 0.84423 477.307 416.773 0.813767 453.927 498.924 0.821162 465.642 553.597 0.810021 444.202 385.479 0.79975 526.28 381.522 0.0889153 0 0 0 401.099 524.423 0.611017 467.583 563.439 0.576401 485.232 631.981 0.812408 369.773 512.586 0.584247 438.306 549.8 0.256781 428.557 590.853 0.616188 0 0 0 0 0 0 502.842 367.777 0.892614 465.701 356.106 0.0526346 1
1 111 135 0 0 0 459.83 399.181 0.888064 475.442 414.854 0.823255 451.943 498.916 0.816589 465.639 551.721 0.802294 444.068 383.539 0.80444 524.338 373.705 0.0685019 0 0 0 401.065 522.43 0.628128 465.669 561.528 0.613564 483.304 631.947 0.810531 369.765 508.662 0.615553 442.169 547.857 0.259585 428.566 590.861 0.607681 0 0 0 0 0 0 496.979 365.905 0.871018 465.651 354.185 0.0573935 1
1 111 136 518.481 358.073 0.116172 459.789 399.079 0.898273 475.342 414.796 0.796732 448.085 498.895 0.828343 463.759 549.814 0.792711 444.061 381.584 0.797892 522.393 377.641 0.112679 0 0 0 403.033 522.418 0.624851 465.65 559.592 0.622473 483.298 631.945 0.835804 369.848 508.652 0.606007 434.399 551.762 0.279747 430.342 590.897 0.616607 0 0 0 0 0 0 495.074 365.805 0.868282 467.613 354.129 0.0617579 1
1 111 137 520.432 360.01 0.145238 459.737 399.068 0.875369 473.444 416.75 0.754597 446.139 500.894 0.844688 463.732 549.775 0.821483 442.173 381.47 0.784825 522.43 381.475 0.126434 0 0 0 403.035 522.367 0.61409 463.702 561.518 0.624357 483.292 633.881 0.843456 369.859 506.747 0.589605 432.463 553.684 0.246247 428.537 594.755 0.619141 0 0 0 0 0 0 495.058 363.935 0.852106 465.674 352.217 0.0525765 1
1 111 138 0 0 0 457.8 399.085 0.837008 469.577 418.678 0.745394 446.01 504.713 0.87467 461.795 549.814 0.770402 440.187 381.438 0.774242 522.331 381.556 0.154923 0 0 0 401.128 522.419 0.61742 463.737 561.546 0.662698 479.428 633.856 0.844542 371.72 506.761 0.593687 430.536 553.694 0.258577 428.526 594.756 0.638734 0 0 0 0 0 0 495.055 361.94 0.83283 461.831 350.246 0.0658007 1
1 111 139 0 0 0 451.981 397.216 0.817577 465.655 416.797 0.77906 444.143 502.841 0.876742 461.721 549.739 0.809713 432.386 379.551 0.813156 0 0 0 0 0 0 405.017 520.463 0.608863 465.68 565.395 0.676065 479.394 633.999 0.86387 373.679 506.715 0.597146 430.49 555.657 0.329604 428.515 592.809 0.644131 0 0 0 0 0 0 495.025 359.985 0.861322 461.797 350.201 0.0865617 1
1 111 140 0 0 0 450.027 397.227 0.81438 463.73 416.798 0.796274 442.213 504.719 0.861616 461.747 547.823 0.848225 430.529 379.529 0.793858 0 0 0 0 0 0 403.018 520.444 0.619717 467.632 569.311 0.683418 479.389 645.672 0.86868 373.717 504.812 0.57039 430.496 557.631 0.352325 428.468 594.799 0.6291 0 0 0 0 0 0 494.968 359.974 0.859729 461.781 350.223 0.0617856 1
1 111 141 0 0 0 448.079 397.222 0.825392 461.818 418.684 0.812955 442.099 506.681 0.845623 461.678 545.877 0.866395 430.465 377.598 0.800683 0 0 0 0 0 0 403.015 520.409 0.624367 469.566 573.251 0.718162 477.376 649.587 0.890701 375.664 504.747 0.556079 432.471 555.688 0.314295 428.446 596.728 0.662236 0 0 0 0 0 0 494.971 360.032 0.84996 461.75 350.232 0.0643832 0
1 111 142 0 0 0 448.009 399.079 0.823998 461.746 420.656 0.807356 440.197 506.827 0.840239 461.82 547.856 0.914613 430.387 377.591 0.789024 0 0 0 0 0 0 403.044 522.36 0.620309 471.537 579.149 0.71503 475.365 657.41 0.82838 377.609 506.67 0.557043 436.356 557.608 0.224605 428.445 596.752 0.686193 0 0 0 0 0 0 493.058 363.875 0.889687 461.728 350.26 0.0649676 0
1 111 143 0 0 0 446.173 399.175 0.821385 461.71 426.482 0.822336 438.263 508.699 0.828104 463.659 549.748 0.91575 428.499 377.6 0.814649 0 0 0 0 0 0 403.048 522.435 0.621518 471.502 586.979 0.761095 473.422 665.185 0.83302 379.581 506.684 0.528721 438.31 557.666 0.18654 428.41 598.69 0.628659 0 0 0 0 0 0 493.063 363.944 0.916824 461.75 350.261 0.079726 0
1 111 144 0 0 0 446.111 401.099 0.814437 459.826 428.404 0.841809 436.269 508.758 0.805916 461.818 549.755 0.876322 428.479 379.5 0.827797 0 0 0 0 0 0 406.968 524.301 0.613781 473.414 594.767 0.771528 467.582 669.158 0.775983 381.526 506.729 0.57531 440.216 563.494 0.295991 428.449 600.58 0.627279 0 0 0 0 0 0 493.033 365.878 0.969191 461.696 352.161 0.108659 0
1 111 145 0 0 0 446.004 405.021 0.798082 459.7 430.426 0.81272 432.419 518.433 0.754736 467.585 549.734 0.846022 428.405 379.588 0.836755 0 0 0 0 0 0 408.881 526.301 0.578231 469.541 600.63 0.814677 465.647 676.966 0.795772 383.446 508.659 0.534693 444.127 567.416 0.243568 428.477 600.552 0.538349 0 0 0 0 0 0 493.011 367.856 0.968086 459.784 354.12 0.0881553 0
1 111 146 0 0 0 446.032 408.9 0.776971 457.782 432.458 0.775445 432.388 522.391 0.792752 475.353 551.667 0.891374 428.513 381.542 0.864076 518.469 379.53 0.143013 0 0 0 410.858 526.295 0.539783 471.512 604.532 0.779307 465.696 680.871 0.777083 385.455 508.719 0.485455 446.054 569.371 0.203543 430.369 598.717 0.400845 0 0 0 0 0 0 491.166 371.769 0.904708 459.743 356.137 0.090432 0
1 111 147 508.7 379.592 0.177197 444.154 412.776 0.749814 450.05 440.199 0.746389 432.362 524.419 0.806682 477.385 549.799 0.872044 430.37 383.454 0.829226 524.382 371.758 0.190999 0 0 0 410.843 534.085 0.524113 463.727 612.392 0.769745 471.496 690.661 0.746098 393.24 514.559 0.420264 446.107 571.258 0.130737 430.441 600.591 0.271056 506.792 373.717 0.307297 0 0 0 491.049 381.462 0.926674 0 0 0 0
1 111 148 504.765 385.496 0.192818 444.139 416.739 0.66789 448.091 446.168 0.762859 432.358 534.101 0.757276 487.205 549.793 0.833575 430.424 383.543 0.793224 536.057 365.858 0.27517 0 0 0 412.837 536.111 0.55716 461.784 618.206 0.802488 469.54 694.58 0.699806 395.218 518.502 0.427337 446.121 571.328 0.12015 0 0 0 500.892 383.425 0.343842 0 0 0 487.15 385.418 0.860418 0 0 0 0
1 111 149 493.135 399.185 0.165604 442.191 426.498 0.679936 446.027 457.824 0.714645 440.227 539.962 0.811112 491.148 545.889 0.881121 430.372 393.277 0.747533 459.778 465.637 0.242844 481.35 493.044 0.72951 443.97 477.404 0.0663049 0 0 0 0 0 0 401.109 532.185 0.464486 446.125 573.318 0.0865029 0 0 0 494.972 395.177 0.298269 0 0 0 481.297 395.224 0.862815 448.115 381.487 0.051523 0
1 111 150 494.981 412.763 0.197771 440.229 436.286 0.664874 444.117 463.749 0.770125 444.083 543.959 0.787964 495.05 541.929 0.897575 430.395 399.177 0.767685 459.722 473.446 0.25132 493.093 493.124 0.621043 424.589 553.719 0.613023 461.687 629.961 0.794889 461.739 690.67 0.731133 405.032 540.025 0.504011 420.719 573.251 0.0592002 0 0 0 498.89 401.145 0.324772 0 0 0 483.26 401.118 0.84135 0 0 0 0
1 111 151 493.142 428.365 0.484542 442.151 442.192 0.715384 442.168 469.601 0.702512 444.216 547.86 0.774993 500.881 538.072 0.897904 432.466 406.961 0.696541 448.056 412.797 0.0526112 0 0 0 424.542 557.622 0.597685 461.709 633.904 0.774059 461.784 692.612 0.724075 408.931 545.862 0.448481 448.046 620.244 0.172831 451.91 663.308 0.0624533 495.006 414.866 0.625888 0 0 0 477.458 414.762 0.881702 0 0 0 0
1 111 152 491.126 436.304 0.253027 442.127 446.116 0.645514 434.335 477.377 0.715649 446.108 549.816 0.806775 502.824 532.141 0.847197 440.19 412.817 0.6952 463.695 477.413 0.222632 491.136 502.84 0.610287 420.647 565.423 0.610921 461.779 635.86 0.717266 461.843 694.57 0.725066 426.507 553.681 0.412768 457.832 633.873 0.388866 459.801 682.842 0.215742 491.148 428.476 0.40549 0 0 0 477.379 428.561 0.807996 0 0 0 0
1 111 153 493.134 457.811 0.248041 444.167 450.004 0.618433 432.423 481.311 0.639505 448.047 553.709 0.832382 500.894 526.365 0.795457 448.057 414.837 0.658138 520.394 379.582 0.345927 0 0 0 422.602 571.295 0.61667 463.709 637.863 0.690409 463.673 696.465 0.637243 436.289 561.527 0.378073 461.698 635.922 0.398524 461.684 686.758 0.246722 495 446.051 0.356929 0 0 0 479.352 444.113 0.701357 0 0 0 0
1 111 154 492.998 465.631 0.27232 440.185 461.811 0.648819 428.411 491.085 0.668184 448.11 559.605 0.770972 496.981 524.404 0.838559 446.058 430.418 0.601511 522.434 383.526 0.218264 0 0 0 420.645 579.156 0.60723 461.815 645.632 0.684493 463.67 696.491 0.560502 442.155 569.384 0.484243 461.729 645.59 0.49487 461.794 690.662 0.334941 489.094 459.748 0.355924 0 0 0 459.781 455.865 0.584189 0 0 0 0
1 111 155 500.9 479.377 0.354956 444.117 467.633 0.708076 428.429 498.926 0.648232 450.011 569.343 0.777237 491.16 524.441 0.80229 455.861 430.447 0.663221 569.367 369.821 0.103325 571.315 281.715 0.268467 420.68 585.049 0.61217 461.844 647.67 0.694328 463.685 696.499 0.602009 444.187 573.271 0.432552 461.795 647.6 0.284436 459.775 667.191 0.192336 493.126 475.381 0.505338 0 0 0 463.681 463.75 0.696711 0 0 0 0
1 111 156 500.861 491.053 0.25943 444.121 479.328 0.719076 426.497 508.703 0.687383 446.028 577.196 0.717938 487.128 538.023 0.744254 459.805 442.186 0.535011 522.42 383.417 0.325908 0 0 0 420.679 588.951 0.582824 459.7 647.678 0.681353 463.662 694.605 0.611945 449.979 575.215 0.42194 461.701 647.53 0.223562 459.767 663.303 0.146825 493.125 481.324 0.354966 0 0 0 461.688 473.486 0.72518 0 0 0 0
1 111 157 502.841 500.846 0.222322 444.125 491.063 0.702705 422.613 516.514 0.632437 444.128 584.981 0.747313 491.001 542.009 0.728726 461.791 450.033 0.501153 551.715 430.464 0.117391 0 0 0 424.541 592.813 0.529034 459.673 649.52 0.699598 463.661 694.551 0.562575 455.855 569.358 0.343477 0 0 0 0 0 0 493.135 493.065 0.31359 0 0 0 461.71 481.342 0.668065 0 0 0 0
1 111 158 510.64 518.47 0.187955 457.829 491.146 0.582088 418.689 524.389 0.583667 432.434 600.641 0.562154 483.272 555.717 0.673318 485.229 446.097 0.423451 571.27 367.913 0.28958 571.351 279.78 0.387752 424.591 586.946 0.216253 451.937 647.6 0.596743 461.842 694.59 0.570301 461.676 551.735 0.150741 506.8 606.549 0.110729 0 0 0 0 0 0 0 0 0 461.685 493.114 0.480787 0 0 0 0
1 111 159 508.714 522.385 0.309579 450.025 496.994 0.654817 414.843 526.355 0.651953 432.38 610.436 0.596025 477.466 559.607 0.654161 477.414 459.744 0.518359 571.304 373.694 0.153421 571.322 277.838 0.286135 426.538 594.779 0.32985 446.114 645.664 0.522776 461.796 694.509 0.597563 463.666 569.341 0.31746 500.859 602.679 0.217328 491.047 622.169 0.254153 0 0 0 0 0 0 461.679 500.876 0.549467 0 0 0 0
1 111 160 510.662 526.334 0.352321 459.725 506.733 0.671025 420.643 537.996 0.611474 430.408 610.437 0.593806 477.328 571.24 0.780235 491.072 461.798 0.415504 571.361 369.781 0.116156 571.308 275.867 0.21423 424.544 590.872 0.312346 446.044 651.513 0.53368 461.83 694.506 0.576364 463.685 565.427 0.312304 506.828 618.345 0.562838 481.302 631.951 0.15334 504.735 524.294 0.391714 516.468 508.693 0.221162 463.7 510.649 0.571592 0 0 0 0
1 111 161 512.583 524.369 0.157847 457.836 510.714 0.701793 416.752 540.043 0.632892 430.393 622.199 0.642397 477.341 579.118 0.744941 489.141 477.379 0.442173 0 0 0 0 0 0 430.464 588.928 0.246737 446.077 655.434 0.468872 461.831 694.559 0.526764 477.385 573.264 0.295081 508.679 633.936 0.626857 493.089 641.753 0.186824 0 0 0 0 0 0 459.729 510.705 0.531334 0 0 0 0
1 111 162 514.547 538.019 0.163737 461.696 520.39 0.625961 412.887 547.831 0.651413 430.424 629.932 0.625587 473.451 585.043 0.719981 512.629 479.36 0.411592 522.329 383.519 0.125168 0 0 0 428.507 586.938 0.196421 436.348 637.828 0.519683 461.765 694.57 0.567431 477.42 557.604 0.187749 493.103 604.591 0.340201 506.788 659.318 0.529793 0 0 0 0 0 0 459.784 524.312 0.621977 0 0 0 0
1 111 163 496.98 551.732 0.138508 461.712 522.445 0.671632 412.844 553.696 0.732662 430.44 633.902 0.707003 475.371 588.946 0.743702 512.6 481.331 0.485864 559.566 428.526 0.0747419 0 0 0 444.174 610.417 0.159847 442.132 647.611 0.40156 461.781 694.543 0.467314 494.992 592.818 0.21083 493.089 616.286 0.206589 0 0 0 491.036 545.851 0.163396 0 0 0 457.85 528.251 0.666956 502.861 496.948 0.102944 0
1 111 164 498.935 553.699 0.266948 457.848 532.178 0.700069 412.786 555.742 0.765388 426.547 632.031 0.799957 475.415 600.715 0.804421 498.928 502.826 0.510954 510.709 555.735 0.491046 522.474 594.752 0.823244 446.065 630.015 0.372491 451.934 680.858 0.511065 461.748 690.657 0.31936 492.977 604.558 0.415862 508.719 686.761 0.555067 522.252 714.164 0.0754377 491.007 551.753 0.28903 506.758 543.915 0.190306 459.713 537.975 0.645945 0 0 0 0
1 111 165 489.117 559.572 0.158133 457.772 540.071 0.785728 412.84 565.411 0.775922 428.444 635.905 0.786002 475.429 614.351 0.801348 493.109 518.493 0.620593 510.625 561.492 0.671124 524.311 600.603 0.8739 444.158 628.061 0.341845 446.11 667.17 0.335624 461.756 692.567 0.431762 491.1 608.459 0.456801 508.776 694.569 0.585503 518.452 714.18 0.184586 479.336 555.64 0.173349 493.079 553.628 0.0663017 459.732 540.032 0.495401 493.047 522.356 0.051148 0
1 111 166 491.05 569.308 0.213915 457.776 551.693 0.746838 412.827 571.234 0.792727 424.524 641.762 0.749682 477.35 626.079 0.803699 496.969 524.392 0.609946 510.712 571.258 0.681594 528.254 612.376 0.811328 444.179 635.87 0.40464 453.917 678.925 0.451495 461.764 692.586 0.326936 491.116 618.244 0.528448 512.584 698.544 0.448008 522.311 714.2 0.137013 485.2 567.376 0.22675 495.074 567.351 0.0889746 459.743 547.836 0.473355 0 0 0 0
1 111 167 491.077 579.131 0.308432 459.689 555.61 0.754837 414.717 577.181 0.753814 420.649 649.538 0.762201 479.345 633.983 0.847403 502.813 528.259 0.561893 518.463 575.263 0.637484 530.234 620.2 0.765489 446.041 633.928 0.312531 451.985 680.85 0.514481 461.794 694.54 0.187088 493.02 614.348 0.35604 510.632 690.672 0.300123 520.455 714.193 0.168906 481.33 571.326 0.318886 500.884 573.281 0.156078 461.692 555.635 0.594098 0 0 0 0
1 111 168 506.726 584.996 0.168236 465.64 559.566 0.638173 418.685 584.989 0.686766 420.672 653.481 0.636459 483.276 647.663 0.689439 508.699 532.189 0.427473 522.425 590.857 0.402425 534.105 633.978 0.641392 446.15 635.847 0.15341 459.74 692.617 0.273761 463.758 698.469 0.0816514 495.059 602.657 0.158464 524.293 714.147 0.205948 0 0 0 0 0 0 0 0 0 463.676 567.406 0.441998 0 0 0 0
