1 111 105 0 0 0 755.194 4.89272 0.0594999 0 0 0 0 0 0 0 0 0 772.901 4.86412 0.127823 774.751 23.5007 0.819652 770.817 70.5012 0.898297 710.165 43.0654 0.86962 688.695 95.8321 0.868516 706.271 133.048 0.904166 743.472 52.8049 0.896635 733.705 101.668 0.843148 729.829 148.743 0.869503 0 0 0 0 0 0 0 0 0 0 0 0 0
1 111 107 0 0 0 739.519 4.89166 0.0506692 0 0 0 0 0 0 0 0 0 764.97 4.87202 0.0828763 764.973 25.5021 0.746622 757.222 84.1481 0.878977 696.503 52.764 0.911137 680.779 107.637 0.901998 678.875 162.414 0.954967 733.728 56.7896 0.769339 727.884 113.457 0.865215 729.843 148.741 0.823701 0 0 0 0 0 0 0 0 0 0 0 0 0
1 111 108 0 0 0 729.808 4.8716 0.198868 0 0 0 0 0 0 0 0 0 757.231 4.86148 0.399027 759.038 37.1982 0.882864 747.443 86.1666 0.823323 694.588 58.6817 0.895548 678.807 115.409 0.932996 665.254 176.04 0.919225 729.784 68.4571 0.866395 727.804 115.412 0.817698 729.755 148.768 0.811327 0 0 0 0 0 0 0 0 0 0 0 0 0
1 111 109 0 0 0 727.865 4.86137 0.386426 696.474 4.87409 0.240725 0 0 0 0 0 0 755.191 4.85144 0.58775 753.29 44.9916 0.797974 743.498 91.9756 0.837563 692.586 62.6201 0.831934 676.901 117.484 0.902038 661.345 179.993 0.925369 727.772 70.4039 0.870488 725.908 115.37 0.710635 727.881 146.784 0.80589 0 0 0 0 0 0 0 0 0 0 0 0 0
1 111 110 0 0 0 716.112 4.85681 0.474759 682.864 4.86084 0.417822 667.246 17.596 0.652883 663.182 45.027 0.905443 743.469 4.84829 0.667783 743.464 48.9065 0.849314 737.626 90.0191 0.729803 682.901 68.551 0.876286 671.106 125.249 0.859023 663.148 183.932 0.891335 721.921 74.3334 0.785738 723.853 117.37 0.677849 725.948 146.737 0.784313 0 0 0 0 0 0 0 0 0 0 0 0 0
1 111 111 0 0 0 712.216 4.85475 0.622896 682.879 4.85512 0.410827 665.279 17.5998 0.727482 659.309 50.8223 0.870425 739.584 4.84149 0.753356 741.442 52.7573 0.871494 727.947 97.8558 0.809559 680.803 72.3868 0.879714 667.247 131.011 0.909454 663.161 189.737 0.859933 712.286 82.1842 0.845283 716.06 127.18 0.636643 725.853 146.755 0.700391 0 0 0 0 0 0 0 0 0 0 0 0 0
1 111 112 0 0 0 710.201 4.85532 0.552423 680.913 4.86091 0.309259 0 0 0 0 0 0 727.917 4.84207 0.687034 731.746 52.8231 0.797031 725.781 103.679 0.804455 678.823 78.2249 0.78329 665.25 133.118 0.915504 661.278 195.577 0.87933 710.261 84.1335 0.830985 712.154 133.006 0.618325 723.858 152.589 0.540802 0 0 0 0 0 0 0 0 0 0 0 0 0
1 111 113 0 0 0 698.508 4.84584 0.68879 674.987 4.85427 0.475999 657.401 21.5265 0.684094 647.687 54.8333 0.893305 723.916 4.83233 0.762003 725.934 54.7813 0.858067 714.211 105.622 0.738512 671.058 82.1855 0.771999 663.224 134.978 0.912412 661.247 195.615 0.884431 700.434 86.1106 0.821851 696.557 133.007 0.58313 708.229 146.722 0.499744 0 0 0 0 0 0 0 0 0 0 0 0 0
1 111 114 0 0 0 694.62 4.84961 0.653059 667.181 4.85725 0.360398 649.622 21.4433 0.719396 645.679 54.8231 0.88085 714.164 4.83509 0.755403 723.832 58.6787 0.760209 710.308 113.457 0.75046 665.166 84.1851 0.799767 661.304 140.858 0.818835 661.24 193.741 0.830059 696.516 91.9665 0.765448 694.531 142.847 0.591469 710.169 158.497 0.617718 0 0 0 0 0 0 0 0 0 0 0 0 0
1 111 115 0 0 0 694.492 4.85372 0.461751 667.153 4.86857 0.220306 649.661 17.5876 0.613224 643.719 54.8245 0.810666 710.266 4.83529 0.708847 714.137 60.6478 0.757157 698.485 117.42 0.755442 663.151 76.2982 0.675294 655.453 135.061 0.626291 659.315 191.698 0.521688 682.845 84.1753 0.700369 663.277 140.852 0.66573 657.419 193.717 0.635451 0 0 0 0 0 0 0 0 0 0 0 0 0
1 111 116 0 0 0 680.861 4.83684 0.655185 659.347 4.84689 0.406198 647.572 21.6029 0.663819 635.889 64.5091 0.820459 698.544 3.88921 0.753383 712.086 70.4873 0.825079 694.472 129.172 0.756837 659.323 86.0663 0.700778 651.551 140.884 0.728752 659.321 193.691 0.739749 680.976 90.0307 0.688194 665.274 140.892 0.546122 673.059 189.794 0.471993 0 0 0 0 0 0 0 0 0 0 0 0 0
1 111 118 0 0 0 673.023 4.83537 0.56304 651.58 4.84702 0.324096 635.838 25.4084 0.666352 631.925 68.3928 0.841538 0 0 0 0 0 0 0 0 0 653.451 68.519 0.592844 649.63 131.116 0.656648 661.308 191.737 0.625155 680.93 74.3798 0.439519 665.183 133.02 0.304658 665.194 193.68 0.327455 0 0 0 0 0 0 0 0 0 0 0 0 0
1 111 119 647.647 4.85623 0.0996449 667.142 19.535 0.69 0 0 0 0 0 0 0 0 0 680.995 23.4652 0.748758 696.472 84.1808 0.826357 665.205 146.658 0.873129 647.677 88.0514 0.670926 647.512 146.763 0.634523 649.662 193.708 0.665885 669.143 99.7497 0.607757 649.648 148.646 0.562647 653.498 195.666 0.591278 0 0 0 0 0 0 0 0 0 673.037 4.87517 0.130966 0
1 111 120 629.943 4.85423 0.065477 659.33 17.5714 0.423967 635.922 4.83566 0.204039 629.959 27.4095 0.407279 628.038 72.4329 0.594977 678.878 35.1937 0.534816 690.666 89.9837 0.703448 663.197 148.794 0.839728 649.517 70.4098 0.490699 647.536 138.904 0.532036 649.574 201.526 0.433378 680.858 82.1522 0.256472 649.603 146.7 0.370572 637.809 211.298 0.43243 0 0 0 0 0 0 0 0 0 649.563 4.83358 0.0638644 0
1 111 121 0 0 0 649.547 23.4461 0.359282 0 0 0 0 0 0 0 0 0 669.095 39.1497 0.459824 680.872 101.79 0.607593 649.678 158.451 0.778985 645.682 76.2864 0.366662 643.712 146.706 0.35868 661.275 199.551 0.460724 675.019 88.0546 0.225524 645.624 156.5 0.332027 622.158 226.954 0.514327 0 0 0 0 0 0 0 0 0 641.729 4.84192 0.1396 0
1 111 122 0 0 0 633.955 23.4944 0.100585 0 0 0 0 0 0 0 0 0 663.194 41.1146 0.17265 676.919 101.789 0.404128 647.555 162.453 0.653258 635.91 80.2134 0.179664 635.925 146.73 0.273892 661.272 197.643 0.331758 678.85 80.2188 0.22916 637.854 156.503 0.290689 618.214 228.9 0.617179 0 0 0 0 0 0 0 0 0 0 0 0 0
1 111 126 0 0 0 586.929 58.7057 0.32125 545.881 48.8909 0.14304 0 0 0 0 0 0 631.9 82.1039 0.504358 631.944 144.783 0.505189 600.618 199.581 0.494385 610.436 99.7549 0.282965 528.271 195.628 0.136981 0 0 0 667.191 117.352 0.610587 620.191 187.786 0.312545 602.641 242.646 0.234931 0 0 0 0 0 0 0 0 0 0 0 0 0
1 111 128 0 0 0 571.291 72.3968 0.416076 526.299 62.5947 0.18866 0 0 0 0 0 0 616.291 86.0962 0.492676 618.29 158.444 0.537124 588.918 209.29 0.328321 612.398 103.744 0.252077 532.167 197.617 0.129454 0 0 0 665.253 117.473 0.609493 614.371 187.852 0.33371 612.363 236.716 0.259593 0 0 0 0 0 0 0 0 0 0 0 0 0
1 111 133 0 0 0 569.347 93.9263 0.234601 0 0 0 0 0 0 0 0 0 569.278 115.452 0.174421 567.373 195.628 0.123927 0 0 0 667.2 127.145 0.325462 600.643 178.054 0.141407 614.275 215.258 0.066623 649.562 133.009 0.440164 598.71 193.693 0.227814 606.53 240.667 0.309386 0 0 0 0 0 0 0 0 0 0 0 0 0
1 111 134 0 0 0 565.411 99.7664 0.320259 553.627 84.0857 0.186399 0 0 0 0 0 0 571.283 121.29 0.271504 569.298 195.673 0.180639 587.035 242.671 0.0600989 665.28 129.114 0.298088 600.685 178.058 0.157718 0 0 0 651.498 135.026 0.470737 600.607 193.729 0.233425 604.605 240.628 0.346896 0 0 0 0 0 0 0 0 0 0 0 0 0
1 111 135 0 0 0 571.276 105.649 0.249302 0 0 0 0 0 0 0 0 0 569.359 131.062 0.174589 567.396 199.566 0.127207 571.265 318.9 0.0577298 665.179 131.019 0.329482 602.614 191.695 0.175586 602.575 240.605 0.171229 643.707 134.986 0.372121 590.873 197.61 0.125116 569.305 399.145 0.374977 0 0 0 0 0 0 0 0 0 0 0 0 0
1 111 161 0 0 0 571.262 97.7993 0.313472 534.143 76.3041 0.1523 0 0 0 0 0 0 602.676 121.312 0.332747 612.348 178.062 0.355346 602.639 228.901 0.425318 602.624 115.398 0.10398 524.389 213.261 0.144782 0 0 0 649.596 131.043 0.395428 569.3 242.652 0.43347 569.319 401.085 0.503479 0 0 0 0 0 0 0 0 0 0 0 0 0
1 111 168 0 0 0 594.783 54.8004 0.32487 547.843 66.5004 0.133751 0 0 0 0 0 0 647.532 50.8956 0.593529 674.948 115.373 0.77666 647.621 164.298 0.812869 567.392 105.654 0.0777052 0 0 0 0 0 0 633.952 105.662 0.279976 631.975 176.084 0.57066 616.261 232.825 0.663995 0 0 0 0 0 0 0 0 0 0 0 0 0
1 111 169 0 0 0 618.262 52.8261 0.163748 0 0 0 0 0 0 0 0 0 661.24 58.71 0.494518 678.884 115.377 0.785944 649.633 158.487 0.734745 612.391 101.763 0.156941 0 0 0 0 0 0 645.656 117.425 0.397224 633.882 170.222 0.749581 616.262 232.832 0.774158 0 0 0 0 0 0 0 0 0 0 0 0 0
1 111 170 0 0 0 629.983 54.7318 0.273464 598.71 54.7591 0.0868377 0 0 0 0 0 0 663.263 58.6886 0.573808 680.876 111.513 0.776763 651.56 152.574 0.684711 616.312 109.572 0.248873 0 0 0 0 0 0 647.542 119.372 0.492403 633.982 166.334 0.81768 616.277 234.814 0.797921 0 0 0 0 0 0 0 0 0 0 0 0 0
1 111 171 0 0 0 618.201 37.1702 0.423719 571.37 41.1138 0.157804 551.756 86.0646 0.0712115 0 0 0 665.173 33.2504 0.601035 688.66 101.715 0.784128 659.362 144.728 0.681259 598.676 99.7378 0.166112 567.417 160.446 0.0652557 0 0 0 649.608 105.627 0.390524 643.636 164.309 0.733967 618.259 232.789 0.778134 0 0 0 0 0 0 0 0 0 0 0 0 0
1 111 173 626.06 4.85452 0.056127 649.639 19.5331 0.467963 631.909 17.5792 0.286885 629.961 58.6745 0.14121 616.311 91.9639 0.387884 678.889 23.5199 0.661411 696.62 86.1414 0.797339 667.218 119.313 0.786197 635.847 111.493 0.644517 649.536 164.369 0.561967 665.175 193.753 0.564224 667.172 115.435 0.678482 645.66 164.337 0.759832 633.876 227.027 0.861069 0 0 0 0 0 0 0 0 0 669.104 4.85614 0.11528 0
1 111 174 622.172 4.88235 0.0559326 647.611 3.88893 0.635609 616.261 4.8285 0.484612 614.298 54.7378 0.303985 616.269 93.9362 0.565614 0 0 0 0 0 0 0 0 0 632.019 107.625 0.656669 649.653 168.27 0.540804 659.326 197.593 0.251304 667.244 111.51 0.657847 651.554 170.235 0.682846 637.846 226.95 0.833761 0 0 0 0 0 0 0 0 0 0 0 0 0
1 111 175 633.941 4.83482 0.1523 663.246 17.6136 0.779264 0 0 0 0 0 0 0 0 0 694.58 23.4647 0.772613 710.209 84.0654 0.8986 675.028 97.7499 0.823506 635.938 99.8188 0.716592 643.737 150.644 0.580515 663.307 189.772 0.440274 678.949 101.77 0.74888 663.236 164.319 0.654142 647.596 224.933 0.807352 0 0 0 0 0 0 0 0 0 676.903 4.86516 0.157406 0
1 111 177 657.378 4.88996 0.054044 665.191 3.88208 0.843924 630.025 3.87559 0.770853 616.365 54.7455 0.86898 618.31 89.9698 0.901557 698.455 3.88141 0.78907 721.959 70.3623 0.877419 688.723 72.3924 0.831359 647.589 101.692 0.755813 647.686 144.771 0.668314 661.319 189.807 0.781498 686.718 101.706 0.765251 678.885 160.43 0.708694 667.21 221.091 0.637385 0 0 0 0 0 0 633.98 4.86542 0.0789512 0 0 0 0
1 111 182 688.668 27.4377 0.583551 690.606 17.5462 0.785582 0 0 0 0 0 0 0 0 0 723.899 17.571 0.703623 741.577 68.3697 0.956488 714.144 37.1434 0.908793 661.271 97.8286 0.76513 661.345 133.086 0.734199 663.233 191.695 0.925382 702.374 101.695 0.763598 708.26 166.3 0.800764 704.335 213.317 0.795086 680.862 21.5764 0.623221 696.455 23.4386 0.610259 0 0 0 708.258 19.4816 0.426592 0
1 111 184 0 0 0 694.483 15.6187 0.803608 651.571 19.4994 0.768104 631.946 58.7105 0.888776 647.634 105.69 0.920369 0 0 0 0 0 0 0 0 0 665.173 101.787 0.813694 663.235 140.827 0.7077 663.179 191.73 0.892491 710.2 103.737 0.803716 712.204 162.451 0.884693 710.194 219.145 0.888253 0 0 0 0 0 0 0 0 0 0 0 0 0
1 111 185 702.361 33.2582 0.319046 696.595 17.5504 0.786981 661.249 19.4987 0.761056 633.906 64.523 0.891616 651.528 109.568 0.884752 733.663 15.6352 0.626959 759.138 62.6358 0.917739 739.581 33.2934 0.840548 669.132 101.767 0.746194 665.207 142.805 0.783268 663.178 191.716 0.912269 712.264 103.703 0.783435 714.185 162.359 0.879186 710.28 221.113 0.92468 696.511 23.4756 0.335417 710.308 23.54 0.277994 0 0 0 0 0 0 0
1 111 186 708.261 33.2483 0.404535 702.375 21.4866 0.856321 663.277 23.4221 0.850614 635.937 68.392 0.865722 659.321 115.419 0.862357 739.593 19.5774 0.70715 768.895 64.595 0.882881 743.583 37.0922 0.895806 675.018 101.789 0.773863 669.111 144.713 0.731669 661.283 191.732 0.903875 718.062 103.726 0.763636 716.135 162.463 0.823186 712.117 222.982 0.923177 700.453 23.4588 0.406761 712.278 23.4295 0.354441 0 0 0 0 0 0 0
1 111 187 716.079 33.2614 0.540059 710.224 23.5559 0.908207 669.127 25.4373 0.801619 645.639 70.4845 0.8674 667.163 117.329 0.876346 743.477 25.4653 0.736497 772.814 66.4465 0.934903 753.285 35.2171 0.868809 678.958 103.73 0.775906 674.982 144.776 0.791215 661.223 193.602 0.907762 723.888 109.55 0.782674 723.846 164.351 0.808383 712.106 223.076 0.923104 712.107 23.4938 0.588694 725.88 23.5167 0.499734 694.577 19.5213 0.529163 731.76 21.4628 0.140902 0
1 111 188 721.914 37.1127 0.533304 712.269 27.3964 0.888828 678.84 29.3201 0.812499 649.572 72.4629 0.885619 675.009 119.321 0.867208 747.388 27.422 0.748031 774.893 66.5188 0.924259 759.107 37.156 0.915246 680.96 113.447 0.771042 676.963 148.779 0.838012 659.301 191.706 0.885331 727.758 117.374 0.870082 725.788 168.308 0.826544 712.085 224.922 0.933799 712.277 25.5017 0.506908 727.767 27.3675 0.458979 700.403 21.4924 0.474837 737.65 21.4259 0.143481 0
1 111 189 727.827 37.2157 0.567458 721.967 33.2175 0.847315 680.859 35.1799 0.871251 659.308 82.1717 0.846863 680.926 125.188 0.83621 757.111 33.2363 0.771458 786.49 66.5278 0.93253 766.942 37.2124 0.896756 690.627 115.402 0.737908 679.001 154.549 0.850454 657.384 191.774 0.851297 731.708 119.352 0.794374 725.914 174.08 0.867512 710.306 224.919 0.949933 725.834 31.2834 0.513408 737.604 29.3846 0.3961 710.175 21.4878 0.497972 743.506 21.4649 0.11378 0
1 111 190 729.817 37.2499 0.381162 725.958 37.1151 0.95066 686.728 35.2514 0.838864 663.26 84.1516 0.937558 688.68 127.179 0.808602 759.175 37.1657 0.845468 790.377 66.4991 0.93746 772.836 37.1493 0.883501 694.59 117.376 0.772492 680.837 162.396 0.858457 651.527 193.725 0.847275 739.528 123.257 0.803032 727.859 176.044 0.839606 712.089 224.965 0.95503 727.743 35.1612 0.350242 741.408 33.2704 0.2924 714.111 21.5204 0.42055 743.586 21.475 0.161995 0
1 111 191 741.572 41.1091 0.612998 729.776 39.0593 0.928932 694.478 37.2592 0.872641 667.149 86.1592 0.905622 696.525 130.986 0.86621 763.042 39.1333 0.76876 794.402 68.3621 0.890922 776.752 39.0784 0.950454 696.499 123.247 0.73279 684.816 176.12 0.73938 653.48 191.721 0.786721 741.429 131.033 0.863897 727.938 178.11 0.826049 712.125 224.998 0.946105 739.533 37.1431 0.605149 747.394 37.1308 0.496896 723.853 23.4843 0.559998 757.301 23.4102 0.110352 0
1 111 192 745.457 48.903 0.739099 737.589 39.2414 0.884616 696.448 41.0656 0.875922 675.002 89.9838 0.862343 704.333 131.147 0.84218 770.896 41.0992 0.7897 802.199 66.5318 0.913972 786.485 37.1714 0.877711 700.456 129.125 0.700119 694.628 179.976 0.744582 659.308 191.713 0.815366 743.474 133.012 0.840617 729.77 178.073 0.741663 712.129 225.024 0.940179 741.596 39.1233 0.784447 757.106 39.1353 0.675807 725.87 23.5858 0.690168 766.913 25.4357 0.0824202 0
1 111 193 755.226 50.8775 0.819861 741.601 41.0859 0.933686 702.424 41.1259 0.820299 678.99 93.882 0.88074 708.269 132.969 0.813998 774.784 43.0201 0.803833 806.031 68.3767 0.946164 790.503 39.1058 0.94778 708.256 127.183 0.724155 704.334 179.965 0.692754 665.169 193.652 0.703217 745.504 131.133 0.800489 729.864 178.076 0.815388 712.13 225.001 0.963082 747.355 39.2364 0.80608 759.207 39.2234 0.760806 729.772 27.3669 0.615342 772.848 23.5828 0.150876 0
1 111 194 759.157 52.7275 0.754037 743.57 41.1394 0.899067 710.147 43.0761 0.834683 682.851 95.847 0.850913 714.13 133.038 0.803919 776.736 43.063 0.791599 808.052 68.4663 0.935154 796.31 39.1961 0.932345 712.201 129.071 0.720817 727.871 178.1 0.690327 712.132 225.074 0.913781 751.313 131.141 0.784047 725.872 179.96 0.62395 671.08 199.532 0.762282 757.123 41.0805 0.730843 768.917 39.2251 0.56473 737.623 29.3589 0.573404 0 0 0 0
1 111 195 764.986 52.736 0.738486 749.32 45.0165 0.812949 712.112 48.9216 0.856064 688.7 99.7134 0.859365 720.008 136.923 0.774836 782.578 44.9846 0.754259 815.814 68.4968 0.889588 802.184 39.1553 0.938172 718.075 132.981 0.706748 731.729 179.961 0.691354 712.176 226.951 0.894507 757.079 133.092 0.774996 729.829 179.96 0.643347 680.853 203.473 0.750864 759.134 41.1195 0.751728 772.864 41.0774 0.599767 741.501 29.3856 0.6865 0 0 0 0
1 111 196 770.818 52.8238 0.807987 757.12 43.0247 0.826257 716.126 50.8172 0.802377 694.555 99.8406 0.898116 725.762 144.813 0.867423 788.436 41.1036 0.7377 819.675 68.5496 0.957943 806.009 39.2036 0.973156 723.944 121.322 0.716954 725.901 172.189 0.641172 710.266 215.244 0.361378 759.168 127.182 0.719912 741.408 177.996 0.740378 706.292 219.164 0.810387 759.232 44.9669 0.7551 774.77 43.0321 0.670633 741.572 35.1791 0.641318 788.608 25.4321 0.112142 0
1 111 197 776.72 54.7528 0.876223 759.054 52.7902 0.890762 723.938 54.6992 0.905395 696.501 101.832 0.919464 727.79 144.806 0.859002 790.368 52.7782 0.809749 821.732 70.5253 0.931623 808.069 41.0557 0.900246 725.828 136.952 0.716685 741.464 191.724 0.753161 710.241 227.017 0.704706 759.076 137.003 0.764177 741.514 189.799 0.538524 710.236 225.025 0.68586 772.849 46.9805 0.838592 786.491 48.9171 0.631355 757.105 37.1626 0.684968 0 0 0 0
1 111 198 788.465 56.7169 0.847374 768.908 54.8858 0.825703 729.85 60.6762 0.816385 708.261 113.474 0.860645 739.493 148.773 0.859267 798.295 54.7716 0.76845 833.453 82.1721 0.883669 821.739 48.9168 0.923246 737.576 150.627 0.705845 759.237 209.366 0.877129 735.642 244.583 0.63626 764.983 150.653 0.657789 731.707 187.808 0.624815 712.102 226.889 0.848897 780.674 52.7635 0.821954 792.425 52.7324 0.655964 761.066 39.206 0.739618 0 0 0 0
1 111 199 792.477 62.6067 0.836545 772.757 64.5808 0.804313 741.423 68.3743 0.879207 712.085 115.426 0.945953 741.527 152.643 0.892115 802.174 64.5327 0.782436 835.469 84.1555 0.947231 827.612 52.8403 0.938747 739.586 156.496 0.707797 765.009 211.287 0.83492 745.448 264.159 0.638373 768.89 156.514 0.631285 731.789 191.71 0.509435 710.3 225.071 0.839587 790.435 52.9072 0.934419 802.212 54.7833 0.556746 772.815 44.9683 0.725843 0 0 0 0
1 111 200 802.146 68.3906 0.857749 776.703 66.4978 0.824514 743.476 68.5158 0.932435 716.076 117.44 0.878686 745.467 160.401 0.861614 808.029 64.554 0.773282 837.409 86.1683 0.898244 837.349 60.6319 0.931836 743.448 160.376 0.725 772.745 215.228 0.804576 759.118 271.896 0.813736 770.882 158.458 0.620193 733.673 193.634 0.551989 712.112 226.892 0.846867 794.35 56.74 0.84965 806.073 56.7763 0.672297 774.775 48.9332 0.690535 0 0 0 0
1 111 201 806.191 68.406 0.843145 782.631 70.3848 0.840906 749.318 70.4956 0.851937 723.878 125.246 0.850552 753.264 162.418 0.871157 813.904 68.4762 0.808085 843.236 91.9864 0.814604 839.333 64.5123 0.907958 747.376 162.405 0.701936 772.867 213.307 0.816633 774.828 273.998 0.805868 774.811 162.335 0.602282 739.591 191.737 0.506701 712.14 226.88 0.826939 804.177 56.769 0.88365 813.9 58.6684 0.489503 786.495 52.8187 0.669315 0 0 0 0
1 111 202 810.002 72.3562 0.830997 788.418 72.4152 0.823043 757.122 82.132 0.862612 727.742 131.009 0.924889 757.178 164.417 0.892734 817.83 70.4518 0.822648 849.13 99.7217 0.909346 847.131 70.3664 0.904833 755.222 166.32 0.719406 774.881 223.07 0.792229 788.429 283.694 0.815135 778.701 164.392 0.601227 743.393 193.652 0.555301 712.217 226.873 0.846748 806.097 66.507 0.896652 819.714 68.4382 0.585089 788.511 54.867 0.727741 0 0 0 0
1 111 203 819.73 82.1126 0.868405 790.488 82.1384 0.837539 759.15 86.0035 0.921121 733.669 133.065 0.880674 761.16 172.174 0.829599 821.794 78.2641 0.803513 852.982 99.8532 0.938371 853.034 74.3266 0.897074 759.135 174.122 0.721982 782.614 226.981 0.796371 790.409 287.642 0.875674 786.497 168.305 0.586059 743.484 195.693 0.550905 712.257 226.874 0.835099 813.908 70.4469 0.894009 821.845 70.4929 0.652799 792.383 64.5407 0.676707 0 0 0 0
1 111 204 821.834 84.0318 0.873577 796.329 86.0299 0.859322 766.923 88.0394 0.831677 741.462 136.989 0.878789 770.876 178.001 0.889625 825.62 84.1257 0.848377 856.99 103.723 0.827022 853.02 80.2073 0.839273 765.039 178.018 0.704605 788.4 225.039 0.845037 790.463 287.652 0.864123 790.514 176.109 0.637019 755.185 197.661 0.521978 714.111 225.043 0.777453 819.834 72.3825 0.893918 831.497 74.3509 0.493867 804.047 66.559 0.704994 0 0 0 0
1 111 205 831.483 86.075 0.759926 802.152 93.8923 0.811032 772.775 97.7705 0.859783 745.44 146.745 0.896092 776.76 181.95 0.850177 829.555 91.9876 0.801855 866.677 113.411 0.877502 853.138 84.2056 0.882746 770.894 180.043 0.692863 790.508 227.042 0.835736 790.498 287.667 0.852075 796.313 180.026 0.645428 759.217 207.423 0.374593 721.953 224.905 0.604969 823.716 80.1994 0.755205 835.511 84.0655 0.350574 808.026 70.4778 0.734961 0 0 0 0
1 111 206 835.418 86.1922 0.810572 806.075 99.6958 0.873758 776.746 99.8217 0.870396 755.148 150.64 0.847252 784.579 189.776 0.825278 835.381 97.8535 0.8349 868.619 115.445 0.923805 858.887 89.9993 0.80055 776.788 181.952 0.670112 796.335 228.911 0.766348 790.511 287.549 0.829522 804.126 180.059 0.675602 772.847 211.346 0.359256 725.862 221.109 0.565348 831.476 82.1546 0.770891 839.381 84.1885 0.529165 809.995 72.4433 0.692205 0 0 0 0
1 111 207 839.375 89.9902 0.745283 815.861 101.703 0.889908 786.495 101.792 0.865005 759.092 154.588 0.860045 790.399 193.67 0.901291 839.384 101.715 0.854779 876.506 117.387 0.870987 864.751 93.9241 0.78834 782.627 185.872 0.653964 800.174 228.967 0.504567 737.624 223.019 0.648946 808.082 187.856 0.702378 804.06 236.702 0.680841 792.355 285.66 0.714122 837.326 84.0984 0.811991 849.126 86.0674 0.484255 819.729 76.3227 0.691316 0 0 0 0
1 111 208 850.999 99.8103 0.707202 815.897 103.775 0.82737 788.415 111.55 0.840981 764.966 162.394 0.873175 798.26 195.683 0.859493 841.29 103.683 0.818738 880.418 125.201 0.842532 868.676 99.8445 0.896485 788.414 197.611 0.690587 804.197 240.624 0.797943 790.521 287.617 0.825563 817.779 195.688 0.68322 802.095 238.7 0.34118 759.203 230.897 0.261783 845.205 90.0232 0.657486 853.125 95.8533 0.210865 825.641 86.0484 0.692508 0 0 0 0
1 111 209 852.987 103.664 0.576897 821.774 111.526 0.862518 790.534 115.352 0.871398 772.736 164.393 0.901029 804.141 201.539 0.882206 851.102 111.485 0.812428 884.271 130.974 0.924665 870.717 101.815 0.85575 792.396 195.727 0.716127 784.573 242.604 0.631428 774.811 270.025 0.33552 823.761 197.635 0.721447 811.921 242.604 0.794546 790.53 287.573 0.872342 849.113 97.7684 0.551993 856.989 99.6982 0.317842 827.613 88.0349 0.607734 0 0 0 0
1 111 210 860.857 107.626 0.628513 831.467 115.405 0.851551 800.226 117.323 0.853421 774.727 168.257 0.882053 808.087 207.375 0.865993 855.027 113.51 0.828512 886.267 132.986 0.896308 882.348 105.685 0.799148 802.113 197.657 0.731299 800.193 242.581 0.656935 792.373 287.686 0.748604 833.513 199.562 0.759513 819.759 242.703 0.742472 790.378 277.794 0.633359 854.984 99.8687 0.709772 866.778 99.8925 0.277321 837.392 93.9358 0.653355 0 0 0 0
1 111 211 868.673 111.503 0.611567 835.436 117.419 0.931236 804.129 119.318 0.865837 780.639 176.051 0.838656 815.826 209.4 0.883811 862.849 117.433 0.862136 894.147 135.051 0.841433 884.302 109.541 0.783085 806.026 207.375 0.73204 808.083 244.547 0.728857 792.434 287.575 0.766865 839.392 209.336 0.796751 831.51 250.437 0.603444 800.176 271.91 0.576327 864.771 101.716 0.635886 874.575 101.742 0.207813 843.227 97.8123 0.672192 0 0 0 0
1 111 212 868.749 117.391 0.706812 837.428 119.388 0.851797 806.154 125.242 0.82907 786.482 178.08 0.879637 817.826 211.405 0.884504 866.774 119.374 0.83015 898.026 144.744 0.875888 888.287 115.407 0.83095 810.009 209.382 0.704892 810.042 248.475 0.583336 790.547 287.517 0.765165 845.2 209.41 0.778839 845.225 256.278 0.810987 806.055 273.889 0.701344 866.742 111.549 0.686976 878.447 113.495 0.270132 847.185 101.699 0.674035 0 0 0 0
1 111 213 880.378 121.352 0.590992 847.168 125.248 0.789384 817.806 129.158 0.822138 788.519 180.03 0.908746 821.734 219.087 0.850414 870.663 125.189 0.781471 900.025 146.755 0.885039 897.987 121.283 0.806442 813.928 211.239 0.694845 806.071 250.399 0.656927 790.54 287.569 0.823275 851.05 211.26 0.808963 851.088 256.233 0.846839 821.755 285.616 0.78821 874.552 115.447 0.601266 884.337 115.495 0.150547 858.943 105.619 0.60187 0 0 0 0
1 111 214 882.338 127.166 0.617006 851.028 131.111 0.911122 819.777 133.026 0.88634 794.336 185.873 0.829848 825.684 224.936 0.8591 874.599 131.049 0.848995 905.897 150.622 0.835692 899.939 125.209 0.814498 819.73 211.266 0.757633 806.172 252.391 0.762315 790.544 289.509 0.877688 854.991 211.28 0.782666 862.789 258.239 0.762716 847.164 303.318 0.847956 878.439 117.359 0.634505 886.292 117.406 0.169396 856.972 111.489 0.656304 0 0 0 0
1 111 215 884.413 133.067 0.703533 854.964 133.112 0.874365 823.68 135.037 0.846168 800.245 191.735 0.857593 831.517 226.975 0.833554 884.29 134.994 0.849504 913.63 162.282 0.897417 905.874 131.097 0.831096 821.798 223.047 0.714478 813.95 254.325 0.688781 792.356 287.584 0.865874 862.783 224.974 0.756755 864.816 271.921 0.752718 855.049 320.876 0.843673 882.437 129.059 0.692255 894.096 131.074 0.245697 864.815 115.488 0.695292 0 0 0 0
1 111 216 894.11 138.91 0.676538 860.853 140.892 0.773493 831.486 144.725 0.804481 804.144 193.769 0.925961 835.403 232.798 0.802018 886.34 142.805 0.796372 915.732 164.346 0.895315 913.709 136.941 0.811659 831.498 227.022 0.696382 817.752 258.188 0.675054 792.468 287.634 0.816836 868.648 230.871 0.787135 868.687 287.666 0.824832 866.63 338.522 0.860616 888.261 131.138 0.741519 899.933 133.021 0.197677 870.671 119.321 0.710786 0 0 0 0
1 111 217 901.921 144.811 0.666313 868.619 148.653 0.930803 835.485 148.633 0.901381 806.128 197.6 0.885379 839.396 240.656 0.877128 896.126 148.765 0.869224 927.362 174.111 0.834398 915.725 142.78 0.760386 835.35 234.788 0.701935 821.697 258.357 0.597941 794.397 287.581 0.788806 872.573 240.645 0.808212 872.616 293.509 0.745923 868.672 352.176 0.894674 898.079 134.968 0.66073 907.829 135.057 0.185076 876.545 129.124 0.717246 0 0 0 0
1 111 218 902.02 150.7 0.682058 872.642 150.73 0.808088 839.41 150.641 0.837046 813.928 207.333 0.825067 845.225 244.548 0.790867 901.935 156.535 0.804217 931.234 179.947 0.950183 921.55 148.694 0.793012 837.465 236.731 0.700589 833.488 262.184 0.588461 796.298 287.644 0.84196 880.467 242.543 0.805441 872.637 295.441 0.731794 868.69 358.029 0.866579 900.009 146.652 0.725247 911.684 146.817 0.284339 882.399 133.074 0.70952 0 0 0 0
1 111 219 911.722 162.314 0.704923 882.355 162.398 0.900699 849.142 160.473 0.85008 819.678 211.279 0.874232 849.165 254.378 0.844705 911.67 164.306 0.852472 941.042 189.769 0.826121 929.351 154.562 0.806559 845.211 242.608 0.700956 835.471 272.028 0.700085 796.268 287.659 0.841534 884.338 248.5 0.767415 882.275 295.419 0.751982 868.702 363.877 0.895259 905.841 150.633 0.704841 915.651 156.496 0.174796 888.251 144.724 0.760702 0 0 0 0
1 111 220 917.597 164.381 0.738236 886.301 164.368 0.897743 853.059 162.447 0.916054 821.717 211.325 0.921222 851.068 256.299 0.830404 915.714 170.181 0.839161 945.079 195.566 0.947609 935.193 162.416 0.798066 849.162 248.508 0.690516 835.48 287.645 0.654128 802.141 289.505 0.737401 886.372 256.348 0.783746 884.292 305.184 0.842836 868.69 363.86 0.902674 915.597 158.515 0.74218 925.448 162.371 0.208489 897.974 146.771 0.785215 0 0 0 0
1 111 221 921.546 174.142 0.690893 890.221 174.097 0.798159 854.995 168.249 0.828107 825.669 215.255 0.839658 855.012 260.281 0.822778 921.496 176.114 0.81433 948.9 205.382 0.838812 945.002 172.141 0.80321 851.068 258.309 0.713846 823.752 303.191 0.546479 809.988 299.362 0.408466 888.307 266.091 0.708504 886.328 307.167 0.785867 868.703 363.899 0.9104 917.618 164.334 0.817478 929.34 166.363 0.240673 900.054 150.715 0.752442 0 0 0 0
1 111 222 929.319 178.117 0.671058 898.077 178.108 0.921505 866.674 176.034 0.828891 833.43 221.045 0.83783 858.931 268.056 0.791785 929.258 183.896 0.848183 958.69 211.295 0.9045 947.024 177.986 0.834098 856.94 260.186 0.710985 841.295 313.02 0.662731 808.07 297.378 0.526408 898.025 269.961 0.751261 890.231 309.155 0.747664 868.738 365.782 0.915797 925.399 168.323 0.627118 931.404 176.087 0.232298 903.948 160.431 0.692591 0 0 0 0
1 111 223 931.282 185.85 0.747388 900.05 180.076 0.863117 866.801 178.087 0.873821 835.411 224.932 0.906585 862.781 271.848 0.793282 931.388 187.843 0.829898 962.615 219.11 0.8355 952.842 181.923 0.753766 856.963 268.011 0.685079 851.15 314.979 0.619966 823.71 303.25 0.438569 898.083 273.866 0.767568 892.153 311.103 0.711601 868.744 365.773 0.911543 929.37 178.055 0.8037 935.25 180.075 0.335679 913.655 164.32 0.72152 0 0 0 0
1 111 224 941.091 193.659 0.654577 907.808 189.768 0.801948 870.696 178.087 0.868201 837.392 224.994 0.942551 864.706 273.859 0.843616 935.254 195.67 0.843821 964.652 226.971 0.872266 960.663 193.661 0.839403 860.879 271.934 0.722509 866.697 320.891 0.674795 821.791 320.869 0.518407 900.074 283.661 0.770872 894.106 322.798 0.714839 868.781 365.833 0.909214 937.172 181.997 0.664894 945.081 191.731 0.164131 921.502 174.106 0.658304 0 0 0 0
1 111 225 941.067 197.631 0.572154 911.691 193.593 0.848442 878.437 180.011 0.867512 839.396 226.885 0.899004 864.821 275.833 0.846673 941.052 199.549 0.809787 972.363 238.654 0.811718 962.606 197.678 0.844434 866.791 273.992 0.764865 870.648 320.918 0.733442 868.686 363.916 0.699214 903.945 285.629 0.766638 896.034 326.761 0.6832 870.643 361.935 0.647549 935.253 191.733 0.577314 946.948 195.635 0.155551 923.462 176.11 0.660985 0 0 0 0
1 111 226 944.962 211.224 0.726441 915.733 195.647 0.876303 882.394 187.797 0.824375 845.234 228.903 0.860296 864.797 281.731 0.813434 947.022 207.375 0.789934 976.277 242.661 0.895282 964.564 209.269 0.823658 866.72 281.731 0.664127 876.509 318.897 0.629361 868.654 365.83 0.71697 907.836 289.577 0.721632 897.953 320.818 0.602185 860.872 352.175 0.637228 941.068 197.698 0.645566 950.88 207.397 0.348705 921.528 183.883 0.669118 0 0 0 0
1 111 227 944.926 213.227 0.625552 919.548 201.558 0.823807 884.364 193.699 0.874105 849.099 232.823 0.858164 866.693 287.543 0.847848 950.851 211.3 0.771834 978.173 254.297 0.860442 966.503 211.367 0.820156 868.654 287.601 0.702228 880.406 330.637 0.642251 876.506 369.772 0.659537 911.722 293.496 0.729755 888.309 332.618 0.600978 868.652 365.858 0.761096 941.055 207.374 0.599274 948.965 211.261 0.378762 923.467 191.675 0.61287 0 0 0 0
1 111 228 946.981 224.962 0.622168 925.429 209.269 0.858692 886.342 195.64 0.854984 851.121 238.713 0.914976 866.731 289.629 0.835859 958.656 217.206 0.731977 978.373 260.238 0.846603 974.368 224.911 0.791965 868.734 291.555 0.689804 884.29 338.482 0.594652 882.324 383.501 0.638417 913.604 303.243 0.759744 884.372 336.59 0.640135 868.754 379.523 0.566374 945.049 213.243 0.637064 958.635 221.105 0.303485 929.294 195.675 0.602276 0 0 0 0
1 111 229 948.91 227.029 0.636691 927.374 211.387 0.846443 890.223 201.534 0.78048 853.051 242.66 0.945354 868.692 299.326 0.846619 958.718 225.001 0.757076 982.183 271.921 0.817662 974.383 226.994 0.808735 868.655 305.216 0.702579 886.31 356.104 0.678737 882.335 430.408 0.785749 905.908 316.934 0.658401 870.726 365.813 0.171012 866.77 367.782 0.426719 946.939 221.117 0.625174 960.56 225.059 0.341683 931.305 205.395 0.604941 0 0 0 0
1 111 230 950.882 240.68 0.516589 929.329 224.914 0.860201 896.031 211.23 0.843199 854.965 252.39 0.875695 868.711 303.344 0.871253 960.621 234.779 0.737646 988.04 277.822 0.786524 978.194 238.629 0.835698 866.739 313.072 0.650651 892.176 365.862 0.61885 890.191 444.142 0.762971 907.848 320.955 0.647859 896.035 334.594 0.150414 0 0 0 947.046 230.839 0.515454 962.622 238.67 0.247633 931.328 211.345 0.692614 0 0 0 0
1 111 231 950.914 244.571 0.620819 929.402 227.04 0.851059 896.018 217.15 0.801471 856.95 258.211 0.898062 870.63 311.065 0.819592 962.591 240.684 0.769283 991.84 287.556 0.85937 980.252 240.705 0.746299 868.669 318.898 0.698067 888.284 336.491 0.366634 884.337 381.52 0.174553 911.686 324.812 0.643992 894.086 334.588 0.228961 868.647 367.909 0.619871 948.881 238.723 0.639967 960.726 242.535 0.374734 933.249 221.115 0.61324 0 0 0 0
1 111 232 954.775 258.194 0.49748 931.324 234.786 0.832926 896.092 225.003 0.851208 858.929 268.059 0.840843 872.646 320.835 0.864167 964.567 242.637 0.689009 991.94 293.476 0.822879 982.197 254.284 0.726376 874.577 322.874 0.635053 896.033 358.044 0.586521 898.054 457.81 0.847671 915.629 332.632 0.604696 888.241 344.367 0.066269 0 0 0 950.874 246.565 0.458132 964.541 256.214 0.249077 933.228 226.994 0.69425 0 0 0 0
1 111 233 958.658 258.351 0.570787 931.249 242.567 0.858131 897.965 234.753 0.801457 862.796 273.868 0.876231 878.445 330.618 0.816958 962.613 254.339 0.746197 992.037 303.163 0.871904 984.139 258.206 0.779797 880.431 334.596 0.701076 899.964 375.642 0.755705 899.971 459.694 0.869243 921.521 338.509 0.630416 0 0 0 0 0 0 954.799 254.31 0.557648 964.587 258.193 0.264305 937.186 234.799 0.631089 0 0 0 0
1 111 234 962.625 271.966 0.555001 939.094 250.413 0.79786 898.026 242.56 0.846699 864.724 283.708 0.853262 880.373 336.574 0.859752 976.254 252.424 0.657195 993.991 307.21 0.858288 982.169 264.122 0.714013 884.393 338.493 0.664072 901.92 377.591 0.84579 900.033 461.681 0.913272 933.279 344.318 0.62794 0 0 0 0 0 0 960.631 260.272 0.536865 976.224 264.111 0.273087 937.18 242.664 0.670741 0 0 0 0
1 111 235 964.584 275.838 0.470747 939.144 258.213 0.879824 899.951 250.408 0.828247 866.699 289.571 0.935194 882.36 344.365 0.839574 972.419 268.05 0.715876 995.883 316.982 0.868178 989.99 272.008 0.83021 896.073 348.271 0.701259 901.98 383.496 0.860239 900.01 461.74 0.909278 943.033 352.15 0.690342 937.176 381.533 0.186137 923.469 381.527 0.180004 962.561 269.948 0.484241 976.285 269.977 0.214813 943.026 254.294 0.564621 0 0 0 0
1 111 236 960.655 287.595 0.541023 944.979 268.003 0.859419 901.962 256.319 0.859421 866.759 301.31 0.918564 884.396 352.24 0.882889 980.191 273.925 0.701492 1001.73 320.968 0.827764 991.899 277.826 0.790559 886.28 358.044 0.678599 901.937 389.369 0.808012 899.993 461.802 0.90247 933.312 367.878 0.68142 931.283 401.134 0.441962 915.621 404.972 0.191974 958.625 274.034 0.491022 968.512 279.78 0.35579 937.179 258.218 0.589352 976.364 258.366 0.104187 0
1 111 237 966.532 289.632 0.368671 945.048 271.855 0.88797 902.023 258.344 0.837312 868.64 305.279 0.956712 888.28 363.886 0.844566 982.167 275.868 0.705475 1005.62 330.656 0.818916 991.995 285.64 0.823734 886.327 365.918 0.720804 903.879 397.182 0.821959 900.026 461.816 0.900718 937.182 377.602 0.650041 931.329 416.722 0.342661 915.67 416.736 0.205091 962.597 283.729 0.343341 976.258 287.525 0.222751 943.069 266.09 0.528318 964.611 269.925 0.0753069 0
1 111 238 960.619 301.228 0.2195 946.941 274.005 0.877308 905.891 266.117 0.795129 868.793 314.968 0.882155 894.13 367.77 0.853658 982.175 285.638 0.692586 1007.53 334.583 0.882299 993.95 289.602 0.790002 890.185 367.899 0.692995 903.893 401.13 0.805636 899.966 461.792 0.937258 943.005 381.555 0.714249 933.281 430.444 0.645497 921.54 430.372 0.287319 958.662 289.549 0.208847 966.562 289.63 0.13835 943.015 271.932 0.490022 972.346 273.92 0.138201 0
1 111 239 962.668 305.146 0.43517 948.875 285.625 0.864335 907.803 272.032 0.84106 870.67 318.973 0.914608 894.126 369.756 0.822942 988.03 291.553 0.727101 1007.65 340.444 0.838369 993.951 299.33 0.791579 898.074 373.711 0.704138 903.878 410.889 0.793748 899.94 461.669 0.902152 946.977 383.551 0.75684 933.262 442.149 0.600073 929.329 446.139 0.524146 960.662 293.535 0.392762 976.226 301.29 0.277444 944.977 273.953 0.627414 972.382 281.759 0.0897908 0
1 111 240 966.5 305.275 0.451074 946.932 293.486 0.847879 911.679 283.678 0.798122 870.684 324.818 0.85582 894.16 379.547 0.815833 980.219 305.269 0.807845 1009.49 348.27 0.862457 1001.77 303.221 0.677857 898.039 381.489 0.686387 905.902 410.88 0.792197 898.117 461.699 0.885495 946.931 393.264 0.710468 941.077 448.032 0.409884 931.315 459.822 0.559307 962.661 299.352 0.429042 976.342 303.266 0.278948 948.885 275.925 0.565759 0 0 0 0
1 111 241 970.421 319.004 0.495245 948.917 301.324 0.875107 909.809 289.509 0.845067 870.651 334.546 0.910686 896.045 383.496 0.848316 988.012 309.135 0.695244 1009.63 352.188 0.876708 999.813 311.1 0.708535 899.94 385.46 0.705293 903.92 416.782 0.749479 898.121 461.763 0.845312 948.935 397.229 0.757641 939.15 455.884 0.551697 931.23 479.368 0.562511 962.649 309.135 0.466251 978.298 316.899 0.31769 946.902 289.532 0.612848 0 0 0 0
1 111 242 974.32 326.717 0.331983 948.959 305.258 0.865453 911.756 295.409 0.804657 870.675 338.514 0.873255 896.014 395.202 0.807152 986.111 318.943 0.696638 1009.66 363.844 0.835976 999.768 320.796 0.717756 899.996 395.241 0.665903 900.105 422.594 0.481381 899.969 461.699 0.795319 948.972 403.059 0.689392 941.084 459.739 0.704551 927.41 506.806 0.750059 964.611 318.956 0.338046 982.166 318.967 0.243077 947.018 299.312 0.482938 0 0 0 0
1 111 243 974.293 336.465 0.422129 950.901 316.899 0.82684 911.744 303.312 0.843454 870.645 350.198 0.899363 896.118 399.183 0.842152 990.011 322.866 0.672084 1011.55 367.887 0.858023 1005.61 328.702 0.679844 899.987 401.074 0.668238 899.93 426.545 0.544119 899.959 461.674 0.783348 948.979 412.839 0.727309 937.175 473.419 0.752314 927.317 530.254 0.732708 964.606 328.672 0.35915 980.252 330.657 0.26356 946.98 305.262 0.516672 0 0 0 0
1 111 244 970.416 342.397 0.423563 956.709 320.855 0.864225 913.612 309.13 0.82783 872.578 356.103 0.82544 896.101 410.829 0.746403 993.94 332.58 0.64951 1011.59 381.491 0.878881 999.77 336.539 0.701571 899.993 403.042 0.635686 890.198 426.504 0.437545 900.051 457.776 0.719138 954.748 414.845 0.678327 933.299 481.271 0.803334 915.752 551.703 0.82315 962.603 334.62 0.450707 978.275 336.481 0.411354 946.922 311.059 0.521266 991.929 320.774 0.250826 0
1 111 245 974.329 352.122 0.454419 956.761 332.585 0.842538 913.635 318.946 0.855656 872.609 365.887 0.861721 897.951 414.848 0.783929 993.949 340.407 0.683664 1015.41 395.14 0.809823 1001.77 348.2 0.746305 900.006 412.85 0.661837 884.382 430.489 0.456445 900.002 459.767 0.717303 952.855 430.372 0.7074 933.229 491.049 0.845893 915.603 555.702 0.868561 966.536 342.42 0.373975 980.24 346.306 0.309853 948.9 320.883 0.516193 991.89 324.817 0.115237 0
1 111 246 970.427 363.915 0.286331 958.654 340.432 0.823619 913.711 326.716 0.834556 872.641 371.735 0.81382 896.096 428.514 0.739071 993.968 352.219 0.660692 1015.45 401.068 0.833864 1003.72 356.088 0.708159 899.958 418.715 0.622406 880.398 444.044 0.474981 898.061 459.777 0.459889 952.837 438.232 0.65613 931.321 496.995 0.806142 911.731 567.371 0.810154 962.618 352.151 0.264432 980.256 352.209 0.23742 946.98 332.55 0.462909 992.025 336.616 0.212249 0
1 111 247 976.304 367.868 0.270835 956.734 350.22 0.862564 913.712 336.549 0.858906 874.594 381.54 0.849555 896.04 438.252 0.720556 993.887 361.952 0.670955 1015.43 412.879 0.862391 1007.53 367.85 0.79047 898.065 432.377 0.6358 878.434 455.878 0.406207 897.937 471.503 0.335698 948.935 448.04 0.681185 931.248 506.796 0.831528 907.834 569.273 0.815889 972.411 360.022 0.235233 991.946 354.206 0.203852 952.817 344.313 0.41756 980.205 350.186 0.12264 0
1 111 248 970.407 381.494 0.218519 960.595 356.088 0.832464 913.754 346.261 0.817479 876.545 387.439 0.812547 896.04 444.173 0.826725 1001.76 365.891 0.669752 1017.39 426.509 0.846686 1007.59 381.521 0.808655 897.986 450.003 0.644978 868.695 506.705 0.29134 849.149 545.874 0.160897 950.894 461.8 0.687979 931.241 514.57 0.751313 909.733 569.26 0.798308 962.646 367.904 0.189493 980.228 369.777 0.191372 947.024 350.211 0.381809 982.193 365.743 0.191667 0
1 111 249 964.584 387.422 0.359047 960.647 363.871 0.869184 913.745 352.178 0.842897 876.528 397.153 0.836754 894.081 455.842 0.72964 1007.54 365.914 0.695154 1017.4 432.462 0.819389 1005.64 389.379 0.736589 901.998 446.078 0.632519 884.315 479.347 0.438307 894.06 489.115 0.204777 960.604 459.744 0.702252 931.296 518.427 0.757682 909.804 569.297 0.825256 960.674 381.442 0.341113 976.337 383.437 0.324457 946.965 356.09 0.438056 991.944 367.866 0.230875 0
1 111 250 962.606 399.193 0.135347 960.614 371.737 0.833343 913.723 361.93 0.792617 878.443 403.05 0.808038 894.111 461.693 0.764428 1005.6 379.565 0.606189 1015.41 446.109 0.842241 1007.56 401.114 0.696729 900.015 453.935 0.597585 884.3 491.072 0.400492 888.257 500.865 0.374214 958.688 467.589 0.637477 931.266 524.321 0.82144 905.871 571.367 0.791155 952.828 387.397 0.131839 997.82 387.4 0.138141 946.912 367.874 0.361756 990.014 381.566 0.23688 0
1 111 251 964.535 412.748 0.217686 962.542 377.609 0.852836 915.637 365.931 0.854998 878.453 408.942 0.805724 886.363 469.556 0.740784 1007.66 381.543 0.688295 1013.47 459.686 0.823313 1007.59 414.829 0.704304 905.867 457.788 0.606895 886.348 496.951 0.462813 894.086 512.639 0.547153 962.598 465.686 0.668676 931.319 524.369 0.800164 905.9 571.338 0.789875 960.594 399.096 0.207608 978.285 410.806 0.152453 946.988 375.675 0.386874 991.972 393.238 0.16066 0
1 111 252 960.63 414.723 0.297726 960.67 383.556 0.872461 915.598 371.72 0.819489 878.447 414.744 0.822193 884.379 475.437 0.794465 1007.59 391.339 0.677292 1011.54 465.634 0.818578 1007.58 426.477 0.693065 905.858 461.746 0.612838 886.277 534.103 0.517011 0 0 0 960.657 475.439 0.695331 931.333 526.345 0.729057 905.878 571.338 0.804699 956.721 401.097 0.242118 972.383 410.875 0.188497 945.053 381.528 0.421618 984.14 397.243 0.206134 0
1 111 253 956.696 422.597 0.406856 960.583 395.22 0.866486 913.665 381.564 0.857055 874.601 424.551 0.788374 884.317 481.295 0.733032 1007.58 401.071 0.709068 1009.59 477.37 0.862873 1003.7 434.369 0.687247 905.881 463.687 0.59527 888.288 514.575 0.494756 884.306 551.728 0.619851 960.711 477.392 0.682122 933.221 528.287 0.693454 907.823 571.31 0.818479 948.97 412.749 0.342692 962.628 414.924 0.414489 945.051 385.461 0.435013 980.246 412.853 0.297809 0
1 111 254 950.845 430.46 0.360125 960.563 401.135 0.862381 911.744 387.375 0.818143 872.636 430.369 0.831743 878.463 491.02 0.75562 1007.6 412.814 0.71328 1007.68 489.069 0.865047 995.939 448.056 0.738546 900.053 475.463 0.672798 884.407 522.411 0.69814 878.474 561.532 0.555564 958.668 489.119 0.690225 931.41 532.192 0.681754 905.883 573.284 0.829781 946.999 420.654 0.288721 962.546 428.536 0.288758 944.923 401.097 0.411114 978.302 420.596 0.247266 0
1 111 255 947.002 440.181 0.485544 958.713 410.807 0.853281 911.715 395.158 0.80737 872.604 438.272 0.790262 868.797 495.027 0.83041 1007.67 418.69 0.706315 1007.58 496.929 0.789504 993.866 459.759 0.696039 900.048 477.39 0.617285 884.321 532.187 0.524498 882.298 567.358 0.375845 960.64 491.032 0.616017 944.964 526.306 0.499385 905.862 571.383 0.737366 945.029 428.482 0.460662 958.719 432.391 0.412948 943.017 406.938 0.35029 982.189 428.403 0.265769 0
1 111 256 945.043 446.164 0.598332 958.635 418.692 0.827166 911.765 401.063 0.819211 868.753 444.164 0.852793 866.691 502.785 0.824887 1005.66 432.428 0.67978 1007.52 508.64 0.822803 991.977 471.535 0.621302 897.996 491.144 0.586535 882.318 553.68 0.558253 864.775 614.369 0.268914 956.759 500.895 0.539724 945.016 534.111 0.511126 905.857 571.286 0.758401 943.068 434.33 0.461728 954.769 444.213 0.520743 939.123 412.846 0.342254 978.304 440.202 0.31133 0
1 111 257 943.028 457.827 0.643003 956.756 430.511 0.812695 913.605 410.846 0.824143 868.756 446.157 0.8667 860.826 506.778 0.808169 1003.66 451.974 0.647165 1005.64 522.291 0.735829 991.987 489.134 0.493968 888.296 498.927 0.575639 872.583 567.411 0.435032 858.921 637.859 0.330514 946.972 514.568 0.526579 937.172 534.139 0.287787 905.872 571.34 0.547882 939.135 444.122 0.52646 947.064 451.958 0.591429 933.331 418.723 0.291014 976.326 448.022 0.373673 0
1 111 258 939.144 467.632 0.505414 950.865 440.248 0.810845 909.808 416.732 0.789085 866.763 459.758 0.86498 853.043 510.723 0.820554 995.889 461.688 0.663244 1005.65 528.257 0.673239 982.163 506.759 0.614956 880.367 516.512 0.626516 866.71 588.935 0.402968 854.972 653.504 0.405047 927.364 536.097 0.575991 870.618 594.762 0.662277 853.145 663.279 0.72774 933.318 457.808 0.406832 946.944 463.678 0.567747 933.286 428.522 0.253266 966.542 459.824 0.366687 0
1 111 259 944.954 479.358 0.618777 947.041 446.143 0.854009 903.93 428.553 0.824064 864.75 463.757 0.803545 849.118 522.325 0.853373 993.964 463.704 0.743884 1007.59 537.999 0.826863 978.302 522.378 0.78443 876.554 522.422 0.657896 868.711 600.639 0.654824 854.971 667.214 0.571325 927.367 539.965 0.595501 913.687 551.673 0.129522 909.808 581.091 0.329933 941.104 469.575 0.575091 950.898 477.398 0.556779 931.396 444.16 0.480419 980.205 461.797 0.265893 0
1 111 260 933.318 491.139 0.473454 944.994 459.723 0.859241 900.041 438.267 0.824739 855.015 477.326 0.837683 839.367 526.268 0.862022 991.997 477.332 0.787618 1005.69 545.87 0.796847 972.403 536.033 0.782913 868.759 534.124 0.651294 868.673 614.348 0.587498 853.139 676.962 0.577125 915.594 549.788 0.594535 868.672 614.371 0.638899 853.01 678.968 0.679313 931.345 479.335 0.453375 945.053 491.09 0.344528 929.402 459.694 0.393265 974.38 475.418 0.192511 0
1 111 261 933.279 496.99 0.472565 943.021 469.534 0.850762 896.079 448.068 0.819483 852.962 479.392 0.825709 833.503 530.203 0.83047 992.009 485.249 0.763996 1003.66 555.668 0.834884 962.645 539.927 0.803237 882.318 536.068 0.629557 884.442 555.583 0.0956013 0 0 0 937.2 551.766 0.579426 919.583 571.338 0.298914 899.97 600.626 0.506729 931.234 489.089 0.480201 946.88 493.154 0.444281 927.336 461.72 0.415173 974.347 481.313 0.282844 0
1 111 262 927.382 510.626 0.282095 935.226 477.434 0.854388 890.223 459.805 0.807892 851.032 487.156 0.790595 821.763 537.958 0.873804 989.931 493.126 0.74139 999.75 567.428 0.817415 960.558 551.727 0.79196 864.814 549.811 0.560072 855.039 604.592 0.284264 853.14 663.276 0.175921 921.55 567.404 0.459725 868.73 616.307 0.523867 852.997 680.851 0.783704 923.479 500.837 0.249755 933.294 508.666 0.230805 917.625 475.46 0.293716 968.468 491.124 0.17192 0
1 111 263 923.439 522.34 0.553628 931.352 489.158 0.841621 886.363 467.586 0.801083 843.235 493.091 0.79435 815.836 541.926 0.848089 980.256 508.638 0.775731 994.015 577.155 0.801108 958.642 559.599 0.745304 851.089 555.695 0.598524 823.721 608.488 0.247385 809.964 647.564 0.0595753 899.956 577.198 0.592341 866.702 624.143 0.540932 852.998 680.878 0.803868 917.598 508.629 0.56314 931.319 520.369 0.584186 915.649 479.381 0.332084 956.761 508.756 0.26578 0
1 111 264 917.625 530.213 0.3658 929.388 498.899 0.848638 884.328 477.446 0.842627 837.397 502.792 0.816678 808.104 543.877 0.847727 978.279 514.595 0.739112 993.906 585.058 0.861953 948.959 569.407 0.811088 855.02 569.349 0.628261 847.174 620.221 0.364238 853.099 665.207 0.324123 903.94 588.925 0.544521 866.722 631.963 0.513616 851.108 682.856 0.711061 915.604 520.412 0.350007 931.247 526.38 0.333284 913.614 493.007 0.319892 950.91 518.49 0.213705 0
1 111 265 913.71 536.075 0.293929 929.296 508.675 0.862542 882.43 489.135 0.812614 837.331 506.737 0.884566 806.196 543.905 0.863268 976.345 524.417 0.739939 992.013 598.639 0.844785 946.979 581.05 0.832698 866.716 573.246 0.618886 833.422 604.616 0.531208 853.001 659.363 0.364264 919.568 600.654 0.593469 866.76 635.897 0.439845 851.069 682.901 0.635669 913.586 522.345 0.22967 923.523 536.004 0.219215 903.942 500.887 0.27483 947.024 522.433 0.225179 0
1 111 266 909.774 551.676 0.559166 927.327 514.596 0.855809 878.484 495.079 0.801957 825.668 520.359 0.759082 806.114 549.771 0.884355 976.325 528.278 0.744386 991.912 604.541 0.852778 945.024 585.008 0.879564 866.742 586.983 0.623319 851.132 635.889 0.412299 851.148 680.865 0.728545 927.354 608.492 0.632369 886.28 678.95 0.785666 0 0 0 901.941 536.104 0.46162 915.749 541.979 0.588695 898.089 506.805 0.301695 946.924 530.228 0.270092 0
1 111 267 909.794 565.418 0.395106 925.462 526.305 0.837996 876.549 506.779 0.793122 821.684 524.262 0.8568 806.18 551.669 0.878807 976.235 541.987 0.739418 989.961 616.285 0.846442 944.98 596.722 0.83556 851.047 604.538 0.490651 823.699 647.633 0.211084 851.052 674.996 0.14495 913.704 628.063 0.557381 880.431 682.812 0.492813 855.016 694.555 0.133696 903.901 551.698 0.290194 915.76 557.621 0.455728 899.997 520.382 0.267908 937.214 553.62 0.253511 0
1 111 268 901.985 569.376 0.185757 921.537 536.05 0.816768 872.608 512.59 0.754273 806.128 536.014 0.823363 806.138 553.698 0.907143 974.372 553.638 0.759171 986.098 626.115 0.784956 943.036 602.577 0.873802 841.289 620.217 0.482801 806.131 680.86 0.246345 0 0 0 909.796 639.819 0.494092 868.668 698.513 0.419181 0 0 0 0 0 0 0 0 0 899.971 528.236 0.206368 948.888 545.892 0.147094 0
1 111 269 902.005 584.945 0.404703 917.683 547.806 0.783133 868.746 524.375 0.782135 800.189 538.117 0.822149 806.19 555.654 0.877703 972.409 569.296 0.720694 982.219 633.982 0.817239 942.99 616.241 0.836083 839.346 631.939 0.459512 808.054 692.615 0.228889 0 0 0 907.818 649.575 0.502921 868.744 714.143 0.399496 0 0 0 900.02 571.293 0.337005 915.583 582.999 0.376749 898.005 541.95 0.242752 933.336 569.355 0.21519 0
1 111 270 900.006 598.625 0.570891 913.763 559.57 0.810797 866.663 536.097 0.744177 790.426 551.659 0.826607 809.977 557.657 0.869881 964.546 583.008 0.702209 980.213 647.646 0.851955 943.012 628.011 0.759421 851.064 622.184 0.385085 817.803 682.82 0.258961 0 0 0 913.71 647.67 0.495428 880.405 696.535 0.412635 853.172 714.163 0.0539121 898.047 584.921 0.453727 911.767 590.881 0.53386 895.998 553.628 0.285443 935.271 583.022 0.324411 0
1 111 271 897.963 612.42 0.602275 907.816 573.29 0.782941 856.969 547.862 0.707945 776.809 561.495 0.773369 813.899 561.534 0.859151 960.586 594.774 0.689947 978.316 659.364 0.80223 939.121 641.702 0.682381 835.429 645.629 0.311181 808.05 692.611 0.171358 0 0 0 911.708 663.238 0.370267 882.417 698.523 0.362844 868.648 714.174 0.0692649 894.096 598.696 0.466939 903.956 604.546 0.657911 886.33 569.28 0.353207 933.243 598.684 0.266394 0
1 111 272 890.207 620.25 0.381824 902.013 584.978 0.736892 855.009 555.739 0.669084 772.825 571.307 0.811012 815.838 567.431 0.866709 952.852 602.691 0.631462 976.385 669.14 0.789077 933.256 649.552 0.724745 866.767 618.327 0.0645263 0 0 0 0 0 0 890.205 698.481 0.201342 890.194 714.172 0.135494 0 0 0 886.357 608.502 0.284256 901.942 618.254 0.396257 884.366 584.967 0.261251 921.547 612.366 0.198906 0
1 111 273 898.003 633.949 0.321196 900.035 588.926 0.675707 853.065 569.388 0.614133 772.819 582.988 0.801307 817.81 571.275 0.875733 947.037 608.471 0.515854 976.238 684.802 0.64562 931.291 665.158 0.672763 819.731 694.529 0.216268 0 0 0 0 0 0 888.259 714.165 0.159473 0 0 0 0 0 0 890.237 618.357 0.269483 911.724 631.974 0.312253 884.389 583.002 0.17309 935.235 614.276 0.117706 0
1 111 274 882.344 643.669 0.327515 896.03 602.657 0.775261 847.16 584.955 0.597957 770.818 587.015 0.808711 821.669 579.121 0.77108 944.971 620.235 0.63937 976.259 696.538 0.708825 931.241 676.98 0.727948 833.489 696.523 0.247171 0 0 0 0 0 0 899.97 714.145 0.193351 0 0 0 0 0 0 878.445 626.101 0.205963 886.385 635.886 0.366645 874.527 596.728 0.164681 0 0 0 0
1 111 275 0 0 0 897.993 616.253 0.667252 851.081 592.814 0.490081 765.02 598.649 0.712007 821.766 584.991 0.801355 939.164 631.922 0.431027 968.452 714.165 0.353626 927.422 686.718 0.460819 819.786 714.173 0.115905 0 0 0 0 0 0 896.116 714.185 0.0618922 0 0 0 0 0 0 0 0 0 0 0 0 872.664 606.524 0.0642663 0 0 0 0
1 111 276 911.741 684.781 0.0618386 892.163 631.982 0.421514 851.016 604.557 0.391055 763.014 602.628 0.753959 825.635 590.886 0.709943 931.304 647.626 0.145704 960.619 714.184 0.107214 0 0 0 0 0 0 0 0 0 0 0 0 0 0 0 0 0 0 0 0 0 909.802 674.973 0.0675469 0 0 0 886.319 616.309 0.0553604 0 0 0 0
