6 111 341 1119.15 4.84542 0.564189 1117.2 25.4921 0.825837 1101.53 21.5807 0.742279 1087.82 48.9177 0.193812 0 0 0 1134.71 37.1304 0.872831 1121.16 70.3593 0.764341 1087.89 72.4549 0.779083 1085.91 84.1522 0.703137 1081.97 131.023 0.643534 1083.84 172.191 0.576744 1103.48 91.9418 0.751192 1093.68 133.093 0.768104 1087.81 181.974 0.810109 1119.09 4.8527 0.452135 1126.96 4.85211 0.531981 1119.08 4.86722 0.185443 1132.78 4.83697 0.573744 0
6 111 372 915.715 115.388 0.153489 905.91 121.33 0.484577 911.736 125.24 0.439489 0 0 0 0 0 0 900.101 117.502 0.439137 0 0 0 0 0 0 903.889 170.23 0.332077 900.041 197.598 0.262983 884.348 228.953 0.237109 896.101 166.345 0.271515 898.076 197.588 0.224198 886.267 228.922 0.218054 917.593 111.508 0.147662 0 0 0 915.62 113.432 0.297125 0 0 0 0
6 111 379 919.55 64.5633 0.547951 929.405 74.332 0.636437 911.766 68.42 0.622882 886.337 97.7524 0.630594 882.371 117.323 0.628181 946.904 86.0828 0.559549 933.331 119.365 0.29395 901.957 131.147 0.35966 899.99 138.904 0.446168 892.172 191.733 0.19952 880.423 238.65 0.170872 927.385 148.632 0.472703 913.728 193.735 0.253215 896.073 242.585 0.147217 915.737 54.797 0.472915 927.411 58.6629 0.593161 0 0 0 943.045 56.7932 0.642565 0
6 111 380 913.766 64.5453 0.647143 927.421 80.2462 0.825624 907.807 70.3862 0.785337 884.281 99.677 0.858501 872.656 117.358 0.761643 944.966 88.105 0.77194 933.279 121.355 0.671179 899.954 133.029 0.731554 896.031 140.854 0.572159 880.394 187.838 0.118496 866.73 211.288 0.0854449 917.599 150.688 0.641956 900.044 203.486 0.346065 888.236 250.409 0.138965 913.759 54.8593 0.452748 917.652 58.6817 0.660744 0 0 0 935.192 58.7217 0.810143 0
6 111 381 911.673 64.533 0.613051 917.666 84.1121 0.892465 898.122 72.4534 0.849639 878.476 99.8611 0.849661 870.66 119.366 0.787734 942.972 93.9128 0.774265 931.284 127.17 0.675849 899.95 132.995 0.75704 884.373 146.789 0.632225 872.597 191.749 0.18985 874.533 226.929 0.119457 913.675 160.392 0.700083 899.955 205.442 0.491765 888.252 252.364 0.226135 909.744 54.7644 0.47619 915.613 56.8018 0.655365 0 0 0 931.323 60.6436 0.816421 0
6 111 382 925.429 68.4072 0.436684 913.709 84.0945 0.822976 896.025 74.3645 0.787907 870.706 101.699 0.851318 868.778 121.325 0.791971 931.335 90.0026 0.696899 931.367 117.47 0.456523 899.994 131.134 0.432603 886.31 144.815 0.65896 880.419 185.864 0.357799 868.74 226.967 0.253946 913.714 148.714 0.687348 901.937 195.594 0.489962 898.024 236.752 0.285274 919.608 58.6899 0.389815 927.339 62.609 0.384593 917.654 56.7306 0.530324 929.307 58.7257 0.378549 0
6 111 383 909.735 66.5265 0.481056 913.721 84.0581 0.827376 894.135 72.4315 0.767106 868.754 101.705 0.863163 868.67 123.263 0.802436 931.392 90.0111 0.695749 931.3 117.446 0.406176 896.051 131.022 0.254715 882.406 148.716 0.66817 872.608 197.608 0.37532 866.717 240.671 0.229237 911.701 160.379 0.646775 898.044 207.408 0.520188 888.268 250.422 0.227803 907.792 56.7322 0.382849 913.752 60.6192 0.50832 913.677 54.7696 0.119221 927.415 58.7323 0.688674 0
6 111 384 907.808 70.4211 0.452423 911.685 84.1932 0.794822 884.427 74.3614 0.775695 868.636 101.76 0.799221 866.637 127.145 0.795279 931.308 95.8327 0.734527 931.254 121.308 0.359916 894.112 131.145 0.208339 880.449 148.76 0.640451 868.719 195.653 0.323563 862.799 238.671 0.183671 909.75 162.308 0.635139 896.032 207.344 0.390706 882.412 248.451 0.156989 903.903 66.5014 0.390461 913.651 68.4188 0.493373 911.67 54.8624 0.26917 921.529 62.6044 0.613951 0
6 111 385 915.725 68.5617 0.396685 901.986 86.0385 0.829649 882.407 78.296 0.771087 866.674 101.792 0.757518 860.891 129.088 0.762893 929.265 97.8066 0.746618 917.596 129.06 0.449084 884.4 133.148 0.46384 870.691 150.685 0.635493 864.744 197.599 0.343859 856.932 240.633 0.211626 899.953 162.341 0.712787 884.308 209.357 0.553948 872.638 254.314 0.216012 915.669 66.4787 0.385079 915.681 68.3874 0.279639 911.699 60.642 0.566118 913.742 64.5699 0.167749 0
6 111 386 898.075 70.5001 0.669509 901.954 86.0633 0.874773 880.415 82.114 0.800465 858.885 109.564 0.744695 855.026 129.141 0.769964 929.297 97.7542 0.787858 913.707 125.24 0.542153 882.438 136.965 0.537068 866.758 150.647 0.672697 853.065 191.706 0.259392 849.121 228.914 0.161493 897.944 162.366 0.722317 882.361 203.504 0.55314 870.655 246.519 0.299185 896.113 66.5456 0.549453 902.005 68.4617 0.660549 0 0 0 915.611 66.5079 0.74698 0
6 111 387 900.081 72.4616 0.40479 898.117 86.1447 0.796753 874.603 84.1447 0.789968 855.024 111.538 0.726647 853.016 131.093 0.84789 925.413 93.8999 0.666008 919.564 125.219 0.115542 0 0 0 868.71 150.656 0.709407 856.977 193.704 0.303619 849.085 232.805 0.139935 898.096 162.337 0.694525 882.359 205.444 0.485889 868.648 248.505 0.165321 899.957 68.5246 0.403854 903.956 70.3512 0.411177 898.093 66.5432 0.436439 913.659 68.4518 0.476538 0
6 111 388 888.269 76.3435 0.651969 899.941 88.0939 0.806751 872.608 84.1547 0.785623 853.063 113.438 0.779066 851.062 133.055 0.855544 927.344 97.8433 0.726003 927.365 133.068 0.138832 0 0 0 864.764 162.381 0.649356 852.998 209.32 0.232811 841.334 248.457 0.0722193 896.116 172.186 0.595018 876.528 219.111 0.310026 858.894 260.24 0.0758735 886.265 70.4113 0.583982 897.961 70.4983 0.728685 0 0 0 911.764 70.3586 0.800501 0
6 111 389 884.369 78.2229 0.703423 897.951 88.0293 0.837588 870.695 84.0696 0.80191 853.003 113.446 0.852172 849.083 133.11 0.79493 915.724 99.685 0.769875 905.893 131.119 0.530815 868.732 146.796 0.556422 864.745 148.698 0.648173 839.348 180.008 0.260661 849.039 226.979 0.175349 890.191 160.436 0.651564 870.688 201.548 0.448455 864.779 246.548 0.220074 884.297 70.471 0.583336 890.216 70.5379 0.701449 0 0 0 903.898 70.4707 0.735268 0
6 111 390 884.366 84.0579 0.626332 892.146 93.892 0.778235 866.754 86.1664 0.861913 850.972 115.475 0.830901 841.351 136.928 0.795991 915.623 99.8176 0.795993 915.693 131.029 0.369959 874.574 146.657 0.120748 858.899 156.489 0.684257 851.121 197.617 0.431782 851.041 244.537 0.260264 886.297 164.282 0.728021 868.771 207.402 0.584094 860.888 250.418 0.297642 882.416 74.3344 0.546308 892.141 76.3356 0.584224 882.359 70.4027 0.151909 901.926 72.4171 0.683852 0
6 111 391 880.355 84.1446 0.729589 886.285 99.7472 0.873067 866.642 88.0722 0.828501 843.287 117.446 0.799866 837.414 138.895 0.837538 911.723 107.629 0.763703 899.979 146.809 0.684333 866.756 156.51 0.536049 849.134 156.52 0.663927 821.708 178.027 0.364184 810.018 213.235 0.21914 876.534 170.211 0.67561 862.85 207.361 0.446106 851.058 256.265 0.238418 876.486 76.3091 0.556419 884.291 80.2488 0.72601 0 0 0 898.118 76.3297 0.838987 0
6 111 392 894.106 86.079 0.509649 882.37 101.699 0.904134 858.92 95.8813 0.795815 837.482 123.251 0.81084 837.309 144.758 0.867862 901.954 111.489 0.774823 896.097 146.805 0.714624 862.848 158.438 0.615641 847.143 158.467 0.670608 819.786 180.002 0.399971 809.988 215.205 0.288336 870.628 168.238 0.739549 853.081 209.357 0.523033 837.475 256.334 0.254462 890.235 82.2097 0.485966 896.074 84.0574 0.431342 884.316 78.2433 0.615887 896.102 82.1489 0.273828 0
6 111 393 878.457 88.1048 0.639163 882.392 101.687 0.905639 855.082 95.8419 0.819874 837.365 123.289 0.821358 835.383 144.813 0.84424 903.897 111.552 0.810886 894.133 148.686 0.766582 860.833 160.372 0.6377 841.321 160.442 0.682626 819.773 189.761 0.336585 808.033 219.153 0.212351 868.739 170.248 0.761563 853.029 211.336 0.657428 839.329 264.111 0.353247 872.639 84.1809 0.582125 882.434 86.062 0.687155 874.54 74.3388 0.141485 896.086 82.1948 0.814009 0
6 111 394 868.788 86.1856 0.761274 880.466 101.726 0.905914 853.158 93.9121 0.838617 837.329 121.337 0.840313 833.419 146.668 0.824154 900.111 115.332 0.862757 886.291 150.709 0.751023 853.125 162.367 0.642377 837.387 164.283 0.697251 817.786 195.608 0.260546 806.078 223.052 0.180798 866.783 178.019 0.762526 851.03 221.063 0.471738 837.451 271.967 0.192246 868.676 84.0808 0.679866 878.489 84.1896 0.748141 0 0 0 894.092 84.0493 0.794469 0
6 111 395 866.707 88.0384 0.57925 872.657 101.774 0.869517 851.05 95.8863 0.870789 835.32 125.248 0.805722 827.603 146.73 0.799942 899.926 113.511 0.885399 884.379 152.612 0.782975 852.977 162.401 0.711551 835.451 164.344 0.735759 811.975 193.687 0.383843 798.242 225.057 0.306416 866.669 178.043 0.768418 849.091 215.251 0.530682 835.504 264.151 0.226625 864.78 84.0625 0.428322 870.669 86.0199 0.588226 0 0 0 886.271 84.032 0.802162 0
6 111 396 864.797 86.1862 0.730381 870.625 101.8 0.891862 849.062 97.7786 0.834064 825.671 129.076 0.771672 821.786 146.782 0.858922 898.02 113.485 0.87897 884.336 154.556 0.79211 851.155 162.406 0.782156 827.64 170.2 0.666494 806.155 199.569 0.283942 794.325 230.844 0.206487 858.929 181.964 0.705858 841.288 226.951 0.416603 835.453 266.107 0.0769677 862.776 84.0421 0.604781 868.755 84.1861 0.746904 0 0 0 884.319 84.0361 0.845481 0
6 111 397 857.006 86.0585 0.706568 868.62 101.783 0.916887 841.329 97.7596 0.813615 821.826 129.115 0.795578 819.794 148.652 0.873906 896.017 113.465 0.839868 882.4 150.692 0.814939 849.07 162.356 0.767961 825.693 164.381 0.709329 804.165 193.755 0.429397 792.368 230.849 0.365627 856.93 178.083 0.761377 841.298 219.116 0.509331 833.474 258.236 0.235871 855.013 82.0991 0.585475 866.711 84.0777 0.715659 0 0 0 882.36 82.1932 0.867056 0
6 111 398 858.908 88.0196 0.764498 866.828 101.785 0.923159 843.248 97.7719 0.821216 821.748 129.077 0.849914 819.696 148.619 0.912062 892.164 113.453 0.830643 880.45 148.797 0.831428 845.216 162.292 0.760882 823.769 166.317 0.689857 806.128 205.424 0.224368 794.315 236.73 0.157082 855.015 179.952 0.752058 841.296 228.905 0.405102 831.538 271.954 0.0847613 854.974 84.1238 0.729137 866.697 84.1914 0.81369 0 0 0 880.475 84.0206 0.869035 0
6 111 399 854.962 88.0371 0.815555 866.694 101.826 0.911481 841.274 97.7834 0.840919 821.668 127.127 0.871038 815.893 148.698 0.864148 886.355 115.365 0.864724 876.526 150.69 0.79553 839.401 162.432 0.786955 821.829 164.398 0.716148 806.049 203.506 0.239331 798.257 238.722 0.127275 853.082 178.083 0.782814 839.344 224.946 0.475708 831.536 268.02 0.227266 853.012 84.1376 0.742116 862.826 84.2214 0.817097 0 0 0 878.455 84.0833 0.859834 0
6 111 400 851.118 86.186 0.812867 860.9 103.692 0.854381 835.514 99.6723 0.897971 817.799 129.075 0.785182 808.11 148.724 0.766342 884.337 115.397 0.914182 870.675 150.707 0.793547 837.384 162.464 0.764844 819.801 164.429 0.716989 798.279 201.527 0.284336 788.503 244.564 0.182512 851.106 178.079 0.761708 835.441 221.079 0.504725 821.822 269.969 0.28724 849.149 84.0416 0.643524 855.037 84.1632 0.82217 0 0 0 870.705 84.0146 0.875593 0
6 111 401 847.13 86.1721 0.766537 857.004 105.648 0.840475 835.486 99.6827 0.917175 813.919 129.073 0.801959 806.124 148.784 0.848252 882.45 117.305 0.911275 868.634 160.4 0.828769 835.439 164.443 0.677828 817.822 164.436 0.764859 790.511 201.554 0.549404 790.454 248.505 0.512323 849.09 179.956 0.805284 831.508 223.055 0.669376 813.934 268.058 0.549622 843.247 82.1912 0.451933 851.12 84.184 0.849654 0 0 0 868.631 84.101 0.958396 0
6 111 402 841.35 88.0073 0.807528 853.122 107.644 0.863867 833.464 99.7412 0.847249 808.112 131.065 0.719522 804.167 150.699 0.780089 880.45 117.423 0.869511 864.757 160.469 0.792684 827.644 164.43 0.632168 808.114 174.129 0.698895 790.424 211.284 0.49591 788.546 266.066 0.517506 839.372 185.892 0.721465 823.734 232.857 0.552964 817.834 285.657 0.39993 839.35 84.0618 0.640436 851.058 84.2112 0.884506 0 0 0 866.807 84.1847 0.939506 0
6 111 403 837.407 91.9454 0.790417 851.143 109.591 0.889 825.686 99.7514 0.846586 806.074 131.08 0.819228 804.018 152.64 0.79954 874.6 119.32 0.850565 856.966 164.28 0.774519 823.702 172.164 0.571223 806.144 176.052 0.725831 790.445 211.378 0.473924 786.557 271.909 0.505931 837.432 185.882 0.7467 827.6 234.794 0.526004 819.791 287.585 0.395683 837.314 86.0329 0.516932 843.254 86.1392 0.816175 0 0 0 862.84 86.0687 0.911886 0
6 111 404 833.478 91.9544 0.733316 849.117 113.396 0.853735 821.706 99.7748 0.863179 798.261 132.969 0.728452 794.307 160.375 0.746656 870.701 121.31 0.836875 853.058 164.412 0.789731 819.765 176.069 0.616319 804.047 178.002 0.719929 782.575 213.286 0.554052 776.709 271.872 0.654042 835.425 191.768 0.75694 823.747 240.631 0.503691 821.698 289.608 0.333297 833.418 86.0141 0.371779 837.381 86.1631 0.841778 0 0 0 854.988 86.1792 0.927481 0
6 111 405 829.59 91.9521 0.670703 843.229 111.542 0.840093 819.739 99.7431 0.88711 794.388 131.027 0.822255 790.471 158.487 0.844771 868.693 121.325 0.873228 853.033 164.376 0.842973 819.813 178.018 0.68382 802.15 174.164 0.711726 776.724 211.266 0.595446 778.742 271.963 0.545814 833.48 187.841 0.717724 821.763 230.874 0.513826 821.767 285.622 0.358063 827.609 84.2135 0.379145 835.457 86.1911 0.776247 0 0 0 852.976 88.05 0.962322 0
6 111 406 825.659 93.9088 0.715554 837.457 115.35 0.927966 817.756 101.73 0.839334 792.394 133.018 0.817999 790.372 162.346 0.889367 866.661 123.27 0.866079 851.065 164.357 0.844162 819.723 178.097 0.702007 798.235 178.058 0.720686 776.709 213.278 0.575242 778.702 273.889 0.543814 827.632 191.72 0.732929 819.794 236.756 0.643028 817.806 287.618 0.499712 823.752 86.0656 0.472796 833.498 88.0068 0.770724 0 0 0 851.069 88.0326 0.924826 0
6 111 407 819.855 95.8483 0.637024 835.53 115.37 0.922149 811.953 101.743 0.819942 788.546 135.024 0.809112 786.534 162.433 0.85042 860.897 125.187 0.836807 847.144 166.34 0.7727 808.087 180.039 0.670434 792.425 179.981 0.7573 776.713 221.081 0.539817 782.618 277.83 0.575237 823.718 193.611 0.756373 815.883 236.763 0.597715 819.817 285.645 0.448556 821.669 86.1538 0.20927 823.713 88.0884 0.689206 0 0 0 843.227 89.98 0.89854 0
6 111 408 819.732 99.672 0.711482 833.504 115.447 0.899395 806.114 103.709 0.86163 790.379 142.802 0.785062 786.528 164.407 0.829423 854.973 125.246 0.85328 841.33 166.27 0.777336 808.103 181.942 0.623408 792.36 180.029 0.753165 772.861 223.041 0.557232 782.64 273.933 0.538038 821.792 193.642 0.779056 811.959 240.582 0.624784 817.783 287.584 0.412336 819.703 88.0817 0.369563 821.8 91.9682 0.728245 0 0 0 839.414 90.0028 0.889966 0
6 111 409 815.831 97.7753 0.688597 825.62 115.426 0.89836 802.153 103.681 0.848264 784.584 138.927 0.753449 778.719 164.388 0.817645 852.975 125.215 0.869006 839.338 166.308 0.781683 806.151 183.893 0.555188 788.478 181.97 0.775723 768.872 225.016 0.574293 782.572 273.88 0.523102 819.801 193.718 0.773726 804.075 238.654 0.635632 790.37 277.861 0.445552 813.887 86.134 0.468855 821.658 90.0126 0.74378 0 0 0 837.372 90.0484 0.905406 0
6 111 410 808.068 97.8051 0.672363 821.758 115.44 0.933766 798.236 101.829 0.837586 776.803 138.909 0.758184 774.846 168.241 0.809883 851.011 127.16 0.866743 837.393 168.252 0.812993 806.047 187.842 0.699362 778.722 187.812 0.682592 759.19 236.698 0.433892 747.4 281.744 0.195586 810.046 197.59 0.695411 798.274 244.617 0.430704 788.484 287.56 0.220108 810.02 88.0001 0.419889 817.798 91.9427 0.660469 0 0 0 835.363 91.969 0.856997 0
6 111 411 806.023 99.7555 0.71356 819.812 115.468 0.925887 792.371 103.718 0.842964 774.817 142.811 0.764025 774.766 172.147 0.824736 847.135 127.146 0.834938 835.503 168.242 0.823523 804.203 185.892 0.680645 776.766 189.778 0.69794 759.197 234.785 0.372571 757.178 260.264 0.164311 809.979 197.643 0.696065 796.324 246.514 0.417991 788.406 285.675 0.208015 806.007 91.9344 0.412746 810.01 95.8957 0.674796 0 0 0 829.55 95.8226 0.828576 0
6 111 412 802.207 99.7269 0.718964 817.826 115.492 0.890567 788.524 103.689 0.863361 772.715 144.723 0.657927 772.818 172.193 0.73737 841.315 129.057 0.836055 835.387 168.28 0.807395 806.037 189.76 0.685053 772.896 185.87 0.72187 757.143 228.914 0.37923 759.113 256.372 0.23572 806.157 195.737 0.733496 792.36 240.605 0.581825 790.442 281.772 0.46 804.062 90.0135 0.364452 806.134 95.8394 0.731427 0 0 0 823.692 97.7735 0.888248 0
6 111 413 800.171 101.675 0.704421 813.873 115.476 0.852734 788.389 101.801 0.843287 757.232 131.088 0.554899 763.065 168.233 0.405969 837.483 129.064 0.864222 829.572 174.092 0.74242 792.447 189.775 0.625795 768.904 181.995 0.653843 745.442 225.03 0.215225 743.457 258.246 0.160005 804.073 195.712 0.703785 788.535 238.68 0.458507 788.507 279.766 0.427694 796.304 95.8627 0.390109 804.204 99.6713 0.760907 0 0 0 821.799 95.8796 0.898212 0
6 111 414 794.38 101.649 0.702191 808.12 115.518 0.87996 786.459 103.67 0.838331 761.075 140.839 0.58641 766.923 177.943 0.548717 837.365 129.157 0.896938 827.61 176.028 0.747893 794.39 193.599 0.597797 770.902 182.016 0.685147 749.371 223.055 0.281884 741.532 256.331 0.227138 804.173 195.647 0.745401 790.427 236.716 0.609787 788.402 281.744 0.563438 794.371 93.8891 0.424242 804.091 99.6706 0.722699 0 0 0 819.851 97.7704 0.870056 0
6 111 415 792.386 101.727 0.724683 806.149 117.46 0.899505 782.577 109.577 0.777402 757.102 142.846 0.647644 759.199 176.028 0.531117 835.481 131.041 0.912181 821.838 177.962 0.806937 790.496 193.681 0.729935 763.017 187.806 0.672012 743.44 221.082 0.297333 729.812 258.227 0.292067 800.179 197.609 0.704954 788.449 238.708 0.482182 782.611 281.723 0.385902 790.539 97.7641 0.398958 800.248 99.748 0.735184 0 0 0 819.741 97.8024 0.905973 0
6 111 416 790.439 103.66 0.781775 806.032 121.291 0.895835 778.666 115.506 0.861756 759.233 150.652 0.758257 761.088 178.008 0.782867 835.333 131.032 0.897967 823.684 174.12 0.818233 794.375 193.673 0.747455 770.885 191.714 0.724172 747.39 223.039 0.335453 733.698 256.345 0.321444 804.116 197.606 0.775308 798.219 240.612 0.661671 790.354 287.618 0.724094 790.361 99.7494 0.459732 796.29 99.8336 0.795702 0 0 0 815.894 99.6939 0.89415 0
6 111 417 790.37 103.704 0.781435 804.187 123.292 0.886357 776.729 117.365 0.869433 759.212 150.674 0.76046 759.167 178.018 0.842787 833.435 131.161 0.890282 819.855 178.055 0.895443 788.523 195.573 0.731156 761.112 201.55 0.664365 743.452 254.357 0.240079 729.806 316.939 0.107199 796.296 211.348 0.69523 780.638 271.924 0.481265 759.124 330.618 0.307009 788.544 99.7671 0.4437 794.338 101.653 0.80834 0 0 0 815.823 99.8217 0.885067 0
6 111 418 790.399 109.539 0.720799 804.108 127.193 0.904287 774.862 117.432 0.888325 759.225 148.779 0.827301 759.083 177.976 0.923227 829.566 133.054 0.875653 819.872 178.128 0.92811 788.557 193.679 0.833939 766.936 193.649 0.707628 741.583 221.058 0.512948 727.813 256.332 0.36096 798.224 203.473 0.706447 788.399 242.633 0.588822 774.763 295.426 0.406435 790.383 101.786 0.464453 794.32 101.825 0.747014 0 0 0 810.037 101.777 0.887176 0
6 111 419 786.528 113.454 0.671359 804.04 131.068 0.909451 774.734 121.275 0.8621 759.068 158.472 0.737649 757.145 179.978 0.883373 825.702 138.895 0.817013 813.895 181.974 0.776179 778.689 199.54 0.598589 761.082 201.523 0.683157 741.543 232.85 0.255478 729.791 275.852 0.155316 792.38 211.354 0.72593 786.472 256.348 0.573995 774.733 305.269 0.494208 786.55 103.758 0.259663 790.401 105.626 0.731588 0 0 0 806.205 103.694 0.926697 0
6 111 420 786.464 115.479 0.640754 802.133 131.112 0.88053 772.868 121.341 0.823344 757.183 162.315 0.682787 757.052 181.951 0.742854 823.743 138.918 0.834522 813.875 181.937 0.77211 776.8 197.683 0.621851 757.218 209.285 0.688652 741.505 250.448 0.181724 737.603 281.743 0.0871451 790.422 221.081 0.71293 778.681 268.018 0.488599 770.831 311.071 0.425895 784.558 107.641 0.303636 790.386 113.401 0.680448 0 0 0 806.163 105.687 0.850456 0
6 111 421 782.616 117.314 0.632671 800.25 133.082 0.880027 774.704 129.103 0.900569 757.207 164.329 0.817012 755.221 187.809 0.80654 821.848 144.707 0.866251 813.894 183.9 0.787311 774.874 197.668 0.694371 757.231 207.395 0.694502 737.581 238.672 0.224781 727.847 275.857 0.14645 790.393 219.13 0.72866 774.862 271.914 0.505632 765.029 318.857 0.368907 780.671 111.492 0.235473 788.469 113.496 0.707073 0 0 0 806.03 113.404 0.92843 0
6 111 422 778.717 117.387 0.649496 798.28 134.964 0.843046 772.873 129.098 0.888024 757.111 164.312 0.801979 753.248 191.665 0.790171 821.763 146.704 0.896197 806.125 189.804 0.802634 774.712 209.258 0.644861 757.135 209.39 0.692869 741.469 256.29 0.208156 737.596 293.517 0.100531 788.459 223.078 0.741075 772.856 273.93 0.529248 759.116 320.858 0.377915 774.79 113.452 0.23051 786.551 115.392 0.732051 0 0 0 806.004 113.511 0.952403 0
6 111 423 778.696 117.498 0.679629 798.235 136.962 0.822643 772.851 130.998 0.887165 753.278 162.403 0.776063 747.423 189.751 0.787267 821.718 148.677 0.903506 804.206 193.685 0.804327 772.815 211.244 0.582652 755.174 207.4 0.652842 733.684 238.697 0.16549 725.808 279.772 0.0716972 786.536 222.988 0.703957 772.837 262.166 0.389759 761.059 316.927 0.285551 763.05 117.413 0.277136 786.539 115.524 0.801243 0 0 0 804.221 115.444 0.969218 0
6 111 424 772.853 119.411 0.624252 792.451 136.956 0.83658 770.841 131.032 0.854681 751.312 162.437 0.791525 747.399 191.679 0.831666 819.851 148.623 0.903401 806.102 191.731 0.807571 774.729 211.259 0.552166 755.237 209.288 0.685654 741.526 248.481 0.245155 741.534 291.569 0.131096 788.423 219.108 0.721215 774.812 260.233 0.560612 766.935 314.962 0.440612 764.986 117.444 0.297158 784.514 117.383 0.705418 0 0 0 804.122 117.299 0.995096 0
6 111 425 764.99 123.248 0.678609 790.548 140.874 0.848415 768.913 132.973 0.837132 747.378 162.452 0.813744 743.575 191.71 0.853051 819.747 148.728 0.878717 804.169 191.776 0.842087 774.731 209.426 0.65875 755.19 209.386 0.712729 743.472 256.272 0.302723 747.395 301.313 0.167938 786.552 221.063 0.748876 774.85 262.205 0.671496 768.937 313.025 0.562207 749.374 119.306 0.476644 774.784 117.486 0.751278 0 0 0 802.198 117.372 0.946428 0
6 111 426 770.839 125.222 0.62291 790.436 138.933 0.867521 764.977 131.121 0.837949 745.512 164.322 0.809347 743.469 191.723 0.895697 817.857 148.682 0.872018 804.044 193.691 0.825821 770.817 211.409 0.609498 757.08 209.345 0.72494 741.56 256.25 0.290695 741.537 297.387 0.144619 788.394 217.21 0.750979 774.83 262.159 0.710396 770.906 311.125 0.658127 763.072 117.422 0.245711 774.794 119.333 0.710447 0 0 0 798.256 117.42 0.935679 0
6 111 427 772.767 127.157 0.5477 788.563 140.868 0.864352 761.137 131.141 0.860965 743.528 164.37 0.863966 741.578 193.645 0.909842 817.747 148.732 0.855662 802.127 193.706 0.812246 765.018 211.302 0.596322 751.321 209.363 0.681632 729.777 242.655 0.180159 718.018 266.131 0.15341 782.629 222.982 0.715881 774.848 264.127 0.710094 772.74 315.008 0.707708 770.831 117.484 0.185117 774.833 119.4 0.624776 0 0 0 794.341 117.468 0.915483 0
6 111 428 770.842 129.066 0.598071 788.496 142.82 0.889669 761.1 132.971 0.88442 743.564 164.395 0.894502 741.566 193.635 0.930125 811.985 150.641 0.828381 796.329 193.734 0.797222 761.106 211.359 0.659572 751.326 207.41 0.70118 721.974 228.966 0.380537 708.261 268.073 0.303766 780.621 221.062 0.715744 774.8 262.163 0.734909 770.863 313.07 0.708238 770.814 119.343 0.216989 774.729 121.298 0.664573 0 0 0 792.36 117.485 0.948891 0
6 111 429 766.958 125.226 0.563952 786.522 142.8 0.859219 757.252 131.133 0.890253 741.468 164.444 0.847232 741.404 193.688 0.842942 809.98 148.786 0.848092 796.338 193.695 0.831851 766.961 211.349 0.636735 743.498 209.283 0.749249 712.159 238.637 0.468104 694.574 275.905 0.317472 776.712 221.08 0.752634 774.773 262.184 0.731827 770.899 313.074 0.642335 766.937 117.4 0.209621 772.826 119.34 0.657796 0 0 0 790.459 119.324 0.964585 0
6 111 430 763.012 129.144 0.727792 780.675 144.756 0.850226 755.231 133.059 0.838519 739.542 166.369 0.773048 737.552 195.602 0.768517 806.167 150.66 0.877764 792.379 195.672 0.812047 761.129 215.227 0.443444 741.52 211.338 0.700531 721.977 242.596 0.301808 710.213 289.582 0.177649 774.779 224.944 0.730486 772.892 262.205 0.622951 770.833 314.972 0.516437 761.061 119.331 0.393072 772.746 121.323 0.745906 0 0 0 790.452 119.338 0.962436 0
6 111 431 761.079 129.102 0.64162 776.731 144.81 0.903932 751.318 133.081 0.842373 735.63 166.319 0.767746 731.712 193.745 0.807966 806.018 150.719 0.887877 790.401 195.651 0.824834 759.164 217.195 0.522723 741.535 211.283 0.723509 723.929 234.805 0.46191 706.313 281.719 0.299664 774.766 223.019 0.739604 772.89 258.346 0.712593 768.889 311.111 0.587439 761.045 119.303 0.316808 768.944 121.314 0.633722 0 0 0 788.489 121.282 0.880278 0
6 111 432 759.116 131.046 0.609053 774.729 146.629 0.918782 747.387 133.128 0.828919 729.779 168.259 0.781865 727.887 197.621 0.837305 802.2 150.714 0.865783 788.481 195.633 0.81971 759.083 213.306 0.573226 741.462 209.345 0.712133 714.157 240.655 0.357611 706.3 281.748 0.23841 772.888 217.178 0.720344 774.717 258.264 0.801986 772.851 311.066 0.755291 759.057 121.322 0.273051 763.048 125.243 0.578352 0 0 0 782.623 121.331 0.815618 0
6 111 433 757.192 133.008 0.488808 770.898 146.74 0.90796 741.516 136.943 0.837492 725.831 176.118 0.713395 725.937 199.585 0.752441 798.248 152.622 0.832436 784.577 199.605 0.700368 745.446 219.11 0.594997 733.7 221.062 0.594568 714.161 244.566 0.210643 708.227 287.633 0.140476 770.895 228.891 0.630911 772.831 258.335 0.497686 772.73 316.895 0.464963 757.24 125.209 0.275085 761.101 130.98 0.480062 0 0 0 776.771 125.195 0.71919 0
6 111 434 753.233 133.144 0.623391 768.88 146.772 0.843375 739.548 140.885 0.746493 720.007 179.948 0.492637 723.952 205.442 0.537536 794.335 150.634 0.83463 782.631 195.71 0.568839 743.422 223.022 0.527851 727.872 234.782 0.530641 710.23 289.549 0.159185 712.203 336.521 0.0527681 770.852 244.563 0.573541 761.058 315 0.270227 0 0 0 751.288 129.14 0.319705 759.058 131.1 0.698491 0 0 0 774.792 129.068 0.835456 0
6 111 435 745.443 133.054 0.593911 761.055 148.721 0.838567 733.668 144.805 0.742203 718.026 180.071 0.519218 723.89 209.335 0.557652 790.419 154.549 0.831879 778.691 195.699 0.330542 741.596 225.027 0.429619 725.91 240.67 0.561206 712.135 305.223 0.183154 0 0 0 768.925 252.377 0.55476 759.074 322.827 0.251808 0 0 0 743.564 125.228 0.297629 755.227 131.052 0.642552 0 0 0 772.85 129.152 0.836149 0
6 111 436 751.303 133.148 0.450807 757.135 148.797 0.867753 727.741 148.697 0.822197 712.227 189.806 0.574392 718.043 211.384 0.534728 788.369 150.732 0.822678 776.714 193.735 0.559929 741.582 225.04 0.627246 725.898 236.72 0.557234 712.112 258.27 0.141021 716.054 307.167 0.0729801 765.031 242.605 0.554176 757.24 313.03 0.266955 757.119 322.86 0.0517453 749.335 129.159 0.417717 757.209 131.08 0.494853 753.265 121.301 0.144184 770.856 129.111 0.604279 0
6 111 437 741.466 138.925 0.566897 757.073 148.663 0.899604 725.892 146.715 0.855683 712.241 183.887 0.714805 714.18 211.268 0.709901 784.536 150.643 0.839066 774.844 195.656 0.707981 743.552 225.011 0.709147 725.894 226.954 0.640167 708.242 252.429 0.267597 698.508 301.317 0.173141 761.123 234.769 0.626644 759.057 277.849 0.326582 759.149 322.821 0.219958 741.403 131.157 0.340232 743.571 133.053 0.603162 0 0 0 759.238 131.043 0.822883 0
6 111 438 737.599 138.916 0.508557 751.317 148.67 0.851092 723.844 146.785 0.85203 712.109 189.748 0.801899 714.155 213.341 0.727811 778.69 148.722 0.850837 776.757 193.653 0.740557 745.471 224.925 0.702032 727.768 226.967 0.678172 710.223 246.548 0.154316 0 0 0 764.977 230.862 0.641726 761.133 273.934 0.333446 759.18 318.928 0.171399 737.572 131.147 0.334543 743.452 133.052 0.543944 0 0 0 757.265 131.061 0.81383 0
6 111 439 731.718 138.901 0.455768 745.51 148.638 0.840491 719.981 148.663 0.820966 710.199 189.749 0.818378 710.299 224.907 0.768709 774.841 146.786 0.901682 776.773 189.755 0.753408 749.367 221.067 0.650293 727.803 225.025 0.724471 712.114 256.246 0.155803 0 0 0 761.131 226.91 0.713742 763.099 269.937 0.536372 765.024 315.004 0.363526 731.728 131.155 0.242311 737.619 133.036 0.488239 0 0 0 753.29 131.022 0.777503 0
6 111 440 737.638 142.816 0.323588 741.605 148.673 0.916075 712.204 150.642 0.854845 710.12 193.612 0.794614 710.192 226.923 0.745931 772.796 146.698 0.919493 774.878 187.801 0.806914 749.362 219.131 0.783193 725.842 225.041 0.749072 698.559 262.179 0.322169 688.709 301.302 0.0984306 759.233 224.919 0.745086 766.924 264.16 0.640449 764.97 315.01 0.432032 735.649 133.074 0.283618 741.484 133.095 0.337433 741.431 131.105 0.319199 745.451 131.104 0.510606 0
6 111 441 725.814 146.627 0.600344 741.443 148.671 0.902605 710.222 148.756 0.878505 704.308 193.604 0.699654 710.114 226.975 0.712996 770.811 146.785 0.877234 774.826 183.915 0.796541 755.221 215.274 0.767212 718.049 228.947 0.647115 698.541 271.95 0.18347 0 0 0 757.207 228.925 0.679257 759.135 260.241 0.561304 761.067 314.978 0.396598 723.856 136.935 0.327507 727.841 135.059 0.577813 0 0 0 743.468 131.094 0.841939 0
6 111 442 723.903 146.722 0.65237 737.576 148.696 0.874162 708.213 150.643 0.857184 698.455 193.722 0.768769 702.39 230.841 0.733796 763.087 146.807 0.847432 774.749 183.945 0.852615 757.179 221.069 0.898195 712.112 238.698 0.781177 700.451 289.551 0.408925 708.209 322.831 0.19364 745.429 240.596 0.731279 749.363 287.627 0.487908 757.133 332.573 0.317445 718.055 140.835 0.416621 727.75 138.903 0.608751 0 0 0 741.516 131.115 0.836109 0
6 111 443 718.046 146.81 0.633149 733.731 148.784 0.859496 708.214 158.442 0.845861 698.535 195.659 0.843161 698.468 232.825 0.865338 761.062 146.748 0.893422 774.781 182.009 0.856727 763.02 223.012 0.845522 725.869 228.882 0.794485 727.825 283.701 0.476011 727.822 320.874 0.219885 759.154 226.954 0.821154 759.203 273.977 0.769134 759.096 324.816 0.576033 712.268 142.82 0.352501 721.985 140.896 0.589378 0 0 0 735.682 131.146 0.815909 0
6 111 444 716.066 146.775 0.656805 727.926 148.781 0.862248 702.406 156.552 0.794319 696.559 195.642 0.799157 696.55 232.81 0.794971 757.221 146.693 0.864042 774.732 179.939 0.858883 768.924 221.081 0.851056 718.042 228.97 0.716248 725.83 285.643 0.360282 729.888 318.926 0.11985 753.279 228.914 0.765294 759.111 275.842 0.621464 759.177 322.883 0.413956 712.147 140.83 0.385091 720.027 140.852 0.595858 0 0 0 731.708 131.164 0.765205 1
6 111 445 712.18 148.724 0.719375 727.873 148.784 0.877736 700.474 158.49 0.824547 696.446 195.633 0.891346 696.441 236.745 0.892345 757.138 146.694 0.849507 774.747 178.069 0.878795 772.905 219.099 0.917306 725.762 227.037 0.801674 725.881 285.609 0.671038 729.808 320.881 0.3278 759.073 225 0.83419 772.718 270 0.773695 768.93 318.882 0.643033 710.136 144.776 0.359179 714.128 146.63 0.690931 0 0 0 727.881 133.153 0.854075 1
6 111 446 712.157 148.786 0.738504 725.926 150.696 0.896019 696.578 162.373 0.901563 694.636 197.677 0.851063 694.534 238.675 0.873721 755.145 144.792 0.824915 774.838 176.065 0.876697 774.873 215.229 0.909356 725.826 227.037 0.834952 725.781 285.646 0.688202 725.832 320.826 0.387002 759.199 224.897 0.826904 772.797 268.059 0.81744 772.735 316.988 0.749419 706.326 146.714 0.516612 712.271 146.626 0.717896 0 0 0 727.765 133.153 0.848637 1
6 111 447 710.269 156.541 0.645761 725.822 150.646 0.919703 696.438 162.38 0.910062 694.542 201.537 0.856208 692.606 242.629 0.885391 753.216 144.739 0.844201 774.813 176.066 0.892285 778.678 213.317 0.900183 725.825 227.039 0.800299 721.942 283.713 0.517806 723.884 314.983 0.402732 759.21 223.039 0.811295 772.829 266.056 0.732066 774.739 309.165 0.668476 704.374 150.627 0.397091 712.186 148.664 0.66065 0 0 0 725.888 136.928 0.806655 1
6 111 448 710.197 160.395 0.67796 723.923 150.643 0.884384 694.554 162.369 0.882437 694.458 201.494 0.819324 692.521 242.566 0.838748 749.346 144.765 0.838393 772.906 174.135 0.875529 782.596 211.285 0.898808 725.854 226.915 0.810061 720.006 277.847 0.592203 714.135 320.849 0.433767 759.243 219.146 0.781909 772.85 270.031 0.811164 772.771 318.868 0.684968 700.458 152.635 0.37973 710.252 148.781 0.658481 0 0 0 725.772 140.86 0.763658 1
6 111 449 710.152 162.378 0.644017 723.919 152.572 0.873735 694.563 164.287 0.882143 692.528 203.471 0.805477 684.817 242.695 0.859009 747.43 144.756 0.828871 774.803 174.114 0.892837 786.562 209.345 0.956091 725.869 224.998 0.788783 714.19 272.001 0.589537 716.116 318.874 0.492391 761.07 213.324 0.7687 772.837 269.946 0.801745 772.825 318.86 0.697839 700.429 160.39 0.362931 710.221 152.621 0.595985 0 0 0 723.921 144.727 0.724084 1
6 111 450 708.226 162.461 0.691914 723.837 152.632 0.859922 694.472 164.349 0.874059 686.748 207.354 0.806669 680.944 246.527 0.891104 747.381 144.814 0.843439 774.779 174.093 0.895675 788.454 207.333 0.93759 725.841 224.965 0.800378 712.219 271.886 0.642544 712.206 318.855 0.601135 761.117 213.294 0.751576 772.868 264.151 0.794217 772.844 313.03 0.729247 698.467 160.415 0.447629 710.167 154.618 0.641387 0 0 0 723.86 144.792 0.743702 1
6 111 451 710.148 164.264 0.732918 721.935 152.647 0.841409 692.579 164.404 0.855667 682.841 209.274 0.818869 680.87 248.459 0.85486 745.507 144.786 0.842141 774.777 170.244 0.88629 788.559 205.392 0.941405 725.942 224.967 0.821604 718.05 273.909 0.668476 712.121 320.868 0.407415 761.146 213.257 0.748368 772.898 268.03 0.757389 774.73 316.914 0.62553 698.526 162.322 0.524384 710.239 156.522 0.679256 0 0 0 723.837 144.777 0.719739 1
6 111 452 706.317 164.279 0.710666 720.013 154.58 0.83121 692.582 166.285 0.860457 682.805 209.349 0.869134 678.889 248.496 0.863292 745.471 144.819 0.840377 774.821 170.208 0.873619 790.374 199.607 0.940133 725.897 224.918 0.768281 721.93 271.918 0.529937 714.102 314.974 0.308107 761.116 211.339 0.759571 772.899 264.107 0.762003 772.911 309.125 0.69737 696.589 162.308 0.525138 708.29 158.438 0.654162 0 0 0 720.013 146.644 0.697941 1
6 111 453 708.244 164.344 0.713773 720.037 156.5 0.828261 692.616 166.327 0.844561 680.961 209.317 0.841783 676.93 248.483 0.823034 745.466 146.637 0.836411 774.836 170.201 0.861163 790.4 197.665 0.953198 725.901 224.986 0.788805 714.111 273.901 0.600955 708.29 318.929 0.395926 761.158 213.247 0.731469 774.785 260.264 0.756608 776.756 303.294 0.679821 698.476 162.398 0.55688 710.174 160.366 0.674525 0 0 0 721.927 146.722 0.70607 1
6 111 454 710.161 166.344 0.69263 721.921 158.485 0.841647 692.598 168.239 0.862179 680.81 209.324 0.887455 667.246 250.448 0.822286 745.511 146.737 0.848791 774.872 166.361 0.83567 790.374 195.722 0.999903 725.867 223.013 0.745729 714.142 270.02 0.598633 712.174 315.026 0.327251 761.054 211.264 0.778467 774.759 256.311 0.792748 778.671 303.174 0.690193 700.435 164.369 0.534253 710.233 162.381 0.706048 0 0 0 721.977 148.694 0.720908 1
6 111 455 708.295 166.354 0.716762 721.927 158.507 0.84419 692.604 168.258 0.850134 678.981 209.242 0.863333 665.317 246.564 0.863755 747.384 146.753 0.824076 774.885 166.328 0.828739 790.372 195.702 0.982709 725.756 221.079 0.682043 712.206 264.149 0.495749 712.17 314.992 0.335634 759.232 209.339 0.759206 774.696 250.427 0.722406 778.693 295.436 0.712642 698.543 164.348 0.595031 710.252 162.387 0.729431 0 0 0 723.89 148.754 0.735286 1
6 111 456 710.26 168.224 0.640591 721.945 158.474 0.842313 692.613 168.242 0.836802 678.919 207.325 0.827959 665.171 244.563 0.902357 747.369 146.724 0.838451 774.78 164.352 0.847481 788.548 193.741 0.969271 725.82 219.152 0.681649 714.14 266.071 0.516688 714.136 316.951 0.289533 761.065 209.305 0.759633 774.709 244.549 0.72165 778.703 289.637 0.778799 704.333 164.396 0.495748 712.173 162.419 0.639307 700.46 160.444 0.120392 723.945 148.738 0.659346 1
6 111 457 712.144 166.283 0.633565 723.863 158.47 0.84592 694.481 168.252 0.822724 678.897 205.457 0.801303 663.335 242.698 0.876891 747.432 146.731 0.831371 774.79 164.27 0.864897 788.537 193.623 0.973826 725.873 222.993 0.72383 712.216 262.205 0.63106 718.067 316.906 0.426472 761.146 211.257 0.751756 774.834 250.419 0.743648 780.676 293.486 0.770225 706.282 164.309 0.48912 712.251 162.32 0.601622 700.417 162.347 0.14103 725.843 148.668 0.650058 1
6 111 458 712.14 164.391 0.648823 723.895 156.554 0.816992 692.641 166.352 0.796896 678.894 207.328 0.785381 665.145 242.69 0.880556 749.377 146.733 0.80131 774.749 162.449 0.832925 788.51 191.746 0.933841 725.807 219.145 0.66671 712.157 258.302 0.44144 714.107 315.011 0.269281 761.111 209.336 0.733559 774.864 244.585 0.721209 782.583 291.556 0.789361 706.255 162.413 0.501084 714.118 160.423 0.595455 698.496 162.317 0.159699 725.933 148.672 0.652745 1
6 111 459 714.165 164.327 0.525346 725.843 154.552 0.786574 694.61 164.414 0.75054 678.906 201.542 0.740084 665.201 242.617 0.858416 751.336 146.704 0.772596 774.764 164.318 0.77136 788.491 193.629 0.879458 725.921 215.236 0.581891 714.186 256.345 0.360706 714.161 314.984 0.21462 761.081 209.296 0.68065 774.878 244.585 0.661542 784.521 289.594 0.762943 710.174 162.329 0.413939 716.129 158.491 0.472486 702.424 160.431 0.153396 727.842 146.757 0.498339 1
6 111 460 0 0 0 735.681 146.755 0.783088 759.093 144.741 0.800904 776.767 168.3 0.715891 788.473 195.609 0.888954 710.164 148.727 0.604954 680.786 195.658 0.625564 665.284 240.727 0.726 764.98 209.387 0.65753 774.831 242.683 0.715127 782.591 287.555 0.747268 727.914 213.238 0.635178 725.864 262.168 0.538163 719.993 318.847 0.323311 0 0 0 0 0 0 753.268 129.08 0.478234 733.665 131.108 0.19464 1
6 111 461 0 0 0 741.459 144.778 0.866615 761.096 142.853 0.808786 778.689 172.168 0.755336 788.45 195.682 0.908754 712.231 146.741 0.709737 680.939 195.671 0.723289 667.245 242.567 0.826968 765.034 211.242 0.686307 774.852 244.532 0.776566 782.577 287.573 0.798692 729.749 211.341 0.727621 723.88 262.208 0.666918 714.122 316.97 0.485607 0 0 0 0 0 0 757.107 123.277 0.600095 737.605 121.365 0.258673 1
6 111 462 0 0 0 739.557 146.687 0.848162 761.091 142.83 0.776284 776.791 170.23 0.704922 788.42 195.701 0.894815 712.144 148.721 0.695338 684.792 195.711 0.669945 673.065 240.702 0.777181 765.021 209.405 0.667263 774.873 244.564 0.774301 778.705 287.548 0.772837 727.87 211.371 0.6951 725.785 264.122 0.597416 714.125 316.907 0.378616 0 0 0 0 0 0 753.267 129.081 0.426059 727.893 131.116 0.22163 1
6 111 463 0 0 0 741.453 146.654 0.85203 763.065 142.823 0.757242 778.712 176.05 0.66301 788.419 197.576 0.843487 712.147 146.802 0.746385 692.6 193.673 0.702199 678.94 240.701 0.782807 765.009 211.273 0.648044 774.817 242.676 0.763939 776.805 287.638 0.73826 727.886 211.371 0.611127 729.781 258.282 0.272758 725.823 291.573 0.159349 0 0 0 0 0 0 755.176 127.168 0.42713 727.898 131.038 0.214251 1
6 111 464 0 0 0 741.587 140.866 0.815036 768.863 138.906 0.703959 780.622 176.065 0.600985 788.437 197.644 0.790694 714.12 144.771 0.68992 694.547 193.638 0.716246 680.918 240.618 0.776727 765.027 207.404 0.627148 774.785 242.541 0.804101 774.884 285.687 0.753665 727.894 209.32 0.523707 727.883 256.276 0.18289 723.915 291.527 0.116722 0 0 0 0 0 0 757.058 121.339 0.264474 729.848 125.231 0.136449 1
6 111 465 0 0 0 741.574 144.797 0.878471 768.871 138.946 0.773001 778.711 168.254 0.688427 788.382 195.709 0.938254 714.099 148.687 0.815988 696.498 191.709 0.835863 686.733 236.717 0.84334 770.806 209.281 0.694225 774.871 244.565 0.84299 774.787 287.656 0.855822 735.651 211.259 0.688783 725.844 258.29 0.682697 710.299 309.127 0.481985 0 0 0 0 0 0 753.272 127.138 0.407682 727.853 131.03 0.297914 1
6 111 466 0 0 0 743.457 146.672 0.848826 772.749 142.81 0.783085 782.604 172.159 0.607022 788.405 195.747 0.897805 714.148 148.723 0.780531 696.612 193.63 0.829141 694.611 234.774 0.841411 770.89 209.261 0.720637 776.782 244.547 0.813233 774.703 287.674 0.802065 739.522 209.402 0.676807 727.807 256.308 0.617418 712.226 303.316 0.40301 0 0 0 0 0 0 755.189 127.152 0.280379 727.844 131.107 0.246477 1
6 111 467 0 0 0 743.443 140.876 0.830641 772.749 135.069 0.796327 782.589 166.333 0.626919 788.371 195.669 0.896824 714.127 146.711 0.777598 702.384 191.707 0.786579 696.61 234.786 0.852583 770.861 207.419 0.715857 776.789 242.621 0.86626 772.815 287.634 0.832241 739.533 211.262 0.665834 741.435 240.658 0.259546 741.542 275.888 0.104803 0 0 0 0 0 0 757.091 123.266 0.277093 727.929 127.167 0.183465 1
6 111 468 0 0 0 747.398 144.757 0.72458 774.735 136.96 0.73327 784.599 166.346 0.501849 788.394 195.705 0.781675 723.925 146.808 0.66833 710.169 191.719 0.573696 708.283 228.927 0.577346 772.781 209.323 0.669721 782.569 244.548 0.74384 772.794 289.495 0.754768 741.47 211.314 0.604024 729.771 260.22 0.394234 712.212 301.288 0.199429 0 0 0 0 0 0 759.056 121.35 0.149912 739.582 131.032 0.129857 1
6 111 469 0 0 0 755.181 138.94 0.816964 774.905 136.932 0.767284 786.544 164.397 0.567149 788.533 195.588 0.812878 727.752 144.806 0.811485 712.179 187.818 0.736949 710.31 228.88 0.792177 772.862 209.393 0.728071 778.735 244.536 0.784428 772.746 289.535 0.816026 741.514 211.366 0.752209 727.836 258.303 0.639306 714.19 299.337 0.447778 0 0 0 0 0 0 761.101 119.382 0.239178 741.454 123.246 0.286256 1
6 111 471 0 0 0 761.071 148.659 0.782677 784.527 150.656 0.67116 788.551 181.943 0.529765 790.471 195.669 0.665009 741.518 146.685 0.698599 727.773 174.122 0.134502 0 0 0 772.858 211.32 0.690212 786.553 242.636 0.845359 772.795 289.567 0.861763 743.566 211.267 0.678291 741.517 250.408 0.673073 719.988 287.639 0.646646 0 0 0 0 0 0 776.703 131.147 0.253921 757.161 129.136 0.0995514 1
6 111 472 778.708 140.862 0.12949 770.815 148.639 0.613666 745.504 148.642 0.55267 735.649 178.084 0.309876 727.732 225.041 0.204458 788.477 148.636 0.604128 790.491 174.156 0.473869 794.332 193.692 0.579115 755.224 211.259 0.587906 741.534 250.434 0.392265 723.93 275.902 0.303058 778.699 209.402 0.637415 788.503 244.622 0.705073 774.753 287.645 0.702608 774.764 133.069 0.138984 780.626 135.049 0.0945925 766.977 131.134 0.210412 778.694 131.073 0.0685195 1
6 111 473 788.493 144.718 0.64184 770.86 146.703 0.8431 743.571 148.761 0.849647 729.803 191.757 0.83025 729.828 228.921 0.881652 790.43 144.708 0.76615 794.313 164.347 0.707301 798.228 191.764 0.811062 755.219 213.303 0.76195 733.704 264.103 0.737579 712.25 309.161 0.677811 786.472 211.317 0.768815 788.543 250.425 0.781731 772.896 291.524 0.776626 786.524 135.075 0.603213 790.454 135.012 0.286541 772.764 133.018 0.660179 0 0 0 1
6 111 474 788.51 142.786 0.702504 772.836 146.646 0.896911 751.327 148.727 0.840649 739.524 191.703 0.814168 741.432 227.001 0.906443 792.357 142.794 0.733067 794.354 166.28 0.625187 802.108 193.588 0.803062 757.219 213.29 0.784207 741.521 260.191 0.740117 723.852 297.398 0.546218 788.399 211.319 0.786532 790.365 246.558 0.764116 774.788 289.521 0.792713 786.51 134.964 0.698576 790.437 133.107 0.419176 772.853 131.049 0.735237 0 0 0 1
6 111 475 794.382 140.851 0.505695 772.862 146.634 0.863317 757.186 148.634 0.861085 743.471 189.788 0.836351 743.534 226.924 0.885174 790.408 142.793 0.67097 792.38 164.382 0.441617 804.077 191.77 0.66898 763.021 215.191 0.720257 743.506 258.215 0.698919 725.957 287.656 0.665443 788.56 211.343 0.775664 790.358 250.424 0.767185 774.854 287.657 0.764192 792.428 133.125 0.547461 0 0 0 778.739 130.982 0.708239 0 0 0 1
6 111 476 802.133 132.995 0.695683 774.831 140.887 0.812082 761.132 146.668 0.823026 747.375 185.878 0.749086 753.245 224.991 0.867268 790.428 136.931 0.699933 792.41 164.313 0.395958 804.147 189.798 0.610107 763.07 211.234 0.71541 751.281 252.384 0.616653 727.757 287.65 0.683763 788.435 209.296 0.751167 788.542 250.421 0.751473 774.773 289.582 0.666602 796.345 130.979 0.675696 0 0 0 786.505 121.354 0.742617 0 0 0 1
6 111 477 806.011 130.988 0.61478 778.746 138.897 0.77053 770.799 144.759 0.794874 757.098 181.988 0.811016 757.098 224.955 0.896752 792.379 134.973 0.726443 792.472 170.214 0.241025 804.197 193.636 0.466001 770.811 211.357 0.75602 755.229 258.28 0.727957 731.742 301.329 0.654779 788.532 211.28 0.783434 786.524 258.316 0.709666 761.125 307.202 0.489703 804.077 123.237 0.599464 0 0 0 788.558 117.454 0.851417 0 0 0 1
6 111 478 815.84 127.17 0.57717 786.452 135.06 0.75091 772.762 140.869 0.759108 759.168 181.957 0.798565 761.158 224.96 0.864002 798.251 133.045 0.67183 809.973 117.427 0.0556784 0 0 0 772.861 217.189 0.758912 757.119 270.019 0.646419 737.632 318.882 0.478392 790.445 215.218 0.73492 782.586 272.013 0.588386 757.201 328.667 0.432263 810.022 119.356 0.62167 0 0 0 792.475 117.372 0.922906 0 0 0 1
6 111 479 817.763 127.141 0.679392 788.39 133.106 0.778709 776.715 136.944 0.780588 764.98 180.044 0.746873 770.807 222.992 0.815942 796.311 131.116 0.664435 819.777 119.35 0.124701 0 0 0 774.756 217.171 0.747159 759.185 271.855 0.677268 741.586 316.934 0.535015 790.44 215.24 0.720556 776.784 272.015 0.604967 759.086 328.701 0.516477 813.893 119.321 0.714218 0 0 0 800.222 115.515 0.876628 0 0 0 1
6 111 480 819.757 123.225 0.737753 790.395 133.018 0.819104 784.54 135.002 0.807102 772.748 180.039 0.816689 774.771 222.966 0.837211 802.132 131.144 0.71091 806.139 131.067 0.0507968 0 0 0 776.729 215.183 0.754516 765.022 268.007 0.716188 743.41 309.138 0.632374 790.488 213.231 0.723388 776.792 269.986 0.645954 759.117 318.922 0.534137 817.835 117.375 0.78308 0 0 0 804.128 115.345 0.943851 0 0 0 1
6 111 481 821.718 121.313 0.738156 790.474 131.173 0.802275 782.627 133.077 0.77642 774.749 178.089 0.745093 780.666 215.25 0.779789 804.108 131.143 0.720695 798.295 176.041 0.138909 806.094 195.677 0.210918 774.83 211.336 0.763728 770.821 260.262 0.717827 747.432 305.299 0.612844 790.516 211.291 0.707317 782.596 262.225 0.638754 759.21 307.181 0.548628 819.832 117.31 0.804922 0 0 0 806.001 113.466 0.928583 0 0 0 1
6 111 482 823.708 119.405 0.733929 792.455 131.066 0.706638 788.537 133.026 0.786377 784.567 176.073 0.727654 788.534 211.359 0.863156 804.057 130.995 0.658253 804.096 172.182 0.116348 805.966 197.661 0.152258 776.709 209.344 0.783105 774.801 258.277 0.841573 759.175 305.19 0.76685 788.515 209.304 0.65999 782.618 258.308 0.694717 766.954 303.192 0.599274 821.831 115.501 0.799316 0 0 0 808.062 113.416 0.877374 0 0 0 1
6 111 483 829.579 119.34 0.698756 794.361 131.039 0.682292 796.29 134.979 0.735866 790.425 178.075 0.713565 792.453 213.268 0.811822 796.278 123.283 0.565829 804.147 172.143 0.0776423 0 0 0 778.707 211.366 0.712577 778.674 269.95 0.707125 761.09 318.948 0.622222 776.792 211.239 0.579181 772.856 264.13 0.492147 759.164 316.927 0.400981 827.594 115.443 0.760549 0 0 0 813.899 111.556 0.841447 0 0 0 1
6 111 484 835.389 117.304 0.780342 802.168 129.154 0.707086 802.162 133.025 0.820643 790.518 177.984 0.749658 798.265 211.347 0.813667 802.171 121.328 0.584049 806.085 170.17 0.0621875 0 0 0 784.563 211.264 0.682585 782.58 260.267 0.632075 770.818 305.262 0.34948 786.522 209.349 0.567906 780.628 258.285 0.47206 768.925 299.33 0.22932 833.429 113.411 0.760236 0 0 0 819.682 107.643 0.862871 0 0 0 1
6 111 485 837.312 117.416 0.817699 804.016 129.07 0.737801 804.205 133.004 0.772248 804.129 176.045 0.750259 804.125 211.253 0.865521 796.336 119.334 0.62759 808.051 162.324 0.06217 0 0 0 790.41 207.418 0.721448 790.368 258.236 0.672236 772.75 301.273 0.410119 788.433 203.516 0.559436 778.729 254.348 0.467113 768.894 293.475 0.283278 835.404 113.511 0.820056 0 0 0 821.651 109.53 0.89802 0 0 0 1
6 111 486 841.287 117.299 0.825226 804.201 127.204 0.776951 808.01 133.064 0.795142 804.103 176.047 0.746835 804.157 209.337 0.807603 802.115 119.329 0.637774 0 0 0 0 0 0 792.422 203.472 0.719569 796.303 254.31 0.673841 776.772 289.644 0.49439 788.476 197.604 0.63225 782.584 242.669 0.590787 770.842 287.62 0.50513 837.448 113.401 0.819114 0 0 0 821.853 109.529 0.880004 0 0 0 1
6 111 487 843.29 117.342 0.808404 806.106 125.253 0.717754 808.087 133.02 0.76925 798.291 178.038 0.764087 806.042 211.356 0.846767 804.152 117.439 0.610362 0 0 0 0 0 0 798.293 207.411 0.672364 806.152 258.299 0.613771 802.198 303.203 0.287926 790.516 205.424 0.584831 776.827 250.423 0.619369 770.898 289.595 0.589507 841.295 113.432 0.796423 0 0 0 825.704 105.694 0.83717 0 0 0 1
6 111 488 849.086 115.487 0.792463 810.007 127.132 0.692414 813.914 133.054 0.773572 800.213 178.088 0.786254 809.977 211.349 0.860307 808.044 117.394 0.653125 0 0 0 0 0 0 802.184 211.257 0.694105 815.842 264.135 0.589845 804.174 305.255 0.249574 792.396 209.286 0.608134 776.822 256.225 0.66647 770.841 293.472 0.55734 845.222 111.523 0.761957 0 0 0 833.488 105.7 0.845375 0 0 0 1
6 111 489 851.057 115.526 0.863757 813.943 127.193 0.691027 817.798 133.007 0.815703 806.018 177.97 0.799453 815.824 209.411 0.836197 810.022 119.315 0.619163 817.824 166.281 0.0700019 0 0 0 804.191 207.419 0.734015 819.836 258.319 0.699067 813.914 305.176 0.336018 798.234 205.405 0.570803 784.586 250.425 0.711929 770.883 291.557 0.675942 849.13 111.539 0.826142 0 0 0 835.417 107.595 0.877337 0 0 0 1
6 111 490 853.1 117.32 0.863741 819.701 129.067 0.74867 819.744 133.002 0.826596 813.916 176.071 0.708661 819.766 209.357 0.825024 817.775 119.353 0.619095 821.716 162.401 0.0732354 835.298 197.629 0.0876941 804.105 205.392 0.732146 788.482 244.592 0.750538 772.788 289.527 0.756934 808.075 203.46 0.610593 821.704 254.309 0.558609 819.771 289.519 0.230287 851.16 111.553 0.842967 0 0 0 837.368 109.555 0.902076 0 0 0 1
6 111 491 855.007 117.353 0.829992 819.744 130.989 0.817047 821.804 135.031 0.768758 821.82 179.94 0.790163 825.639 211.387 0.774959 810.02 121.295 0.68942 0 0 0 0 0 0 811.975 209.331 0.73387 835.393 258.254 0.759547 823.719 303.23 0.332676 800.213 205.451 0.657888 790.35 248.453 0.837517 774.714 289.628 0.764032 853.085 113.436 0.821571 0 0 0 839.379 109.575 0.868566 0 0 0 1
6 111 492 860.847 117.344 0.806563 821.799 129.082 0.774773 827.599 133.062 0.764796 823.752 178.07 0.745598 833.413 211.366 0.784728 819.714 119.359 0.691825 815.867 150.696 0.0584956 0 0 0 817.833 209.311 0.741855 835.464 256.286 0.745317 819.741 301.324 0.350957 804.055 203.474 0.64916 792.385 246.497 0.811555 774.805 289.618 0.756726 858.886 113.443 0.791837 0 0 0 849.054 107.65 0.828189 0 0 0 1
6 111 493 866.626 117.309 0.752442 825.68 127.158 0.700227 831.483 133.038 0.741836 825.661 178.093 0.625842 835.432 211.232 0.739336 821.812 117.422 0.662832 849.131 115.414 0.0974191 0 0 0 819.852 207.389 0.711989 831.534 256.247 0.5694 811.958 297.382 0.265472 811.977 203.461 0.554182 802.141 242.703 0.624159 776.718 289.505 0.621326 864.708 113.411 0.742051 0 0 0 851.053 109.562 0.868336 0 0 0 0
6 111 494 868.632 117.322 0.829126 833.411 125.215 0.738427 835.361 133.004 0.770429 831.549 177.983 0.72766 837.466 209.347 0.808781 825.699 117.387 0.688166 849.16 117.378 0.0840193 0 0 0 821.821 205.394 0.721895 835.365 254.34 0.67882 817.803 299.342 0.36816 817.787 197.651 0.603959 806.103 240.721 0.796394 776.781 287.592 0.73409 866.72 113.413 0.817091 0 0 0 853.002 109.558 0.900472 0 0 0 0
6 111 495 870.714 117.325 0.825059 835.407 123.271 0.818769 837.495 133.033 0.750744 843.239 177.99 0.650947 851.025 207.428 0.774572 825.665 115.472 0.759812 851.158 117.388 0.160315 0 0 0 831.47 203.475 0.692695 833.441 254.306 0.655071 796.306 289.618 0.399211 817.839 195.729 0.677414 810.031 242.54 0.755767 780.671 287.526 0.750239 868.758 111.557 0.82126 0 0 0 855.014 107.594 0.867515 0 0 0 0
6 111 496 876.535 115.422 0.732302 837.449 121.313 0.775029 845.255 131.112 0.72798 851.077 178.038 0.645695 853.088 209.315 0.749282 833.45 115.422 0.723372 835.43 146.777 0.06024 0 0 0 833.45 197.626 0.721884 827.645 240.716 0.6862 788.443 275.868 0.736079 821.793 195.614 0.617211 825.673 238.721 0.538177 792.447 275.85 0.415497 874.561 109.55 0.724017 0 0 0 864.75 105.637 0.857881 0 0 0 0
6 111 497 882.362 115.364 0.811885 843.266 123.284 0.750478 851.054 136.937 0.751751 853.035 178.09 0.645438 860.864 207.345 0.709835 837.353 115.378 0.76333 855.054 117.323 0.110522 0 0 0 837.337 195.744 0.750348 837.461 238.708 0.766076 792.372 273.854 0.802811 829.551 193.731 0.612109 837.337 232.834 0.481809 804.177 273.907 0.315899 880.442 107.586 0.79304 0 0 0 866.754 105.67 0.885977 0 0 0 0
6 111 498 884.289 115.419 0.796828 849.087 121.343 0.773249 853.003 133.02 0.741737 854.96 176.104 0.706916 864.802 207.345 0.768579 839.329 115.381 0.775543 862.858 117.308 0.0936458 0 0 0 839.34 197.645 0.724818 837.481 240.634 0.648408 804.047 271.876 0.507602 833.501 195.608 0.612273 835.406 236.713 0.457696 806.149 271.952 0.343594 882.431 107.65 0.781693 0 0 0 868.779 105.63 0.89331 0 0 0 0
6 111 499 888.269 115.389 0.839836 851.167 119.398 0.805688 856.997 131.063 0.691133 860.83 174.127 0.639094 868.634 205.396 0.696783 843.268 113.471 0.738769 0 0 0 0 0 0 845.225 195.584 0.750639 849.141 238.681 0.702137 810.038 266.054 0.554434 837.374 193.614 0.645731 845.194 232.843 0.539606 817.79 266.089 0.465316 886.325 107.592 0.809052 0 0 0 872.634 103.722 0.851356 0 0 0 0
6 111 500 896.035 113.518 0.785189 854.992 119.395 0.710644 853.131 121.366 0.721201 851.088 174.102 0.660819 868.717 205.462 0.651416 853.044 115.373 0.647501 864.816 170.185 0.0980835 882.318 195.657 0.131899 851.088 203.499 0.684027 853.033 246.516 0.489652 823.708 287.644 0.238359 851.022 199.572 0.558437 839.333 242.633 0.44724 815.872 283.717 0.268926 894.113 105.638 0.776419 0 0 0 880.463 103.686 0.863769 0 0 0 0
6 111 501 898.094 115.332 0.811201 860.866 121.284 0.691696 860.844 127.187 0.67797 854.999 176.034 0.64297 878.486 207.338 0.632149 856.997 115.397 0.643909 866.699 166.304 0.111744 882.443 189.793 0.11585 853.06 207.382 0.680697 849.082 256.35 0.485734 819.755 301.335 0.198312 853.108 203.491 0.545153 841.349 254.335 0.311373 821.712 295.445 0.146973 898.002 105.641 0.815477 0 0 0 884.263 103.68 0.902165 0 0 0 0
6 111 502 901.937 113.491 0.735126 866.647 119.341 0.769801 868.627 127.193 0.667023 856.98 174.117 0.659832 882.371 205.44 0.729077 856.999 113.47 0.718627 0 0 0 0 0 0 854.98 207.344 0.661963 849.124 256.336 0.464042 815.86 305.188 0.17823 851.16 201.497 0.531362 841.342 254.316 0.288884 819.748 299.351 0.122951 900.032 103.768 0.780236 0 0 0 886.286 103.718 0.897156 0 0 0 0
6 111 503 907.848 115.322 0.694866 868.678 119.364 0.764361 876.521 131.044 0.654933 864.745 177.966 0.624333 886.281 207.335 0.724224 860.898 113.449 0.697806 0 0 0 0 0 0 856.982 207.415 0.594879 849.121 258.212 0.353745 815.846 305.185 0.148107 853.026 203.49 0.474265 841.352 254.357 0.2173 819.749 301.298 0.092587 905.902 105.663 0.726056 0 0 0 896.042 103.72 0.85178 0 0 0 0
6 111 504 913.648 115.382 0.810935 872.595 119.414 0.677838 874.529 125.235 0.686268 866.691 176.106 0.649681 894.11 207.376 0.672936 868.734 115.425 0.652465 868.718 162.344 0.0663537 0 0 0 866.648 209.403 0.630606 847.148 260.257 0.301339 806.078 315.004 0.104636 866.66 209.29 0.51184 843.307 258.298 0.189512 819.81 307.188 0.0741889 913.586 105.7 0.802415 0 0 0 898.071 103.688 0.890707 0 0 0 0
6 111 505 915.677 115.361 0.757421 880.357 119.422 0.737484 882.415 131.063 0.676033 880.414 178.05 0.518283 898.053 207.426 0.560951 868.794 115.366 0.754035 0 0 0 0 0 0 868.668 207.391 0.640234 853.017 258.257 0.270793 819.782 303.293 0.104878 860.886 201.538 0.46989 849.143 252.414 0.212022 819.776 303.257 0.1019 915.614 105.68 0.776828 0 0 0 901.926 105.619 0.866226 0 0 0 0
6 111 506 921.514 115.456 0.814561 882.442 119.416 0.742339 886.303 127.174 0.711595 882.321 172.204 0.566671 897.996 207.394 0.63656 874.538 115.436 0.689808 0 0 0 0 0 0 870.627 205.45 0.616233 866.734 252.395 0.243452 831.535 297.416 0.1035 866.689 197.664 0.48142 854.986 246.532 0.204367 823.732 295.427 0.0987651 919.595 109.551 0.78714 0 0 0 909.744 103.751 0.831502 0 0 0 0
6 111 507 929.298 115.436 0.784051 886.308 129.139 0.683914 888.311 133.055 0.597484 884.385 189.8 0.29888 901.93 209.409 0.341921 882.33 117.467 0.591669 0 0 0 0 0 0 878.456 225.044 0.536164 845.217 289.567 0.219392 0 0 0 872.588 223.075 0.412401 841.317 287.587 0.126349 0 0 0 927.394 107.636 0.761568 0 0 0 913.651 105.656 0.828164 0 0 0 0
6 111 508 931.354 115.484 0.827513 894.093 129.136 0.711842 898.113 138.896 0.673497 894.16 195.64 0.350226 911.685 213.221 0.325127 882.46 117.382 0.722198 0 0 0 0 0 0 882.406 228.922 0.555546 847.164 291.554 0.180251 0 0 0 868.748 224.992 0.438154 839.355 287.616 0.134497 0 0 0 931.259 109.58 0.807948 0 0 0 915.725 105.711 0.846973 0 0 0 0
6 111 509 937.204 115.419 0.805264 898.099 129.068 0.685225 898.082 131.081 0.657964 897.982 183.893 0.245321 896.089 215.204 0.161882 894.107 117.47 0.565391 0 0 0 0 0 0 884.311 226.895 0.5392 855 287.613 0.191194 0 0 0 884.336 224.969 0.424498 853.03 285.638 0.10471 0 0 0 935.218 107.61 0.782327 0 0 0 921.534 105.683 0.810172 0 0 0 0
6 111 510 944.957 115.392 0.801042 902.021 129.096 0.685879 905.873 134.993 0.690935 894.16 181.975 0.471427 888.303 222.999 0.379946 899.98 117.427 0.640461 0 0 0 0 0 0 890.244 230.856 0.524622 853.052 293.516 0.18723 0 0 0 884.388 227.002 0.436716 845.241 289.579 0.127424 0 0 0 943.033 107.6 0.770141 0 0 0 929.311 105.653 0.837691 0 0 0 0
6 111 511 946.955 115.359 0.747913 911.726 121.341 0.737544 913.767 131.019 0.713787 923.458 133.015 0.132467 0 0 0 901.972 117.334 0.726058 0 0 0 0 0 0 898.021 215.223 0.559948 884.346 275.876 0.129504 0 0 0 890.233 211.36 0.431613 882.392 264.138 0.0828802 0 0 0 946.893 105.638 0.770675 0 0 0 931.408 103.743 0.864979 0 0 0 0
6 111 512 950.836 115.328 0.698705 915.724 123.287 0.61518 917.641 129.108 0.646943 901.948 170.235 0.215658 896.06 211.373 0.204501 913.625 117.476 0.57265 0 0 0 0 0 0 899.97 223 0.446874 854.995 283.709 0.112483 0 0 0 898.032 221.064 0.375334 862.837 281.748 0.0775999 0 0 0 948.925 103.761 0.736251 0 0 0 935.256 103.671 0.863503 0 0 0 0
6 111 513 958.664 113.471 0.560234 923.492 125.194 0.561685 927.354 127.191 0.613213 917.615 176.064 0.0980315 0 0 0 915.652 119.4 0.534633 0 0 0 0 0 0 911.741 217.197 0.399031 884.362 264.139 0.065131 0 0 0 901.922 215.242 0.35965 882.344 246.55 0.122024 0 0 0 956.7 103.695 0.608314 0 0 0 942.971 103.714 0.73921 0 0 0 0
6 111 514 962.684 109.578 0.310206 929.304 131.133 0.453941 931.323 136.983 0.511265 917.628 203.474 0.0890598 0 0 0 919.577 129.124 0.362552 0 0 0 0 0 0 927.365 256.309 0.196001 0 0 0 0 0 0 911.725 252.38 0.149545 0 0 0 0 0 0 962.572 101.699 0.450349 0 0 0 947.06 101.774 0.739928 0 0 0 0
6 111 515 966.51 105.641 0.123369 931.33 131.011 0.265557 933.226 134.978 0.404814 915.71 193.712 0.103677 0 0 0 929.413 127.167 0.172809 0 0 0 0 0 0 929.322 225.022 0.0964768 0 0 0 0 0 0 913.725 225.001 0.0869469 0 0 0 0 0 0 964.576 101.652 0.234681 0 0 0 952.86 101.716 0.628581 0 0 0 0
6 111 534 0 0 0 1019.32 150.691 0.284676 1038.92 164.345 0.342309 1054.54 199.578 0.156904 0 0 0 995.88 138.94 0.140928 0 0 0 0 0 0 995.862 250.446 0.23409 988.027 293.496 0.203712 964.569 340.449 0.338138 946.977 232.815 0.188401 880.413 246.518 0.186225 890.198 340.423 0.0853922 0 0 0 0 0 0 1050.65 131.151 0.362227 0 0 0 0
6 111 537 1080.03 144.809 0.243075 1054.56 166.294 0.155495 1052.54 174.132 0.264785 1052.61 221.091 0.0661995 0 0 0 0 0 0 0 0 0 0 0 0 997.818 266.088 0.128844 882.36 254.351 0.118808 0 0 0 1013.46 273.937 0.19041 882.409 252.391 0.126534 0 0 0 1074.19 136.945 0.316649 0 0 0 1066.28 136.97 0.425015 0 0 0 0
6 111 538 1085.86 146.819 0.274717 1054.52 168.24 0.10312 1054.62 178.025 0.161394 0 0 0 0 0 0 0 0 0 0 0 0 0 0 0 1005.63 275.882 0.0814477 0 0 0 0 0 0 1011.54 287.593 0.0761513 0 0 0 0 0 0 1083.85 142.805 0.316186 0 0 0 1070.25 144.711 0.405301 0 0 0 0
6 111 539 1087.89 152.634 0.364959 1056.5 168.266 0.165258 1056.46 180.049 0.257656 1058.48 221.105 0.0697229 0 0 0 0 0 0 0 0 0 0 0 0 1003.7 275.855 0.102139 0 0 0 0 0 0 1013.49 283.687 0.0812611 0 0 0 0 0 0 1087.8 146.78 0.493189 0 0 0 1074.11 146.694 0.676368 0 0 0 0
6 111 540 1099.56 152.666 0.545865 1064.37 176.081 0.433402 1060.46 179.942 0.516216 1056.57 227.011 0.184458 1058.47 260.263 0.227867 1072.17 174.149 0.378073 0 0 0 0 0 0 1027.18 273.866 0.362327 991.931 324.791 0.288597 986.096 363.937 0.206967 1036.97 273.942 0.316914 991.996 322.883 0.213257 989.996 352.211 0.176149 1097.56 146.815 0.657649 0 0 0 1081.91 146.746 0.772916 0 0 0 0
6 111 541 1101.51 162.268 0.571459 1070.27 177.985 0.65056 1072.25 181.939 0.775463 1070.27 227.044 0.679829 1070.25 268.044 0.566402 1070.16 170.24 0.489993 0 0 0 0 0 0 1050.61 258.316 0.590044 1036.94 311.083 0.333566 993.967 354.13 0.297688 1036.94 254.319 0.503988 1009.65 305.167 0.380538 990.018 352.211 0.45785 1101.42 150.672 0.619894 0 0 0 1085.91 148.757 0.895933 0 0 0 0
6 111 542 1107.38 162.374 0.624633 1074.16 178.09 0.607888 1083.84 182.018 0.735001 1072.26 228.936 0.59999 1070.23 260.291 0.580488 1072.24 174.137 0.474383 0 0 0 0 0 0 1050.67 264.159 0.543843 1017.38 320.84 0.271557 995.902 367.831 0.317973 1036.98 258.215 0.46005 1009.52 318.9 0.340437 995.862 367.88 0.331544 1105.42 152.615 0.649658 0 0 0 1089.76 150.64 0.871784 0 0 0 0
6 111 543 1115.19 164.309 0.692883 1079.99 179.987 0.607978 1085.78 185.86 0.728194 1070.24 227.027 0.535787 1070.13 260.295 0.540269 1076.08 176.028 0.48014 0 0 0 0 0 0 1056.48 271.9 0.578422 1019.36 320.869 0.389113 993.971 365.85 0.432682 1042.84 264.126 0.456503 1011.56 318.934 0.378687 995.891 365.835 0.416745 1111.32 160.359 0.692862 0 0 0 1097.63 156.485 0.792877 0 0 0 0
6 111 544 1119.1 166.314 0.705844 1087.89 181.989 0.692957 1083.84 183.905 0.744911 1060.43 226.897 0.54518 1068.29 266.116 0.627848 1101.48 182.001 0.678893 1103.47 236.717 0.0507754 0 0 0 1056.51 273.889 0.674549 1009.61 332.569 0.646203 997.812 381.511 0.605038 1078.04 277.828 0.604518 1056.51 336.571 0.475641 1034.96 391.324 0.34756 1117.19 162.371 0.75834 0 0 0 1101.55 158.501 0.868764 0 0 0 0
6 111 545 1123.07 168.284 0.743433 1091.76 185.86 0.668385 1087.85 191.664 0.746536 1072.18 228.92 0.448247 1072.15 271.951 0.435814 1101.47 183.951 0.631749 0 0 0 0 0 0 1070.19 271.971 0.6125 1029.15 322.869 0.392751 1001.75 373.688 0.463466 1081.9 273.917 0.536483 1052.62 334.529 0.33519 1027.18 385.44 0.317306 1121.07 164.262 0.836387 0 0 0 1103.56 162.384 0.949626 0 0 0 0
6 111 546 1132.74 172.178 0.767756 1099.54 189.765 0.731979 1087.87 193.644 0.767239 1074.14 240.597 0.527631 1070.23 275.901 0.548146 1105.49 185.844 0.600997 0 0 0 0 0 0 1074.16 277.854 0.618368 1044.79 334.589 0.343421 1009.54 379.595 0.36123 1087.82 281.753 0.560694 1052.6 336.527 0.28287 1015.46 383.486 0.259751 1128.88 164.371 0.811052 0 0 0 1109.38 164.285 0.888622 0 0 0 0
6 111 547 1136.77 174.151 0.758257 1103.55 189.785 0.795862 1093.71 191.721 0.790252 1076.1 236.705 0.65162 1072.13 275.869 0.728105 1119.07 191.668 0.696984 0 0 0 0 0 0 1085.77 279.794 0.687148 1044.77 334.539 0.382941 1009.53 379.526 0.464763 1101.42 283.672 0.61618 1064.35 336.577 0.283506 1025.24 383.478 0.26744 1134.78 164.452 0.826638 0 0 0 1119.04 164.354 0.954632 0 0 0 0
6 111 548 1144.56 178.119 0.817615 1113.24 193.654 0.792633 1097.62 193.694 0.817297 1083.85 240.571 0.673333 1076.07 277.842 0.63705 1128.86 193.678 0.674177 0 0 0 0 0 0 1085.92 277.822 0.725459 1056.51 328.701 0.389476 1013.51 375.659 0.361009 1103.51 283.655 0.665075 1079.99 336.471 0.325587 1031.07 379.578 0.22066 1140.62 174.084 0.763321 0 0 0 1123.02 164.461 0.884865 0 0 0 0
6 111 549 1148.48 179.921 0.804051 1117.15 193.728 0.858756 1101.57 195.649 0.844847 1085.93 242.588 0.736399 1085.81 283.681 0.588688 1132.79 193.646 0.723216 1130.86 230.842 0.0777929 0 0 0 1089.84 285.608 0.661638 1072.19 334.595 0.316388 1021.28 377.613 0.223269 1107.38 287.532 0.597511 1080 336.522 0.206474 1025.19 375.663 0.15682 1146.52 174.139 0.762717 0 0 0 1130.88 166.368 0.875792 0 0 0 0
6 111 550 1152.41 179.994 0.765837 1121.07 193.753 0.836782 1105.42 195.61 0.852309 1087.8 240.574 0.764475 1081.95 273.987 0.627545 1136.8 193.687 0.68778 0 0 0 0 0 0 1091.71 281.745 0.698177 1056.51 326.776 0.43107 1021.3 377.596 0.496763 1113.24 285.653 0.637421 1085.85 336.498 0.342727 1038.92 381.505 0.20199 1150.43 176.073 0.777745 0 0 0 1134.72 170.208 0.912237 0 0 0 0
6 111 551 1162.15 181.918 0.755931 1128.94 197.601 0.782851 1115.14 203.503 0.745728 1091.78 244.568 0.613381 1091.78 283.697 0.443936 1146.47 193.741 0.639941 0 0 0 0 0 0 1095.63 287.65 0.654493 1056.5 334.616 0.349458 1021.31 383.476 0.460142 1113.21 289.561 0.534329 1076.08 342.379 0.219242 1025.27 383.471 0.219767 1156.32 178.025 0.762536 1162.15 176.114 0.0925131 1138.67 174.129 0.846367 0 0 0 0
6 111 552 1164.16 189.743 0.683937 1132.83 199.612 0.795741 1117.14 209.413 0.78407 1101.47 260.241 0.289082 1103.5 277.823 0.0844769 1150.42 193.726 0.697651 1150.4 225.055 0.584777 1156.3 256.226 0.721467 1097.61 301.317 0.591884 1080.01 369.773 0.139376 0 0 0 1111.31 303.248 0.447318 1083.91 369.784 0.0913478 0 0 0 1164.03 180.036 0.737295 0 0 0 1146.5 177.972 0.835608 0 0 0 0
6 111 553 1166.09 191.748 0.745437 1134.87 207.359 0.836344 1117.19 209.393 0.87771 1089.83 250.452 0.697107 1087.84 285.68 0.644456 1158.27 201.509 0.704752 1158.29 232.846 0.729515 1166.17 258.272 0.818712 1101.58 289.57 0.694226 1089.77 340.476 0.279811 1066.28 405.003 0.070393 1121.1 289.618 0.621377 1103.43 344.361 0.265795 1083.88 408.939 0.0632638 1164.17 182.002 0.754574 0 0 0 1148.49 178.099 0.902715 0 0 0 0
6 111 554 1171.93 195.583 0.744518 1144.53 209.328 0.848852 1119.2 211.243 0.860406 1097.6 252.39 0.725855 1087.93 287.67 0.737896 1164.18 207.358 0.78409 1166.06 240.566 0.829883 1179.73 262.204 0.829982 1105.46 291.485 0.688502 1101.47 350.152 0.339784 1072.16 414.762 0.0782223 1130.87 291.519 0.610709 1103.5 342.414 0.242559 0 0 0 1168.03 189.801 0.721281 0 0 0 1150.49 180.094 0.913771 0 0 0 0
6 111 555 1177.79 195.754 0.752529 1148.48 211.303 0.90184 1126.96 211.417 0.810312 1101.58 256.251 0.720221 1089.79 289.605 0.599146 1168.06 211.281 0.810252 1171.99 242.601 0.799558 1189.56 268.033 0.777878 1103.56 291.497 0.712711 1101.45 350.178 0.373002 1081.96 406.934 0.143363 1130.81 293.526 0.627144 1113.22 350.173 0.335366 1097.59 401.109 0.155917 1171.99 193.635 0.753292 1179.69 193.607 0.170411 1154.39 185.869 0.820941 0 0 0 0
6 111 556 1179.83 207.316 0.797141 1150.48 213.27 0.848385 1132.77 215.229 0.810274 1111.27 256.379 0.702658 1103.48 291.524 0.622726 1173.92 213.236 0.740667 1179.82 244.543 0.842869 1195.49 271.906 0.876749 1115.26 289.594 0.728234 1115.24 348.276 0.646184 1111.34 406.923 0.638804 1134.74 291.514 0.70411 1115.14 346.304 0.540567 1107.42 401.097 0.392599 1177.85 195.736 0.795143 1181.65 197.591 0.238558 1162.15 191.732 0.868752 0 0 0 0
6 111 557 1181.69 209.33 0.78204 1154.38 221.052 0.775039 1134.8 223.063 0.778022 1117.12 260.207 0.502891 1107.44 293.526 0.417852 1177.84 219.088 0.724117 1183.76 244.614 0.784752 1201.34 272.017 0.866834 1119.11 293.525 0.728372 1117.19 350.292 0.705858 1117.23 410.798 0.664803 1134.85 299.328 0.666496 1117.2 352.108 0.681473 1117.22 408.861 0.530803 1179.73 201.501 0.739723 1181.75 205.427 0.161159 1164.09 195.573 0.897824 0 0 0 0
6 111 558 1183.69 211.376 0.777277 1162.17 225.007 0.853097 1136.76 226.964 0.847617 1117.21 269.932 0.766028 1109.33 305.192 0.733214 1181.74 223.072 0.780716 1191.47 252.419 0.804754 1209.12 275.854 0.84302 1123.08 301.275 0.728565 1119.15 354.152 0.714249 1121.08 414.738 0.804448 1146.52 301.318 0.679947 1119.13 352.253 0.6442 1119.09 408.921 0.462009 1181.72 209.244 0.808622 1185.72 209.346 0.289189 1166.05 199.54 0.872451 0 0 0 0
6 111 559 1193.41 221.08 0.688343 1166 228.888 0.862321 1146.5 232.859 0.781092 1121.11 273.86 0.659433 1117.11 307.224 0.698641 1183.75 226.98 0.759992 1195.36 256.301 0.854536 1213.08 283.715 0.856069 1130.91 303.244 0.729728 1128.87 358.033 0.617705 1119.23 414.749 0.691748 1148.52 303.273 0.665399 1125.02 354.161 0.568249 1117.22 410.859 0.443382 1187.58 211.378 0.726667 1195.39 211.396 0.244597 1168.05 207.386 0.885394 0 0 0 0
6 111 560 1195.38 226.872 0.84244 1166.15 234.759 0.834424 1150.36 240.59 0.842993 1124.99 273.988 0.745027 1115.22 315.019 0.753791 1187.59 228.947 0.713172 1195.46 258.282 0.885752 1215.03 287.524 0.86242 1132.83 307.185 0.759486 1132.73 365.774 0.671034 1123.07 414.81 0.692499 1150.46 309.128 0.66647 1132.78 363.854 0.604492 1121.14 412.824 0.460543 1191.5 221.108 0.79525 1195.46 223.029 0.281081 1173.92 211.274 0.829266 0 0 0 0
6 111 561 1197.38 227.032 0.773853 1173.87 240.711 0.821164 1152.4 244.606 0.807201 1130.84 285.594 0.767289 1119.05 318.952 0.850246 1193.47 238.631 0.754424 1197.47 269.94 0.89097 1220.89 291.51 0.842556 1138.66 318.862 0.749323 1132.88 367.839 0.719125 1126.92 422.633 0.681602 1164.06 318.868 0.700147 1134.83 367.829 0.664232 1123.03 418.677 0.498089 1195.44 224.934 0.807853 1197.44 224.934 0.199048 1179.79 215.271 0.86157 0 0 0 0
6 111 562 1199.41 238.732 0.793099 1177.78 244.53 0.827712 1158.27 246.558 0.766275 1134.77 287.526 0.831663 1128.86 320.972 0.810759 1195.37 242.665 0.782371 1199.37 273.85 0.853942 1218.91 297.383 0.785359 1148.43 320.833 0.776634 1136.77 369.796 0.670293 1125.02 420.654 0.615384 1166.1 320.879 0.749673 1144.59 369.814 0.626135 1128.93 420.66 0.573329 1197.47 228.98 0.81754 1205.19 228.992 0.176539 1181.79 224.901 0.936348 0 0 0 0
6 111 563 1207.19 242.521 0.761701 1179.75 250.446 0.832668 1164.08 256.354 0.840333 1142.57 299.307 0.732974 1132.75 334.509 0.73391 1195.48 242.684 0.727386 1197.46 275.843 0.796879 1216.93 303.155 0.861596 1148.52 330.61 0.737031 1144.53 379.56 0.6662 1126.94 422.602 0.622672 1166.09 330.667 0.724853 1146.46 377.595 0.580102 1123.04 414.871 0.491722 1203.27 236.763 0.748415 1211 236.732 0.157439 1185.68 226.977 0.849346 0 0 0 0
6 111 564 1211.16 242.638 0.755201 1181.79 254.277 0.864475 1168.1 258.193 0.782842 1148.47 299.311 0.712888 1136.76 336.482 0.728066 1197.35 248.456 0.686447 1197.42 283.699 0.792588 1213.14 307.164 0.849044 1154.33 332.6 0.704824 1148.44 381.459 0.735986 1124.97 420.652 0.652615 1168.1 334.479 0.668632 1148.52 379.513 0.625928 1126.94 414.829 0.551971 1211.06 240.555 0.770757 1212.98 238.742 0.118544 1195.43 230.835 0.8512 0 0 0 0
6 111 565 1220.84 248.475 0.676954 1187.57 256.292 0.823327 1179.71 264.12 0.72713 1162.14 305.29 0.688141 1148.39 344.332 0.629181 1195.47 246.524 0.621481 1195.4 287.615 0.446337 1210.98 309.142 0.766129 1164.14 338.474 0.696337 1148.56 383.438 0.755707 1128.9 424.581 0.702062 1169.98 338.473 0.554887 1146.55 377.632 0.56583 1126.92 412.819 0.449009 1216.95 242.591 0.763241 0 0 0 1199.36 238.647 0.868592 0 0 0 0
6 111 566 1226.74 254.377 0.774372 1195.35 258.264 0.812562 1177.85 268.051 0.773015 1162.13 313.059 0.702233 1150.46 350.176 0.771136 1211.02 254.336 0.601671 0 0 0 0 0 0 1164.2 338.494 0.719979 1148.49 383.42 0.692713 1128.94 426.489 0.646214 1181.71 340.404 0.669727 1150.4 381.46 0.515379 1130.85 412.845 0.406682 1224.77 244.596 0.769225 0 0 0 1207.18 240.652 0.930263 0 0 0 0
6 111 567 1228.71 256.368 0.696365 1197.35 258.313 0.842514 1181.77 268.051 0.800261 1164.2 315.016 0.70473 1162.19 352.194 0.702722 1213.03 256.222 0.610813 0 0 0 0 0 0 1168.06 334.575 0.770203 1152.43 381.453 0.661899 1128.89 420.632 0.749674 1191.5 334.562 0.670254 1191.5 381.495 0.641492 1136.74 399.182 0.356072 1226.76 250.464 0.66568 0 0 0 1211.12 242.591 0.928085 0 0 0 0
6 111 568 1236.53 258.273 0.673959 1201.34 260.285 0.756094 1187.65 268.076 0.774233 1177.77 316.959 0.703317 1177.86 361.937 0.725391 1216.96 258.223 0.631016 1226.75 258.259 0.0537633 0 0 0 1171.96 336.473 0.779621 1154.37 381.59 0.68955 1130.83 416.744 0.735397 1195.41 336.469 0.75914 1195.45 385.409 0.800801 1138.72 410.847 0.648426 1232.59 256.192 0.684488 0 0 0 1215.04 244.622 0.899304 0 0 0 0
6 111 569 1242.29 260.287 0.789277 1211.02 269.964 0.823883 1193.48 271.984 0.818612 1179.69 318.905 0.760086 1181.73 356.111 0.780682 1226.73 264.155 0.630753 0 0 0 0 0 0 1175.84 336.598 0.779068 1160.19 381.565 0.731577 1128.89 418.689 0.756822 1197.39 338.486 0.81174 1199.38 393.276 0.865915 1148.55 418.733 0.768174 1238.46 256.348 0.824261 1242.38 256.34 0.129519 1220.88 248.51 0.859338 0 0 0 0
6 111 570 1244.42 266.125 0.70682 1213.07 272.049 0.885822 1195.45 273.977 0.893436 1181.73 322.85 0.783224 1181.85 365.798 0.872347 1234.54 271.956 0.680499 0 0 0 0 0 0 1177.8 340.477 0.77325 1160.26 379.604 0.69575 1128.94 416.814 0.802074 1201.28 346.309 0.741385 1205.19 397.149 0.85353 1166.02 432.453 0.834814 1244.29 258.278 0.779845 0 0 0 1226.8 252.429 0.927744 0 0 0 0
6 111 571 1252.14 271.933 0.756 1218.9 275.894 0.776938 1197.38 279.779 0.841003 1181.72 330.662 0.783448 1191.54 367.903 0.85508 1242.42 275.864 0.694376 0 0 0 0 0 0 1181.72 350.167 0.773565 1164.05 383.518 0.721144 1126.96 420.664 0.781576 1211.05 352.188 0.819717 1205.18 403.071 0.735866 1181.72 453.917 0.800741 1248.23 262.188 0.728594 1255.99 268.02 0.107744 1228.77 256.286 0.981073 0 0 0 0
6 111 572 1254.11 273.952 0.806912 1224.81 283.666 0.776725 1203.26 287.596 0.835211 1189.54 334.609 0.737984 1195.41 373.725 0.837737 1242.46 277.838 0.658778 0 0 0 0 0 0 1183.77 352.258 0.800133 1158.27 387.419 0.697853 1126.96 422.639 0.784272 1211.13 356.099 0.761681 1203.27 412.767 0.730017 1195.34 461.814 0.81562 1248.29 270.017 0.810181 1257.99 272 0.261959 1230.7 258.324 0.923696 0 0 0 0
6 111 573 1259.91 277.859 0.711847 1228.67 287.7 0.881759 1210.99 289.677 0.848988 1191.51 338.456 0.746463 1197.38 377.606 0.814465 1248.24 287.555 0.682507 0 0 0 0 0 0 1185.64 363.902 0.751281 1152.42 397.161 0.685145 1124.99 424.574 0.714393 1213.01 367.804 0.752293 1205.18 426.458 0.708132 1197.47 475.427 0.833079 1258.01 272.011 0.785646 1260.07 273.827 0.20095 1242.36 267.998 0.870863 0 0 0 0
6 111 574 1265.89 287.66 0.631056 1234.54 293.486 0.733903 1213.01 297.365 0.8129 1197.43 344.362 0.712549 1209.11 381.547 0.86635 1256.11 293.444 0.603941 0 0 0 0 0 0 1193.44 365.855 0.760906 1160.18 397.237 0.736145 1123.06 426.452 0.732265 1216.98 371.75 0.687552 1211.04 430.458 0.747855 1197.47 485.232 0.729948 1261.99 279.75 0.657566 0 0 0 1244.39 271.904 0.981242 0 0 0 0
6 111 575 1277.63 289.684 0.717363 1240.45 303.306 0.806819 1213.12 303.35 0.864299 1197.41 352.161 0.79205 1209.13 387.42 0.807321 1260.04 303.233 0.633501 0 0 0 0 0 0 1193.5 375.679 0.711465 1156.32 399.239 0.586645 1123.09 422.64 0.657877 1224.72 383.448 0.702218 1211.15 440.216 0.753513 1195.41 491.074 0.782779 1277.61 285.64 0.696332 1277.66 287.609 0.349193 1246.36 273.958 0.930598 0 0 0 0
6 111 576 1277.65 299.316 0.525531 1244.29 305.263 0.807897 1226.73 305.28 0.835428 1211.05 354.152 0.68692 1211.1 397.107 0.853777 1260.03 305.259 0.613451 0 0 0 0 0 0 1199.39 379.56 0.743676 1164.12 406.956 0.679558 1126.98 422.613 0.718759 1226.76 385.432 0.703364 1212.96 444.106 0.736917 1195.33 493.055 0.735445 1277.64 289.544 0.615758 0 0 0 1258.01 283.679 0.844357 0 0 0 0
6 111 577 1277.65 301.323 0.330891 1252.19 316.968 0.714254 1228.68 311.123 0.79783 1209.09 363.856 0.779112 1211.15 399.168 0.881873 1277.63 318.849 0.549787 0 0 0 0 0 0 1209.12 383.512 0.688459 1168.09 414.9 0.692029 1125.01 422.601 0.705923 1234.59 395.221 0.703583 1213.11 446.159 0.720388 1195.34 492.979 0.771485 1277.65 291.501 0.418478 0 0 0 1260.02 287.637 0.751416 0 0 0 0
6 111 578 1277.69 305.27 0.228887 1260.11 320.79 0.715357 1232.6 318.953 0.832356 1213.02 369.752 0.754863 1213.03 410.859 0.718087 1277.67 318.953 0.3241 0 0 0 0 0 0 1224.78 389.366 0.604543 1222.77 446.145 0.539079 1193.5 491.151 0.625588 1246.32 395.195 0.507707 1224.77 446.088 0.392353 1197.35 489.157 0.416847 1277.68 293.507 0.350301 0 0 0 1261.98 289.581 0.822661 0 0 0 0
6 111 579 1277.69 303.327 0.179581 1261.92 322.878 0.745075 1240.43 320.828 0.858545 1215.03 367.856 0.75356 1211.16 410.872 0.698847 1277.67 328.665 0.456104 1277.67 367.836 0.051391 0 0 0 1218.9 393.277 0.677876 1181.72 442.107 0.713263 1138.73 428.391 0.642228 1244.41 399.186 0.744976 1228.63 451.961 0.797953 1195.43 492.982 0.906819 1277.69 295.446 0.29817 0 0 0 1277.64 299.294 0.722588 0 0 0 0
6 111 580 0 0 0 1277.64 328.707 0.658056 1246.27 322.819 0.808601 1222.78 369.817 0.693475 1211.16 412.884 0.734387 1277.68 332.546 0.231114 0 0 0 0 0 0 1226.77 397.187 0.729569 1187.59 448.031 0.698204 1146.48 430.465 0.633203 1254.16 404.984 0.665371 1234.59 450.039 0.709508 1195.44 491.121 0.882828 0 0 0 0 0 0 1277.68 295.457 0.345826 0 0 0 0
6 111 581 0 0 0 1277.66 334.572 0.649987 1246.35 328.659 0.778435 1224.8 371.726 0.794935 1212.97 412.753 0.814824 1277.69 336.521 0.102164 0 0 0 0 0 0 1230.65 408.887 0.70784 1195.45 453.93 0.707123 1148.53 442.122 0.64242 1259.93 414.811 0.689518 1232.58 461.706 0.762481 1195.42 493.036 0.850967 0 0 0 0 0 0 1277.68 291.571 0.240996 0 0 0 0
6 111 582 0 0 0 1277.67 338.487 0.459346 1254.12 334.481 0.711973 1226.68 373.672 0.691332 1211.14 412.822 0.70996 1277.68 338.546 0.0570777 0 0 0 0 0 0 1234.59 412.802 0.651383 1209.14 459.77 0.61221 1164.14 451.983 0.535282 1259.95 422.579 0.510507 1228.75 461.789 0.537275 1195.41 493.016 0.596059 0 0 0 0 0 0 1277.68 301.282 0.0939492 0 0 0 0
