0 111 152 0 0 0 406.959 553.607 0.781161 434.349 551.685 0.737308 471.52 573.306 0.522576 461.745 569.27 0.228427 377.621 553.685 0.789984 367.946 586.922 0.198592 0 0 0 442.106 631.997 0.556212 444.182 682.832 0.419889 446.117 714.191 0.233426 401.143 635.875 0.478241 430.518 678.929 0.272893 442.178 714.161 0.0807156 0 0 0 0 0 0 426.48 520.381 0.515114 385.466 522.357 0.455902 0
0 111 153 0 0 0 405.038 545.892 0.78709 434.353 543.896 0.738777 461.736 571.266 0.500155 473.408 571.275 0.209648 377.597 549.796 0.779356 367.883 579.099 0.186597 0 0 0 438.246 631.919 0.620621 444.175 680.839 0.488922 446.119 714.183 0.264902 399.129 633.928 0.563656 428.486 674.996 0.277731 434.383 714.159 0.0648047 0 0 0 0 0 0 424.555 512.65 0.5308 385.434 518.483 0.409184 0
0 111 154 0 0 0 403.034 539.971 0.869551 432.374 538.004 0.80334 461.667 569.285 0.566376 0 0 0 373.723 540.097 0.841325 367.861 571.251 0.2257 0 0 0 438.237 626.117 0.639742 444.171 671.076 0.50719 446.138 714.16 0.349273 399.132 631.987 0.666593 428.465 671.081 0.4459 444.066 714.158 0.15282 0 0 0 0 0 0 422.642 506.782 0.47151 383.494 508.734 0.551113 0
0 111 155 0 0 0 403.086 536.016 0.8053 432.392 532.196 0.764816 461.771 567.328 0.578216 473.437 567.367 0.237718 377.558 537.938 0.813693 369.811 557.6 0.114435 0 0 0 438.294 622.211 0.651352 444.219 673.052 0.481908 446.12 714.159 0.276237 399.201 629.998 0.655155 428.466 669.146 0.401319 430.451 682.821 0.108934 0 0 0 0 0 0 418.689 500.842 0.449345 383.447 506.687 0.525792 0
0 111 156 0 0 0 401.111 526.295 0.863472 430.496 526.303 0.787884 459.805 559.542 0.590524 475.377 567.382 0.420487 373.68 526.32 0.801222 367.779 555.617 0.307071 0 0 0 434.326 614.362 0.641869 444.136 655.439 0.448525 446.153 714.158 0.310197 397.153 616.256 0.619607 412.865 645.639 0.276748 416.736 665.167 0.429674 0 0 0 0 0 0 420.634 496.971 0.474006 383.508 497.001 0.340998 0
0 111 157 0 0 0 399.19 522.387 0.886909 430.42 520.4 0.79857 459.795 555.662 0.588936 473.498 565.425 0.33648 369.759 524.294 0.859272 365.899 553.699 0.341731 0 0 0 432.434 606.518 0.668607 444.067 643.701 0.594758 444.219 700.457 0.570456 395.175 608.499 0.64742 406.955 631.914 0.32662 414.863 663.173 0.644248 0 0 0 0 0 0 416.745 491.082 0.521674 381.481 493.05 0.448553 0
0 111 158 0 0 0 399.217 516.521 0.841556 430.367 514.548 0.788799 457.795 553.614 0.599895 471.5 563.492 0.457957 371.773 520.42 0.794336 367.804 553.636 0.366708 0 0 0 430.542 600.642 0.720659 444.02 641.733 0.717593 444.148 696.508 0.750637 395.164 602.641 0.703858 412.754 635.88 0.419526 416.727 661.305 0.631119 0 0 0 0 0 0 418.685 489.09 0.383075 381.578 491.015 0.342469 0
0 111 159 0 0 0 399.115 510.673 0.764612 426.547 510.62 0.660401 446.133 543.894 0.324005 465.643 561.518 0.256161 369.852 510.711 0.690514 365.912 540.019 0.126773 0 0 0 430.426 594.789 0.457216 442.108 620.214 0.278205 442.202 678.89 0.377031 389.325 598.717 0.49704 404.997 620.222 0.198092 414.727 653.467 0.385727 0 0 0 0 0 0 416.726 485.216 0.362189 381.568 487.128 0.278148 0
0 111 160 0 0 0 399.162 510.62 0.895926 428.482 508.724 0.819144 453.935 543.898 0.628162 475.425 567.378 0.701442 369.851 512.617 0.808201 369.783 541.961 0.100712 0 0 0 430.47 590.907 0.707909 442.109 626.088 0.617014 444.039 676.944 0.74475 393.235 598.66 0.717752 406.951 628.026 0.601188 418.703 665.261 0.734959 0 0 0 0 0 0 416.756 483.238 0.461052 381.561 483.285 0.368005 0
0 111 161 0 0 0 399.066 506.716 0.909827 426.501 504.789 0.801591 446.163 538.054 0.658375 473.473 565.406 0.565723 369.819 506.797 0.82736 367.783 541.997 0.248593 0 0 0 430.409 585.034 0.756769 438.26 624.123 0.668308 442.099 669.156 0.728245 395.216 588.927 0.730863 408.917 631.964 0.756756 420.635 667.228 0.709401 0 0 0 0 0 0 414.84 477.35 0.514474 381.51 477.312 0.399988 0
0 111 162 0 0 0 399.113 502.839 0.877517 426.481 500.856 0.770958 446.109 537.979 0.749635 475.326 565.388 0.686723 373.674 504.779 0.781398 367.907 541.975 0.316742 369.766 583.076 0.155642 428.487 575.259 0.704936 438.229 616.263 0.710461 440.231 663.174 0.803487 395.175 583.027 0.736696 406.957 626.056 0.742459 418.707 665.275 0.75551 0 0 0 0 0 0 416.74 473.511 0.476502 381.597 475.334 0.362534 0
0 111 163 0 0 0 399.11 504.753 0.881944 426.537 500.885 0.795852 448.07 538.016 0.724455 475.444 565.464 0.70251 371.756 506.692 0.794658 367.867 539.964 0.0991567 0 0 0 428.556 577.173 0.658822 442.191 602.545 0.670094 442.162 649.635 0.783786 395.248 583.075 0.724235 406.946 618.316 0.682983 416.716 663.26 0.728161 0 0 0 0 0 0 416.712 473.506 0.515502 381.568 475.334 0.427371 0
0 111 164 0 0 0 399.118 497.009 0.877281 428.43 495.065 0.823835 448.06 537.949 0.714193 475.446 565.425 0.702757 369.826 500.852 0.797207 365.905 534.115 0.0869407 0 0 0 428.509 573.253 0.673172 442.149 594.771 0.643051 444.118 641.715 0.758174 391.321 579.159 0.699683 404.98 616.287 0.626977 414.89 663.198 0.716096 0 0 0 0 0 0 416.793 467.632 0.476618 381.614 469.548 0.500388 0
0 111 165 0 0 0 399.179 493.131 0.894881 428.433 493.086 0.819302 446.036 530.254 0.425687 471.493 559.565 0.286275 373.698 495.013 0.785291 367.859 534.132 0.149955 0 0 0 430.357 569.284 0.675361 442.098 590.878 0.591414 444.211 630.033 0.767612 397.1 571.34 0.738156 408.935 618.317 0.681657 416.8 665.213 0.738002 0 0 0 0 0 0 416.791 463.685 0.402986 383.445 461.8 0.439608 0
0 111 166 0 0 0 401.088 493.003 0.891591 428.548 493.016 0.833989 446.14 534.094 0.594637 473.413 559.565 0.505058 377.562 492.997 0.848161 369.754 536.013 0.162812 0 0 0 428.536 569.38 0.706662 442.106 581.077 0.512271 446.055 618.26 0.818219 395.189 573.254 0.735447 410.873 622.177 0.678939 416.783 665.274 0.73831 0 0 0 0 0 0 420.691 461.72 0.464947 385.41 459.787 0.477835 0
0 111 167 0 0 0 403.039 491.098 0.837771 430.398 491.084 0.802851 442.174 524.332 0.248004 0 0 0 379.489 491.116 0.828687 373.666 530.211 0.124551 0 0 0 430.488 567.355 0.631861 444.03 575.249 0.483887 446.18 614.347 0.783948 397.224 571.353 0.725125 412.728 624.136 0.624425 414.888 663.317 0.706405 0 0 0 0 0 0 422.648 459.783 0.383421 383.562 457.845 0.565377 0
0 111 168 0 0 0 406.963 491.031 0.846911 430.528 491 0.807473 451.935 528.292 0.588848 475.371 559.54 0.539928 379.603 491.028 0.859818 371.758 532.178 0.146934 0 0 0 432.379 567.418 0.652399 444.059 581.047 0.452383 448.041 612.389 0.73569 399.111 571.347 0.755804 412.739 628.027 0.655297 416.701 665.277 0.691057 0 0 0 0 0 0 426.518 459.803 0.459249 389.352 459.743 0.571526 0
0 111 169 0 0 0 410.807 485.219 0.851429 434.347 485.219 0.795381 455.886 526.351 0.697502 477.304 559.571 0.650829 381.441 485.246 0.85247 369.82 526.283 0.187035 0 0 0 432.435 567.37 0.663263 444.135 579.101 0.516118 448.098 612.388 0.762088 399.09 569.411 0.755941 412.743 616.278 0.665161 414.896 665.161 0.743593 0 0 0 0 0 0 428.41 457.853 0.49047 393.282 457.772 0.643035 0
0 111 170 0 0 0 408.931 483.25 0.820745 432.457 487.152 0.763696 457.796 528.276 0.622517 477.454 557.67 0.558625 381.456 481.287 0.812854 369.821 520.413 0.109588 0 0 0 432.42 567.382 0.640359 444.2 569.398 0.473467 448.026 610.461 0.681286 397.237 569.327 0.690369 412.832 602.584 0.544234 414.767 655.454 0.499161 0 0 0 0 0 0 428.479 457.811 0.521912 395.204 453.924 0.591325 0
0 111 171 0 0 0 412.791 479.326 0.927089 436.318 479.408 0.781554 457.761 524.327 0.713745 479.339 557.596 0.565847 383.512 477.46 0.881933 379.522 518.503 0.28254 377.598 553.72 0.0951537 432.432 559.551 0.670315 446.144 571.246 0.669349 448.066 612.408 0.790206 399.11 559.613 0.734417 412.829 602.625 0.76958 414.796 659.368 0.690495 0 0 0 0 0 0 430.355 453.87 0.514009 397.233 449.966 0.531467 0
0 111 172 0 0 0 414.756 475.445 0.920256 440.22 475.477 0.775324 457.813 520.372 0.720421 479.348 555.612 0.597802 389.345 475.368 0.838724 381.53 510.663 0.152671 0 0 0 438.229 549.794 0.671379 448.057 571.336 0.667489 449.969 612.387 0.750142 406.947 553.671 0.747554 414.693 602.606 0.761858 414.781 657.38 0.677212 0 0 0 0 0 0 432.383 446.091 0.439314 399.143 446.066 0.481474 0
0 111 173 0 0 0 414.778 473.42 0.892349 442.203 475.361 0.786934 459.73 518.446 0.762615 483.237 555.608 0.713122 387.397 471.481 0.822556 383.527 495.015 0.0609228 0 0 0 436.278 553.657 0.646712 449.978 555.62 0.478469 451.934 608.494 0.668392 403.011 553.725 0.676436 414.834 594.78 0.386606 414.752 633.953 0.339775 0 0 0 0 0 0 436.323 444.138 0.519288 399.251 444.029 0.467942 0
0 111 174 0 0 0 416.767 465.667 0.857642 444.133 469.576 0.814504 459.736 510.696 0.843239 487.174 553.667 0.804398 395.188 463.667 0.878212 385.495 495.028 0.080559 0 0 0 430.498 541.935 0.718821 446.149 569.361 0.470512 448.037 604.617 0.659903 401.144 540.062 0.709427 420.647 587.002 0.678081 412.917 641.761 0.678205 0 0 0 0 0 0 442.128 442.127 0.54833 406.96 440.166 0.361438 0
0 111 175 0 0 0 420.693 463.723 0.839096 446.052 469.571 0.818321 461.739 512.598 0.817046 490.979 551.744 0.782672 397.124 461.745 0.916184 393.266 498.893 0.12368 0 0 0 432.358 540.009 0.726533 428.519 585.048 0.654408 412.911 637.804 0.739876 404.97 538.098 0.725284 430.448 581.054 0.523454 420.656 631.921 0.30638 0 0 0 0 0 0 444.103 442.182 0.603091 410.808 440.18 0.333965 0
0 111 176 0 0 0 424.547 461.817 0.89368 446.164 465.681 0.838481 461.836 508.754 0.879658 485.223 543.904 0.78286 397.15 459.861 0.949435 397.091 493.032 0.0942907 0 0 0 434.368 538.109 0.709232 446.118 571.306 0.644193 448.041 610.43 0.663768 405.021 538.052 0.749918 428.405 579.16 0.766898 414.707 630.034 0.720116 0 0 0 0 0 0 444.204 436.301 0.620776 412.777 432.441 0.524776 0
0 111 177 0 0 0 426.541 459.73 0.90175 446.2 459.834 0.855537 463.717 506.64 0.842118 489.079 538.081 0.803285 399.156 457.791 0.873253 397.206 491.049 0.105334 0 0 0 442.2 532.186 0.690948 448.02 571.282 0.75494 448.016 616.218 0.81996 412.762 530.244 0.743764 428.46 573.287 0.824822 414.787 618.245 0.830337 0 0 0 0 0 0 444.203 430.368 0.682627 414.78 428.536 0.354718 0
0 111 178 0 0 0 428.457 457.805 0.924561 448.122 459.769 0.820991 465.625 504.718 0.827219 490.998 537.986 0.828434 399.215 453.871 0.873296 397.229 479.338 0.0952205 0 0 0 444.141 534.108 0.717296 448.037 569.424 0.818514 448.029 614.368 0.84692 412.858 532.19 0.786715 428.522 571.321 0.828936 416.787 616.213 0.75043 0 0 0 0 0 0 446.163 428.443 0.63239 414.87 428.389 0.461355 0
0 111 179 0 0 0 428.46 451.931 0.906549 448.099 457.757 0.792347 467.618 496.953 0.829449 491.005 534.113 0.771213 399.228 446.185 0.914482 397.146 473.496 0.121723 0 0 0 440.244 526.37 0.703221 449.98 567.378 0.816659 446.172 616.241 0.90004 410.885 526.326 0.781316 430.455 565.441 0.730216 426.506 600.619 0.727385 0 0 0 0 0 0 446.196 424.594 0.577179 416.73 422.615 0.400379 0
0 111 180 0 0 0 428.559 448.052 0.931069 451.971 451.97 0.753145 467.644 494.982 0.837512 491.106 528.305 0.797153 403.05 446.066 0.864273 399.144 475.39 0.0855421 0 0 0 444.134 524.407 0.730884 450.02 565.409 0.796918 448.035 612.375 0.873627 414.732 524.395 0.780918 436.27 565.409 0.713306 430.485 598.728 0.648621 0 0 0 0 0 0 449.988 418.672 0.539135 416.794 414.86 0.308405 0
0 111 181 0 0 0 430.365 446.039 0.945569 451.991 448.065 0.755467 469.571 493.138 0.795985 493.057 528.262 0.746505 405.023 442.2 0.793544 399.084 471.539 0.0702408 0 0 0 442.208 522.41 0.702342 448.028 563.476 0.735652 446.163 614.314 0.801908 412.866 522.393 0.717793 444.173 561.508 0.661686 448.082 604.561 0.644658 0 0 0 0 0 0 451.924 414.834 0.488612 420.651 412.875 0.253492 0
0 111 182 0 0 0 430.472 444.205 0.922769 457.798 446.179 0.802545 473.413 492.977 0.795441 493.14 524.363 0.753044 408.914 442.151 0.798186 0 0 0 0 0 0 444.149 524.313 0.709913 450.016 567.359 0.722902 446.123 616.266 0.845635 414.792 524.276 0.690948 446.092 565.435 0.520122 449.983 602.599 0.488338 0 0 0 0 0 0 453.924 414.807 0.469789 422.587 412.809 0.252165 0
0 111 183 0 0 0 432.37 444.038 0.854722 459.752 446.061 0.802242 475.406 492.991 0.769767 495.063 524.309 0.674883 410.798 436.331 0.77481 0 0 0 0 0 0 444.198 526.355 0.626152 459.861 553.71 0.651617 448.033 608.485 0.698252 412.837 524.337 0.649368 457.808 540.096 0.122107 444.228 600.645 0.0913003 0 0 0 0 0 0 457.811 412.741 0.457416 424.572 408.902 0.263341 0
0 111 184 0 0 0 432.457 442.11 0.834461 459.841 444.137 0.831026 475.403 491.12 0.758273 502.782 522.441 0.620329 410.85 436.273 0.811717 0 0 0 0 0 0 446.057 528.255 0.633051 463.656 545.89 0.659634 448.023 606.524 0.736129 412.895 524.374 0.700007 461.782 540.002 0.198654 457.76 583.036 0.144121 0 0 0 0 0 0 457.755 410.892 0.566232 426.506 410.836 0.336812 0
0 111 185 0 0 0 434.398 440.211 0.801448 459.869 444.118 0.803215 475.444 491.029 0.712505 504.756 518.496 0.564766 412.736 432.459 0.828789 0 0 0 0 0 0 446.161 526.308 0.639185 461.818 549.75 0.588576 446.195 608.499 0.716104 414.84 524.307 0.680769 461.753 541.937 0.194274 453.917 584.999 0.150299 0 0 0 0 0 0 459.707 410.814 0.618858 428.422 406.953 0.312405 0
0 111 186 0 0 0 440.164 442.116 0.794492 461.761 446.055 0.757025 489.114 498.876 0.52758 522.392 508.741 0.501731 412.821 432.418 0.829024 0 0 0 0 0 0 450.013 530.24 0.583299 463.729 541.953 0.419513 459.761 557.716 0.0516448 416.79 524.403 0.624232 467.598 537.991 0.191825 459.724 573.274 0.137032 0 0 0 0 0 0 459.814 406.962 0.550526 428.473 404.99 0.234859 0
0 111 187 0 0 0 442.161 436.291 0.805592 463.668 444.059 0.756674 491.071 498.887 0.555304 522.456 506.734 0.628638 414.767 430.481 0.823221 0 0 0 0 0 0 457.86 524.393 0.636812 459.846 559.584 0.542895 446.181 614.314 0.660712 426.488 522.391 0.629716 459.741 553.687 0.234033 455.842 588.93 0.207192 0 0 0 0 0 0 459.844 404.978 0.617368 428.519 401.11 0.225446 0
0 111 188 0 0 0 442.148 430.461 0.83854 461.716 434.323 0.747725 475.475 489.15 0.666148 508.659 510.671 0.648073 416.723 428.443 0.776038 0 0 0 0 0 0 455.839 522.345 0.589263 461.71 555.633 0.376682 448.047 608.502 0.46459 426.476 518.445 0.551116 465.638 543.886 0.193845 457.774 588.908 0.146265 0 0 0 0 0 0 459.845 399.215 0.612802 428.547 399.064 0.189469 0
0 111 189 0 0 0 444.129 428.377 0.853399 461.833 430.378 0.777381 477.32 481.279 0.649183 506.657 508.765 0.674866 422.584 420.64 0.723389 416.791 383.408 0.225309 424.524 367.866 0.105012 448.112 510.699 0.611201 461.756 553.695 0.450422 448.025 610.396 0.482804 424.593 508.649 0.607413 471.488 540.039 0.241469 457.803 592.835 0.163126 0 0 0 0 0 0 463.677 399.157 0.495238 432.433 395.189 0.155312 0
0 111 190 0 0 0 444.179 422.613 0.795648 465.675 428.526 0.656838 485.227 485.239 0.349636 520.418 506.771 0.313297 418.746 414.826 0.707293 416.786 379.571 0.436513 422.643 365.929 0.221049 457.834 510.662 0.45515 461.717 557.62 0.151178 450.014 606.507 0.098257 426.55 506.786 0.468305 449.983 553.726 0.0888936 0 0 0 0 0 0 0 0 0 465.62 397.204 0.504798 434.342 387.413 0.17497 0
0 111 191 0 0 0 444.107 416.79 0.747524 463.678 422.615 0.594948 479.318 475.453 0.192232 506.704 506.801 0.12727 422.596 414.781 0.614808 416.797 377.578 0.246267 424.579 367.78 0.0609894 453.938 504.803 0.465671 461.706 555.684 0.263045 448.052 608.453 0.224091 428.518 500.898 0.455285 457.826 551.707 0.160626 451.975 600.654 0.129963 0 0 0 0 0 0 463.658 397.103 0.46065 432.37 387.37 0.137071 1
0 111 192 0 0 0 446.017 412.868 0.858566 463.776 414.774 0.721637 477.422 457.84 0.323977 496.969 493.114 0.116866 426.505 412.767 0.746081 0 0 0 0 0 0 457.849 493.125 0.620489 461.794 551.712 0.60868 446.157 604.617 0.711438 430.502 493.069 0.584026 459.829 541.991 0.356816 453.907 594.786 0.207254 0 0 0 0 0 0 463.694 387.435 0.556602 432.456 383.505 0.218205 1
0 111 193 0 0 0 446.172 408.871 0.749462 469.556 410.839 0.622164 479.387 450.006 0.258645 494.974 495.04 0.130376 428.468 404.975 0.669686 0 0 0 0 0 0 455.828 489.114 0.601068 461.789 543.898 0.621324 459.772 553.603 0.0635966 430.397 487.158 0.580941 459.745 538.048 0.379346 450.026 586.943 0.200538 0 0 0 0 0 0 469.553 383.425 0.435304 434.38 381.471 0.188146 1
0 111 194 0 0 0 446.123 403.077 0.738511 467.578 408.919 0.614286 477.412 457.765 0.433679 493.114 493.099 0.456258 428.461 399.179 0.682341 0 0 0 0 0 0 455.857 491.022 0.677224 461.804 545.849 0.745274 446.082 602.577 0.8877 430.516 489.068 0.61301 461.698 541.926 0.546763 455.851 586.981 0.334271 0 0 0 0 0 0 469.589 379.599 0.403099 438.248 379.523 0.126835 1
0 111 195 0 0 0 448.063 399.212 0.793169 469.544 401.138 0.663141 477.363 453.904 0.639763 493.119 492.998 0.638433 430.419 399.092 0.744531 0 0 0 0 0 0 451.988 489.072 0.684617 461.837 541.942 0.780836 446.036 600.6 0.877914 430.449 483.287 0.631169 461.8 539.987 0.603921 451.989 586.961 0.468214 0 0 0 0 0 0 473.468 377.595 0.541773 444.127 375.633 0.137423 1
0 111 196 0 0 0 450.041 399.048 0.82397 473.448 397.241 0.734011 477.364 446.129 0.771713 493.124 489.135 0.716216 430.487 397.183 0.768294 0 0 0 0 0 0 451.994 483.244 0.687915 461.767 539.995 0.800729 444.221 598.67 0.84326 428.545 479.34 0.667713 461.672 538.075 0.645628 451.972 586.937 0.462638 0 0 0 0 0 0 475.465 373.693 0.53705 444.187 371.707 0.16962 1
0 111 197 0 0 0 451.984 397.071 0.835151 475.375 397.167 0.787165 477.4 446.081 0.746945 493.139 483.262 0.689652 430.475 393.218 0.770055 416.727 432.385 0.12341 0 0 0 451.992 479.338 0.691104 461.679 538.004 0.772464 444.218 592.86 0.783454 430.395 477.345 0.689401 459.79 536.091 0.658838 451.966 585.019 0.521901 0 0 0 0 0 0 477.328 373.704 0.622297 446.1 367.881 0.214166 1
0 111 198 0 0 0 455.847 395.206 0.863262 477.317 397.148 0.831478 483.263 444.164 0.619961 498.916 473.491 0.341495 430.429 389.358 0.806558 414.883 430.422 0.219158 414.779 459.776 0.051781 457.82 477.383 0.718296 461.663 536.078 0.750052 446.004 588.979 0.819425 430.404 475.459 0.735533 457.843 532.18 0.624624 450.015 583.057 0.52293 0 0 0 0 0 0 477.335 371.751 0.731447 446.139 367.832 0.353323 1
0 111 199 0 0 0 453.945 395.223 0.859417 475.434 397.189 0.86604 479.365 446.043 0.738719 500.868 477.384 0.628345 430.478 389.35 0.794312 416.771 430.392 0.125078 0 0 0 451.963 477.361 0.724641 459.792 532.188 0.741925 444.214 587.062 0.861301 428.546 475.416 0.731598 459.672 530.188 0.636535 450.014 581.055 0.497901 0 0 0 0 0 0 477.395 369.802 0.781584 446.171 367.774 0.339224 1
0 111 200 0 0 0 457.781 393.282 0.86571 477.36 397.114 0.86171 481.294 442.197 0.728055 495.051 477.339 0.655247 432.361 387.418 0.804614 414.887 428.485 0.282387 414.904 457.845 0.121734 453.895 477.326 0.723091 459.673 532.188 0.736813 444.206 587.035 0.891489 428.539 475.387 0.732882 457.793 530.178 0.664739 450.038 579.115 0.510847 0 0 0 0 0 0 479.32 367.914 0.737684 449.972 365.936 0.323902 1
0 111 201 0 0 0 457.742 389.347 0.831614 477.341 395.229 0.841488 479.391 444.047 0.693733 495.002 475.484 0.51871 430.461 383.526 0.819455 414.807 426.539 0.352989 414.912 459.705 0.18126 450.009 475.465 0.734805 457.765 534.086 0.737884 444.195 587.03 0.897035 428.441 473.466 0.711205 455.873 528.258 0.658586 450.045 577.191 0.494644 0 0 0 0 0 0 481.286 367.797 0.729951 455.824 365.8 0.219682 1
0 111 202 0 0 0 457.781 385.489 0.840009 477.407 393.238 0.774673 481.337 440.24 0.629951 493.084 473.447 0.456356 430.489 383.445 0.813933 414.833 426.462 0.245263 416.695 449.992 0.0790129 450.042 475.416 0.729491 455.883 534.09 0.749846 444.173 587.015 0.913797 428.475 471.545 0.693382 457.79 528.265 0.661198 450.051 575.224 0.496721 0 0 0 0 0 0 481.345 367.822 0.631512 455.822 365.792 0.202103 1
0 111 203 0 0 0 457.846 387.411 0.860494 477.432 395.163 0.818473 479.324 440.243 0.722203 487.198 475.494 0.677508 432.4 383.517 0.817269 414.885 426.489 0.272218 416.822 457.825 0.102897 451.935 475.464 0.751597 453.937 530.231 0.752238 444.168 586.996 0.932792 428.47 473.44 0.70721 455.85 526.327 0.670717 450.012 575.186 0.502816 0 0 0 0 0 0 485.221 367.849 0.628218 457.785 365.796 0.215727 1
0 111 204 0 0 0 459.716 385.505 0.863767 477.48 393.251 0.780915 479.359 440.2 0.713588 491.051 477.332 0.676547 434.385 383.455 0.781108 416.757 424.534 0.159412 0 0 0 451.982 475.407 0.735539 455.84 528.266 0.740671 444.164 586.936 0.941722 428.507 471.481 0.691814 457.751 526.273 0.677609 453.924 569.359 0.495018 0 0 0 0 0 0 485.234 365.931 0.60287 459.719 365.751 0.16288 1
0 111 205 0 0 0 459.745 389.361 0.873468 477.447 395.228 0.852261 479.402 442.153 0.750812 492.993 477.335 0.667925 438.255 383.571 0.778899 416.776 424.556 0.175051 0 0 0 451.924 475.436 0.748774 453.887 528.238 0.749563 444.175 586.926 0.951425 428.516 471.51 0.708902 455.9 524.407 0.682293 453.913 569.365 0.519331 0 0 0 0 0 0 487.132 367.781 0.627458 459.758 365.776 0.20233 1
0 111 206 0 0 0 459.841 389.317 0.862925 479.313 395.146 0.792775 481.287 440.202 0.710018 491.126 477.355 0.685428 442.141 383.568 0.789731 418.707 422.582 0.146762 0 0 0 451.975 475.359 0.730798 453.878 526.311 0.747133 444.201 586.91 0.958336 428.535 469.534 0.710324 457.758 524.341 0.687679 461.703 557.631 0.535707 0 0 0 0 0 0 487.172 365.949 0.572498 459.82 365.752 0.183626 1
0 111 207 493.161 367.892 0.111124 461.676 385.506 0.858376 479.316 393.216 0.789411 479.408 440.201 0.707849 493.001 475.442 0.581105 444.058 383.474 0.78797 420.664 418.721 0.0927766 0 0 0 451.935 471.531 0.718227 453.923 524.392 0.756332 444.208 585.086 0.95028 428.489 463.735 0.721876 457.798 522.43 0.680474 459.818 557.642 0.539961 493.078 365.811 0.160685 0 0 0 489.062 365.893 0.600919 459.888 365.742 0.147194 1
0 111 208 0 0 0 459.854 387.365 0.866357 479.318 393.279 0.816745 481.302 442.167 0.760693 493.01 477.432 0.692798 442.122 383.458 0.783139 420.667 420.64 0.0890083 0 0 0 450.041 473.449 0.723623 453.876 524.395 0.760005 444.223 586.872 0.973987 428.463 465.64 0.710674 457.816 522.414 0.678873 461.722 555.658 0.560485 0 0 0 0 0 0 489.076 365.921 0.639327 461.637 363.91 0.196394 1
0 111 209 0 0 0 459.856 385.501 0.864003 479.331 393.236 0.801975 481.315 440.242 0.743126 493.054 477.429 0.764991 442.139 383.447 0.786999 418.73 418.729 0.10097 0 0 0 449.983 473.451 0.737278 453.871 524.41 0.768503 445.993 586.868 0.986324 428.44 465.631 0.699666 459.667 522.416 0.666589 461.762 555.609 0.587111 0 0 0 0 0 0 487.172 365.912 0.637685 461.658 363.859 0.210524 1
0 111 210 0 0 0 461.701 387.435 0.847281 479.328 393.287 0.791531 481.312 440.208 0.733595 493.016 477.387 0.75846 444.088 383.52 0.791077 0 0 0 0 0 0 450.023 473.479 0.733634 451.979 524.402 0.753756 445.995 585.086 0.980204 428.49 465.669 0.702672 457.839 522.409 0.651913 463.656 553.683 0.579617 0 0 0 0 0 0 489.059 365.893 0.626907 461.65 363.867 0.215421 1
0 111 211 0 0 0 461.777 389.377 0.865404 479.38 395.19 0.811164 481.339 440.241 0.753236 493.086 477.457 0.776278 444.179 385.396 0.834513 424.565 422.618 0.104505 0 0 0 450.005 473.476 0.740664 451.966 524.399 0.761454 446.006 585.082 0.98896 428.481 465.665 0.731045 457.852 522.4 0.664421 463.664 553.664 0.588917 0 0 0 0 0 0 489.082 365.865 0.685174 461.678 363.883 0.280341 1
0 111 212 493.093 367.745 0.113063 461.714 387.394 0.873299 479.367 395.147 0.800423 483.244 442.138 0.745359 493.085 479.365 0.746682 444.056 383.477 0.804909 418.728 422.605 0.127688 0 0 0 448.111 473.449 0.737349 451.973 524.422 0.765265 446.025 585.083 0.978787 428.463 465.64 0.722756 457.858 522.43 0.676756 463.668 553.7 0.569899 493.003 363.898 0.172261 0 0 0 487.181 365.855 0.682233 461.622 363.896 0.22121 1
0 111 213 493.106 365.922 0.150977 461.665 385.504 0.882057 479.334 393.254 0.79695 483.266 440.202 0.721936 493.099 477.371 0.689414 442.156 383.425 0.801504 418.708 422.605 0.1132 0 0 0 448.1 473.427 0.73625 451.99 524.439 0.757229 446.034 585.078 0.978538 428.425 465.626 0.729163 459.669 522.445 0.659359 463.731 553.692 0.56227 493.009 361.978 0.214987 0 0 0 487.155 365.832 0.689328 459.903 363.901 0.198989 1
0 111 214 493.091 365.93 0.153632 459.84 385.463 0.898436 479.378 393.212 0.772384 483.27 436.32 0.697213 493.033 475.428 0.700593 438.27 381.588 0.794791 416.821 422.606 0.125053 0 0 0 450 473.428 0.721735 451.959 524.414 0.738181 446.044 585.068 0.964282 428.391 465.627 0.72731 457.778 522.428 0.639685 463.731 553.688 0.559888 493.002 361.965 0.217142 0 0 0 487.169 365.807 0.688567 459.893 363.839 0.214326 1
0 111 215 495.056 365.797 0.316346 461.719 385.429 0.905877 479.427 391.271 0.775545 481.299 434.387 0.722741 491.066 475.415 0.757321 442.179 381.597 0.809288 416.792 424.56 0.153172 0 0 0 451.937 471.497 0.726974 451.981 524.327 0.755307 446.046 585.073 0.954964 428.442 463.679 0.747575 457.792 522.368 0.659796 461.783 555.657 0.543879 493.069 359.961 0.38677 0 0 0 485.224 363.87 0.682702 459.897 363.867 0.126691 1
0 111 216 495.053 365.852 0.370893 461.699 385.426 0.909963 481.271 391.274 0.78937 481.35 436.332 0.741948 492.998 475.498 0.776113 442.15 381.591 0.805719 416.781 426.455 0.156681 0 0 0 449.991 471.522 0.736678 451.952 524.355 0.759534 446.037 585.069 0.959327 428.434 463.696 0.747491 457.774 522.406 0.665935 461.758 555.691 0.545141 493.072 360.023 0.437784 0 0 0 485.199 363.873 0.698516 459.888 363.883 0.107657 1
0 111 217 494.969 365.924 0.211671 461.676 385.433 0.913557 481.32 391.31 0.787628 483.274 438.293 0.747592 493.063 477.374 0.785525 440.184 381.585 0.803862 414.897 424.569 0.248728 414.849 450.022 0.123418 451.924 473.415 0.72392 451.93 524.373 0.754199 446.042 585.053 0.960304 428.428 463.731 0.745956 457.769 522.426 0.652744 461.719 557.579 0.533106 493.074 361.958 0.279154 0 0 0 487.187 363.94 0.70919 461.61 363.845 0.191694 1
0 111 218 493.149 365.944 0.163252 461.723 385.487 0.907024 481.341 393.251 0.801531 485.201 442.102 0.775497 493.003 477.414 0.785268 442.141 383.417 0.825442 416.71 424.589 0.256712 414.886 451.949 0.128878 450.044 473.417 0.735681 451.939 524.396 0.755171 446.034 585.077 0.954626 428.445 463.709 0.748657 457.804 524.287 0.658731 461.699 557.619 0.497883 493.065 361.97 0.220195 0 0 0 489.087 363.948 0.709394 461.655 363.839 0.237502 1
0 111 219 495.078 365.885 0.302125 461.772 385.466 0.900561 483.298 393.224 0.784884 485.217 440.191 0.750588 491.148 477.406 0.793378 442.192 383.4 0.815966 416.758 422.618 0.308591 414.872 455.841 0.199563 451.951 471.539 0.720539 451.958 524.343 0.763561 446.042 585.054 0.960979 428.477 463.687 0.753254 457.833 522.423 0.67151 461.732 557.608 0.510971 493.127 361.922 0.364573 0 0 0 487.179 363.901 0.70612 461.647 363.929 0.161822 1
0 111 220 495.036 365.904 0.243153 461.799 385.46 0.897519 485.187 391.327 0.793176 483.291 438.264 0.755218 491.114 477.346 0.837063 444.077 383.425 0.823141 416.795 424.551 0.313482 416.749 457.767 0.217953 455.839 471.53 0.717702 451.952 524.303 0.754707 446.055 585.038 0.95904 428.53 463.681 0.761829 457.807 522.39 0.665541 461.754 555.687 0.51478 493.125 361.928 0.302183 0 0 0 489.072 363.91 0.696386 461.667 363.932 0.185059 1
0 111 221 494.964 367.758 0.178091 461.813 385.481 0.88952 485.227 393.229 0.796178 487.147 438.289 0.753983 491.1 477.391 0.796323 444.075 383.454 0.828085 416.814 424.556 0.343852 416.812 457.798 0.230998 457.78 473.419 0.727134 451.942 524.343 0.744064 446.046 585.034 0.94881 430.365 463.733 0.750361 457.784 522.448 0.669062 459.81 559.576 0.491737 493.12 361.974 0.226828 0 0 0 489.13 363.918 0.677941 461.703 363.891 0.190285 1
0 111 222 493.139 367.771 0.119233 461.829 385.485 0.884192 485.248 393.254 0.794107 487.164 438.251 0.747478 491.106 475.491 0.759151 444.09 383.446 0.831427 416.818 422.611 0.380542 416.725 457.764 0.273862 455.895 471.538 0.722049 451.954 524.339 0.743437 446.05 585.035 0.947988 430.362 463.702 0.747055 457.804 522.439 0.668234 459.814 559.592 0.507483 493.114 361.957 0.158408 0 0 0 491.017 363.919 0.672883 461.771 363.832 0.207409 1
0 111 223 494.998 367.841 0.123149 463.668 387.401 0.871016 487.126 395.198 0.795655 487.207 440.172 0.724528 491.142 475.364 0.644221 444.126 383.48 0.841567 418.744 424.571 0.344919 414.859 455.89 0.241402 457.813 471.555 0.741865 451.963 524.286 0.750804 446.05 584.955 0.951171 430.416 463.722 0.753987 457.862 522.384 0.677995 461.761 557.578 0.576258 494.968 363.951 0.16581 0 0 0 491.066 365.816 0.680012 461.784 363.846 0.207768 1
0 111 224 495.025 367.831 0.187107 463.659 387.392 0.878543 485.234 395.193 0.810494 489.061 438.282 0.755568 492.967 475.399 0.72502 444.149 383.475 0.849408 420.65 424.547 0.376464 416.762 453.928 0.266707 457.816 471.501 0.73266 450.042 522.422 0.760192 446.053 584.95 0.95259 430.428 463.688 0.766754 457.823 522.36 0.674668 463.667 555.666 0.596872 494.966 363.942 0.238134 0 0 0 491.008 365.8 0.70464 461.782 363.887 0.18079 1
0 111 225 495.017 367.836 0.0829147 463.696 385.514 0.874039 487.2 395.151 0.814313 487.181 440.207 0.745339 493.066 475.487 0.695252 444.145 383.463 0.854731 420.671 424.55 0.357144 416.764 455.847 0.223285 457.817 471.506 0.726915 451.963 522.433 0.747574 446.04 584.971 0.957005 430.404 463.696 0.764941 457.843 522.35 0.667258 463.67 555.653 0.575181 495.048 363.91 0.120835 0 0 0 491.139 365.787 0.69493 463.663 361.942 0.217349 1
0 111 226 0 0 0 463.748 385.49 0.867683 489.153 393.292 0.828642 489.066 440.243 0.760892 493.029 477.377 0.721827 444.126 383.445 0.847337 420.643 422.62 0.415343 416.702 453.932 0.32499 457.787 469.6 0.714691 451.931 522.379 0.74894 446.046 584.963 0.965864 430.399 463.674 0.76361 457.843 522.333 0.661538 463.681 555.633 0.584304 0 0 0 0 0 0 493.018 365.787 0.675615 463.712 360.001 0.26353 1
0 111 227 0 0 0 463.761 385.47 0.874799 489.165 393.282 0.834075 489.102 438.281 0.768335 493.071 475.5 0.736207 444.129 383.417 0.84605 420.649 420.641 0.43043 416.713 451.976 0.365795 457.761 469.544 0.714208 450.033 522.331 0.750864 446.048 584.947 0.971521 430.416 461.794 0.761342 457.831 520.436 0.654932 463.723 553.706 0.608856 0 0 0 0 0 0 493.018 365.78 0.717552 463.775 360.002 0.272655 1
0 111 228 0 0 0 465.66 385.464 0.869209 490.999 393.257 0.841274 489.094 438.241 0.757469 493.071 475.367 0.743935 444.155 383.422 0.844994 420.68 424.533 0.330644 418.681 453.885 0.207946 457.822 471.477 0.714146 451.939 522.342 0.727429 446.053 584.937 0.957413 430.393 463.671 0.768439 457.855 520.39 0.642445 463.732 553.677 0.614294 0 0 0 0 0 0 493.11 365.82 0.700447 465.638 359.989 0.307387 1
0 111 229 0 0 0 465.68 385.498 0.855196 490.976 393.29 0.838348 489.111 440.218 0.784036 494.974 475.47 0.771734 446.031 383.461 0.855559 424.533 426.473 0.239819 416.774 448.122 0.112701 457.82 471.523 0.713168 451.944 522.358 0.729472 446.062 584.949 0.962856 430.405 463.706 0.764965 459.67 520.402 0.637442 463.737 553.691 0.61765 0 0 0 0 0 0 494.96 365.843 0.688234 467.585 360.008 0.288773 1
0 111 230 0 0 0 465.662 385.503 0.856289 489.151 395.142 0.839153 489.13 442.111 0.786121 495.022 475.456 0.779148 446.047 383.464 0.857709 424.573 426.502 0.266667 416.831 450.045 0.125899 459.741 471.541 0.731693 451.981 522.405 0.723165 446.057 584.956 0.964764 430.445 463.729 0.759013 459.691 520.451 0.643648 465.635 553.687 0.633885 0 0 0 0 0 0 494.966 365.889 0.680887 469.531 360.022 0.238878 1
0 111 231 0 0 0 465.686 385.476 0.858413 490.999 393.258 0.850433 490.98 442.102 0.78677 498.925 475.44 0.762431 446.038 383.455 0.854817 426.469 426.525 0.251905 416.736 448.078 0.10311 459.711 471.487 0.725977 451.973 522.387 0.72565 446.064 584.953 0.952381 430.405 463.701 0.767592 457.862 520.425 0.646865 463.715 555.594 0.622627 0 0 0 0 0 0 494.988 365.878 0.691992 469.528 360.016 0.236535 1
0 111 232 0 0 0 467.611 385.469 0.85342 491.029 393.242 0.844918 491.014 442.153 0.811442 498.891 477.407 0.766651 446.087 383.466 0.837079 426.522 426.554 0.194107 0 0 0 457.826 471.535 0.717191 453.874 522.386 0.722225 446.065 584.95 0.956016 430.43 463.718 0.737781 459.753 520.418 0.637287 463.729 553.71 0.618763 0 0 0 0 0 0 494.999 365.86 0.686886 469.584 361.909 0.192268 1
0 111 233 0 0 0 465.66 385.45 0.856577 490.99 393.257 0.823056 491.033 442.104 0.782251 498.944 475.491 0.744566 444.198 383.399 0.826631 422.602 426.456 0.206078 0 0 0 457.794 471.541 0.727667 453.893 522.415 0.72788 446.067 584.951 0.953648 430.377 463.725 0.736272 459.742 520.451 0.640399 463.729 553.733 0.629085 0 0 0 0 0 0 495.022 365.9 0.623815 471.522 360.004 0.196852 1
0 111 234 0 0 0 467.592 385.467 0.851062 491.048 395.137 0.848198 491.124 442.153 0.788469 510.652 477.369 0.700933 446.033 383.403 0.825747 426.519 424.585 0.143307 0 0 0 457.815 471.549 0.725353 453.878 522.445 0.715709 446.063 584.946 0.946977 430.361 463.737 0.742586 459.747 522.321 0.630066 463.751 553.715 0.606322 0 0 0 0 0 0 496.925 367.766 0.673196 471.557 361.947 0.226443 1
0 111 235 0 0 0 467.605 385.505 0.842982 491.053 395.173 0.86211 491.061 440.224 0.789346 504.734 475.495 0.760246 446.047 383.425 0.83794 428.442 424.548 0.127108 0 0 0 457.841 473.455 0.731814 451.991 524.308 0.713963 446.062 584.959 0.952624 430.362 465.636 0.741501 459.709 522.395 0.630831 465.633 553.711 0.584741 0 0 0 0 0 0 496.989 367.841 0.663946 473.443 361.941 0.259919 1
0 111 236 0 0 0 467.615 385.503 0.841761 491.067 395.165 0.858358 491.098 440.186 0.778165 506.745 475.392 0.753921 446.042 383.426 0.838904 428.492 424.551 0.115144 0 0 0 459.698 473.447 0.737075 451.99 524.297 0.709477 446.065 584.956 0.942008 430.382 465.635 0.749364 459.697 522.373 0.636685 465.634 553.714 0.579723 0 0 0 0 0 0 496.994 367.894 0.639509 473.469 361.972 0.236326 1
0 111 237 0 0 0 467.597 385.501 0.835292 491.037 395.162 0.847637 491.042 438.281 0.778555 502.833 475.455 0.765347 446.07 383.427 0.822497 426.498 422.611 0.141308 0 0 0 457.781 471.543 0.72379 451.959 522.444 0.732585 446.066 584.945 0.947411 430.363 463.72 0.749988 459.673 522.352 0.640983 465.627 553.703 0.601176 0 0 0 0 0 0 496.965 367.88 0.628389 475.305 361.973 0.214921 1
0 111 238 0 0 0 469.587 387.394 0.824117 491.111 395.203 0.866721 491.11 440.249 0.786591 504.752 477.323 0.743331 446.137 383.486 0.815046 430.39 424.543 0.119731 0 0 0 455.832 473.416 0.714858 451.973 522.436 0.733435 446.058 584.959 0.95006 430.356 463.727 0.729342 459.743 522.335 0.635606 463.737 553.732 0.605586 0 0 0 0 0 0 498.917 367.891 0.615942 473.52 361.988 0.250101 1
0 111 239 0 0 0 467.636 387.387 0.800788 491.052 395.202 0.81309 491.153 442.113 0.73335 508.64 475.436 0.675055 446.109 383.469 0.783578 428.469 422.614 0.125893 0 0 0 451.984 471.537 0.702405 450.038 522.45 0.728016 446.065 584.97 0.951657 428.548 463.701 0.709209 459.718 522.355 0.612454 463.709 553.722 0.59392 0 0 0 0 0 0 496.994 369.765 0.572708 475.383 363.879 0.176043 1
0 111 240 0 0 0 469.593 389.371 0.802377 491.076 395.219 0.819833 493.031 442.154 0.764438 514.538 477.355 0.652345 448.039 385.417 0.784881 430.436 426.488 0.13127 0 0 0 448.078 473.416 0.729248 448.113 522.453 0.73503 446.065 584.966 0.954058 428.521 463.742 0.707079 457.859 522.325 0.595861 463.73 553.671 0.635215 0 0 0 0 0 0 498.903 369.84 0.595067 475.425 365.808 0.172977 1
0 111 241 504.765 381.545 0.098121 467.637 389.349 0.755801 489.096 393.284 0.691539 490.992 434.354 0.503055 498.883 467.601 0.431062 449.972 385.449 0.721905 430.426 422.637 0.119994 0 0 0 446.167 471.516 0.733377 449.963 522.417 0.746 446.064 584.957 0.944688 430.365 463.726 0.660516 457.862 520.461 0.602926 463.736 553.636 0.635794 506.691 373.67 0.127058 0 0 0 498.876 369.815 0.557283 475.408 365.897 0.11439 1
0 111 242 504.792 383.508 0.156391 467.596 393.284 0.745117 487.199 397.083 0.66164 491.11 440.239 0.504928 504.758 469.578 0.396924 449.986 389.352 0.68656 430.461 426.517 0.103546 0 0 0 446.163 473.472 0.734247 448.11 524.282 0.737054 446.07 584.981 0.947768 430.372 465.68 0.638144 459.683 522.346 0.602102 463.697 553.653 0.647067 506.665 379.489 0.196053 0 0 0 495.039 373.711 0.566012 475.365 367.887 0.0855753 1
0 111 243 506.698 383.5 0.12875 471.514 393.282 0.760659 489.166 397.106 0.727232 489.117 444.077 0.696263 495.038 477.379 0.683369 453.893 387.442 0.666264 430.445 426.485 0.101161 0 0 0 446.139 473.459 0.724034 448.042 524.283 0.735253 446.063 584.95 0.912339 428.513 465.629 0.672128 455.9 522.384 0.606258 461.78 555.678 0.571279 506.732 377.59 0.159296 0 0 0 498.915 373.673 0.583069 477.358 369.77 0.0844146 1
0 111 244 506.771 383.57 0.171425 473.404 395.22 0.803056 491.006 397.216 0.749768 489.096 446.04 0.76 495.056 479.406 0.750629 453.937 389.358 0.690017 430.483 428.382 0.097361 0 0 0 446.048 473.445 0.727992 446.164 524.3 0.760085 446.069 584.955 0.938517 428.448 463.737 0.701831 457.775 522.379 0.61459 463.673 555.591 0.609321 506.793 379.58 0.219846 0 0 0 500.84 377.621 0.64976 477.376 369.802 0.0967955 1
0 111 245 506.804 383.562 0.20832 475.334 397.115 0.862813 491.146 399.152 0.795009 490.98 446.123 0.775023 495.014 485.206 0.756869 457.766 391.316 0.730722 432.391 426.554 0.101583 0 0 0 446.079 475.334 0.748398 448.003 524.415 0.747355 446.049 584.971 0.933273 428.473 465.666 0.699748 457.868 524.307 0.61941 461.771 557.589 0.555257 506.801 381.412 0.268561 0 0 0 498.949 379.574 0.704787 477.372 369.837 0.110943 1
0 111 246 508.776 385.455 0.377357 475.458 397.107 0.876326 493.027 399.095 0.810335 492.984 442.19 0.776757 498.951 477.36 0.756365 459.762 393.245 0.740984 436.319 428.448 0.106152 0 0 0 448.057 475.339 0.735634 448.012 524.392 0.720015 446.044 584.992 0.961839 430.419 465.684 0.687467 459.721 524.311 0.575114 463.704 553.722 0.606687 508.741 381.486 0.439575 0 0 0 502.793 379.553 0.721627 477.443 373.691 0.0752048 1
0 111 247 508.801 385.474 0.33228 475.507 395.203 0.838403 493.022 397.205 0.788031 492.981 444.044 0.738427 502.855 475.48 0.729195 461.696 389.353 0.709468 436.326 428.392 0.0873859 0 0 0 446.121 473.495 0.743537 446.17 526.337 0.722337 446.029 585.005 0.960576 430.457 465.634 0.648887 459.765 524.366 0.60512 461.755 555.652 0.556537 508.794 381.494 0.39658 0 0 0 504.735 379.547 0.719576 0 0 0 1
0 111 248 508.742 387.392 0.320743 477.311 393.281 0.740147 492.975 397.113 0.697302 493.105 444.075 0.532324 506.718 475.377 0.455129 461.763 387.423 0.614434 0 0 0 0 0 0 444.165 471.516 0.678941 446.151 524.405 0.735316 446.039 584.979 0.934811 432.451 463.701 0.554678 459.848 524.331 0.623101 459.726 561.522 0.499752 508.736 381.513 0.376828 0 0 0 504.714 379.534 0.652655 0 0 0 1
0 111 249 510.632 387.441 0.414562 477.406 397.08 0.82989 493.008 397.237 0.807034 493.091 446.117 0.732672 518.483 475.354 0.665114 465.649 391.324 0.671613 0 0 0 0 0 0 446.044 473.509 0.717456 446.079 526.331 0.729139 446.022 585.01 0.965106 434.378 465.638 0.580726 461.727 526.296 0.614354 461.813 553.699 0.490238 510.651 383.422 0.484171 0 0 0 504.78 381.503 0.780683 0 0 0 1
0 111 250 510.638 395.197 0.467741 477.329 399.07 0.83826 491.134 399.194 0.783428 493.084 450.023 0.729214 522.31 475.434 0.684275 463.713 397.138 0.709772 479.375 446.1 0.0767894 0 0 0 444.093 475.414 0.745855 446.073 530.233 0.752083 446.029 585.042 0.960695 438.286 471.492 0.56557 461.754 530.207 0.643632 457.819 565.424 0.466982 510.65 385.42 0.511118 0 0 0 504.727 383.455 0.788704 0 0 0 1
0 111 251 510.623 397.079 0.386761 477.346 399.065 0.827372 491.119 399.143 0.76068 491.138 446.152 0.675002 508.766 473.507 0.577264 465.627 397.15 0.707818 479.339 446.145 0.100961 0 0 0 444.066 475.46 0.739515 446.089 532.18 0.776267 446.029 585.067 0.950494 442.16 473.478 0.560839 461.749 532.171 0.675985 453.896 571.268 0.504264 510.71 385.481 0.414269 0 0 0 506.667 383.479 0.793698 0 0 0 1
0 111 252 510.663 397.066 0.419281 477.381 397.21 0.801638 491.096 399.082 0.734118 491.026 444.167 0.602217 492.991 483.26 0.499213 467.617 395.25 0.655603 479.368 444.182 0.101529 493.095 475.438 0.0925319 442.129 475.39 0.723354 446.084 530.234 0.776478 446.028 585.066 0.95432 442.186 473.431 0.550945 461.75 532.139 0.654299 453.943 569.354 0.492013 510.729 385.471 0.450165 0 0 0 506.653 383.444 0.785366 0 0 0 1
0 111 253 510.684 397.182 0.485646 477.341 399.089 0.826539 491.058 399.215 0.742892 489.163 444.183 0.710615 496.992 479.351 0.542237 465.684 397.13 0.693307 479.372 444.146 0.0898498 0 0 0 444.044 475.411 0.73481 446.11 528.291 0.767806 446.017 585.044 0.956766 438.263 471.483 0.537743 461.81 532.151 0.68749 453.887 571.278 0.494649 512.579 389.329 0.483832 0 0 0 506.638 383.533 0.800196 0 0 0 1
0 111 254 510.624 397.212 0.518238 475.515 399.12 0.805978 489.114 401.1 0.694221 487.181 446.05 0.689264 491.135 487.15 0.692646 467.582 397.158 0.672263 479.363 444.147 0.101621 493.106 475.409 0.0770859 442.162 475.454 0.746566 446.137 528.279 0.769564 446.021 585.04 0.968316 444.083 473.479 0.554144 463.671 534.103 0.678765 451.988 571.305 0.505487 510.647 391.279 0.50932 0 0 0 504.739 385.397 0.75787 0 0 0 1
0 111 255 510.682 399.071 0.51287 477.342 399.125 0.800247 489.141 401.137 0.715136 487.19 448.024 0.72818 492.998 490.998 0.762106 469.531 397.135 0.673711 477.455 444.178 0.0846138 0 0 0 442.176 475.477 0.747323 446.143 528.271 0.757351 446.031 585.05 0.972658 440.224 473.44 0.555133 463.68 534.089 0.677964 455.833 569.361 0.523722 510.724 393.254 0.508751 0 0 0 506.646 385.436 0.783144 0 0 0 1
0 111 256 510.707 399.066 0.472455 477.396 399.115 0.79858 490.993 403.033 0.727366 487.146 448.03 0.741666 491.161 491.039 0.789768 471.48 397.088 0.659982 477.426 442.178 0.0578189 0 0 0 444.041 475.45 0.746579 446.156 528.273 0.763813 446.033 585.068 0.97457 442.166 473.416 0.547145 463.691 532.185 0.687136 455.84 569.371 0.524458 512.584 393.236 0.477102 0 0 0 506.661 385.415 0.786481 0 0 0 1
0 111 257 510.692 399.164 0.42266 477.412 399.151 0.781932 491.003 403.083 0.751033 489.062 449.97 0.745779 493.049 491.034 0.761151 471.522 397.114 0.647124 477.445 444.136 0.0655855 0 0 0 442.171 475.461 0.748766 446.159 530.245 0.763921 446.03 585.073 0.973059 442.159 473.438 0.546443 463.745 534.134 0.704238 451.967 571.337 0.52313 510.719 395.206 0.444666 0 0 0 506.668 385.466 0.755114 0 0 0 1
0 111 258 510.718 399.109 0.262309 479.372 399.15 0.76252 491.118 403.075 0.774405 487.167 448.094 0.755452 491.111 491.117 0.803383 473.496 397.118 0.666603 0 0 0 0 0 0 442.167 475.407 0.740015 446.141 530.222 0.770722 446.03 585.068 0.964522 442.131 471.516 0.529244 463.738 534.115 0.680852 451.958 571.35 0.534384 512.611 395.146 0.294209 0 0 0 508.646 385.474 0.729972 0 0 0 1
0 111 259 512.598 397.238 0.331184 479.316 399.179 0.804603 491.137 405.004 0.795877 485.192 448.023 0.777505 491.022 490.998 0.813455 473.414 397.148 0.71252 0 0 0 0 0 0 444.076 475.427 0.759283 446.118 532.166 0.773191 446.033 585.076 0.952394 432.424 467.594 0.56616 463.674 534.116 0.684239 451.94 573.246 0.523908 512.61 393.244 0.354119 0 0 0 506.796 385.448 0.771795 0 0 0 1
0 111 260 514.564 397.161 0.408956 479.339 399.154 0.768791 491.058 403.091 0.750869 483.283 448.053 0.757636 491.109 489.087 0.789069 473.493 397.116 0.672578 477.432 438.273 0.0529498 0 0 0 442.195 475.378 0.741609 446.147 530.22 0.752077 446.035 585.074 0.953768 436.286 467.616 0.544247 463.695 532.189 0.687519 451.934 573.269 0.54027 512.661 391.27 0.422617 0 0 0 506.736 383.586 0.770197 0 0 0 1
0 111 261 512.633 399.205 0.292578 479.385 399.224 0.697517 491.036 404.962 0.708444 483.287 446.132 0.740645 491.04 489.091 0.778495 475.373 397.215 0.640155 477.402 438.292 0.0526712 0 0 0 438.283 475.342 0.729506 446.127 528.28 0.767667 446.034 585.067 0.961391 444.113 471.545 0.539227 463.77 530.238 0.687999 453.911 571.344 0.549614 512.606 397.073 0.319788 0 0 0 508.646 387.423 0.646215 0 0 0 1
0 111 262 512.626 399.164 0.302609 479.362 399.211 0.736262 491.085 404.984 0.761027 485.181 446.149 0.763176 491.074 489.147 0.822656 475.365 397.191 0.664969 475.494 438.276 0.0512703 0 0 0 438.279 473.51 0.732784 446.087 526.364 0.765371 446.045 585.06 0.9692 440.185 469.58 0.531561 463.683 528.267 0.688352 455.854 569.347 0.519249 512.626 395.236 0.336555 0 0 0 508.64 387.389 0.711345 0 0 0 1
0 111 263 518.503 399.094 0.371758 481.348 401.112 0.584816 485.231 403.062 0.687935 485.183 446.086 0.659623 491.024 487.195 0.750548 479.328 399.195 0.497865 477.491 444.078 0.0622923 0 0 0 436.281 473.491 0.747292 446.047 536.009 0.795866 446.032 586.9 0.975616 453.914 475.382 0.596982 463.712 536.023 0.679256 451.983 569.365 0.47925 516.518 393.268 0.38321 0 0 0 506.78 385.494 0.651742 0 0 0 1
0 111 264 518.442 399.225 0.310326 481.322 403.012 0.584342 0 0 0 0 0 0 0 0 0 477.464 401.11 0.492159 479.361 444.16 0.0868105 489.155 473.476 0.0529397 432.414 475.378 0.77782 446.036 536.018 0.800136 446.04 586.922 0.982552 451.93 475.449 0.633001 463.724 534.146 0.666041 457.836 561.547 0.478104 514.603 397.088 0.323983 0 0 0 506.799 389.319 0.567657 0 0 0 1
0 111 265 516.545 401.123 0.459518 479.322 403.065 0.608777 479.318 403.082 0.703579 481.269 446.184 0.660331 487.169 489.077 0.72073 0 0 0 0 0 0 0 0 0 432.424 475.461 0.769135 446.032 536.036 0.793883 446.03 586.914 0.972999 448.084 477.328 0.643321 461.811 534.148 0.665478 457.846 561.553 0.473175 514.576 397.132 0.485208 0 0 0 506.699 389.324 0.643193 0 0 0 1
0 111 266 514.588 404.984 0.445219 479.317 403.089 0.622921 479.347 405.001 0.689044 481.273 446.123 0.674453 483.281 489.058 0.734435 0 0 0 0 0 0 0 0 0 434.317 475.476 0.765684 446.014 536.033 0.793507 446.03 586.903 0.992135 449.988 477.353 0.644037 463.662 534.118 0.657872 459.807 557.616 0.49727 514.596 397.224 0.482824 0 0 0 506.732 391.326 0.65866 0 0 0 1
0 111 267 518.491 403.066 0.475558 479.328 405.018 0.63564 479.389 406.964 0.710836 479.363 448.025 0.734016 483.235 489.116 0.79543 477.428 403.045 0.542859 479.375 446.103 0.121552 489.167 475.48 0.0815767 432.442 477.327 0.77914 446.035 536.11 0.808429 446.037 586.902 0.979812 451.923 477.395 0.645697 465.618 536.077 0.717006 455.883 565.435 0.471545 518.464 397.207 0.517525 0 0 0 506.781 393.243 0.69644 0 0 0 1
0 111 268 514.57 406.93 0.513996 477.464 405.002 0.629124 477.438 405.006 0.71886 479.394 448.035 0.723964 487.126 491.049 0.803461 477.436 403.076 0.527249 481.297 446.141 0.142086 490.991 477.384 0.0843274 432.413 477.329 0.77548 446.029 536.067 0.804131 446.01 586.88 0.98374 450.009 477.414 0.65418 465.632 536.089 0.694227 455.869 563.506 0.449122 516.49 399.067 0.561641 0 0 0 506.735 393.229 0.707374 0 0 0 1
0 111 269 514.564 406.941 0.525712 477.41 404.982 0.627851 479.32 405.022 0.71158 479.369 448.037 0.718951 489.082 491.003 0.761614 475.443 403.028 0.53471 479.353 446.099 0.119798 489.085 473.47 0.0587579 432.403 477.399 0.757334 446.022 536.089 0.802009 444.223 586.895 0.969795 446.159 477.42 0.652141 463.764 536.098 0.702682 451.94 569.31 0.40825 516.501 399.068 0.57948 0 0 0 506.734 393.226 0.731863 0 0 0 1
0 111 270 518.444 406.938 0.458823 477.458 406.945 0.629127 0 0 0 0 0 0 0 0 0 477.356 403.05 0.53155 479.379 446.09 0.106012 489.106 473.485 0.0555846 432.397 477.403 0.757233 444.212 537.941 0.793807 444.217 586.887 0.959019 446.134 477.426 0.647131 463.762 536.115 0.698393 450.007 569.376 0.393445 518.482 399.079 0.51972 0 0 0 506.798 395.163 0.700077 0 0 0 1
0 111 271 520.445 408.91 0.428361 479.368 406.938 0.632579 485.2 408.915 0.715251 479.42 451.938 0.739922 485.227 491.103 0.811092 477.344 401.128 0.559271 477.456 446.089 0.0784615 489.062 475.407 0.0514683 432.382 477.402 0.76811 444.203 537.963 0.794105 444.223 586.885 0.950145 446.083 477.394 0.638236 463.767 537.971 0.707854 448.102 571.313 0.422202 522.294 399.128 0.492084 0 0 0 508.712 395.242 0.687477 0 0 0 1
0 111 272 522.305 410.819 0.528188 479.373 406.977 0.625278 483.285 408.942 0.723288 479.403 451.986 0.73934 485.242 491.092 0.808628 477.408 403.032 0.541938 479.337 448.009 0.0873225 487.189 475.452 0.0581904 432.366 477.344 0.769715 446.008 537.941 0.793867 445.997 586.878 0.949076 446.131 477.362 0.652419 465.648 537.968 0.734849 448.067 573.245 0.447168 522.292 399.183 0.591464 0 0 0 508.644 397.113 0.715685 0 0 0 1
0 111 273 520.416 410.9 0.563102 479.335 408.866 0.622338 0 0 0 0 0 0 0 0 0 477.428 403.078 0.527937 479.343 448.007 0.0993939 489.075 475.469 0.05947 430.51 477.366 0.771717 444.191 537.954 0.808941 444.224 586.886 0.936931 446.15 477.38 0.663188 463.762 537.965 0.742818 448.06 575.19 0.477247 520.42 401.067 0.598926 0 0 0 506.757 397.136 0.705354 0 0 0 1
0 111 274 520.447 410.892 0.584065 479.326 408.897 0.652655 483.25 410.85 0.755948 477.454 451.969 0.780898 483.24 491.146 0.85518 477.387 403.081 0.562186 477.412 448.007 0.100873 487.146 475.469 0.0549126 430.523 477.392 0.776832 444.162 537.973 0.81768 446.002 586.867 0.939033 446.139 477.385 0.658712 465.622 537.961 0.731629 448.093 573.257 0.47286 520.451 401.077 0.619398 0 0 0 506.782 397.141 0.735094 0 0 0 1
0 111 275 518.462 412.723 0.580848 477.45 406.98 0.682848 479.403 410.83 0.756243 477.403 453.886 0.795591 481.281 493.102 0.871995 477.347 401.147 0.578124 477.44 446.075 0.101989 0 0 0 430.465 477.389 0.779788 444.188 537.954 0.801227 446.021 585.089 0.946488 446.094 477.379 0.663911 465.664 537.97 0.723436 448.054 573.245 0.487815 518.491 401.111 0.609239 0 0 0 506.745 397.124 0.739283 0 0 0 1
0 111 276 520.401 412.768 0.588425 479.341 406.987 0.652918 483.243 410.871 0.755422 477.364 453.938 0.794957 481.32 493.116 0.852137 477.37 401.147 0.567448 475.484 446.112 0.0879696 0 0 0 430.417 477.384 0.780751 444.165 537.96 0.796831 446.016 585.072 0.943752 446.088 477.385 0.676108 465.648 538.026 0.732647 448.04 573.226 0.475817 520.424 401.158 0.60577 0 0 0 508.64 397.162 0.729664 0 0 0 1
0 111 277 520.425 412.808 0.532406 479.375 408.872 0.648178 485.201 410.876 0.76258 477.382 455.861 0.797766 479.428 496.934 0.858137 477.366 403.043 0.564888 475.461 448.003 0.0805548 0 0 0 430.423 477.442 0.780459 444.172 538.013 0.79359 444.213 585.068 0.913635 446.088 477.438 0.66092 463.763 538.029 0.761307 446.151 575.19 0.522961 520.468 403.058 0.541823 0 0 0 508.749 397.223 0.723154 0 0 0 1
0 111 278 518.496 412.848 0.467815 481.281 410.805 0.6296 0 0 0 0 0 0 0 0 0 479.346 405.006 0.517105 477.422 448.038 0.0792679 0 0 0 428.502 477.422 0.77781 444.135 537.994 0.767335 444.178 585.056 0.91257 446.085 477.465 0.664074 463.716 538.005 0.694653 446.149 571.341 0.458473 520.387 403.096 0.478395 0 0 0 508.709 397.228 0.70562 0 0 0 1
0 111 279 516.521 414.724 0.449325 479.384 410.804 0.641775 0 0 0 0 0 0 0 0 0 477.413 405.04 0.523253 479.323 448.058 0.0975669 0 0 0 428.505 477.409 0.767251 442.212 537.991 0.71788 444.098 584.972 0.871884 446.06 477.436 0.650592 461.772 537.964 0.655171 448.063 569.324 0.409195 518.471 406.945 0.452385 0 0 0 508.666 397.214 0.694228 0 0 0 1
0 111 280 516.532 414.727 0.406009 479.367 408.879 0.648034 481.335 410.877 0.709815 477.327 455.839 0.744431 477.426 495.051 0.837489 477.354 403.069 0.526974 479.323 446.124 0.0761407 0 0 0 430.423 477.457 0.755224 442.149 538.037 0.721969 444.025 584.982 0.849846 446.086 477.473 0.625911 461.72 537.96 0.574362 459.816 553.673 0.419468 518.493 406.952 0.40669 0 0 0 508.72 397.214 0.688124 0 0 0 1
0 111 281 514.59 414.767 0.528425 477.431 408.92 0.699057 479.409 412.777 0.746092 475.482 455.859 0.75875 477.327 495.072 0.854398 475.408 403.095 0.570813 477.387 451.932 0.12169 0 0 0 430.404 479.351 0.758934 442.144 538.073 0.730684 442.204 585.077 0.861515 444.131 477.475 0.639122 459.834 536.042 0.597589 461.718 549.814 0.409971 516.54 408.911 0.519295 0 0 0 508.626 397.228 0.733046 0 0 0 1
0 111 282 510.719 416.775 0.546396 477.44 408.935 0.685412 479.389 412.809 0.736968 475.497 455.9 0.712602 477.323 496.955 0.786823 475.409 404.997 0.553323 477.425 449.997 0.126977 487.154 477.384 0.0762897 430.382 479.327 0.752435 442.111 538.091 0.734949 442.151 586.948 0.861236 444.132 477.452 0.625843 459.834 534.137 0.535025 461.755 549.808 0.435143 512.629 412.778 0.576036 0 0 0 506.757 399.131 0.710111 0 0 0 1
0 111 283 512.605 420.684 0.530635 477.346 412.795 0.746697 475.385 414.724 0.75638 475.412 453.945 0.581494 475.482 494.998 0.656951 479.359 410.897 0.531766 479.343 451.984 0.226897 504.798 465.683 0.347335 430.381 483.253 0.753249 440.165 540.007 0.744363 442.12 587 0.865521 446.145 483.258 0.64098 459.831 534.143 0.507798 463.662 547.827 0.482138 512.655 412.886 0.615439 522.358 414.789 0.0702963 504.759 401.1 0.635783 0 0 0 1
0 111 284 508.732 420.684 0.682452 475.413 412.762 0.765304 471.516 412.762 0.760243 473.478 451.953 0.556795 475.498 494.971 0.673839 477.42 412.825 0.602364 475.524 455.834 0.380587 500.863 473.504 0.314369 428.461 483.28 0.760782 438.253 540.044 0.728936 442.116 587.06 0.857035 446.052 485.187 0.674462 459.767 536.114 0.580253 461.724 553.622 0.434114 508.775 412.895 0.753797 514.595 414.775 0.139467 498.951 399.208 0.640811 0 0 0 1
0 111 285 508.789 424.552 0.702464 475.442 412.843 0.75257 469.53 412.852 0.758595 469.58 455.871 0.556443 475.405 493.115 0.685747 483.245 414.744 0.582004 477.361 455.873 0.32643 504.738 467.635 0.291859 426.554 485.241 0.734271 438.244 540.075 0.729904 442.112 588.918 0.858448 446.067 485.236 0.664386 459.844 534.107 0.483172 461.831 549.741 0.464022 508.781 414.71 0.780101 518.473 414.808 0.224842 496.97 401.075 0.620583 0 0 0 1
0 111 286 510.684 424.574 0.486221 475.413 414.795 0.566427 465.628 416.76 0.594065 475.492 491.049 0.211841 0 0 0 477.424 414.783 0.35734 475.472 463.701 0.110803 0 0 0 422.58 492.984 0.60103 438.275 541.946 0.547213 442.108 587.063 0.775312 446.015 491.04 0.552176 461.694 532.167 0.281197 463.773 542.006 0.412606 508.767 414.792 0.56532 520.453 414.737 0.183105 496.98 405.024 0.500151 0 0 0 1
0 111 287 510.63 426.449 0.524518 475.418 418.68 0.366971 461.759 418.689 0.44933 473.438 481.31 0.0698253 477.372 493.048 0.170327 0 0 0 0 0 0 0 0 0 416.802 491.126 0.494603 436.333 539.994 0.464155 442.12 587.047 0.715943 444.135 491.062 0.371388 459.756 526.291 0.183739 463.757 541.963 0.354599 508.667 414.789 0.598593 518.482 414.811 0.274898 493.062 406.943 0.46317 0 0 0 1
0 111 288 508.783 424.524 0.470213 477.417 420.639 0.267744 465.628 416.757 0.32452 0 0 0 0 0 0 481.305 432.4 0.149463 473.445 479.346 0.0734743 0 0 0 416.759 489.119 0.358754 438.258 534.148 0.287606 442.109 587.043 0.521267 436.287 491.102 0.222061 449.974 528.267 0.164729 442.184 583.025 0.150545 508.624 414.739 0.538608 518.457 414.788 0.313924 491.158 406.961 0.396921 0 0 0 1
0 111 289 510.646 426.492 0.579118 475.375 416.806 0.635881 463.679 416.762 0.646548 463.694 461.764 0.265329 491.022 477.374 0.263483 481.327 420.668 0.456137 475.432 463.671 0.179294 495.021 475.464 0.195161 416.787 489.085 0.6775 436.329 539.953 0.708832 442.157 588.915 0.841006 444.06 489.127 0.558611 459.826 528.269 0.335301 461.836 545.868 0.455847 508.742 414.836 0.630993 520.39 414.797 0.203426 493.133 406.934 0.574865 0 0 0 1
0 111 290 510.684 426.541 0.435269 475.41 426.522 0.473984 463.667 420.693 0.456312 473.412 487.17 0.229865 491.142 481.33 0.272594 479.355 426.519 0.26308 0 0 0 0 0 0 414.754 491.025 0.610664 440.224 540.027 0.5958 442.145 588.935 0.745969 430.455 491.099 0.366122 451.954 536.072 0.172282 461.843 543.951 0.272514 508.756 416.736 0.495281 520.376 414.79 0.155678 494.991 412.774 0.509358 0 0 0 1
0 111 291 508.712 430.444 0.450231 473.436 422.588 0.566552 463.692 418.74 0.607887 463.688 473.508 0.355458 467.623 504.808 0.313169 0 0 0 0 0 0 0 0 0 414.869 491.108 0.718851 440.224 541.946 0.743852 442.156 590.842 0.822399 434.352 491.114 0.481204 459.754 536.064 0.271049 461.837 545.897 0.325711 508.752 424.543 0.461577 0 0 0 498.88 412.882 0.570747 0 0 0 1
0 111 292 506.796 432.419 0.357234 471.513 422.598 0.456987 0 0 0 0 0 0 0 0 0 461.802 418.71 0.29447 0 0 0 0 0 0 414.834 492.995 0.673702 440.234 541.986 0.718788 442.169 590.859 0.787784 428.436 491.148 0.448268 448.058 539.971 0.332038 444.171 569.371 0.269873 508.666 428.414 0.39048 0 0 0 498.887 414.79 0.472001 0 0 0 1
0 111 293 506.741 434.348 0.30138 467.584 424.56 0.539934 459.727 426.508 0.587677 463.693 479.328 0.341968 463.711 506.702 0.140724 473.439 422.603 0.33093 0 0 0 0 0 0 414.776 493.089 0.723058 442.132 543.882 0.773093 442.202 590.881 0.82342 438.243 493.023 0.458886 459.794 530.245 0.246878 461.814 543.899 0.360554 506.769 428.499 0.374635 0 0 0 493.099 416.807 0.534502 0 0 0 1
0 111 294 508.644 432.404 0.380613 463.731 422.636 0.610393 461.693 426.457 0.628559 463.668 475.364 0.475269 489.15 479.326 0.39048 463.731 420.636 0.421322 0 0 0 0 0 0 414.733 494.984 0.748655 442.202 545.844 0.798893 442.175 590.916 0.819305 430.414 493.099 0.534271 459.755 536.104 0.340253 461.706 549.795 0.328692 506.776 428.409 0.442647 0 0 0 493.051 414.867 0.555455 0 0 0 1
0 111 295 506.664 430.495 0.302607 463.73 426.493 0.687918 461.799 428.517 0.625841 461.665 477.406 0.664513 461.792 514.514 0.466379 461.749 418.705 0.482042 471.515 473.43 0.0956329 473.412 518.46 0.0522043 414.76 495.011 0.738639 444.052 547.839 0.792805 442.157 590.896 0.80096 430.409 493.107 0.528955 467.587 530.231 0.402954 459.719 555.643 0.348836 506.667 426.538 0.365383 0 0 0 493.073 416.792 0.594802 0 0 0 1
0 111 296 504.814 430.376 0.45758 461.814 428.44 0.769008 450.028 430.372 0.6942 459.807 477.43 0.521114 491.083 481.286 0.289504 475.385 426.524 0.508714 477.369 467.584 0.148042 502.799 475.387 0.175108 412.894 493.059 0.74761 444.03 547.802 0.760711 442.17 590.865 0.804478 436.294 493.029 0.569369 461.797 536.085 0.413591 461.644 547.816 0.338319 504.78 424.553 0.487987 0 0 0 491.069 416.789 0.622729 0 0 0 1
0 111 297 504.8 430.478 0.440714 461.694 428.562 0.753119 459.808 432.442 0.571421 459.726 487.139 0.608946 457.79 522.392 0.457976 457.818 420.674 0.487067 475.434 475.393 0.0937736 498.922 477.398 0.129279 412.834 495.04 0.675678 444.081 543.916 0.668728 442.161 588.988 0.722564 412.797 491.143 0.459001 451.94 539.956 0.330971 444.073 581.055 0.309779 504.744 426.517 0.477953 0 0 0 491.106 420.683 0.641141 0 0 0 1
0 111 298 500.888 436.327 0.37898 459.739 428.531 0.587084 449.994 430.516 0.60296 453.939 489.143 0.44855 457.787 524.3 0.337268 457.82 420.691 0.326617 467.631 473.49 0.0889189 491.095 477.456 0.132917 412.823 500.883 0.608417 444.037 545.852 0.634595 442.126 590.883 0.654464 414.816 493.134 0.367495 446.061 543.919 0.304177 442.183 583.034 0.331334 498.891 430.373 0.438385 0 0 0 487.156 424.546 0.516505 0 0 0 1
0 111 299 498.885 436.303 0.429309 459.71 430.49 0.741726 449.974 432.464 0.651202 448.096 489.12 0.584061 448.024 522.446 0.42751 461.767 426.489 0.494596 473.441 475.386 0.148044 493.133 475.43 0.213678 412.803 498.932 0.709398 442.147 543.955 0.725426 442.147 590.905 0.758655 426.468 495.041 0.457733 446.107 543.898 0.298583 442.184 577.183 0.225205 495.008 430.365 0.501595 0 0 0 479.374 424.548 0.583832 0 0 0 1
0 111 300 498.921 430.448 0.130101 459.756 432.354 0.757207 448.091 438.271 0.67752 442.168 492.975 0.725296 444.147 526.343 0.587093 465.679 428.387 0.537803 477.375 465.645 0.171449 495.027 473.444 0.343904 410.905 502.819 0.740509 440.222 542.015 0.764091 442.122 590.852 0.81966 430.484 495.01 0.48311 457.83 536.119 0.183797 459.819 555.639 0.137237 495.008 426.547 0.13715 0 0 0 481.345 424.572 0.403928 0 0 0 1
0 111 301 483.261 442.146 0.173388 459.688 430.512 0.659184 444.18 432.39 0.636488 457.787 477.446 0.317136 479.39 483.243 0.33947 469.552 430.366 0.400076 471.512 473.476 0.166264 0 0 0 412.817 502.792 0.706811 440.206 547.803 0.761501 442.176 594.746 0.782358 434.353 502.785 0.486501 446.063 547.787 0.255283 442.172 571.27 0.192571 485.226 434.364 0.159997 0 0 0 477.353 426.526 0.346143 0 0 0 1
0 111 302 481.304 442.156 0.321954 457.807 432.43 0.719224 440.206 436.331 0.672567 424.54 467.603 0.337947 469.545 481.295 0.343205 473.495 430.455 0.532557 477.423 467.598 0.250325 491.07 477.401 0.256588 414.714 506.66 0.710236 438.278 549.733 0.771339 442.155 592.845 0.799589 446.067 504.733 0.617462 461.716 547.785 0.22034 461.789 553.679 0.356291 479.375 436.28 0.307909 489.164 430.456 0.107094 463.737 426.545 0.482728 0 0 0 1
0 111 303 477.494 442.205 0.3963 451.953 436.308 0.700171 436.285 442.125 0.694378 416.774 481.303 0.458395 430.386 512.6 0.141734 467.612 432.426 0.568186 467.649 475.357 0.337543 475.506 489.094 0.322473 416.711 506.698 0.696433 434.376 547.818 0.767217 442.156 592.794 0.840417 448.046 502.823 0.671642 461.734 553.599 0.491679 461.669 555.71 0.433692 479.325 434.344 0.387439 0 0 0 463.713 426.511 0.561916 0 0 0 1
0 111 304 477.462 446.056 0.35232 453.927 438.261 0.6061 438.284 444.112 0.640448 428.41 487.188 0.289493 463.748 492.988 0.255287 469.547 432.407 0.454115 475.37 469.564 0.229671 477.387 487.169 0.308106 418.716 508.631 0.633661 434.371 549.802 0.735085 442.134 592.851 0.793255 448.056 504.784 0.633739 459.772 551.754 0.346298 459.779 559.605 0.418603 477.368 442.149 0.33704 487.157 436.306 0.101966 461.713 428.506 0.495005 0 0 0 1
0 111 305 479.314 446.111 0.434494 446.182 444.155 0.754535 432.393 446.143 0.7272 428.409 493.093 0.532913 430.434 528.238 0.358883 463.752 442.152 0.575819 469.577 477.349 0.420136 475.377 493.085 0.373147 416.732 510.696 0.707062 434.371 551.69 0.771724 442.199 596.695 0.812895 444.208 508.673 0.66986 446.086 551.73 0.427236 446.118 573.305 0.438539 477.432 442.203 0.433197 489.129 442.115 0.119104 461.713 430.4 0.506966 0 0 0 1
0 111 306 477.382 446.188 0.686717 446.139 450.039 0.818994 430.414 459.74 0.832231 426.47 506.722 0.659641 428.54 539.981 0.565296 465.617 446.078 0.658011 471.525 479.331 0.509423 475.363 493.027 0.45215 414.725 514.554 0.712219 430.536 551.678 0.676642 442.162 592.808 0.793033 444.169 506.706 0.660018 463.676 522.451 0.767225 461.752 569.366 0.894967 475.399 444.091 0.706097 483.258 444.008 0.43127 451.968 434.327 0.617721 0 0 0 1
0 111 307 485.216 444.135 0.643308 446.088 455.857 0.840559 430.44 457.859 0.82213 426.5 504.749 0.637619 430.459 538.036 0.370445 461.785 453.898 0.727169 463.713 485.217 0.575173 473.452 498.943 0.514869 416.796 516.496 0.693028 432.373 549.755 0.716191 442.115 590.878 0.82307 446.014 508.684 0.696787 463.677 530.208 0.786887 463.681 573.277 0.855734 479.387 438.22 0.660556 489.141 432.421 0.126204 463.668 434.316 0.674702 0 0 0 1
0 111 308 479.33 442.208 0.76408 446.062 457.824 0.862814 430.405 459.811 0.85174 418.687 510.714 0.677823 428.572 555.661 0.487778 461.773 455.881 0.721201 463.664 491.062 0.398747 473.494 504.798 0.255042 416.756 524.298 0.706112 432.456 555.62 0.411967 442.188 590.882 0.701817 446.023 516.541 0.621003 463.718 528.303 0.73552 469.536 579.141 0.759198 477.338 432.475 0.784155 481.365 430.53 0.232855 459.759 432.391 0.722955 0 0 0 0
0 111 309 477.448 442.162 0.76747 446.06 459.724 0.872914 430.394 461.746 0.853708 420.626 520.444 0.639183 440.154 581.084 0.53227 461.779 457.803 0.735576 465.665 491.006 0.390358 475.402 510.635 0.209394 418.706 526.344 0.674373 436.311 551.726 0.387518 442.178 587.024 0.63254 446.111 522.36 0.663034 471.488 538.011 0.710771 475.435 586.938 0.838629 475.486 432.444 0.789144 479.36 432.355 0.279555 457.861 432.401 0.713277 0 0 0 0
0 111 310 477.329 444.034 0.836907 446.12 459.692 0.865838 430.418 461.726 0.874792 414.828 514.557 0.716441 426.506 555.622 0.530648 463.707 455.88 0.701912 471.538 489.111 0.394655 493.076 481.323 0.305438 426.555 526.321 0.703804 436.324 557.581 0.472889 442.18 590.914 0.659346 455.893 522.323 0.689817 473.44 545.861 0.712734 477.468 598.675 0.820421 475.344 434.357 0.789106 477.481 434.329 0.377066 457.796 432.412 0.740622 0 0 0 0
0 111 311 477.324 444.203 0.846609 446.052 459.8 0.866915 430.369 463.733 0.858335 414.708 516.495 0.762442 420.682 551.752 0.643187 461.806 455.895 0.678777 475.456 477.406 0.269002 493.011 479.364 0.229672 428.487 528.238 0.698772 442.113 555.682 0.502404 442.136 592.802 0.721536 457.793 522.343 0.684653 471.499 551.662 0.737241 481.312 600.715 0.798899 473.499 440.219 0.782934 477.474 440.224 0.300832 457.756 436.311 0.728023 0 0 0 0
0 111 312 475.498 446.052 0.865767 446.104 461.671 0.887329 430.38 465.624 0.83738 414.794 510.713 0.77277 418.707 549.753 0.656619 463.758 459.693 0.727185 479.355 487.181 0.387727 494.989 479.363 0.323415 434.318 530.23 0.650216 444.048 559.548 0.508115 442.124 592.814 0.739455 459.859 524.301 0.762889 473.499 561.496 0.755279 485.249 610.452 0.74893 473.433 442.176 0.79923 477.439 440.247 0.402014 455.865 440.214 0.690217 0 0 0 0
0 111 313 477.335 446.183 0.854443 449.984 461.696 0.789701 432.404 463.722 0.76807 420.652 506.796 0.53271 416.756 541.977 0.372864 469.554 459.776 0.691879 489.08 491.116 0.506094 495.054 473.503 0.40927 434.36 532.183 0.563226 446.047 555.649 0.447974 442.13 588.97 0.704444 461.743 524.419 0.609258 475.426 559.545 0.619858 489.097 614.267 0.672446 473.471 444.13 0.857061 479.36 444.037 0.58622 453.91 442.109 0.71049 0 0 0 0
0 111 314 477.334 450.019 0.84742 453.908 461.773 0.823988 430.467 465.697 0.828972 420.639 510.676 0.731525 424.548 551.707 0.598576 475.462 459.787 0.7906 485.185 489.134 0.557675 485.234 508.676 0.413156 442.162 532.16 0.697737 442.13 567.34 0.529429 442.19 596.729 0.737588 465.658 524.433 0.707132 477.338 567.353 0.783372 487.179 616.268 0.795656 473.449 446.045 0.874349 479.382 444.186 0.691146 451.976 444.069 0.766793 0 0 0 0
0 111 315 477.368 453.908 0.895953 453.906 463.686 0.823056 430.421 471.531 0.853458 420.655 518.449 0.735905 426.552 553.662 0.627575 477.341 461.684 0.85673 489.102 493.039 0.6405 491.149 522.312 0.52946 442.145 534.117 0.685329 446.105 559.554 0.526122 442.208 592.839 0.783152 467.625 526.36 0.698878 477.357 565.426 0.782203 485.23 616.344 0.805498 473.458 446.096 0.920774 479.414 446.063 0.754189 451.928 444.112 0.831156 0 0 0 0
0 111 316 477.372 455.897 0.915269 457.809 465.653 0.822025 430.514 473.454 0.859062 422.592 518.479 0.779642 426.549 555.668 0.759599 479.311 461.833 0.82595 491.105 496.934 0.619993 494.988 522.303 0.48832 444.073 536.098 0.733266 448.022 567.366 0.504205 442.137 598.639 0.746808 473.405 532.162 0.722494 477.485 569.296 0.800677 485.249 618.228 0.808719 473.447 446.183 0.894241 479.425 446.169 0.806835 451.97 444.214 0.809929 0 0 0 0
0 111 317 477.401 457.86 0.943435 459.699 465.687 0.810249 430.521 475.365 0.858349 424.54 522.377 0.740374 428.561 561.537 0.598237 481.321 461.786 0.79529 493.135 493.036 0.665917 504.72 518.452 0.571918 444.196 538.01 0.638486 465.661 557.591 0.563298 442.162 590.903 0.70389 475.437 530.202 0.660416 485.257 561.499 0.64616 487.133 616.367 0.774404 473.454 448.102 0.870763 481.285 448.072 0.801316 451.99 446.115 0.777866 0 0 0 0
0 111 318 477.419 459.703 0.948238 461.688 471.555 0.878278 432.453 475.514 0.878638 424.568 524.304 0.798515 430.521 569.312 0.662517 489.142 463.739 0.835173 500.836 496.967 0.651229 506.758 518.454 0.557308 446.182 540.06 0.66493 461.696 561.488 0.369299 446.047 594.788 0.606192 477.487 536.079 0.688511 487.203 557.581 0.659341 487.155 616.28 0.762593 473.447 450.046 0.851121 481.298 448.096 0.825786 455.861 448.038 0.770452 0 0 0 0
0 111 319 477.427 459.733 0.934007 461.716 475.368 0.919946 432.468 477.44 0.851401 424.577 524.308 0.808088 428.527 561.528 0.787612 491.028 467.601 0.84963 502.824 498.891 0.634551 506.769 518.466 0.59076 450.038 553.611 0.706882 448.087 596.729 0.452489 450.011 606.512 0.585815 483.26 541.978 0.693427 489.06 571.301 0.552909 487.13 618.183 0.769021 473.464 451.978 0.844404 481.305 449.971 0.79837 455.852 449.979 0.751646 0 0 0 0
0 111 320 477.474 459.791 0.928057 461.76 475.473 0.926335 436.273 479.363 0.817627 426.465 526.291 0.804589 430.412 569.283 0.798905 491.057 471.488 0.852644 504.782 500.858 0.616737 510.709 512.596 0.532351 455.839 551.76 0.688614 450.017 598.709 0.416647 451.937 608.479 0.463211 485.241 541.996 0.698668 489.122 573.26 0.609962 487.152 618.208 0.772894 473.49 453.926 0.854301 483.277 451.937 0.792005 453.943 450.008 0.766478 0 0 0 0
0 111 321 479.342 459.755 0.897239 461.799 477.395 0.922674 436.279 483.234 0.790087 426.485 526.349 0.782471 430.456 569.298 0.70941 491.116 475.361 0.888541 506.704 506.717 0.656942 518.449 520.408 0.487365 451.993 551.704 0.670339 457.828 596.727 0.40865 455.829 618.204 0.408704 485.204 541.983 0.683691 489.137 573.278 0.628021 489.078 618.288 0.748209 475.325 453.904 0.836467 485.196 449.999 0.807216 453.941 453.902 0.763526 0 0 0 0
0 111 322 477.47 461.801 0.882431 461.82 477.438 0.890052 436.331 483.291 0.78808 426.467 526.359 0.752727 430.431 569.329 0.697392 491.131 475.389 0.865158 506.714 504.791 0.565446 514.568 520.383 0.431268 455.829 545.889 0.666882 461.812 587.02 0.607125 459.699 620.198 0.519676 487.165 540.057 0.724847 491.007 577.152 0.645357 489.055 618.288 0.777124 473.501 459.709 0.891628 483.27 457.82 0.827917 453.949 457.787 0.768433 0 0 0 0
0 111 323 477.39 471.54 0.911379 463.76 479.409 0.810095 436.312 487.198 0.791999 422.588 526.361 0.706892 428.556 569.288 0.624983 493.081 477.407 0.845278 508.663 514.569 0.570295 518.443 524.307 0.318373 453.912 551.714 0.731412 461.76 590.869 0.695161 459.764 630.015 0.676781 489.092 549.749 0.742788 491.013 586.908 0.633562 489.07 620.186 0.752831 471.506 461.809 0.868486 481.33 461.739 0.884384 451.957 459.848 0.814301 0 0 0 0
0 111 324 477.387 475.36 0.945188 463.711 481.326 0.824432 434.385 489.162 0.8298 422.64 534.081 0.743365 430.404 571.348 0.731764 493.034 477.414 0.875906 504.82 510.634 0.678287 506.725 536.106 0.56809 453.898 553.636 0.714869 459.848 604.541 0.60157 461.663 643.707 0.483342 489.122 549.748 0.71831 491.008 581.085 0.584933 489.059 618.267 0.783477 471.512 465.675 0.821609 481.273 463.711 0.85817 453.894 463.659 0.778075 489.138 459.723 0.104454 0
0 111 325 477.392 477.439 0.949337 463.721 485.202 0.817693 434.396 491.128 0.874197 424.584 537.982 0.755475 430.465 573.265 0.620161 493.102 477.429 0.849418 506.787 510.665 0.701307 508.769 539.962 0.516925 451.924 553.646 0.682942 459.777 600.684 0.687725 461.843 649.558 0.654783 489.112 547.853 0.691771 490.997 579.138 0.572045 487.2 618.221 0.813309 471.515 475.331 0.85355 481.312 473.414 0.850258 453.887 467.602 0.740249 491.059 461.688 0.129555 0
0 111 326 477.361 481.343 0.902189 463.663 489.126 0.846153 434.32 493.077 0.868773 422.639 537.965 0.749746 430.363 575.243 0.653139 493.068 479.389 0.813296 506.708 510.709 0.725488 508.648 540.033 0.659683 451.925 557.638 0.721397 459.825 604.556 0.756764 467.625 663.246 0.766754 489.089 553.759 0.762676 491.108 583.045 0.600316 487.184 618.259 0.852277 469.602 477.316 0.857566 479.412 475.416 0.896811 453.884 473.479 0.746443 491.006 461.743 0.178159 0
0 111 327 477.327 489.127 0.940901 461.798 493.032 0.877439 432.388 498.934 0.827964 422.6 541.933 0.758801 430.405 583.061 0.71052 493.015 487.178 0.848939 506.68 520.427 0.7615 508.631 545.888 0.650364 451.926 563.478 0.68891 459.811 616.304 0.764922 469.586 669.174 0.730299 489.105 555.633 0.734706 491.06 581.047 0.582795 489.099 618.317 0.857333 469.591 479.351 0.850846 479.377 477.458 0.905925 453.874 475.509 0.779417 489.106 467.617 0.128693 0
0 111 328 475.481 491.066 0.958968 461.761 495.055 0.851909 432.399 504.738 0.851676 424.588 547.834 0.729846 430.394 585.078 0.712907 491.14 491.08 0.843877 506.703 522.447 0.761459 512.617 557.633 0.506042 451.949 565.414 0.672653 459.805 618.317 0.736884 469.592 678.905 0.741885 489.105 555.669 0.700962 492.969 571.297 0.537218 489.128 618.276 0.855592 467.64 483.261 0.804623 477.502 481.284 0.873158 451.968 479.319 0.764655 489.135 475.499 0.171604 0
0 111 329 475.494 493.135 0.92309 461.701 502.791 0.864183 430.537 506.819 0.883669 420.642 549.752 0.663882 428.498 586.932 0.620381 491.082 493.046 0.847495 506.738 526.293 0.781772 516.521 567.402 0.565259 450.017 569.403 0.719823 459.819 624.12 0.774234 471.555 680.855 0.782909 489.109 561.518 0.696571 493.12 577.187 0.496557 489.162 620.204 0.848829 467.646 491.048 0.847866 477.503 489.124 0.877191 449.971 487.197 0.733785 483.273 475.442 0.0905945 0
0 111 330 475.517 500.851 0.888474 461.756 504.74 0.839214 432.455 508.657 0.822405 414.752 524.362 0.52175 0 0 0 491.083 495.044 0.819061 502.855 530.231 0.751504 506.774 567.365 0.693738 450.03 569.373 0.740535 459.83 618.282 0.802796 471.545 680.856 0.797533 489.054 561.517 0.702543 495.031 583.036 0.507173 489.167 622.176 0.873168 469.554 493.054 0.855561 479.327 491.135 0.889362 448.108 491.129 0.803004 487.159 479.305 0.0759354 0
0 111 331 475.461 500.888 0.886523 461.72 506.671 0.858584 434.328 508.757 0.81388 414.816 506.727 0.63571 414.839 475.385 0.381637 490.998 498.917 0.768777 498.895 532.14 0.746092 506.735 567.383 0.72366 449.988 573.258 0.73463 459.77 618.324 0.829448 473.411 680.893 0.812134 485.221 569.324 0.738204 491.028 596.722 0.414266 491.054 624.122 0.876192 467.591 493.114 0.837118 477.44 491.172 0.867356 448.044 493.059 0.771937 0 0 0 0
0 111 332 475.416 506.688 0.929646 461.736 510.659 0.844046 432.45 514.596 0.768589 414.718 508.759 0.55029 414.862 473.489 0.338311 491.011 508.709 0.812959 506.734 538.07 0.715713 522.296 573.279 0.658539 449.98 575.239 0.6953 457.862 622.152 0.797976 473.418 680.841 0.822679 487.144 571.238 0.738429 493.076 598.655 0.431057 494.985 629.981 0.850442 465.628 500.83 0.812567 477.422 495.044 0.860104 446.173 496.957 0.726804 483.282 491.101 0.118329 0
0 111 333 475.417 506.636 0.90443 459.828 512.586 0.854521 430.471 520.388 0.803728 414.758 502.787 0.388215 414.799 459.775 0.358608 489.057 508.665 0.790166 506.774 538.116 0.803286 524.303 579.159 0.711078 448.059 585.014 0.78997 461.671 631.974 0.865608 473.433 680.908 0.847563 487.167 579.159 0.727967 496.931 618.284 0.49142 498.929 633.93 0.697731 465.681 498.918 0.772994 477.368 495.025 0.792729 446.167 498.891 0.738075 0 0 0 0
0 111 334 475.511 508.617 0.938117 459.849 520.368 0.875147 430.458 524.405 0.857086 422.611 565.397 0.522804 428.532 588.941 0.288026 489.122 508.711 0.825777 506.774 541.987 0.766679 522.409 581.053 0.662942 451.945 588.966 0.694033 461.699 633.967 0.86916 473.444 680.921 0.876843 490.986 585.016 0.791465 506.628 633.862 0.586998 500.842 643.664 0.4416 469.537 504.779 0.804213 477.46 498.952 0.783391 446.187 504.793 0.759173 0 0 0 0
0 111 335 475.506 508.8 0.891512 461.678 522.425 0.880408 432.359 528.282 0.780551 422.572 559.59 0.41033 430.458 573.28 0.163148 489.162 514.572 0.782869 504.75 549.763 0.67331 522.348 583.001 0.487608 453.875 600.575 0.688894 459.86 639.756 0.797513 473.448 680.92 0.866432 489.128 592.8 0.717097 502.795 633.962 0.597917 504.783 649.614 0.613652 469.555 506.773 0.830865 477.436 504.793 0.809691 448.033 506.805 0.800586 0 0 0 0
0 111 336 475.508 512.618 0.884817 459.853 524.317 0.881157 430.417 536.05 0.834811 416.803 571.303 0.61051 428.472 588.919 0.236136 490.989 514.583 0.820216 506.762 553.6 0.815771 524.383 586.896 0.773613 455.823 602.623 0.684853 459.797 639.821 0.750669 473.429 680.895 0.869184 491.038 600.596 0.778648 498.949 643.673 0.630113 506.668 665.147 0.6523 467.62 508.657 0.857361 477.419 506.684 0.868652 446.152 508.668 0.827765 0 0 0 0
0 111 337 475.414 520.47 0.910776 459.869 524.339 0.877302 430.462 534.149 0.835079 418.684 565.416 0.448077 428.497 571.386 0.209759 490.992 518.484 0.830361 506.736 553.636 0.829833 524.301 586.963 0.819214 448.103 592.855 0.711737 457.837 635.914 0.809237 473.439 680.882 0.873691 487.175 587.017 0.72787 498.912 633.976 0.684962 506.636 675.01 0.694614 465.665 514.566 0.785691 477.372 508.775 0.850415 448.022 510.671 0.740931 479.38 500.866 0.101144 0
0 111 338 475.503 522.352 0.935994 461.656 530.187 0.856404 430.523 538.13 0.880216 422.623 579.141 0.672127 428.527 618.301 0.499916 490.983 520.461 0.836876 506.695 555.574 0.844479 522.451 587.047 0.764827 451.973 598.729 0.684731 459.751 641.718 0.786977 473.452 682.831 0.845296 489.106 592.825 0.683743 496.988 635.914 0.702039 506.717 680.801 0.769565 467.627 516.522 0.770783 477.416 510.658 0.81433 448.043 514.549 0.719512 0 0 0 0
0 111 339 477.439 524.302 0.940447 461.689 532.202 0.873101 430.466 539.949 0.890211 424.55 571.373 0.435401 432.408 586.9 0.166447 491.045 524.286 0.86336 508.637 555.744 0.860403 524.416 590.89 0.800398 453.917 600.646 0.730057 459.722 639.79 0.7883 473.47 682.853 0.873027 491.047 598.639 0.746246 498.941 647.584 0.701005 506.789 692.55 0.712977 473.416 520.457 0.835159 479.374 516.485 0.790073 449.972 522.297 0.72598 0 0 0 0
0 111 340 477.361 532.14 0.874755 461.708 536.044 0.878777 430.422 541.977 0.856842 426.531 585.024 0.612014 430.522 620.204 0.296016 491.125 524.35 0.84011 508.633 559.594 0.832774 528.235 600.561 0.769267 451.98 604.618 0.636743 459.765 641.739 0.730486 473.462 680.864 0.792465 491.074 602.608 0.748713 504.753 661.284 0.697278 508.768 714.152 0.448481 469.557 524.378 0.806893 477.475 522.359 0.850521 448.076 524.348 0.754699 479.342 506.807 0.100024 0
0 111 341 477.449 536.099 0.927014 463.729 540.055 0.84187 432.472 551.687 0.787929 430.436 575.205 0.262507 0 0 0 493.047 536.048 0.851185 508.757 569.315 0.871577 532.158 602.545 0.776657 455.876 612.414 0.688262 461.692 645.622 0.745462 471.558 680.842 0.786678 491.137 608.491 0.74765 506.631 667.19 0.604021 512.59 714.151 0.283826 471.517 528.285 0.81376 479.41 524.353 0.88459 448.095 528.31 0.735533 0 0 0 0
0 111 342 481.275 536.105 0.904456 463.736 549.74 0.824826 434.382 555.645 0.834158 428.51 602.588 0.779347 432.466 647.656 0.586006 493.084 538.076 0.859767 508.699 571.384 0.807165 532.128 602.665 0.605928 459.717 622.149 0.629264 465.634 649.531 0.510721 473.467 680.864 0.648721 493.08 618.248 0.729727 506.805 678.935 0.615402 512.591 714.162 0.198159 475.353 528.288 0.860574 483.275 524.382 0.837451 450.046 530.25 0.724564 0 0 0 0
0 111 343 481.336 539.984 0.856622 467.633 553.648 0.832982 440.2 561.526 0.757929 442.169 608.511 0.593672 442.182 651.511 0.347287 494.973 540.073 0.801808 508.786 575.248 0.746592 536.014 608.457 0.612761 459.79 629.994 0.600208 461.725 635.858 0.337258 473.45 680.806 0.55131 493.144 626.079 0.655825 508.646 692.556 0.581321 510.672 714.169 0.113201 475.364 537.974 0.880266 483.3 532.166 0.783626 455.898 538.11 0.749372 0 0 0 0
0 111 344 483.231 545.849 0.798941 471.477 555.723 0.794629 444.052 569.352 0.785776 449.981 616.307 0.574457 473.454 669.094 0.298526 495.047 547.816 0.753631 512.578 579.102 0.615897 537.954 612.377 0.505499 463.686 633.874 0.462921 0 0 0 0 0 0 500.892 624.118 0.479101 510.698 673.001 0.191298 0 0 0 475.414 540.029 0.890917 487.164 538.012 0.842704 457.788 540.096 0.743456 0 0 0 0
0 111 345 489.061 549.773 0.721312 473.4 555.6 0.550873 442.195 571.344 0.551539 438.271 618.289 0.299596 446.087 665.169 0.241925 498.897 540.023 0.323936 508.703 575.248 0.173528 537.928 616.248 0.124032 473.429 639.766 0.20796 471.514 651.534 0.0815421 473.509 682.806 0.104818 506.774 628.019 0.213516 508.725 684.772 0.101673 0 0 0 477.353 543.908 0.727069 489.087 539.929 0.735114 459.724 545.877 0.525959 491.062 524.35 0.0938087 0
0 111 346 491.035 553.658 0.726774 475.309 561.529 0.465263 444.14 575.232 0.492458 440.245 624.118 0.260056 446.181 669.172 0.299828 502.765 551.69 0.301503 508.692 581.073 0.0830301 0 0 0 473.498 663.245 0.376867 485.236 714.181 0.207307 0 0 0 506.755 649.579 0.365251 508.625 714.159 0.285865 0 0 0 479.32 549.768 0.667605 491.065 541.96 0.618384 459.861 549.807 0.543059 0 0 0 0
0 111 347 491.022 557.583 0.714827 475.372 569.3 0.628915 444.14 583.066 0.591658 440.243 631.952 0.351444 451.977 678.912 0.418003 500.886 553.698 0.474612 514.569 586.945 0.213716 508.734 604.582 0.121732 475.359 669.124 0.326015 491.079 714.173 0.141988 0 0 0 508.644 651.528 0.263186 508.74 714.138 0.168423 0 0 0 479.35 555.584 0.716797 491.083 551.715 0.643387 461.703 555.593 0.630519 0 0 0 0
0 111 348 491.165 557.656 0.513377 475.492 571.338 0.394815 446.127 586.937 0.368263 444.126 631.959 0.236057 449.982 678.958 0.281914 506.651 557.62 0.285931 518.501 588.904 0.0988711 510.638 612.382 0.0552229 475.466 669.113 0.195673 493.043 714.165 0.109137 0 0 0 510.626 647.623 0.161993 508.762 702.439 0.103283 0 0 0 483.286 555.652 0.505822 492.96 553.636 0.481759 463.68 557.577 0.408771 0 0 0 0
0 111 350 493.043 567.421 0.487349 481.282 581.082 0.323756 453.907 594.749 0.257504 449.999 630.022 0.0683005 0 0 0 508.805 569.313 0.305625 524.354 602.62 0.0894789 541.939 626.096 0.0546585 477.351 665.171 0.284344 489.13 714.164 0.233686 0 0 0 510.634 655.432 0.228011 508.719 714.163 0.22426 0 0 0 485.241 565.42 0.419292 493.012 555.753 0.402413 463.79 569.271 0.322416 0 0 0 0
0 111 351 493.085 575.191 0.72238 479.362 583.062 0.773627 446.163 594.761 0.715976 442.182 637.815 0.532896 451.944 674.975 0.440395 510.617 571.277 0.669002 524.368 604.563 0.515359 547.802 635.885 0.373653 475.486 665.182 0.569139 479.403 714.158 0.336324 0 0 0 510.65 657.421 0.574264 508.662 714.157 0.406562 0 0 0 487.182 571.265 0.697548 495 569.253 0.673299 465.693 571.244 0.581033 502.837 555.583 0.102068 0
0 111 352 493.143 575.235 0.692306 481.337 586.914 0.721578 451.926 598.677 0.652343 444.053 637.865 0.520524 449.999 678.856 0.502824 510.625 575.248 0.627609 526.323 608.477 0.459592 551.683 639.809 0.398488 477.313 669.118 0.51884 485.212 714.169 0.238704 0 0 0 512.59 663.277 0.532592 508.624 714.173 0.302727 0 0 0 489.106 571.315 0.701804 495.049 569.318 0.69091 469.568 571.371 0.527555 504.766 555.698 0.0869645 0
0 111 356 494.98 598.644 0.728017 479.418 594.803 0.627053 453.875 612.372 0.545994 463.68 663.24 0.295457 475.473 714.18 0.179582 508.769 581.086 0.477744 522.427 624.136 0.37981 539.958 678.894 0.205242 473.445 651.52 0.31575 479.367 714.162 0.233242 0 0 0 508.782 643.69 0.304203 514.61 714.143 0.12685 0 0 0 489.085 588.948 0.673304 497.004 586.913 0.683296 469.549 587.017 0.533457 506.678 571.389 0.220679 0
