0 111 58 37.2606 64.5766 0.891446 3.88296 99.8567 0.752514 0 0 0 0 0 0 0 0 0 23.561 99.7147 0.635257 39.0894 150.696 0.076096 0 0 0 31.2829 207.417 0.437208 37.1572 258.253 0.109114 0 0 0 56.7803 197.581 0.412678 56.7428 244.576 0.06354 0 0 0 29.3461 56.7121 0.827092 37.091 54.7749 0.193912 3.88334 66.5028 0.793425 0 0 0 0
0 111 59 44.9972 64.585 0.850301 17.5996 99.6762 0.719366 4.82987 99.7526 0.679482 0 0 0 0 0 0 29.38 97.8102 0.663003 43.0315 148.641 0.137505 70.4962 168.267 0.147031 37.0818 193.69 0.649648 35.2479 250.426 0.554684 21.6234 311.105 0.640987 56.7086 189.754 0.602677 66.5451 254.289 0.477855 35.2253 307.203 0.378175 39.0794 54.8509 0.888247 43.0279 54.768 0.189946 21.406 62.5994 0.782001 0 0 0 0
0 111 60 54.7298 68.4436 0.963621 23.4938 101.716 0.825458 0 0 0 0 0 0 0 0 0 39.0971 99.8166 0.712669 60.664 148.721 0.110891 0 0 0 43.0209 199.566 0.641037 39.0791 258.243 0.565579 23.4528 313.033 0.655484 66.5551 195.61 0.66439 76.3198 256.283 0.546989 93.9256 320.897 0.571016 50.8152 60.6536 0.828188 54.6866 56.8134 0.162797 27.4126 66.5067 0.787099 0 0 0 0
0 111 61 58.6955 68.477 0.859104 37.2164 103.674 0.75042 25.4521 105.643 0.762347 23.5807 162.292 0.752616 43.0365 205.454 0.767481 50.8392 101.773 0.72486 68.4829 154.579 0.129745 0 0 0 52.7491 201.487 0.690612 39.0996 260.183 0.674513 23.4129 313.031 0.760518 70.472 195.684 0.68824 84.1788 258.285 0.723841 109.579 320.895 0.714591 52.863 62.6045 0.816556 58.6996 58.7413 0.434114 37.0821 68.4765 0.812437 0 0 0 0
0 111 62 70.3486 68.5499 0.943374 44.9782 105.655 0.739919 37.0977 109.589 0.738903 35.162 164.273 0.72067 50.8916 209.341 0.732925 54.8302 103.67 0.722636 72.4258 154.561 0.196703 0 0 0 64.5933 205.435 0.670877 97.7609 258.336 0.612855 123.244 318.898 0.642431 80.2178 199.561 0.601479 84.104 258.264 0.303165 117.439 315.006 0.177967 62.6367 66.4401 0.82019 70.3401 62.6377 0.482371 41.0477 70.3798 0.857732 0 0 0 0
0 111 63 76.3442 70.3583 0.903044 52.8981 109.528 0.736125 46.9247 113.46 0.734269 46.9204 164.389 0.707692 60.6313 209.414 0.723918 62.6412 105.64 0.676619 72.4826 158.422 0.267148 99.8495 158.472 0.281588 70.4429 205.446 0.656708 101.803 258.314 0.767724 133.049 318.909 0.849899 80.2005 197.671 0.54393 52.8469 260.202 0.597477 23.5117 311.111 0.70769 70.3482 66.487 0.875369 76.2985 66.4636 0.33717 52.7477 70.509 0.832988 0 0 0 0
0 111 64 84.1318 70.5423 0.833618 66.4884 113.447 0.723429 54.7969 113.52 0.803065 54.7731 168.232 0.76644 66.5522 211.401 0.780672 72.3877 109.547 0.686702 86.1451 160.435 0.387248 115.484 183.93 0.455447 82.1452 207.404 0.702007 115.382 260.282 0.746733 142.785 320.8 0.828573 91.9606 199.609 0.578738 84.1011 264.153 0.409365 33.2222 307.145 0.588719 78.2296 68.465 0.788954 84.2178 68.4358 0.493501 58.6978 70.5184 0.740933 0 0 0 0
0 111 65 91.9334 74.3666 0.81682 70.3767 115.479 0.8259 56.7806 117.393 0.822744 64.5699 170.211 0.753486 72.4042 215.228 0.836882 82.1731 115.337 0.739813 93.9344 162.445 0.260044 117.452 191.752 0.214561 88.0659 209.367 0.720706 117.496 264.13 0.811496 144.785 320.876 0.876591 99.7293 207.36 0.58587 64.5547 266.105 0.638626 25.4977 309.172 0.704922 86.014 70.4027 0.899981 88.1397 68.5377 0.288427 68.5302 76.3187 0.795833 0 0 0 0
0 111 66 101.657 76.3116 0.844921 80.2282 115.394 0.803586 68.4672 117.351 0.836997 68.5481 172.18 0.818484 84.0462 217.196 0.834979 91.9536 113.409 0.704221 115.462 154.602 0.230714 133.119 183.884 0.152897 99.8423 207.367 0.708998 131.022 260.241 0.798043 142.795 320.817 0.855412 115.373 201.52 0.571766 70.4796 268.057 0.723144 25.5006 309.103 0.701864 97.7702 70.455 0.826901 101.658 70.371 0.205728 80.2107 76.2929 0.725064 0 0 0 0
0 111 67 109.558 78.2628 0.789915 90.0195 117.342 0.811512 70.5339 121.291 0.802907 80.1972 176.119 0.812912 88.074 221.094 0.806861 113.434 113.496 0.719372 133 150.638 0.216331 148.751 178.093 0.0998322 113.508 205.421 0.714839 135.045 260.244 0.775754 142.842 320.828 0.848029 133.095 195.616 0.673558 131.087 256.285 0.308658 144.717 314.959 0.104374 101.737 70.5432 0.885701 107.6 70.4604 0.252271 85.9999 80.2341 0.858079 0 0 0 0
0 111 68 117.366 80.1862 0.879169 101.787 115.442 0.909945 82.1682 121.313 0.798019 86.1696 176.088 0.791108 97.8659 219.118 0.745619 129.137 103.772 0.798797 162.426 105.663 0.37682 187.813 90.0056 0.166631 115.475 205.463 0.7432 144.749 260.195 0.818526 144.719 320.906 0.826886 142.794 193.738 0.661939 140.834 256.329 0.306215 144.771 316.95 0.199466 111.536 72.3926 0.87171 117.315 70.5295 0.451836 90.0188 82.1341 0.802388 0 0 0 0
0 111 69 129.092 82.1928 0.882402 109.591 115.393 0.841151 86.0665 121.278 0.810191 91.9728 176.063 0.741259 103.711 221.039 0.774839 133.129 103.706 0.821563 148.682 138.931 0.295098 156.547 156.519 0.112121 123.228 207.332 0.711051 148.614 260.201 0.832068 146.638 320.889 0.830663 148.732 195.632 0.705628 144.755 258.264 0.49382 140.854 318.813 0.385802 117.456 74.37 0.882642 129.088 72.463 0.499988 101.668 84.0495 0.855169 0 0 0 0
0 111 70 133.068 80.1736 0.869092 115.475 115.35 0.86935 97.8081 119.369 0.767241 101.721 176.108 0.7784 113.468 219.095 0.714937 135.008 103.695 0.797733 152.591 146.699 0.335325 176.052 168.262 0.138473 127.161 209.251 0.722501 150.627 262.207 0.788718 146.704 320.889 0.811778 148.717 197.669 0.674691 146.643 262.159 0.668089 136.973 318.941 0.66323 129.104 72.3666 0.87584 133.048 70.4705 0.414416 109.564 80.2488 0.799692 0 0 0 0
0 111 71 140.902 76.304 0.808931 117.487 111.488 0.836324 101.814 115.508 0.855868 103.702 166.367 0.71635 117.322 211.275 0.672759 135.022 101.833 0.782931 148.754 146.758 0.193485 164.325 148.752 0.124041 131.032 203.438 0.723349 148.786 260.236 0.749712 144.805 320.846 0.773691 150.691 195.647 0.685024 152.586 260.188 0.614318 146.653 318.829 0.579201 133.043 70.5028 0.904173 138.924 70.3564 0.337074 115.521 80.1815 0.858416 0 0 0 0
0 111 72 146.81 74.3315 0.89169 119.379 107.585 0.785273 109.543 115.411 0.773208 113.512 168.238 0.676887 129.149 209.396 0.627284 133.059 101.787 0.724077 150.682 150.63 0.109103 0 0 0 140.846 201.54 0.67798 160.429 258.276 0.767431 146.659 320.797 0.774959 162.311 195.598 0.694056 162.308 258.221 0.600404 146.711 316.941 0.507419 140.899 70.4525 0.862832 146.74 68.5258 0.282091 123.256 78.2546 0.787606 0 0 0 0
0 111 73 154.596 72.354 0.843119 131.107 111.473 0.769821 119.364 115.451 0.82699 123.239 166.286 0.633112 133.137 209.264 0.503717 142.816 105.632 0.688139 154.568 150.63 0.18455 176.044 146.764 0.246744 138.947 201.53 0.670826 158.441 256.288 0.749155 142.829 318.884 0.77685 162.382 195.648 0.665111 170.243 256.23 0.581306 148.66 311.106 0.500536 148.637 68.5666 0.920392 0 0 0 131.15 78.222 0.854905 0 0 0 0
0 111 74 162.367 70.524 0.905322 135.012 105.698 0.776801 125.238 113.488 0.777117 131.115 166.279 0.800146 142.822 211.328 0.802213 148.647 103.664 0.747645 164.405 152.567 0.254486 191.74 172.185 0.201871 150.723 203.442 0.702014 162.305 260.251 0.766845 136.992 318.996 0.826998 176.062 195.681 0.734512 180.004 258.195 0.828265 152.611 314.967 0.685019 154.585 68.5095 0.855463 0 0 0 136.969 72.3997 0.79662 0 0 0 0
0 111 75 168.279 70.4428 0.834249 146.738 103.678 0.789083 133.146 109.592 0.80815 138.938 162.383 0.772054 148.778 209.337 0.722398 158.47 101.704 0.711427 174.153 148.669 0.124772 195.617 174.151 0.138359 150.674 195.624 0.738341 150.634 254.332 0.750086 142.792 318.834 0.813842 178.025 191.759 0.696325 187.852 254.274 0.754956 174.081 314.975 0.754149 162.461 68.4468 0.884061 0 0 0 146.805 70.5374 0.886137 0 0 0 0
0 111 76 176.089 70.4392 0.870826 150.665 101.811 0.786954 144.744 109.584 0.772567 146.704 162.443 0.820211 154.544 209.354 0.788746 162.427 99.7696 0.710066 179.99 148.704 0.14134 197.588 176.091 0.214223 160.441 195.728 0.710048 160.446 256.242 0.791042 144.724 318.889 0.850933 180.086 193.686 0.706427 197.618 252.416 0.780436 209.248 311.059 0.675262 166.285 68.463 0.862366 176.096 68.371 0.320106 150.64 70.511 0.875152 0 0 0 0
0 111 77 181.938 72.3772 0.858715 162.344 109.534 0.79382 150.627 115.407 0.838291 150.629 168.24 0.791249 164.328 211.379 0.850675 172.18 101.792 0.713829 183.956 154.539 0.218 207.359 176.098 0.277833 166.302 201.488 0.708301 162.41 258.215 0.819439 144.741 318.929 0.861466 191.726 195.63 0.745618 211.231 256.222 0.764143 227.063 311.059 0.719492 177.939 68.5541 0.905896 181.938 68.4314 0.396935 160.405 72.454 0.832117 0 0 0 0
0 111 78 191.762 72.389 0.870991 168.239 107.594 0.754719 160.425 113.477 0.798587 162.302 166.336 0.809136 176.083 211.304 0.8475 179.962 101.78 0.72778 195.693 152.587 0.0896062 0 0 0 176.09 205.435 0.718356 166.27 260.204 0.804422 144.743 318.941 0.857906 195.688 197.641 0.717268 213.284 258.188 0.749727 244.554 307.15 0.762928 181.964 70.3769 0.909441 193.575 68.4401 0.528544 164.431 72.3719 0.925106 0 0 0 0
0 111 79 199.531 72.4544 0.80264 176.048 107.625 0.761617 164.362 113.449 0.829066 164.397 166.297 0.820344 179.97 211.266 0.830901 183.898 103.725 0.683649 209.322 158.464 0.120445 224.984 199.569 0.092367 189.741 207.376 0.676765 168.273 260.211 0.677765 144.707 318.932 0.769942 209.267 201.51 0.659318 224.905 260.191 0.587883 256.289 311.051 0.674012 193.725 70.3599 0.900137 197.575 68.477 0.229125 178.021 72.4094 0.860978 0 0 0 0
0 111 80 209.351 72.4347 0.790964 181.94 111.518 0.751583 176.038 115.462 0.808712 174.158 170.219 0.762902 189.737 211.375 0.812472 195.606 105.674 0.683954 211.384 162.351 0.171966 223.045 207.386 0.173738 193.603 207.396 0.716767 178.012 258.363 0.830521 144.776 318.963 0.870186 213.235 201.522 0.666724 226.971 260.263 0.718747 262.221 311.082 0.730756 201.528 70.4089 0.814992 0 0 0 185.836 74.3592 0.784792 0 0 0 0
0 111 81 219.122 72.4521 0.789808 193.66 115.349 0.779633 181.934 117.32 0.837205 180.019 170.205 0.820942 195.636 213.232 0.863758 205.436 113.425 0.721731 215.287 164.314 0.155026 0 0 0 195.696 209.311 0.764207 183.88 260.213 0.758026 144.781 318.915 0.872178 223.006 207.345 0.71669 238.665 260.219 0.770289 268.003 314.988 0.798356 211.275 70.4074 0.884037 0 0 0 193.751 78.2568 0.850114 0 0 0 0
0 111 82 225.015 72.4547 0.880549 195.74 111.49 0.768299 185.852 113.486 0.780793 183.921 166.38 0.776578 205.447 213.24 0.842487 211.322 109.531 0.731857 262.151 113.509 0.118368 272.025 109.574 0.0942398 209.292 209.339 0.698839 195.599 260.265 0.655667 146.704 316.921 0.782005 226.979 205.434 0.669281 240.636 258.199 0.624852 266.095 313.069 0.659257 219.136 70.3609 0.864554 0 0 0 199.535 76.2815 0.786482 0 0 0 0
0 111 83 228.916 76.2949 0.840801 207.397 111.515 0.767497 195.62 113.514 0.821457 195.62 166.325 0.823854 209.345 211.311 0.857516 217.2 107.609 0.693737 230.86 162.376 0.0926271 0 0 0 213.248 209.312 0.742516 209.316 264.153 0.58941 150.629 311.072 0.68629 232.817 207.341 0.670998 240.617 258.196 0.54736 264.116 314.995 0.519565 225.012 70.4547 0.932132 227.02 70.3603 0.279877 209.293 76.3206 0.826676 0 0 0 0
0 111 84 240.66 78.2633 0.923074 211.355 107.598 0.744438 209.34 113.458 0.771775 209.243 164.424 0.790547 217.162 211.362 0.794072 223.001 103.689 0.638472 0 0 0 0 0 0 232.818 205.396 0.681533 256.28 256.319 0.795247 264.118 315.025 0.818902 238.661 199.61 0.569947 228.929 260.24 0.63856 164.31 303.254 0.664152 234.777 70.5301 0.886094 0 0 0 215.236 76.3317 0.816319 0 0 0 0
0 111 85 242.688 76.2735 0.886824 224.921 105.669 0.761151 211.352 109.603 0.799691 211.364 162.467 0.82824 223.019 211.277 0.822525 234.793 103.663 0.682691 275.873 117.43 0.111901 289.599 103.68 0.0763557 238.708 201.49 0.696047 258.18 256.283 0.801447 262.2 315.017 0.77972 248.486 197.591 0.60003 236.752 256.302 0.600805 195.601 303.302 0.450677 240.582 70.4336 0.935341 242.633 70.3436 0.320856 222.964 74.3404 0.805322 0 0 0 0
0 111 86 254.382 72.3606 0.932653 228.984 105.627 0.823085 215.202 109.555 0.768792 217.175 162.436 0.75015 227.02 209.359 0.692275 248.45 101.796 0.780061 283.681 113.434 0.400565 315.008 99.7115 0.414236 240.641 199.592 0.741857 258.28 256.307 0.765497 262.198 314.993 0.777433 258.226 195.687 0.736986 254.349 256.251 0.668744 256.294 307.155 0.42768 244.6 68.5549 0.917613 250.455 68.4312 0.252128 227.055 72.4133 0.85945 0 0 0 0
0 111 87 258.239 70.4995 0.963564 238.623 105.666 0.808144 217.166 105.676 0.776842 223.056 162.302 0.726072 236.679 205.425 0.70718 256.34 103.717 0.794967 271.915 150.666 0.227135 277.814 191.762 0.216222 242.665 197.673 0.718569 264.153 256.347 0.719466 260.25 313.072 0.718354 262.173 195.677 0.712698 254.317 256.23 0.608519 244.579 305.296 0.369012 254.333 68.4419 0.916837 256.376 68.4098 0.21024 236.704 70.4996 0.825356 0 0 0 0
0 111 88 266.085 70.3623 0.915032 240.628 105.627 0.771775 232.84 111.497 0.729501 228.966 162.433 0.749667 242.66 207.33 0.767927 248.498 101.82 0.645007 268.027 148.68 0.0849066 0 0 0 254.337 199.603 0.696943 264.13 256.358 0.739906 258.294 313.012 0.735429 268.005 195.747 0.636714 266.075 256.276 0.609681 258.289 305.264 0.586796 258.221 66.5067 0.910343 262.146 66.4854 0.20337 240.71 70.4895 0.929679 0 0 0 0
0 111 89 271.853 70.3916 0.961385 242.698 101.753 0.853285 236.752 103.76 0.763769 238.652 162.297 0.791544 250.417 205.468 0.798801 256.297 99.8282 0.749436 268.032 148.634 0.0662184 0 0 0 258.341 195.734 0.731461 271.949 256.307 0.729341 260.186 305.32 0.647986 273.96 193.72 0.719758 275.899 254.377 0.606135 264.11 305.137 0.609026 260.283 68.3995 0.901396 269.924 68.3627 0.239674 242.731 70.4607 0.927058 0 0 0 0
0 111 90 273.89 70.3571 1.00072 250.404 101.656 0.801768 240.661 101.777 0.842282 242.591 158.47 0.808036 256.39 199.557 0.81768 258.321 99.7261 0.739889 275.848 148.666 0.0779271 0 0 0 264.135 195.634 0.741694 271.923 254.367 0.638768 260.26 309.149 0.608458 285.585 193.651 0.709687 287.536 252.367 0.632613 269.976 309.101 0.653098 269.957 66.519 0.899316 273.839 64.5759 0.304064 250.413 70.3762 0.848231 0 0 0 0
0 111 91 283.672 70.4229 0.92747 256.262 101.72 0.842741 242.667 103.666 0.827087 248.509 158.495 0.734907 264.145 197.586 0.730766 268.036 99.8044 0.708263 275.951 148.741 0.110133 0 0 0 268.028 195.682 0.728739 269.953 252.378 0.620878 260.221 307.173 0.582681 287.598 193.684 0.726855 289.647 250.413 0.588824 269.998 305.237 0.559593 273.93 68.415 0.931787 283.621 68.3611 0.286585 258.176 70.4195 0.914366 0 0 0 0
0 111 92 287.632 70.3503 0.997095 258.27 101.766 0.836923 252.351 103.76 0.773141 256.38 160.437 0.755631 273.848 195.73 0.651352 270.001 99.8166 0.678297 285.664 150.656 0.118451 0 0 0 273.889 197.659 0.718 283.71 256.304 0.499001 262.162 311.091 0.481429 287.612 195.608 0.628373 289.571 254.324 0.433676 264.135 307.221 0.387924 281.711 66.5514 0.874561 287.583 68.3266 0.186046 260.298 70.4423 0.86274 0 0 0 0
0 111 93 291.55 70.46 0.900435 270.014 101.787 0.830831 258.188 105.657 0.822264 260.212 160.464 0.703512 273.948 201.498 0.595173 283.692 99.7798 0.773797 318.875 101.818 0.502925 330.647 86.0414 0.667173 273.902 195.634 0.774497 271.915 254.299 0.683019 258.249 309.156 0.751628 295.463 191.725 0.660849 305.135 248.455 0.685678 318.846 314.996 0.580847 287.623 68.4482 0.950774 291.493 68.3629 0.213913 271.857 70.5136 0.864798 0 0 0 0
0 111 94 301.294 70.5281 0.912689 272.025 101.841 0.808698 260.271 105.648 0.796761 262.168 162.294 0.747594 277.868 205.393 0.699018 285.631 101.699 0.751871 311.1 109.556 0.129478 332.578 86.0742 0.350876 274.017 199.571 0.727419 273.923 256.31 0.680885 258.224 309.154 0.693893 293.499 195.666 0.660406 305.206 252.395 0.51193 334.485 313.021 0.423286 291.524 68.5084 0.916216 301.255 68.4454 0.275925 273.931 70.4782 0.909642 0 0 0 0
0 111 95 305.131 74.36 0.915675 275.913 103.692 0.754676 269.929 105.647 0.741999 267.995 162.344 0.527857 287.58 207.394 0.52153 289.575 101.791 0.755897 297.427 152.637 0.306857 318.95 166.344 0.279733 273.989 201.56 0.729288 272.017 258.285 0.754602 258.221 311.077 0.809761 297.416 197.59 0.671084 316.971 256.329 0.746275 338.551 316.958 0.764678 301.232 70.4088 0.911556 303.372 70.3467 0.265876 279.781 72.391 0.794909 0 0 0 0
0 111 96 311.122 78.2408 0.82244 287.599 103.773 0.771528 273.893 109.546 0.787644 275.879 162.417 0.757666 289.634 209.329 0.79355 303.183 101.823 0.737841 334.592 86.0436 0.219609 328.654 84.0676 0.230516 285.664 199.573 0.687062 273.905 258.199 0.760585 258.233 311.053 0.803434 307.149 195.671 0.689503 320.805 256.307 0.699205 350.262 316.89 0.765607 305.211 70.4885 0.921425 311.101 70.4841 0.291613 287.675 74.368 0.839566 0 0 0 0
0 111 97 318.853 78.2948 0.899362 289.623 105.684 0.797046 273.967 109.579 0.774319 277.862 164.322 0.666978 295.429 211.254 0.794735 307.176 103.707 0.764875 314.977 156.531 0.32527 332.568 191.757 0.341094 271.934 195.59 0.704505 277.82 244.621 0.683503 258.238 309.13 0.813571 303.217 193.758 0.671378 332.588 252.378 0.685846 352.148 316.973 0.861504 311.074 70.551 0.886434 318.851 70.5443 0.19592 291.555 76.2837 0.766593 0 0 0 0
0 111 98 320.831 82.1131 0.923915 297.382 109.562 0.753948 281.732 113.435 0.745441 283.671 166.294 0.634356 303.304 211.332 0.846023 314.965 105.665 0.722756 320.946 160.405 0.556293 340.434 195.653 0.571749 271.993 195.591 0.690256 289.638 242.665 0.707594 258.331 307.155 0.835653 303.237 195.624 0.680455 334.485 252.418 0.693825 356.073 316.975 0.767662 316.94 72.3865 0.884946 320.829 72.364 0.341889 297.413 76.3181 0.752878 0 0 0 0
0 111 99 330.61 84.0443 0.886791 303.225 115.455 0.757443 289.633 117.318 0.840295 291.535 172.161 0.730901 307.233 213.313 0.838296 313.074 115.385 0.698343 326.729 162.463 0.357118 350.275 195.719 0.330284 283.671 205.408 0.656875 289.645 264.114 0.702785 258.325 305.304 0.856161 305.306 203.5 0.680425 338.466 256.299 0.769034 354.156 318.816 0.791307 320.926 74.3603 0.865945 328.715 74.3329 0.187092 303.341 82.1423 0.857964 0 0 0 0
0 111 100 334.456 84.0593 0.936087 305.313 113.48 0.749985 301.263 117.393 0.824642 303.273 176.026 0.762695 318.876 213.323 0.854038 318.883 107.583 0.636882 338.452 148.718 0.0867424 0 0 0 318.93 205.45 0.647148 350.161 256.326 0.730123 354.147 318.917 0.769708 334.55 195.71 0.566061 336.504 252.413 0.33296 262.214 303.25 0.436674 322.886 78.2214 0.859888 334.455 74.3619 0.321962 305.315 84.0199 0.84687 0 0 0 0
0 111 101 336.467 82.158 0.944094 318.869 113.48 0.814597 305.208 115.51 0.892141 307.152 174.08 0.73279 322.824 215.254 0.789452 332.59 107.625 0.739762 344.358 158.463 0.186288 350.266 158.516 0.0825911 330.643 209.253 0.687655 354.197 258.231 0.737202 352.219 318.945 0.75369 350.161 201.49 0.659492 354.161 258.203 0.650614 354.186 314.978 0.568119 332.529 74.3713 0.856265 334.645 72.4015 0.315153 315.015 84.0397 0.810658 0 0 0 0
0 111 102 342.377 84.018 0.866007 320.85 115.351 0.825842 311.121 117.343 0.818734 316.969 172.168 0.789712 330.657 217.184 0.86138 334.479 111.476 0.704411 340.406 156.514 0.136828 352.258 162.332 0.0941877 336.517 209.339 0.756857 365.917 260.201 0.7976 352.272 318.952 0.769997 348.235 205.403 0.626215 354.122 260.278 0.636965 354.139 315.01 0.477305 336.458 76.3139 0.864567 338.542 72.3714 0.229101 320.783 84.1366 0.892061 0 0 0 0
0 111 103 350.185 82.1929 0.953326 322.845 115.359 0.785258 318.833 117.358 0.84078 318.947 174.095 0.801994 334.491 219.107 0.854339 334.6 111.547 0.718225 352.201 162.337 0.211543 369.771 193.628 0.196686 340.44 207.374 0.700829 367.743 262.16 0.774518 354.108 318.925 0.754749 352.245 199.598 0.642197 359.971 260.274 0.636989 356.13 315.005 0.557136 342.362 74.4049 0.84376 348.277 72.3836 0.153884 322.853 84.0672 0.858127 0 0 0 0
0 111 104 352.234 84.1106 0.990392 332.591 117.333 0.780252 320.956 117.431 0.857018 322.854 174.1 0.790417 336.541 215.218 0.889419 338.527 115.385 0.740829 358.026 162.407 0.200268 377.624 193.732 0.183928 342.383 209.274 0.715245 367.887 260.282 0.770282 359.989 318.855 0.730027 354.121 203.507 0.66127 354.105 262.172 0.68379 350.249 318.832 0.624695 350.117 78.2414 0.884028 352.206 72.468 0.312072 332.57 84.1131 0.811763 0 0 0 0
0 111 105 363.823 84.1198 0.904657 336.533 113.471 0.817921 326.767 117.316 0.818659 332.648 172.158 0.793672 344.312 215.196 0.835452 350.141 109.551 0.705952 0 0 0 0 0 0 352.146 203.485 0.724745 369.851 258.313 0.783207 359.979 318.826 0.741341 365.83 197.653 0.685374 363.938 258.266 0.679617 352.173 314.984 0.580919 352.247 80.1699 0.873931 363.839 76.3042 0.361249 336.504 84.1067 0.893662 0 0 0 0
0 111 106 365.945 84.0819 0.976645 340.416 115.366 0.774767 334.507 117.348 0.857889 336.519 170.23 0.762858 352.125 211.405 0.799253 352.14 113.42 0.713914 365.887 160.397 0.0942058 0 0 0 354.117 207.396 0.716291 373.705 258.35 0.749914 356.107 318.857 0.695859 365.916 201.531 0.629373 360.016 258.35 0.669656 352.177 316.938 0.644084 361.94 76.3443 0.840401 365.911 72.4805 0.195096 340.486 84.0889 0.819582 0 0 0 0
0 111 107 369.79 84.0311 0.916827 348.274 115.391 0.79544 336.616 115.492 0.866002 336.617 168.255 0.794303 352.206 211.405 0.877274 354.158 113.455 0.731298 369.833 164.269 0.197997 395.203 195.644 0.253233 359.984 207.331 0.655696 367.819 258.298 0.592632 354.151 316.947 0.612667 369.819 201.517 0.624238 365.798 258.242 0.628425 356.063 315.022 0.56224 365.929 74.3958 0.886711 367.897 70.5452 0.15282 350.242 82.1895 0.897569 0 0 0 0
0 111 108 377.62 82.1856 0.83716 352.135 115.349 0.812049 344.343 117.329 0.834748 346.288 170.243 0.75754 358.05 211.368 0.830541 363.86 111.513 0.700153 369.817 162.469 0.151876 0 0 0 365.876 207.395 0.713648 381.53 269.974 0.629224 354.168 316.933 0.615064 377.626 203.451 0.625017 367.914 262.205 0.596172 354.182 313.056 0.569457 369.78 74.3487 0.813264 0 0 0 354.104 82.1485 0.859035 0 0 0 0
0 111 109 381.529 82.1621 0.93469 354.175 113.422 0.801439 348.202 115.409 0.833715 350.109 166.316 0.795078 363.92 211.261 0.863832 367.774 109.551 0.749355 381.491 160.373 0.186638 0 0 0 365.913 203.496 0.704965 377.607 258.205 0.707375 363.918 311.105 0.581973 379.591 197.636 0.663409 365.873 256.282 0.700864 354.155 311.051 0.602366 375.686 74.3158 0.841582 381.459 72.3986 0.171667 356.116 80.2182 0.810084 0 0 0 0
0 111 110 383.59 82.1511 0.894328 363.901 111.504 0.778376 352.191 115.335 0.881069 354.114 164.376 0.823364 367.829 209.423 0.854678 369.832 107.578 0.718794 385.503 162.296 0.11215 0 0 0 367.841 201.501 0.743236 367.799 256.267 0.803056 352.18 315.005 0.830365 383.512 195.731 0.71235 381.568 256.25 0.706023 369.808 307.189 0.637358 381.523 72.4584 0.890504 383.543 70.4847 0.221716 365.79 80.1975 0.84572 0 0 0 0
0 111 111 393.286 82.1076 0.851848 367.805 109.569 0.813088 354.204 113.487 0.862453 360.011 164.329 0.7897 371.754 211.253 0.844023 381.436 105.626 0.741552 385.517 160.365 0.183192 0 0 0 371.709 199.593 0.730984 369.842 256.312 0.781957 352.172 316.878 0.802541 391.297 195.707 0.690032 383.489 256.235 0.668874 363.913 307.184 0.568649 385.461 72.4323 0.865966 0 0 0 369.751 78.2909 0.832022 0 0 0 0
0 111 112 397.228 84.0445 0.973339 369.809 111.504 0.790872 363.837 115.335 0.83652 365.84 164.393 0.835231 379.486 211.273 0.877148 381.576 107.612 0.747025 393.273 156.53 0.0916088 0 0 0 375.687 201.493 0.727079 367.921 256.373 0.858433 352.19 316.909 0.879487 397.187 195.69 0.760717 403.079 254.345 0.626459 428.551 303.203 0.574112 395.153 74.3805 0.868952 397.19 72.3965 0.0842205 375.616 80.2191 0.8148 0 0 0 0
0 111 113 401.095 84.141 0.9499 373.691 115.366 0.755486 365.921 115.475 0.869095 367.915 168.264 0.760591 383.495 211.294 0.839673 383.445 113.478 0.717311 399.08 162.365 0.136703 0 0 0 381.443 205.396 0.741494 377.627 256.376 0.813659 352.186 316.891 0.866297 399.125 197.654 0.714621 406.954 254.285 0.552533 426.479 297.375 0.397582 397.24 78.2522 0.889365 401.13 72.4851 0.0979352 381.528 82.208 0.896323 0 0 0 0
0 111 114 406.946 84.1194 0.873437 381.467 113.427 0.759221 369.796 115.338 0.86658 373.711 166.284 0.736137 385.44 211.334 0.741203 385.495 109.581 0.666959 399.219 158.491 0.299447 420.626 166.32 0.40254 383.532 207.359 0.753493 379.543 258.266 0.753019 352.209 316.892 0.834013 403.038 199.602 0.649922 412.734 256.328 0.652962 446.058 305.178 0.582111 399.205 78.2609 0.829061 0 0 0 383.509 82.1744 0.846439 0 0 0 0
0 111 115 412.774 84.1846 0.905551 383.489 109.566 0.751075 373.732 113.436 0.79713 379.487 164.413 0.777824 391.308 211.258 0.802143 395.217 107.607 0.659948 403.035 162.33 0.139924 0 0 0 387.429 205.419 0.716958 381.545 258.293 0.772368 354.137 314.996 0.795256 410.884 197.656 0.688942 412.84 256.356 0.586145 455.88 307.145 0.573457 406.981 80.2296 0.778732 0 0 0 391.327 82.1558 0.772724 0 0 0 0
0 111 116 414.848 86.0415 0.919766 391.314 115.446 0.753742 381.58 117.387 0.850925 383.439 174.079 0.801012 397.08 213.238 0.815535 399.164 113.494 0.715765 414.758 162.305 0.214171 428.535 172.199 0.224585 399.06 207.378 0.737621 389.381 258.228 0.672132 354.11 313.054 0.74274 416.729 199.604 0.670753 412.848 256.337 0.557158 455.889 311.109 0.490756 412.826 82.1804 0.873056 0 0 0 397.218 84.1685 0.878461 0 0 0 0
0 111 117 426.457 86.1708 0.887803 397.214 117.334 0.800489 385.454 117.472 0.808241 385.453 174.127 0.793226 399.145 215.182 0.815888 410.821 115.438 0.713019 418.769 160.445 0.235177 436.312 172.19 0.22541 405.007 207.417 0.696311 397.161 258.243 0.558529 354.214 311.107 0.639519 426.489 203.46 0.659555 412.811 258.212 0.534313 457.829 314.983 0.438229 418.681 84.1242 0.866198 0 0 0 401.173 85.9996 0.828449 0 0 0 0
0 111 118 428.526 86.0488 0.936355 401.109 115.425 0.788734 397.072 117.387 0.85939 395.164 172.139 0.775192 404.974 211.383 0.808213 412.848 113.492 0.736184 0 0 0 0 0 0 412.834 207.362 0.695669 424.533 260.235 0.564699 459.729 316.907 0.638301 428.414 199.603 0.638023 399.179 258.206 0.496302 359.969 305.321 0.49241 424.586 82.2048 0.808473 0 0 0 410.796 84.1818 0.814135 0 0 0 0
0 111 119 438.283 86.1165 0.891577 412.78 115.4 0.845685 399.143 117.475 0.874787 399.106 174.132 0.83199 410.832 215.206 0.808117 424.556 109.6 0.713868 430.568 162.365 0.0534685 0 0 0 418.727 207.346 0.697244 430.448 260.235 0.58407 459.755 316.95 0.645157 440.166 197.67 0.658959 430.471 256.368 0.476146 453.929 309.113 0.244819 430.505 84.0724 0.890747 0 0 0 414.801 84.1972 0.922155 0 0 0 0
0 111 120 444.143 86.1268 0.966589 414.829 115.437 0.820618 408.893 117.386 0.837152 403.024 170.232 0.796972 414.833 213.241 0.892372 428.425 115.372 0.733255 432.452 162.484 0.0857715 0 0 0 430.439 201.496 0.709692 446.173 256.322 0.750933 457.817 313.064 0.784069 444.067 197.577 0.671048 440.23 256.241 0.594631 444.088 305.176 0.434578 440.177 84.0985 0.866567 444.126 82.1912 0.0800745 420.664 86.0462 0.865863 0 0 0 0
0 111 121 446.172 86.0825 0.942689 422.575 115.468 0.78594 412.864 117.351 0.860717 410.809 168.237 0.792457 420.684 211.383 0.869465 430.433 115.388 0.744015 442.166 162.435 0.10283 0 0 0 432.419 203.469 0.700629 448.03 256.379 0.739244 457.793 315.009 0.79046 446.112 197.676 0.685254 438.223 256.307 0.615684 440.195 303.315 0.408597 444.113 84.0465 0.904158 446.11 82.1114 0.0778674 428.433 86.0182 0.946262 0 0 0 0
0 111 122 455.882 86.0159 0.920737 428.446 113.481 0.788591 416.793 115.459 0.842682 414.759 166.28 0.858776 426.516 211.327 0.895786 436.278 111.504 0.667644 448.088 162.342 0.0699479 0 0 0 442.186 197.658 0.731623 453.886 256.265 0.72291 457.749 311.107 0.75108 455.883 195.623 0.701733 448.086 254.36 0.649452 446.163 305.227 0.53216 448.066 82.1391 0.866696 0 0 0 432.363 84.0739 0.951459 0 0 0 0
0 111 123 459.742 84.0847 0.947706 430.436 107.646 0.778888 422.629 113.493 0.78339 416.743 164.397 0.839715 432.356 211.325 0.891852 442.154 105.662 0.674969 448.153 162.319 0.0581569 0 0 0 444.201 197.659 0.729138 457.859 256.31 0.72832 457.803 313.06 0.715927 459.77 195.652 0.693368 449.976 256.214 0.628989 446.141 305.272 0.508196 453.922 76.3378 0.808964 0 0 0 438.226 82.0903 0.862542 0 0 0 0
0 111 124 461.773 84.0835 0.939782 436.325 111.497 0.76821 428.409 113.494 0.802044 422.588 164.298 0.821613 440.185 211.287 0.852615 446.158 109.546 0.7213 461.797 156.516 0.205203 477.332 183.896 0.284861 446.051 193.728 0.727155 459.754 254.284 0.714108 457.819 313.01 0.740539 463.682 191.734 0.750762 455.886 246.57 0.666333 434.34 291.579 0.571425 459.733 78.2269 0.832718 0 0 0 444.093 82.169 0.897735 0 0 0 0
0 111 125 469.595 84.0739 0.880429 444.09 109.592 0.793388 432.353 113.463 0.833963 430.413 164.298 0.86569 444.198 209.384 0.920701 453.875 105.681 0.688829 465.715 160.413 0.142166 0 0 0 448.051 193.751 0.715541 463.702 252.357 0.70858 455.876 307.233 0.742885 465.669 191.75 0.697199 457.803 246.502 0.644296 438.234 299.356 0.621003 463.66 76.3301 0.839523 0 0 0 446.203 82.1342 0.890207 0 0 0 0
0 111 126 475.398 84.118 0.982675 446.119 109.539 0.807486 438.254 113.424 0.806216 434.371 164.359 0.807324 448.118 209.395 0.851342 459.688 105.647 0.738481 465.668 162.294 0.14111 0 0 0 457.789 199.54 0.710095 465.636 256.322 0.717043 457.75 313.029 0.676497 473.461 195.698 0.709919 461.766 256.26 0.652757 444.166 305.232 0.566426 469.569 78.2439 0.832565 475.37 80.232 0.119625 451.939 80.2372 0.805938 0 0 0 0
0 111 127 477.426 84.0671 0.981188 450.05 109.587 0.76431 444.16 113.48 0.844041 444.092 166.308 0.828783 459.726 209.433 0.909783 459.844 105.666 0.742655 475.398 160.42 0.159639 489.107 209.32 0.286604 461.744 201.512 0.711821 473.465 256.254 0.70424 450.015 307.161 0.67952 475.497 195.743 0.686616 467.602 254.32 0.575331 444.179 303.312 0.587146 475.375 74.3763 0.887944 477.404 72.4669 0.18298 457.81 78.246 0.829606 0 0 0 0
0 111 128 485.248 84.1395 0.933474 457.858 113.425 0.758679 448.07 115.413 0.837659 446.106 166.317 0.838533 461.748 209.431 0.867911 463.674 109.554 0.683634 479.399 162.429 0.228604 491.165 207.356 0.364355 463.746 205.392 0.681316 473.471 258.283 0.636128 448.033 314.976 0.613333 479.318 197.649 0.641852 475.483 256.365 0.522038 455.86 307.223 0.470348 477.481 76.3249 0.862521 489.039 80.2221 0.128748 461.702 80.1831 0.904333 0 0 0 0
0 111 129 491.035 84.1328 0.983791 461.749 113.419 0.805745 453.889 115.35 0.793858 448.104 164.429 0.800991 465.631 209.409 0.847297 475.34 109.543 0.723514 485.216 162.348 0.41781 494.973 205.416 0.507733 465.651 201.519 0.659353 479.331 258.288 0.60383 463.678 316.883 0.593965 481.271 197.594 0.61159 475.391 256.355 0.458268 463.746 311.09 0.423505 483.25 78.2375 0.843192 491.083 76.3209 0.355641 463.698 80.2343 0.849737 0 0 0 0
0 111 130 493.045 84.1524 0.984288 465.622 111.495 0.722564 459.779 113.431 0.808445 455.836 166.362 0.750825 473.496 211.256 0.863506 475.465 109.532 0.718565 489.081 164.323 0.380153 504.718 207.404 0.518278 469.59 207.386 0.640336 475.465 258.303 0.549248 463.678 311.115 0.449765 485.185 203.478 0.578687 485.216 256.344 0.409463 475.446 314.963 0.362295 490.99 78.2229 0.867359 493.02 76.2718 0.243564 471.526 80.1839 0.800491 0 0 0 0
0 111 131 500.851 84.1965 0.922792 471.551 113.447 0.700988 461.829 115.359 0.817663 459.856 166.267 0.81824 475.503 209.409 0.898437 477.398 111.479 0.659828 493.023 162.434 0.118195 0 0 0 481.305 205.463 0.660549 494.979 258.299 0.654429 493.127 318.983 0.701335 493.04 199.565 0.607915 479.354 256.304 0.432042 457.774 309.182 0.443598 493.112 78.2849 0.876154 500.895 78.2446 0.136736 477.352 82.108 0.901173 0 0 0 0
0 111 132 506.62 86.0111 0.960014 477.321 115.392 0.802076 465.644 115.484 0.868437 465.633 168.303 0.762768 481.301 211.295 0.844449 489.082 115.347 0.71416 497.003 164.306 0.338738 514.54 197.644 0.360542 481.293 209.355 0.672777 506.716 260.228 0.576231 506.794 322.798 0.616042 496.934 205.453 0.590172 477.422 258.336 0.453071 455.857 313.059 0.445079 497.005 82.1002 0.841568 504.75 80.2116 0.112092 479.338 84.0153 0.863606 0 0 0 0
0 111 133 508.672 86.1741 0.979444 477.452 117.392 0.818697 469.555 117.475 0.839435 471.474 174.147 0.779012 489.082 213.238 0.878163 491.081 117.331 0.765096 500.915 164.415 0.33442 520.378 201.543 0.407775 491.088 211.285 0.68802 516.55 262.189 0.729369 524.266 320.966 0.888382 504.721 207.407 0.575879 477.363 260.276 0.616498 457.771 314.99 0.643402 506.625 84.0756 0.930558 506.817 80.2026 0.0656905 485.244 84.188 0.839361 0 0 0 0
0 111 134 514.536 88.0295 0.904592 485.226 117.343 0.764487 475.503 117.456 0.867986 475.398 172.169 0.811189 491.092 211.403 0.920737 493.073 115.487 0.733311 504.752 164.399 0.251417 522.28 180.012 0.266563 489.144 211.252 0.675128 516.546 266.085 0.741193 534.1 320.935 0.803399 498.884 207.368 0.562428 477.451 268.006 0.75447 455.869 316.979 0.740156 508.712 84.1343 0.947725 0 0 0 491.175 84.2178 0.938832 0 0 0 0
0 111 135 520.401 88.0939 0.903777 491.056 115.44 0.80642 479.375 117.36 0.848613 477.471 170.232 0.844087 494.992 213.284 0.887262 498.932 115.376 0.69758 508.66 162.365 0.292846 528.257 176.051 0.414811 494.991 209.316 0.68262 522.433 262.205 0.797422 540.066 320.87 0.871579 506.781 203.497 0.608209 483.26 260.208 0.771743 455.888 316.929 0.79168 514.534 84.1952 0.892887 0 0 0 495.083 86.0033 0.89145 0 0 0 0
0 111 136 524.305 93.8861 0.960638 493.11 117.412 0.801813 489.147 119.316 0.845472 485.244 172.155 0.806424 502.856 215.196 0.878251 506.654 117.386 0.741246 510.638 164.298 0.328571 536.11 176.07 0.424873 504.744 211.265 0.656702 526.337 262.202 0.762562 547.808 320.899 0.811129 508.728 207.372 0.546162 487.161 258.325 0.770948 459.669 313.01 0.792742 522.287 86.0866 0.969675 524.316 84.1443 0.0652424 502.798 86.0961 0.886823 0 0 0 0
0 111 137 526.322 93.9176 0.917278 502.797 117.438 0.797004 491.17 119.315 0.867515 492.992 174.092 0.826631 508.652 217.163 0.874463 508.75 117.39 0.764464 520.42 162.376 0.443882 539.998 176.054 0.602411 506.744 211.264 0.702373 534.106 269.971 0.733069 551.732 322.825 0.774749 520.37 207.39 0.610591 491.095 258.327 0.806142 459.678 311.07 0.779414 524.293 86.131 0.956743 0 0 0 508.627 86.135 0.914843 0 0 0 0
0 111 138 536.009 95.8813 0.899603 506.781 119.38 0.854656 493.138 121.319 0.83628 495.064 176.064 0.806382 512.59 217.209 0.791473 520.39 119.348 0.764941 526.318 164.362 0.561909 551.723 176.083 0.770154 508.78 211.392 0.700564 539.91 264.132 0.764194 549.8 322.816 0.778075 524.29 209.407 0.655647 493.145 262.218 0.785189 457.798 311.123 0.79868 526.361 86.207 0.907378 0 0 0 508.811 88.1088 0.860789 0 0 0 0
0 111 139 539.935 95.8948 0.969283 510.652 125.2 0.777442 506.687 127.141 0.812488 504.769 178.031 0.836943 522.404 222.997 0.875895 522.316 123.293 0.718256 530.219 170.209 0.498098 555.74 177.992 0.704647 524.345 219.1 0.660263 551.665 272.006 0.69177 549.803 328.681 0.684757 534.1 211.39 0.546899 504.787 258.305 0.812052 459.78 305.307 0.88611 536.112 86.1962 0.933646 0 0 0 518.511 90.0331 0.826047 0 0 0 0
0 111 140 541.969 95.8858 0.887572 518.474 121.276 0.746621 508.731 123.236 0.826421 510.659 178.024 0.836784 526.364 221.106 0.866461 524.335 119.391 0.728997 538.125 166.342 0.403952 563.443 178.029 0.531086 526.333 213.232 0.68355 553.626 271.987 0.683268 545.9 324.776 0.658777 538.068 209.409 0.658465 510.624 258.31 0.735854 463.725 303.226 0.837346 539.945 86.203 0.918333 0 0 0 524.345 89.9627 0.873571 0 0 0 0
0 111 141 551.667 97.7927 0.903878 522.464 123.243 0.789188 514.535 125.231 0.80162 514.533 178.018 0.836182 536.093 222.99 0.888453 532.202 121.302 0.719593 541.919 170.19 0.509004 567.41 179.961 0.728153 528.26 211.392 0.687824 555.658 271.896 0.754691 547.848 326.713 0.747188 540.014 209.405 0.691222 530.206 262.209 0.672472 477.44 301.326 0.780445 543.879 88.0836 0.863156 0 0 0 526.337 91.9448 0.84429 0 0 0 0
0 111 142 555.593 99.6613 0.997004 526.293 127.181 0.801505 522.306 129.161 0.854534 524.269 178.12 0.861434 540.103 223.004 0.870036 537.956 125.238 0.729396 547.86 170.229 0.438091 573.322 179.946 0.58645 539.947 217.151 0.725303 555.745 271.862 0.779428 547.812 322.896 0.803334 551.674 211.365 0.653098 530.24 266.058 0.718704 483.275 293.484 0.757831 553.576 88.1223 0.918923 555.607 86.0024 0.066163 534.154 93.8896 0.832371 0 0 0 0
0 111 143 559.564 99.6676 0.906216 536.048 127.175 0.791222 524.39 129.077 0.872423 528.24 179.935 0.839178 549.746 223.023 0.864539 541.921 125.23 0.722616 553.746 174.097 0.444342 577.187 180.076 0.511274 539.947 219.13 0.743792 555.747 271.872 0.806856 547.812 322.82 0.824441 553.627 213.265 0.660336 538.072 266.115 0.668217 491.114 293.47 0.744706 555.651 88.1293 0.892711 0 0 0 539.949 93.905 0.869679 0 0 0 0
0 111 144 569.267 97.843 0.953201 539.969 125.254 0.818812 528.306 127.179 0.826936 536.075 178.079 0.81367 553.698 223.026 0.884708 551.714 125.186 0.736172 557.629 172.188 0.482291 584.975 178.056 0.558621 540.048 217.142 0.767703 559.556 271.851 0.782714 541.972 320.974 0.886931 555.657 211.351 0.72625 553.74 266.115 0.548294 526.314 303.301 0.526542 563.464 88.1294 0.861631 0 0 0 543.961 93.8752 0.814236 0 0 0 0
0 111 145 571.294 99.6819 0.996451 542.008 125.214 0.807766 537.944 129.072 0.850071 539.919 180.017 0.866581 561.506 223.026 0.839556 553.686 123.237 0.768348 563.451 172.154 0.493005 587.001 177.966 0.625548 547.857 217.209 0.734125 555.715 271.907 0.808391 543.906 322.823 0.845917 565.378 211.363 0.691253 563.472 269.998 0.677663 540.022 315.007 0.586164 569.28 88.1295 0.923012 571.325 86.0811 0.0855761 551.721 91.9547 0.827189 0 0 0 0
0 111 146 577.195 99.68 0.912642 549.811 123.245 0.771684 540.015 125.222 0.863435 543.887 177.971 0.848537 567.416 217.207 0.827282 555.679 121.296 0.732848 569.311 168.229 0.395916 588.907 178.007 0.501435 553.69 215.225 0.760142 557.634 270.024 0.787341 545.863 320.95 0.836789 567.418 211.3 0.693064 565.456 268.072 0.633848 551.73 318.833 0.591151 571.414 88.12 0.885082 0 0 0 555.72 90.0085 0.854213 0 0 0 0
0 111 147 584.974 97.8513 0.969953 555.601 121.281 0.827897 543.898 121.341 0.837483 547.81 176.089 0.845055 571.341 215.184 0.868845 567.342 119.393 0.76233 573.246 168.24 0.402679 598.682 176.035 0.427667 555.659 213.305 0.785822 555.773 269.987 0.839256 542.026 320.901 0.929849 573.259 211.277 0.73118 571.404 268.038 0.682098 557.654 313.042 0.532444 581.093 88.1128 0.886872 0 0 0 563.466 89.9908 0.811857 0 0 0 0
0 111 148 587.001 97.7535 0.939351 557.631 119.422 0.82369 549.744 121.301 0.841066 553.611 176.105 0.856397 577.173 215.197 0.813757 569.399 119.384 0.798748 577.207 166.332 0.512285 602.675 172.15 0.537207 555.701 213.319 0.783133 557.643 271.927 0.8747 543.939 320.924 0.922487 575.192 211.271 0.72699 573.325 271.863 0.672453 561.534 316.916 0.437179 584.995 88.0196 0.944816 586.949 84.2329 0.0753739 569.332 90.0154 0.859468 0 0 0 0
0 111 149 596.709 97.8343 0.898654 565.426 119.384 0.803806 555.583 119.419 0.885187 555.714 176.091 0.86317 583.078 215.251 0.813609 571.334 119.373 0.776266 583.028 164.296 0.584602 608.46 166.372 0.732168 555.746 213.28 0.798894 561.557 271.93 0.847723 543.917 320.955 0.859966 579.104 211.245 0.710108 598.704 260.291 0.578583 586.979 320.907 0.433049 588.979 88.1128 0.875725 0 0 0 573.235 89.9929 0.848734 0 0 0 0
0 111 150 600.666 99.7042 0.999409 571.227 123.287 0.846847 559.592 123.302 0.814344 561.513 176.065 0.862182 586.955 217.154 0.870923 581.099 123.227 0.749902 586.941 164.282 0.618801 616.258 168.269 0.836992 557.63 215.234 0.793676 563.497 271.882 0.852828 543.94 320.923 0.870512 581.052 211.371 0.718989 598.73 264.149 0.661319 600.613 322.836 0.532987 598.63 90.0078 0.89682 600.707 88.0494 0.1045 579.119 90.0426 0.799856 0 0 0 0
0 111 151 602.698 99.7815 0.993903 573.28 127.149 0.822977 569.254 127.154 0.854038 567.39 176.076 0.846004 588.96 215.188 0.801956 584.931 125.238 0.772278 592.793 164.303 0.61027 618.346 166.351 0.833068 567.337 219.107 0.752588 569.267 271.891 0.873576 543.951 320.906 0.887987 584.916 215.205 0.7127 600.675 269.984 0.638169 610.458 322.874 0.435904 600.656 91.9772 0.900001 604.556 91.936 0.278703 583.062 93.9066 0.829326 0 0 0 0
0 111 152 612.399 101.652 0.948521 581.091 129.117 0.847428 571.235 130.996 0.882305 569.391 178.104 0.918102 598.706 213.262 0.84805 588.883 127.196 0.754399 598.704 162.459 0.651707 629.952 174.103 0.813765 569.405 217.21 0.78334 569.341 271.901 0.875121 545.89 320.851 0.868857 588.88 213.291 0.712093 604.562 271.961 0.787406 618.214 324.772 0.71794 604.579 95.8672 0.888245 614.342 97.7495 0.228087 586.945 97.766 0.904995 0 0 0 0
0 111 153 616.31 101.716 0.990409 584.983 129.166 0.860649 575.204 131.028 0.873234 575.206 179.967 0.87124 604.529 215.19 0.864286 590.906 129.107 0.741625 600.69 164.347 0.614639 633.866 174.084 0.803624 571.402 221.067 0.775183 571.232 271.946 0.856243 549.765 320.8 0.872189 590.852 217.189 0.688993 604.535 271.998 0.819245 618.21 324.795 0.730955 614.278 97.7843 0.875902 616.277 89.9599 0.0698088 592.797 97.7686 0.825316 0 0 0 0
0 111 154 618.28 101.862 0.949665 587.026 131.024 0.915101 579.108 131.067 0.858289 581.047 179.966 0.880916 608.485 215.194 0.846324 600.647 131.021 0.811819 610.405 164.3 0.672683 637.864 176.042 0.812646 575.223 221.103 0.757654 573.34 271.957 0.851234 551.722 320.803 0.910887 598.629 217.199 0.70147 604.628 271.992 0.819978 618.304 322.869 0.695542 616.266 99.7711 0.951356 618.335 99.7154 0.222584 598.659 99.746 0.866399 0 0 0 0
0 111 155 626.091 101.813 0.921496 594.776 129.127 0.812017 585.064 129.143 0.868169 583.037 179.939 0.862929 616.237 213.321 0.854037 602.587 129.104 0.755496 616.202 164.291 0.709261 647.581 177.969 0.878534 583.06 217.193 0.727473 586.904 271.971 0.84294 547.812 318.992 0.831028 598.637 213.315 0.66237 612.351 273.881 0.738504 616.321 332.612 0.453899 620.201 99.7256 0.935187 0 0 0 602.606 99.7359 0.936156 0 0 0 0
0 111 156 630.032 101.794 0.948444 600.598 131.02 0.875917 587.041 131.084 0.890691 587.017 181.947 0.822418 620.275 215.23 0.798409 608.5 129.128 0.744153 618.265 162.462 0.659737 649.528 177.988 0.88498 586.918 219.167 0.738251 602.614 273.916 0.716807 551.76 316.993 0.616598 600.716 217.153 0.651316 600.691 271.975 0.536014 557.65 315.021 0.43252 624.099 99.7084 0.901205 631.87 99.631 0.24993 602.724 99.7093 0.902862 0 0 0 0
0 111 157 632.051 101.766 0.969456 602.573 130.991 0.877909 592.808 131.007 0.84298 590.91 180.001 0.818441 626.049 217.19 0.783098 614.304 129.154 0.760126 626.093 164.274 0.686886 657.398 178.023 0.845799 590.854 219.153 0.708738 606.505 273.948 0.764232 551.764 316.913 0.738505 602.672 215.244 0.649123 610.452 273.888 0.554563 571.352 316.973 0.324518 630.022 97.8635 0.894798 0 0 0 612.357 99.6976 0.841504 0 0 0 0
0 111 158 637.826 101.766 0.944036 604.548 129.118 0.834097 598.666 129.135 0.852803 598.714 180.061 0.838024 632.017 215.203 0.835246 616.249 129.106 0.746411 631.924 164.273 0.715427 665.174 179.911 0.857814 598.694 226.907 0.750573 618.284 281.727 0.646447 555.732 313.056 0.702597 616.223 223.013 0.650833 643.676 273.871 0.262171 573.303 311.113 0.098781 633.934 97.8467 0.925839 0 0 0 616.384 99.673 0.896367 0 0 0 0
0 111 159 645.579 101.734 0.944436 612.367 129.057 0.806941 602.558 129.15 0.878945 600.689 180.019 0.850521 635.885 213.316 0.828466 618.275 125.248 0.720075 631.977 162.421 0.676522 665.27 178.123 0.766705 600.719 224.962 0.793745 618.238 275.853 0.744273 557.634 313.004 0.753507 618.262 221.048 0.637069 641.744 270.018 0.196388 573.258 318.914 0.0608381 635.925 97.8271 0.904623 647.465 97.8425 0.213587 618.308 99.6626 0.897989 0 0 0 0
0 111 160 647.621 101.689 0.99327 616.323 127.183 0.81736 606.527 127.157 0.824033 604.599 178.071 0.873228 643.7 211.317 0.845871 624.105 125.247 0.707382 635.916 162.455 0.663303 674.996 178.09 0.780186 606.499 224.948 0.724231 622.16 279.789 0.485655 557.61 314.987 0.278828 624.101 219.154 0.591021 639.757 275.86 0.213724 569.399 315 0.0642807 645.577 97.7468 0.881837 647.712 97.7628 0.138734 624.128 95.8791 0.810448 0 0 0 0
0 111 161 649.619 101.732 0.971847 618.264 129.079 0.841515 610.4 127.195 0.829389 612.411 178.005 0.859716 649.571 209.375 0.893941 629.971 127.204 0.726982 645.586 162.482 0.69208 680.818 178.061 0.851772 606.563 224.957 0.762398 618.239 281.734 0.655393 559.604 311.12 0.372685 627.993 221.083 0.655495 635.857 275.92 0.3591 585.016 307.205 0.0644104 647.616 97.79 0.928647 651.503 97.8468 0.186055 629.983 95.8872 0.849844 0 0 0 0
0 111 162 655.447 101.734 0.934901 620.286 129.065 0.805005 616.203 127.176 0.851204 618.231 178.109 0.87675 659.374 207.373 0.870642 631.967 129.075 0.74827 651.524 162.407 0.719123 686.708 177.966 0.792416 616.275 227.013 0.777099 631.879 291.518 0.582431 620.225 359.987 0.0949483 633.867 224.923 0.657263 647.593 281.752 0.185454 0 0 0 649.643 97.7791 0.921077 0 0 0 632.018 97.7744 0.924253 0 0 0 0
0 111 163 661.315 101.707 0.966006 629.921 131.058 0.82869 616.384 131.1 0.873393 628.039 178.128 0.904029 667.194 203.442 0.906596 635.873 129.154 0.719944 661.321 160.425 0.74008 694.554 176.021 0.825271 616.296 226.973 0.794259 628.038 291.525 0.628207 616.317 356.107 0.173759 633.894 224.984 0.737872 647.616 285.618 0.337635 0 0 0 653.492 97.7974 0.902521 0 0 0 635.832 99.6846 0.895243 0 0 0 1
0 111 164 663.287 103.7 0.949533 631.897 131.003 0.851066 618.32 131.018 0.867179 631.99 178.064 0.924436 678.894 201.55 0.920318 639.793 129.1 0.730428 665.216 158.458 0.762755 698.531 174.111 0.782202 616.331 227.01 0.787071 624.148 293.462 0.558823 618.273 348.276 0.158693 633.954 225.073 0.745356 647.614 285.658 0.448775 620.225 330.666 0.0531686 661.265 99.7486 0.933238 665.111 97.843 0.0876896 639.777 97.8273 0.835879 0 0 0 1
0 111 165 665.239 105.629 0.930053 633.916 130.988 0.897413 622.208 131.081 0.83169 641.732 178.062 0.883889 682.862 195.667 1.00156 647.578 129.053 0.76809 671.098 156.531 0.773274 710.247 170.252 0.800861 616.378 224.954 0.782112 622.21 287.593 0.647433 618.295 344.354 0.231176 633.988 222.978 0.680167 637.809 275.929 0.339264 0 0 0 663.216 99.8314 0.973585 665.319 99.8629 0.277347 643.709 99.7499 0.838175 0 0 0 1
0 111 166 669.133 105.67 0.879802 639.762 131.08 0.848732 629.942 132.975 0.833857 647.665 177.973 0.853085 694.61 193.658 0.981134 651.547 129.17 0.719917 678.864 154.608 0.821941 712.292 166.314 0.836876 618.29 225.019 0.782602 631.922 287.614 0.652793 620.249 344.338 0.179447 635.908 223.054 0.671771 645.652 275.892 0.232862 0 0 0 665.206 101.654 0.978388 671.119 99.8499 0.25771 647.61 99.8471 0.906649 0 0 0 1
0 111 167 676.94 107.636 0.893531 647.5 131.144 0.877649 632.031 133.088 0.854184 661.255 178 0.795025 708.26 189.747 0.916121 659.315 129.143 0.725678 684.752 152.583 0.857287 725.773 164.328 0.886886 628.069 228.973 0.725234 635.846 293.478 0.492495 600.657 369.768 0.123503 647.635 226.923 0.688054 678.948 275.914 0.172234 0 0 0 669.137 101.71 0.915673 678.876 99.8553 0.136166 649.646 101.671 0.90895 0 0 0 1
0 111 168 678.938 111.553 0.914581 649.517 132.98 0.908253 633.987 135.002 0.837427 671.1 176.048 0.745948 716.094 181.947 0.914575 663.285 130.992 0.754726 694.523 150.649 0.887556 729.75 162.454 0.806 631.867 228.934 0.760702 635.872 291.538 0.532573 600.68 367.861 0.105951 649.604 226.913 0.700224 674.978 279.784 0.143359 0 0 0 675.008 101.82 0.903868 680.761 101.742 0.165071 653.455 101.776 0.866668 0 0 0 1
0 111 169 680.826 113.507 0.945632 649.582 134.976 0.817607 645.605 140.846 0.758914 678.968 166.307 0.748617 725.862 178.074 0.932536 661.245 133.02 0.65769 694.579 146.801 0.865871 737.573 160.407 0.762829 633.93 240.611 0.757738 643.72 303.286 0.454174 0 0 0 647.603 236.742 0.615838 641.738 297.405 0.174143 0 0 0 676.985 103.732 0.918329 680.876 101.806 0.221655 655.405 103.7 0.83736 0 0 0 1
0 111 170 680.964 115.374 0.945653 655.455 133.135 0.814494 647.571 138.901 0.798678 688.685 164.362 0.773936 731.761 170.226 0.911919 665.262 133.018 0.677186 702.407 144.754 0.825339 743.426 156.523 0.734253 635.887 238.729 0.744646 647.646 303.283 0.481447 590.876 375.636 0.105972 649.581 236.739 0.659619 637.863 301.287 0.19711 0 0 0 678.93 105.639 0.922453 682.894 105.704 0.295806 661.321 103.777 0.865003 0 0 0 1
0 111 171 686.767 115.433 0.881006 661.218 133.037 0.84513 649.501 138.932 0.844006 694.603 164.29 0.762464 741.493 166.286 0.929146 667.182 130.989 0.639172 708.261 140.867 0.835156 747.374 152.629 0.754824 643.721 236.742 0.714837 647.546 299.334 0.406037 598.669 369.788 0.137924 661.266 230.879 0.639197 643.699 291.54 0.173671 600.607 375.648 0.0504749 680.923 107.635 0.872951 692.632 111.471 0.13481 665.182 107.616 0.89326 0 0 0 1
0 111 172 694.579 115.524 0.944661 663.316 133.049 0.872783 657.368 140.892 0.757112 696.594 162.378 0.751132 743.513 164.299 0.87066 673.007 129.142 0.588032 710.205 138.933 0.830206 753.275 152.587 0.748744 647.568 232.819 0.725798 645.632 289.579 0.447086 612.405 338.502 0.132235 663.188 228.948 0.666519 647.602 285.66 0.223938 600.65 369.791 0.0534642 688.728 111.531 0.826406 694.661 113.443 0.166972 667.259 111.51 0.848386 0 0 0 1
0 111 173 694.657 115.523 0.945942 667.174 133.039 0.876033 655.432 136.998 0.779389 698.487 162.397 0.77727 745.495 162.321 0.874017 680.901 131.074 0.660572 714.173 142.835 0.825772 757.154 150.714 0.743526 647.622 240.672 0.788314 645.653 303.289 0.43765 588.921 375.623 0.17668 663.341 238.687 0.701317 653.471 297.383 0.178484 0 0 0 692.578 111.488 0.8621 696.43 113.389 0.143261 673.044 109.573 0.834263 0 0 0 1
0 111 174 698.467 117.423 0.891209 674.968 133.061 0.873674 657.428 136.933 0.779685 698.506 162.358 0.736098 749.33 162.299 0.900748 692.578 131.106 0.713939 725.806 144.741 0.828182 759.173 148.777 0.767992 649.489 240.688 0.779269 645.612 305.189 0.438152 592.84 375.618 0.0917359 667.181 238.723 0.686049 663.231 295.432 0.172145 0 0 0 694.636 113.458 0.907569 700.513 115.399 0.33965 678.856 111.505 0.89173 0 0 0 1
0 111 175 706.332 117.35 0.876996 678.859 133.146 0.900584 661.271 136.999 0.814073 700.47 162.418 0.754053 751.334 162.293 0.919194 696.491 132.988 0.70878 727.806 144.753 0.797248 761.143 148.753 0.720343 649.581 244.555 0.75402 645.614 305.22 0.383548 594.786 367.833 0.0810393 673.055 240.703 0.62691 663.243 293.518 0.101358 0 0 0 698.468 113.417 0.866397 710.111 113.497 0.318356 680.867 113.425 0.920206 0 0 0 1
0 111 176 710.184 117.375 0.933466 680.807 135.036 0.906967 663.22 138.941 0.835663 704.378 164.415 0.812249 755.248 164.276 1.05594 700.403 133.087 0.760066 735.643 146.672 0.76965 772.789 148.698 0.737155 649.581 244.612 0.73477 645.617 305.273 0.348962 592.828 371.721 0.0735303 676.927 242.56 0.622712 663.266 295.47 0.0804885 0 0 0 704.325 113.442 0.847195 712.075 115.325 0.339694 682.858 113.406 0.867726 0 0 0 1
0 111 177 710.246 117.414 0.914708 680.937 138.929 0.884416 665.235 144.715 0.8393 710.194 168.262 0.885428 757.149 164.376 1.03155 700.406 134.992 0.74353 735.637 146.754 0.757099 768.919 150.641 0.667495 651.488 254.31 0.734003 645.653 311.12 0.234605 588.912 375.673 0.0568409 676.972 246.536 0.623794 657.4 307.157 0.078465 0 0 0 706.279 113.489 0.846531 712.134 115.309 0.356523 684.766 113.409 0.836342 0 0 0 1
0 111 178 712.129 119.346 0.905761 682.819 138.955 0.855591 667.162 140.906 0.806243 706.315 170.25 0.800602 755.253 170.254 0.92786 700.414 136.994 0.722537 739.579 148.659 0.825209 772.898 148.698 0.821453 651.503 254.303 0.731444 647.605 311.111 0.233844 590.878 377.636 0.0612359 676.981 248.465 0.63324 659.333 307.172 0.0839775 0 0 0 708.277 115.377 0.908511 714.147 115.458 0.522846 686.737 113.422 0.827985 0 0 0 1
0 111 179 714.188 119.365 0.874423 684.775 142.821 0.83135 673.031 146.658 0.786849 708.251 177.97 0.822333 753.234 178.03 0.914338 700.425 138.885 0.684864 741.502 148.783 0.839368 774.796 150.659 0.885921 657.402 256.268 0.719313 643.7 316.953 0.195795 579.134 381.472 0.0666784 678.91 250.429 0.613666 647.603 315.003 0.0673054 0 0 0 710.277 115.397 0.936691 719.975 115.423 0.350115 692.538 113.515 0.852321 0 0 0 1
0 111 180 716.107 117.489 0.856496 690.616 142.833 0.844352 676.884 146.643 0.780777 702.405 180.074 0.866225 749.369 181.992 0.881411 706.285 138.876 0.710986 739.519 152.591 0.819165 772.796 160.39 0.864559 657.393 250.426 0.706319 649.56 307.209 0.283776 590.87 379.508 0.0697734 680.79 244.617 0.682114 690.645 303.228 0.107415 0 0 0 712.108 115.394 0.916046 721.97 115.374 0.402956 694.535 115.422 0.872025 0 0 0 1
0 111 181 723.892 119.334 0.869253 694.48 144.772 0.897617 676.892 146.755 0.829842 698.534 187.795 0.826544 743.41 193.68 0.832759 710.288 140.847 0.750103 743.439 162.335 0.822654 774.821 164.412 0.894362 659.302 254.337 0.718902 647.616 311.08 0.257941 594.775 375.66 0.0712904 680.918 250.461 0.662705 692.58 305.227 0.0956002 0 0 0 714.178 115.461 0.879257 725.789 115.376 0.320087 696.547 115.496 0.887448 0 0 0 1
0 111 182 723.931 119.404 0.863483 694.563 144.778 0.925591 676.943 146.808 0.839212 692.54 193.591 0.843075 729.777 197.681 0.939073 712.211 140.834 0.777988 739.565 164.345 0.872465 774.785 177.943 0.883067 661.241 240.709 0.746973 649.538 303.203 0.362079 610.424 367.804 0.0536321 682.857 240.612 0.703795 694.57 293.449 0.200257 0 0 0 716.079 117.313 0.881137 725.832 115.493 0.351634 696.624 115.497 0.887294 0 0 0 1
0 111 183 725.825 119.385 0.903482 696.473 144.813 0.934549 678.826 144.814 0.83121 680.789 189.815 0.840875 723.856 209.249 0.898712 716.066 144.815 0.807235 739.606 168.243 0.811291 772.852 181.991 0.868692 663.196 240.669 0.758725 649.551 299.356 0.286211 0 0 0 690.683 240.605 0.684065 702.4 291.509 0.203568 0 0 0 719.97 115.494 0.889 725.943 117.295 0.515303 698.553 115.455 0.857855 0 0 0 1
0 111 184 725.907 123.263 0.9006 696.482 146.628 0.927561 678.832 144.801 0.84603 678.862 191.724 0.848139 710.286 215.183 0.892412 716.068 146.679 0.81045 737.589 174.119 0.845845 763.048 193.636 0.895305 663.217 244.603 0.706037 643.718 303.268 0.290462 598.697 373.702 0.144689 694.605 242.699 0.668609 708.236 299.361 0.160293 0 0 0 721.968 117.353 0.916173 727.787 117.399 0.458143 700.427 115.442 0.845123 0 0 0 1
0 111 185 727.804 123.265 0.917151 696.528 144.796 0.93574 678.831 144.724 0.853769 667.182 191.772 0.885761 702.372 221.073 0.874022 718.03 146.674 0.822766 735.685 178.04 0.854893 759.218 205.436 0.89136 665.148 242.652 0.741042 635.914 289.626 0.305481 0 0 0 696.571 242.598 0.69528 708.262 303.186 0.169283 0 0 0 725.77 117.343 0.955163 727.925 117.346 0.405675 704.334 115.447 0.826857 0 0 0 1
0 111 186 727.829 121.314 0.904742 698.507 144.719 0.87009 678.868 144.729 0.858776 665.198 193.596 0.896676 694.541 224.953 0.883918 725.778 144.771 0.83132 731.733 179.991 0.782933 753.256 211.307 0.884045 673.013 236.743 0.652174 696.512 291.547 0.182386 0 0 0 710.221 230.872 0.659187 790.483 273.926 0.288344 0 0 0 725.758 115.507 0.95815 729.832 115.486 0.617117 704.373 115.367 0.82406 0 0 0 1
0 111 187 727.864 121.338 0.888308 700.485 144.71 0.843373 678.815 144.79 0.8703 663.184 189.771 0.879045 682.867 223.073 0.889128 727.801 142.829 0.853061 727.937 181.919 0.789381 741.547 211.369 0.85756 674.979 228.928 0.667194 690.647 279.779 0.32509 0 0 0 714.101 226.985 0.695105 788.429 273.999 0.185947 0 0 0 725.799 115.521 0.96031 729.843 115.497 0.537695 706.31 115.317 0.838568 0 0 0 1
0 111 188 727.792 121.317 0.877829 708.212 142.815 0.865711 678.971 140.881 0.870324 661.242 182.017 0.885245 678.893 223.042 0.899252 729.774 144.805 0.853674 727.904 189.765 0.741373 725.94 219.159 0.691677 669.173 227.013 0.668305 680.826 281.754 0.271922 0 0 0 710.118 228.978 0.674575 712.166 285.657 0.15509 0 0 0 723.896 115.492 0.929902 729.817 115.474 0.775674 706.296 113.417 0.822837 0 0 0 1
0 111 189 725.95 119.403 0.888639 710.106 142.858 0.887303 678.988 140.834 0.847095 653.509 180.038 0.889817 673.006 221.086 0.864686 733.719 146.702 0.857084 727.762 195.612 0.745349 714.163 230.849 0.536362 671.075 236.751 0.643824 678.868 289.583 0.188837 0 0 0 708.246 240.594 0.676046 710.208 291.58 0.112394 0 0 0 721.969 115.376 0.896028 729.853 115.446 0.848594 708.204 109.564 0.791139 0 0 0 1
0 111 190 725.835 117.491 0.923784 710.208 144.701 0.919182 680.845 140.831 0.835086 653.445 179.945 0.917725 665.278 221.093 0.934756 739.511 146.734 0.910228 725.929 193.766 0.739516 714.11 228.94 0.467838 678.872 232.799 0.681961 682.833 289.532 0.175944 0 0 0 710.248 236.704 0.669287 712.187 291.523 0.100785 0 0 0 720.006 113.499 0.885479 729.777 115.414 0.939576 710.105 107.643 0.801031 741.454 115.381 0.174119 0
0 111 191 725.803 117.404 0.956906 710.24 142.797 0.908325 680.872 138.884 0.83242 651.495 178.088 0.933697 665.149 219.117 0.918319 739.592 146.66 0.892612 727.834 191.736 0.663368 721.923 225 0.568479 678.896 230.878 0.732589 680.819 287.632 0.304075 0 0 0 712.167 234.746 0.696623 714.111 289.606 0.157496 0 0 0 720.015 113.402 0.868725 729.775 115.364 0.950631 710.207 105.665 0.814202 741.425 115.364 0.428707 0
0 111 192 725.772 117.413 0.953449 710.294 142.821 0.9093 680.926 136.954 0.845059 649.644 178.014 0.927855 663.18 217.165 0.905775 741.465 146.741 0.93411 727.85 193.61 0.749898 721.921 228.927 0.652737 678.888 228.93 0.751889 680.83 287.59 0.3566 0 0 0 712.153 232.835 0.709692 714.171 289.546 0.179711 0 0 0 720.005 113.409 0.875777 729.766 115.402 0.966398 710.251 105.662 0.806282 741.441 115.437 0.64651 0
0 111 193 725.778 117.427 0.956764 712.131 144.7 0.916376 680.951 136.977 0.839785 649.678 177.969 0.886581 661.241 213.34 0.887351 741.557 146.756 0.938211 729.759 193.691 0.703803 721.967 230.909 0.632014 678.861 228.912 0.760699 680.827 285.672 0.42184 673.036 354.143 0.0546557 712.203 232.822 0.7111 714.184 289.529 0.195786 0 0 0 720.028 113.417 0.88248 729.788 115.427 0.967318 710.285 105.621 0.806596 741.474 115.482 0.731283 0
0 111 194 725.754 117.377 0.946109 712.206 142.859 0.896824 682.801 136.975 0.81525 651.513 176.116 0.82442 657.385 213.303 0.827218 743.455 146.76 0.929738 733.723 193.687 0.702866 721.96 230.876 0.643822 678.848 232.843 0.746114 675.011 287.561 0.311237 0 0 0 712.247 238.679 0.721909 712.176 293.515 0.176163 0 0 0 720 111.52 0.871226 729.772 115.379 0.945172 710.287 103.76 0.732259 741.49 115.481 0.828733 0
0 111 195 725.752 117.315 0.951536 712.274 146.63 0.914151 682.823 136.933 0.832435 655.417 176.082 0.814618 655.436 213.302 0.840324 743.526 148.74 0.920491 737.56 195.716 0.678925 723.857 236.692 0.544211 678.893 238.672 0.74643 678.901 299.316 0.232294 0 0 0 716.08 240.657 0.728703 768.894 303.28 0.176302 0 0 0 719.976 109.555 0.854762 729.782 113.518 0.920141 710.277 103.725 0.617521 741.556 115.431 0.86025 0
0 111 196 725.761 115.523 0.952341 714.121 144.795 0.890635 682.853 135.061 0.834102 659.298 174.165 0.803975 651.566 215.186 0.831862 745.409 148.703 0.906899 741.596 195.731 0.747016 729.802 226.96 0.497046 678.956 238.678 0.75056 676.957 297.383 0.254402 0 0 0 721.962 240.67 0.731949 766.971 303.298 0.170762 0 0 0 719.981 109.529 0.852031 729.777 113.483 0.916885 710.291 103.714 0.590019 741.555 115.399 0.878392 0
0 111 197 725.755 115.507 0.950094 714.132 144.804 0.896249 682.884 135.033 0.84176 659.312 176.026 0.81084 649.633 215.21 0.864327 745.42 148.742 0.902592 743.481 197.589 0.774998 739.59 221.087 0.605886 678.935 238.653 0.753412 671.093 299.331 0.265919 0 0 0 723.893 240.655 0.760949 770.833 301.308 0.23213 0 0 0 719.969 107.635 0.849043 729.765 113.467 0.914537 710.297 103.719 0.552289 741.543 115.396 0.877994 0
0 111 198 725.76 115.497 0.953939 714.17 146.622 0.892052 682.864 135.054 0.849399 659.334 176.053 0.815207 649.509 215.247 0.872613 747.389 148.729 0.883006 751.333 197.595 0.734567 751.297 221.055 0.623535 678.986 240.692 0.785604 675.009 303.282 0.308912 682.822 369.787 0.0686011 727.784 242.648 0.835973 772.879 301.263 0.36112 0 0 0 719.966 107.613 0.850031 729.773 113.445 0.905726 710.291 103.692 0.552288 741.56 115.374 0.873328 0
0 111 199 723.906 115.517 0.940384 714.188 146.647 0.901197 682.833 135.078 0.850373 657.406 176.057 0.829425 647.692 215.215 0.89612 749.316 148.779 0.85576 757.17 195.651 0.855546 753.257 223.011 0.758701 678.933 240.68 0.80278 671.093 303.263 0.318715 680.867 369.823 0.0607475 725.951 242.645 0.84349 774.736 299.343 0.352882 0 0 0 718.014 107.637 0.859553 727.924 113.472 0.917544 710.264 103.706 0.508817 741.55 115.382 0.892887 0
0 111 200 723.843 115.488 0.928075 714.193 146.7 0.91323 682.828 136.975 0.837584 657.402 176.062 0.817052 649.485 213.324 0.904454 747.439 150.64 0.845274 759.081 193.721 0.910384 757.159 223.071 0.877255 678.815 240.57 0.790639 667.15 301.267 0.298336 0 0 0 723.869 242.611 0.790413 770.833 303.229 0.251759 0 0 0 716.061 105.706 0.873837 727.876 113.425 0.91362 710.26 103.664 0.41659 741.519 115.381 0.877575 0
0 111 201 719.986 115.493 0.903401 714.156 146.649 0.909717 680.971 136.955 0.844922 657.38 176.043 0.79705 649.53 213.239 0.916566 747.389 148.778 0.863651 759.243 193.738 0.889951 759.179 226.953 0.849318 676.976 234.749 0.768222 676.918 291.508 0.318259 0 0 0 716.105 240.616 0.765994 719.991 297.414 0.171286 0 0 0 714.109 105.695 0.908046 727.792 113.431 0.922088 710.236 101.787 0.286649 741.524 115.381 0.881611 0
0 111 202 716.076 115.461 0.913416 714.147 144.777 0.892304 680.96 135.064 0.849223 657.378 174.158 0.788673 649.534 213.232 0.916946 747.434 148.682 0.868485 761.102 193.682 0.873715 759.233 226.965 0.864868 678.827 234.769 0.787337 678.945 289.595 0.356966 0 0 0 720.004 240.561 0.752793 727.784 297.37 0.147514 0 0 0 712.227 105.647 0.940834 725.912 113.414 0.924365 710.182 101.787 0.219471 741.435 115.433 0.893499 0
0 111 203 714.121 115.413 0.927047 712.28 144.743 0.909562 680.875 135.015 0.874061 657.375 174.118 0.788038 649.525 211.261 0.881596 747.406 148.66 0.878131 761.126 193.669 0.851833 761.167 225.055 0.839669 678.914 238.712 0.804699 678.937 293.496 0.303063 678.917 367.816 0.0514546 725.793 240.662 0.807954 772.813 297.368 0.225033 0 0 0 712.126 103.761 0.961772 725.813 111.508 0.908392 710.083 101.825 0.195422 739.542 115.386 0.894881 0
0 111 204 712.234 115.38 0.938996 712.209 142.817 0.907518 680.811 134.967 0.884401 655.427 176.013 0.795791 647.698 211.306 0.922412 745.484 148.608 0.884215 763.017 193.626 0.828414 764.974 225.069 0.815951 678.83 232.804 0.785217 678.952 289.533 0.360269 0 0 0 721.914 238.638 0.744675 729.792 289.609 0.13359 0 0 0 710.283 103.727 0.963626 723.932 111.483 0.889601 708.229 101.811 0.202798 737.585 115.404 0.868228 0
0 111 205 710.285 115.396 0.958525 712.123 142.84 0.914643 678.931 135.013 0.869915 651.532 177.958 0.871081 647.636 211.363 0.969153 743.568 148.613 0.904228 763.027 193.597 0.841772 765.025 226.949 0.822834 673.013 232.848 0.727083 667.155 289.615 0.306951 0 0 0 712.273 240.607 0.805864 712.156 301.259 0.209599 0 0 0 710.112 103.753 0.927824 719.994 111.494 0.861679 702.373 101.806 0.157539 731.768 115.403 0.863349 0
0 111 206 710.109 115.348 0.918776 712.083 142.817 0.905457 678.926 133.139 0.872203 651.483 174.128 0.84788 647.596 211.267 0.963188 743.489 148.626 0.920074 761.165 191.767 0.862194 765.015 226.947 0.835862 669.15 230.89 0.733966 661.277 289.576 0.354019 0 0 0 712.206 240.642 0.823247 708.29 301.31 0.246482 0 0 0 706.261 103.734 0.881712 714.143 109.533 0.872761 700.413 101.754 0.0841746 727.94 113.507 0.880695 0
0 111 207 706.332 113.508 0.880776 710.146 144.727 0.900712 676.944 135.051 0.825857 649.583 174.102 0.868316 647.561 209.312 0.923738 741.544 146.821 0.929277 761.071 191.736 0.875664 764.974 227.041 0.820154 669.154 236.734 0.715562 661.292 289.588 0.241966 0 0 0 712.231 240.724 0.797559 710.232 305.173 0.19038 0 0 0 700.453 103.676 0.905719 712.211 107.602 0.905751 696.495 101.83 0.122344 727.783 113.481 0.891416 0
0 111 208 698.506 113.427 0.883679 708.199 142.861 0.867394 673.037 135.005 0.812815 649.514 172.179 0.854354 645.685 209.331 0.90116 741.414 146.791 0.900881 759.169 191.774 0.910023 761.051 230.843 0.848128 667.215 240.707 0.750657 649.587 303.276 0.182144 0 0 0 712.269 242.699 0.758519 770.834 305.226 0.152594 0 0 0 696.553 101.807 0.956274 710.214 105.647 0.922596 0 0 0 725.849 113.431 0.901222 0
0 111 209 696.539 111.552 0.913405 702.432 140.878 0.835803 669.169 133.085 0.85439 647.7 170.22 0.842914 643.659 209.27 0.873885 735.685 146.758 0.855424 759.047 193.694 0.905247 759.053 228.979 0.865434 663.323 238.639 0.773466 639.81 289.607 0.315882 0 0 0 708.19 242.643 0.750485 702.394 307.18 0.194165 0 0 0 694.633 101.769 0.95942 708.263 103.776 0.887877 0 0 0 723.893 113.434 0.850266 0
0 111 210 694.504 111.503 0.884195 698.466 142.783 0.868235 667.135 133.129 0.88427 647.582 172.202 0.829395 637.858 209.316 0.899627 729.855 146.774 0.865364 755.245 193.61 0.859821 757.154 228.891 0.782057 663.174 234.752 0.79069 635.847 289.573 0.578304 600.615 371.749 0.260762 700.45 242.576 0.775503 692.614 303.281 0.321242 0 0 0 692.538 101.773 0.895097 698.538 103.722 0.884094 0 0 0 714.202 111.542 0.828383 0
0 111 211 688.683 111.514 0.832722 696.485 138.911 0.891619 665.148 133.097 0.900271 647.53 174.13 0.822787 637.818 209.253 0.898219 727.844 146.668 0.882138 749.321 193.605 0.845149 755.187 228.893 0.740831 661.261 228.9 0.79464 639.786 289.588 0.6066 600.615 375.642 0.374267 696.633 240.597 0.817458 688.688 301.27 0.381642 0 0 0 682.906 101.762 0.889062 696.464 103.697 0.929558 0 0 0 712.137 109.573 0.857732 0
0 111 212 680.952 109.577 0.88731 694.535 136.985 0.882536 663.239 133.035 0.901586 645.677 172.166 0.801596 634.032 207.411 0.923239 725.819 146.63 0.870075 743.552 191.717 0.848523 747.384 225.031 0.751979 657.421 228.905 0.769542 637.841 291.514 0.626111 602.547 371.751 0.394827 696.472 240.586 0.825481 680.899 301.311 0.387019 0 0 0 680.845 101.698 0.949512 694.457 103.671 0.907649 0 0 0 710.138 109.602 0.851985 0
0 111 213 678.835 107.644 0.876592 688.729 136.962 0.834357 657.416 133.081 0.871723 641.731 174.093 0.808836 633.934 207.418 0.955548 719.996 144.723 0.805411 741.51 191.737 0.877258 741.472 228.958 0.735559 655.417 227.025 0.797285 637.797 287.665 0.678636 616.255 352.165 0.276476 694.559 238.653 0.800863 680.829 299.353 0.436155 671.08 361.958 0.0564087 676.883 101.709 0.86689 682.837 101.824 0.913506 0 0 0 698.513 107.612 0.840026 0
0 111 214 671.064 107.643 0.843872 680.989 136.989 0.871279 651.541 133.14 0.879734 635.858 176.014 0.84268 632.016 209.284 0.922504 712.27 142.858 0.834778 733.672 189.762 0.835864 739.499 226.959 0.705122 649.646 228.96 0.784911 635.865 289.571 0.565047 604.552 367.862 0.236178 692.572 240.562 0.764377 680.923 299.367 0.323577 0 0 0 667.204 101.715 0.895336 678.965 101.793 0.960075 0 0 0 694.658 105.688 0.89039 0
0 111 215 665.243 107.611 0.902398 678.897 135.083 0.894853 647.696 133.089 0.908557 633.945 176.022 0.839085 631.896 207.359 0.869672 708.278 144.709 0.838049 727.856 191.766 0.913314 729.775 234.81 0.782743 649.488 228.975 0.80003 635.879 293.516 0.621113 600.708 373.692 0.465145 684.78 240.565 0.757568 678.912 303.241 0.449613 682.817 365.884 0.0894064 663.338 101.677 0.956353 675.023 101.785 0.892705 0 0 0 690.619 107.576 0.8196 0
0 111 216 661.306 105.687 0.867679 675.027 135.048 0.833949 647.552 133.008 0.880417 633.873 174.15 0.812254 626.079 209.306 0.872396 700.429 142.82 0.793424 725.844 193.677 0.933832 721.968 232.845 0.805837 647.571 238.728 0.802276 635.846 305.17 0.587339 600.654 373.721 0.440311 680.961 242.621 0.79125 676.965 307.167 0.402387 690.617 365.864 0.0709213 659.301 101.672 0.851515 665.292 101.754 0.951696 0 0 0 680.946 105.671 0.863373 0
0 111 217 649.663 103.743 0.904884 667.135 136.974 0.854513 641.743 133.109 0.844939 631.958 176.115 0.83441 620.262 207.372 0.897276 696.435 144.72 0.868391 714.186 193.691 0.901697 712.232 234.753 0.888275 645.666 236.75 0.769984 633.953 299.351 0.585937 602.559 369.803 0.379912 678.985 240.636 0.799647 674.969 303.267 0.411489 688.68 363.917 0.0648396 649.597 99.8018 0.833017 661.314 101.687 0.914247 0 0 0 678.863 105.689 0.863261 0
0 111 218 645.681 103.746 0.88503 663.244 136.973 0.876949 633.984 133.056 0.901255 626.078 176.123 0.794256 616.37 209.285 0.908764 690.607 144.752 0.814602 710.144 193.71 0.909882 708.292 238.704 0.838148 637.861 240.579 0.758556 633.956 303.315 0.610322 600.611 373.707 0.395656 673.059 240.709 0.757184 673.046 305.223 0.367857 0 0 0 645.575 99.8186 0.778995 649.661 101.675 0.945043 0 0 0 669.097 103.767 0.865446 0
0 111 219 635.93 103.699 0.884334 657.389 134.999 0.834055 631.983 131.069 0.875258 622.177 172.205 0.706974 616.242 207.37 0.904139 680.884 144.728 0.838128 700.443 195.653 0.874097 696.443 240.646 0.891906 633.995 236.743 0.743078 632.028 301.325 0.517199 602.566 369.804 0.183411 665.3 240.63 0.760525 665.248 305.189 0.428854 0 0 0 635.839 99.7701 0.783634 647.573 99.8758 0.961359 0 0 0 665.125 103.713 0.936315 0
0 111 220 631.9 103.676 0.938532 649.668 138.933 0.852642 629.989 133.099 0.877152 620.223 178.045 0.695539 612.416 207.427 0.889974 676.976 146.641 0.860786 694.493 195.648 0.8897 692.554 238.676 0.823809 631.933 234.774 0.789387 622.187 291.505 0.493438 602.62 365.888 0.16205 663.202 238.713 0.782634 653.461 295.428 0.405638 0 0 0 631.854 99.7593 0.638442 635.888 99.8361 0.931156 0 0 0 659.347 103.685 0.894784 0
0 111 221 622.187 101.852 0.887659 647.562 135.046 0.881334 624.098 133.01 0.822574 620.185 176.04 0.590399 604.61 205.399 0.816132 665.318 138.929 0.821778 682.907 193.684 0.862365 680.842 238.654 0.901053 629.933 242.608 0.701404 631.929 305.259 0.219877 602.572 369.81 0.0541981 651.486 244.595 0.729717 647.637 309.134 0.335542 602.643 371.755 0.0558801 620.262 99.7297 0.631535 631.966 99.8331 0.976076 0 0 0 649.563 101.842 0.964603 0
0 111 222 616.393 101.839 0.953621 643.665 135.043 0.82677 620.234 132.995 0.845869 618.224 174.117 0.612785 602.624 201.509 0.832215 663.224 138.949 0.833027 678.894 193.624 0.888675 676.912 238.707 0.839783 624.131 234.788 0.660903 629.985 289.508 0.272998 0 0 0 649.48 238.722 0.744249 643.664 289.62 0.336249 0 0 0 616.4 99.7431 0.397286 622.204 99.8079 0.907159 0 0 0 645.597 103.658 0.899337 0
0 111 223 610.401 101.819 0.894568 633.927 133.047 0.902706 618.2 132.974 0.846462 616.278 176.018 0.561183 600.628 197.59 0.74412 651.544 133.097 0.834435 669.134 189.757 0.815202 665.309 234.777 0.888353 618.259 227.011 0.733563 626.099 285.617 0.256701 0 0 0 639.808 234.748 0.706592 637.813 289.509 0.402537 0 0 0 608.508 99.7191 0.381313 616.358 99.7954 0.952133 0 0 0 633.954 101.779 0.94783 0
0 111 224 602.69 99.8654 0.905941 631.946 131.172 0.905123 616.304 129.162 0.775209 614.304 170.239 0.398678 598.616 195.68 0.545933 647.637 133.081 0.876523 663.261 187.856 0.852309 663.152 234.765 0.833268 614.286 225.034 0.713831 594.799 279.764 0.221271 0 0 0 633.834 230.839 0.753783 629.952 287.581 0.409596 0 0 0 604.594 97.7545 0.122258 612.412 97.8534 0.853861 0 0 0 631.835 101.761 0.957918 0
0 111 225 598.734 99.8182 0.922434 629.934 131.039 0.86019 614.283 127.171 0.732859 610.449 166.289 0.54678 589 193.703 0.793372 645.654 132.965 0.858509 655.472 181.971 0.801548 649.621 228.893 0.922401 608.482 223.007 0.670284 610.422 273.981 0.226399 0 0 0 629.99 226.94 0.771014 618.317 283.658 0.590537 616.292 342.373 0.136991 0 0 0 602.601 95.8966 0.917336 0 0 0 618.329 101.646 0.97195 0
0 111 226 588.906 99.7735 0.914835 620.256 131.007 0.870298 606.512 129.101 0.768691 602.68 164.427 0.624855 586.965 193.633 0.877349 635.922 131.049 0.826674 649.513 179.94 0.859597 645.693 226.92 0.933606 604.635 215.221 0.691587 608.476 271.886 0.445159 631.939 307.212 0.261329 622.178 223.042 0.775386 604.532 272.012 0.821012 635.853 311.101 0.468846 0 0 0 598.619 95.8246 0.840997 0 0 0 616.235 99.8304 0.995517 0
0 111 227 586.971 99.6873 0.845723 618.268 127.146 0.831188 608.463 119.379 0.715564 602.641 160.456 0.556227 586.91 189.74 0.812456 631.866 131.077 0.82466 645.591 181.934 0.80371 635.841 226.997 0.876564 610.415 213.27 0.63419 610.446 270.002 0.456592 633.931 305.271 0.32995 618.314 221.066 0.756231 587.072 264.122 0.780313 628.062 318.925 0.618755 0 0 0 590.856 91.9686 0.779914 0 0 0 606.531 99.7613 0.913963 0
0 111 228 583.053 99.7469 0.836351 616.209 125.195 0.760462 604.541 123.229 0.718216 596.734 162.355 0.49652 583.078 189.805 0.764271 620.266 129.052 0.777276 633.843 178.027 0.808514 631.895 226.893 0.860286 602.648 211.262 0.670476 600.655 260.285 0.350205 614.354 315.003 0.161415 616.21 213.298 0.74967 584.977 260.279 0.593078 610.457 320.838 0.434299 0 0 0 585.077 91.9829 0.836414 0 0 0 600.696 99.7478 0.963874 0
0 111 229 573.285 99.8554 0.83639 608.475 127.149 0.770174 600.598 125.178 0.762754 598.655 166.279 0.379132 577.146 191.686 0.632717 618.253 129.092 0.799011 630.011 179.985 0.783189 620.234 226.997 0.832301 596.749 211.317 0.66022 594.782 269.947 0.403597 604.572 318.916 0.223946 604.571 217.143 0.757461 571.366 262.216 0.6592 588.944 322.846 0.512993 0 0 0 579.156 95.8794 0.777569 0 0 0 596.715 99.7525 0.900731 0
0 111 230 571.222 99.854 0.838847 602.554 125.193 0.82827 588.879 123.266 0.796857 586.942 164.363 0.640791 573.303 193.615 0.728679 614.371 127.192 0.81926 620.196 178.077 0.706889 616.326 226.923 0.802968 596.719 207.408 0.773397 571.253 258.269 0.837874 577.209 320.886 0.744635 616.371 209.394 0.830021 616.269 258.344 0.709419 622.169 316.948 0.428858 0 0 0 571.374 95.8909 0.789619 0 0 0 586.992 99.7105 0.941457 0
0 111 231 559.545 99.8542 0.750487 598.733 125.202 0.741391 590.862 121.315 0.668662 0 0 0 0 0 0 602.674 129.073 0.770932 616.262 178.045 0.795886 604.609 227.011 0.890869 592.868 209.311 0.617051 614.328 269.989 0.320681 631.942 316.928 0.121716 598.654 211.342 0.779788 565.448 260.242 0.791833 557.605 318.927 0.756031 0 0 0 567.349 97.7699 0.780883 0 0 0 583.038 99.8667 0.975895 0
0 111 232 555.613 103.67 0.863365 590.866 129.078 0.791338 586.904 123.285 0.706313 586.916 178.059 0.153524 0 0 0 596.75 131.121 0.78363 602.673 180.049 0.772149 598.671 228.894 0.877563 590.884 211.246 0.666223 616.355 270.002 0.252971 633.904 309.123 0.124778 600.584 215.209 0.769736 555.704 260.201 0.801801 543.951 318.967 0.767208 0 0 0 557.622 99.7554 0.834758 0 0 0 573.257 101.683 0.94071 0
0 111 233 549.8 101.822 0.737252 585.074 129.145 0.801516 575.212 129.066 0.685099 575.227 180.036 0.122961 0 0 0 590.879 131.104 0.785544 598.665 181.988 0.732234 586.974 236.708 0.882859 577.166 219.11 0.754095 551.733 266.09 0.700074 536.063 316.989 0.841301 602.609 224.902 0.842789 622.171 273.964 0.725495 647.615 316.945 0.248536 0 0 0 553.689 99.7554 0.833209 0 0 0 569.293 101.754 0.980505 0
0 111 234 540.108 107.636 0.802598 579.109 131.08 0.773259 571.34 129.155 0.700792 571.21 183.886 0.147198 0 0 0 584.908 132.994 0.814373 586.957 183.925 0.766906 581.074 236.742 0.896013 573.251 213.294 0.756214 541.956 264.093 0.734743 526.345 318.835 0.845505 600.562 221.074 0.766955 618.249 271.963 0.730197 645.648 316.939 0.258483 0 0 0 545.903 101.741 0.816455 0 0 0 561.532 103.696 0.875768 0
0 111 235 536.102 109.594 0.713927 571.296 131.119 0.818112 569.354 127.186 0.648333 0 0 0 0 0 0 571.333 135.048 0.762806 573.256 189.768 0.742312 569.368 238.721 0.989271 571.301 217.165 0.670367 540.063 258.231 0.780304 526.303 316.991 0.841248 592.848 223.05 0.750149 618.267 277.837 0.643572 633.913 328.692 0.213323 0 0 0 538.09 101.793 0.823919 0 0 0 553.696 105.618 0.937185 0
0 111 236 526.304 111.478 0.760673 567.327 132.967 0.788924 571.371 125.233 0.687086 0 0 0 0 0 0 555.705 144.733 0.764991 563.492 193.706 0.743829 557.662 238.726 0.844031 586.991 213.281 0.633822 606.56 273.876 0.427583 629.994 318.919 0.212839 571.294 221.106 0.714441 538.002 260.206 0.789693 524.393 318.907 0.893988 0 0 0 532.144 101.823 0.782095 0 0 0 543.941 105.701 0.83245 0
0 111 237 520.466 111.533 0.782357 555.575 132.997 0.829885 543.92 131.122 0.724298 542.025 179.966 0.169399 0 0 0 563.457 133.104 0.762808 561.497 187.795 0.683554 553.695 236.762 0.920411 557.648 215.227 0.658271 528.29 256.254 0.619788 526.275 313.063 0.671205 581.095 222.991 0.72468 534.137 256.346 0.637623 526.3 316.962 0.627278 0 0 0 522.47 101.831 0.864161 0 0 0 538.092 103.768 0.900623 0
0 111 238 510.645 109.559 0.716686 553.626 131.053 0.804682 563.488 121.286 0.68098 0 0 0 0 0 0 541.934 142.823 0.753009 549.812 195.673 0.720557 540.084 236.756 0.740332 581.082 211.308 0.693114 586.991 262.189 0.638892 626.079 311.106 0.467896 555.727 219.131 0.67435 524.409 256.32 0.884301 524.403 318.875 0.932526 0 0 0 514.599 101.791 0.745174 0 0 0 526.381 103.764 0.81598 0
0 111 239 506.696 109.552 0.717564 540.083 129.074 0.815093 551.748 117.451 0.705414 0 0 0 0 0 0 537.956 138.935 0.742033 540.073 183.948 0.765305 530.201 232.818 0.77702 573.26 205.409 0.597931 565.415 254.373 0.395606 602.58 289.573 0.200518 557.593 213.249 0.685014 522.456 258.316 0.933601 524.411 318.911 0.961903 0 0 0 508.619 101.79 0.81199 0 0 0 522.431 101.846 0.918322 0
0 111 240 495.065 107.584 0.656889 538.095 125.257 0.796759 547.818 117.381 0.742683 541.981 166.286 0.0635863 0 0 0 530.179 135.035 0.750579 530.225 189.735 0.777991 520.446 232.81 0.8819 569.329 203.483 0.529094 522.338 254.299 0.299953 526.332 305.283 0.193438 555.708 211.317 0.76489 520.473 256.327 0.867063 524.441 318.974 0.946196 0 0 0 500.903 101.715 0.728358 0 0 0 512.646 101.793 0.855726 0
0 111 241 491.109 101.764 0.655408 526.353 121.324 0.767826 537.984 115.444 0.682143 518.425 117.261 0.0512582 0 0 0 522.423 133.116 0.775164 524.319 180.069 0.842251 510.629 226.972 0.913847 561.51 195.679 0.513881 514.547 254.299 0.434421 524.409 311.055 0.360518 553.646 205.457 0.756934 518.433 256.35 0.792774 524.452 318.938 0.887331 0 0 0 493.007 99.7117 0.691026 0 0 0 506.707 101.695 0.944718 0
0 111 242 487.122 99.8463 0.60081 524.263 117.469 0.837278 536.068 113.435 0.713471 0 0 0 0 0 0 510.71 131.105 0.781422 516.502 182.004 0.785878 502.792 225.063 0.920861 557.595 193.683 0.575771 520.39 254.348 0.551122 526.287 311.1 0.427592 543.895 203.448 0.715809 514.557 256.32 0.777287 524.46 318.904 0.873636 0 0 0 489.138 97.7454 0.635334 0 0 0 498.939 99.6722 0.868225 0
0 111 243 477.345 97.8137 0.746816 514.53 117.328 0.825743 528.23 107.579 0.663103 540.047 135.037 0.0629634 0 0 0 504.823 131.019 0.879948 508.686 179.986 0.887099 491.144 224.93 0.917766 553.742 180.059 0.649115 516.507 246.538 0.567174 553.742 303.203 0.651971 540.108 191.685 0.761681 510.635 252.391 0.791057 524.441 318.908 0.896674 0 0 0 477.508 88.1168 0.754699 0 0 0 493.046 95.8661 0.877348 0
0 111 244 475.34 93.9236 0.606802 508.69 113.503 0.850427 520.447 103.668 0.724181 510.642 154.59 0.0862649 0 0 0 498.898 123.248 0.776886 504.699 176.074 0.810804 487.127 213.305 0.873856 543.919 181.97 0.607392 522.326 246.525 0.629966 542.011 309.147 0.685685 534.156 189.798 0.730336 510.623 252.341 0.772561 524.391 318.882 0.908831 0 0 0 475.446 86.1409 0.725017 0 0 0 489.075 88.1151 0.890532 0
0 111 245 465.648 93.8833 0.685338 504.82 113.43 0.839372 518.491 101.819 0.761702 510.646 158.42 0.0778669 0 0 0 492.97 119.356 0.821751 493 168.311 0.839524 475.384 211.326 0.94183 539.955 179.966 0.717667 510.658 240.71 0.623033 536.075 303.294 0.580833 524.327 185.848 0.771745 508.738 242.608 0.762815 524.409 318.859 0.889153 0 0 0 469.57 86.0884 0.766406 0 0 0 481.285 86.1519 0.87694 0
0 111 246 461.709 88.0997 0.767804 495.039 111.49 0.798599 508.696 101.82 0.714083 493.083 148.754 0.0656206 0 0 0 485.254 117.351 0.811314 479.434 168.303 0.795741 463.712 211.234 0.929199 530.245 180 0.603682 506.693 238.7 0.509136 522.362 305.206 0.468212 518.452 185.89 0.705301 496.961 240.58 0.771541 524.32 318.851 0.895055 0 0 0 461.831 84.2063 0.813456 0 0 0 477.34 86.053 0.934547 0
0 111 247 457.778 88.0363 0.756594 491.159 111.495 0.853868 504.798 101.753 0.782436 522.335 146.663 0.0723755 0 0 0 477.473 117.4 0.831053 477.306 168.241 0.830161 457.861 209.339 0.910511 522.372 181.989 0.658699 481.324 240.59 0.699679 495.041 291.566 0.709274 506.703 191.735 0.760657 506.781 250.394 0.740274 524.336 318.856 0.88442 0 0 0 459.755 84.1427 0.846861 0 0 0 473.496 86.0276 0.88862 0
0 111 248 448.09 90.0467 0.564544 487.159 111.527 0.799287 500.862 101.802 0.723962 0 0 0 0 0 0 475.354 117.397 0.80427 465.639 168.3 0.754094 446.104 209.27 0.919586 510.641 187.824 0.589466 475.407 240.575 0.770393 479.369 295.456 0.751265 495.008 193.715 0.716616 506.632 252.366 0.732859 524.337 318.908 0.85142 0 0 0 451.948 86.0371 0.67241 0 0 0 463.679 86.0989 0.924113 0
0 111 249 444.175 93.9456 0.481873 479.358 111.55 0.845195 496.934 101.815 0.763664 506.742 144.754 0.0630927 0 0 0 461.832 117.458 0.887774 459.777 174.128 0.835296 440.169 209.351 0.863955 506.723 193.658 0.705725 504.767 246.558 0.788975 524.35 318.857 0.874071 479.403 197.616 0.65139 461.858 240.63 0.790484 459.698 295.404 0.819998 0 0 0 446.007 86.1205 0.597447 0 0 0 459.677 86.0806 0.894458 0
0 111 250 436.335 97.7641 0.537919 475.388 113.414 0.857234 491.018 101.827 0.80011 506.654 144.769 0.0638323 0 0 0 459.839 117.468 0.831073 451.93 170.237 0.768175 428.531 209.281 0.861768 506.664 183.946 0.72608 493.059 242.622 0.770607 524.335 316.99 0.852088 479.324 191.758 0.705184 457.843 238.638 0.762631 440.222 293.491 0.76418 0 0 0 440.173 86.1772 0.621562 0 0 0 450.018 86.077 0.867104 0
0 111 251 430.478 95.893 0.805061 467.646 115.325 0.839269 487.132 107.637 0.738202 0 0 0 0 0 0 451.976 117.316 0.811879 444.058 170.186 0.825347 416.771 209.316 0.919039 489.155 207.404 0.738697 496.939 260.234 0.782605 524.286 318.919 0.904881 461.738 209.413 0.798309 436.276 268.005 0.688664 422.602 305.189 0.466809 0 0 0 432.41 86.1929 0.850957 0 0 0 446.092 86.1154 0.875076 0
0 111 252 428.398 97.7676 0.682681 459.849 113.509 0.886796 475.457 105.669 0.768551 493.048 158.477 0.0558779 0 0 0 446.056 117.361 0.860904 432.463 164.447 0.815557 412.726 209.247 0.905451 481.272 207.332 0.691736 492.972 258.334 0.829464 524.278 316.987 0.894063 459.682 209.274 0.71713 432.469 246.556 0.691503 412.851 295.428 0.823928 0 0 0 428.483 88.0411 0.772638 0 0 0 442.095 86.196 0.850314 0
0 111 253 414.868 93.9188 0.564699 450.046 115.344 0.837883 465.627 109.574 0.753208 485.224 160.365 0.0827062 0 0 0 440.164 117.355 0.801324 428.481 166.287 0.851745 401.15 207.352 0.837632 477.375 195.709 0.75862 477.335 256.262 0.741443 524.289 318.832 0.848154 455.887 199.577 0.679781 428.562 242.62 0.766443 410.897 295.443 0.765752 0 0 0 416.745 86.1312 0.672935 0 0 0 428.557 86.0732 0.951598 0
0 111 254 408.919 93.9235 0.632035 444.168 113.485 0.865969 457.857 105.616 0.768583 473.5 150.657 0.065161 0 0 0 430.46 117.336 0.852573 426.443 166.299 0.789393 399.087 207.411 0.910662 471.496 195.637 0.679993 422.622 240.705 0.58261 412.771 293.474 0.634982 448.087 199.576 0.695666 459.726 254.35 0.547354 518.461 309.169 0.684533 0 0 0 410.864 86.0968 0.775133 0 0 0 424.527 86.0744 0.905739 0
0 111 255 399.179 86.1528 0.538254 434.363 113.417 0.824882 451.922 103.75 0.746459 432.451 154.576 0.0635268 0 0 0 418.736 117.32 0.822635 414.711 168.232 0.858558 395.137 205.452 0.862159 461.773 197.623 0.741107 446.158 268.028 0.687503 506.813 305.245 0.81555 440.228 203.497 0.677064 412.706 240.568 0.788891 412.91 293.487 0.839782 0 0 0 401.121 84.0946 0.585208 0 0 0 414.718 84.1024 0.908966 0
0 111 256 395.167 84.217 0.673959 430.363 107.603 0.808995 442.159 101.825 0.753753 428.513 160.385 0.0804813 0 0 0 416.755 113.434 0.80575 412.795 164.352 0.879979 387.427 207.372 0.849134 453.923 195.664 0.651352 416.731 244.568 0.567582 428.435 289.639 0.348582 434.394 201.496 0.696824 408.939 242.686 0.695223 414.727 295.443 0.742539 0 0 0 397.092 80.2236 0.692197 0 0 0 408.892 82.1417 0.843487 0
0 111 257 383.588 84.0729 0.783586 424.595 105.69 0.814674 440.233 101.759 0.82038 442.181 144.806 0.0869318 0 0 0 408.903 113.416 0.818376 403.076 164.276 0.820663 385.447 205.385 0.903329 446.095 193.622 0.754316 412.858 240.662 0.638899 442.128 295.431 0.522693 428.41 195.639 0.769588 401.041 240.713 0.776008 412.905 293.456 0.779121 0 0 0 387.371 74.3713 0.772321 0 0 0 399.237 80.1734 0.874522 0
0 111 258 381.474 80.2247 0.410981 414.783 103.664 0.88898 430.403 99.8368 0.843073 430.457 144.741 0.0925559 0 0 0 399.142 109.556 0.841669 399.114 162.464 0.849597 385.422 199.576 0.89433 436.291 189.76 0.710294 414.72 242.635 0.68992 420.659 293.502 0.549206 414.772 193.689 0.797347 399.225 242.698 0.796032 416.78 295.456 0.681344 0 0 0 381.509 72.3685 0.523761 0 0 0 391.31 72.462 0.892133 0
0 111 259 369.84 80.1662 0.582268 404.98 101.699 0.84226 416.761 97.8549 0.782285 428.43 136.952 0.0834472 0 0 0 393.283 105.629 0.823538 397.124 158.481 0.761368 383.489 195.689 0.947251 430.394 183.915 0.726009 416.734 240.584 0.598772 436.28 289.553 0.459197 412.769 191.725 0.732573 399.186 242.592 0.808868 414.721 293.498 0.732858 0 0 0 371.765 70.4867 0.706644 0 0 0 383.554 72.3831 0.931226 0
0 111 260 365.904 72.4122 0.575666 399.233 99.7108 0.873012 414.722 93.923 0.754944 426.504 136.947 0.113085 0 0 0 387.397 101.749 0.835375 387.427 150.692 0.725185 381.609 195.603 0.948 426.514 179.979 0.706453 412.789 236.769 0.526778 418.671 291.491 0.42369 405.008 185.89 0.674979 399.168 240.596 0.707865 424.572 291.572 0.473502 0 0 0 365.954 68.5287 0.704997 0 0 0 379.579 70.4098 0.917047 0
0 111 261 354.097 70.4069 0.599801 387.429 97.7705 0.798812 399.149 88.089 0.739044 414.839 133.061 0.100262 0 0 0 379.598 101.777 0.801615 383.554 150.66 0.71755 381.525 193.781 0.949365 414.834 177.977 0.658762 401.1 238.629 0.517094 405.013 289.611 0.467543 399.206 181.944 0.735863 397.097 240.552 0.674144 403.064 291.547 0.542577 0 0 0 356.07 66.5445 0.644598 0 0 0 367.831 68.4316 0.911614 0
0 111 262 350.192 68.5178 0.740749 383.444 93.9274 0.823764 395.175 86.1735 0.741275 408.851 131.174 0.0570994 0 0 0 371.761 99.7477 0.780591 383.469 146.707 0.80204 377.607 193.619 0.897284 406.975 174.12 0.625833 387.389 230.891 0.599615 383.513 289.546 0.620697 395.209 178.063 0.755309 389.322 236.722 0.671001 412.751 289.559 0.717349 0 0 0 352.085 64.5434 0.759167 0 0 0 365.784 68.3814 0.915663 0
0 111 263 342.433 70.4273 0.669942 381.415 91.9511 0.834371 395.155 86.166 0.800855 399.199 135.029 0.21696 397.228 176.119 0.0609755 365.881 97.7864 0.797591 377.618 146.657 0.740803 373.662 193.602 0.86344 399.178 178.038 0.745831 393.255 236.767 0.700314 399.083 295.444 0.666492 379.545 180.012 0.742614 352.134 226.995 0.736394 352.249 287.661 0.719908 0 0 0 346.295 66.5179 0.712976 0 0 0 356.103 66.4641 0.846303 0
0 111 264 336.47 72.376 0.763896 371.771 95.9009 0.839135 391.311 88.1181 0.770013 399.074 135.022 0.251329 397.085 179.903 0.0719377 354.186 99.7828 0.840112 367.83 146.812 0.754369 369.839 193.677 0.88539 397.223 179.942 0.802196 399.081 240.588 0.819288 414.777 299.333 0.792816 369.849 181.975 0.708893 336.575 225.045 0.787595 334.598 287.589 0.810387 0 0 0 336.553 68.437 0.819268 0 0 0 350.26 66.5609 0.915058 0
