11 111 34 0 0 0 633.969 457.833 0.91387 676.92 461.845 0.856648 692.617 524.44 0.871277 690.618 516.538 0.061534 598.67 446.182 0.858373 555.698 496.963 0.868623 528.265 512.602 0.83281 641.738 579.102 0.690337 618.253 671.075 0.712858 604.579 714.187 0.123182 598.614 569.326 0.714284 604.533 635.912 0.464633 602.701 667.167 0.109779 0 0 0 0 0 0 665.139 414.722 1.05824 626.072 410.852 0.750545 0
11 111 35 0 0 0 635.846 455.871 0.882292 678.805 461.68 0.893214 694.564 522.462 0.912066 0 0 0 600.566 446.106 0.884172 557.583 495.019 0.871095 532.187 508.748 0.860053 645.613 575.227 0.701232 620.227 665.272 0.720858 604.593 714.193 0.0920276 600.549 569.28 0.717049 608.493 631.947 0.455257 616.214 649.594 0.11235 0 0 0 0 0 0 665.221 412.914 1.05095 628.069 408.905 0.730175 0
11 111 36 0 0 0 637.841 451.954 0.835844 678.915 459.792 0.909974 694.583 522.419 0.900684 0 0 0 600.687 444.213 0.896625 563.483 491.11 0.829803 538.032 506.792 0.937735 647.592 571.359 0.738791 620.289 665.157 0.72358 602.703 714.198 0.102182 600.705 559.588 0.714767 612.424 618.215 0.584136 616.356 647.62 0.19836 0 0 0 0 0 0 665.318 412.764 1.01248 630.016 403.097 0.742729 0
11 111 37 0 0 0 643.653 446.187 0.862535 680.785 457.762 0.869511 694.609 520.457 0.875495 663.253 518.47 0.0525407 602.644 444.039 0.871105 569.286 489.112 0.856825 539.997 504.798 0.869524 647.683 569.407 0.733313 624.115 661.291 0.688535 600.641 714.199 0.133158 602.58 557.651 0.708694 618.358 649.567 0.488525 610.415 714.19 0.0889938 0 0 0 0 0 0 667.253 408.923 0.928161 631.985 399.237 0.753701 0
11 111 38 0 0 0 643.723 444.196 0.91232 680.847 449.983 0.870978 696.523 512.619 0.869018 676.978 518.445 0.0584907 602.686 438.285 0.840063 571.23 483.256 0.852681 540.072 502.838 0.850403 651.49 567.334 0.708129 629.998 649.633 0.702969 600.66 714.199 0.186475 606.541 555.605 0.694932 624.147 645.642 0.531585 608.471 714.19 0.115297 0 0 0 0 0 0 669.147 403.056 0.91677 633.835 399.048 0.780489 0
11 111 39 0 0 0 645.688 442.154 0.898266 680.908 446.02 0.911209 696.616 508.713 0.919257 680.857 520.362 0.0559226 604.644 432.447 0.829427 571.291 477.468 0.90531 543.881 496.936 0.838302 653.501 559.593 0.696077 631.948 645.671 0.758007 600.669 714.192 0.297297 614.306 553.636 0.711164 627.998 637.837 0.539851 602.668 714.19 0.209246 0 0 0 0 0 0 674.964 399.085 0.967399 634.001 395.227 0.805943 0
11 111 40 0 0 0 647.653 432.43 0.921369 682.871 442.15 0.853307 698.439 506.646 0.909041 680.887 518.47 0.0648664 612.355 428.51 0.855663 573.337 473.455 0.829818 551.688 492.995 0.907981 655.455 555.619 0.726296 633.997 639.752 0.749611 604.566 714.172 0.541335 616.233 545.873 0.709969 631.846 633.916 0.579636 610.414 714.175 0.328705 0 0 0 0 0 0 674.971 395.217 0.939499 633.992 387.367 0.739828 0
11 111 41 0 0 0 647.692 428.545 0.96077 684.761 434.351 0.826556 698.47 496.972 0.863883 676.969 508.701 0.0593967 614.278 422.608 0.825266 583.041 465.683 0.827677 553.787 490.981 0.891051 663.177 549.805 0.736605 643.667 633.859 0.73251 610.463 714.141 0.571745 616.372 539.956 0.744049 633.861 628.013 0.551935 631.855 647.641 0.155947 0 0 0 0 0 0 676.991 387.441 0.911113 635.902 383.472 0.943543 0
11 111 42 0 0 0 649.574 426.527 0.909699 686.776 430.431 0.836061 702.407 493.013 0.88059 680.902 506.75 0.0911385 616.223 416.818 0.850167 583.02 463.687 0.854566 555.668 485.235 0.828541 665.18 541.926 0.766667 649.56 618.291 0.667439 622.211 678.932 0.499041 618.364 534.131 0.747459 629.953 590.918 0.75721 624.167 651.541 0.659157 0 0 0 0 0 0 678.946 383.495 0.990805 639.752 381.474 0.90306 0
11 111 43 0 0 0 651.577 418.732 0.840531 692.648 428.427 0.862255 702.377 491.103 0.894908 682.838 495.005 0.0574101 618.204 414.704 0.922796 584.933 459.724 0.843102 563.477 477.465 0.860312 665.215 538.08 0.772258 659.298 614.325 0.7388 629.987 673.017 0.722412 620.24 526.304 0.756037 629.973 586.968 0.820303 622.221 647.605 0.625721 0 0 0 0 0 0 680.952 379.596 0.993044 647.545 373.704 0.694518 0
11 111 44 0 0 0 659.333 414.725 0.883135 696.448 420.639 0.838164 706.275 483.291 0.831307 682.829 491.115 0.0744356 620.2 408.945 0.845837 586.95 451.97 0.826968 569.324 475.35 0.864999 669.106 532.162 0.718656 665.213 598.672 0.852872 633.95 661.327 0.799015 628.042 522.421 0.756065 631.835 585.071 0.866444 622.223 653.448 0.624439 0 0 0 0 0 0 684.78 369.822 0.89104 649.512 367.828 0.801935 0
11 111 45 0 0 0 663.189 410.79 0.873662 696.517 414.733 0.895911 708.205 477.346 0.886393 692.562 491.047 0.110477 628.026 399.22 0.840884 588.9 446.157 0.850628 571.287 473.41 0.851362 671.102 524.301 0.739433 671.078 587.026 0.84602 641.706 657.387 0.746568 629.994 518.472 0.73722 631.84 586.882 0.881378 622.215 653.504 0.653343 0 0 0 0 0 0 692.586 367.777 0.93017 653.522 363.887 0.816188 0
11 111 46 0 0 0 665.132 401.16 0.878038 696.633 410.891 0.841343 710.179 471.519 0.878326 696.492 491.078 0.327133 631.896 397.217 0.90413 590.899 446.04 0.79156 581.039 461.762 0.685569 676.928 514.548 0.73963 676.97 579.095 0.830045 649.533 649.523 0.835833 631.952 508.741 0.792275 631.838 584.914 0.846569 624.127 663.176 0.711522 0 0 0 0 0 0 694.565 365.811 0.939659 659.301 358.039 0.852775 0
11 111 47 0 0 0 665.287 399.047 0.899667 700.457 403.073 0.809716 710.212 465.689 0.851674 696.613 485.197 0.158937 632.037 393.258 0.85784 596.737 444.083 0.837817 584.975 459.696 0.572745 680.847 510.632 0.773119 680.863 573.317 0.852635 655.447 647.662 0.814047 633.959 506.789 0.802269 631.872 583.069 0.843145 629.923 659.337 0.746834 0 0 0 0 0 0 696.528 361.957 0.862606 663.151 352.17 0.978959 0
11 111 48 0 0 0 669.135 397.151 0.873744 706.326 401.107 0.832595 712.132 461.68 0.875371 702.405 487.189 0.328205 633.932 387.416 0.842635 600.664 442.152 0.945661 587.083 444.173 0.28649 682.867 508.675 0.766578 684.765 571.287 0.83482 665.254 641.708 0.831566 635.939 506.689 0.780839 631.995 583.004 0.874045 629.981 655.463 0.780631 0 0 0 0 0 0 698.556 358.054 0.837321 665.199 350.278 1.0441 0
11 111 49 0 0 0 676.874 395.233 0.876852 710.254 399.239 0.918519 712.157 461.789 0.904146 708.258 479.328 0.129488 635.923 385.442 0.824865 602.548 438.255 0.931121 0 0 0 684.782 508.63 0.744447 688.694 569.352 0.819132 678.836 633.908 0.859222 637.851 504.795 0.77818 632.034 581.07 0.862255 629.946 653.513 0.763743 0 0 0 0 0 0 706.318 354.201 0.894257 667.25 350.199 0.99756 0
11 111 50 0 0 0 678.904 395.174 0.908554 712.205 399.17 0.906682 714.1 459.784 0.862461 710.13 493.056 0.525272 643.723 383.557 0.837712 602.674 432.423 0.91781 0 0 0 688.677 506.666 0.743383 692.619 571.32 0.827917 690.645 631.962 0.780133 643.653 502.805 0.754231 633.871 581.084 0.851636 629.968 653.518 0.787282 0 0 0 0 0 0 710.139 354.103 0.935446 675.02 350.112 0.948746 0
11 111 51 0 0 0 680.864 393.271 0.886789 714.169 399.179 0.870903 716.082 459.809 0.816415 712.121 493.077 0.581369 647.567 383.467 0.881616 608.494 430.399 0.883101 635.898 428.455 0.0572855 690.661 504.757 0.747745 694.562 565.447 0.791401 696.526 616.291 0.781069 645.669 496.991 0.775889 633.999 575.218 0.836288 630.002 649.604 0.82331 0 0 0 0 0 0 712.158 352.276 1.01479 678.904 348.24 0.980226 0
11 111 52 0 0 0 684.771 391.281 0.822347 720.031 397.25 0.860842 725.791 459.675 0.829164 712.127 487.174 0.143548 649.632 381.597 0.883214 616.235 426.539 0.895575 629.979 393.259 0.07658 694.619 502.845 0.78779 696.548 557.58 0.838722 700.423 614.308 0.778507 647.657 496.979 0.792631 635.931 571.335 0.831352 630.008 645.641 0.776513 0 0 0 0 0 0 714.134 352.238 0.979446 680.926 350.098 1.00242 0
11 111 53 0 0 0 692.567 387.409 0.844714 725.835 397.154 0.921265 727.786 459.679 0.875616 712.224 477.457 0.10462 655.407 381.52 0.858682 618.175 422.609 0.894785 631.983 391.366 0.111106 696.598 502.829 0.7713 698.52 557.666 0.774692 702.428 606.496 0.739743 649.659 495.035 0.802686 639.788 571.23 0.821364 629.999 649.512 0.806412 0 0 0 0 0 0 721.928 352.253 0.903278 686.766 348.261 0.939699 0
11 111 54 0 0 0 696.457 385.439 0.895423 727.894 397.115 0.899916 729.812 459.695 0.872247 718.043 477.335 0.0987402 663.222 379.564 0.881495 620.186 418.684 0.863182 618.283 408.897 0.0652619 700.464 495.041 0.732837 702.411 555.611 0.785485 704.32 606.495 0.758546 655.473 491.131 0.789851 647.557 559.619 0.838228 631.88 633.998 0.816306 0 0 0 0 0 0 725.931 352.216 0.9397 694.485 346.29 0.92983 0
11 111 55 0 0 0 698.51 383.449 0.888075 731.704 393.298 0.843495 731.782 457.811 0.820965 0 0 0 665.317 373.693 0.831541 628.071 414.825 0.865403 0 0 0 704.358 492.982 0.750517 706.331 553.735 0.763401 706.262 608.448 0.727921 661.275 487.168 0.778567 649.571 555.632 0.892931 632.047 631.982 0.86959 0 0 0 0 0 0 727.876 350.288 0.78444 696.607 342.407 0.954555 0
11 111 56 0 0 0 706.319 381.524 0.896594 739.568 391.295 0.842255 741.437 448.018 0.79049 725.92 471.489 0.124728 673.019 369.765 0.839673 633.847 412.883 0.962878 657.342 383.495 0.110182 712.12 489.144 0.801642 710.238 547.802 0.821128 706.304 602.689 0.783368 665.203 481.333 0.793013 651.573 553.633 0.840862 633.932 631.856 0.871822 0 0 0 0 0 0 733.701 350.162 0.693116 706.279 338.474 0.914656 0
11 111 57 0 0 0 710.255 379.573 0.915968 743.486 389.321 0.873314 743.431 446.169 0.88023 727.933 463.71 0.0736824 676.973 365.953 0.898797 635.905 410.838 0.86359 649.531 385.46 0.109422 714.096 485.247 0.753515 712.258 542.021 0.85373 706.282 604.603 0.790534 667.178 477.369 0.812914 661.256 545.863 0.827511 639.82 616.355 0.822286 0 0 0 0 0 0 741.532 348.231 0.883378 710.188 336.468 1.01084 0
11 111 58 0 0 0 712.183 375.623 0.882082 745.41 383.531 0.873201 745.5 446.016 0.883726 763.046 428.427 0.157388 680.783 365.794 0.911496 643.726 401.154 0.842755 643.696 381.563 0.185467 718.012 479.39 0.71656 714.178 540.039 0.857594 704.34 602.7 0.806372 675.033 473.477 0.782858 665.289 538.036 0.903163 647.643 602.582 0.873185 0 0 0 0 0 0 743.546 340.445 0.836262 712.183 334.464 0.936503 0
11 111 59 0 0 0 714.178 369.782 0.860334 749.348 381.521 0.853464 753.268 442.185 0.850829 766.961 414.774 0.133841 680.908 363.865 0.873741 647.582 401.056 0.868311 645.637 381.544 0.173721 721.984 477.335 0.769768 718.06 538.104 0.852403 706.255 602.612 0.821353 678.86 465.688 0.806864 676.872 530.22 0.828452 651.563 588.88 0.828618 0 0 0 0 0 0 747.43 336.632 0.860922 716.089 330.606 0.861579 0
11 111 60 0 0 0 723.867 365.901 0.906809 757.185 375.646 0.881495 757.24 430.438 0.866056 741.552 451.958 0.130353 686.743 354.159 0.835565 649.472 397.155 0.906282 645.626 385.457 0.126793 727.78 475.361 0.821344 721.952 538.023 0.850005 704.373 602.574 0.81693 680.947 463.719 0.814582 678.883 528.251 0.891654 663.147 585.07 0.832197 0 0 0 0 0 0 753.291 334.56 0.920464 720.029 322.798 0.875581 0
11 111 61 0 0 0 725.865 363.878 0.909833 759.132 369.798 0.891813 759.145 428.54 0.91245 743.49 446.035 0.111417 692.553 352.132 0.883287 651.497 397.134 0.857092 680.91 401.073 0.0811656 727.741 473.458 0.80293 723.867 538.022 0.844419 704.321 602.63 0.8391 682.839 461.689 0.813455 682.865 522.329 0.857615 667.161 577.186 0.816826 0 0 0 0 0 0 757.169 330.686 0.962592 723.944 318.97 0.967285 0
11 111 62 0 0 0 727.819 356.128 0.88159 761.103 365.93 0.884464 766.945 426.536 0.846787 747.404 444.018 0.322993 694.595 350.205 0.908455 661.223 387.424 0.83812 0 0 0 729.815 463.748 0.790854 723.902 534.134 0.818941 706.272 602.576 0.809039 690.672 459.699 0.800862 692.518 520.397 0.830234 678.935 573.252 0.843044 0 0 0 0 0 0 759.074 322.828 0.939839 725.877 316.886 0.932723 0
11 111 63 0 0 0 729.839 352.221 0.892254 766.962 363.862 0.847842 772.742 416.762 0.822948 753.241 436.281 0.323424 696.531 348.198 0.866406 663.282 383.513 0.868493 682.831 352.185 0.102144 731.724 461.695 0.794106 723.938 526.278 0.806589 708.292 600.563 0.776962 694.503 451.955 0.801746 694.6 512.589 0.83598 688.692 571.315 0.739388 0 0 0 0 0 0 759.214 320.844 0.99298 727.818 314.973 0.924546 0
11 111 64 0 0 0 735.622 350.225 0.872438 770.842 356.076 0.862175 774.7 412.892 0.870049 755.195 434.396 0.406641 698.547 340.465 0.818892 665.249 381.411 0.849385 684.794 350.231 0.126049 737.616 457.862 0.765177 723.919 524.421 0.752932 708.245 600.632 0.673351 696.481 448.062 0.805856 698.478 516.546 0.73142 696.541 577.167 0.643515 0 0 0 0 0 0 763.057 318.882 0.940616 731.725 309.117 0.856392 0
11 111 65 0 0 0 739.582 348.273 0.872851 772.808 354.107 0.904074 774.758 412.761 0.857736 757.239 430.457 0.165124 708.192 336.624 0.835634 667.188 377.612 0.821508 686.755 348.269 0.0881113 741.565 455.85 0.777719 725.776 522.384 0.681162 706.276 600.604 0.558458 700.459 446.074 0.772102 710.134 512.606 0.657085 712.099 561.535 0.497973 0 0 0 0 0 0 768.861 316.948 0.895294 735.677 305.283 0.910037 0
11 111 66 0 0 0 741.551 346.32 0.897291 774.744 352.218 0.91829 778.693 412.76 0.842446 759.138 428.507 0.25035 710.13 336.49 0.899949 671.105 371.767 0.800304 694.54 340.444 0.193898 743.508 455.844 0.781657 723.949 534.152 0.657767 702.388 602.615 0.699686 706.336 446.086 0.757037 718.04 528.242 0.593457 710.205 594.768 0.398898 0 0 0 0 0 0 772.715 315.02 0.920453 739.55 305.132 0.916266 0
11 111 67 0 0 0 743.458 346.278 0.883994 774.888 352.226 0.878572 784.523 412.732 0.850927 766.93 428.474 0.322593 710.281 334.634 0.909922 678.85 367.886 0.867841 696.53 340.42 0.213769 743.565 453.897 0.779462 727.752 534.089 0.813636 702.398 602.565 0.774218 708.191 444.187 0.775625 725.762 526.304 0.560732 712.168 583.052 0.277985 0 0 0 0 0 0 772.906 311.119 0.875589 741.465 303.268 0.996511 0
11 111 68 0 0 0 743.528 342.407 0.862867 776.728 352.11 0.881816 786.529 412.733 0.882837 772.841 424.548 0.152753 712.141 334.59 0.910959 678.953 367.83 0.883608 696.482 338.449 0.277844 745.485 451.941 0.767942 727.873 526.349 0.760554 702.429 600.656 0.719051 710.157 444.142 0.829353 725.891 524.29 0.627734 716.087 569.306 0.379712 0 0 0 0 0 0 774.778 309.1 0.929351 741.509 303.156 0.944309 0
11 111 69 0 0 0 745.453 338.476 0.876779 776.761 350.158 0.86972 788.472 403.032 0.82427 774.829 430.36 0.577644 712.268 332.621 0.86993 680.85 367.742 0.906414 698.521 336.53 0.192025 749.341 448.087 0.777786 729.777 526.274 0.761736 706.25 600.654 0.741584 712.105 444.071 0.801458 727.865 522.319 0.57034 725.846 555.68 0.394005 0 0 0 0 0 0 774.857 307.16 0.933505 743.454 301.323 0.942284 0
11 111 70 0 0 0 747.421 336.598 0.874047 778.724 348.245 0.82775 788.441 401.063 0.822288 776.749 430.435 0.517908 714.199 332.546 0.849946 680.948 365.839 0.865342 704.328 336.546 0.132434 753.255 446.159 0.782099 733.728 524.376 0.715901 706.311 598.724 0.720736 714.131 442.148 0.750633 729.86 520.422 0.559413 725.871 557.616 0.35043 0 0 0 0 0 0 776.796 305.279 0.910216 743.578 301.228 0.882783 0
11 111 71 0 0 0 749.38 334.657 0.878466 780.69 344.333 0.805087 788.44 397.233 0.818733 784.557 428.431 0.530296 718.045 328.656 0.80049 684.793 365.818 0.840843 702.362 336.592 0.101844 757.097 444.064 0.803221 741.423 518.49 0.767683 710.128 588.927 0.801229 718.052 432.394 0.724968 739.505 510.664 0.502706 727.825 555.63 0.284034 0 0 0 0 0 0 782.576 303.332 0.921281 745.509 293.5 0.890544 0
11 111 72 0 0 0 753.289 334.474 0.874856 784.594 338.548 0.840498 788.425 397.158 0.81556 784.527 428.417 0.527282 723.837 320.959 0.854601 690.662 359.963 0.795395 710.184 336.599 0.0530667 757.204 440.187 0.783487 743.492 508.703 0.857097 712.238 577.206 0.848729 721.991 430.428 0.771771 739.497 504.775 0.539516 727.869 555.642 0.208692 0 0 0 0 0 0 784.552 301.329 0.928575 749.343 289.684 0.84244 0
11 111 73 0 0 0 757.177 328.671 0.880788 788.508 336.461 0.923501 788.431 395.215 0.82064 790.351 418.672 0.537281 725.823 318.99 0.911303 694.557 356.083 0.872075 716.093 334.538 0.0534807 759.162 438.256 0.768816 747.376 508.645 0.80373 723.833 569.317 0.840826 723.923 430.393 0.784062 741.428 502.84 0.504034 731.729 551.732 0.223654 0 0 0 0 0 0 786.553 297.404 0.924808 755.17 289.473 0.897822 0
11 111 74 0 0 0 757.234 322.79 0.922252 788.541 332.59 0.895975 788.502 385.425 0.816361 790.519 412.882 0.771629 725.908 316.997 0.893773 696.56 352.249 0.920824 737.552 348.263 0.0706254 759.245 430.438 0.8107 757.216 496.998 0.824018 727.852 553.748 0.796826 725.834 426.487 0.796642 737.586 492.983 0.72858 731.768 551.736 0.499095 0 0 0 0 0 0 788.471 291.488 1.01708 757.073 287.546 0.889708 0
11 111 75 0 0 0 759.152 320.816 0.96043 790.409 326.771 0.883739 790.354 383.473 0.85371 792.41 410.828 0.677342 727.891 314.96 0.878629 698.474 350.184 0.89739 729.818 361.895 0.118233 761.131 428.4 0.773377 761.094 492.986 0.850112 737.584 542.026 0.736664 727.783 418.679 0.803743 737.56 481.336 0.764454 733.709 540.044 0.594474 0 0 0 0 0 0 790.415 289.496 1.04922 759.087 281.727 0.860191 0
11 111 76 0 0 0 761.17 316.991 0.880532 792.355 320.933 0.892323 790.407 381.485 0.884174 792.455 404.98 0.610333 735.629 307.138 0.859932 704.324 342.418 0.82232 735.633 350.267 0.0819764 770.814 420.656 0.707045 770.81 481.311 0.801314 743.524 538.072 0.82807 729.746 414.747 0.809197 737.612 477.436 0.842822 737.565 536.079 0.675214 0 0 0 0 0 0 792.428 285.669 0.982553 761.106 275.833 0.805106 0
11 111 77 0 0 0 766.989 311.081 0.833576 794.343 318.955 0.883949 790.505 371.717 0.838152 796.286 399.186 0.764065 739.544 305.134 0.914395 710.171 338.44 0.89279 729.808 303.324 0.16676 772.767 414.769 0.761482 772.91 475.364 0.902693 755.185 536.073 0.792441 731.761 410.896 0.7907 737.616 475.424 0.847048 737.594 536.049 0.76394 0 0 0 0 0 0 800.172 281.737 0.906505 766.976 271.994 0.853258 0
11 111 78 0 0 0 770.843 305.257 0.915632 798.239 315.017 0.817352 790.545 365.932 0.844315 800.246 393.296 0.741326 741.48 301.288 0.896674 712.124 334.587 0.905329 735.635 303.182 0.182861 774.719 408.925 0.757601 776.817 471.473 0.85932 759.115 537.939 0.892572 737.586 401.112 0.799226 739.545 473.404 0.84409 737.636 536.096 0.765267 0 0 0 0 0 0 802.185 275.856 0.955688 772.737 269.977 0.664972 0
11 111 79 0 0 0 772.802 303.344 0.947122 802.148 313.026 0.844339 792.397 367.788 0.843911 806.171 387.422 0.780281 743.44 295.407 0.859875 712.263 332.557 0.838325 0 0 0 774.773 406.938 0.746679 784.566 461.828 0.868838 768.924 530.207 0.820468 737.634 399.181 0.812099 739.544 471.538 0.841236 739.585 537.972 0.807736 0 0 0 0 0 0 804.19 273.901 1.01923 774.698 264.128 0.708356 0
11 111 80 0 0 0 774.696 303.201 0.941387 804.082 309.126 0.895908 796.272 365.863 0.790317 806.039 385.431 0.725233 743.553 291.483 0.867888 714.163 326.71 0.828569 0 0 0 776.746 401.079 0.762779 786.564 461.662 0.896899 774.874 524.418 0.872504 741.436 397.165 0.850107 739.597 465.664 0.849043 739.596 537.952 0.837556 0 0 0 0 0 0 806.1 272.04 0.987487 774.896 260.204 0.703836 0
11 111 81 0 0 0 774.848 301.263 0.900054 804.18 305.311 0.914567 800.243 358.048 0.766082 806.001 385.488 0.794628 749.335 289.511 0.859012 716.109 320.937 0.848045 739.514 291.512 0.114349 776.776 397.246 0.790153 788.48 459.699 0.916216 788.378 522.332 0.854669 741.499 395.148 0.821731 741.519 461.819 0.908722 741.416 536.066 0.825595 0 0 0 0 0 0 809.967 271.872 0.942024 778.738 258.258 0.678663 0
11 111 82 0 0 0 778.733 297.424 0.831131 806.167 305.216 0.922376 804.104 356.081 0.823506 808.019 387.358 0.751346 755.153 287.636 0.899593 718.066 318.879 0.825589 741.498 289.529 0.194515 782.632 397.132 0.754699 790.426 455.874 0.866741 790.475 510.674 0.840867 743.461 389.363 0.793572 741.608 461.774 0.905306 741.452 534.13 0.828433 0 0 0 0 0 0 813.875 270.017 0.9325 784.576 258.188 0.706858 0
11 111 83 0 0 0 782.628 293.525 0.837291 808.039 305.144 0.931423 804.086 358.065 0.850898 810.007 383.543 0.711488 757.081 287.56 0.916363 721.988 316.927 0.833246 741.527 287.576 0.29766 788.416 397.113 0.764194 792.398 451.994 0.829611 794.33 506.817 0.83857 749.316 391.28 0.756976 743.43 461.697 0.914886 741.446 532.177 0.837335 0 0 0 0 0 0 815.836 269.97 0.938468 786.552 256.364 0.728549 0
11 111 84 0 0 0 786.467 293.493 0.865027 809.981 303.34 0.91303 804.209 356.078 0.862948 811.945 387.401 0.736832 757.189 287.565 0.946702 725.793 311.101 0.827888 743.521 287.547 0.184773 790.367 395.215 0.753835 794.336 453.882 0.814324 792.435 506.683 0.823652 753.259 387.37 0.784418 743.484 459.834 0.894147 741.479 534.13 0.832317 0 0 0 0 0 0 817.784 269.93 0.962957 788.413 256.354 0.767913 0
11 111 85 0 0 0 788.464 293.473 0.916206 813.927 303.312 0.899821 806.138 352.252 0.811222 819.7 383.426 0.738005 759.194 287.517 0.911219 725.908 307.249 0.844971 745.422 287.533 0.211246 792.371 393.28 0.765754 794.383 450.016 0.830019 790.526 506.767 0.8771 757.063 385.405 0.823972 745.509 453.905 0.814291 741.454 520.455 0.850332 0 0 0 0 0 0 819.78 268.031 0.997018 788.557 256.33 0.81996 0
11 111 86 0 0 0 790.361 291.594 0.926113 817.822 303.312 0.913898 809.98 352.268 0.758941 819.759 381.582 0.710969 761.102 285.633 0.88299 725.939 305.191 0.829421 725.917 287.557 0.217109 794.359 391.27 0.743527 796.294 448.082 0.829752 790.457 506.656 0.865649 759.039 383.466 0.855471 753.225 448.092 0.818964 741.504 518.486 0.843941 0 0 0 0 0 0 821.666 266.109 0.989176 790.414 256.246 0.834645 0
11 111 87 0 0 0 790.543 289.671 0.924927 819.839 303.231 0.929038 817.792 352.117 0.792593 819.832 383.417 0.773559 764.979 283.7 0.840454 725.816 303.17 0.788927 723.885 291.516 0.112371 796.338 385.502 0.743645 800.24 446.185 0.847439 790.419 504.753 0.854705 759.156 381.525 0.855842 755.167 446.156 0.876595 741.566 516.526 0.85083 0 0 0 0 0 0 823.657 264.13 0.92802 792.47 256.198 0.771026 0
11 111 88 0 0 0 794.341 289.535 0.923067 821.71 301.266 0.906455 819.757 350.188 0.854259 819.867 381.559 0.808247 770.826 277.842 0.84943 729.854 295.443 0.781753 729.768 287.572 0.161584 800.23 383.499 0.77476 802.13 446.054 0.858119 790.473 504.736 0.833388 761.098 377.63 0.796257 757.182 442.172 0.89692 743.496 496.936 0.81448 0 0 0 0 0 0 823.685 260.238 0.954046 794.402 254.308 0.634292 0
11 111 89 0 0 0 796.301 287.634 0.898357 821.725 297.398 0.879784 819.819 348.216 0.872899 825.667 381.43 0.796633 772.776 274.012 0.910012 737.574 289.664 0.836594 745.438 273.968 0.165943 800.219 381.558 0.782164 804.026 446.045 0.884895 790.446 504.768 0.837324 761.161 373.676 0.776169 759.12 436.282 0.877576 743.567 493.096 0.845277 0 0 0 0 0 0 825.699 258.362 0.930812 800.186 250.443 0.646788 0
11 111 90 0 0 0 798.253 285.658 0.864369 821.805 291.576 0.878396 821.691 342.402 0.874922 823.732 377.576 0.792429 772.781 273.859 0.93733 739.525 289.565 0.848838 757.21 273.951 0.180329 800.226 381.479 0.764033 804.1 444.189 0.904514 790.476 504.735 0.849225 761.165 369.836 0.779078 759.233 430.51 0.913873 745.455 489.1 0.843281 0 0 0 0 0 0 831.522 258.179 0.934072 802.195 244.594 0.770871 1
11 111 91 0 0 0 800.211 279.765 0.860465 823.697 289.576 0.92343 821.693 338.509 0.905422 825.673 371.786 0.806004 772.8 271.857 0.9215 741.456 287.551 0.85517 759.12 271.898 0.209402 802.134 377.607 0.756362 804.126 444.07 0.891562 790.465 502.846 0.852497 764.973 367.81 0.815256 764.967 426.502 0.819138 749.318 483.251 0.812334 0 0 0 0 0 0 833.406 256.292 0.988707 804.018 242.642 0.810526 1
11 111 92 0 0 0 802.133 275.841 0.924037 823.729 287.61 0.914581 821.726 336.448 0.923429 823.706 369.804 0.850303 772.911 268.04 0.911876 739.596 281.761 0.779322 743.466 277.789 0.0552923 804.032 373.698 0.766707 804.109 444.028 0.869979 790.454 502.849 0.853873 768.885 365.893 0.823947 766.942 422.578 0.794898 749.354 477.419 0.847488 0 0 0 0 0 0 833.42 254.306 0.957686 804.091 240.715 0.81737 1
11 111 93 0 0 0 802.103 273.836 0.929353 823.702 285.598 0.864666 821.679 334.6 0.927032 825.635 367.869 0.80038 772.907 260.209 0.910226 741.487 277.839 0.808131 741.503 275.842 0.0509471 802.189 371.721 0.757114 804.069 442.121 0.825599 790.472 502.815 0.850608 766.984 363.934 0.788191 766.919 418.714 0.780084 749.383 477.309 0.859245 0 0 0 0 0 0 833.412 248.514 0.908065 804.082 238.699 0.796831 1
11 111 94 0 0 0 800.24 271.9 0.906908 821.83 279.814 0.862008 819.866 334.501 0.908543 825.69 365.856 0.771911 772.899 258.223 0.948099 741.451 273.99 0.73173 0 0 0 802.184 367.886 0.776576 804.073 440.194 0.812938 790.462 500.89 0.84999 768.899 361.931 0.764305 763.073 416.756 0.807683 749.349 475.469 0.851361 0 0 0 0 0 0 833.474 244.55 0.969354 804.129 232.867 0.723643 1
11 111 95 0 0 0 802.138 268.072 0.876136 821.847 275.884 0.888402 821.708 328.719 0.859563 823.738 365.787 0.798944 774.76 256.32 0.949761 741.463 273.925 0.85013 0 0 0 802.138 367.791 0.771948 804.056 436.281 0.796557 790.447 498.908 0.856389 766.952 356.115 0.766233 763.051 412.85 0.824645 747.41 473.416 0.837247 0 0 0 0 0 0 833.485 242.617 0.991534 804.123 229 0.823226 1
11 111 96 0 0 0 800.19 264.158 0.854147 821.778 273.938 0.940612 819.861 324.79 0.887282 827.624 356.088 0.783942 772.901 256.238 0.937653 741.477 273.96 0.754826 757.102 334.472 0.363466 798.291 363.903 0.74351 804.022 430.433 0.785771 790.429 498.887 0.843938 763.089 352.147 0.812087 764.993 405.006 0.793275 745.511 461.694 0.892815 0 0 0 0 0 0 833.487 242.546 0.999905 804.136 228.912 0.866304 1
11 111 97 0 0 0 798.291 262.141 0.872422 821.757 273.835 0.956357 819.785 320.917 0.852861 833.426 350.151 0.731702 772.854 254.344 0.9104 741.566 271.933 0.74373 757.138 291.567 0.0574358 800.195 358.073 0.716783 802.184 428.435 0.728549 790.396 496.948 0.847654 763.074 350.242 0.825129 761.126 401.133 0.839749 747.403 457.853 0.83613 0 0 0 0 0 0 833.4 240.704 0.989807 804.061 227.021 0.771196 1
11 111 98 0 0 0 796.329 262.14 0.865735 821.669 273.86 0.955576 819.76 320.885 0.799449 823.763 350.266 0.70043 772.795 254.345 0.879832 743.44 266.066 0.69689 0 0 0 798.253 360.02 0.710799 802.175 430.411 0.753885 790.375 496.969 0.863192 763.056 350.254 0.82902 759.212 399.234 0.879688 749.336 451.977 0.815304 0 0 0 0 0 0 831.516 240.663 0.973903 802.177 226.979 0.706442 1
11 111 99 0 0 0 794.343 260.24 0.90717 819.752 271.97 0.940952 815.829 318.95 0.771002 827.632 348.204 0.703746 772.808 254.338 0.897161 741.519 262.216 0.622309 0 0 0 796.311 356.118 0.721769 802.198 426.545 0.758591 790.37 496.942 0.864811 764.966 350.187 0.793287 759.169 399.133 0.90353 747.424 448.041 0.818253 0 0 0 0 0 0 825.693 240.608 0.959578 802.137 226.929 0.575924 1
11 111 100 0 0 0 792.368 258.357 0.943691 815.844 270.02 0.872009 808.064 318.929 0.828501 835.43 346.257 0.809945 772.817 254.289 0.87406 741.505 260.263 0.377866 0 0 0 792.443 354.113 0.773552 804.042 420.653 0.773588 790.352 496.961 0.851831 763.088 348.261 0.764377 759.205 399.053 0.928145 745.4 448.061 0.847855 0 0 0 0 0 0 823.679 238.721 0.960826 800.198 226.888 0.499992 1
11 111 101 0 0 0 790.437 258.293 0.977254 809.988 269.961 0.87698 806.104 318.838 0.868643 831.501 344.376 0.806382 772.745 252.349 0.839078 741.544 264.12 0.374019 0 0 0 790.473 352.246 0.811144 802.182 426.467 0.765351 788.558 495.053 0.871956 761.11 346.322 0.768076 759.205 397.198 0.927938 743.484 448.029 0.886638 0 0 0 0 0 0 821.782 236.768 0.97451 794.398 225.02 0.538548 1
11 111 102 0 0 0 790.368 258.195 0.991153 808.025 268.065 0.877119 804.118 316.925 0.875199 825.66 342.382 0.809458 770.826 246.494 0.852781 737.63 256.38 0.561214 0 0 0 790.38 350.28 0.83147 804.012 418.691 0.766795 788.519 494.988 0.847775 759.206 340.469 0.772167 761.102 395.156 0.891326 743.523 446.174 0.900126 0 0 0 0 0 0 821.722 234.747 0.93176 792.46 224.921 0.536294 1
11 111 103 0 0 0 788.466 256.215 0.950385 806.116 260.211 0.906827 802.145 309.135 0.853274 821.81 344.344 0.837664 766.962 242.711 0.831975 739.532 258.235 0.502434 0 0 0 790.373 350.272 0.809743 802.138 422.575 0.764173 788.469 493.119 0.847468 759.197 342.38 0.772634 759.229 395.151 0.879114 743.519 446.181 0.897176 0 0 0 0 0 0 819.861 228.937 0.922748 790.535 221.087 0.565691 1
11 111 104 0 0 0 786.535 252.387 0.88534 806.016 258.252 0.943853 794.392 305.266 0.82598 821.677 336.519 0.877723 761.131 242.575 0.862928 737.586 258.259 0.312059 0 0 0 788.559 350.187 0.811597 800.242 414.849 0.791716 788.381 491.14 0.84647 759.11 340.42 0.783773 759.148 391.336 0.885991 743.5 448.021 0.89672 0 0 0 0 0 0 819.795 226.932 0.977931 790.388 215.189 0.590758 1
11 111 105 0 0 0 786.496 246.505 0.888337 804.157 256.264 0.947628 790.526 303.302 0.91282 819.823 334.58 0.893156 763.071 240.634 0.856982 739.517 258.201 0.275344 0 0 0 788.475 348.219 0.774606 800.175 412.885 0.816383 786.492 489.112 0.831139 757.263 336.575 0.819171 759.066 391.29 0.885137 743.491 448.098 0.873932 0 0 0 0 0 0 819.692 224.976 0.963105 790.397 211.345 0.466792 1
11 111 106 0 0 0 784.568 242.609 0.938365 804.111 252.362 0.911803 790.534 299.314 0.859663 811.992 334.476 0.860218 761.106 236.709 0.829368 737.582 250.437 0.409831 0 0 0 786.505 338.525 0.738695 798.256 410.883 0.799149 782.585 483.233 0.809556 757.237 334.579 0.835075 757.267 389.328 0.893822 743.457 448.105 0.882581 0 0 0 0 0 0 815.867 221.117 0.882024 790.33 209.395 0.437913 1
11 111 107 0 0 0 782.617 240.677 0.915924 804.033 244.64 0.90251 790.468 293.458 0.879868 808.114 330.65 0.842882 759.222 232.814 0.848864 731.762 260.209 0.30662 0 0 0 786.488 338.452 0.718401 796.336 410.821 0.795465 778.746 479.329 0.839714 757.219 334.573 0.817395 757.219 389.352 0.888149 743.463 448.034 0.900385 0 0 0 0 0 0 813.882 217.199 0.843656 788.538 207.396 0.439435 1
11 111 108 0 0 0 778.719 240.542 0.89778 802.167 242.644 0.918768 790.404 289.481 0.914015 808.044 320.895 0.837461 759.077 230.841 0.909473 741.508 273.932 0.200271 0 0 0 786.472 336.533 0.752147 794.37 401.168 0.807478 776.803 477.368 0.865158 757.178 334.492 0.800315 757.125 389.319 0.877355 743.466 448.032 0.896766 0 0 0 0 0 0 811.988 213.319 0.88631 788.501 203.483 0.428547 1
11 111 109 0 0 0 776.773 238.673 0.903793 802.113 242.58 0.916349 790.394 287.634 0.909998 808.032 318.955 0.84028 757.156 228.934 0.908318 741.524 273.915 0.170444 0 0 0 786.448 336.474 0.750858 792.408 401.089 0.846683 776.754 475.459 0.883961 757.129 332.636 0.796363 757.127 389.321 0.868279 743.461 448.047 0.883839 0 0 0 0 0 0 810.017 211.368 0.929343 788.426 203.448 0.296946 1
11 111 110 0 0 0 776.777 236.709 0.892534 798.291 240.684 0.898013 790.446 287.542 0.909354 810.03 316.93 0.775749 757.25 228.876 0.931907 745.454 273.914 0.131105 0 0 0 784.519 334.596 0.765403 790.525 399.159 0.90197 774.895 475.411 0.887353 757.11 332.539 0.784227 757.128 387.41 0.883805 743.497 448.037 0.884732 0 0 0 0 0 0 809.992 211.31 0.952085 788.406 199.557 0.341444 1
11 111 111 0 0 0 776.703 234.789 0.894895 798.25 240.593 0.872987 790.42 285.613 0.891577 811.941 316.945 0.79731 757.202 228.882 0.924916 741.502 273.88 0.226948 0 0 0 780.626 334.54 0.763434 790.362 399.237 0.886875 774.845 475.384 0.88047 757.066 330.655 0.769226 757.112 389.323 0.864527 743.471 448.02 0.885532 0 0 0 0 0 0 808.132 211.232 0.975774 788.359 199.606 0.241803 1
11 111 112 0 0 0 776.704 234.79 0.89471 798.25 240.592 0.872394 790.417 285.615 0.893468 811.934 316.948 0.801199 757.204 228.885 0.92442 741.502 273.876 0.223788 0 0 0 780.621 334.539 0.763874 790.366 399.231 0.888301 774.846 475.384 0.878797 757.067 330.658 0.769821 757.111 389.327 0.863807 743.471 448.031 0.88369 0 0 0 0 0 0 808.132 211.23 0.974624 788.359 199.6 0.237181 1
11 111 113 817.85 219.108 0.135592 776.74 232.817 0.887362 796.328 240.546 0.872387 790.413 281.757 0.863557 809.988 311.076 0.767656 759.093 227.029 0.938965 741.485 273.864 0.241909 0 0 0 778.665 332.579 0.759583 788.481 401.057 0.878401 774.786 475.445 0.895272 755.221 326.755 0.747009 757.15 389.345 0.862472 743.487 446.158 0.893379 819.67 211.331 0.254616 0 0 0 808.072 209.399 0.989106 788.353 199.541 0.230614 1
11 111 114 817.847 215.209 0.199791 776.766 230.901 0.874718 796.274 238.723 0.859244 790.346 281.715 0.871879 808.113 307.176 0.802814 759.151 227.007 0.934883 743.533 268.042 0.145459 0 0 0 778.723 330.667 0.738381 788.4 401.073 0.864061 774.709 475.457 0.899199 757.101 324.802 0.755659 757.186 387.412 0.860257 743.443 446.191 0.891415 819.689 211.264 0.329578 0 0 0 808.045 209.329 1.00037 788.405 197.621 0.180868 1
11 111 115 817.85 215.227 0.174527 776.789 228.924 0.893963 796.266 236.736 0.846183 790.349 275.935 0.883304 808.088 311.063 0.787385 759.202 226.914 0.930442 741.466 258.219 0.326438 0 0 0 778.721 330.626 0.739723 786.475 403.026 0.823222 772.884 475.488 0.913711 757.207 324.757 0.751098 757.165 389.382 0.860426 743.439 448.057 0.891838 819.691 211.302 0.294473 0 0 0 808.09 209.3 1.00111 788.413 197.585 0.249088 1
11 111 116 817.826 215.259 0.179997 778.683 228.899 0.879489 794.376 236.705 0.838265 790.369 275.835 0.906364 806.205 309.152 0.808647 761.126 226.87 0.927122 743.478 258.274 0.339621 0 0 0 778.725 328.681 0.735557 784.542 399.215 0.823289 772.801 475.468 0.899357 757.223 322.831 0.764463 757.184 389.334 0.850064 743.493 448.065 0.881702 819.672 211.313 0.300738 0 0 0 808.089 209.329 1.00809 788.452 197.613 0.264456 1
11 111 117 817.824 213.309 0.161035 776.811 228.902 0.892517 794.384 234.801 0.825712 788.521 273.903 0.883207 806.176 303.302 0.842003 761.064 226.88 0.947654 741.563 258.176 0.675824 0 0 0 778.658 330.627 0.752991 780.65 401.076 0.818351 770.874 475.399 0.874451 757.176 322.889 0.749598 757.202 391.273 0.832112 743.465 448.088 0.883815 819.684 211.225 0.273372 0 0 0 808.126 209.297 0.991157 788.462 197.599 0.26306 1
11 111 118 0 0 0 778.668 228.912 0.881612 796.288 236.714 0.807607 788.482 271.983 0.853215 806.065 305.268 0.850402 761.059 225.068 0.939571 741.433 256.324 0.760184 745.518 258.15 0.0519533 776.76 326.767 0.752603 780.645 399.195 0.839831 768.947 473.479 0.846461 757.106 322.832 0.757927 757.194 389.334 0.816512 743.526 448.079 0.850143 0 0 0 0 0 0 810.009 209.277 0.981578 788.478 195.74 0.310521 1
11 111 119 817.849 215.224 0.125668 776.799 230.84 0.880556 796.278 238.711 0.840213 790.404 273.859 0.756614 804.191 305.189 0.817122 759.198 226.882 0.952198 741.42 258.185 0.717667 770.876 289.603 0.050398 776.715 328.676 0.770348 780.621 399.118 0.843968 765.011 471.498 0.830856 755.176 322.842 0.743113 757.195 391.27 0.809429 743.477 451.938 0.81219 819.722 211.233 0.230769 0 0 0 811.927 209.321 0.957419 788.493 195.716 0.343818 1
11 111 120 0 0 0 778.689 227.056 0.888903 796.343 232.83 0.801836 786.52 271.887 0.8001 806.094 293.474 0.843117 759.205 225.067 0.948035 741.446 258.311 0.697427 770.85 285.66 0.100648 774.808 326.767 0.795109 776.734 399.172 0.85871 759.243 473.415 0.886004 751.298 322.8 0.738381 757.151 391.281 0.794397 743.442 449.989 0.825903 0 0 0 0 0 0 813.91 209.288 0.926109 788.515 195.673 0.402374 1
11 111 121 0 0 0 778.74 228.882 0.875046 800.175 232.852 0.819556 786.453 268.055 0.783416 804.184 289.577 0.875148 759.191 226.902 0.944153 741.553 262.215 0.655452 768.881 285.671 0.11921 774.807 328.664 0.802505 774.863 399.184 0.875661 759.137 469.573 0.887708 749.377 322.806 0.736134 757.158 393.227 0.799908 743.458 451.987 0.784472 0 0 0 0 0 0 817.777 209.293 0.960916 788.554 195.643 0.483171 1
11 111 122 0 0 0 780.677 227.039 0.872461 802.117 232.833 0.821077 782.618 268.041 0.805801 806.027 289.491 0.850201 759.215 226.872 0.928959 741.582 262.223 0.447924 770.773 287.525 0.0755683 774.78 326.769 0.820823 774.823 399.176 0.895724 757.246 469.593 0.891867 747.36 320.926 0.765995 755.194 391.289 0.813265 741.535 455.878 0.850122 0 0 0 0 0 0 817.832 209.357 0.987806 790.364 195.687 0.442273 1
11 111 123 0 0 0 782.609 227.069 0.873826 802.188 234.775 0.834694 778.694 266.112 0.783597 806.092 285.652 0.874333 761.045 226.874 0.930851 741.509 262.175 0.596559 768.923 281.717 0.0777672 774.749 326.765 0.838467 774.784 399.135 0.917762 757.153 467.629 0.881023 747.358 320.917 0.757578 755.221 391.292 0.806335 741.491 455.894 0.840587 0 0 0 0 0 0 819.686 209.422 1.01306 790.418 195.701 0.48003 1
11 111 124 0 0 0 784.533 226.955 0.863005 802.15 228.983 0.854669 778.709 260.232 0.812981 806.099 287.529 0.881496 763.054 224.948 0.861123 743.44 258.321 0.301847 0 0 0 774.752 324.758 0.845999 774.768 399.115 0.940645 757.081 467.589 0.862116 749.377 320.837 0.740198 757.076 391.325 0.796354 741.505 457.764 0.808747 0 0 0 0 0 0 819.74 209.362 1.02043 790.516 195.694 0.351466 1
11 111 125 821.773 213.289 0.131013 786.51 226.938 0.853591 802.186 228.912 0.841323 778.729 256.309 0.839567 804.045 287.571 0.902257 766.943 224.931 0.82021 747.384 246.563 0.128408 0 0 0 774.709 324.752 0.832236 774.773 397.232 0.930739 757.085 467.642 0.850561 747.422 320.802 0.713953 755.244 387.407 0.757218 741.551 453.923 0.76463 821.843 209.405 0.221101 0 0 0 819.76 209.334 0.979733 792.45 197.578 0.185854 1
11 111 126 833.38 211.293 0.193568 792.39 224.993 0.828139 806.089 226.946 0.833136 782.642 254.283 0.831887 806.098 283.708 0.891096 774.857 221.087 0.778741 768.879 242.647 0.113002 0 0 0 774.814 322.855 0.80811 778.68 397.228 0.843563 757.24 473.512 0.891532 755.237 318.958 0.707287 759.235 389.371 0.754579 747.392 459.783 0.703442 833.435 207.426 0.270194 0 0 0 823.673 205.468 0.923054 804.017 193.762 0.204637 1
11 111 127 835.494 209.377 0.167375 804.063 224.895 0.755464 811.967 224.951 0.753082 788.431 246.556 0.881136 809.983 281.705 0.84031 788.491 217.18 0.603653 786.548 232.881 0.0746653 0 0 0 778.699 326.723 0.722805 782.573 405.011 0.784819 759.059 477.372 0.872191 763.077 320.923 0.592307 761.16 397.15 0.697766 755.157 463.74 0.644332 837.299 201.541 0.22768 0 0 0 833.429 199.586 0.861776 806.062 193.683 0.158199 1
11 111 128 839.397 209.418 0.163336 804.146 219.117 0.754042 819.694 223.022 0.785499 790.424 242.726 0.920847 817.854 277.843 0.839464 788.501 211.348 0.718691 788.383 230.859 0.0972504 0 0 0 784.59 324.816 0.729692 786.502 401.141 0.79025 759.242 481.3 0.783012 764.981 320.833 0.605081 768.892 397.082 0.671239 755.196 465.664 0.666352 841.323 203.462 0.222387 0 0 0 835.513 197.653 0.94257 810.032 191.662 0.142989 1
11 111 129 851.089 205.459 0.215514 808.052 213.281 0.748977 821.748 219.101 0.780423 794.401 244.613 0.887505 823.718 277.875 0.82885 792.368 209.426 0.733463 778.699 236.747 0.0864651 0 0 0 788.512 322.86 0.7732 788.506 405.021 0.812118 763.033 487.178 0.728562 770.89 318.966 0.629832 772.838 399.086 0.648551 757.254 475.476 0.633762 851.129 197.571 0.324516 0 0 0 841.342 195.678 0.931884 819.772 183.917 0.12896 1
11 111 130 853.141 197.63 0.25164 811.987 211.383 0.765852 823.753 215.238 0.746647 796.324 254.296 0.843225 831.53 275.895 0.82159 798.236 209.306 0.723983 782.58 240.634 0.0784545 0 0 0 790.438 326.776 0.748291 790.397 410.8 0.829178 763.047 489.102 0.756518 772.858 320.875 0.620311 774.757 401.116 0.647573 759.077 475.479 0.61534 853.159 193.692 0.345312 0 0 0 850.999 193.684 0.910181 821.784 181.915 0.140497 1
11 111 131 853.105 205.419 0.351232 811.948 217.156 0.728829 823.733 223.012 0.749731 794.346 254.33 0.813298 823.716 287.561 0.738097 796.32 211.324 0.710357 776.726 242.604 0.0838892 0 0 0 790.367 324.807 0.737059 790.39 406.927 0.815196 761.142 487.155 0.751206 772.801 320.816 0.61032 774.805 399.107 0.641105 759.067 473.448 0.56888 853.115 195.632 0.442852 0 0 0 849.067 195.632 0.902244 821.725 189.765 0.0987771 1
11 111 132 853.129 207.405 0.300174 810.046 221.071 0.754366 825.646 224.995 0.775022 800.22 258.316 0.788195 825.618 293.521 0.666857 794.332 213.284 0.77283 0 0 0 0 0 0 790.454 326.771 0.728194 788.547 408.898 0.824192 761.14 489.065 0.750175 772.773 320.884 0.629504 774.83 401.072 0.633827 759.125 475.456 0.582764 854.998 195.752 0.379707 0 0 0 849.145 195.722 0.916161 821.681 191.68 0.110525 1
11 111 133 853.073 209.313 0.217379 809.992 224.913 0.788238 821.818 226.894 0.791715 796.306 270.015 0.803729 835.383 293.45 0.766167 792.456 217.196 0.721883 774.714 258.229 0.0794469 0 0 0 790.38 332.605 0.769051 788.516 410.877 0.849177 761.117 487.168 0.743944 772.881 326.723 0.578228 774.726 403.07 0.618886 759.097 475.435 0.58325 853.15 199.563 0.278351 0 0 0 850.982 197.618 0.912921 821.706 191.727 0.126848 1
11 111 134 853.077 209.354 0.3404 809.985 225.037 0.853313 823.758 228.894 0.753154 794.4 274.016 0.745209 835.507 293.505 0.817044 792.401 219.155 0.774133 772.918 271.945 0.18276 0 0 0 790.408 330.684 0.778566 788.5 410.822 0.838598 761.056 487.192 0.753738 772.742 322.796 0.616246 774.778 401.092 0.589884 759.127 475.417 0.539003 853.092 201.52 0.376357 0 0 0 849.063 199.558 0.784176 821.633 193.602 0.124197 1
11 111 135 853.104 209.443 0.34234 810.012 226.97 0.852706 829.58 232.799 0.72224 802.177 281.704 0.599103 837.387 297.411 0.671963 790.518 223.026 0.814104 772.771 271.952 0.316254 0 0 0 790.447 336.517 0.781205 788.46 412.858 0.843302 759.228 489.088 0.77942 772.785 330.67 0.62268 772.904 408.897 0.609504 759.116 475.439 0.55714 853.106 205.4 0.397802 0 0 0 849.149 203.464 0.836917 819.873 193.682 0.131895 1
11 111 136 853.055 211.222 0.1663 811.919 228.914 0.825676 831.495 238.652 0.755487 802.156 285.677 0.67462 839.311 303.333 0.742105 792.377 224.97 0.843042 772.799 271.989 0.276059 0 0 0 790.406 336.516 0.791556 788.375 412.855 0.851804 759.204 489.067 0.768337 772.773 332.546 0.62731 772.854 410.808 0.654739 759.122 475.461 0.602441 853.128 207.311 0.249189 0 0 0 851.036 205.461 0.933379 821.726 193.759 0.163015 1
11 111 137 854.985 211.248 0.217768 811.961 230.899 0.811013 833.478 240.678 0.819776 804.16 289.512 0.634176 837.401 303.305 0.618782 790.49 224.985 0.864122 772.779 273.931 0.424104 0 0 0 790.486 338.534 0.761232 786.533 414.758 0.826653 759.235 489.117 0.781839 770.808 334.484 0.660316 770.844 410.878 0.68775 757.166 475.477 0.634314 854.996 207.341 0.317088 0 0 0 851.038 207.388 0.938723 821.709 195.588 0.148595 1
11 111 138 853.092 209.449 0.113821 817.778 236.705 0.831072 837.393 242.646 0.852925 835.369 303.17 0.36796 823.708 330.632 0.0946935 790.427 226.885 0.902902 766.948 273.947 0.478387 765.006 313.042 0.0769783 794.342 340.467 0.737928 786.527 414.789 0.839812 761.084 491.028 0.844614 766.959 332.629 0.713568 772.718 406.965 0.661248 745.477 459.778 0.796321 853.138 207.397 0.199013 0 0 0 851.077 209.324 0.954045 821.718 195.691 0.261885 1
11 111 139 853.116 217.145 0.107714 811.941 234.817 0.792196 829.584 242.603 0.722626 792.407 291.517 0.654917 833.488 307.161 0.687408 792.385 226.89 0.832699 772.757 287.538 0.169161 0 0 0 790.433 344.343 0.741776 786.512 418.688 0.790914 761.066 491.036 0.832614 770.897 336.508 0.626417 770.891 410.887 0.659356 741.475 457.759 0.640954 855.024 209.384 0.207501 0 0 0 851.057 211.233 0.956072 821.769 195.744 0.147361 1
11 111 140 853.139 221.032 0.219088 810.047 236.764 0.759402 821.724 242.623 0.613667 788.54 289.647 0.678496 833.467 305.16 0.718002 794.327 226.982 0.702036 772.872 287.591 0.085951 0 0 0 790.477 344.371 0.712445 788.416 416.752 0.836445 761.07 491.014 0.834938 774.748 336.554 0.571356 772.897 406.928 0.586555 741.548 444.053 0.722022 855.032 211.266 0.341412 0 0 0 849.138 211.289 0.913169 0 0 0 1
11 111 141 855.044 221.047 0.62303 813.924 238.673 0.747077 815.857 242.575 0.648749 786.529 291.573 0.787835 833.406 311.097 0.843847 800.238 228.893 0.54882 0 0 0 0 0 0 790.367 344.369 0.709811 788.421 418.699 0.824505 761.083 491.036 0.852188 786.516 340.443 0.489118 778.733 410.816 0.488052 741.48 430.483 0.723297 855.036 211.319 0.741019 0 0 0 843.28 211.301 0.889451 0 0 0 1
11 111 142 855.071 221.08 0.751391 817.762 240.535 0.796326 802.132 236.753 0.751502 782.604 291.518 0.781145 827.609 313.045 0.801337 833.396 240.715 0.638062 819.738 295.407 0.0634526 833.457 313.022 0.0524006 786.451 342.403 0.689179 788.559 414.867 0.816128 761.051 491.044 0.858077 804.049 342.397 0.607716 786.533 408.878 0.475767 729.799 426.463 0.690535 854.967 211.351 0.840483 0 0 0 839.372 211.338 0.915916 0 0 0 1
11 111 143 854.986 224.877 0.841233 815.889 240.6 0.801905 802.184 236.755 0.76145 780.626 291.491 0.790261 825.635 314.988 0.825093 829.566 242.629 0.642298 815.859 293.532 0.0835579 833.396 314.989 0.107802 784.562 346.285 0.700814 788.553 418.698 0.820636 759.239 491.036 0.859967 800.248 346.276 0.600518 784.55 410.889 0.531265 727.837 426.53 0.754923 853.09 213.284 0.855301 0 0 0 837.476 211.38 0.931666 0 0 0 1
11 111 144 854.976 224.952 0.910239 815.871 240.636 0.820066 804.056 238.633 0.809111 774.799 289.601 0.879602 823.741 318.831 0.863047 829.54 242.639 0.71169 817.814 295.465 0.141316 833.411 316.991 0.213358 784.579 346.277 0.706424 788.489 420.639 0.850242 761.048 491.066 0.861358 804.135 346.273 0.675965 778.695 412.841 0.535672 729.799 428.556 0.726792 853.03 215.2 0.887051 0 0 0 837.323 211.394 0.95146 0 0 0 1
11 111 145 853.111 225.026 0.94926 815.833 242.546 0.801957 804.125 240.622 0.858112 770.873 289.529 0.899629 821.685 318.829 0.842887 823.739 242.7 0.71453 817.791 297.409 0.167566 829.596 316.941 0.234762 782.629 346.308 0.68966 788.417 422.615 0.808308 761.071 491.076 0.84987 802.201 348.226 0.670024 778.674 414.761 0.652987 727.883 444.146 0.755053 851.128 217.166 0.897013 0 0 0 833.446 211.412 0.910342 0 0 0 1
11 111 146 853.024 226.871 0.940506 811.995 242.693 0.80097 802.189 242.701 0.854954 761.153 287.674 0.901766 819.721 318.943 0.859606 823.715 244.563 0.719734 817.816 291.568 0.226004 835.353 315.011 0.333295 784.56 348.234 0.711823 788.368 426.501 0.815788 759.228 491.115 0.842374 804.107 348.279 0.702402 786.509 418.731 0.696053 729.781 444.098 0.74035 851.041 219.146 0.89298 853.102 211.415 0.0980675 827.619 213.242 0.886994 0 0 0 0
11 111 147 851.14 225.079 0.937104 811.939 244.546 0.808683 800.214 246.49 0.801013 759.16 287.641 0.944342 811.951 320.826 0.801559 823.752 242.653 0.713507 819.759 289.574 0.209807 835.408 316.901 0.39042 786.471 348.23 0.737946 788.386 426.493 0.84163 759.252 491.121 0.865903 804.193 350.145 0.706949 780.683 416.734 0.637042 729.804 442.205 0.735676 849.088 219.114 0.86054 853.025 217.133 0.17945 823.685 213.22 0.941852 0 0 0 0
11 111 148 849.134 227.01 0.905536 811.959 246.497 0.808433 794.372 250.408 0.786589 757.127 287.687 0.930242 804.062 318.965 0.906689 829.573 242.636 0.73461 821.696 285.673 0.394957 835.438 316.914 0.644384 784.553 348.288 0.728148 786.546 424.583 0.809428 761.051 491.132 0.864691 804.177 350.192 0.697734 778.71 414.788 0.608594 729.82 440.238 0.710994 839.424 223.011 0.888377 851.173 222.977 0.639181 819.855 213.275 0.950607 0 0 0 0
11 111 149 843.293 227.053 0.860785 810.051 246.516 0.810397 792.399 248.482 0.806691 755.154 287.592 0.918073 790.416 318.887 1.00071 831.551 242.67 0.745833 821.763 287.541 0.570169 837.363 318.837 0.818405 786.445 350.139 0.742436 786.498 426.476 0.819329 759.245 491.127 0.883321 806.094 350.224 0.724428 778.68 414.853 0.636669 729.831 442.179 0.689722 837.401 223.028 0.930566 851.017 223.047 0.80475 819.671 213.248 0.912947 0 0 0 0
11 111 150 839.428 227.058 0.873051 813.91 244.643 0.807488 792.359 250.458 0.805619 751.315 287.615 0.908466 786.461 318.998 0.9233 835.423 242.598 0.77394 825.627 283.71 0.568486 837.383 318.903 0.821751 784.547 350.159 0.727326 786.485 426.495 0.789133 761.053 491.077 0.85769 808.034 350.27 0.716173 788.431 420.642 0.678503 731.713 440.232 0.675231 835.466 223.012 0.931413 849.158 223.036 0.896107 815.894 213.234 0.876183 0 0 0 0
11 111 151 837.475 227.032 0.916997 811.972 244.62 0.805362 790.421 252.396 0.838121 745.505 287.657 0.919774 782.635 324.78 0.854827 835.466 240.701 0.765856 829.538 275.924 0.666993 837.416 318.937 0.872209 784.513 350.222 0.732752 786.46 424.52 0.73884 759.239 491.074 0.854243 808.057 352.118 0.739486 790.434 420.665 0.726007 741.55 448.033 0.557212 835.322 222.98 0.909941 847.162 223.015 0.868029 811.991 213.228 0.852424 0 0 0 0
11 111 152 837.413 227.037 0.927332 811.954 246.507 0.793228 788.523 254.283 0.851643 743.584 289.487 0.964688 776.794 324.786 0.856547 837.381 242.601 0.788542 833.433 277.811 0.712804 837.382 318.86 0.936475 778.672 350.154 0.755392 784.584 418.729 0.735148 761.082 491.057 0.827552 808.055 352.125 0.76172 788.527 416.793 0.713578 741.52 451.975 0.704755 833.437 222.999 0.903587 845.209 223.046 0.861224 810.04 213.243 0.859705 0 0 0 0
11 111 153 837.333 227.043 0.945417 810.047 248.482 0.794971 788.418 254.337 0.847805 743.499 289.488 0.977001 774.82 324.8 0.888166 837.453 242.693 0.808345 835.403 279.777 0.75419 837.392 318.831 0.92678 774.84 350.156 0.828193 784.519 418.731 0.779422 759.214 489.156 0.860993 808.058 350.255 0.793407 792.433 418.685 0.74225 743.547 448.079 0.728174 831.495 223.004 0.893839 843.235 223.07 0.870062 810.003 213.225 0.877985 0 0 0 0
11 111 154 837.309 228.878 0.947008 808.095 252.35 0.824022 786.475 256.229 0.857329 743.487 289.558 0.978589 774.818 326.725 0.888007 837.432 244.593 0.830417 835.463 279.752 0.807635 837.437 316.907 0.941595 776.72 352.115 0.828362 776.806 424.572 0.799703 759.187 489.127 0.907195 810.038 352.213 0.796157 802.194 416.79 0.867015 751.313 448.035 0.647279 829.567 223.037 0.902857 841.345 224.902 0.888313 809.967 213.262 0.863366 0 0 0 0
11 111 155 835.45 227.08 0.952698 808.124 252.394 0.842317 784.516 256.262 0.849772 743.484 289.623 0.957902 774.82 326.749 0.900718 839.326 244.637 0.828957 837.336 281.717 0.823977 837.461 316.942 0.958176 776.724 352.184 0.821217 776.751 426.485 0.813952 759.148 489.081 0.897606 811.982 354.12 0.791084 802.208 420.671 0.863669 755.166 453.887 0.634398 825.703 223.048 0.905001 839.395 224.888 0.910739 808.098 213.311 0.877049 0 0 0 0
11 111 156 835.425 227.072 0.950622 810.025 250.456 0.826793 782.615 256.205 0.832046 745.406 293.445 0.892511 776.712 326.705 0.881961 839.418 244.613 0.816472 839.317 283.715 0.844102 837.49 318.823 0.964705 774.873 352.183 0.817136 774.855 428.374 0.876871 761.081 489.1 0.83901 813.926 352.271 0.792438 804.154 420.672 0.896654 770.809 473.413 0.69238 825.686 223.038 0.905655 839.361 224.895 0.916284 808.098 213.318 0.886679 0 0 0 0
11 111 157 835.399 228.875 0.945922 809.99 250.455 0.835434 780.663 256.201 0.822064 745.473 295.465 0.862973 778.72 328.696 0.854137 839.423 244.61 0.816104 839.404 285.619 0.850996 837.484 318.86 0.969841 776.741 352.248 0.805247 774.727 424.553 0.86469 761.142 490.989 0.839257 817.752 354.11 0.803601 806.128 418.688 0.900043 776.768 473.476 0.814756 825.662 223.044 0.917161 839.333 224.91 0.920495 808.094 213.315 0.876454 0 0 0 0
11 111 158 835.409 228.884 0.940236 809.992 252.347 0.839072 778.724 254.369 0.8289 747.442 297.426 0.832331 784.596 326.73 0.860654 841.32 244.632 0.807008 843.279 283.703 0.814191 837.508 318.929 0.979712 774.85 354.144 0.823683 772.848 424.569 0.855592 761.151 489.132 0.813617 815.858 354.167 0.795898 806.198 420.654 0.89164 782.613 473.494 0.820752 825.67 223.05 0.916587 839.339 224.918 0.916751 808.072 213.318 0.880822 0 0 0 0
11 111 159 835.362 228.909 0.934442 810.009 252.341 0.839639 778.722 254.349 0.833474 747.39 299.345 0.843105 788.417 324.784 0.893521 843.237 244.621 0.828549 849.096 285.684 0.855895 839.391 318.825 0.929873 774.866 352.231 0.829086 772.779 424.542 0.855812 761.063 489.141 0.816633 817.776 354.143 0.809529 808.076 422.601 0.871749 786.533 475.461 0.872775 823.78 223.055 0.938344 837.488 224.94 0.92943 808.038 213.281 0.887225 0 0 0 0
11 111 160 835.317 227.064 0.932767 811.937 250.409 0.829438 776.803 252.423 0.822382 747.405 301.224 0.829779 788.478 320.974 0.94419 847.159 244.597 0.844118 850.981 287.525 0.841885 837.489 318.901 0.961045 774.84 352.172 0.83097 772.763 424.539 0.835278 759.236 489.132 0.825174 817.829 352.266 0.813947 808.126 422.609 0.86731 788.47 477.435 0.898459 823.701 223.016 0.934449 837.454 223.08 0.945288 806.199 213.271 0.906495 849.052 213.314 0.127484 0
11 111 161 833.452 227.04 0.924375 811.948 250.44 0.825143 776.74 252.368 0.828714 747.36 299.298 0.825221 788.561 320.856 0.953283 849.05 244.646 0.843697 851.081 287.625 0.871525 837.448 318.895 0.967722 774.885 352.171 0.823962 772.76 426.504 0.851746 761.051 489.134 0.81357 819.742 352.253 0.823823 808.09 426.471 0.876812 788.423 477.445 0.889009 821.828 222.978 0.93709 837.398 223.047 0.949367 806.141 213.25 0.910753 847.195 213.289 0.134374 0
11 111 162 831.479 226.965 0.896938 813.884 252.361 0.8389 774.884 250.438 0.835271 749.336 299.298 0.815574 790.432 320.799 0.962659 849.164 248.504 0.870291 853.128 289.571 0.911972 837.392 318.907 0.998403 774.877 352.167 0.819463 772.847 424.551 0.845812 761.078 489.112 0.791041 819.772 354.168 0.809003 806.196 426.526 0.882627 786.446 479.342 0.840482 821.714 221.078 0.925805 835.525 222.971 0.936369 806.082 213.247 0.930209 845.199 213.278 0.228902 0
11 111 163 827.611 226.928 0.890748 815.846 252.398 0.846558 776.741 250.426 0.820744 751.31 297.39 0.811361 790.523 318.871 0.925776 851.061 252.361 0.905299 855.078 291.569 0.877729 837.327 318.932 0.996055 776.725 352.187 0.807817 774.843 426.538 0.869366 765.043 489.164 0.78682 819.821 356.057 0.808617 806.18 426.514 0.86032 786.532 477.447 0.86064 819.868 221.029 0.907455 835.463 221.09 0.929276 806.05 213.239 0.93993 843.254 215.196 0.395852 0
11 111 164 825.694 226.936 0.893032 817.795 252.419 0.86466 776.806 248.509 0.794222 753.275 297.404 0.819362 792.411 316.937 0.892573 852.955 254.312 0.925794 858.89 299.364 0.838324 835.37 320.798 0.960701 776.786 350.249 0.797037 776.819 428.403 0.865523 768.889 489.137 0.786288 821.676 354.11 0.821855 808.053 424.596 0.822897 788.385 477.415 0.878142 819.839 219.158 0.903776 835.444 221.099 0.924619 806.043 211.412 0.934556 843.255 213.319 0.45653 0
11 111 165 823.771 226.963 0.913532 817.826 254.311 0.885374 776.81 248.511 0.789937 755.143 299.311 0.829609 792.379 316.908 0.887842 852.992 256.21 0.937065 858.936 301.321 0.859385 833.497 320.814 0.952988 776.799 350.244 0.798366 778.741 426.489 0.83299 766.98 481.36 0.767265 821.676 354.136 0.820564 806.127 426.543 0.860471 786.55 477.412 0.874724 819.786 221.041 0.900552 835.396 222.993 0.935797 806.016 213.227 0.934296 841.343 215.259 0.520608 0
11 111 166 821.853 226.989 0.947925 817.844 254.331 0.898526 776.799 250.4 0.791301 755.154 297.42 0.829603 790.491 316.917 0.905473 853.007 256.238 0.958172 860.89 303.233 0.898874 831.524 320.881 0.923402 776.751 350.199 0.804491 778.683 424.595 0.818414 766.934 481.331 0.757745 821.656 354.112 0.812927 806.147 426.458 0.851987 788.379 477.441 0.88957 819.676 221.07 0.891681 833.505 223.015 0.914303 804.205 213.262 0.930773 841.329 215.269 0.674047 0
11 111 167 821.796 227.008 0.970644 817.806 254.375 0.900906 776.705 252.345 0.822693 755.187 299.343 0.844439 790.515 318.818 0.928025 853.016 256.249 0.953251 860.895 303.276 0.900157 833.458 320.872 0.895917 776.736 350.248 0.812136 774.831 428.426 0.861836 770.848 491.038 0.773255 821.707 354.179 0.80527 806.117 428.409 0.894824 788.403 477.464 0.878919 817.812 221.085 0.890273 833.448 223.034 0.909684 804.162 213.288 0.930329 841.284 217.174 0.70151 0
11 111 168 821.774 227.034 0.967913 817.797 256.205 0.908193 776.725 252.381 0.829205 755.19 299.375 0.853615 788.505 318.933 0.963991 852.994 256.283 0.955416 860.867 303.349 0.903669 829.554 320.937 0.880535 774.848 352.168 0.81499 772.9 430.418 0.885051 770.839 496.975 0.731492 821.678 358.035 0.790353 806.095 428.5 0.91059 786.52 479.348 0.869563 817.795 222.964 0.888628 833.422 223.071 0.915027 804.129 215.191 0.932624 839.406 219.133 0.702504 0
11 111 169 821.703 227.048 0.982383 817.793 256.216 0.904804 776.714 254.264 0.839501 755.191 299.381 0.849899 788.431 320.842 0.940693 852.991 256.287 0.955422 860.894 305.13 0.906774 827.586 322.805 0.875729 774.859 350.263 0.810591 772.775 430.409 0.833084 768.917 502.83 0.709923 821.683 354.194 0.793907 806.049 428.494 0.900456 788.397 479.364 0.877706 815.864 222.991 0.882013 831.506 224.884 0.909251 804.072 215.242 0.931615 839.319 221.095 0.760247 0
11 111 170 819.829 227.076 0.97666 815.887 256.286 0.903829 774.868 254.355 0.869914 753.252 299.344 0.84652 786.557 320.962 0.920124 851.163 256.352 0.956487 860.878 305.152 0.909885 827.609 322.855 0.881293 774.814 352.127 0.813751 772.736 432.438 0.807408 768.879 508.794 0.765769 821.649 358.012 0.790348 806.075 428.485 0.877121 788.404 479.333 0.891734 813.876 223.038 0.888966 827.618 224.934 0.902304 804.034 217.161 0.90399 837.429 223.044 0.855999 0
11 111 171 819.715 228.923 0.962244 815.852 256.352 0.905841 774.839 256.242 0.884498 753.216 301.223 0.83332 784.556 324.794 0.878624 851.164 258.197 0.946709 860.846 305.23 0.900804 825.699 324.83 0.856754 774.825 352.124 0.817044 772.735 432.422 0.826412 768.857 512.595 0.762712 821.731 356.06 0.79025 806.047 428.453 0.87933 788.394 479.346 0.894913 808.118 224.914 0.927197 823.74 224.949 0.929498 802.162 221.054 0.82001 837.318 223.059 0.891284 0
11 111 172 817.805 229.001 0.906051 811.99 258.225 0.883255 774.776 256.32 0.908114 751.294 301.324 0.844952 784.523 332.545 0.85389 851.083 258.3 0.919686 858.934 305.298 0.893704 825.653 328.68 0.849023 774.767 352.257 0.803747 770.897 438.234 0.799751 768.896 512.653 0.770869 821.688 358.023 0.783212 806.044 430.357 0.872433 788.425 479.351 0.870195 806.203 224.995 0.960076 821.812 225.01 0.950373 802.096 223.004 0.800428 835.409 224.919 0.902806 0
11 111 173 815.844 232.829 0.860942 811.939 258.33 0.869317 774.735 256.359 0.889009 749.372 303.181 0.844736 780.622 334.536 0.869131 851.081 260.252 0.881011 860.843 307.223 0.865063 825.661 332.594 0.852382 774.736 352.229 0.806926 770.874 436.307 0.798775 768.867 512.615 0.771744 821.68 359.969 0.779256 806.055 428.519 0.885618 788.451 479.367 0.877962 806.122 225.073 0.987719 821.712 226.881 0.948555 798.245 224.898 0.796674 833.499 225.001 0.864331 0
11 111 174 809.994 234.815 0.87961 808.044 260.185 0.8889 772.838 258.259 0.863119 747.422 305.197 0.872984 776.715 336.543 0.88964 849.102 260.242 0.866284 856.984 309.164 0.849078 823.768 334.512 0.864395 772.909 354.097 0.810471 770.896 434.341 0.814331 768.906 512.648 0.763839 821.67 354.187 0.775977 806.049 428.452 0.88863 788.482 479.357 0.881608 804.187 226.917 0.980885 819.769 226.936 0.957641 792.426 225.002 0.85195 829.56 225.059 0.844862 0
11 111 175 806.152 238.668 0.954295 806.122 260.229 0.903355 772.764 258.321 0.85188 745.438 305.308 0.895595 774.844 340.455 0.874866 845.225 260.285 0.833636 856.975 313.015 0.831544 823.773 336.451 0.884949 772.773 354.185 0.82176 770.89 440.233 0.803163 768.913 514.582 0.768843 819.719 358.051 0.768561 806.104 428.47 0.849178 788.55 477.465 0.877471 802.213 227.016 0.934071 817.776 227.067 0.89727 790.464 226.879 0.879181 825.633 226.995 0.885997 0
11 111 176 806.016 240.554 0.974975 806.018 260.25 0.908666 770.834 260.219 0.826994 745.452 307.199 0.875011 774.787 348.207 0.878446 841.354 260.284 0.832142 856.925 313.015 0.821136 823.763 336.603 0.861599 772.783 360.013 0.808119 770.898 440.183 0.824779 768.877 514.592 0.773482 819.724 363.907 0.807599 808.012 430.442 0.858027 790.376 477.457 0.887026 800.213 227.071 0.899224 813.903 228.956 0.864348 788.558 226.868 0.857904 823.692 227.004 0.889552 0
11 111 177 804.105 240.602 0.991848 804.157 262.191 0.877878 766.961 260.282 0.783362 743.494 309.173 0.868421 772.808 350.173 0.900648 839.405 264.132 0.832891 854.996 313.057 0.846885 823.759 338.531 0.831781 770.9 363.912 0.815536 768.907 444.128 0.828325 766.97 516.544 0.788531 819.708 365.848 0.815973 808.113 440.158 0.831109 790.502 477.422 0.858853 794.384 228.907 0.894445 809.993 230.842 0.871494 788.367 226.927 0.845244 821.743 228.902 0.86479 0
11 111 178 802.168 240.689 0.965001 804.063 266.075 0.857225 761.163 264.116 0.788687 741.601 311.1 0.871836 770.897 350.153 0.898652 839.311 267.995 0.842438 853.11 314.974 0.870231 821.818 340.483 0.83785 770.833 363.908 0.803294 768.897 442.14 0.815856 766.943 516.524 0.786534 817.844 365.905 0.803244 815.861 436.316 0.803659 792.459 475.332 0.845731 790.549 229 0.918172 806.197 232.792 0.880423 786.45 226.96 0.780126 821.68 228.932 0.919423 0
11 111 179 800.238 240.728 0.934619 802.18 268.055 0.848542 761.064 268.049 0.818029 741.59 315.031 0.881994 770.898 350.263 0.908641 837.441 268.014 0.856388 853.016 316.912 0.906549 821.711 346.273 0.835854 768.911 365.864 0.80834 761.172 446.19 0.834236 766.943 518.471 0.83273 817.798 367.808 0.800324 817.804 442.116 0.841377 798.262 467.605 0.750454 790.454 230.908 0.933971 806.097 232.815 0.900469 782.64 227.039 0.695795 819.849 228.971 0.926492 0
11 111 180 796.338 242.525 0.910262 802.147 268.082 0.849566 761.075 268.023 0.821385 741.506 314.993 0.885977 770.853 350.282 0.903755 837.364 268.048 0.865944 853.014 318.825 0.918136 819.746 348.245 0.854114 768.874 365.89 0.803841 761.114 446.115 0.880863 766.956 518.495 0.836988 817.75 367.835 0.806118 817.813 444.038 0.827854 802.206 467.58 0.76163 790.349 232.819 0.94135 804.211 232.863 0.907201 780.644 227.052 0.589614 819.773 228.984 0.943164 0
11 111 181 794.342 242.585 0.916603 800.253 269.97 0.855751 759.169 269.92 0.846169 741.467 315.029 0.887755 768.898 350.273 0.88452 837.369 269.966 0.872392 852.959 318.927 0.951354 817.792 350.097 0.849665 766.986 365.936 0.803572 761.047 446.137 0.898861 766.964 518.483 0.842957 817.818 367.815 0.817232 815.907 444.129 0.809488 804.22 463.739 0.732297 788.507 236.706 0.933089 804.107 236.711 0.901981 776.802 228.987 0.602184 819.678 230.869 0.934684 0
11 111 182 792.398 242.662 0.920568 800.221 270.028 0.869933 759.129 269.963 0.856677 741.437 316.965 0.896799 768.909 352.134 0.885821 837.372 271.885 0.887514 851.143 320.805 0.964417 815.866 350.178 0.854879 766.991 367.809 0.79523 759.209 448.062 0.889136 768.867 518.46 0.847743 817.833 367.913 0.823561 815.84 444.203 0.781375 806.149 471.528 0.7149 788.421 238.654 0.945367 804.017 238.651 0.896741 776.709 228.972 0.493621 817.858 230.857 0.937159 0
11 111 183 790.528 242.692 0.935092 800.177 271.88 0.880115 759.1 269.989 0.870112 741.416 316.974 0.878518 764.989 352.175 0.881986 837.338 271.938 0.892101 851.062 320.887 0.954585 813.884 350.267 0.859195 768.872 367.831 0.791786 759.182 448.032 0.880871 768.866 516.529 0.843184 817.804 369.77 0.807798 811.939 444.083 0.828468 806.175 491.051 0.810933 786.557 238.669 0.925745 802.168 238.693 0.903229 774.827 230.849 0.570937 817.775 232.836 0.898267 0
11 111 184 790.47 242.688 0.949502 798.241 271.933 0.884735 759.09 270.036 0.883724 739.566 318.823 0.885223 761.076 354.146 0.892674 835.478 271.998 0.904392 851.011 320.977 0.925193 811.933 352.116 0.865214 768.899 371.769 0.773526 759.127 450.038 0.879388 768.864 518.448 0.849816 815.901 375.629 0.778205 808.005 446.188 0.863318 815.839 494.986 0.771257 786.492 238.676 0.920759 800.251 238.691 0.887016 774.785 230.864 0.545267 815.856 232.839 0.885195 0
11 111 185 790.409 242.704 0.953566 796.297 271.989 0.900327 757.237 271.901 0.893866 741.483 318.937 0.910608 759.174 358.035 0.890623 835.446 273.837 0.913561 850.981 322.88 0.900206 810.05 352.178 0.868876 768.915 375.65 0.776503 759.136 451.979 0.867202 768.883 518.478 0.860545 815.865 379.506 0.785021 806.167 448.048 0.875229 819.678 496.935 0.767565 786.44 238.693 0.916124 800.166 238.725 0.883449 774.755 228.995 0.469207 813.923 234.771 0.862406 0
11 111 186 790.401 242.73 0.948753 796.292 273.856 0.899919 757.209 273.845 0.898579 741.427 320.884 0.89096 757.259 363.913 0.918951 835.496 273.914 0.919432 849.155 324.767 0.886282 810.009 352.272 0.858339 766.993 377.624 0.798267 759.108 457.797 0.885763 768.897 518.509 0.858632 815.819 379.534 0.793744 806.033 448.037 0.887167 819.839 493.094 0.788601 786.443 238.738 0.919595 798.279 240.561 0.893042 774.763 230.899 0.444252 811.989 236.745 0.848118 0
11 111 187 790.35 242.719 0.950405 794.396 273.895 0.912435 757.175 273.896 0.900369 741.499 324.751 0.88576 757.156 367.839 0.925372 835.471 273.922 0.92626 850.981 324.769 0.889917 810.034 354.131 0.852697 770.826 381.436 0.838239 759.124 459.677 0.892324 768.899 520.378 0.863542 815.897 381.509 0.823176 804.205 448.073 0.875081 821.716 493.092 0.768413 784.557 240.537 0.917602 796.31 240.56 0.893402 774.774 230.879 0.376078 810.048 236.77 0.866773 0
11 111 188 788.542 244.562 0.940477 796.282 273.957 0.903529 757.215 273.956 0.91086 741.493 326.74 0.871904 753.261 371.726 0.853522 835.473 273.998 0.917103 851.01 324.808 0.898429 810.037 354.197 0.856599 768.903 381.57 0.821445 759.124 459.762 0.913475 768.929 520.391 0.861145 815.859 383.411 0.820915 804.142 450.013 0.866667 821.684 493.098 0.8015 784.517 240.594 0.929895 794.389 240.605 0.903333 774.84 230.916 0.230685 810.054 238.677 0.877184 0
11 111 189 788.507 244.593 0.935394 794.393 274.01 0.890961 757.188 275.841 0.898943 741.42 332.596 0.871689 749.357 377.622 0.849311 835.462 274.01 0.914189 851.044 328.691 0.900279 810.017 358.044 0.849257 768.946 383.497 0.817747 759.07 461.711 0.9161 768.907 520.403 0.861383 817.789 383.483 0.823817 804.18 455.883 0.876796 819.84 496.979 0.808043 782.609 240.617 0.936328 794.345 240.633 0.917466 774.815 230.865 0.207922 810.055 238.723 0.883885 0
11 111 190 788.542 246.566 0.921535 794.367 275.928 0.86785 757.203 277.802 0.883602 741.502 334.515 0.903193 749.356 379.574 0.853222 835.459 275.906 0.884774 851.039 330.65 0.914828 813.888 360.017 0.8448 770.834 385.432 0.821044 759.08 461.674 0.927969 768.927 520.418 0.859082 817.753 385.444 0.79737 804.208 459.682 0.919433 817.845 510.696 0.823193 784.528 240.73 0.946375 794.37 240.74 0.917417 774.792 238.66 0.272852 810.006 240.63 0.912934 0
11 111 191 790.35 252.422 0.929865 794.35 279.747 0.843953 757.16 279.815 0.877593 741.452 334.642 0.917169 749.341 381.485 0.872996 835.479 277.796 0.869829 851.107 332.558 0.935959 815.861 361.909 0.843738 770.852 385.436 0.821125 759.13 459.826 0.919639 770.793 520.39 0.858385 817.807 385.475 0.795541 806.053 459.754 0.936342 813.932 522.375 0.858766 784.585 242.65 0.952604 796.299 242.661 0.90101 774.742 240.548 0.429671 811.944 240.704 0.932035 0
11 111 192 790.367 254.384 0.946155 794.398 281.753 0.835753 757.206 283.662 0.876812 741.533 336.495 0.92363 751.288 381.575 0.854901 835.488 279.808 0.853791 851.156 334.466 0.949448 817.861 363.907 0.891897 772.711 385.41 0.828846 759.187 459.834 0.922261 770.789 520.39 0.857826 819.674 385.466 0.803811 806.085 459.833 0.930345 809.993 524.446 0.855461 786.452 244.539 0.938159 796.298 244.565 0.877754 774.787 240.664 0.339156 813.882 242.58 0.92208 0
11 111 193 790.39 256.27 0.971081 796.345 285.618 0.845687 757.244 285.666 0.905367 741.569 338.472 0.894077 751.313 383.525 0.839219 837.319 283.715 0.853752 851.157 334.581 0.977451 819.849 363.944 0.890648 772.762 387.406 0.818859 759.174 461.8 0.927205 770.822 520.383 0.856357 819.789 389.337 0.807587 806.118 461.803 0.918748 806.141 536.1 0.889419 786.457 244.635 0.918046 796.328 244.647 0.861504 774.816 242.564 0.279597 813.924 242.654 0.88812 0
11 111 194 790.478 258.188 0.96836 800.178 287.521 0.884108 759.08 287.543 0.924552 743.431 338.53 0.886842 753.285 385.463 0.833954 837.372 287.497 0.873795 853.029 334.643 0.980611 821.809 365.809 0.886218 772.874 389.339 0.813513 759.218 461.755 0.91545 770.83 520.363 0.859855 821.664 391.273 0.783548 806.16 463.758 0.89036 806.007 540.079 0.87933 786.534 250.453 0.902789 800.208 250.439 0.862213 774.835 242.728 0.370541 815.886 244.531 0.905242 0
11 111 195 790.526 258.329 0.940534 800.224 287.625 0.923548 759.101 287.662 0.929422 743.426 342.383 0.871488 753.262 385.514 0.831259 837.423 287.612 0.885045 853.092 336.489 0.976866 825.639 367.821 0.874343 772.87 395.147 0.842295 759.221 461.766 0.911469 770.854 520.384 0.877201 821.679 395.232 0.817213 806.135 469.592 0.881973 804.139 549.779 0.876209 788.391 254.313 0.94227 802.168 254.336 0.930411 776.732 244.592 0.247282 819.682 248.52 0.923771 0
11 111 196 792.425 260.287 0.916303 802.145 289.487 0.938472 759.173 287.692 0.926957 743.473 340.483 0.866379 755.208 387.41 0.848957 837.47 289.53 0.888643 855.006 336.615 0.9299 833.423 367.932 0.90051 774.703 397.121 0.869448 761.046 461.764 0.887938 770.854 520.391 0.871361 821.686 397.196 0.833206 806.181 475.343 0.899442 804.117 551.75 0.888776 788.493 256.257 1.01284 804.106 256.289 0.998987 776.798 248.458 0.32005 819.745 254.358 0.971034 0
11 111 197 796.323 262.217 0.861706 804.022 289.636 0.921448 759.197 289.615 0.908565 743.501 346.266 0.868603 755.244 387.418 0.876722 839.386 289.666 0.855377 858.898 338.469 0.871038 835.439 371.717 0.92558 774.698 399.074 0.873719 761.154 461.707 0.844332 770.866 520.409 0.883134 821.665 399.139 0.831593 806.195 475.482 0.910014 804.024 553.75 0.877609 790.414 256.342 1.02534 805.996 256.355 0.999695 784.55 254.334 0.332383 819.861 256.247 0.975971 0
11 111 198 802.192 268.073 0.904792 804.186 291.57 0.916225 763.007 289.662 0.852604 743.532 346.256 0.867672 757.078 385.474 0.879427 845.215 295.445 0.796714 860.872 344.381 0.850946 835.518 377.598 0.91209 774.706 397.218 0.866127 763.018 461.742 0.83313 770.906 520.398 0.886409 821.696 399.132 0.836934 806.162 477.363 0.906168 802.123 557.656 0.812819 792.445 258.258 0.976241 806.202 258.305 0.955855 788.467 256.25 0.430467 821.82 256.367 0.967577 0
11 111 199 804.124 271.856 0.968451 806.096 295.426 0.892369 765.027 291.509 0.834205 745.447 344.374 0.841258 757.058 385.438 0.869779 849.156 301.256 0.831761 862.811 350.133 0.904658 837.452 381.565 0.959903 772.918 397.242 0.866591 761.132 461.684 0.842053 770.902 520.367 0.88612 821.698 399.194 0.83999 806.14 479.336 0.889945 802.094 561.532 0.811391 796.346 258.353 0.927321 810.009 260.26 0.876084 788.549 256.309 0.572067 825.662 258.351 0.891732 0
11 111 200 806.07 271.948 0.974392 808.066 299.345 0.867978 770.868 291.536 0.85232 745.51 340.442 0.843541 755.202 383.458 0.882612 851.076 303.26 0.889303 866.691 350.279 0.969718 839.414 383.552 0.919572 774.697 397.224 0.85917 759.211 459.806 0.88242 772.717 518.466 0.892867 821.68 401.101 0.820143 806.101 483.232 0.872474 800.24 563.477 0.809143 802.13 260.252 0.896126 815.876 262.198 0.841412 790.433 258.195 0.608559 831.541 258.37 0.915648 0
11 111 201 808.083 272.042 0.927674 811.983 303.219 0.904818 772.797 295.397 0.874172 749.354 340.476 0.823672 755.228 381.566 0.862851 853.059 305.298 0.889679 866.76 354.197 0.931495 843.27 393.227 0.871599 774.708 399.167 0.862797 757.213 461.771 0.899132 768.872 516.524 0.833441 821.744 406.969 0.804482 806.148 483.239 0.865187 802.122 561.518 0.830795 804.149 262.167 0.925903 819.77 266.096 0.901869 792.449 258.172 0.581249 835.408 260.282 0.93393 0
11 111 202 810.03 273.849 0.914368 815.827 303.318 0.919089 772.879 297.413 0.879441 751.277 340.434 0.824858 755.197 379.554 0.839867 853.114 307.219 0.870085 868.641 356.115 0.914836 850.983 393.268 0.905432 772.844 399.216 0.853593 753.244 463.737 0.838882 763.078 510.703 0.856389 821.741 410.874 0.819304 806.128 487.164 0.871401 800.251 561.533 0.829557 805.997 262.214 0.939027 819.862 268.015 0.930858 796.308 258.316 0.494673 835.474 266.077 0.929774 0
11 111 203 815.86 273.953 0.92204 817.756 303.312 0.927314 774.724 295.473 0.897964 755.171 340.404 0.842867 755.162 381.435 0.845215 854.977 307.248 0.865642 868.79 361.978 0.906377 851.159 399.061 0.992786 772.803 399.213 0.844672 743.585 463.689 0.864886 759.192 506.741 0.842386 821.746 412.753 0.836316 806.166 491.036 0.916126 800.199 561.558 0.835051 806.133 266.12 0.921125 821.76 269.965 0.943847 800.181 258.376 0.630709 837.339 268.021 0.946295 0
11 111 204 817.767 273.965 0.934035 819.688 303.338 0.947162 774.862 297.377 0.894547 757.171 340.451 0.846703 751.273 381.477 0.867135 855.043 309.136 0.839865 870.667 365.751 0.911952 853.083 399.239 0.951509 772.906 401.066 0.848062 743.478 461.699 0.888144 759.071 498.906 0.806161 821.751 412.871 0.849122 806.199 491.049 0.894723 798.286 561.561 0.827547 806.205 266.125 0.913773 821.84 270.009 0.932939 802.123 258.365 0.592635 837.431 269.927 0.928348 0
11 111 205 817.788 273.979 0.931725 819.804 305.171 0.95276 776.798 299.345 0.868121 759.047 342.372 0.842018 747.392 381.553 0.878189 857 311.062 0.808641 874.561 365.861 0.90857 854.995 404.992 0.891814 774.709 399.206 0.842846 743.403 459.734 0.872709 757.162 492.976 0.825458 821.828 414.713 0.850237 808.008 491.072 0.895351 798.251 565.391 0.823446 808.059 268.019 0.915006 823.657 271.841 0.932672 804.027 258.348 0.47506 837.492 269.984 0.920668 0
11 111 206 817.798 273.969 0.93149 819.873 305.199 0.942834 778.706 301.282 0.855921 759.074 344.33 0.840259 745.431 383.395 0.902769 860.862 311.064 0.80186 878.471 365.808 0.903777 858.932 406.972 0.859172 774.72 399.138 0.845279 743.407 451.965 0.805095 753.229 483.293 0.69925 823.654 412.883 0.845212 806.196 490.998 0.875426 798.222 565.426 0.828304 808.074 268.041 0.915613 821.853 270.031 0.934143 804.066 258.356 0.365284 837.508 269.969 0.918504 0
11 111 207 817.816 273.972 0.932966 821.71 305.224 0.944592 782.581 303.155 0.853561 759.114 346.254 0.84471 745.396 383.488 0.923454 862.819 309.177 0.808451 882.287 365.784 0.917461 866.642 406.94 0.889428 774.721 399.086 0.855507 743.547 446.14 0.79719 743.468 481.294 0.719875 823.721 412.889 0.835761 808.022 491.08 0.876269 796.341 565.439 0.834037 808.088 268.077 0.914429 823.655 270.032 0.93078 804.087 258.389 0.327152 839.313 269.961 0.908161 0
11 111 208 817.818 274.024 0.929193 821.779 305.234 0.936037 784.575 303.17 0.863966 759.128 348.232 0.857819 743.478 385.448 0.911643 864.71 309.182 0.805593 882.385 363.891 0.90908 866.807 408.9 0.920573 774.759 399.119 0.843443 743.409 448.112 0.793815 731.732 491.076 0.437382 823.754 414.742 0.831665 806.18 492.972 0.878682 796.274 565.436 0.837372 808.062 269.998 0.948124 823.654 271.863 0.946762 804.085 262.142 0.321795 837.502 269.993 0.918392 0
11 111 209 815.865 275.844 0.905663 821.781 305.274 0.932747 784.55 303.247 0.862163 759.113 350.169 0.874148 743.486 387.422 0.893437 864.74 311.075 0.812833 884.365 363.912 0.90225 868.723 408.91 0.909498 774.742 399.151 0.851487 741.417 451.945 0.798692 712.211 506.713 0.433852 823.727 414.837 0.831247 806.154 493.016 0.881485 794.393 565.428 0.832529 806.154 269.997 0.977479 821.777 271.861 0.968184 802.166 260.302 0.208781 837.485 270.005 0.918737 0
11 111 210 815.87 275.899 0.884622 821.837 305.322 0.913799 786.461 303.305 0.86875 759.14 350.261 0.882581 743.485 389.374 0.886813 866.633 313.027 0.818531 886.268 363.863 0.882771 870.687 408.947 0.893237 774.768 399.144 0.839582 737.598 459.677 0.810761 710.189 508.742 0.451002 823.743 414.834 0.823077 806.142 491.15 0.898198 794.385 565.421 0.833264 806.16 271.872 0.993314 821.76 271.903 0.973416 802.195 266.1 0.200814 837.463 270.028 0.946862 0
11 111 211 813.912 275.946 0.872093 821.827 307.141 0.916779 786.442 305.143 0.872682 759.181 352.122 0.895729 743.476 391.308 0.876302 864.814 313.008 0.811779 886.362 361.927 0.854673 876.487 410.857 0.87308 774.754 399.2 0.83278 729.797 461.734 0.794295 696.564 516.496 0.204504 825.62 414.86 0.799674 806.18 493.009 0.88836 794.372 567.325 0.848739 806.082 271.903 1.01439 821.715 271.923 0.986002 800.213 269.977 0.21872 837.422 271.86 0.963665 0
11 111 212 809.992 277.825 0.876366 821.841 307.149 0.907917 786.486 305.15 0.876016 759.201 352.198 0.88893 743.521 395.156 0.87805 866.639 313.02 0.810028 890.205 363.839 0.841084 880.464 408.925 0.886147 774.805 399.167 0.815236 729.806 459.837 0.794974 0 0 0 823.762 414.864 0.799127 808.026 491.152 0.887914 794.38 567.331 0.851088 804.224 271.922 1.01741 819.857 271.958 0.991847 798.268 268.011 0.151688 837.367 271.921 0.986189 0
11 111 213 808.128 279.764 0.872684 823.655 307.175 0.895637 786.453 305.198 0.867034 761.075 352.253 0.869334 743.527 395.223 0.893714 866.689 313.011 0.814535 892.181 363.928 0.856803 882.477 410.871 0.924939 776.734 399.166 0.787901 733.687 455.851 0.729713 727.92 459.819 0.141657 827.578 414.803 0.772607 808.062 493.022 0.877198 794.388 567.353 0.851914 804.197 271.969 1.02472 819.84 272.001 0.994416 798.238 268.064 0.169403 837.336 271.943 0.983699 0
11 111 214 810.001 281.7 0.864101 823.688 307.185 0.892279 786.518 305.21 0.882054 761.134 356.056 0.835112 743.593 397.144 0.90126 866.722 313.004 0.817611 894.085 363.866 0.84812 884.392 410.899 0.91231 778.674 399.202 0.770108 739.502 448.115 0.732797 727.881 459.736 0.168302 827.618 414.751 0.77665 808.129 492.977 0.856346 796.292 567.369 0.852806 804.215 272.007 1.02608 819.854 272.044 0.993026 796.336 270.023 0.202787 837.342 271.957 0.993147 0
11 111 215 808.099 283.645 0.887155 823.682 307.206 0.883197 786.54 305.262 0.872773 763.059 358.008 0.820634 745.425 397.237 0.887411 866.703 311.1 0.820045 896.037 363.941 0.867753 888.24 414.727 0.896445 782.583 399.172 0.756568 739.576 448.1 0.730937 727.868 459.763 0.201446 829.586 414.714 0.775684 810.047 492.994 0.838361 796.328 567.398 0.858052 804.178 273.824 1.02893 819.8 273.879 1.0085 800.165 269.977 0.139136 837.316 272.017 1.00201 0
11 111 216 808.109 283.665 0.883505 823.699 307.251 0.874068 786.551 307.135 0.863963 763.02 359.982 0.819269 745.44 399.094 0.8967 866.724 311.117 0.822166 896.095 363.933 0.871975 892.189 412.878 0.896068 784.56 399.137 0.76773 741.554 448.022 0.776516 710.172 496.95 0.209664 831.554 412.854 0.786467 811.953 491.091 0.844702 796.328 567.373 0.851894 804.184 273.857 1.02132 819.791 273.889 1.00256 800.178 270.014 0.129367 837.316 271.997 1.00105 0
11 111 217 810.013 283.689 0.872876 823.675 309.176 0.865423 786.492 309.103 0.830876 761.098 363.841 0.828763 747.382 399.184 0.870449 866.733 313.01 0.826979 896.072 360.031 0.849114 896.074 412.718 0.904394 780.666 401.054 0.757918 741.464 451.985 0.756532 708.288 504.763 0.253552 831.473 412.891 0.776769 811.955 491.125 0.846767 796.318 567.361 0.848242 804.211 273.878 1.02214 819.833 273.897 1.00508 798.257 271.94 0.167825 837.347 272.011 0.989851 0
11 111 218 811.939 285.581 0.876759 823.729 311.063 0.848938 786.56 307.232 0.844766 761.1 361.95 0.831333 745.51 401.108 0.8496 866.777 313.045 0.828618 897.958 363.831 0.87497 898.018 412.762 0.934054 784.548 401.06 0.75676 741.426 457.805 0.757331 737.567 463.693 0.136913 833.485 414.822 0.8066 810.042 495.011 0.819488 796.318 567.389 0.858033 806.021 273.912 1.0233 819.868 273.943 0.997055 800.164 271.992 0.201574 837.347 273.826 0.974057 0
11 111 219 811.942 285.583 0.876752 823.725 311.063 0.849311 786.555 307.23 0.844362 761.095 361.954 0.832124 747.354 401.105 0.848626 866.775 313.047 0.827728 897.958 361.985 0.874691 898.022 412.764 0.931576 784.553 399.225 0.757541 741.442 457.788 0.761005 737.576 463.711 0.133875 833.48 414.818 0.806658 810.029 495.03 0.81856 796.324 567.394 0.858234 806.022 273.914 1.02297 819.869 273.945 0.99685 800.169 271.993 0.202522 837.347 273.828 0.9745 0
11 111 220 811.991 285.626 0.88453 823.737 311.113 0.84812 786.55 309.106 0.840917 761.145 363.913 0.842383 751.328 401.164 0.828017 866.8 313.077 0.833223 897.98 361.965 0.867799 898.119 412.803 0.952125 782.598 401.138 0.745491 739.517 459.846 0.736386 725.858 479.368 0.108354 833.482 414.869 0.787902 810.047 498.898 0.798361 796.304 567.413 0.858385 806.048 273.937 1.02169 821.668 273.962 0.995238 800.221 272.012 0.221288 837.393 273.832 0.979874 0
11 111 221 815.818 285.66 0.896016 823.749 313.062 0.849135 786.524 311.102 0.82619 763.052 365.801 0.858148 753.205 403.066 0.825231 866.814 314.959 0.837873 898.009 363.848 0.8688 900.003 412.769 0.964113 784.573 403.023 0.75845 741.512 459.741 0.744507 739.532 467.625 0.139535 835.34 416.712 0.804075 811.95 500.851 0.804638 796.316 567.402 0.853463 806.089 273.986 1.0148 821.702 273.976 0.993056 802.103 273.843 0.251203 837.42 273.832 0.96835 0
11 111 222 815.835 285.682 0.897569 823.756 313.042 0.847929 786.535 311.073 0.823994 765.004 363.95 0.842195 755.201 401.155 0.858393 866.817 314.973 0.846659 898.053 363.914 0.88635 900.111 412.789 0.951894 786.475 401.125 0.771325 741.586 461.677 0.769989 710.224 508.767 0.263594 835.368 414.835 0.814327 813.886 496.941 0.806884 796.339 567.378 0.848685 806.105 273.999 1.01172 821.715 273.999 0.988291 802.146 273.857 0.234666 837.437 273.86 0.969101 0
11 111 223 815.85 287.527 0.905168 823.775 313.076 0.843504 786.542 311.103 0.827959 764.966 365.803 0.851194 753.285 404.97 0.825242 868.63 315 0.849461 898.047 363.914 0.889649 901.918 412.791 0.955763 786.48 401.144 0.768626 745.421 457.807 0.739976 714.145 506.693 0.228596 835.362 414.868 0.798328 813.906 496.95 0.809805 796.335 567.383 0.849209 806.117 275.835 1.00019 821.72 275.858 0.969802 802.164 273.878 0.250402 837.462 273.914 0.961303 0
11 111 224 817.748 287.575 0.927696 825.619 314.988 0.843548 786.537 313.077 0.826567 765.006 365.804 0.841985 755.227 403.06 0.826755 868.644 314.99 0.845632 898.03 363.848 0.872921 900.109 412.728 0.942909 786.448 403.025 0.749909 747.382 457.827 0.696781 741.51 475.418 0.219229 835.344 416.735 0.789016 813.932 496.93 0.813373 796.344 567.377 0.853413 806.145 275.889 0.983487 821.768 275.906 0.949695 802.15 273.901 0.282627 839.313 273.938 0.941425 0
11 111 225 817.762 287.587 0.932048 825.658 314.964 0.833938 786.555 313.053 0.822687 763.067 365.761 0.837726 755.216 403.065 0.840456 868.661 314.979 0.846164 898.03 361.974 0.875341 901.932 412.739 0.943845 788.439 401.154 0.783085 755.177 450.044 0.687491 743.466 471.536 0.413342 835.456 416.749 0.806006 815.837 494.999 0.828046 798.236 567.372 0.856448 806.16 275.9 0.976523 821.778 275.931 0.94011 802.183 273.889 0.270761 839.332 273.957 0.934725 0
