3 111 3 584.988 356.123 0.928223 569.382 375.68 0.910176 541.929 377.611 0.860793 526.369 412.727 0.882599 522.462 444.089 0.92809 594.783 373.661 0.841048 600.681 410.798 0.874972 614.321 430.514 0.891149 559.535 448.057 0.815783 555.657 494.981 0.830581 567.379 538.101 0.832729 587.052 446.167 0.87791 590.907 496.933 0.766527 569.425 522.363 0.458033 579.155 352.11 0.935526 586.912 352.13 0.823953 567.314 350.258 0.865622 0 0 0 0
3 111 4 586.881 358.034 0.920507 571.313 377.612 0.905936 545.894 377.633 0.835563 530.241 410.863 0.85835 524.34 444.03 0.912162 598.709 375.665 0.841591 602.693 408.945 0.83406 616.267 430.479 0.912446 561.553 451.932 0.76682 555.722 496.99 0.806154 567.41 539.99 0.813555 588.95 449.991 0.83069 596.769 500.89 0.790796 571.251 526.332 0.431635 582.998 352.158 0.943146 587.058 352.172 0.889193 569.268 350.298 0.894161 0 0 0 0
3 111 5 587.033 359.973 0.897667 571.428 379.507 0.894576 551.703 381.406 0.886963 536.033 412.859 0.908467 526.315 446.02 0.924224 600.577 375.619 0.857102 604.54 406.96 0.810646 616.341 430.471 0.930287 561.522 453.91 0.793398 557.626 496.989 0.832847 565.468 540.015 0.8514 590.861 450.018 0.820025 600.638 494.986 0.818835 586.947 526.302 0.691719 584.982 352.226 0.960651 590.901 352.239 0.810445 571.254 352.13 0.888157 0 0 0 0
3 111 6 588.993 361.928 0.869817 573.342 381.422 0.898782 553.6 381.537 0.929251 537.962 414.801 0.916704 528.298 446.111 0.894492 600.696 377.579 0.885925 606.518 408.908 0.802911 616.348 430.494 0.897104 569.26 457.756 0.840091 563.473 500.88 0.769966 567.368 543.893 0.769384 598.626 453.883 0.799359 602.539 500.871 0.824768 600.566 540.08 0.723981 586.891 354.097 0.928503 594.792 352.277 0.756467 571.336 352.211 0.885019 0 0 0 0
3 111 7 596.771 363.91 0.886202 581.087 381.591 0.905582 553.729 383.475 0.935595 538.054 416.732 0.920157 534.083 449.982 0.85583 602.68 381.46 0.912446 612.387 412.75 0.834988 618.307 434.383 0.881448 569.335 459.696 0.855501 561.549 504.814 0.799496 565.41 541.994 0.779476 600.673 457.757 0.855372 602.625 504.774 0.846851 602.661 549.781 0.836116 588.91 356.085 0.878367 600.534 354.194 0.739581 575.196 354.171 0.817396 0 0 0 0
3 111 8 600.65 365.826 0.966903 584.958 383.432 0.956156 555.676 383.557 0.911479 539.977 416.814 0.906884 536.085 451.989 0.881371 606.551 381.552 0.870649 616.256 412.801 0.883919 620.226 440.181 0.850234 569.332 459.831 0.861956 563.504 506.751 0.790364 565.43 545.856 0.734275 600.743 459.711 0.881734 604.582 506.731 0.856827 610.467 553.671 0.841477 596.712 359.998 0.839942 600.721 358.078 0.649127 582.982 358.052 0.806945 0 0 0 0
3 111 9 602.586 367.757 0.97814 586.956 385.494 0.914645 561.56 389.378 0.821457 541.933 420.653 0.874653 538.017 455.88 0.89966 614.346 383.512 0.916602 616.335 414.754 0.867291 620.294 442.186 0.855793 571.298 461.768 0.864224 567.347 506.717 0.782043 565.405 540.063 0.751904 602.566 461.666 0.891855 604.632 508.656 0.866536 616.349 557.609 0.912853 598.71 363.934 0.915784 604.559 363.88 0.803348 584.998 363.905 0.876068 0 0 0 0
3 111 10 606.562 367.897 0.89692 588.902 391.264 0.866776 567.421 393.291 0.873192 547.845 424.554 0.865652 539.991 459.68 0.942086 616.244 385.456 0.892227 618.193 416.755 0.821167 626.111 444.143 0.83357 571.404 463.694 0.824851 569.25 506.786 0.802815 567.316 541.989 0.746113 602.675 461.791 0.868911 612.346 510.615 0.834699 618.33 565.406 0.873344 602.593 365.905 0.9579 608.483 365.873 0.595905 587.02 365.892 0.919805 0 0 0 0
3 111 11 614.314 373.698 0.86501 596.713 397.069 0.872401 569.426 397.115 0.936606 553.679 428.503 0.910588 541.965 461.683 0.908791 618.27 395.157 0.874639 622.199 424.551 0.767614 631.84 446.173 0.878283 577.148 467.603 0.771433 571.236 508.671 0.849759 567.318 547.848 0.734464 606.498 465.683 0.80044 614.367 512.629 0.843083 624.094 565.388 0.811415 604.634 367.871 0.906972 614.344 367.843 0.628511 592.831 367.88 0.835525 0 0 0 0
3 111 12 616.315 377.626 0.898771 600.686 397.202 0.973329 575.188 399.108 0.867538 555.623 428.496 0.880399 549.768 461.844 0.879201 622.155 395.226 0.859288 629.937 428.41 0.867585 633.848 453.915 0.860638 585.042 469.555 0.820282 571.38 508.706 0.818201 567.338 543.912 0.778706 616.255 467.631 0.822402 618.174 514.602 0.858468 624.148 569.324 0.841507 612.346 369.819 0.852963 616.358 369.762 0.647242 598.664 371.732 0.836047 0 0 0 0
3 111 13 618.3 381.437 0.944747 602.659 399.082 0.972365 581.084 399.225 0.86932 557.628 432.361 0.873288 553.64 467.6 0.885669 629.994 397.197 0.941386 632.001 430.463 0.853164 635.887 459.823 0.813065 586.953 475.483 0.871552 575.184 514.569 0.722857 569.251 545.883 0.774652 618.258 475.44 0.887943 620.218 524.327 0.894392 629.938 571.4 0.87808 616.248 373.731 0.875967 620.22 371.774 0.673816 602.542 373.73 0.827576 0 0 0 0
3 111 14 627.997 381.598 0.882032 604.638 401.106 0.87792 584.999 403.096 0.861121 565.442 436.285 0.847512 555.628 471.549 0.894126 631.866 399.2 0.907137 633.831 432.361 0.806993 643.682 457.802 0.755136 594.808 477.395 0.789094 584.916 524.286 0.709634 567.407 549.788 0.6018 620.252 477.346 0.876721 628.059 526.328 0.815379 629.947 577.143 0.825716 620.197 379.536 0.86453 626.104 379.563 0.41046 604.604 379.529 0.871603 0 0 0 0
3 111 15 631.861 381.614 0.943453 612.41 401.164 0.845223 587.013 406.949 0.830558 569.403 436.33 0.849036 557.661 475.417 0.866626 632.05 401.051 0.916172 635.852 432.41 0.763649 647.531 459.835 0.81918 600.717 477.435 0.830363 588.89 524.302 0.767981 569.256 549.764 0.67503 629.963 477.363 0.858974 631.978 524.404 0.901662 626.104 573.295 0.833479 624.116 379.57 0.873563 631.873 379.493 0.511313 610.444 381.42 0.842114 0 0 0 0
3 111 16 631.976 383.509 0.940434 616.305 408.885 0.912257 594.771 408.894 0.802095 573.224 438.274 0.828115 567.326 475.409 0.885389 634.019 406.969 0.861723 641.741 440.195 0.755119 649.513 461.733 0.828042 602.54 477.459 0.821458 600.564 522.427 0.645694 577.161 545.858 0.594837 629.985 477.404 0.858837 631.97 524.329 0.921223 626.095 573.319 0.817434 628.012 381.453 0.904504 633.929 381.437 0.841308 614.34 381.467 0.865703 0 0 0 0
3 111 17 633.975 385.438 0.905802 618.223 408.916 0.926385 598.668 410.831 0.865337 575.242 440.246 0.832852 569.339 475.483 0.933046 637.881 405.042 0.835425 645.636 440.218 0.779137 651.555 461.691 0.774915 600.687 479.313 0.822154 602.557 524.362 0.720691 585.051 549.757 0.640392 631.875 477.473 0.857193 633.897 526.279 0.897812 628.035 575.249 0.828914 631.919 381.569 0.976988 637.837 381.564 0.791963 616.391 381.498 0.918395 0 0 0 0
3 111 18 637.855 387.392 0.848858 618.355 410.793 0.894341 600.614 410.857 0.893667 582.977 444.057 0.869155 571.359 477.428 0.907912 643.702 406.978 0.831673 647.62 440.198 0.778765 657.422 461.821 0.737325 606.55 477.456 0.763709 604.573 524.306 0.660914 588.939 555.586 0.605485 633.985 477.439 0.848055 633.99 526.31 0.846268 629.952 575.25 0.831585 633.922 383.462 0.964794 641.736 383.444 0.585018 618.34 383.405 0.913132 0 0 0 0
3 111 19 643.659 385.474 0.873066 624.109 410.859 0.862409 602.545 412.754 0.909093 585.029 444.161 0.881662 579.107 479.387 0.842726 647.615 408.878 0.891098 651.55 440.199 0.70745 663.243 461.756 0.804124 612.364 479.331 0.769397 614.314 524.321 0.724242 602.613 567.326 0.652051 637.803 477.453 0.804255 635.851 526.282 0.823629 630.005 575.243 0.833286 634.013 383.396 0.957482 645.641 381.594 0.771302 620.238 383.428 0.875719 0 0 0 0
3 111 20 645.687 391.321 0.899018 629.919 412.749 0.879037 602.665 412.852 0.904827 586.951 446.144 0.904117 584.968 483.282 0.886446 649.52 410.835 0.902264 657.363 444.121 0.740582 669.159 463.748 0.642742 616.226 481.319 0.775255 616.383 526.335 0.837991 606.502 575.223 0.784477 639.799 481.304 0.792128 635.835 528.285 0.786933 629.957 575.233 0.78707 637.838 383.515 0.935817 647.62 383.511 0.817204 622.206 383.475 0.863376 0 0 0 0
3 111 21 647.688 393.202 0.912915 632.009 412.912 0.95782 610.413 414.798 0.861107 590.838 448.042 0.860971 586.86 487.176 0.89643 651.586 412.827 0.889045 663.154 444.19 0.818592 669.136 463.752 0.713466 614.348 485.197 0.773975 618.236 532.184 0.768587 616.357 575.244 0.673006 639.813 485.221 0.808356 635.859 534.142 0.763979 630.005 579.151 0.800848 643.694 383.563 0.907298 649.607 383.542 0.843003 629.968 385.427 0.869923 0 0 0 0
3 111 22 649.551 395.211 0.934903 632.04 412.857 0.972158 612.4 414.75 0.902891 596.729 450.042 0.837784 587.072 491.037 0.919044 653.45 412.798 0.884195 661.315 446.02 0.837216 674.99 465.631 0.757326 618.185 487.183 0.817615 624.111 537.95 0.781182 620.293 584.914 0.73591 643.714 487.181 0.824299 637.815 536.104 0.742718 632.005 583.013 0.821412 645.68 385.506 0.88066 651.514 385.493 0.705333 631.981 385.484 0.826501 0 0 0 0
3 111 23 653.515 397.08 0.892265 634.021 414.739 0.951543 616.227 414.819 0.91988 600.654 455.894 0.85249 598.633 493.053 0.898161 661.323 412.905 0.922698 665.149 446.142 0.832509 676.95 467.6 0.764776 620.234 491.058 0.823583 635.875 538.089 0.758641 631.969 587.047 0.857426 647.651 490.997 0.852409 637.812 538.119 0.625236 628.049 582.984 0.52839 649.555 387.427 0.878155 659.315 387.391 0.644996 633.957 385.484 0.836705 0 0 0 0
3 111 24 659.34 399.092 0.922536 635.939 414.848 0.899112 618.193 418.675 0.880881 602.682 459.761 0.866889 600.676 495.029 0.904467 663.163 412.913 0.912258 665.177 446.138 0.816273 678.859 463.776 0.836738 626.066 491.059 0.786097 635.842 538.068 0.743528 634.009 587.02 0.756994 649.526 489.15 0.833168 645.589 538.1 0.696943 633.856 584.928 0.611823 651.485 395.236 0.915957 661.332 395.154 0.741667 635.872 393.219 0.803364 0 0 0 0
3 111 25 663.161 401.088 0.936014 641.746 418.666 0.825001 620.195 422.639 0.818621 604.644 461.711 0.869875 602.667 498.951 0.868535 663.276 416.708 0.902784 665.311 446.181 0.809797 678.886 463.773 0.859627 629.942 493.082 0.786226 639.759 539.987 0.740504 643.683 588.948 0.713451 649.585 492.994 0.879363 645.588 539.997 0.740983 633.887 582.987 0.617767 655.424 397.212 0.934793 663.338 397.194 0.768115 639.797 397.129 0.805838 0 0 0 0
3 111 26 665.17 408.879 0.923504 647.513 426.466 0.877155 626.123 428.528 0.85171 614.366 465.702 0.839149 610.446 506.763 0.838002 665.162 420.661 0.860027 667.248 449.992 0.730717 678.978 467.61 0.819756 631.988 498.95 0.798863 647.566 543.909 0.68215 653.517 598.696 0.734599 651.552 495.053 0.782011 645.597 540.104 0.626262 631.959 579.129 0.383969 661.325 399.221 0.942899 665.3 399.201 0.597957 647.517 399.186 0.851455 0 0 0 0
3 111 27 665.324 410.862 0.925078 649.483 428.425 0.952645 631.877 430.413 0.901146 616.32 473.491 0.890447 616.271 510.626 0.90386 667.153 426.474 0.848527 673.031 455.899 0.74827 680.927 469.551 0.812189 633.865 506.684 0.838257 647.693 555.646 0.737911 663.253 608.455 0.76876 653.465 502.85 0.763414 645.637 551.745 0.5491 614.363 581.058 0.438976 663.286 401.147 0.923429 669.178 401.119 0.640698 649.503 399.237 0.895016 0 0 0 0
3 111 28 676.876 414.716 0.917162 649.591 430.454 0.965715 632.017 432.47 0.875293 618.318 477.361 0.907286 618.35 516.521 0.888882 669.117 430.357 0.878582 676.96 459.852 0.72236 680.959 475.405 0.721572 635.893 508.665 0.780126 651.498 555.687 0.75951 665.18 612.415 0.832181 661.222 506.686 0.775533 630.009 555.618 0.536442 614.313 586.891 0.545627 667.243 410.872 0.884681 678.802 410.8 0.465725 653.458 408.907 0.837776 0 0 0 0
3 111 29 678.835 416.766 0.902085 651.59 434.318 0.854181 635.923 438.235 0.819492 622.178 479.374 0.844148 622.201 522.359 0.875828 673.005 432.4 0.820398 678.806 467.58 0.51817 682.85 477.347 0.416853 641.716 510.712 0.730985 657.375 565.4 0.734085 665.303 616.259 0.890625 661.247 508.735 0.756165 643.691 557.622 0.574471 618.217 588.96 0.633023 673.06 412.915 0.907182 678.941 414.687 0.4008 659.342 412.84 0.864677 0 0 0 0
3 111 30 680.814 426.495 0.95838 659.375 438.284 0.807602 645.678 442.137 0.823754 630.024 489.103 0.852294 631.969 526.33 0.924458 674.967 440.176 0.771296 676.96 475.401 0.479669 684.782 475.487 0.306034 641.735 518.427 0.71298 663.249 567.424 0.836286 667.198 618.218 0.857723 659.376 514.564 0.710408 637.816 563.476 0.550957 618.271 596.732 0.631783 678.845 416.777 0.928405 680.929 416.781 0.451811 663.295 414.794 0.89199 0 0 0 0
3 111 31 680.969 430.438 0.823802 663.171 444.185 0.8506 649.497 446.124 0.838838 632.015 493.059 0.852486 635.865 532.133 0.876663 674.981 444.147 0.778552 678.951 477.341 0.456132 682.83 475.435 0.238679 645.678 518.429 0.706017 665.23 565.421 0.690838 673.025 612.418 0.678401 661.306 516.529 0.676547 647.632 557.66 0.451606 629.987 584.913 0.458057 680.836 428.418 0.820864 682.801 428.502 0.269622 667.241 426.464 0.765273 0 0 0 0
3 111 32 686.721 432.468 0.798844 667.146 446.174 0.88771 651.534 446.151 0.85592 633.929 494.97 0.78495 643.682 536.067 0.816966 682.806 450.006 0.814554 680.808 483.289 0.643119 678.936 498.947 0.294874 643.723 508.671 0.723152 665.177 555.722 0.787137 675.016 614.361 0.730753 663.301 508.742 0.751203 649.518 547.828 0.526527 628.032 581.063 0.632831 682.828 430.389 0.890549 690.644 430.473 0.49341 673.013 428.511 0.81048 0 0 0 0
3 111 33 694.596 438.258 0.808175 673.022 449.983 0.825954 657.416 448.059 0.821213 643.694 498.892 0.676944 647.657 540.023 0.868512 690.602 453.938 0.811582 680.911 491.003 0.671587 680.837 506.732 0.252865 637.846 510.636 0.717766 665.238 555.664 0.719997 667.143 616.264 0.705611 663.311 512.646 0.764187 665.203 553.728 0.551853 635.906 577.211 0.392791 692.637 430.508 0.823798 694.676 432.384 0.285875 678.967 430.431 0.845598 0 0 0 0
3 111 34 694.594 438.254 0.804667 673.019 449.984 0.824131 657.413 448.054 0.821083 643.667 498.894 0.675071 647.651 540.03 0.871375 690.604 455.82 0.809465 680.908 491.014 0.661677 680.844 506.744 0.247358 637.863 510.647 0.70899 665.243 555.682 0.714644 667.157 616.278 0.701025 663.321 514.546 0.76373 665.193 553.743 0.546049 635.898 577.217 0.385013 692.634 430.506 0.820565 694.672 432.375 0.280409 678.965 430.428 0.841771 0 0 0 0
3 111 35 694.637 444.213 0.941938 676.907 455.858 0.812643 663.201 455.875 0.786681 649.627 504.715 0.645731 653.466 538.103 0.734617 690.605 457.799 0.766492 682.845 491.116 0.501746 680.886 514.545 0.205796 639.779 508.719 0.763047 665.23 553.708 0.748722 663.258 614.321 0.654258 663.277 510.617 0.73268 667.182 551.768 0.574219 635.859 571.412 0.535043 694.469 440.213 0.85075 696.596 442.164 0.48235 678.91 432.466 0.83145 0 0 0 0
3 111 36 700.405 449.994 0.852311 678.868 461.657 0.86299 665.155 459.741 0.804494 651.528 500.877 0.619311 661.286 536.04 0.54449 692.613 463.72 0.744668 680.957 497.001 0.416947 678.977 522.387 0.262756 643.696 510.656 0.726871 665.29 551.747 0.745786 665.23 600.658 0.509802 663.299 516.472 0.665812 663.294 547.825 0.460855 635.933 571.242 0.620802 698.447 446.011 0.931542 704.357 446.105 0.384754 684.747 444.03 0.812087 0 0 0 1
3 111 37 708.179 457.855 0.85794 678.96 459.795 0.819708 671.12 463.707 0.698598 661.291 508.732 0.674119 665.298 549.775 0.730066 688.645 455.887 0.584615 684.785 491.034 0.0643824 0 0 0 645.631 510.68 0.721838 671.061 557.62 0.634762 667.229 614.332 0.466077 655.418 510.704 0.509385 663.241 553.639 0.388029 635.878 571.293 0.481254 702.412 449.999 0.817594 710.235 452.004 0.232632 692.581 446.035 0.833017 0 0 0 1
3 111 38 710.305 459.821 0.88843 680.964 461.685 0.799418 678.812 467.627 0.646007 665.226 512.585 0.564212 671.109 545.876 0.50691 692.559 459.714 0.583583 710.164 455.877 0.203103 0 0 0 647.563 510.707 0.715188 675.008 557.663 0.631441 678.883 618.213 0.545317 657.387 514.532 0.496551 661.273 551.752 0.363921 635.841 569.341 0.495594 710.159 453.944 0.78951 712.172 457.836 0.151167 696.467 448.039 0.812732 0 0 0 1
3 111 39 714.181 461.812 0.771404 682.867 461.774 0.786154 680.904 475.429 0.62383 669.146 524.398 0.639425 680.9 565.424 0.706672 682.869 446.091 0.632559 710.172 459.671 0.210894 0 0 0 645.613 510.658 0.674426 667.17 540.018 0.437566 678.949 606.503 0.332542 643.703 508.682 0.525546 665.224 545.872 0.289876 637.807 567.418 0.422944 712.232 459.77 0.795222 0 0 0 702.359 451.993 0.730708 0 0 0 1
3 111 40 721.907 467.591 0.667605 686.697 461.752 0.754536 692.533 481.311 0.704161 678.96 530.234 0.725438 690.606 571.322 0.77935 682.8 440.211 0.727781 712.092 459.742 0.202376 0 0 0 647.657 512.598 0.664279 678.934 543.907 0.389101 678.865 602.638 0.438768 633.927 506.736 0.657932 661.3 553.659 0.394119 637.832 567.373 0.440287 718.03 461.741 0.702017 0 0 0 708.286 457.806 0.785083 0 0 0 1
3 111 41 723.861 471.544 0.805895 690.606 465.635 0.722422 692.559 489.086 0.683789 680.89 534.165 0.713647 694.468 571.373 0.803209 684.8 444.091 0.734305 716.096 459.741 0.254476 0 0 0 649.592 512.64 0.629224 680.873 545.878 0.396273 680.909 602.631 0.37321 633.974 506.774 0.664765 661.32 553.627 0.36824 635.919 567.342 0.43699 718.023 463.725 0.80661 725.964 461.794 0.180998 704.341 459.799 0.744772 0 0 0 1
3 111 42 725.867 475.401 0.908502 692.55 471.473 0.74579 694.537 491.035 0.764369 688.698 538.043 0.709308 696.53 573.343 0.891781 684.789 446.043 0.728286 714.169 467.554 0.152735 0 0 0 647.648 510.702 0.660338 678.957 547.841 0.478043 669.163 610.457 0.541438 633.926 506.7 0.646952 663.283 549.775 0.430585 633.986 569.32 0.468281 723.889 467.61 0.839299 727.823 469.562 0.142838 710.13 461.805 0.792766 0 0 0 1
3 111 43 727.819 479.333 0.881774 694.577 473.458 0.760235 694.636 491.051 0.778922 694.46 539.976 0.85482 706.326 579.108 0.880185 690.633 446.106 0.636539 0 0 0 0 0 0 647.633 508.674 0.691136 676.956 555.678 0.656023 665.219 608.49 0.687947 637.857 502.851 0.559352 665.197 547.826 0.389031 633.989 569.398 0.444655 725.831 475.387 0.897744 727.985 477.317 0.286639 710.245 463.758 0.804861 0 0 0 1
3 111 44 727.799 483.235 0.895046 694.626 469.542 0.79963 696.58 491.049 0.809227 696.521 540.074 0.894905 710.232 581.088 0.96599 690.645 446.039 0.714622 682.883 428.532 0.249 0 0 0 651.515 510.677 0.620786 678.9 553.749 0.631895 663.334 602.607 0.790239 635.894 504.794 0.677383 661.302 543.896 0.512211 633.953 569.381 0.643884 725.84 477.334 0.941136 729.8 477.346 0.442621 712.144 465.692 0.81647 0 0 0 1
3 111 45 727.898 487.203 0.814032 696.539 471.51 0.844303 698.524 491.134 0.790977 698.502 541.957 0.87549 714.134 584.939 0.959338 694.512 446.102 0.772356 723.856 471.538 0.136646 0 0 0 649.627 510.688 0.629107 678.943 557.633 0.691755 665.269 610.442 0.695379 633.956 502.805 0.639089 661.257 541.975 0.397588 633.918 567.357 0.634539 727.84 479.356 0.864223 0 0 0 718.054 473.45 0.838395 0 0 0 1
3 111 46 729.763 489.115 0.823369 696.598 469.532 0.820874 698.512 491.129 0.737851 708.224 543.948 0.822902 721.987 586.959 0.92099 694.558 446.087 0.761754 725.81 471.487 0.160198 0 0 0 651.569 510.668 0.582614 678.919 555.69 0.693964 667.213 616.353 0.715613 635.875 502.811 0.656101 663.195 540.028 0.424746 633.86 569.416 0.725492 727.836 481.273 0.831163 733.687 477.501 0.308134 719.969 473.452 0.754052 0 0 0 1
3 111 47 733.676 491.011 0.833319 698.455 471.495 0.80873 702.357 493.013 0.729012 710.276 551.72 0.931055 725.93 586.919 0.971545 694.573 446.13 0.750644 725.773 473.433 0.106859 0 0 0 649.626 512.614 0.576738 674.994 567.358 0.701012 667.23 618.281 0.763529 635.837 502.79 0.625166 665.241 545.884 0.378817 631.977 571.244 0.76048 731.73 483.229 0.831881 741.381 479.41 0.120327 721.952 475.35 0.781985 0 0 0 1
3 111 48 735.613 491.044 0.887387 698.439 471.554 0.799292 704.336 495.012 0.728242 712.251 553.61 0.914537 727.927 586.989 0.934598 694.527 446.185 0.747908 725.854 475.458 0.126467 0 0 0 649.624 518.492 0.571376 669.154 569.269 0.612959 667.225 618.257 0.746244 635.846 506.692 0.578039 673.016 549.784 0.357991 633.881 569.327 0.562964 731.748 483.229 0.866406 741.436 481.323 0.109201 720.018 475.401 0.787155 0 0 0 1
3 111 49 739.511 491.015 0.866586 700.448 475.404 0.794256 708.198 496.966 0.754432 714.151 553.595 0.878635 733.687 586.994 0.90411 694.615 448.045 0.713123 0 0 0 0 0 0 651.53 532.128 0.535837 667.235 569.399 0.738124 667.23 618.36 0.750362 637.868 514.562 0.475062 676.976 551.728 0.169699 633.848 569.363 0.514931 733.692 483.25 0.828144 743.368 479.37 0.271858 719.975 475.448 0.760273 0 0 0 1
3 111 50 739.527 491.083 0.716859 704.341 475.472 0.800749 710.151 496.957 0.81266 716.126 551.684 0.817865 739.552 586.883 0.939984 696.548 448.042 0.686405 0 0 0 0 0 0 657.408 532.192 0.531711 667.193 571.375 0.733055 667.237 620.258 0.699789 641.749 514.589 0.490453 674.97 553.684 0.136434 630.022 569.379 0.501366 735.681 487.178 0.696802 743.435 483.297 0.212727 725.811 477.439 0.726273 0 0 0 1
3 111 51 739.578 491.116 0.711411 708.177 475.421 0.788785 710.268 495.037 0.792826 718.031 551.714 0.820174 741.557 586.895 0.949968 696.552 448.061 0.658347 0 0 0 0 0 0 659.37 514.559 0.460984 669.115 571.377 0.628318 667.201 620.217 0.652303 639.784 496.98 0.566709 653.517 539.947 0.286984 624.156 569.266 0.614374 737.571 489.089 0.707214 743.468 487.17 0.206175 725.884 477.458 0.72728 0 0 0 1
3 111 52 739.578 491.117 0.727424 708.195 475.382 0.796043 710.276 495.039 0.790703 719.992 551.727 0.807872 743.458 586.886 0.963308 696.591 448.018 0.655307 0 0 0 0 0 0 647.626 506.73 0.499889 675.002 567.426 0.570595 665.307 618.309 0.721294 635.897 494.993 0.558195 678.89 538.075 0.348191 624.144 567.41 0.547848 737.57 489.094 0.727433 743.437 487.174 0.234457 725.876 477.454 0.724658 0 0 0 1
3 111 53 741.485 491.096 0.767411 708.247 473.505 0.781162 710.268 493.121 0.82022 720.032 551.692 0.812819 743.467 585.061 0.961486 698.508 448.013 0.626734 0 0 0 0 0 0 647.554 508.754 0.526107 675.026 569.291 0.690787 665.299 618.324 0.766909 637.816 498.931 0.522787 680.912 543.912 0.346436 626.091 563.495 0.461491 739.531 487.172 0.752418 743.518 489.105 0.230754 725.929 477.343 0.731194 0 0 0 1
3 111 54 741.508 490.984 0.847314 708.238 471.554 0.745173 710.265 493.064 0.809651 718.027 549.731 0.785723 743.42 584.984 0.952987 696.579 446.148 0.580674 678.828 440.206 0.276318 0 0 0 649.575 506.791 0.50839 676.902 569.343 0.7071 665.333 620.225 0.743083 637.854 495.05 0.554906 678.916 551.698 0.29609 622.201 567.342 0.471793 739.525 481.314 0.818481 743.51 481.306 0.34351 725.771 475.387 0.735761 0 0 0 1
3 111 55 739.558 489.053 0.718962 708.282 469.591 0.786574 712.144 493 0.848644 716.062 547.835 0.808078 741.531 583.023 0.919669 698.503 444.178 0.664731 0 0 0 0 0 0 649.63 506.76 0.541846 678.838 567.419 0.703422 665.313 618.281 0.738051 635.905 494.979 0.594092 676.973 541.947 0.308332 622.186 567.34 0.571786 739.522 479.427 0.74494 0 0 0 727.835 475.357 0.739873 0 0 0 1
3 111 56 739.572 485.231 0.820781 708.236 469.547 0.798898 712.15 492.991 0.864587 712.263 545.844 0.844665 739.543 579.139 0.866718 696.581 444.127 0.685711 0 0 0 0 0 0 651.537 508.733 0.564151 678.898 569.317 0.674181 667.145 618.342 0.710858 635.862 495.053 0.619367 678.843 549.763 0.367292 622.208 567.363 0.540519 737.642 477.463 0.865027 743.452 477.474 0.382608 725.922 471.523 0.781804 0 0 0 1
3 111 57 743.413 483.285 0.783288 706.313 467.613 0.776528 712.179 491.13 0.856925 712.178 543.901 0.850085 731.729 577.183 0.851756 696.602 444.078 0.702837 0 0 0 0 0 0 649.621 508.753 0.604948 676.951 569.254 0.70095 667.158 618.353 0.7596 635.888 496.974 0.601087 674.969 543.92 0.277085 620.262 569.265 0.594528 741.595 477.385 0.851754 0 0 0 729.846 469.591 0.781646 0 0 0 1
3 111 58 741.496 479.386 0.742537 706.282 465.679 0.778548 712.128 491.048 0.834918 710.171 540.016 0.888538 727.799 575.218 0.945232 698.471 442.165 0.710055 725.935 461.807 0.150877 0 0 0 655.417 512.586 0.564853 674.966 571.255 0.634506 667.227 620.211 0.695609 637.85 500.839 0.609427 667.162 545.887 0.243977 622.164 569.416 0.617659 741.454 475.502 0.788667 0 0 0 727.871 467.621 0.783229 0 0 0 1
3 111 59 741.518 475.463 0.859702 706.284 467.585 0.794427 710.215 489.138 0.82914 704.359 537.986 0.855025 723.832 571.3 0.931653 698.506 444.072 0.725231 727.818 461.784 0.201684 0 0 0 655.461 522.354 0.632026 674.955 571.34 0.743597 669.147 622.204 0.712979 643.665 508.705 0.611562 673.052 555.698 0.181087 0 0 0 741.437 469.575 0.812526 0 0 0 727.858 461.804 0.84239 0 0 0 1
3 111 60 741.527 475.44 0.702768 704.339 465.635 0.795886 710.3 485.235 0.864883 698.456 534.114 0.867426 714.194 569.405 0.946046 696.527 442.154 0.739088 0 0 0 0 0 0 649.505 520.431 0.68161 676.94 569.26 0.782307 669.129 620.282 0.757034 635.85 506.752 0.569347 669.133 551.756 0.185351 628.058 571.312 0.586343 741.505 469.595 0.683953 0 0 0 729.827 461.82 0.83866 0 0 0 1
3 111 61 741.426 475.323 0.786588 700.48 461.727 0.824771 710.13 483.233 0.82348 696.517 530.212 0.870479 712.132 569.283 0.969965 696.523 438.242 0.755915 725.742 459.767 0.156149 0 0 0 657.385 522.386 0.66113 674.977 569.351 0.795091 669.149 622.146 0.759236 641.733 508.702 0.635579 651.508 559.553 0.266559 630.015 573.331 0.601444 741.427 465.639 0.771528 0 0 0 729.747 459.761 0.844878 0 0 0 1
3 111 62 739.558 467.625 0.718269 698.546 461.691 0.823462 710.148 483.248 0.811223 694.497 528.272 0.837252 708.182 563.478 0.869476 694.548 440.196 0.751362 723.906 461.768 0.156603 0 0 0 663.218 520.447 0.664156 675.016 569.27 0.774249 667.208 620.215 0.788299 645.627 508.69 0.710354 651.488 551.726 0.388235 633.856 577.148 0.705406 739.576 461.734 0.770377 0 0 0 727.869 457.772 0.841079 0 0 0 1
3 111 63 739.525 463.684 0.819346 698.49 459.837 0.809528 708.281 481.325 0.777479 690.673 524.403 0.817967 698.534 557.667 0.918497 694.543 440.221 0.697369 0 0 0 0 0 0 661.319 516.533 0.679208 678.848 565.45 0.769674 667.139 618.211 0.787758 645.674 506.732 0.707853 661.268 553.615 0.348308 633.955 577.176 0.722846 737.572 459.76 0.801908 0 0 0 725.811 453.897 0.752692 0 0 0 1
3 111 64 739.519 459.864 0.867871 698.454 459.753 0.808567 706.26 477.434 0.709217 686.73 522.386 0.749427 696.497 555.69 0.922325 694.552 440.217 0.692161 690.611 430.359 0.244913 0 0 0 661.336 512.615 0.648145 676.91 567.329 0.69975 667.174 618.223 0.779571 647.64 506.664 0.669036 663.275 553.682 0.446133 637.792 583.064 0.714299 735.65 455.878 0.792953 0 0 0 723.882 448.087 0.765144 0 0 0 1
3 111 65 737.551 459.818 0.6929 698.503 459.796 0.776478 708.19 477.447 0.764403 682.835 518.474 0.767354 692.61 553.625 0.906092 694.561 438.263 0.702179 692.596 430.355 0.213441 0 0 0 661.272 512.629 0.633296 674.994 567.393 0.687639 667.183 618.246 0.775684 647.541 504.774 0.662966 665.158 555.602 0.500681 639.796 584.973 0.681407 733.676 455.891 0.636869 741.442 457.84 0.145502 723.904 449.998 0.683063 0 0 0 1
3 111 66 733.665 457.775 0.779756 698.48 459.773 0.741135 704.35 477.348 0.672057 680.804 510.654 0.798459 688.727 547.832 0.822616 694.511 436.305 0.616361 682.796 424.546 0.329497 0 0 0 655.439 508.76 0.614212 673.048 565.45 0.632352 667.227 618.205 0.763977 647.61 504.756 0.621989 665.187 553.71 0.521488 645.667 585.064 0.640931 729.828 448.051 0.773493 739.508 450.053 0.29008 718.015 446.049 0.734511 0 0 0 1
3 111 67 731.713 451.924 0.795678 696.574 457.818 0.749536 702.383 475.442 0.694325 678.926 508.682 0.819931 682.858 543.953 0.864384 690.657 434.376 0.660436 0 0 0 0 0 0 655.426 508.676 0.627871 674.959 561.543 0.63609 667.249 616.373 0.75856 647.579 500.899 0.6367 669.142 553.688 0.523511 647.653 586.9 0.694203 727.911 446.049 0.884594 735.64 446.113 0.139992 714.182 444.088 0.844953 0 0 0 1
3 111 68 729.762 448.097 0.819304 696.472 455.837 0.756251 696.516 473.412 0.675142 676.988 506.825 0.785822 682.832 543.886 0.850033 694.502 434.368 0.639056 710.171 448.063 0.0882009 0 0 0 651.593 508.722 0.636026 673.01 563.504 0.634237 667.187 616.356 0.776389 651.5 504.793 0.574608 676.929 555.629 0.586719 649.618 586.92 0.633564 727.828 444.17 0.882674 0 0 0 714.151 442.157 0.844797 0 0 0 1
3 111 69 727.749 444.171 0.956893 696.436 451.925 0.747881 692.58 459.77 0.604949 675.002 504.739 0.780648 680.875 538.098 0.897804 694.623 434.372 0.531095 708.242 489.129 0.11974 0 0 0 651.49 506.718 0.653151 669.128 563.447 0.616578 665.309 616.24 0.734226 663.281 504.804 0.518355 678.966 555.662 0.620645 657.417 588.88 0.532258 725.819 438.27 0.887563 727.892 442.176 0.0902274 710.292 434.344 0.85076 0 0 0 1
3 111 70 725.784 442.21 0.897779 694.529 446.111 0.772687 686.779 449.976 0.657738 674.951 496.965 0.767747 680.863 536.068 0.896618 696.515 440.213 0.536584 704.381 493.032 0.145848 0 0 0 655.455 506.796 0.63406 669.107 563.445 0.645451 667.194 616.284 0.699621 665.218 506.729 0.511045 678.861 555.677 0.581945 663.218 590.874 0.477628 723.854 434.348 0.848334 725.882 432.4 0.0740156 710.166 430.527 0.868801 0 0 0 1
3 111 71 718.035 442.161 0.906001 692.566 444.135 0.758432 682.855 444.184 0.743514 669.115 493.074 0.796644 678.946 532.191 0.913958 694.586 442.148 0.612057 698.491 481.308 0.0652637 0 0 0 659.343 506.782 0.686679 667.19 561.535 0.664041 667.234 616.301 0.703222 667.152 506.764 0.539 676.943 555.687 0.56503 661.317 588.928 0.456541 716.083 432.431 0.905618 721.979 440.195 0.125628 704.351 428.523 0.852487 0 0 0 1
3 111 72 714.161 438.229 0.895771 690.661 444.138 0.771437 680.83 442.205 0.793749 665.29 491.112 0.849839 678.857 528.265 0.975815 696.559 446.087 0.675014 698.509 489.158 0.176434 0 0 0 657.378 508.773 0.740888 667.215 563.489 0.691574 667.257 616.335 0.760584 678.842 510.676 0.634188 678.905 557.652 0.643613 655.435 586.921 0.596215 712.28 430.446 0.952494 714.179 432.419 0.152068 700.415 428.413 0.877998 0 0 0 1
3 111 73 712.2 432.386 0.911277 684.762 444.06 0.749424 676.986 442.185 0.814253 665.172 491.026 0.841854 678.821 524.415 0.983295 696.45 444.15 0.684352 698.471 483.286 0.137373 0 0 0 653.493 508.74 0.76956 667.202 563.455 0.688081 669.172 618.279 0.736747 676.991 510.613 0.675108 678.91 557.65 0.630436 655.461 586.9 0.545678 712.104 428.448 0.923538 712.18 430.378 0.183628 696.576 424.52 0.855762 0 0 0 1
3 111 74 710.254 428.47 0.948007 684.782 442.099 0.791949 675.016 438.28 0.795089 661.232 485.233 0.832485 676.922 522.371 0.981485 698.464 444.058 0.77465 696.557 481.317 0.284269 694.513 512.604 0.177009 653.502 508.686 0.754329 665.208 563.498 0.691137 667.249 618.246 0.737423 678.904 508.727 0.750846 680.881 557.69 0.745156 661.294 588.882 0.529872 708.28 420.685 0.863696 712.164 426.455 0.283183 694.529 416.753 0.889049 0 0 0 1
3 111 75 710.128 426.492 0.864091 682.841 434.368 0.822655 669.183 432.389 0.809377 657.421 479.392 0.792562 674.962 518.464 0.937373 696.609 440.192 0.787892 696.58 477.459 0.696706 692.626 508.66 0.451818 651.574 500.867 0.691456 665.191 553.667 0.742698 665.234 610.423 0.734996 678.88 504.729 0.718197 678.811 553.728 0.689941 661.319 588.941 0.530841 706.307 416.801 0.835037 710.183 418.734 0.20801 692.588 414.82 0.858806 0 0 0 1
3 111 76 704.354 422.582 0.818429 680.821 434.363 0.846662 665.202 438.227 0.830646 653.473 479.368 0.851066 673.052 516.492 0.910011 696.524 436.284 0.800913 696.555 475.404 0.332205 694.608 500.857 0.187368 653.448 504.742 0.769503 665.218 555.6 0.698169 665.303 614.378 0.773395 678.969 504.749 0.799846 678.946 553.758 0.749944 655.475 585.008 0.597012 698.541 414.852 0.876173 708.238 416.753 0.15858 684.776 414.744 0.874979 0 0 0 1
3 111 77 700.451 416.767 0.849362 678.898 432.46 0.878969 663.238 434.4 0.838669 649.593 477.419 0.915338 667.158 512.6 0.946296 694.592 434.372 0.842791 696.429 471.511 0.63228 696.468 491.129 0.50719 653.479 504.803 0.766136 663.276 553.739 0.710014 665.128 606.512 0.72552 678.871 506.636 0.803831 678.906 553.699 0.835887 663.285 592.801 0.59871 696.612 414.696 0.92802 700.465 414.743 0.213089 682.804 412.862 0.90912 0 0 0 1
3 111 78 698.511 414.764 0.88078 678.842 430.479 0.900978 661.246 430.545 0.851457 649.574 475.495 0.905835 663.335 508.787 1.0084 694.607 430.493 0.882562 696.433 461.835 0.803178 696.552 489.104 0.761548 649.49 493.103 0.793371 661.24 549.749 0.673961 663.269 602.593 0.735098 675.035 494.983 0.780414 678.866 545.89 0.800528 665.136 598.655 0.623303 696.513 412.718 0.897676 698.539 412.768 0.312535 680.932 412.716 0.872665 0 0 0 0
3 111 79 694.585 414.763 0.938565 678.807 430.424 0.905791 657.385 430.504 0.871167 647.544 475.372 0.92666 663.194 508.716 0.989598 696.456 430.41 0.90677 696.488 461.76 0.79997 700.474 483.268 0.65123 647.661 493.102 0.782394 655.449 547.819 0.67987 657.422 602.575 0.629287 674.956 494.989 0.789776 676.995 547.823 0.791941 663.288 600.63 0.669423 692.54 412.711 0.863805 696.582 410.916 0.699534 678.855 410.826 0.792479 0 0 0 0
3 111 80 694.568 412.738 0.922557 674.975 428.376 0.855163 651.576 428.502 0.890363 643.666 471.544 0.859653 657.396 506.716 0.91585 694.583 426.505 0.879683 696.532 459.745 0.722939 708.205 481.321 0.60361 649.5 494.974 0.770202 649.638 553.641 0.825999 651.54 606.516 0.707381 675.019 494.98 0.795549 674.96 553.63 0.781623 663.155 604.605 0.751534 690.665 404.989 0.81805 694.661 406.936 0.435639 676.992 403.063 0.810697 0 0 0 0
3 111 81 692.569 410.838 0.851876 674.951 426.489 0.843598 649.594 428.448 0.921564 635.882 467.604 0.886488 651.547 504.794 0.887409 696.45 424.524 0.864695 696.536 457.845 0.748285 704.372 479.385 0.675032 649.544 496.975 0.765787 649.52 551.769 0.831295 649.554 602.612 0.804402 676.961 496.947 0.790268 673.051 553.6 0.774897 661.268 600.609 0.758565 682.896 401.165 0.840661 694.475 401.127 0.66241 671.088 401.111 0.793694 0 0 0 0
3 111 82 686.761 408.918 0.829803 673.037 422.643 0.814403 649.489 426.514 0.898096 633.938 463.679 0.940503 647.685 500.883 0.897517 696.457 420.621 0.8619 694.603 457.785 0.755717 706.315 479.339 0.722992 649.585 494.983 0.784549 647.638 547.852 0.827746 647.567 602.59 0.848154 676.98 493.133 0.785893 669.135 547.807 0.767397 661.288 592.809 0.689487 680.911 401.102 0.908149 692.527 401.078 0.721216 667.166 399.242 0.84492 0 0 0 0
3 111 83 686.747 408.911 0.833298 673.038 422.64 0.815059 649.489 426.503 0.895981 633.937 463.667 0.943052 647.688 500.88 0.900502 696.456 420.63 0.863175 694.607 457.787 0.755401 706.317 479.34 0.723519 649.583 494.983 0.784345 647.642 547.851 0.829086 647.563 602.584 0.847575 676.976 493.139 0.787772 669.132 547.824 0.769437 661.279 592.819 0.685676 680.9 401.092 0.913586 692.527 401.077 0.739062 667.159 399.234 0.84948 0 0 0 0
3 111 84 684.775 406.97 0.859417 667.197 424.51 0.833316 645.657 424.591 0.860021 633.855 461.769 0.93518 647.497 496.945 0.889041 694.591 420.686 0.848968 696.534 457.788 0.803789 708.234 477.446 0.821875 647.614 493.102 0.781802 647.505 543.896 0.776858 639.822 600.572 0.744128 675.011 493.08 0.783537 665.318 542.025 0.816073 663.267 588.917 0.808149 680.804 399.228 0.942273 688.72 399.2 0.73307 665.222 399.166 0.906145 0 0 0 0
3 111 85 680.909 403.034 0.90712 665.321 422.614 0.861171 645.574 422.634 0.840466 631.999 461.712 0.977304 645.568 496.934 0.905691 694.53 420.685 0.848912 694.618 457.764 0.790681 708.28 477.436 0.818545 647.606 493.075 0.802748 639.783 542.018 0.774876 633.9 598.701 0.852551 676.889 493.107 0.775781 665.26 541.992 0.817988 661.306 587.04 0.828656 678.824 399.068 0.953942 684.772 399.081 0.880174 663.343 397.248 0.92565 0 0 0 0
3 111 86 678.955 399.238 0.947845 665.323 418.718 0.875706 641.722 420.671 0.833535 630.029 459.817 0.93928 635.904 493.144 0.912751 696.447 416.761 0.902989 696.633 451.924 0.793963 710.118 477.31 0.894017 645.687 492.993 0.814653 635.84 540.044 0.836166 631.979 590.905 0.854537 674.997 492.994 0.817035 665.153 540.024 0.9026 659.354 586.896 0.841803 674.97 397.181 0.913063 680.943 397.178 0.94036 663.212 397.189 0.910039 690.655 397.162 0.147998 0
3 111 87 678.809 399.135 0.96645 665.306 418.673 0.88461 639.77 418.72 0.826126 628.002 459.753 0.887942 632.042 495.051 0.878661 696.467 416.726 0.903409 698.504 453.945 0.812383 708.296 477.479 0.9206 645.608 491.085 0.806489 633.964 538.095 0.831738 626.052 588.902 0.819815 673.079 491.108 0.814299 663.338 539.946 0.878659 657.388 585.029 0.800321 669.107 397.089 0.911801 680.8 395.247 0.937054 659.374 397.155 0.878641 682.887 397.082 0.218295 0
3 111 88 676.96 399.087 0.957526 665.175 414.889 0.924357 635.896 416.755 0.867147 622.21 459.731 0.893704 629.993 495.011 0.885428 694.558 414.844 0.925972 696.536 453.933 0.83988 704.377 479.412 0.863173 643.708 491.132 0.825387 633.9 539.948 0.826046 618.302 590.866 0.832367 673.065 492.97 0.803861 663.331 540.026 0.873656 653.52 585.031 0.803074 667.218 395.224 0.899171 678.953 395.198 0.913789 657.38 395.238 0.839895 680.963 395.163 0.120065 0
3 111 89 669.111 397.243 0.936951 665.123 414.851 0.940791 633.996 414.802 0.927563 620.293 453.946 0.877256 624.159 492.992 0.887496 694.554 414.852 0.906552 698.498 451.976 0.830201 702.372 479.4 0.908624 637.872 489.142 0.801256 630.017 537.997 0.823912 616.298 588.877 0.832826 669.123 491.068 0.831033 663.272 539.919 0.875528 657.367 585.061 0.801659 665.151 393.28 0.924673 676.933 395.146 0.900192 651.585 395.176 0.848076 680.854 395.21 0.465091 0
3 111 90 665.268 397.229 0.991069 663.281 414.731 0.94803 633.89 414.721 0.949068 620.177 451.927 0.900718 620.254 491.031 0.908618 694.473 414.71 0.898689 700.425 450.032 0.817641 700.434 481.287 0.890421 635.91 487.142 0.797146 626.111 536.019 0.809769 612.353 586.893 0.84885 667.192 490.979 0.852791 663.18 538.115 0.876823 657.396 586.92 0.829922 663.199 393.243 0.905329 673.004 393.269 0.852702 649.63 391.325 0.850823 678.977 393.255 0.483914 0
3 111 91 665.151 397.154 0.999617 663.184 414.693 0.927431 632.008 412.898 0.932314 618.206 448.019 0.940889 618.293 487.208 0.960818 692.534 412.867 0.875019 700.479 448.015 0.841675 698.549 479.421 0.924153 637.811 487.169 0.797723 629.929 530.251 0.761995 614.344 583.043 0.776041 669.103 489.166 0.833657 663.226 538.062 0.875011 653.491 585.032 0.793394 661.245 391.27 0.870532 667.233 391.291 0.860878 647.682 389.385 0.85675 678.893 391.331 0.431266 0
3 111 92 661.337 397.118 0.950791 661.242 412.904 0.906432 631.88 412.868 0.909232 616.329 446.183 0.939761 618.217 483.249 0.942492 688.683 412.875 0.862489 698.504 448.04 0.851432 696.596 479.387 0.952962 633.948 481.319 0.826773 620.207 528.243 0.812321 608.483 575.198 0.817583 665.32 487.204 0.834691 663.154 537.995 0.870861 653.448 585.031 0.836925 653.489 389.349 0.851158 665.196 389.346 0.910471 647.502 389.319 0.836172 674.952 387.442 0.631229 0
3 111 93 661.264 397.058 0.917766 655.459 414.696 0.889954 627.999 414.695 0.872413 616.226 448.093 0.904125 616.323 481.282 0.937521 684.818 412.896 0.865992 698.514 448.004 0.86076 696.565 481.272 0.97208 632.008 483.237 0.819243 618.244 526.373 0.818865 606.569 573.291 0.816101 665.248 489.143 0.876461 661.307 538.075 0.87044 651.568 586.876 0.842117 651.53 387.394 0.877578 663.35 387.372 0.92697 645.595 387.378 0.853717 669.185 385.463 0.573339 0
3 111 94 659.312 395.21 0.875395 651.521 412.823 0.926525 620.293 412.771 0.887757 614.383 448.009 0.889591 616.231 483.223 0.912193 682.801 412.784 0.887221 696.549 448.023 0.877169 694.506 481.357 0.938446 631.969 481.334 0.807758 616.292 520.422 0.800472 606.571 569.375 0.838073 665.219 489.103 0.853799 663.19 537.946 0.820572 653.465 585.018 0.836743 649.624 385.493 0.902885 663.247 385.47 0.918625 639.783 385.484 0.846998 665.338 383.571 0.407156 0
3 111 95 651.534 393.269 0.884411 649.576 412.765 0.9408 620.199 410.855 0.876711 614.344 446.045 0.892965 612.372 477.371 0.893278 680.815 412.778 0.936804 694.521 446.186 0.926852 692.538 483.245 0.896645 631.872 479.381 0.803496 616.258 518.496 0.803083 604.576 569.241 0.851018 663.344 485.219 0.845186 659.374 536.106 0.813705 651.544 585.001 0.865099 647.643 385.411 0.939627 659.367 383.592 0.887794 635.892 385.451 0.870073 665.134 383.577 0.543772 0
3 111 96 649.576 393.273 0.917581 647.699 410.896 0.924271 618.234 408.91 0.898139 610.463 444.193 0.858545 604.6 475.502 0.905982 678.935 412.755 0.926724 690.686 448.081 0.879492 682.885 483.299 0.91113 622.205 479.418 0.799458 614.297 518.501 0.773503 604.627 565.42 0.826479 659.366 487.157 0.78708 659.309 536.01 0.774415 651.579 584.93 0.814202 647.501 385.411 0.91151 655.403 385.401 0.869775 633.935 383.584 0.906517 663.229 383.514 0.52153 0
3 111 97 647.54 389.341 0.905402 647.514 410.888 0.889223 616.339 408.938 0.889558 608.45 444.204 0.845103 600.721 475.342 0.947134 676.908 412.758 0.879766 684.786 448.073 0.861834 680.825 485.212 0.968439 618.31 477.472 0.866207 610.453 520.453 0.773901 604.618 563.509 0.81612 651.535 483.262 0.810954 651.547 532.156 0.807195 653.472 584.929 0.833384 639.786 383.497 0.898906 649.602 383.489 0.96264 631.948 383.558 0.894182 659.306 383.511 0.668064 0
3 111 98 643.648 387.417 0.845508 643.73 410.844 0.856771 616.253 408.875 0.884096 604.56 442.173 0.862219 600.581 471.522 0.916621 673.016 412.732 0.849579 682.896 448.104 0.853428 678.867 485.237 0.930045 618.257 479.327 0.864149 606.562 520.462 0.777491 608.445 565.393 0.819492 651.501 485.241 0.806126 651.493 530.232 0.809939 653.458 584.944 0.864194 634.006 383.462 0.939197 647.615 383.431 0.954977 629.947 383.522 0.866694 651.533 381.586 0.670118 0
3 111 99 635.85 387.358 0.90296 637.812 410.836 0.864663 614.29 406.979 0.851746 602.558 442.175 0.911988 592.8 467.638 0.876841 665.273 410.898 0.898784 680.806 448.086 0.908287 665.288 490.98 0.904124 618.25 479.325 0.886379 604.596 512.643 0.796378 606.566 559.581 0.82958 649.64 483.248 0.837171 649.537 526.291 0.840773 653.493 584.938 0.820431 632.004 383.404 0.976348 643.698 383.396 0.910125 622.189 383.48 0.848475 649.512 383.398 0.779945 0
3 111 100 633.864 383.564 0.961691 633.923 410.847 0.928039 608.459 408.869 0.852506 600.651 444.047 0.938264 587.064 465.623 0.908699 663.245 410.902 0.917103 676.911 448.033 0.899788 663.288 487.157 0.92431 616.366 479.358 0.87356 604.555 514.574 0.78627 610.422 561.492 0.835153 649.481 481.342 0.807498 647.67 524.407 0.836878 653.483 584.926 0.813741 630.003 381.495 0.933812 637.844 381.51 0.916201 618.321 381.575 0.90838 647.577 381.541 0.841177 0
3 111 101 628.074 383.481 0.944072 631.99 406.961 0.91117 602.712 401.147 0.885856 600.548 440.227 0.887094 585.074 463.694 0.949 661.273 410.846 0.869574 669.149 446.194 0.875019 655.445 487.185 0.866736 612.388 479.319 0.842502 604.537 520.365 0.817511 614.273 563.445 0.86296 643.66 481.296 0.767673 645.632 524.357 0.828774 651.584 582.971 0.796144 620.237 381.445 0.941769 632.03 381.415 0.95136 616.294 381.565 0.731583 641.718 381.462 0.863104 0
3 111 102 624.17 383.41 0.929101 630.031 404.985 0.883437 602.597 401.056 0.920114 598.634 436.316 0.875403 585.039 461.837 0.959807 653.521 410.794 0.834425 665.155 446.135 0.924134 649.607 483.272 0.902593 608.512 479.311 0.839427 602.655 522.314 0.811255 614.34 565.379 0.845471 637.838 481.342 0.776541 641.728 524.452 0.81442 649.614 582.978 0.817688 618.315 379.554 0.936307 631.91 379.535 0.929427 614.325 381.45 0.781411 635.918 379.601 0.831538 0
3 111 103 618.254 381.534 0.99185 628.023 401.113 0.88256 602.53 399.144 0.967365 590.878 434.334 0.876505 581.043 461.716 0.930914 651.486 406.948 0.824703 661.293 446.162 0.882623 645.579 483.272 0.896712 606.514 477.392 0.857588 602.603 512.615 0.767047 612.417 559.581 0.858007 637.791 479.33 0.782055 645.617 524.292 0.781013 649.645 581.096 0.83217 616.241 375.686 0.915693 624.114 377.57 0.856375 610.41 379.542 0.34735 633.883 379.5 0.875542 0
3 111 104 614.379 381.464 0.951306 622.174 399.24 0.89049 600.678 397.222 0.970607 588.986 430.467 0.908915 575.26 459.78 0.939136 647.683 406.933 0.850654 653.506 446.088 0.899062 637.87 479.368 0.895287 604.534 475.479 0.880992 602.634 520.427 0.828095 614.357 561.545 0.841998 633.903 475.497 0.819076 635.876 522.371 0.831747 647.633 575.184 0.831185 610.426 373.688 0.863559 618.275 375.625 0.907158 604.635 371.761 0.14573 631.936 377.614 0.847934 0
3 111 105 606.496 379.507 0.89676 620.182 401.071 0.902912 600.587 397.257 0.958673 588.928 430.501 0.915904 573.293 457.859 0.925085 647.565 408.867 0.825371 649.477 446.127 0.928895 633.851 477.494 0.911951 602.595 477.333 0.901598 602.695 522.448 0.792117 614.347 563.459 0.814593 631.999 477.369 0.821059 633.982 524.403 0.858111 647.56 581.108 0.817402 602.69 369.832 0.827307 614.37 371.706 0.88556 0 0 0 628.036 375.656 0.826743 0
3 111 106 602.551 375.648 0.914747 618.191 399.096 0.974815 598.619 395.243 0.893039 587.028 430.424 0.923413 573.238 453.937 0.890428 641.713 403.074 0.799696 645.617 446.106 0.90102 624.138 477.409 0.901192 600.738 475.364 0.898638 602.697 522.428 0.814463 614.371 563.464 0.800215 630.022 475.418 0.819301 632.011 524.334 0.878308 647.51 583.024 0.789624 600.672 367.899 0.762708 606.524 369.764 0.879329 0 0 0 620.259 371.783 0.823582 0
3 111 107 600.577 371.73 0.893053 616.26 397.231 0.959549 592.846 395.166 0.855073 586.899 428.55 0.922308 571.331 451.982 0.898834 635.86 401.101 0.841652 639.811 444.216 0.886694 620.202 475.377 0.876104 600.7 473.508 0.876218 602.696 522.35 0.798753 614.314 563.496 0.807855 628.04 475.339 0.772216 631.92 522.441 0.847918 643.694 579.098 0.731466 598.69 367.824 0.683151 602.641 367.838 0.96677 0 0 0 618.223 369.746 0.943797 0
3 111 108 592.82 369.817 0.885417 614.378 397.147 0.945751 590.877 393.231 0.870001 586.964 428.523 0.911102 571.376 449.995 0.948251 633.92 399.178 0.895014 635.864 444.108 0.882965 616.273 469.584 0.861336 600.674 471.54 0.869344 604.532 522.323 0.787497 616.229 563.486 0.802283 624.123 473.468 0.769226 620.211 522.38 0.803314 639.742 571.299 0.750787 590.854 367.742 0.509043 600.607 367.766 0.970517 0 0 0 616.239 367.875 0.944473 0
3 111 109 588.935 367.908 0.919567 612.426 397.109 0.910087 590.893 393.235 0.867168 586.97 428.437 0.836582 571.327 446.145 0.967148 631.921 399.091 0.915987 632.042 442.166 0.893508 610.459 471.498 0.817375 600.666 469.556 0.854602 602.68 516.554 0.755175 614.302 561.536 0.792795 622.152 471.517 0.781193 620.25 520.423 0.785084 633.883 571.329 0.84425 587.081 365.888 0.418483 598.656 365.914 0.909428 0 0 0 614.3 367.8 0.915562 0
3 111 110 586.929 367.743 0.971099 608.447 395.188 0.880032 588.952 391.302 0.857935 586.975 428.517 0.858163 571.346 448.071 0.964114 626.082 397.17 0.851152 629.999 438.289 0.806768 602.59 465.641 0.836068 600.703 465.639 0.808958 604.568 514.546 0.705239 614.288 559.594 0.76925 622.195 467.588 0.768607 620.252 518.507 0.748948 631.848 571.246 0.814814 586.963 365.741 0.249947 590.868 365.762 0.860794 0 0 0 604.605 365.938 0.897732 0
3 111 111 585.026 365.884 0.966092 602.697 395.2 0.939549 587.023 393.239 0.897617 587.049 428.548 0.804042 571.353 446.162 0.985216 620.206 397.144 0.885023 624.121 440.199 0.774595 600.694 463.749 0.830452 600.718 465.683 0.807294 602.713 518.447 0.729139 616.239 565.404 0.749348 620.224 467.612 0.789245 618.302 520.452 0.780347 626.123 571.352 0.800156 585.024 363.859 0.325725 587.05 363.834 0.885082 0 0 0 602.624 365.856 0.943921 0
3 111 112 583.008 365.856 0.916726 602.615 395.24 0.946138 587.039 395.153 0.869659 586.959 428.494 0.714704 571.274 446.092 0.961718 618.184 397.135 0.890112 618.266 442.127 0.849993 592.825 465.634 0.808388 602.593 465.632 0.827433 602.665 516.547 0.748759 614.305 565.445 0.656048 618.354 465.682 0.801014 616.305 520.394 0.781849 618.268 571.36 0.82059 584.943 361.965 0.106976 585.083 361.928 0.881867 0 0 0 600.604 365.848 0.934395 0
3 111 113 577.168 365.854 0.886605 600.682 393.293 0.861739 586.977 391.304 0.813757 585.048 426.537 0.651367 571.301 444.127 0.864181 614.285 395.225 0.813311 616.325 434.347 0.807643 590.845 465.625 0.827697 606.525 461.671 0.717706 606.493 510.645 0.646113 614.359 559.572 0.619912 620.255 461.766 0.7888 612.394 512.621 0.739053 616.231 569.27 0.732917 575.244 363.844 0.108651 584.905 361.909 0.837496 0 0 0 598.61 365.838 0.899349 0
3 111 114 573.307 365.859 0.916074 598.707 391.282 0.818061 585.076 391.334 0.836922 585.023 428.528 0.771838 571.271 446.087 0.878742 606.562 391.27 0.785332 610.448 434.386 0.734237 585.05 467.569 0.805374 602.639 459.736 0.772496 604.546 508.686 0.650671 616.201 557.654 0.645018 618.235 459.775 0.801192 602.697 508.775 0.776608 606.535 567.417 0.69534 573.266 363.916 0.15782 581.048 361.914 0.81533 0 0 0 590.855 365.767 0.876371 0
3 111 115 571.396 365.896 0.963184 596.766 391.332 0.811065 585.036 393.263 0.826057 584.895 428.459 0.673806 569.386 444.16 0.868253 604.543 391.303 0.798646 604.636 432.408 0.780926 584.923 465.639 0.780567 602.685 459.81 0.731553 602.686 508.69 0.692834 614.381 555.703 0.744783 616.316 461.704 0.820578 602.639 508.763 0.81524 604.613 559.583 0.753957 571.45 363.871 0.091179 577.17 361.95 0.839193 0 0 0 588.92 365.829 0.912864 0
3 111 116 571.307 365.865 0.965608 594.791 391.299 0.806383 584.977 393.228 0.815333 584.937 428.5 0.64022 569.396 444.143 0.833338 602.65 391.3 0.81953 602.591 436.307 0.812888 579.125 463.729 0.789118 602.648 461.723 0.712839 610.421 510.615 0.689651 616.297 557.585 0.815052 614.375 461.82 0.801776 598.683 510.673 0.809917 590.855 565.435 0.772604 571.38 363.843 0.16319 573.328 361.915 0.837386 0 0 0 587.039 365.777 0.884954 0
3 111 117 569.268 365.895 0.916466 590.847 389.364 0.80948 583.058 391.28 0.778589 579.095 426.512 0.539204 567.431 444.099 0.781216 600.682 391.303 0.796705 600.596 438.286 0.780254 573.312 465.67 0.785735 602.645 461.709 0.680105 604.553 508.733 0.689673 616.228 555.718 0.831248 614.285 461.813 0.761056 596.719 508.772 0.771221 588.977 557.636 0.763893 0 0 0 571.253 361.938 0.862832 0 0 0 584.966 365.846 0.924604 0
3 111 118 563.512 365.918 0.900992 587.068 393.288 0.807435 584.964 391.331 0.707371 573.254 428.549 0.39757 565.461 444.166 0.542743 594.782 397.088 0.760769 594.804 438.276 0.762448 571.362 465.64 0.886617 604.612 461.754 0.650509 604.59 508.734 0.714482 614.306 555.742 0.808465 606.555 463.686 0.733581 588.888 508.753 0.836152 585.016 555.69 0.816421 0 0 0 569.306 361.948 0.867578 0 0 0 582.977 365.864 0.915487 0
3 111 119 559.57 365.903 0.913694 586.911 391.28 0.835954 577.175 389.38 0.735662 569.303 428.505 0.456904 561.535 449.975 0.468573 592.814 393.267 0.720179 588.909 434.362 0.8212 569.381 465.682 0.884484 604.57 461.744 0.605278 604.631 508.704 0.730345 614.33 555.751 0.811718 602.553 463.667 0.770261 584.95 508.68 0.819859 573.315 555.623 0.840162 0 0 0 567.326 361.911 0.818249 0 0 0 577.193 365.79 0.867965 0
3 111 120 555.759 365.953 0.957064 585.066 389.317 0.80744 581.092 387.392 0.676032 569.23 426.493 0.174258 0 0 0 588.891 393.206 0.730547 586.982 434.337 0.863622 569.281 463.73 0.902203 606.513 459.779 0.641501 604.602 506.811 0.841348 616.299 559.549 0.872416 600.69 461.736 0.793827 581.065 506.747 0.814046 569.329 553.673 0.891236 0 0 0 559.621 361.946 0.825065 0 0 0 573.257 365.785 0.857439 0
3 111 121 555.626 367.779 0.96866 584.922 389.319 0.818425 584.974 385.457 0.646194 563.439 428.436 0.147486 0 0 0 583.049 395.169 0.672596 585.042 436.29 0.793847 567.362 465.617 0.856396 602.638 461.696 0.660284 604.555 508.654 0.858764 616.237 557.571 0.906183 594.8 463.672 0.740467 575.187 506.818 0.847522 565.454 553.657 0.846511 0 0 0 557.617 363.888 0.851898 0 0 0 571.273 365.81 0.859074 0
3 111 122 553.674 367.761 0.858041 583.009 387.426 0.779713 588.947 385.442 0.696249 608.452 426.467 0.253527 614.374 459.689 0.212384 575.221 395.229 0.693482 585.015 434.352 0.778367 567.353 463.753 0.818628 602.665 461.696 0.740761 602.698 508.75 0.861115 614.368 557.646 0.86759 587.03 463.717 0.782723 571.386 508.702 0.864733 555.732 555.594 0.878169 0 0 0 555.607 363.858 0.817649 0 0 0 567.429 365.853 0.882068 0
3 111 123 551.659 367.758 0.832267 573.333 389.35 0.771129 565.454 393.24 0.627907 0 0 0 0 0 0 584.986 387.424 0.709818 583.072 432.384 0.745448 559.622 461.828 0.784159 600.596 461.684 0.642035 602.664 508.779 0.835048 614.368 557.652 0.851234 587.059 463.667 0.742162 571.22 508.781 0.844989 553.758 555.642 0.915243 0 0 0 553.671 363.891 0.826744 0 0 0 565.425 365.787 0.831231 0
3 111 124 542.039 367.8 0.849481 571.279 393.211 0.817693 557.635 395.219 0.657319 555.597 430.454 0.291572 0 0 0 581.09 389.382 0.669584 573.233 438.234 0.774841 553.725 463.681 0.855092 596.715 461.759 0.603103 600.718 510.664 0.820138 616.208 559.567 0.821234 586.899 463.739 0.744553 569.357 508.756 0.828346 553.668 555.581 0.926939 0 0 0 549.771 365.764 0.786247 0 0 0 559.538 365.859 0.825642 0
3 111 125 540.053 367.786 0.872657 569.384 391.316 0.787022 571.313 387.404 0.534314 553.672 430.417 0.168548 0 0 0 571.318 393.257 0.610968 569.381 438.236 0.770479 551.72 463.745 0.831971 596.709 463.667 0.634798 600.694 510.669 0.83116 614.325 559.579 0.822399 583.062 465.691 0.688272 567.343 510.674 0.775762 553.598 555.612 0.895523 0 0 0 543.882 363.927 0.79341 0 0 0 555.646 365.83 0.856242 0
3 111 126 538.016 367.762 0.301619 567.344 387.437 0.83907 582.97 383.485 0.827902 596.762 426.454 0.322876 598.692 457.791 0.294633 549.811 397.09 0.780965 559.601 436.327 0.711351 549.787 461.842 0.805975 592.865 461.711 0.755952 600.599 510.662 0.846794 614.383 559.588 0.823657 571.322 465.654 0.736142 561.546 510.688 0.777411 553.599 555.579 0.909938 0 0 0 538.096 363.93 0.398151 567.382 360.001 0.126395 542.034 365.847 0.910922 0
3 111 127 536.031 365.884 0.271034 557.665 389.329 0.838272 577.141 383.508 0.828558 592.801 420.645 0.508657 598.732 455.852 0.449428 540.082 397.126 0.839423 555.594 436.336 0.745155 543.891 461.805 0.748442 588.896 461.793 0.764494 594.805 510.696 0.801508 614.302 557.641 0.840079 567.42 469.567 0.709094 557.646 510.725 0.771637 553.598 555.586 0.920681 0 0 0 537.928 363.827 0.346428 557.61 361.941 0.163563 540.009 365.765 0.917773 0
3 111 128 0 0 0 555.727 387.392 0.889646 575.235 383.427 0.853168 588.939 418.741 0.67101 596.749 450.01 0.574177 538.081 397.075 0.846195 541.978 434.337 0.705475 542.003 459.793 0.676824 585.053 459.804 0.80885 588.926 506.778 0.853965 606.574 553.756 0.863819 557.68 463.715 0.753874 555.755 508.713 0.815149 553.633 555.591 0.929879 0 0 0 0 0 0 557.587 356.06 0.456071 537.975 363.932 0.844344 0
3 111 129 526.283 365.937 0.0961971 555.641 385.449 0.903792 573.241 381.572 0.852716 587.009 418.684 0.386218 588.95 450.012 0.265909 538.063 395.185 0.797532 539.991 432.381 0.649437 539.943 453.938 0.477815 584.988 459.725 0.79947 586.955 506.672 0.864043 604.634 553.674 0.870786 557.595 461.818 0.770293 555.688 508.727 0.829929 553.67 555.634 0.91257 0 0 0 0 0 0 555.626 354.186 0.339303 536.016 363.931 0.825519 0
3 111 130 524.295 365.895 0.13276 553.744 383.551 0.882594 569.404 381.531 0.843546 586.911 414.841 0.431732 590.877 446.15 0.306085 538.098 393.238 0.734936 540.074 430.45 0.623839 534.097 451.932 0.539514 582.98 457.765 0.747545 583.001 504.77 0.774898 602.629 549.737 0.817928 557.59 459.849 0.757685 555.717 506.766 0.831102 553.698 555.603 0.878814 0 0 0 524.291 361.962 0.186246 553.796 352.302 0.277337 530.187 363.909 0.763962 0
3 111 131 524.284 365.887 0.13884 553.741 383.543 0.8804 569.382 381.524 0.837684 585.07 414.822 0.369999 590.88 446.165 0.235555 539.925 393.228 0.729721 540.092 430.44 0.629456 534.081 451.935 0.563724 582.974 455.882 0.745102 582.988 504.753 0.76942 602.623 549.736 0.822984 557.598 459.83 0.755351 555.716 506.742 0.82868 553.704 555.599 0.877396 0 0 0 524.29 361.967 0.195353 553.788 352.299 0.270347 530.191 363.913 0.766831 0
3 111 132 522.489 365.922 0.0928387 551.718 383.442 0.836896 569.265 379.573 0.772084 582.981 410.843 0.116292 0 0 0 534.125 387.421 0.682469 536.059 426.497 0.504527 534.102 446.171 0.361912 581.048 453.892 0.720723 571.357 504.734 0.810481 600.679 543.918 0.827426 555.634 459.717 0.750061 555.617 506.752 0.820115 553.765 555.574 0.877459 0 0 0 522.493 361.95 0.133037 553.592 352.236 0.283124 526.269 361.975 0.70101 0
3 111 133 0 0 0 543.961 381.536 0.800929 565.405 377.578 0.696173 575.238 406.942 0.167458 0 0 0 526.352 385.441 0.697486 524.421 418.707 0.434661 526.356 446.089 0.241634 571.377 448.026 0.727775 567.425 495.045 0.687742 587.04 538.016 0.739025 549.767 451.975 0.668304 553.704 502.84 0.755548 555.621 553.725 0.778783 0 0 0 0 0 0 549.757 352.144 0.358218 524.305 359.99 0.613833 0
3 111 134 0 0 0 540.118 379.579 0.850049 561.538 369.84 0.72374 577.16 401.136 0.115774 0 0 0 524.309 385.418 0.790591 524.365 428.457 0.444815 524.288 446.109 0.309666 573.27 448.031 0.758895 569.26 495.058 0.745543 585.067 538.108 0.854066 549.793 455.878 0.700202 551.77 504.721 0.787971 555.622 553.713 0.873757 0 0 0 0 0 0 541.984 350.225 0.370603 522.328 356.083 0.632628 0
3 111 135 0 0 0 539.964 381.414 0.910929 559.562 371.75 0.798141 571.377 401.081 0.164136 0 0 0 520.461 383.586 0.792895 522.397 416.772 0.394796 524.352 444.114 0.205588 571.253 444.184 0.784691 561.526 493.068 0.719199 579.13 538.061 0.771922 541.931 448.097 0.729536 547.835 498.902 0.755677 553.759 553.651 0.827498 0 0 0 0 0 0 540.072 350.248 0.514045 520.43 356.09 0.666135 0
3 111 136 0 0 0 538.084 381.418 0.921814 557.645 369.852 0.81316 571.314 404.978 0.161084 0 0 0 518.442 385.434 0.775965 512.598 436.329 0.589888 520.384 446.044 0.27189 571.26 446.029 0.808412 559.565 493.096 0.705811 571.226 538.055 0.810623 540.075 455.821 0.746948 543.938 500.85 0.759899 553.732 551.772 0.848101 0 0 0 0 0 0 539.996 350.153 0.586435 516.537 354.164 0.627117 0
3 111 137 0 0 0 538.017 379.566 0.905886 555.731 367.907 0.83193 571.275 401.105 0.151742 0 0 0 514.593 385.461 0.76197 508.782 440.192 0.718379 0 0 0 569.399 446.042 0.777551 557.584 497 0.657674 557.666 547.825 0.641385 540.083 453.937 0.718051 542 500.852 0.755864 553.677 553.643 0.80829 0 0 0 0 0 0 538.09 348.279 0.508969 510.698 354.108 0.604412 0
3 111 138 0 0 0 536.06 379.522 0.838949 555.609 367.904 0.786 569.404 401.068 0.156913 0 0 0 510.681 385.401 0.757319 508.679 440.176 0.746384 508.788 430.483 0.24214 569.39 444.176 0.739348 555.719 500.841 0.539278 555.633 549.738 0.425591 540.013 455.845 0.716414 541.993 504.746 0.729109 553.688 555.586 0.814813 0 0 0 0 0 0 537.941 348.304 0.371467 508.746 352.22 0.576849 0
3 111 139 0 0 0 528.262 379.492 0.849443 553.668 367.887 0.854371 569.345 395.201 0.3122 0 0 0 506.793 383.567 0.875155 506.723 436.279 0.791142 0 0 0 569.339 442.112 0.748603 555.599 495.01 0.336428 551.739 543.913 0.223441 538.114 449.976 0.747354 541.952 502.805 0.815251 553.624 553.773 0.885152 0 0 0 0 0 0 530.241 350.092 0.467764 506.779 352.285 0.749386 0
3 111 140 0 0 0 526.331 377.639 0.848374 551.758 367.885 0.818763 569.368 391.316 0.411248 0 0 0 506.749 383.572 0.858548 504.789 432.435 0.741142 510.628 446.176 0.380701 567.386 444.064 0.733816 547.812 496.997 0.465132 541.933 542.008 0.49424 538.035 451.943 0.73255 540.056 502.798 0.778538 551.728 553.735 0.814697 0 0 0 0 0 0 526.279 350.096 0.422601 506.681 354.109 0.80276 0
3 111 141 0 0 0 524.39 377.596 0.868858 549.762 367.91 0.779917 569.308 389.38 0.48343 540.027 412.831 0.106542 504.811 383.484 0.82465 496.993 432.401 0.681446 508.663 444.121 0.28966 563.482 444.081 0.729385 539.989 498.928 0.585116 538.056 539.96 0.575371 536.048 450.039 0.675709 540.002 500.838 0.727493 553.699 553.693 0.82926 0 0 0 0 0 0 524.368 350.121 0.39731 504.753 352.251 0.74484 0
3 111 142 492.962 354.21 0.217743 524.308 377.594 0.886998 547.813 367.916 0.804615 569.331 393.224 0.479252 559.584 428.398 0.0701625 502.85 383.435 0.812366 493.135 432.358 0.72305 502.837 444.105 0.333175 557.589 444.053 0.779438 538.062 493.03 0.598637 524.451 522.361 0.608451 528.252 448.056 0.702592 539.923 493.116 0.737782 553.668 553.662 0.82475 0 0 0 493.035 352.133 0.301188 524.258 350.142 0.297466 502.783 352.197 0.795241 0
3 111 143 491.106 356.108 0.11958 522.432 379.489 0.905056 543.896 367.891 0.826504 569.293 389.39 0.555148 561.528 426.47 0.0842349 498.946 383.511 0.805677 493.038 432.424 0.807851 502.856 446.075 0.38758 555.627 444.052 0.788908 534.094 491.026 0.519471 520.464 520.388 0.664235 526.272 449.974 0.727762 538.079 493.031 0.787979 553.622 553.668 0.846593 0 0 0 491.075 352.128 0.199012 520.457 348.253 0.327674 493.148 352.199 0.860981 0
3 111 144 490.997 361.897 0.0874465 520.457 375.64 0.857332 540.065 367.79 0.846853 569.257 387.413 0.624719 555.632 414.821 0.112349 494.998 381.603 0.847237 491.178 430.429 0.833209 495.066 444.169 0.474053 553.755 438.288 0.752566 528.248 489.086 0.545238 514.586 508.737 0.658047 524.385 446.114 0.772635 536.085 491.141 0.800313 553.615 553.638 0.844252 0 0 0 490.965 352.31 0.136232 514.582 348.229 0.355691 492.97 352.273 0.815414 0
3 111 145 487.154 363.872 0.0927278 516.495 371.772 0.815362 538.044 365.878 0.839653 565.413 383.539 0.56739 555.626 412.767 0.122955 493.05 381.587 0.887312 491.039 430.453 0.80865 495.02 444.123 0.466663 555.698 432.455 0.761997 526.342 487.163 0.486245 512.585 506.699 0.531804 526.284 446.041 0.753345 534.152 491.119 0.723202 553.651 553.703 0.823416 0 0 0 489.034 354.229 0.135625 508.756 348.278 0.384517 491.042 354.181 0.844154 0
3 111 146 479.389 361.928 0.156676 512.576 369.833 0.840653 536.081 365.827 0.813919 561.514 383.558 0.56041 553.75 412.789 0.114058 492.968 381.494 0.883872 489.169 430.404 0.730916 491.137 444.085 0.481858 553.729 430.522 0.745427 528.26 477.459 0.406299 510.615 506.648 0.499286 524.401 444.104 0.724822 526.372 487.155 0.66289 553.615 553.621 0.73484 0 0 0 479.38 354.114 0.214819 508.583 348.265 0.304126 489.093 352.279 0.812432 0
3 111 147 477.382 356.144 0.2888 510.698 371.772 0.839892 538.041 365.903 0.876549 557.688 389.327 0.564451 0 0 0 491.031 381.569 0.899701 487.148 434.319 0.765855 493.04 442.133 0.250036 553.771 438.283 0.712977 522.409 489.094 0.229862 506.774 506.735 0.419192 524.295 450.012 0.727431 524.442 495.035 0.758034 551.745 553.767 0.831384 0 0 0 477.404 352.205 0.385082 508.577 348.262 0.23158 489.086 352.208 0.881396 0
3 111 148 475.513 354.205 0.421669 508.749 371.762 0.889908 536.068 365.925 0.880888 555.714 387.426 0.484443 0 0 0 489.125 381.532 0.881082 479.421 432.41 0.787834 487.129 440.228 0.344228 547.851 442.197 0.677909 524.337 491.019 0.42796 551.711 541.976 0.295263 520.403 453.906 0.71337 522.39 495.032 0.697733 551.763 553.655 0.730434 0 0 0 477.311 352.111 0.508754 506.785 346.285 0.171722 485.199 352.097 0.870343 0
3 111 149 475.44 352.257 0.471654 506.813 367.877 0.940107 532.137 365.769 0.807678 553.761 387.405 0.547452 541.96 401.148 0.0614036 485.195 377.589 0.826742 477.474 428.538 0.811518 481.301 438.276 0.456671 538.112 442.16 0.726398 520.402 492.998 0.599412 541.977 541.97 0.397224 512.656 448.048 0.74234 518.499 495.027 0.701272 549.769 551.674 0.736799 0 0 0 475.468 350.225 0.533845 506.641 338.446 0.146338 481.329 350.162 0.879613 0
3 111 150 475.344 352.14 0.468645 506.748 367.741 0.931517 528.23 361.968 0.75522 551.691 385.439 0.500862 0 0 0 485.233 371.742 0.806296 477.449 424.535 0.755175 479.401 436.277 0.505302 536.097 436.315 0.68239 510.621 489.148 0.61064 506.762 510.732 0.490514 508.805 444.191 0.783866 510.735 491.077 0.697561 542.02 539.998 0.788853 0 0 0 475.366 348.284 0.51137 504.691 336.538 0.100579 479.356 348.177 0.859758 0
3 111 151 471.51 350.235 0.266106 502.814 363.936 0.866305 522.469 354.174 0.821379 547.802 383.476 0.520723 530.212 408.911 0.0615244 477.439 367.86 0.903794 477.36 420.637 0.81359 475.401 430.47 0.570312 537.951 436.276 0.702081 510.712 491.138 0.622686 535.997 536.043 0.48486 508.757 446.021 0.815326 508.734 494.97 0.719385 540.057 538.069 0.79763 0 0 0 471.466 344.386 0.309214 493.13 334.59 0.198074 475.488 342.379 0.869228 0
3 111 152 465.683 348.21 0.326763 498.926 361.928 0.819294 522.368 352.297 0.82901 541.943 381.534 0.411687 532.16 401.133 0.0560351 477.368 365.92 0.925818 475.435 416.738 0.805261 473.475 428.417 0.476488 532.159 430.507 0.75801 510.685 489.079 0.701862 528.253 532.172 0.55158 506.727 440.223 0.76338 506.687 491.089 0.737115 538.018 536.026 0.755783 0 0 0 465.699 338.525 0.383267 493.082 334.522 0.143697 475.429 338.459 0.859391 0
3 111 153 461.841 342.399 0.334441 495.022 359.986 0.844132 520.455 352.206 0.856563 540.103 377.607 0.687949 526.301 395.164 0.156811 475.449 365.913 0.922694 473.459 414.795 0.769699 471.507 426.538 0.397084 530.214 428.484 0.783541 514.596 481.309 0.687331 524.385 530.205 0.566266 502.83 436.28 0.723051 504.725 489.103 0.708774 530.245 530.221 0.721219 0 0 0 461.845 336.523 0.414965 493.02 334.449 0.182473 475.345 336.496 0.890611 0
3 111 154 461.787 338.516 0.428536 493.136 356.117 0.876352 520.393 350.304 0.858188 539.971 371.791 0.604352 510.675 397.101 0.0793339 475.367 365.856 0.91033 469.59 414.781 0.786753 475.335 424.545 0.294305 528.24 428.424 0.797128 518.431 477.342 0.695206 522.349 522.396 0.569845 498.9 434.348 0.721957 495.073 479.357 0.718251 522.417 526.267 0.745107 0 0 0 461.809 334.641 0.503059 492.977 328.678 0.140594 473.471 334.572 0.889052 0
3 111 155 461.703 336.607 0.554517 493.052 354.12 0.916609 518.471 350.211 0.834797 538.076 373.68 0.580419 510.64 397.199 0.0905161 473.454 363.857 0.843104 463.756 414.713 0.751518 473.407 420.628 0.278761 522.411 426.54 0.792225 518.48 475.489 0.724437 520.365 520.44 0.594355 493.07 432.36 0.775678 494.969 477.418 0.796003 514.583 522.459 0.767886 0 0 0 461.746 334.556 0.603269 492.958 322.856 0.12967 473.434 334.48 0.849535 0
3 111 156 459.82 336.489 0.507483 492.987 352.167 0.945662 514.586 348.244 0.793426 537.973 367.916 0.601049 522.349 393.284 0.104372 471.556 360.007 0.817154 461.854 412.808 0.786517 0 0 0 520.431 428.419 0.781324 520.366 475.421 0.734662 510.719 516.5 0.589421 491.163 430.527 0.771053 491.165 477.322 0.83953 508.765 520.458 0.784836 0 0 0 459.864 334.442 0.553972 491.126 320.862 0.125808 467.651 332.624 0.825885 0
3 111 157 459.703 334.558 0.507471 491.09 350.216 0.938782 510.623 344.369 0.771035 534.119 367.854 0.499797 518.497 399.142 0.0865627 471.517 354.136 0.816828 461.806 401.127 0.724342 461.662 414.753 0.440458 520.396 422.618 0.756915 518.43 471.517 0.683104 508.739 512.591 0.60771 491.073 428.454 0.775251 491.092 473.502 0.797108 504.774 520.44 0.754319 0 0 0 459.755 328.714 0.533671 490.995 320.826 0.0892739 465.639 328.666 0.795545 0
3 111 158 459.689 334.524 0.220493 490.984 350.12 0.920075 508.725 338.555 0.837662 534.081 367.757 0.660217 522.329 385.488 0.138976 465.622 352.275 0.849572 461.667 401.095 0.780494 455.865 412.879 0.502898 518.487 414.855 0.761818 510.707 463.694 0.711487 508.716 506.738 0.645954 489.145 424.566 0.721254 483.297 465.653 0.736307 494.985 512.603 0.809434 0 0 0 457.866 328.677 0.277858 483.271 318.943 0.214057 461.732 324.826 0.89554 0
3 111 159 457.744 334.451 0.282809 487.16 348.288 0.871769 506.821 338.511 0.856776 528.294 365.904 0.686028 516.542 381.534 0.180029 461.813 352.233 0.884961 459.778 399.14 0.811084 451.963 412.741 0.377827 512.588 416.775 0.759927 510.634 461.801 0.748091 508.69 508.646 0.772623 483.247 424.582 0.734293 483.256 465.661 0.738558 489.169 510.658 0.830619 0 0 0 455.902 324.826 0.344191 479.384 318.911 0.197788 461.688 324.75 0.893495 0
3 111 160 451.963 332.594 0.22449 479.425 346.334 0.859474 504.8 338.459 0.861429 524.312 365.779 0.720139 508.697 381.462 0.129845 461.688 352.101 0.928883 459.723 397.161 0.769702 451.932 412.726 0.429795 508.726 414.803 0.810672 508.73 459.775 0.815234 508.761 506.709 0.831672 479.317 422.59 0.763526 477.389 461.776 0.80898 481.28 508.649 0.85421 0 0 0 453.883 322.898 0.2903 477.388 318.927 0.229142 459.771 322.855 0.88577 0
3 111 161 448.02 328.712 0.375243 479.321 346.267 0.876451 504.711 338.454 0.835209 522.409 365.796 0.650963 508.748 395.235 0.0985038 459.846 350.28 0.930418 457.791 397.248 0.729999 449.999 408.922 0.361282 506.802 414.828 0.807594 508.66 459.781 0.820634 508.652 506.803 0.853531 477.368 422.594 0.752757 473.505 459.735 0.765963 473.41 504.743 0.79718 0 0 0 448.081 320.949 0.445578 477.357 318.872 0.150914 459.755 320.935 0.897895 0
3 111 162 446.078 328.729 0.551323 477.414 346.258 0.909736 502.793 336.632 0.843936 522.37 365.861 0.740734 506.757 385.431 0.101174 457.862 350.285 0.905736 453.886 397.229 0.731789 448.055 410.842 0.340376 506.674 414.74 0.787983 506.821 459.725 0.846549 508.673 506.715 0.858927 475.494 418.719 0.770554 467.589 459.806 0.756161 461.714 500.897 0.849935 0 0 0 446.13 320.953 0.622783 477.371 318.843 0.0990011 459.693 320.919 0.89823 0
3 111 163 444.207 328.712 0.481994 475.505 346.267 0.929842 496.958 336.627 0.839196 520.372 365.832 0.70961 504.795 381.564 0.12388 453.951 350.293 0.866774 448.028 397.208 0.792742 446.169 406.98 0.306582 504.764 414.722 0.775058 506.767 459.729 0.855007 508.618 504.786 0.814322 475.382 418.71 0.761502 463.675 457.798 0.786855 459.74 493.147 0.874395 0 0 0 446.006 320.945 0.563503 475.478 318.83 0.112758 453.932 320.929 0.860335 0
3 111 164 444.081 326.707 0.472127 475.41 346.28 0.921473 493.128 336.616 0.868618 512.653 365.886 0.682752 496.948 383.496 0.126113 451.981 352.098 0.852257 446.203 397.161 0.813834 444.183 406.92 0.367204 498.949 414.766 0.751774 506.68 459.762 0.858631 506.775 504.8 0.869661 473.436 418.73 0.751026 461.811 459.744 0.808346 451.985 493.047 0.783745 0 0 0 444.134 320.883 0.562729 475.351 316.966 0.122125 449.973 320.892 0.874547 0
3 111 165 442.128 324.787 0.453036 471.551 344.35 0.853034 491.146 336.623 0.875613 508.748 363.899 0.648798 491.114 381.522 0.141879 448.041 350.253 0.893182 444.214 397.082 0.717164 444.135 404.984 0.198096 493.136 414.728 0.7991 502.79 459.707 0.829202 506.664 504.778 0.86158 463.738 416.78 0.790766 459.824 459.716 0.858784 446.067 494.975 0.868543 0 0 0 444.012 320.86 0.549707 467.598 316.902 0.0914145 446.199 320.87 0.888764 0
3 111 166 434.389 324.806 0.314763 463.74 344.33 0.854696 489.168 336.571 0.889127 506.744 363.896 0.665156 485.215 381.555 0.122628 444.175 350.243 0.922908 442.143 395.253 0.709202 0 0 0 493.052 412.84 0.824984 496.96 457.86 0.833576 504.8 506.685 0.8366 461.784 416.798 0.794841 459.675 459.711 0.766212 446.061 494.993 0.849463 0 0 0 438.246 320.876 0.395795 461.783 318.882 0.210781 444.19 320.912 0.92228 0
3 111 167 430.515 324.759 0.395388 461.769 342.385 0.901991 487.14 336.516 0.868331 506.626 363.894 0.69927 485.25 381.568 0.128134 442.201 350.212 0.893995 436.31 395.165 0.695714 444.211 399.089 0.288932 491.132 410.824 0.791785 495.043 455.859 0.812815 502.862 504.798 0.804907 461.709 414.757 0.802372 457.846 455.844 0.782277 446.028 495.062 0.849788 0 0 0 432.383 320.828 0.484952 461.674 318.847 0.19564 444.07 320.855 0.946841 0
