0 111 12 1220.86 101.681 0.900137 1228.61 130.975 0.904365 1207.15 123.229 0.778008 1183.68 154.58 0.778682 1207.15 178.03 0.59735 1248.27 133.007 0.811443 1254.08 170.239 0.738675 1232.64 193.68 0.591611 1197.36 195.667 0.81711 1185.67 244.588 0.725803 1203.26 287.608 0.557385 1226.68 203.51 0.712763 1209.07 246.558 0.750469 1201.31 299.305 0.721028 1215.04 97.8328 0.857391 1226.81 97.8315 0.923606 0 0 0 1242.35 99.7969 0.855451 0
0 111 13 1214.96 101.811 0.923542 1222.83 131.123 0.860156 1197.39 129.066 0.862837 1181.82 160.448 0.817503 1201.34 179.981 0.583311 1244.34 133.154 0.847168 1244.4 172.196 0.760782 1228.64 193.73 0.615879 1195.47 199.535 0.841916 1181.74 242.705 0.81032 1195.42 285.671 0.793454 1224.79 209.263 0.77507 1205.22 248.493 0.770592 1199.4 295.467 0.67069 1211.15 99.7403 0.924128 1224.74 99.7218 0.917184 1209.05 103.667 0.0763819 1236.5 99.8306 0.780604 0
0 111 14 1211.17 101.833 0.928258 1216.94 131.11 0.873634 1195.51 127.207 0.887332 1181.74 162.357 0.819751 1201.33 180.068 0.456674 1242.34 134.968 0.836159 1244.35 172.195 0.744233 1222.82 189.758 0.584113 1195.37 197.581 0.81915 1179.72 242.681 0.827851 1183.74 287.679 0.891602 1224.77 207.325 0.745294 1205.23 250.398 0.792199 1203.23 297.416 0.697754 1209.17 99.7658 0.88272 1216.98 99.7815 0.898946 1201.35 101.715 0.0640008 1228.76 101.711 0.843607 0
0 111 15 1209.1 103.728 0.896023 1213.03 133.003 0.956186 1193.43 129.143 0.852116 1179.71 162.358 0.773097 1189.58 181.927 0.44771 1236.53 136.982 0.783377 1242.41 176.069 0.766542 1224.72 195.596 0.664851 1185.7 197.66 0.748858 1175.89 244.53 0.799071 1175.88 295.403 0.824241 1215.02 207.401 0.761491 1207.18 252.382 0.784941 1199.34 299.378 0.783268 1205.19 99.8578 0.857812 1213.06 101.676 0.971097 0 0 0 1226.76 105.647 0.862282 0
0 111 16 1201.32 109.524 0.857495 1211.08 136.946 0.887706 1185.7 133.103 0.810004 1168.05 162.402 0.652599 1175.84 179.968 0.468308 1230.71 142.858 0.770728 1240.43 178.089 0.742337 1220.86 195.609 0.578306 1181.7 205.431 0.794709 1168.05 256.223 0.846142 1164.12 305.282 0.899523 1212.98 211.242 0.794186 1203.29 252.385 0.763819 1199.37 297.398 0.824084 1197.46 101.821 0.892284 1211.03 101.805 0.932795 0 0 0 1224.71 107.61 0.796991 0
0 111 17 1197.41 113.419 0.926718 1205.24 138.936 0.798727 1181.71 133.147 0.864938 1164.21 164.335 0.601151 1158.23 181.968 0.376569 1226.8 146.688 0.84401 1230.68 180.037 0.721026 1213.07 205.409 0.706769 1179.72 209.302 0.801471 1164.17 258.226 0.874612 1150.52 313.042 0.823591 1209.13 213.23 0.747254 1199.4 254.384 0.766018 1201.29 295.473 0.800612 1195.49 103.756 0.859117 1205.21 105.623 0.862167 0 0 0 1215.02 113.406 0.828748 0
0 111 18 1195.33 115.422 0.944506 1197.48 142.833 0.864006 1177.86 135.054 0.811188 1162.18 166.311 0.63459 1164.15 193.617 0.467232 1224.74 146.738 0.816735 1228.76 180.02 0.763952 1213.1 207.339 0.670206 1175.88 211.267 0.784422 1164.07 258.353 0.890077 1148.55 316.957 0.865079 1205.23 213.318 0.723901 1197.45 256.269 0.820061 1201.28 293.52 0.81139 1191.54 109.594 0.811401 1197.48 111.526 0.898146 0 0 0 1212.98 115.403 0.9035 0
0 111 19 1187.63 117.345 0.919534 1197.33 146.76 0.904193 1177.79 144.787 0.749069 1158.24 172.186 0.407324 1164.16 197.597 0.279597 1216.96 148.694 0.794736 1226.69 181.952 0.705617 1207.18 209.318 0.604829 1171.96 213.305 0.718439 1160.24 266.108 0.823979 1148.49 320.872 0.875579 1201.29 221.091 0.738113 1197.32 258.294 0.851466 1199.37 291.524 0.81112 1183.73 115.316 0.876 1195.47 115.327 0.963628 0 0 0 1210.96 117.363 0.891598 0
0 111 20 1181.84 121.293 0.918831 1193.4 150.62 0.852462 1166.09 148.658 0.884196 1150.41 178.048 0.780471 1152.44 203.476 0.588606 1213.04 154.554 0.807184 1222.83 191.758 0.730582 1205.23 213.236 0.70337 1166.03 217.208 0.811037 1152.38 269.937 0.86441 1148.46 324.791 0.875258 1197.31 224.951 0.827869 1191.5 262.145 0.688747 1199.32 289.567 0.773058 1179.86 117.35 0.92007 1191.53 117.317 0.922214 1179.77 129.068 0.0867134 1201.28 119.365 0.817411 0
0 111 21 1179.76 127.132 0.907633 1183.73 150.721 0.843123 1164.12 148.721 0.881368 1146.53 180.007 0.805457 1150.48 207.414 0.654231 1211 158.427 0.78783 1213.12 193.648 0.770509 1195.42 215.211 0.670036 1162.13 223.051 0.772185 1148.53 271.963 0.892069 1146.55 324.821 0.853634 1193.41 226.929 0.800888 1181.79 271.865 0.758983 1195.52 291.565 0.730356 1177.76 119.329 0.84097 1183.68 117.502 0.920792 0 0 0 1197.33 125.179 0.857947 0
0 111 22 1173.9 129.153 0.87927 1181.73 154.589 0.883797 1160.24 150.683 0.817998 1138.71 182.02 0.786002 1148.46 209.272 0.691094 1207.14 158.506 0.785079 1214.99 193.619 0.761457 1195.48 219.118 0.638109 1156.3 224.975 0.804017 1148.39 272.013 0.865261 1144.56 328.674 0.823778 1187.59 227.046 0.795598 1177.78 275.847 0.767881 1195.47 303.218 0.764639 1168.11 121.352 0.798096 1179.82 121.343 0.903499 0 0 0 1195.36 129.082 0.871027 0
0 111 23 1166.15 131.05 0.960766 1179.7 160.407 0.898818 1152.36 158.506 0.8359 1134.82 193.734 0.846326 1154.32 203.5 0.601828 1199.38 162.292 0.849521 1213.11 193.651 0.816784 1197.37 199.565 0.591478 1150.51 227.02 0.848634 1146.46 275.84 0.802764 1146.49 330.636 0.869079 1181.78 232.856 0.799183 1166.13 279.75 0.77874 1191.48 303.273 0.657564 1164.19 125.215 0.826385 1175.84 125.182 0.858015 0 0 0 1187.57 129.138 0.844073 0
0 111 24 1166.01 131.142 0.969671 1173.89 160.425 0.842233 1148.56 158.452 0.839941 1132.76 189.748 0.787076 1134.75 209.282 0.653323 1197.37 162.328 0.86703 1213.01 193.694 0.835592 1197.39 203.475 0.581904 1148.54 228.879 0.851411 1140.62 281.699 0.762762 1146.47 334.463 0.875306 1179.81 236.733 0.810539 1162.17 283.647 0.792897 1179.78 307.206 0.747751 1162.19 129.05 0.831111 1169.98 127.166 0.858543 1152.43 131.063 0.0929849 1181.77 130.98 0.869206 0
0 111 25 1162.1 132.972 0.932314 1168.04 162.341 0.895982 1148.45 160.415 0.848941 1128.87 191.739 0.809747 1134.81 211.293 0.660613 1193.49 162.41 0.837494 1207.2 195.619 0.782094 1181.75 227.008 0.727838 1146.46 228.924 0.791585 1136.72 281.71 0.809219 1146.45 330.66 0.849683 1173.87 236.731 0.730255 1154.34 285.585 0.776827 1168.01 316.95 0.731176 1154.36 129.116 0.820899 1166.04 129.069 0.923365 0 0 0 1179.81 131.007 0.857019 0
0 111 26 1154.4 133.024 0.908974 1166.05 162.376 0.920947 1144.53 160.426 0.809202 1119.21 193.587 0.862557 1136.77 209.394 0.63585 1191.48 164.271 0.805171 1199.31 199.548 0.748791 1177.84 230.859 0.729879 1140.63 228.982 0.736991 1138.67 285.613 0.691845 1152.36 328.675 0.740455 1166.17 238.663 0.755084 1148.42 285.648 0.842243 1150.47 332.617 0.763418 1150.49 131.001 0.882534 1164.09 129.103 0.910818 1150.35 133.048 0.0547658 1177.79 131 0.837439 0
0 111 27 1150.44 133.079 0.964514 1164.09 162.407 0.897798 1136.8 160.43 0.792792 1117.23 193.663 0.868137 1142.62 219.114 0.626219 1183.77 164.362 0.799832 1191.55 205.423 0.717367 1171.95 236.718 0.708378 1134.78 226.987 0.761375 1134.86 279.743 0.415808 1148.4 322.817 0.49338 1164.13 236.751 0.696829 1138.69 283.676 0.716451 1148.45 334.495 0.838301 1148.42 131.031 0.872475 1158.25 130.981 0.895336 0 0 0 1170.03 131.1 0.861971 0
0 111 28 1148.47 135.076 0.928036 1158.24 162.475 0.861884 1134.74 162.324 0.887199 1109.36 193.706 0.832695 1126.97 209.357 0.618055 1179.84 164.419 0.821068 1183.7 207.397 0.734404 1166.07 234.752 0.729465 1132.76 226.985 0.751495 1103.53 258.244 0.570493 1140.65 309.151 0.277163 1160.21 238.643 0.684592 1136.78 285.65 0.70825 1136.77 338.489 0.808686 1144.53 132.98 0.886774 1152.4 131.155 0.937967 0 0 0 1166.15 133.006 0.863503 0
0 111 29 1142.64 142.857 0.871786 1152.45 164.448 0.850555 1132.83 164.303 0.871621 1105.43 195.632 0.884191 1124.99 219.122 0.627013 1179.68 168.233 0.785435 1181.84 207.325 0.750674 1164.2 236.7 0.723474 1130.86 228.982 0.742863 1103.42 260.287 0.682875 1134.83 311.118 0.379368 1156.31 240.638 0.747177 1134.87 285.673 0.74691 1134.87 334.616 0.723358 1136.8 135.014 0.851644 1148.56 134.986 0.936997 0 0 0 1164.14 136.973 0.874914 0
0 111 30 1136.71 146.637 0.941933 1150.46 170.201 0.809525 1134.77 166.296 0.778707 1103.46 199.543 0.501137 1125 223.012 0.210269 1166.15 174.12 0.743967 1162.2 211.237 0.48232 1128.9 211.28 0.391838 1130.81 238.663 0.68113 1097.61 268.011 0.528485 1136.77 318.904 0.348699 1150.47 242.686 0.753866 1132.8 287.667 0.725145 1132.8 340.429 0.564801 1134.73 138.912 0.846265 1146.46 136.951 0.880318 0 0 0 1160.2 142.801 0.78676 0
0 111 31 1134.72 148.647 0.963857 1148.46 176.109 0.803201 1132.78 174.134 0.704266 1105.47 201.515 0.270027 1101.53 209.31 0.254044 1164.11 178.077 0.824855 1166.16 213.285 0.62822 1150.41 242.646 0.584511 1119.19 242.587 0.692376 1097.61 275.877 0.446771 1134.82 324.792 0.494303 1142.62 252.383 0.682198 1121.07 289.625 0.719603 1119.13 350.17 0.527086 1132.76 144.782 0.863646 1138.73 144.785 0.895046 0 0 0 1152.38 146.697 0.830297 0
0 111 32 1130.83 148.818 0.908507 1142.6 180.051 0.792342 1124.98 179.934 0.753076 1101.45 209.365 0.350978 1107.38 227.02 0.195817 1160.24 181.958 0.765434 1166.12 222.996 0.72283 1148.52 252.394 0.680591 1117.23 244.581 0.706429 1089.83 279.806 0.503474 1134.74 328.71 0.639652 1142.57 256.231 0.717064 1119.06 295.46 0.703665 1121.16 307.227 0.0820463 1125.02 146.752 0.784518 1134.79 146.764 0.97678 0 0 0 1150.4 148.714 0.881749 0
0 111 33 1121.13 156.49 0.874855 1132.87 183.88 0.87628 1111.28 180.029 0.789551 1087.85 211.239 0.672972 1087.88 228.951 0.377827 1154.35 189.757 0.743259 1162.11 225.028 0.721337 1140.67 256.32 0.703403 1103.56 252.367 0.727187 1087.85 285.618 0.539553 1132.83 324.796 0.844089 1132.85 256.352 0.756165 1107.42 299.361 0.633642 1103.45 365.797 0.779477 1119.14 148.745 0.874345 1132.71 148.731 0.935557 0 0 0 1146.47 152.6 0.804722 0
0 111 34 1119.15 160.356 0.918643 1130.84 185.89 0.806753 1107.38 181.997 0.767392 1087.75 217.143 0.54832 1091.78 228.916 0.313127 1148.55 191.742 0.803454 1148.51 224.938 0.485591 1103.53 215.255 0.433856 1103.47 258.199 0.786097 1105.47 305.222 0.54999 1130.9 340.451 0.722738 1130.9 260.279 0.717167 1105.47 307.199 0.804212 1103.4 365.898 0.849522 1117.22 150.665 0.858633 1126.97 150.692 0.875062 0 0 0 1138.68 158.486 0.788277 0
0 111 35 1117.1 162.331 0.937855 1121.09 191.76 0.856894 1101.44 189.755 0.798363 1081.94 223.02 0.720218 1093.72 240.573 0.526716 1148.38 193.709 0.850681 1162.15 226.915 0.747162 1148.4 228.885 0.56816 1099.58 258.313 0.744451 1089.82 303.264 0.479629 1105.41 356.062 0.391505 1130.8 266.052 0.728097 1107.42 311.093 0.712899 1101.57 367.85 0.822336 1113.25 154.567 0.797748 1121.05 154.575 0.873259 0 0 0 1134.81 160.429 0.839284 0
0 111 36 1107.43 162.382 0.9051 1119.1 193.637 0.90734 1099.53 191.712 0.784786 1072.27 224.994 0.728303 1097.58 238.66 0.487542 1138.72 193.766 0.803495 1152.44 226.993 0.75873 1134.75 232.806 0.527546 1093.73 264.105 0.706044 1089.76 316.966 0.613457 1103.44 360 0.458528 1121.1 269.967 0.752148 1101.42 318.852 0.772502 1101.44 369.779 0.733316 1105.42 156.519 0.8274 1117.2 158.445 0.906799 0 0 0 1132.78 162.369 0.846856 0
0 111 37 1103.53 162.42 0.952945 1113.26 193.613 0.864257 1087.85 193.602 0.834454 1070.18 226.894 0.8341 1087.89 244.603 0.685105 1132.91 193.686 0.86505 1150.52 225.067 0.801487 1136.72 232.803 0.665991 1087.93 266.093 0.78238 1076.11 320.846 0.786611 1101.54 363.863 0.561239 1119.18 271.887 0.784292 1101.53 320.877 0.806439 1101.4 369.778 0.718823 1101.57 156.542 0.864289 1113.26 158.491 0.874911 1099.53 160.476 0.0640763 1123.09 162.385 0.823017 0
0 111 38 1101.41 162.447 0.931706 1105.41 193.652 0.892391 1085.79 191.764 0.803955 1062.38 226.919 0.784923 1081.94 246.49 0.612018 1130.88 193.745 0.848205 1148.4 226.96 0.807103 1130.87 230.901 0.657631 1083.91 268.067 0.789377 1068.26 320.862 0.884537 1089.81 354.183 0.71887 1115.21 272.015 0.830872 1101.45 322.791 0.86192 1097.58 371.757 0.645973 1097.57 158.486 0.801627 1103.57 160.369 0.900758 0 0 0 1119.13 162.398 0.882481 0
0 111 39 1091.73 164.36 0.902815 1101.59 193.747 0.943377 1076.13 193.694 0.811161 1056.56 228.967 0.762429 1076.08 242.566 0.525855 1124.99 195.575 0.827077 1140.64 226.982 0.778913 1124.99 230.843 0.682162 1074.16 266.099 0.77808 1056.64 320.861 0.858628 1074.19 359.991 0.826539 1109.36 271.907 0.796299 1095.65 320.848 0.868741 1099.57 371.767 0.732515 1087.88 162.305 0.896 1101.48 162.309 0.940884 0 0 0 1115.24 164.292 0.890857 0
0 111 40 1087.81 168.256 0.908964 1097.64 195.622 0.88548 1072.16 195.592 0.892664 1052.63 232.841 0.674581 1062.38 240.638 0.484627 1119.12 195.717 0.888219 1134.86 228.944 0.829273 1121.05 232.87 0.754196 1072.2 264.139 0.804751 1056.44 318.961 0.91882 1064.35 367.823 0.897955 1105.44 270.01 0.790616 1097.6 320.893 0.845319 1099.55 371.711 0.788047 1085.79 164.266 0.909873 1095.62 162.474 0.893642 0 0 0 1107.36 164.34 0.831692 0
0 111 41 1083.89 174.107 0.875822 1089.76 197.609 0.876162 1070.12 195.706 0.840692 1040.93 234.798 0.750926 1066.28 240.648 0.569982 1115.25 199.594 0.814698 1130.9 240.554 0.797235 1117.09 240.605 0.677859 1068.2 268.062 0.734549 1048.68 320.818 0.757935 1046.77 381.493 0.855829 1101.47 271.958 0.82684 1089.85 320.793 0.831787 1101.44 369.813 0.848416 1076.14 164.423 0.879893 1087.85 164.428 0.945988 0 0 0 1103.41 168.275 0.878674 0
0 111 42 1072.29 176.114 0.937691 1085.92 201.522 0.890889 1064.37 199.56 0.77694 1038.97 238.693 0.754246 1054.56 254.312 0.501808 1107.37 205.4 0.779793 1121.08 240.637 0.787575 1105.5 248.474 0.591914 1058.46 273.975 0.767957 1040.95 334.56 0.867073 1033.07 387.373 0.818122 1093.72 279.759 0.731897 1087.94 322.816 0.847839 1101.44 367.862 0.890504 1072.1 168.257 0.888681 1083.88 168.25 0.878853 0 0 0 1099.52 174.116 0.815484 0
0 111 43 1070.18 178.066 0.95617 1079.97 205.453 0.811108 1056.61 203.472 0.773861 1036.89 236.758 0.677271 1040.92 252.41 0.493977 1099.57 209.245 0.839322 1117.23 240.711 0.788547 1101.53 246.498 0.610456 1058.47 275.905 0.713138 1040.83 334.478 0.837828 1023.29 389.363 0.830385 1089.78 283.687 0.745844 1087.78 326.738 0.820085 1099.53 367.829 0.854729 1066.32 172.206 0.804595 1074.15 174.102 0.868693 0 0 0 1087.93 177.959 0.859679 0
0 111 44 1060.4 180.022 0.898874 1072.11 209.399 0.936341 1050.67 209.331 0.816786 1025.25 242.698 0.746752 1040.83 256.241 0.58219 1091.76 211.241 0.828161 1111.27 244.546 0.7884 1087.88 252.35 0.683235 1050.66 283.701 0.714329 1036.93 336.564 0.780773 1019.37 399.07 0.799504 1083.91 287.546 0.780887 1080.02 328.712 0.723132 1093.71 365.937 0.796755 1056.55 177.929 0.907407 1070.18 177.946 0.942089 0 0 0 1085.82 178.129 0.901001 0
0 111 45 1056.46 185.902 0.899329 1066.31 211.377 0.86122 1040.95 211.293 0.865173 1019.33 254.296 0.691201 1040.88 254.381 0.5146 1085.9 213.256 0.862521 1103.47 252.35 0.817826 1087.77 258.221 0.605273 1040.95 287.643 0.761474 1027.17 346.277 0.793175 1021.25 403.068 0.81298 1074.21 289.62 0.726958 1072.12 336.522 0.831283 1089.82 367.779 0.803524 1052.64 179.991 0.904398 1062.4 179.986 0.888446 0 0 0 1076.07 181.925 0.805229 0
0 111 46 1050.61 189.793 0.860809 1056.59 217.163 0.846483 1038.85 215.201 0.797325 1015.44 254.355 0.678005 1023.28 260.191 0.403606 1080.02 219.105 0.776373 1097.61 256.202 0.822821 1072.24 271.927 0.666336 1036.91 289.585 0.775537 1023.16 348.29 0.826054 1021.23 406.918 0.810048 1070.12 293.461 0.75135 1058.5 346.328 0.793767 1087.83 367.919 0.739306 1042.89 180.1 0.881758 1056.46 181.921 0.933772 0 0 0 1070.3 187.794 0.873086 0
0 111 47 1040.93 191.771 0.940436 1054.46 223.023 0.873849 1025.29 221.038 0.809817 1009.53 256.309 0.736591 1017.37 266.119 0.450761 1074.11 224.918 0.851786 1089.84 256.27 0.840426 1072.23 262.197 0.73825 1025.32 295.431 0.767105 1019.35 350.171 0.811218 1017.42 406.967 0.804415 1062.39 301.267 0.774171 1052.56 352.251 0.776284 1083.86 369.77 0.749767 1038.97 183.89 0.880527 1052.53 183.949 0.86289 0 0 0 1066.3 191.686 0.830831 0
0 111 48 1036.98 193.699 0.929471 1044.76 223.037 0.843136 1023.3 221.039 0.812682 1007.61 258.323 0.721241 1025.23 269.974 0.400103 1070.17 224.969 0.87609 1085.84 258.268 0.864078 1064.36 268.025 0.564488 1023.22 301.3 0.801709 1009.65 352.213 0.829693 1015.42 410.879 0.852107 1054.56 303.286 0.817158 1038.97 360.014 0.80199 1072.2 375.629 0.728073 1033.03 187.821 0.798626 1040.93 187.86 0.879828 0 0 0 1056.56 191.755 0.889423 0
0 111 49 1027.26 193.678 0.91977 1040.84 225.032 0.922311 1019.36 224.933 0.789717 1005.64 260.24 0.625439 1011.57 273.858 0.402817 1064.36 226.877 0.846101 1083.88 258.344 0.833626 1066.29 268.044 0.665661 1011.58 303.208 0.804286 1009.51 352.264 0.774179 1013.46 410.887 0.851792 1042.86 305.174 0.832837 1025.21 358.069 0.77736 1060.42 381.593 0.791781 1025.29 187.812 0.80687 1038.89 187.829 0.891605 0 0 0 1054.53 191.777 0.872511 0
0 111 50 1023.3 195.62 0.957478 1034.99 226.964 0.834397 1007.63 225.076 0.843912 991.892 260.29 0.419372 986.104 275.909 0.259642 1056.63 227.062 0.843565 1076.09 264.131 0.764951 1054.51 291.515 0.559673 1005.59 307.154 0.755763 1009.62 365.787 0.615733 1040.87 385.465 0.545908 1035.01 313.061 0.717522 1009.61 365.83 0.889926 1013.46 412.848 0.626485 1021.25 191.71 0.80952 1029.1 191.704 0.882107 0 0 0 1044.76 193.609 0.845855 0
0 111 51 1017.37 195.639 0.916414 1029.1 226.885 0.835043 1007.61 223.039 0.823869 991.888 258.305 0.533151 993.917 285.693 0.217552 1054.55 228.935 0.834379 1068.24 269.968 0.75705 1036.95 301.245 0.621882 994.016 301.288 0.726458 968.485 330.64 0.45149 993.873 356.152 0.0641199 1025.3 307.175 0.745456 1009.56 363.923 0.797164 1023.33 408.931 0.810405 1011.57 191.744 0.795123 1023.35 191.758 0.947312 0 0 0 1040.82 193.686 0.917433 0
0 111 52 1009.62 199.551 0.907473 1023.34 228.957 0.853303 997.835 226.952 0.80175 988.018 268.061 0.510696 1009.51 297.347 0.244078 1050.63 234.77 0.769158 1062.39 269.992 0.754987 1046.71 283.691 0.505143 988.05 305.199 0.72992 952.805 334.567 0.51607 941.087 377.617 0.10035 1021.28 316.959 0.751729 1007.57 365.869 0.858249 1013.51 410.846 0.836004 1007.6 195.569 0.861877 1019.35 193.714 0.909241 0 0 0 1036.95 195.579 0.894427 0
0 111 53 1005.68 199.596 0.885472 1019.32 232.81 0.788616 993.868 228.913 0.829327 976.36 269.974 0.570963 986.114 287.647 0.317372 1040.84 236.746 0.817276 1054.63 271.934 0.785492 1027.21 301.245 0.520208 991.904 311.059 0.71213 1003.68 365.807 0.538122 1013.46 410.841 0.613862 1023.17 316.932 0.763193 997.808 365.858 0.793612 1005.57 418.724 0.771212 999.813 195.606 0.838166 1009.65 195.605 0.958432 0 0 0 1025.31 197.588 0.859163 0
0 111 54 995.934 205.458 0.888804 1009.63 232.797 0.836664 989.968 228.904 0.823171 976.202 269.936 0.737237 991.87 295.432 0.571802 1036.9 236.723 0.783761 1052.62 271.915 0.826686 1035 283.676 0.617766 986.106 305.289 0.738149 999.808 356.085 0.555817 1013.51 401.13 0.823337 1015.46 309.122 0.767732 995.859 363.843 0.82383 988.031 428.421 0.791451 993.922 197.624 0.758799 1005.69 195.755 0.913872 0 0 0 1023.24 199.6 0.879468 0
0 111 55 991.989 209.32 0.948148 1005.63 238.695 0.842793 980.231 236.757 0.797319 968.502 271.977 0.63951 974.372 291.557 0.375717 1025.16 240.614 0.874292 1040.92 273.994 0.740956 1023.25 293.506 0.456842 982.149 311.074 0.690371 995.868 361.921 0.553737 1011.57 401.135 0.79905 1009.59 316.959 0.792685 991.971 365.875 0.870322 972.399 434.342 0.75852 989.993 203.457 0.772326 995.918 203.463 0.867497 0 0 0 1011.51 207.367 0.849692 0
0 111 56 984.111 211.322 0.902299 995.881 240.702 0.874105 976.349 238.709 0.856155 962.555 273.868 0.706058 968.495 295.425 0.295199 1019.38 242.67 0.802014 1036.89 281.702 0.744658 1011.52 289.58 0.549657 978.349 316.911 0.732486 991.91 363.936 0.58078 1009.67 403.059 0.831342 1007.63 318.913 0.797513 984.105 367.837 0.794197 962.589 438.249 0.7919 978.372 209.24 0.763209 991.967 209.24 0.948296 0 0 0 1007.65 209.372 0.917328 0
0 111 57 978.237 217.216 0.907207 991.996 246.567 0.855519 970.438 242.631 0.855888 950.849 279.766 0.707936 958.711 303.208 0.35269 1011.58 254.35 0.768813 1013.5 291.535 0.61662 980.203 316.959 0.537446 966.545 320.854 0.683938 978.349 369.764 0.43916 1009.54 399.159 0.826446 995.88 326.708 0.736207 974.33 379.502 0.773149 960.684 444.032 0.83345 976.259 211.305 0.84806 986.081 211.296 0.893482 0 0 0 1003.72 213.285 0.824531 0
0 111 58 972.416 223.018 0.886831 982.144 254.371 0.846295 960.681 246.555 0.846729 946.914 285.687 0.616015 933.319 299.335 0.238535 1007.54 258.231 0.874871 1023.32 289.606 0.837565 1005.67 297.408 0.617818 945.057 326.733 0.777134 898.107 365.824 0.685706 847.146 383.442 0.617367 978.23 336.514 0.799687 962.626 389.377 0.828472 948.939 450.02 0.808312 966.527 213.29 0.794713 978.243 213.315 0.918677 0 0 0 993.886 221.083 0.845245 0
0 111 59 962.709 224.943 0.939332 976.365 256.325 0.920655 952.806 252.386 0.78807 939.119 287.624 0.695776 943.038 307.202 0.413722 997.84 260.199 0.820022 1017.37 297.402 0.772876 997.84 301.299 0.668527 946.895 330.666 0.797819 898.046 365.944 0.624055 847.156 385.406 0.520444 978.291 336.589 0.793006 958.712 387.44 0.797841 948.929 451.921 0.811417 962.546 217.197 0.837417 974.305 219.103 0.862726 0 0 0 988.056 224.914 0.852537 0
0 111 60 958.733 225.042 0.926607 970.413 258.239 0.838801 946.969 256.223 0.872555 931.305 287.665 0.713421 931.339 305.214 0.48647 991.957 262.151 0.824951 1007.59 301.233 0.79304 990.003 309.186 0.592871 943.008 334.615 0.735725 899.966 369.824 0.267704 841.285 385.417 0.128832 972.368 340.477 0.726814 948.876 395.178 0.849316 948.966 451.926 0.826198 956.71 221.04 0.741872 962.705 222.963 0.890653 0 0 0 978.367 225.011 0.884437 0
0 111 61 948.965 226.918 0.941555 962.608 258.264 0.919173 941.107 256.215 0.838216 927.346 289.547 0.707546 927.344 314.984 0.449131 986.09 264.121 0.781135 999.758 301.302 0.752723 978.322 316.946 0.609698 931.334 334.616 0.823617 890.221 367.898 0.610169 847.183 387.361 0.51521 964.546 342.392 0.73409 947 395.183 0.825706 952.814 448.077 0.834977 947.013 223.026 0.799377 960.578 224.898 0.939337 0 0 0 976.222 226.92 0.92028 0
0 111 62 944.988 226.96 0.936506 956.772 260.241 0.832127 933.231 256.335 0.881343 917.632 291.585 0.67694 919.535 315.026 0.43451 976.389 268.047 0.808219 982.197 307.238 0.718529 950.853 342.358 0.652409 929.431 348.224 0.767171 923.482 397.233 0.715343 947.043 436.291 0.4731 960.559 352.146 0.771355 943.055 399.16 0.810345 948.946 448.021 0.807273 942.989 223.041 0.764692 948.979 223.084 0.883448 0 0 0 968.44 226.875 0.847986 0
0 111 63 933.303 228.881 0.896895 947.042 260.254 0.841939 929.29 258.176 0.84783 915.592 295.41 0.52931 915.668 322.83 0.187358 970.417 268.015 0.78018 982.206 303.272 0.750683 962.613 320.833 0.581361 927.403 346.318 0.728523 913.647 399.084 0.836564 945.053 434.376 0.671797 958.638 350.164 0.759186 944.958 399.191 0.822442 948.891 446.118 0.726969 931.346 224.983 0.729803 944.918 225.028 0.949709 0 0 0 960.631 227.041 0.890508 0
0 111 64 929.259 228.994 0.898323 944.895 264.097 0.825043 919.558 258.225 0.843738 911.674 295.44 0.542778 905.859 320.905 0.159967 962.644 271.88 0.811272 966.529 309.115 0.663251 933.307 342.391 0.560166 915.741 348.254 0.731511 900.018 397.247 0.824513 925.395 434.336 0.834563 948.93 352.1 0.769563 941.102 399.069 0.854067 946.998 448.017 0.803583 925.428 225.074 0.721781 933.227 226.874 0.945215 0 0 0 950.879 228.89 0.855145 0
0 111 65 917.641 232.847 0.887109 931.412 266.101 0.834212 913.682 258.298 0.911036 900.027 299.355 0.43651 901.994 336.534 0.167316 956.69 272.014 0.796575 954.746 318.851 0.732344 929.321 350.238 0.766842 911.771 348.252 0.72124 896.034 401.118 0.850599 903.967 450.017 0.836159 943.073 352.112 0.779055 937.131 401.053 0.83387 948.908 448.006 0.851485 915.695 226.961 0.690888 929.245 226.985 0.945194 0 0 0 945.006 230.879 0.891841 0
0 111 66 913.692 238.627 0.925539 929.299 271.857 0.887174 902.017 262.144 0.835536 896.036 303.216 0.619082 898.051 344.345 0.233787 947.046 273.935 0.831909 954.814 318.907 0.741439 919.588 350.189 0.635173 901.917 350.284 0.761236 884.367 406.975 0.863833 884.382 459.825 0.932948 935.218 354.105 0.753566 933.217 401.084 0.894776 948.878 446.103 0.893646 911.747 228.913 0.743722 917.632 228.947 0.903914 0 0 0 935.212 234.811 0.842386 0
0 111 67 902.006 238.694 0.923239 917.59 271.861 0.88628 897.999 266.063 0.885085 884.432 305.224 0.60358 884.328 336.55 0.277982 943.033 273.87 0.845453 954.754 314.969 0.758851 933.255 320.887 0.604126 898.057 352.118 0.838179 882.277 410.824 0.820953 870.619 465.634 0.837579 931.249 352.125 0.841587 929.428 399.177 0.93167 946.995 446.03 0.940545 900.098 230.861 0.630432 911.775 230.88 0.897867 0 0 0 929.289 238.635 0.901586 0
0 111 68 897.968 240.715 0.958344 911.766 269.962 0.839375 888.288 269.987 0.813025 880.466 305.237 0.611117 868.731 334.601 0.378039 931.245 269.978 0.818829 945.007 315.012 0.718776 925.4 322.796 0.563986 892.168 352.205 0.724811 872.588 414.723 0.805598 864.735 475.441 0.820035 925.461 352.149 0.807442 927.344 401.123 0.80721 945.011 446.148 0.923792 896.035 236.727 0.72277 900.1 238.649 0.926427 0 0 0 917.585 240.613 0.905755 0
0 111 69 886.312 244.544 0.918612 900.067 273.882 0.902256 882.328 271.975 0.898752 868.771 309.127 0.638653 856.992 340.428 0.365903 923.49 273.982 0.795999 937.193 316.939 0.730858 921.545 330.657 0.566828 884.303 356.119 0.744748 866.778 416.738 0.790005 856.951 479.408 0.80624 917.594 358.065 0.796944 913.777 412.723 0.903466 944.89 444.18 0.925054 884.379 240.653 0.822085 896.107 240.69 0.957178 0 0 0 913.612 242.647 0.933557 0
0 111 70 882.318 248.451 0.900572 896.125 283.665 0.834587 870.699 275.904 0.854478 866.641 320.852 0.710093 864.727 354.143 0.421459 915.637 287.574 0.841051 929.244 332.559 0.761986 900.039 363.861 0.631001 872.644 365.925 0.704399 855.034 430.371 0.86583 853.071 487.175 0.847457 911.675 365.931 0.798651 905.853 418.73 0.803938 939.093 448.018 0.837357 880.399 242.608 0.71935 884.443 242.621 0.963755 0 0 0 901.991 246.519 0.86721 0
0 111 71 868.8 254.266 0.934237 884.445 285.622 0.861057 866.678 277.865 0.867354 853.04 320.902 0.653823 849.153 348.26 0.302029 909.78 287.637 0.80487 921.487 330.673 0.762879 898.085 363.882 0.562736 866.716 367.838 0.774837 850.985 428.553 0.848276 851.176 490.997 0.867605 899.973 367.875 0.82104 898.005 430.404 0.904996 933.322 448.096 0.848987 868.708 244.564 0.57325 878.497 244.581 0.883529 0 0 0 896.085 250.469 0.852654 0
0 111 72 862.835 254.372 0.917441 880.474 287.557 0.872177 855.036 281.761 0.829825 849.132 322.832 0.644652 841.279 361.97 0.380164 900.049 289.576 0.871987 913.592 336.546 0.79071 882.419 360.001 0.46497 854.962 369.801 0.720266 841.344 432.47 0.811357 851.179 491.016 0.898138 886.317 371.731 0.774047 882.399 436.276 0.831727 925.448 449.993 0.798512 862.794 246.529 0.455635 868.609 246.556 0.93074 0 0 0 884.387 254.351 0.92349 0
0 111 73 853.044 256.243 0.989001 870.727 287.622 0.853737 851.158 283.696 0.889716 837.452 324.766 0.488627 835.43 363.939 0.24442 897.96 289.65 0.85354 900.101 338.493 0.784656 878.475 363.931 0.432311 849.161 369.83 0.726898 837.356 432.389 0.854442 851.148 491.017 0.839726 880.406 375.636 0.76263 866.665 440.165 0.756384 913.602 451.957 0.782736 853.006 248.478 0.331466 860.834 248.503 0.849158 0 0 0 880.355 256.196 0.867641 0
0 111 74 847.166 256.315 0.932993 866.695 289.547 0.837194 847.183 287.56 0.792371 837.397 322.821 0.323576 831.535 365.855 0.242349 884.284 291.541 0.84423 894.158 336.599 0.695529 853.065 367.78 0.46233 851.02 373.703 0.660821 837.332 432.361 0.635879 851.168 491.066 0.710919 868.771 377.622 0.793827 837.42 430.509 0.831258 898.101 459.833 0.868923 843.259 252.332 0.497636 852.95 252.352 0.927937 0 0 0 868.713 256.222 0.94542 0
0 111 75 837.43 256.33 0.975394 856.946 289.515 0.833206 837.365 285.687 0.887411 829.567 322.858 0.398515 821.695 358.021 0.189955 880.433 291.587 0.808949 886.292 338.469 0.739991 839.362 371.738 0.5222 837.368 373.684 0.63263 835.373 432.415 0.607612 851.13 489.068 0.595702 864.727 381.437 0.756192 837.308 434.375 0.831366 882.321 465.637 0.694442 837.372 252.354 0.532475 847.125 252.404 0.852678 0 0 0 864.741 256.283 0.895828 0
0 111 76 831.525 258.196 0.919276 851.124 289.496 0.88103 831.482 285.636 0.817681 817.855 320.957 0.458363 806.121 352.127 0.168909 870.641 291.568 0.83618 882.352 338.485 0.778363 835.45 367.789 0.486548 821.724 367.818 0.657978 790.444 406.971 0.329893 802.15 444.102 0.0590499 853.015 379.58 0.774141 827.58 436.32 0.736102 858.933 479.383 0.831465 829.554 254.343 0.343152 835.51 254.367 0.94935 0 0 0 853.056 256.275 0.949293 0
0 111 77 821.757 258.26 0.966117 841.299 289.618 0.839515 819.811 287.565 0.931348 808.041 330.626 0.585278 804.061 360.015 0.332631 866.717 297.386 0.811998 872.627 346.285 0.710109 833.463 381.52 0.554806 821.677 379.52 0.660638 821.748 436.283 0.462759 847.193 485.247 0.495782 851 381.582 0.771967 819.783 436.336 0.79194 850.979 491.012 0.806816 821.703 254.373 0.545662 829.572 256.237 0.883689 0 0 0 849.114 258.198 0.912576 0
0 111 78 813.941 258.358 0.888238 835.44 291.496 0.892471 811.965 287.651 0.868496 804.125 332.547 0.60996 796.311 365.853 0.44163 855.043 297.36 0.797046 868.628 346.301 0.719877 835.385 383.441 0.554896 809.992 381.561 0.734541 806.022 440.223 0.84172 823.751 493.087 0.805797 837.376 383.534 0.790954 827.599 442.146 0.786713 851.01 491.061 0.848539 811.991 256.305 0.338045 819.855 256.328 0.999071 0 0 0 837.397 258.262 0.954546 0
0 111 79 806.051 260.301 0.937581 825.675 293.461 0.804151 806.001 289.592 0.92721 792.431 334.512 0.611391 790.446 369.766 0.444603 851.034 299.368 0.817882 856.967 348.268 0.72397 827.588 381.488 0.550797 806.093 383.469 0.735933 800.207 442.167 0.796093 806.11 506.671 0.836017 833.5 385.424 0.771197 825.697 442.149 0.78375 851.114 490.991 0.856205 806.021 258.195 0.321259 810.057 258.2 0.908424 0 0 0 831.515 260.19 0.860672 0
0 111 80 796.297 268.003 0.865931 819.756 295.418 0.866579 800.218 291.526 0.817535 790.377 334.603 0.710601 776.799 365.917 0.645224 837.388 299.34 0.839417 851.092 348.257 0.765518 823.68 385.457 0.54002 804.088 383.551 0.719352 821.821 440.189 0.774943 851.146 489.145 0.898171 821.775 385.416 0.796171 790.547 444.122 0.855691 784.592 510.674 0.789834 796.32 258.387 0.0836457 804.083 258.333 0.954241 0 0 0 819.793 262.2 0.927713 0
0 111 81 788.574 271.899 0.99585 811.951 303.152 0.832064 790.507 299.299 0.833055 786.543 338.535 0.453316 774.821 377.629 0.464584 833.439 303.344 0.873285 839.344 352.219 0.707521 804.058 391.267 0.556848 794.387 387.432 0.615314 819.833 442.175 0.746422 851.008 489.133 0.864952 815.84 393.263 0.717759 788.435 450.018 0.806425 768.931 520.449 0.807135 790.388 260.214 0.0957675 792.441 264.121 0.869781 0 0 0 810.015 269.946 0.835621 0
0 111 82 778.699 273.847 0.901631 804.102 305.265 0.854392 782.611 303.232 0.815845 772.852 340.48 0.456526 768.856 381.491 0.301175 821.777 307.246 0.843634 829.552 361.914 0.69074 790.48 393.218 0.544025 786.516 395.185 0.634218 813.898 444.128 0.720292 849.139 489.094 0.830433 804.14 397.173 0.741743 776.727 457.815 0.809997 759.203 522.418 0.889587 0 0 0 788.385 269.994 0.901354 0 0 0 804.106 272.002 0.957427 0
0 111 83 772.772 275.909 0.917067 792.423 313.023 0.813537 774.703 305.307 0.870491 761.11 350.296 0.581364 755.208 383.422 0.516523 813.928 318.855 0.823026 810.021 367.788 0.720461 774.717 397.174 0.670269 774.755 399.171 0.661422 800.216 449.969 0.716386 841.348 477.476 0.83138 792.37 401.152 0.748781 768.907 459.801 0.823091 757.16 524.414 0.901823 772.839 271.978 0.0826813 774.872 272.017 0.964136 0 0 0 792.423 274.023 0.89416 0
0 111 84 761.109 277.861 0.91685 784.593 315.005 0.805722 761.155 309.159 0.801012 749.351 352.196 0.519547 741.504 385.459 0.347822 804.103 318.856 0.877144 804.113 367.765 0.705299 759.101 395.191 0.565457 761.152 399.065 0.666121 761.127 457.827 0.463305 833.457 477.378 0.49991 788.465 399.141 0.796785 759.184 459.71 0.748317 757.114 526.306 0.670013 761.138 273.857 0.16815 770.885 273.887 0.951185 0 0 0 788.434 277.879 0.893796 0
0 111 85 755.214 283.698 0.910594 772.887 315.002 0.823626 755.249 309.165 0.786446 741.549 352.22 0.396466 733.679 395.179 0.224938 790.48 318.849 0.859973 792.441 367.814 0.684371 755.216 399.134 0.622708 755.225 399.16 0.619111 751.305 453.892 0.189514 819.735 475.462 0.615569 778.671 403.028 0.70864 745.502 461.711 0.864045 755.227 528.292 0.812479 757.101 274.027 0.140694 759.129 274.033 0.961827 0 0 0 774.851 283.708 0.900168 0
0 111 86 743.458 285.621 0.958667 765.014 318.834 0.825013 743.579 313.054 0.83108 733.72 354.125 0.359189 723.887 383.466 0.206138 786.49 320.889 0.838986 788.539 371.749 0.677297 745.476 401.129 0.578734 739.496 404.991 0.63965 739.565 457.849 0.288035 802.192 475.364 0.691694 761.114 412.757 0.748708 741.579 465.684 0.823689 755.197 528.256 0.832371 743.46 273.964 0.0648362 749.346 275.904 0.861475 0 0 0 766.967 283.717 0.832107 0
0 111 87 733.724 285.682 0.869582 757.089 316.952 0.848986 737.584 313.048 0.785976 725.861 352.179 0.480975 714.146 387.394 0.262978 772.902 318.934 0.888309 784.544 367.777 0.702903 751.306 397.154 0.508231 741.546 401.115 0.645355 737.622 459.769 0.39401 788.464 475.459 0.63483 764.986 406.966 0.691852 743.462 465.638 0.747336 753.224 530.183 0.77928 731.771 277.851 0.0543972 741.495 277.805 0.887301 0 0 0 757.123 285.603 0.914413 0
0 111 88 725.872 285.688 0.952 745.479 318.942 0.849025 727.831 313.064 0.862872 725.803 352.122 0.337072 706.31 373.692 0.138286 766.958 324.801 0.751175 774.851 371.721 0.543091 751.29 393.225 0.286735 735.624 405.015 0.600513 729.779 461.696 0.382445 770.889 483.283 0.658387 757.213 410.907 0.754599 731.722 463.758 0.779349 751.301 528.288 0.802979 725.791 274.024 0.0544906 727.931 277.801 0.895467 0 0 0 745.44 285.624 0.865071 0
0 111 89 714.145 285.632 0.900741 739.516 316.908 0.817944 720.001 311.111 0.779451 712.181 348.291 0.451562 696.588 356.125 0.416337 757.091 318.873 0.806627 757.098 352.206 0.720575 743.518 309.149 0.4934 721.919 401.101 0.618694 698.464 451.94 0.221027 708.205 477.39 0.102599 745.428 410.826 0.751223 727.815 471.532 0.752121 751.281 524.356 0.782649 718.05 274.069 0.0863542 723.865 277.798 0.843187 0 0 0 739.529 285.569 0.833671 0
0 111 90 708.177 285.614 0.882337 727.788 316.882 0.843119 712.16 309.175 0.807588 704.368 344.338 0.224932 694.539 352.215 0.228484 741.566 318.833 0.851036 745.426 363.913 0.686948 702.392 361.949 0.338926 725.794 401.124 0.614625 710.229 457.851 0.402015 725.792 495.036 0.494121 741.5 406.986 0.75186 727.922 471.525 0.850287 751.3 526.345 0.811962 710.099 273.975 0.106122 712.083 275.897 0.917517 0 0 0 725.939 285.607 0.886651 0
0 111 91 696.452 285.619 0.957432 718.043 316.912 0.805912 704.36 313.079 0.785748 694.596 348.291 0.361146 680.885 354.148 0.262605 729.833 318.856 0.81872 737.635 365.772 0.657124 696.481 367.799 0.363911 710.226 401.078 0.670368 682.799 457.76 0.604313 704.34 506.81 0.801855 729.841 408.867 0.743535 727.782 473.445 0.874724 751.273 526.335 0.792076 696.557 273.959 0.0666469 700.404 275.905 0.866853 0 0 0 714.204 285.589 0.832746 0
0 111 92 684.796 285.636 0.87759 710.227 318.833 0.861009 694.624 315.038 0.799918 686.738 352.157 0.121187 0 0 0 725.817 318.925 0.880335 735.615 365.823 0.561986 737.607 399.15 0.383293 694.592 403.062 0.685626 665.18 457.813 0.67222 682.817 510.687 0.724453 723.891 410.8 0.73687 725.946 473.451 0.822575 751.3 526.303 0.790084 0 0 0 694.463 275.947 0.865942 0 0 0 708.231 287.537 0.88287 0
0 111 93 676.953 287.589 0.881408 696.591 318.92 0.841807 686.714 318.813 0.769409 678.968 350.239 0.20075 665.172 354.132 0.155021 710.211 318.979 0.816555 696.626 352.221 0.240603 0 0 0 690.63 410.828 0.639593 653.453 459.787 0.627703 649.577 524.31 0.748935 712.239 412.812 0.77041 725.794 475.386 0.818127 749.321 526.266 0.826697 0 0 0 680.805 281.724 0.884208 0 0 0 694.632 287.628 0.980379 0
0 111 94 665.224 287.656 0.968525 692.603 320.872 0.812382 680.84 318.874 0.825043 665.161 354.172 0.374807 643.652 367.758 0.3566 698.456 324.753 0.760855 692.569 369.775 0.418814 661.282 367.887 0.178121 700.414 410.871 0.553267 719.985 475.445 0.78292 747.405 524.437 0.803302 692.623 412.818 0.733213 649.527 461.751 0.881812 633.893 528.253 0.853173 0 0 0 669.144 283.646 0.832711 0 0 0 684.763 287.642 0.887354 0
0 111 95 653.504 289.582 0.897462 678.929 322.792 0.830706 665.285 320.803 0.845284 651.519 359.972 0.436223 626.1 367.877 0.379109 688.721 324.764 0.764673 680.905 367.885 0.435474 647.595 369.809 0.152257 684.798 410.831 0.537487 710.228 475.386 0.747551 743.563 524.339 0.804799 684.765 412.85 0.719936 645.623 463.721 0.823428 624.118 528.258 0.780453 0 0 0 663.159 287.536 0.896014 0 0 0 676.983 289.608 0.898025 0
0 111 96 647.51 291.49 0.900737 667.2 326.725 0.809381 657.426 322.807 0.795148 647.549 363.888 0.600269 618.236 369.77 0.563034 678.928 332.597 0.785871 678.869 377.637 0.387424 635.898 369.787 0.141787 680.866 412.809 0.566714 696.499 477.423 0.846071 741.582 522.434 0.837891 678.963 414.766 0.759082 633.864 467.576 0.817681 618.289 537.937 0.85047 0 0 0 649.613 287.63 0.918861 0 0 0 665.22 293.496 0.857731 0
0 111 97 633.976 293.495 0.921784 659.373 326.743 0.786927 647.56 322.798 0.840112 631.994 361.965 0.535567 600.678 367.917 0.35841 669.152 332.591 0.780656 651.551 369.813 0.50808 618.306 367.903 0.417579 651.544 412.794 0.58083 680.886 481.308 0.736682 731.769 522.294 0.775249 663.298 414.849 0.71102 618.327 471.483 0.791447 618.2 538.021 0.901902 0 0 0 641.729 289.535 0.89281 0 0 0 655.416 291.599 0.815079 0
0 111 98 622.222 295.431 0.848921 647.632 326.738 0.818461 633.993 322.79 0.841737 624.124 361.921 0.446844 596.757 367.847 0.343074 659.336 330.641 0.790783 649.53 373.685 0.540146 610.422 367.904 0.3476 633.978 414.848 0.678568 616.308 475.401 0.748335 616.391 537.955 0.844549 655.448 418.736 0.697501 661.33 491.056 0.841284 721.939 520.459 0.764933 0 0 0 631.852 289.556 0.906224 0 0 0 645.589 293.512 0.828423 0
0 111 99 614.384 297.411 0.876355 639.791 328.71 0.733363 631.976 322.89 0.741366 618.361 356.11 0.34889 600.601 361.93 0.562203 647.579 332.619 0.801216 649.58 377.585 0.50696 649.618 406.93 0.327768 639.802 414.851 0.554515 637.84 491.036 0.636112 696.501 516.531 0.596975 641.741 418.723 0.697748 608.511 475.468 0.688225 616.361 538.12 0.814971 0 0 0 618.237 289.605 0.915016 0 0 0 632.019 295.425 0.825841 0
0 111 100 602.682 301.227 0.926741 633.859 332.594 0.7452 624.137 324.832 0.672394 610.458 365.788 0.391243 579.125 365.849 0.400429 639.801 336.463 0.808401 643.661 389.322 0.521763 630.01 418.72 0.137071 631.905 412.874 0.538279 606.532 467.614 0.183568 671.074 516.535 0.220631 639.808 418.676 0.683989 604.574 473.506 0.820831 618.201 538.033 0.892837 0 0 0 608.487 289.648 0.851807 0 0 0 622.224 295.406 0.781203 0
0 111 101 594.758 297.381 0.73217 620.206 330.618 0.764011 614.309 322.902 0.739164 596.746 361.978 0.365687 563.486 367.81 0.286119 629.979 334.523 0.825309 629.956 385.437 0.529547 573.263 383.415 0.254421 618.287 414.757 0.620913 598.626 473.42 0.365988 618.221 532.171 0.359196 633.845 416.818 0.740018 600.662 475.388 0.75345 645.65 522.391 0.347289 0 0 0 598.732 289.531 0.811614 0 0 0 612.4 291.523 0.799451 0
0 111 102 584.997 301.232 0.802999 614.357 328.721 0.67955 604.56 324.767 0.631304 588.938 365.823 0.147673 559.577 365.864 0.117154 618.245 334.481 0.803912 614.34 383.553 0.572739 559.568 383.47 0.222211 614.333 412.824 0.477944 557.617 453.898 0.192383 571.274 493.083 0.0806589 629.945 416.793 0.666777 590.849 475.37 0.712824 620.284 524.444 0.807113 0 0 0 586.97 289.641 0.822983 0 0 0 602.582 293.458 0.78416 0
0 111 103 573.26 295.459 0.811907 602.684 326.712 0.715537 596.766 320.955 0.686223 577.155 359.98 0.283311 540 367.741 0.190867 612.389 332.563 0.782414 598.728 383.415 0.51505 543.903 383.475 0.377099 602.587 410.832 0.48978 561.514 457.815 0.109716 555.57 461.617 0.0781028 618.22 416.708 0.706833 571.386 475.349 0.612167 604.632 534.082 0.603099 0 0 0 579.154 289.498 0.80794 0 0 0 594.756 289.611 0.757172 0
0 111 104 567.37 297.363 0.788742 596.753 324.817 0.705805 596.746 322.825 0.61624 571.41 358.034 0.344459 543.934 361.931 0.352312 594.773 330.672 0.757999 585.032 379.52 0.646902 539.971 367.893 0.485837 612.423 412.886 0.587991 588.924 473.486 0.78308 616.211 536.026 0.739568 600.725 416.719 0.770268 553.645 475.413 0.854774 579.104 538.083 0.780385 569.328 289.558 0.0933814 569.417 289.555 0.863978 0 0 0 584.976 291.573 0.780836 0
0 111 105 555.674 293.517 0.8141 586.98 324.778 0.768895 596.696 322.868 0.654828 569.313 356.136 0.377733 537.988 359.965 0.475677 584.9 330.619 0.787286 571.39 377.612 0.707922 528.287 365.912 0.623449 602.597 414.786 0.682849 588.988 475.427 0.824806 616.252 537.992 0.831155 586.984 416.79 0.758537 549.808 473.493 0.776825 549.745 539.993 0.761784 0 0 0 557.689 289.491 0.801874 0 0 0 571.345 289.661 0.816867 0
0 111 106 543.901 297.366 0.775052 581.079 330.618 0.716398 586.929 326.729 0.683787 569.303 365.902 0.116541 0 0 0 573.222 334.536 0.766418 571.403 389.344 0.688294 555.689 414.744 0.447789 598.658 416.713 0.722314 588.979 477.38 0.843994 616.25 538.019 0.815529 575.259 420.667 0.662827 538.054 475.331 0.856994 524.27 541.932 0.795831 0 0 0 549.799 289.531 0.817125 0 0 0 563.469 291.527 0.756454 0
0 111 107 537.99 303.175 0.760425 571.24 330.659 0.735289 579.149 328.691 0.608641 588.901 367.838 0.0912333 0 0 0 565.429 334.468 0.774214 563.465 379.578 0.375401 551.731 393.253 0.116466 584.992 416.732 0.707476 587.049 477.368 0.785769 614.347 536.121 0.710999 563.495 418.694 0.648502 526.313 475.506 0.782819 506.752 541.955 0.76906 0 0 0 539.953 291.583 0.749619 0 0 0 555.591 297.388 0.754294 0
0 111 108 524.437 305.292 0.764247 557.61 334.614 0.751508 567.414 334.529 0.599271 532.134 367.814 0.177043 493.081 359.975 0.311311 553.687 336.572 0.709574 547.86 385.442 0.454269 538.046 399.106 0.0984423 571.345 426.506 0.646045 584.896 481.285 0.740524 612.368 534.16 0.709386 553.686 428.48 0.703386 518.511 485.2 0.783531 493.097 543.892 0.800946 0 0 0 528.278 301.32 0.704311 0 0 0 541.968 301.321 0.715118 0
0 111 109 514.582 303.24 0.651381 547.801 336.459 0.637235 551.688 334.567 0.550972 522.406 365.841 0.264921 491.085 354.104 0.460551 542.006 338.473 0.638133 528.281 383.543 0.334089 491.029 367.861 0.274182 555.703 426.487 0.489296 559.588 477.344 0.275398 602.67 526.349 0.321786 540.072 428.536 0.619274 508.62 477.474 0.784531 491.029 545.849 0.748115 0 0 0 520.458 293.508 0.664532 0 0 0 532.185 301.278 0.73134 0
0 111 110 506.782 303.218 0.594655 538.096 334.614 0.768157 549.783 334.515 0.638158 508.784 363.887 0.236885 483.246 354.179 0.358056 528.265 336.526 0.670492 512.641 379.558 0.271649 475.37 379.52 0.149831 551.714 422.635 0.68185 545.837 479.396 0.751503 596.729 524.321 0.739354 524.319 426.472 0.701042 493.03 477.379 0.861441 490.981 543.918 0.770146 0 0 0 508.763 295.408 0.566231 0 0 0 522.457 301.336 0.741521 0
0 111 111 495.047 303.226 0.394498 524.453 334.52 0.763088 538.086 332.621 0.656702 496.972 356.075 0.139273 475.473 350.115 0.346597 516.551 334.618 0.68346 493.106 373.719 0.377046 461.796 367.889 0.280936 540.051 422.614 0.582811 524.33 477.416 0.470963 569.352 516.537 0.283889 518.446 426.534 0.633174 489.154 479.322 0.786815 489.137 543.921 0.751713 0 0 0 502.795 295.421 0.421738 0 0 0 508.791 301.229 0.725584 0
0 111 112 489.141 303.217 0.169153 520.403 334.51 0.763749 528.268 332.63 0.63134 536.033 375.63 0.0557636 0 0 0 508.64 334.563 0.729484 493.062 377.603 0.294866 455.859 367.826 0.19875 534.121 424.532 0.559354 518.429 477.416 0.583328 540.024 512.648 0.356659 508.71 428.404 0.697078 479.4 479.389 0.773452 489.115 545.844 0.765691 0 0 0 491.152 297.394 0.193961 524.348 303.183 0.064565 500.902 301.288 0.544519 0
0 111 113 479.309 301.29 0.272388 508.74 332.563 0.767349 522.311 332.579 0.670667 487.166 358.062 0.184926 461.798 352.178 0.466249 502.809 334.539 0.75226 492.995 383.483 0.54822 481.306 426.52 0.3359 526.336 414.819 0.683128 498.884 469.594 0.6762 537.971 508.642 0.757751 508.655 420.682 0.753998 475.43 477.339 0.852714 489.086 543.953 0.791943 0 0 0 485.221 293.448 0.298668 0 0 0 493.085 299.307 0.677241 0
0 111 114 473.47 299.358 0.0656205 500.877 330.659 0.760942 512.624 330.604 0.703021 504.772 358.122 0.0546219 0 0 0 489.166 334.547 0.741107 479.407 389.342 0.680186 463.663 412.867 0.452548 524.366 412.836 0.774191 492.999 465.676 0.693068 524.436 510.73 0.814698 504.752 416.757 0.723965 473.453 475.382 0.82393 489.058 542.029 0.804765 0 0 0 475.443 291.502 0.0944702 506.697 293.487 0.125764 477.47 299.322 0.532671 0
0 111 115 0 0 0 493.024 330.683 0.818981 508.624 328.666 0.695807 0 0 0 0 0 0 477.471 334.612 0.772903 475.372 393.235 0.742231 446.144 412.804 0.463391 522.35 412.773 0.798693 508.614 463.678 0.780191 524.378 508.796 0.724921 493.101 416.754 0.725468 467.612 467.627 0.735551 487.191 542.025 0.766154 0 0 0 0 0 0 496.975 291.561 0.136595 473.497 297.369 0.563808 0
0 111 116 0 0 0 483.3 328.727 0.763233 500.887 322.821 0.710241 494.992 354.157 0.0565593 0 0 0 471.469 334.594 0.711122 461.771 393.215 0.741854 444.122 412.783 0.511873 518.436 412.8 0.724189 506.683 471.546 0.65262 526.286 514.56 0.478523 491.033 416.802 0.681802 465.642 473.48 0.709957 489.076 543.951 0.769234 0 0 0 0 0 0 491.151 289.691 0.253809 461.766 293.482 0.513189 0
0 111 117 0 0 0 475.471 324.759 0.855184 494.992 320.84 0.774975 0 0 0 0 0 0 457.752 334.489 0.705854 453.935 395.245 0.706606 430.492 389.353 0.268481 510.663 412.744 0.745162 506.662 471.477 0.631449 528.252 510.685 0.470948 477.472 420.677 0.711171 463.757 485.203 0.728317 487.198 543.921 0.773818 0 0 0 0 0 0 485.216 289.51 0.29913 453.939 289.672 0.485386 0
0 111 118 0 0 0 471.533 320.89 0.849383 491.118 318.948 0.850499 489.144 352.293 0.0633932 0 0 0 448.066 322.863 0.74231 444.21 379.538 0.746995 432.386 408.903 0.589095 504.75 408.921 0.731779 459.791 463.714 0.418282 445.986 518.483 0.683909 475.339 412.876 0.781712 459.699 469.595 0.709501 489.064 540.027 0.7427 0 0 0 0 0 0 477.367 287.58 0.378858 448.038 289.52 0.600323 0
0 111 119 0 0 0 463.679 318.832 0.839395 487.144 316.965 0.745063 485.201 350.279 0.0656154 0 0 0 444.162 318.943 0.799019 432.41 381.415 0.69885 430.387 385.46 0.194888 493.108 401.062 0.713116 448.031 459.775 0.631266 432.453 512.641 0.727986 469.555 408.874 0.707869 453.939 461.829 0.696376 487.192 539.97 0.7756 0 0 0 0 0 0 475.378 287.542 0.272532 444.184 287.69 0.444717 0
0 111 120 0 0 0 459.839 318.844 0.889707 479.379 316.924 0.781522 481.342 350.261 0.132724 0 0 0 440.185 320.823 0.753616 428.483 381.484 0.776771 416.78 381.544 0.229122 491.042 401.081 0.745992 444.182 461.712 0.655187 430.353 516.521 0.784144 461.777 408.878 0.736816 448.045 463.719 0.660172 481.287 537.997 0.752546 0 0 0 0 0 0 465.691 287.527 0.239197 440.243 287.665 0.484984 0
0 111 121 0 0 0 453.932 318.918 0.850843 475.497 318.843 0.852868 477.344 354.114 0.0968921 0 0 0 430.455 320.843 0.824751 424.589 377.616 0.717704 412.797 406.985 0.552004 479.362 405.012 0.722781 444.164 471.541 0.439865 428.456 520.375 0.715292 450.009 410.879 0.731429 444.161 473.491 0.730706 475.519 537.941 0.84063 0 0 0 0 0 0 461.763 287.602 0.280294 430.438 289.625 0.482135 0
0 111 122 0 0 0 446.126 318.909 0.889981 471.502 318.885 0.802346 471.547 352.147 0.125997 0 0 0 426.554 320.809 0.805418 416.738 373.691 0.730334 403.042 387.384 0.607339 477.315 403.078 0.741174 432.411 467.593 0.491763 428.438 520.43 0.672229 446.182 410.888 0.744061 428.474 473.437 0.794549 473.46 526.29 0.795969 0 0 0 0 0 0 457.825 289.491 0.241396 426.467 289.647 0.519163 0
0 111 123 0 0 0 444.138 318.866 0.916463 463.735 316.969 0.80571 0 0 0 0 0 0 420.642 320.788 0.809422 412.806 373.706 0.762696 397.248 397.132 0.586526 469.574 401.068 0.750484 448.015 461.769 0.568593 432.37 522.334 0.340507 442.099 406.987 0.712107 418.704 465.665 0.750222 457.805 520.446 0.65595 0 0 0 0 0 0 453.936 287.554 0.350266 422.611 287.649 0.622973 0
0 111 124 0 0 0 436.336 318.972 0.844368 459.826 318.905 0.826809 457.771 350.181 0.0753855 0 0 0 414.733 320.854 0.836902 405.023 369.758 0.694859 397.128 395.228 0.689655 461.829 401.098 0.759951 442.141 457.761 0.547383 436.286 504.792 0.289025 432.369 408.915 0.711079 412.777 459.725 0.841521 440.229 508.632 0.775106 0 0 0 0 0 0 448.037 289.495 0.362414 414.788 289.611 0.571333 0
0 111 125 0 0 0 430.454 318.928 0.896123 457.763 318.854 0.786437 448.055 350.229 0.0724006 0 0 0 410.794 320.865 0.824457 397.248 373.705 0.81529 383.538 363.898 0.335702 459.801 399.201 0.799056 430.47 453.922 0.658687 432.378 506.677 0.494866 428.533 404.992 0.748908 399.094 446.16 0.825353 426.513 504.805 0.747695 0 0 0 0 0 0 446.021 289.497 0.31415 412.772 289.511 0.575109 1
0 111 126 0 0 0 428.479 318.897 0.91894 450.019 318.924 0.78394 457.795 356.058 0.139547 0 0 0 403.049 318.88 0.828456 395.225 365.87 0.798147 383.563 395.23 0.669658 448.012 399.108 0.796125 430.345 450.012 0.884916 430.503 506.813 0.795967 414.874 399.122 0.764864 397.22 446.046 0.901638 414.731 506.678 0.848109 0 0 0 0 0 0 442.198 287.685 0.307619 408.918 289.496 0.553833 1
0 111 127 0 0 0 426.458 316.967 0.845371 446.187 318.852 0.796651 455.89 354.17 0.204398 0 0 0 399.077 316.956 0.88887 383.542 365.868 0.854627 379.544 363.869 0.194488 446.141 397.156 0.804657 428.528 448.101 0.864071 428.465 508.728 0.842593 414.792 397.213 0.78963 397.095 442.149 0.826901 404.971 502.805 0.808376 0 0 0 0 0 0 438.27 287.646 0.313813 403.024 287.621 0.569163 1
0 111 128 0 0 0 420.671 316.937 0.839127 446.08 318.827 0.835563 449.995 354.141 0.136043 0 0 0 397.159 316.924 0.881955 381.568 363.942 0.860864 0 0 0 444.063 397.109 0.793833 426.541 448.103 0.827779 428.381 508.78 0.819042 412.781 397.128 0.783925 389.365 442.16 0.796193 395.19 498.938 0.815319 0 0 0 0 0 0 434.363 287.531 0.341452 399.203 287.513 0.532439 1
0 111 129 0 0 0 416.718 316.939 0.871244 444.192 318.856 0.871337 451.994 354.124 0.244331 0 0 0 395.149 316.889 0.840735 379.588 361.939 0.813644 371.711 395.187 0.451207 434.35 399.078 0.783439 428.426 455.876 0.814031 428.445 512.639 0.84124 401.097 397.193 0.798134 389.337 446.124 0.799861 381.463 494.984 0.833688 0 0 0 0 0 0 430.516 285.684 0.452844 399.056 283.715 0.507493 1
0 111 130 0 0 0 414.771 315.01 0.901028 444.133 318.819 0.874729 453.925 352.196 0.560122 446.108 383.563 0.314983 385.486 313.031 0.849718 369.771 354.192 0.760553 0 0 0 430.493 397.181 0.817954 424.58 449.996 0.791561 428.421 510.657 0.834562 397.198 397.117 0.817041 383.534 444.042 0.866512 369.859 491.02 0.838294 0 0 0 0 0 0 430.392 285.583 0.489185 397.186 281.719 0.576245 1
0 111 131 0 0 0 412.822 313.066 0.895314 440.237 316.92 0.824361 453.913 350.159 0.767567 446.082 381.575 0.627217 383.467 311.056 0.884596 367.735 352.222 0.832729 0 0 0 428.461 395.198 0.843779 424.536 448.054 0.832062 428.403 508.696 0.817395 395.143 393.237 0.73811 383.46 440.182 0.857144 367.761 485.181 0.824064 0 0 0 0 0 0 428.44 285.64 0.525633 395.237 283.691 0.628195 1
0 111 132 0 0 0 410.797 311.12 0.846022 432.374 316.924 0.846035 450.014 346.278 0.740315 449.979 322.818 0.317449 381.569 307.191 0.932855 363.915 350.21 0.857419 352.187 336.534 0.400489 420.639 395.239 0.822025 416.72 446.132 0.935949 426.519 506.659 0.819474 385.44 393.221 0.778989 381.441 440.209 0.896985 365.839 479.379 0.877365 0 0 0 0 0 0 424.57 285.602 0.528187 393.249 279.821 0.659236 1
0 111 133 0 0 0 403.056 311.114 0.825826 430.357 316.945 0.888155 446.034 350.27 0.710342 0 0 0 381.423 307.196 0.913261 354.163 348.29 0.823783 352.251 334.578 0.28586 414.871 395.197 0.835599 414.701 446.016 0.962354 424.546 502.824 0.769094 383.398 391.273 0.799432 377.623 438.238 0.825278 365.838 479.345 0.869716 0 0 0 0 0 0 418.736 285.589 0.508067 391.327 279.807 0.640829 1
0 111 134 0 0 0 401.062 313.078 0.855858 428.536 318.885 0.895975 440.218 354.167 0.4797 0 0 0 377.603 307.152 0.874904 350.293 348.272 0.856952 0 0 0 412.793 397.173 0.847503 412.807 448.069 0.903404 426.448 508.699 0.824342 379.537 395.186 0.762079 373.679 438.274 0.800427 365.809 481.28 0.849996 0 0 0 0 0 0 418.701 287.504 0.55398 389.359 281.74 0.637596 1
0 111 135 0 0 0 397.25 316.967 0.918025 426.477 320.829 0.859628 432.397 356.092 0.582783 424.583 379.565 0.123712 369.777 309.114 0.867991 348.234 348.211 0.796891 334.605 350.135 0.253147 405.011 397.153 0.832849 406.962 448.024 0.853677 424.548 508.691 0.814339 369.824 391.336 0.755034 367.877 438.258 0.873203 365.84 479.37 0.879998 0 0 0 0 0 0 416.762 287.655 0.570286 385.5 283.718 0.602 1
0 111 136 0 0 0 395.246 316.953 0.887154 416.769 320.827 0.87687 430.354 358.082 0.717162 428.465 381.487 0.395605 367.793 307.244 0.903918 342.377 344.373 0.771175 334.55 346.306 0.32341 401.089 397.153 0.886312 399.164 448.013 0.946663 420.624 508.64 0.81078 367.813 391.322 0.793157 365.925 434.356 0.888959 365.879 477.383 0.911129 0 0 0 0 0 0 414.803 287.667 0.654469 383.577 285.573 0.584926 1
0 111 137 0 0 0 391.267 316.915 0.851803 414.745 320.857 0.894483 426.518 361.929 0.743087 432.375 373.717 0.565865 365.85 307.181 0.907965 338.479 340.455 0.791708 322.846 354.135 0.43133 397.16 397.189 0.858719 397.154 448.009 0.93065 414.857 506.786 0.836168 365.761 393.217 0.758739 365.748 434.36 0.828446 365.806 477.487 0.85307 0 0 0 0 0 0 412.882 289.548 0.678378 383.553 285.604 0.519139 1
0 111 138 0 0 0 385.453 315.016 0.856056 412.793 320.819 0.88184 420.626 361.917 0.686743 432.382 373.666 0.525114 363.913 305.314 0.870334 334.644 338.556 0.798966 320.862 361.962 0.46334 391.329 397.178 0.804675 393.269 448.065 0.844588 412.916 506.731 0.837517 361.915 393.273 0.716726 363.85 436.318 0.743128 365.763 477.454 0.832621 0 0 0 0 0 0 412.792 289.557 0.640721 383.482 285.585 0.451309 1
0 111 139 0 0 0 383.592 316.881 0.869326 412.785 320.832 0.898968 416.772 363.922 0.611812 428.432 373.678 0.329573 361.979 305.307 0.846827 332.628 340.467 0.803575 318.848 365.857 0.592646 391.285 397.192 0.807885 385.442 446.103 0.917547 410.843 508.633 0.819941 361.908 395.176 0.720295 359.956 440.174 0.731397 365.768 477.488 0.858745 0 0 0 0 0 0 410.873 289.531 0.620178 383.394 285.585 0.464694 1
0 111 140 0 0 0 383.487 314.975 0.890263 410.808 320.847 0.892567 414.828 365.802 0.74407 426.549 381.538 0.598926 360.033 305.214 0.861651 332.552 338.529 0.803956 318.913 365.833 0.382975 385.408 397.099 0.831022 383.561 446.004 0.96025 403.067 506.703 0.814774 354.147 391.294 0.713536 356.128 434.375 0.767167 363.937 477.461 0.875794 0 0 0 0 0 0 410.833 289.576 0.650526 383.415 283.696 0.425643 1
0 111 141 0 0 0 381.607 311.088 0.887366 406.937 318.927 0.869432 414.827 361.946 0.74672 426.512 383.521 0.742734 358.018 305.169 0.86666 330.625 336.577 0.858886 316.904 365.825 0.489532 383.491 395.149 0.830296 383.511 446.071 0.970152 399.106 508.63 0.878404 352.183 387.393 0.743865 354.125 436.32 0.794613 363.908 479.39 0.851234 0 0 0 0 0 0 408.892 289.562 0.625774 381.56 283.692 0.416956 1
0 111 142 0 0 0 381.544 311.055 0.891888 403.076 318.907 0.863561 412.91 356.092 0.718494 422.598 381.541 0.725534 356.055 303.334 0.891107 328.681 334.571 0.825393 316.985 354.172 0.649666 381.57 393.267 0.809836 383.428 444.2 0.964726 395.156 506.756 0.838037 350.257 385.487 0.777392 354.126 432.394 0.835365 360.033 477.456 0.872983 0 0 0 0 0 0 406.972 289.566 0.621125 381.522 283.668 0.394179 1
0 111 143 0 0 0 381.468 309.13 0.889269 401.119 318.852 0.870797 412.821 354.172 0.731611 418.745 381.455 0.673802 354.153 303.321 0.903721 322.901 334.631 0.843278 314.992 363.922 0.609012 379.56 391.282 0.771777 381.61 444.061 0.913312 385.407 506.673 0.814323 350.133 385.424 0.778096 354.109 430.542 0.856357 361.93 479.348 0.859139 0 0 0 0 0 0 406.954 289.564 0.645576 381.527 281.745 0.398048 1
0 111 144 0 0 0 381.408 309.184 0.874123 399.201 318.915 0.90085 412.725 358.011 0.701232 416.798 375.623 0.641969 354.142 303.331 0.902904 322.874 334.466 0.80043 316.921 356.117 0.480342 379.534 391.276 0.738244 381.547 444.052 0.855051 381.453 504.775 0.814536 350.129 385.426 0.76517 354.128 432.391 0.83668 356.133 477.409 0.806367 0 0 0 0 0 0 405.01 289.562 0.685363 381.502 281.759 0.391137 1
0 111 145 0 0 0 381.409 309.102 0.878525 399.195 318.907 0.894947 408.935 358.024 0.694951 416.774 381.49 0.733553 354.166 303.243 0.88306 322.849 332.586 0.791848 314.983 358.075 0.539617 371.709 389.338 0.734695 379.486 442.205 0.778918 371.735 506.734 0.787353 346.266 383.511 0.73071 356.108 434.327 0.768587 356.113 479.361 0.733126 0 0 0 0 0 0 406.981 289.59 0.668408 381.583 281.712 0.37676 1
0 111 146 0 0 0 379.525 309.126 0.870017 399.154 318.939 0.93092 410.797 361.916 0.736465 424.538 381.438 0.749442 352.227 303.267 0.90329 320.95 332.601 0.815098 311.081 356.129 0.639135 369.79 389.353 0.754407 371.75 442.165 0.750519 367.797 504.813 0.817725 344.315 383.51 0.724844 356.085 434.374 0.738283 354.205 479.394 0.642414 0 0 0 0 0 0 406.938 289.589 0.697023 381.565 281.721 0.372008 1
0 111 147 0 0 0 379.496 307.2 0.881349 399.148 318.835 0.898428 408.918 354.106 0.759118 424.524 379.535 0.810668 352.196 303.215 0.894151 320.892 332.588 0.816791 311.073 356.098 0.554033 367.849 387.425 0.784242 369.821 444.076 0.772943 363.951 504.791 0.812252 338.5 383.47 0.746664 356.075 436.33 0.695371 354.197 483.242 0.510753 0 0 0 0 0 0 406.924 289.564 0.674714 381.544 279.776 0.372719 1
0 111 148 0 0 0 379.5 307.222 0.872118 399.138 318.869 0.903087 408.932 354.101 0.766536 424.532 379.569 0.807131 352.232 303.213 0.881348 320.873 332.559 0.806886 309.11 358.042 0.544757 367.807 389.346 0.773889 367.842 444.145 0.736212 358.072 504.791 0.67899 338.514 383.484 0.711052 356.078 440.222 0.674728 356.099 493.031 0.513803 0 0 0 0 0 0 405.02 289.574 0.664179 381.539 279.781 0.343464 1
0 111 149 0 0 0 377.593 307.216 0.859208 399.102 318.862 0.88773 410.815 354.118 0.785118 428.428 379.542 0.840817 352.162 303.191 0.876091 320.81 332.603 0.805371 307.218 363.918 0.521581 367.76 391.305 0.772285 365.914 448.098 0.713838 350.266 508.719 0.75588 338.469 383.531 0.686096 359.997 446.049 0.642588 352.191 504.717 0.594358 0 0 0 0 0 0 404.991 289.559 0.665991 381.499 277.87 0.324943 1
0 111 150 0 0 0 377.599 307.219 0.856161 399.116 318.883 0.890212 410.845 356.093 0.811315 430.44 383.447 0.880094 352.165 303.178 0.868861 320.788 332.643 0.809665 307.243 365.873 0.566174 365.856 393.234 0.781287 365.823 455.856 0.719105 344.38 510.674 0.685574 336.536 383.536 0.704069 361.972 448.049 0.59946 350.235 504.796 0.575587 0 0 0 0 0 0 405.02 289.552 0.694418 381.504 277.863 0.334025 1
0 111 151 0 0 0 377.576 307.251 0.842596 399.123 318.933 0.883384 412.721 356.126 0.807157 430.451 383.414 0.879106 352.12 303.188 0.870248 318.991 334.525 0.800084 309.162 367.802 0.499034 365.809 395.165 0.782843 363.89 459.801 0.75948 338.483 516.511 0.737265 336.488 385.417 0.701591 361.971 455.898 0.592645 348.235 506.752 0.515553 0 0 0 0 0 0 405.003 289.565 0.719389 381.505 277.865 0.329066 1
0 111 152 0 0 0 377.59 307.234 0.85535 399.124 318.919 0.892817 412.788 356.129 0.851453 430.473 383.465 0.912688 352.134 303.183 0.874959 318.989 334.504 0.829341 307.214 367.817 0.56107 365.814 395.161 0.791806 363.869 459.813 0.745938 336.569 516.539 0.757905 336.446 385.435 0.720304 361.965 455.879 0.586197 346.311 504.795 0.468157 0 0 0 0 0 0 406.919 289.585 0.705483 381.508 277.849 0.370691 1
0 111 153 0 0 0 377.624 307.247 0.85442 399.14 318.951 0.888885 412.867 356.059 0.848908 430.448 383.484 0.906543 352.162 303.16 0.874328 318.981 334.516 0.843279 307.188 367.826 0.567233 363.939 395.165 0.796641 363.91 461.7 0.783007 336.524 516.523 0.794192 334.603 385.415 0.716163 363.929 457.826 0.587177 344.37 506.7 0.437014 0 0 0 0 0 0 405.038 289.61 0.715728 381.521 277.863 0.368116 1
0 111 154 0 0 0 377.611 309.107 0.848474 399.103 318.969 0.898974 414.74 358.054 0.79329 434.331 381.542 0.811104 352.178 303.17 0.876754 318.949 334.492 0.828834 311.074 365.855 0.452981 363.888 395.21 0.776999 363.914 461.713 0.792418 336.479 518.482 0.806458 334.635 385.492 0.699093 363.926 459.742 0.630468 344.354 508.665 0.50944 0 0 0 0 0 0 405.029 289.581 0.730269 381.526 277.841 0.324804 1
0 111 155 412.812 299.321 0.1241 377.563 307.199 0.849364 397.256 318.875 0.873577 412.827 356.125 0.779983 436.31 381.47 0.780449 352.196 301.33 0.850626 318.971 332.606 0.806568 314.998 367.791 0.462496 359.98 393.253 0.754759 363.924 459.844 0.803041 336.454 518.468 0.810661 334.587 385.422 0.683584 367.837 457.851 0.648316 342.412 506.757 0.470886 412.785 289.54 0.164546 0 0 0 405.025 289.514 0.727344 381.563 277.828 0.268686 1
0 111 156 412.849 297.419 0.136755 375.654 307.183 0.849936 397.243 318.879 0.871588 412.882 356.123 0.784996 438.245 381.527 0.776729 352.164 301.316 0.852332 318.983 332.571 0.812403 316.892 365.923 0.541072 358.014 395.154 0.760015 365.804 459.796 0.798375 336.458 518.435 0.797724 334.506 385.42 0.683715 367.779 457.803 0.643058 342.413 506.754 0.491758 412.816 289.528 0.181708 0 0 0 405.023 289.49 0.734259 381.59 275.924 0.266702 1
0 111 157 412.861 297.353 0.161266 375.665 307.135 0.866573 397.238 318.813 0.869697 412.85 354.105 0.828192 434.327 379.518 0.800636 352.17 301.29 0.864459 320.802 330.668 0.810625 315.013 365.837 0.576682 356.086 393.216 0.762373 365.861 459.696 0.787996 336.459 516.48 0.7995 334.499 383.507 0.682984 369.764 455.825 0.639609 340.436 506.683 0.488567 412.846 289.5 0.214627 0 0 0 406.94 287.65 0.760805 383.38 275.879 0.258447 1
0 111 158 412.862 293.496 0.139317 377.586 305.316 0.88316 399.092 318.827 0.892044 412.814 352.272 0.852784 432.466 377.57 0.81066 352.165 301.227 0.865456 318.99 330.621 0.835729 320.814 359.995 0.531017 354.166 389.371 0.782819 367.756 457.757 0.797002 336.467 514.544 0.823834 332.565 381.565 0.70531 371.734 448.079 0.53883 340.458 504.74 0.357907 412.866 287.675 0.195575 0 0 0 408.885 287.601 0.783376 383.434 274.015 0.301121 1
0 111 159 0 0 0 377.621 305.266 0.895305 399.121 318.802 0.88906 412.882 352.256 0.860691 436.297 379.575 0.839435 352.206 297.404 0.843352 320.783 330.638 0.82655 332.6 354.1 0.319086 352.25 387.399 0.805002 367.857 455.835 0.775746 334.633 514.561 0.833858 326.75 381.445 0.714067 369.85 446.141 0.535221 338.537 502.832 0.317437 0 0 0 0 0 0 410.826 287.523 0.749218 383.439 273.883 0.349716 1
0 111 160 0 0 0 377.58 305.179 0.901634 399.096 316.9 0.874697 412.836 354.125 0.838385 438.253 381.466 0.793449 352.178 293.522 0.845265 320.78 328.72 0.800508 334.569 352.118 0.259097 352.224 385.497 0.808397 369.759 453.926 0.753971 334.646 512.642 0.818146 326.73 379.565 0.703772 371.745 446.099 0.484507 340.428 498.887 0.285592 0 0 0 0 0 0 408.94 285.644 0.739504 383.456 273.827 0.295911 1
0 111 161 0 0 0 379.53 303.338 0.909328 399.159 314.974 0.854577 412.796 354.145 0.833352 436.338 379.514 0.756348 352.24 291.565 0.83877 320.84 328.659 0.779509 330.644 352.214 0.194483 354.115 387.387 0.782345 369.773 455.836 0.735863 334.585 514.6 0.807369 328.687 379.585 0.71127 371.776 446.141 0.546071 336.61 504.734 0.332181 0 0 0 0 0 0 410.865 285.592 0.724308 383.478 271.955 0.33696 1
0 111 162 414.815 287.695 0.230486 379.534 303.247 0.899578 399.173 311.112 0.829127 412.719 354.2 0.811175 432.375 371.746 0.749497 352.245 289.662 0.843028 320.793 326.713 0.743635 324.806 358.017 0.163553 354.105 385.457 0.781773 373.686 451.93 0.65499 336.48 512.584 0.732568 324.797 379.527 0.734048 373.691 446.078 0.457836 338.511 498.901 0.354944 414.776 283.636 0.270323 0 0 0 408.908 281.737 0.731788 383.445 271.903 0.225981 1
0 111 163 414.861 287.572 0.286352 379.58 301.333 0.881548 399.157 307.224 0.848622 410.809 356.082 0.800081 430.522 373.665 0.727048 354.155 289.608 0.833904 320.886 326.717 0.737555 324.806 359.965 0.136708 354.114 385.424 0.786309 373.687 451.928 0.679289 336.593 510.686 0.756828 326.726 377.637 0.718865 375.666 446.041 0.516106 340.445 498.885 0.360135 414.785 277.876 0.324127 0 0 0 406.99 277.874 0.72667 381.625 271.879 0.167077 1
0 111 164 414.827 287.604 0.211148 379.569 301.285 0.873862 399.165 307.15 0.859614 408.874 359.961 0.786662 430.496 371.764 0.702651 354.133 289.588 0.851173 320.913 326.743 0.69549 334.562 352.143 0.112817 352.249 383.57 0.78035 373.696 453.902 0.693662 338.478 510.683 0.761532 326.751 379.51 0.713375 379.542 446.077 0.472032 346.261 496.931 0.312591 414.786 277.872 0.251258 0 0 0 408.938 277.834 0.738684 381.62 270.001 0.190675 1
0 111 165 0 0 0 379.566 301.258 0.868361 399.128 305.306 0.886156 403.079 363.918 0.820643 432.362 375.618 0.726701 354.143 289.564 0.853964 324.775 326.766 0.544158 332.617 361.898 0.0965554 354.163 385.427 0.751423 369.838 455.882 0.614021 342.424 510.723 0.607163 328.657 379.597 0.751495 375.643 448.048 0.551992 348.23 506.796 0.459774 0 0 0 0 0 0 410.841 277.811 0.649329 381.553 269.961 0.223256 1
0 111 166 0 0 0 379.546 301.255 0.851707 397.257 305.255 0.892254 399.23 363.91 0.861139 434.382 377.573 0.7233 356.069 289.606 0.816415 334.522 328.712 0.104848 0 0 0 354.125 389.36 0.762278 375.634 457.844 0.648734 346.289 510.662 0.713582 328.681 381.517 0.739988 373.725 448.081 0.435484 352.143 504.784 0.329423 0 0 0 0 0 0 408.886 277.824 0.62034 381.414 271.849 0.271476 1
0 111 167 0 0 0 377.558 301.27 0.835748 397.119 305.226 0.863521 397.143 360.021 0.822748 432.452 381.433 0.776615 354.125 291.495 0.825113 0 0 0 0 0 0 354.172 393.29 0.761227 373.664 459.681 0.739189 350.193 510.701 0.786875 330.66 383.5 0.720533 367.851 449.971 0.500606 352.211 504.729 0.404491 0 0 0 0 0 0 406.944 275.894 0.624247 379.56 269.979 0.218155 1
0 111 168 414.787 285.64 0.579796 375.614 303.311 0.876325 395.153 307.246 0.807513 391.302 365.775 0.814233 428.449 379.573 0.832496 354.155 295.429 0.805568 0 0 0 0 0 0 352.267 395.172 0.752655 369.803 455.857 0.756838 352.186 514.532 0.778376 332.581 383.558 0.712828 365.793 448.07 0.605463 354.133 506.782 0.479029 412.855 275.872 0.602678 0 0 0 399.161 275.854 0.751792 0 0 0 1
0 111 169 412.816 285.585 0.17904 369.854 303.332 0.877867 387.404 309.131 0.78718 383.527 365.944 0.878671 416.729 381.513 0.888554 354.108 299.326 0.788781 352.172 346.26 0.0595906 406.944 365.923 0.0604543 352.27 395.177 0.744087 367.911 457.805 0.8244 352.194 514.572 0.804374 334.48 385.443 0.696793 365.763 450.026 0.617143 354.204 506.752 0.478894 410.823 275.834 0.221967 0 0 0 397.252 275.87 0.662602 369.767 271.997 0.178354 1
0 111 170 405.016 283.696 0.321105 367.885 305.262 0.861769 383.47 309.151 0.833536 383.419 365.889 0.89337 412.864 395.212 0.834198 354.127 303.239 0.771586 352.255 350.222 0.0620719 0 0 0 352.153 397.221 0.795508 367.908 457.861 0.80809 352.183 512.647 0.822182 334.604 393.227 0.644453 365.907 451.957 0.610387 354.181 506.722 0.46455 399.194 274.005 0.385349 0 0 0 391.308 277.832 0.617154 365.94 275.877 0.104944 1
0 111 171 401.064 287.618 0.534995 365.881 313.028 0.814759 377.58 316.928 0.814148 375.657 367.868 0.826651 412.796 393.263 0.83582 352.243 307.18 0.783313 352.224 350.241 0.0632688 410.824 379.56 0.0961115 350.275 399.178 0.781169 367.75 461.724 0.825561 352.127 514.554 0.751157 336.452 397.127 0.683181 365.835 459.768 0.671812 354.154 508.669 0.534595 399.075 279.806 0.527294 0 0 0 385.413 283.647 0.69496 363.888 285.565 0.069877 1
0 111 172 399.126 287.546 0.636269 365.843 316.939 0.792624 369.766 318.927 0.876785 369.786 373.709 0.838637 412.778 393.23 0.859577 354.19 311.063 0.664042 358.061 358.04 0.0607592 0 0 0 348.241 401.098 0.757552 365.821 461.739 0.829281 352.094 514.549 0.815402 344.346 397.202 0.593487 367.746 459.717 0.623672 350.24 493.025 0.402504 395.232 279.765 0.593759 0 0 0 379.576 285.639 0.697701 0 0 0 1
0 111 173 397.104 287.596 0.703007 365.946 318.87 0.784108 367.863 320.847 0.897753 365.927 377.61 0.864322 399.109 397.074 0.932585 363.901 313.047 0.568176 369.764 365.885 0.0562571 0 0 0 340.479 401.073 0.77129 361.991 459.855 0.821291 352.096 512.63 0.854557 350.221 397.241 0.643035 379.501 446.125 0.55855 352.161 489.136 0.390383 387.416 279.825 0.627505 397.121 279.796 0.143114 373.68 287.539 0.724468 0 0 0 1
0 111 174 383.531 287.52 0.309193 365.915 316.973 0.759688 361.976 318.979 0.821325 365.772 379.496 0.845392 397.161 399.132 0.947439 371.746 313.018 0.575005 381.514 365.834 0.111709 397.181 395.22 0.141089 340.484 401.067 0.801716 358.072 459.838 0.829468 350.301 510.713 0.896122 361.931 397.241 0.670549 395.183 444.052 0.766958 399.085 479.347 0.268197 381.469 277.874 0.312211 381.541 277.824 0.0934013 369.795 285.58 0.527878 0 0 0 1
0 111 175 373.667 289.613 0.793373 365.831 320.9 0.762022 354.2 322.879 0.822986 356.072 379.582 0.802318 393.234 401.077 0.882935 369.829 318.931 0.660027 385.44 352.187 0.135077 399.125 356.124 0.148797 342.419 401.16 0.781507 356.124 461.687 0.840425 350.287 512.596 0.905068 363.868 399.126 0.678833 397.095 448.006 0.679111 385.504 465.682 0.12614 365.892 287.581 0.813528 377.643 285.642 0.820711 352.233 289.66 0.630675 383.5 283.64 0.352884 1
0 111 176 367.786 293.494 0.831749 367.766 322.791 0.812448 354.112 330.629 0.82916 354.104 383.529 0.746344 389.384 408.914 0.826646 381.496 318.908 0.726988 397.211 346.276 0.413421 401.058 365.864 0.411652 342.407 403.071 0.770625 354.152 461.674 0.902932 350.24 512.584 0.893871 365.869 399.088 0.678417 389.353 448.061 0.428335 397.147 475.442 0.215359 360.003 289.581 0.804727 369.828 287.608 0.864129 350.225 297.405 0.567234 383.4 285.684 0.657529 1
0 111 177 365.875 299.332 0.892212 367.857 324.788 0.813172 350.273 332.611 0.881054 348.243 389.326 0.632177 383.498 414.75 0.886344 389.343 320.88 0.799001 399.091 354.141 0.525632 399.219 375.639 0.530164 346.325 401.069 0.79395 352.276 461.686 0.923844 350.259 510.714 0.913137 375.616 399.101 0.768487 401.077 451.958 0.648843 365.842 491.008 0.663756 356.085 291.548 0.846771 369.748 289.539 0.911373 350.129 303.172 0.60122 383.401 289.486 0.784479 1
0 111 178 365.837 303.183 0.944748 369.769 326.743 0.802784 352.124 334.534 0.93589 340.437 395.214 0.67838 379.596 420.675 0.83559 393.251 320.858 0.796413 399.136 350.264 0.546008 399.111 375.676 0.488979 348.263 403.066 0.773415 354.131 461.825 0.877796 352.151 516.497 0.834055 373.697 399.11 0.74948 399.068 446.164 0.751057 381.457 506.65 0.800503 356.07 297.402 0.856955 367.896 291.526 0.913192 350.17 305.217 0.547331 383.395 289.667 0.791914 1
0 111 179 365.801 305.156 0.936881 371.786 330.621 0.779601 352.143 336.461 0.891949 342.375 397.129 0.751092 371.718 428.402 0.823148 397.192 320.967 0.841945 401.087 354.114 0.560774 399.204 381.463 0.459178 354.142 408.91 0.709874 354.178 459.786 0.785539 352.159 510.695 0.869855 391.301 401.142 0.703833 403.011 461.731 0.651007 395.217 516.523 0.723447 354.212 301.316 0.872768 367.871 297.378 0.870394 350.126 305.184 0.346085 383.394 293.465 0.786778 1
0 111 180 365.886 307.18 0.917969 377.626 336.494 0.850763 352.144 340.451 0.869341 340.489 399.135 0.742482 367.774 432.456 0.829787 399.165 334.487 0.866138 412.735 367.842 0.559581 412.858 389.37 0.374966 354.196 414.808 0.767988 354.134 463.665 0.795748 352.208 510.701 0.904474 397.102 414.738 0.816409 410.894 475.483 0.794633 412.867 537.985 0.863923 356.127 303.333 0.913349 369.791 303.151 0.892392 350.227 307.252 0.382001 383.493 301.289 0.837945 1
0 111 181 365.929 313.038 0.921715 379.498 338.479 0.826432 352.156 348.246 0.881658 342.402 399.219 0.76858 361.937 442.141 0.808286 399.216 334.603 0.889137 406.942 367.805 0.608082 406.981 385.504 0.582602 361.982 418.703 0.717548 356.091 461.744 0.683897 354.123 510.642 0.850729 399.076 414.87 0.801663 412.903 483.261 0.798481 426.454 547.841 0.810665 358.036 305.285 0.903369 369.822 303.347 0.920986 350.199 316.898 0.343554 383.574 303.254 0.858599 1
0 111 182 367.819 318.826 0.970194 381.416 344.342 0.83013 352.169 348.283 0.866277 338.535 401.071 0.764982 350.256 444.154 0.849731 403.096 338.513 0.783781 414.84 375.646 0.652866 412.746 397.09 0.632571 365.766 422.581 0.74162 361.911 461.757 0.698946 354.128 508.765 0.86748 399.163 420.622 0.748678 414.805 489.084 0.792005 430.406 555.627 0.854596 361.971 311.069 0.847 371.787 307.153 0.873028 352.138 318.986 0.322669 385.514 305.318 0.832134 1
0 111 183 367.93 320.778 0.950502 381.489 344.346 0.853977 352.171 350.135 0.84484 338.47 401.05 0.756563 340.447 446.087 0.804302 408.898 338.51 0.780075 414.886 373.703 0.611304 412.757 397.22 0.555964 369.756 426.542 0.734163 365.784 471.483 0.62295 354.15 510.699 0.77472 408.944 426.457 0.703533 414.875 491.15 0.801306 430.473 565.424 0.834674 363.928 316.905 0.883026 377.603 313.003 0.836283 352.229 318.98 0.442098 389.359 311.052 0.771925 1
0 111 184 369.836 322.865 0.890733 383.429 352.112 0.932015 354.145 354.144 0.830046 336.437 408.863 0.844278 334.496 455.854 0.884038 412.748 350.128 0.856255 418.681 381.573 0.602931 416.74 405.026 0.557013 369.801 432.391 0.753904 367.849 479.389 0.754426 361.989 514.555 0.728447 412.787 430.437 0.791975 416.788 495.034 0.806377 430.357 569.316 0.874131 365.836 318.999 0.964647 379.582 318.835 0.929356 352.292 322.843 0.352198 395.141 318.803 0.828772 1
0 111 185 373.689 328.7 0.837375 383.531 354.113 0.886889 356.138 361.965 0.807793 334.55 410.867 0.863151 322.807 457.775 0.897805 412.843 352.098 0.860784 414.802 383.511 0.504423 412.795 408.913 0.508339 379.584 434.375 0.735576 367.868 489.13 0.786658 363.905 522.351 0.795286 414.839 432.402 0.740062 424.52 500.85 0.716771 430.487 569.342 0.860714 367.751 320.93 0.977146 381.507 320.82 0.962934 358.019 326.771 0.27998 397.093 320.833 0.879329 1
0 111 186 377.604 334.513 0.911731 387.411 363.852 0.812096 361.93 365.944 0.868171 334.476 414.74 0.885442 316.958 459.768 0.900378 414.86 356.068 0.779561 426.5 391.286 0.447161 418.715 412.887 0.480044 381.534 444.059 0.783861 373.682 504.765 0.666145 371.745 522.338 0.62508 416.8 440.188 0.703507 428.376 506.771 0.821041 432.462 573.236 0.825442 367.868 326.768 0.921135 381.588 322.84 0.942116 363.928 334.549 0.222383 397.232 322.848 0.865133 0
0 111 187 379.602 336.48 0.93712 391.266 365.842 0.863378 363.95 367.937 0.874822 332.606 414.871 0.842656 307.156 459.768 0.920528 414.887 358.086 0.795582 430.371 393.263 0.529036 426.512 416.757 0.546803 381.533 449.992 0.7752 383.473 518.439 0.716058 381.468 528.283 0.520453 418.724 444.196 0.735223 428.502 508.724 0.855672 432.454 571.399 0.849484 369.815 332.593 0.906161 383.529 328.73 0.896689 365.809 334.616 0.213656 399.127 330.62 0.821722 0
0 111 188 381.543 338.483 0.908508 393.227 367.816 0.856849 365.85 371.744 0.829869 334.496 416.715 0.826151 305.217 459.765 0.947032 416.757 365.829 0.803129 434.354 401.092 0.435773 428.4 420.654 0.452187 381.584 457.818 0.738144 389.325 524.311 0.592654 385.453 541.924 0.532881 420.665 448.073 0.637308 428.528 508.783 0.762043 432.437 573.241 0.837251 371.788 334.608 0.911776 385.481 334.455 0.896588 367.737 336.586 0.213876 401.076 332.633 0.816371 0
0 111 189 381.608 344.314 0.895274 395.149 369.779 0.8379 365.842 373.739 0.832101 334.584 416.79 0.841526 305.147 457.862 0.922773 420.669 367.8 0.80113 446.026 401.137 0.447503 426.513 424.542 0.300541 381.595 461.738 0.794587 397.262 526.319 0.752328 399.217 553.723 0.501456 418.704 457.774 0.722491 428.496 516.492 0.787588 432.421 575.185 0.864139 375.631 336.526 0.916501 387.396 334.64 0.916803 367.78 336.662 0.225323 403.052 334.596 0.859639 0
0 111 190 383.431 350.111 0.962389 397.096 373.677 0.842176 365.958 379.6 0.882521 336.479 418.675 0.850482 305.179 457.804 0.908302 424.534 367.839 0.802005 446.161 403.069 0.683257 428.429 428.526 0.800284 383.433 461.785 0.804871 397.195 522.34 0.841671 406.951 569.321 0.816301 420.641 457.771 0.7268 428.555 514.571 0.799424 432.413 571.358 0.851607 377.604 340.422 0.881052 387.448 336.635 0.904797 371.713 350.101 0.147805 406.968 336.608 0.847733 0
0 111 191 383.498 352.124 0.971346 395.23 379.495 0.843542 365.904 383.475 0.920266 336.522 424.546 0.839116 307.196 453.922 0.851228 422.582 367.827 0.794617 446.159 399.12 0.698727 426.461 434.329 0.659125 381.598 465.683 0.774844 399.055 524.316 0.8502 412.771 581.089 0.874834 418.68 459.781 0.744067 428.528 520.365 0.786741 430.511 575.206 0.82482 379.509 348.225 0.898828 393.213 344.333 0.860856 367.901 350.276 0.258629 410.799 344.318 0.803067 0
0 111 192 383.556 356.128 0.906477 397.18 383.488 0.913253 365.957 385.467 0.865768 340.41 426.469 0.793196 316.938 450.032 0.857399 428.434 381.489 0.831121 448.087 420.674 0.653996 426.49 446.163 0.75417 381.599 475.4 0.786785 399.138 536.083 0.831102 416.809 590.87 0.848488 420.636 469.545 0.673937 430.392 524.354 0.750314 432.37 575.257 0.767234 379.574 352.093 0.958386 395.186 350.217 0.933891 367.866 352.28 0.266913 410.874 350.272 0.857028 0
0 111 193 383.553 365.811 0.964111 399.186 391.266 0.857596 367.866 393.24 0.82846 348.241 424.553 0.785165 320.888 450.007 0.885576 430.5 385.512 0.810674 457.753 428.501 0.751366 424.584 453.917 0.742065 381.588 479.357 0.775494 399.205 543.889 0.773781 420.656 614.296 0.77871 424.586 475.464 0.717086 430.37 526.284 0.705953 430.459 573.276 0.873641 379.596 356.098 0.91673 395.186 354.144 0.907545 377.529 365.8 0.110288 412.797 354.169 0.885364 0
0 111 194 383.572 369.775 0.94338 399.119 397.08 0.905926 367.736 397.253 0.91655 348.289 430.488 0.781589 324.802 453.872 0.827269 430.533 389.388 0.801455 459.746 440.18 0.734602 426.518 461.82 0.771014 381.597 493.009 0.791752 404.979 561.505 0.773107 424.546 633.863 0.824154 422.605 487.181 0.672139 428.527 534.115 0.522968 430.463 575.221 0.82666 381.417 365.834 0.982294 395.208 363.909 0.929191 371.759 367.785 0.120603 412.787 363.891 0.892604 0
0 111 195 383.569 379.512 0.931078 397.237 401.148 0.889438 365.905 403.095 0.847868 348.273 440.193 0.729236 334.49 457.756 0.815651 430.37 399.185 0.819586 457.82 444.088 0.643342 426.529 475.468 0.777041 383.402 500.876 0.745943 406.98 573.249 0.788812 426.554 647.573 0.848517 422.584 493.117 0.681058 428.386 534.145 0.45059 430.448 577.166 0.808544 381.43 367.918 0.944769 395.222 367.843 0.938461 379.506 381.372 0.102935 412.8 367.885 0.912735 0
0 111 196 383.547 383.484 0.963752 399.068 416.713 0.896604 367.809 414.84 0.882155 340.417 459.719 0.787373 358.062 438.245 0.445736 430.356 416.759 0.7896 455.854 457.797 0.396306 426.508 479.386 0.616398 383.582 510.676 0.739674 408.93 584.935 0.816131 428.4 655.447 0.819777 426.546 506.743 0.703123 428.561 526.323 0.436149 432.375 579.122 0.785074 381.411 379.503 0.91421 395.234 377.562 0.892797 373.689 381.575 0.0908319 412.838 379.509 0.869026 0
0 111 197 383.549 393.235 0.906752 399.095 422.57 0.878961 365.905 418.744 0.86044 348.291 461.784 0.790674 348.281 453.877 0.585733 430.503 422.626 0.773927 457.839 461.786 0.563809 428.447 485.21 0.610234 385.497 522.328 0.75969 408.947 590.88 0.794627 428.5 663.181 0.861713 428.511 510.671 0.710793 430.404 540.003 0.405121 434.352 584.908 0.732547 381.414 383.486 0.94444 395.243 383.415 0.939749 381.357 395.208 0.0553443 412.837 383.466 0.921509 0
0 111 198 383.492 397.246 0.990097 399.09 428.44 0.916394 367.739 428.415 0.88704 350.169 473.452 0.782689 352.23 459.793 0.329266 430.43 428.455 0.828417 459.699 473.462 0.667104 424.566 491.052 0.74681 385.408 524.406 0.750812 410.831 598.677 0.83268 430.364 665.211 0.894491 428.466 522.323 0.730614 442.11 579.113 0.367439 440.19 587.048 0.615785 379.583 391.299 0.894068 395.158 389.351 0.868062 369.812 395.235 0.0570325 412.797 391.33 0.874658 0
0 111 199 383.505 404.996 0.899434 399.103 434.355 0.85621 367.777 434.324 0.833125 352.091 481.324 0.704158 338.461 477.444 0.455244 430.408 434.345 0.79709 457.855 475.49 0.71327 422.593 496.952 0.708399 383.522 536.07 0.759461 408.86 602.554 0.814729 428.561 665.311 0.896497 426.551 530.202 0.703238 442.118 588.957 0.574512 440.236 594.802 0.341794 379.51 397.262 0.943723 395.163 397.179 0.921809 367.808 399.124 0.102785 412.786 397.167 0.913519 0
0 111 200 383.543 412.772 0.952396 399.096 438.29 0.86867 365.908 438.257 0.838527 350.18 493.012 0.766672 352.132 483.271 0.523566 430.483 438.284 0.779112 459.69 477.435 0.752258 424.554 506.647 0.766579 383.522 538.111 0.791074 406.975 608.49 0.785902 430.351 669.106 0.887078 426.548 534.13 0.690613 434.391 596.729 0.567281 444.038 604.575 0.506604 379.552 401.152 0.90403 395.205 401.071 0.896224 367.848 401.174 0.181728 412.814 399.224 0.914864 0
0 111 201 383.485 414.814 0.981765 399.107 444.144 0.933555 365.906 444.143 0.911201 352.202 489.143 0.719986 338.498 508.668 0.737059 430.498 444.107 0.863978 459.7 487.149 0.735318 426.475 506.798 0.779269 383.528 541.932 0.7573 403.089 608.511 0.798759 428.542 667.217 0.88535 428.378 539.935 0.715534 430.524 600.693 0.648339 444.162 616.316 0.537013 377.639 410.872 0.911504 393.235 408.904 0.860359 367.832 412.702 0.190829 412.73 405.029 0.878858 0
0 111 202 383.457 422.593 0.908439 399.12 446.142 0.924266 365.885 446.096 0.920261 352.191 491.125 0.854647 336.545 524.261 0.922445 432.375 448.015 0.793978 459.705 491.093 0.7632 424.537 508.78 0.767453 383.485 547.837 0.765558 405.026 616.227 0.815724 428.543 669.13 0.881528 426.506 543.922 0.724408 428.459 616.228 0.648393 448.046 633.924 0.628016 377.599 414.751 0.925451 393.215 412.852 0.886291 367.742 414.75 0.161646 410.858 410.893 0.869246 0
0 111 203 383.389 428.449 0.982769 399.102 448.069 0.907507 365.792 446.155 0.908991 350.301 495.055 0.854207 334.61 538.055 0.934791 432.444 451.999 0.754463 455.863 504.737 0.709945 428.463 524.268 0.828332 383.408 553.689 0.793322 410.804 618.195 0.783707 440.243 665.156 0.698312 424.529 551.733 0.701623 420.643 616.344 0.743259 442.168 667.213 0.672128 375.646 416.811 0.882725 391.27 416.712 0.861238 365.925 416.796 0.107646 412.726 414.696 0.919444 0
0 111 204 381.537 430.553 0.957258 399.071 453.89 0.852185 365.862 450.006 0.845766 350.223 504.731 0.83251 332.641 551.732 0.87566 430.494 455.874 0.751704 453.874 500.886 0.633874 424.56 522.412 0.673604 383.403 557.634 0.749102 410.865 624.144 0.675207 442.188 674.974 0.605531 424.547 555.609 0.692278 420.629 622.21 0.64316 434.353 673.067 0.559374 373.717 426.545 0.896045 387.438 426.481 0.859591 0 0 0 410.887 418.721 0.836288 0
