1 111 51 0 0 0 555.703 602.639 0.8249 602.634 586.929 0.698675 616.334 569.402 0.407263 571.333 539.997 0.55146 514.574 622.196 0.618404 473.411 629.958 0.51318 495.048 577.19 0.39848 614.318 698.473 0.337061 0 0 0 0 0 0 551.763 714.172 0.247249 0 0 0 0 0 0 0 0 0 0 0 0 567.374 555.653 0.288093 522.353 569.362 0.220317 0
1 111 52 0 0 0 555.579 586.913 0.65717 600.691 571.321 0.653172 616.382 565.29 0.0979501 0 0 0 510.653 602.581 0.384878 475.515 628.032 0.234991 0 0 0 612.383 688.693 0.250677 0 0 0 0 0 0 555.626 714.149 0.251846 0 0 0 0 0 0 0 0 0 0 0 0 563.469 541.992 0.237401 518.468 549.769 0.168807 0
1 111 53 0 0 0 553.759 571.232 0.854413 602.595 557.617 0.765734 618.219 514.585 0.78584 563.489 512.577 0.591626 508.674 584.995 0.614018 475.433 618.244 0.331471 0 0 0 616.274 669.134 0.513487 0 0 0 0 0 0 553.718 686.762 0.436195 549.756 714.185 0.0699692 0 0 0 0 0 0 0 0 0 559.566 526.285 0.333912 518.444 539.97 0.350753 0
1 111 54 0 0 0 551.708 571.271 0.136413 600.629 551.751 0.258591 618.305 506.775 0.506724 567.364 508.709 0.368502 0 0 0 0 0 0 0 0 0 0 0 0 0 0 0 0 0 0 0 0 0 0 0 0 0 0 0 0 0 0 0 0 0 543.919 530.208 0.0909179 0 0 0 0
1 111 56 0 0 0 553.7 539.992 0.430764 598.685 522.403 0.449022 0 0 0 0 0 0 506.715 559.572 0.238464 479.341 596.74 0.125096 0 0 0 616.342 651.508 0.184074 0 0 0 0 0 0 557.593 651.543 0.135655 0 0 0 0 0 0 0 0 0 0 0 0 553.712 491.13 0.217872 506.778 508.752 0.184779 0
1 111 62 0 0 0 545.898 504.74 0.705281 592.813 477.336 0.644229 586.969 432.378 0.223691 569.367 381.479 0.2781 506.678 526.279 0.581338 491.044 571.272 0.354617 0 0 0 631.927 616.281 0.547196 581.052 598.685 0.0661464 585.065 661.299 0.223682 583.015 630.015 0.376374 534.145 598.657 0.111235 586.896 665.213 0.446437 0 0 0 0 0 0 549.772 450.033 0.381538 502.798 475.395 0.322093 0
1 111 63 0 0 0 549.737 491.041 0.734322 588.941 465.666 0.634076 583.041 428.476 0.12061 571.263 379.532 0.178158 508.702 510.693 0.610972 493.031 565.402 0.415821 0 0 0 622.158 594.76 0.441559 0 0 0 0 0 0 557.657 606.56 0.437303 522.38 573.287 0.107944 588.898 649.567 0.18845 0 0 0 0 0 0 543.924 442.152 0.33866 504.745 463.744 0.359222 0
1 111 71 0 0 0 551.729 446.039 0.634208 592.847 416.76 0.592476 647.577 399.169 0.187684 614.352 381.56 0.0618214 508.7 475.401 0.373055 506.754 532.164 0.385399 0 0 0 635.849 569.321 0.519551 0 0 0 0 0 0 575.233 581.083 0.410642 539.993 538.03 0.0738705 0 0 0 0 0 0 0 0 0 541.933 391.308 0.303772 491.144 416.751 0.286 0
1 111 72 0 0 0 555.712 442.196 0.747344 594.768 412.877 0.700458 643.694 397.192 0.142862 0 0 0 524.361 465.687 0.580442 510.67 530.243 0.589007 491.088 520.415 0.119757 641.745 557.618 0.506016 563.462 536.111 0.0643135 0 0 0 585.019 575.229 0.513167 540.082 538.061 0.111889 563.445 604.558 0.433061 0 0 0 0 0 0 542.001 395.179 0.442427 495.039 416.797 0.319845 0
1 111 73 0 0 0 555.708 438.274 0.689933 596.721 410.826 0.644461 647.549 401.108 0.14895 614.335 375.653 0.0539539 524.371 467.608 0.491643 512.58 526.29 0.467926 492.998 520.436 0.15147 645.654 549.8 0.447348 0 0 0 0 0 0 586.944 571.299 0.45423 553.649 581.1 0.0512755 565.442 602.648 0.336182 0 0 0 0 0 0 542.021 391.269 0.337848 495.033 414.835 0.262302 0
1 111 74 0 0 0 555.636 432.444 0.70178 594.76 405.029 0.626972 626.111 363.894 0.113261 0 0 0 524.381 461.771 0.467461 520.443 522.442 0.344488 489.105 514.59 0.0955552 647.631 540.026 0.445065 0 0 0 0 0 0 588.959 565.425 0.392895 536.02 520.428 0.0832306 0 0 0 0 0 0 0 0 0 545.9 395.192 0.443973 494.995 414.783 0.284849 0
1 111 75 0 0 0 547.799 442.159 0.355845 596.753 410.852 0.5173 633.95 397.136 0.0823164 0 0 0 512.598 461.74 0.174827 0 0 0 0 0 0 645.678 526.309 0.175399 0 0 0 0 0 0 581.1 549.788 0.108152 0 0 0 0 0 0 0 0 0 0 0 0 543.904 395.187 0.436751 491.123 412.864 0.232158 0
1 111 76 0 0 0 555.673 432.379 0.714131 592.796 399.129 0.662195 573.346 365.728 0.227978 571.358 303.228 0.462345 534.122 463.709 0.431519 522.364 522.436 0.395537 493.019 508.764 0.367133 653.464 518.477 0.396654 569.292 542.018 0.0646802 583.019 585.008 0.0872502 612.383 551.704 0.386195 559.543 561.528 0.0794939 571.352 602.598 0.21361 0 0 0 0 0 0 547.782 395.244 0.437964 492.973 414.846 0.378918 1
1 111 77 0 0 0 557.574 428.48 0.638602 594.763 397.189 0.60506 571.347 363.842 0.079682 575.203 305.185 0.250665 537.973 459.762 0.421339 522.424 522.337 0.207459 496.937 510.648 0.169724 653.466 508.731 0.394514 0 0 0 0 0 0 610.448 540.009 0.351463 524.395 518.477 0.098073 0 0 0 0 0 0 0 0 0 545.897 393.249 0.301554 496.975 412.882 0.236322 1
1 111 78 0 0 0 555.702 428.4 0.661602 590.885 397.099 0.612747 573.26 363.846 0.0870527 575.212 305.282 0.220446 536.052 457.812 0.418224 524.327 522.332 0.235953 496.956 514.577 0.121477 659.375 506.708 0.428004 571.256 528.276 0.0699483 581.064 584.958 0.0871351 610.435 537.995 0.322102 567.363 547.83 0.116579 573.32 604.56 0.253854 0 0 0 0 0 0 547.85 395.177 0.323704 496.954 412.774 0.242243 1
1 111 79 0 0 0 553.736 428.467 0.589157 588.963 397.116 0.599771 577.206 359.986 0.0720409 573.301 307.154 0.232047 528.262 451.966 0.260331 530.194 514.592 0.128276 0 0 0 661.319 508.658 0.433286 586.979 549.791 0.080679 586.934 573.325 0.063732 602.637 538.062 0.305149 569.301 551.726 0.15875 582.987 602.618 0.33684 0 0 0 0 0 0 547.816 391.276 0.320316 493.115 408.884 0.259666 1
1 111 80 0 0 0 553.635 426.493 0.463376 588.957 395.241 0.514065 583.013 356.1 0.0740098 575.196 307.219 0.218685 510.652 446.068 0.241127 0 0 0 0 0 0 661.312 508.704 0.360038 0 0 0 0 0 0 602.607 537.996 0.188641 569.334 547.832 0.0954664 586.99 594.764 0.210247 0 0 0 0 0 0 543.888 383.478 0.27501 495.027 406.976 0.19946 1
1 111 81 0 0 0 553.651 428.434 0.448181 588.889 395.212 0.481008 583.052 356.107 0.0677943 573.286 309.152 0.246503 512.62 453.914 0.20727 0 0 0 0 0 0 663.229 506.758 0.294664 0 0 0 0 0 0 612.404 536.095 0.186619 571.298 553.693 0.0531615 0 0 0 0 0 0 0 0 0 541.953 381.532 0.224828 493.134 408.913 0.296248 1
1 111 82 0 0 0 555.736 420.653 0.676244 585.012 385.473 0.551713 579.156 350.235 0.0811565 571.383 303.287 0.268044 538.064 455.854 0.484293 553.619 508.728 0.407205 508.722 534.091 0.5137 665.192 506.725 0.410429 0 0 0 0 0 0 624.121 536.103 0.39422 569.306 545.883 0.0576999 602.571 584.976 0.16312 0 0 0 0 0 0 540.013 381.467 0.241338 500.858 414.751 0.403573 1
1 111 83 0 0 0 555.585 420.688 0.521161 581.069 391.28 0.413567 586.913 352.135 0.0715716 575.24 305.242 0.202994 538.051 450.021 0.327888 553.613 506.798 0.349511 510.655 536.102 0.463844 665.249 512.61 0.310108 0 0 0 0 0 0 624.142 538.072 0.347219 571.337 571.295 0.0722649 0 0 0 0 0 0 0 0 0 539.975 381.556 0.171857 500.874 412.828 0.296192 1
1 111 84 0 0 0 555.588 420.633 0.659225 573.306 391.307 0.418082 0 0 0 0 0 0 538.103 448.042 0.574163 555.741 508.637 0.537491 510.683 537.975 0.706895 665.29 508.706 0.356096 0 0 0 0 0 0 629.998 541.972 0.447861 0 0 0 0 0 0 0 0 0 0 0 0 537.987 381.549 0.177424 498.906 412.833 0.436172 1
1 111 85 0 0 0 553.686 420.668 0.604268 569.408 395.175 0.382142 0 0 0 0 0 0 538.08 448.019 0.51719 559.579 506.808 0.518418 514.587 539.944 0.726812 667.218 508.708 0.265326 0 0 0 0 0 0 631.998 547.811 0.443765 555.593 522.368 0.0521375 0 0 0 0 0 0 0 0 0 536.013 383.489 0.13366 502.808 414.768 0.397385 1
1 111 86 0 0 0 553.715 432.371 0.41239 571.276 399.101 0.205313 0 0 0 0 0 0 549.803 467.602 0.274338 559.565 506.774 0.275164 518.433 540.051 0.495728 669.149 493.041 0.172988 0 0 0 0 0 0 631.903 543.895 0.257579 0 0 0 0 0 0 0 0 0 0 0 0 0 0 0 506.757 422.618 0.255279 0
1 111 87 0 0 0 555.61 424.548 0.665583 569.401 397.108 0.465209 583.054 352.159 0.0767647 571.369 305.204 0.260583 539.991 446.152 0.63509 561.547 508.643 0.641041 518.447 545.876 0.699278 667.187 506.716 0.329729 0 0 0 0 0 0 633.91 543.899 0.489595 553.781 526.317 0.0526391 0 0 0 0 0 0 0 0 0 534.127 385.417 0.14384 498.936 414.829 0.45703 1
1 111 88 0 0 0 553.758 426.491 0.698098 569.342 397.205 0.479536 583.048 350.243 0.0729832 571.352 303.3 0.275292 539.941 448.034 0.670497 565.39 508.765 0.70406 520.409 551.765 0.787752 667.157 506.774 0.355116 0 0 0 0 0 0 633.877 545.851 0.508812 542.02 559.643 0.0761733 0 0 0 0 0 0 0 0 0 534.147 389.332 0.175378 502.796 416.789 0.419733 1
1 111 89 0 0 0 551.771 424.592 0.672379 567.34 399.19 0.423019 577.178 352.118 0.0596397 571.371 303.269 0.250643 538.098 446.108 0.667906 565.424 510.662 0.725491 522.293 553.643 0.830358 665.283 504.777 0.348226 0 0 0 0 0 0 633.995 539.999 0.506416 565.436 571.335 0.116311 557.62 602.601 0.101573 0 0 0 0 0 0 534.077 389.34 0.143971 495.029 420.626 0.435935 1
1 111 90 0 0 0 553.753 430.359 0.666061 567.377 406.965 0.454467 0 0 0 0 0 0 541.929 450.042 0.624426 567.338 512.626 0.701667 522.285 553.696 0.8328 667.146 508.677 0.29153 0 0 0 0 0 0 633.902 543.928 0.437884 569.311 567.385 0.090603 600.654 584.959 0.260291 0 0 0 0 0 0 524.39 395.223 0.101769 504.744 426.529 0.309187 1
1 111 91 0 0 0 555.722 430.47 0.726094 569.394 403.033 0.565301 618.347 334.528 0.211853 573.256 305.256 0.333536 542.022 455.854 0.647638 565.4 514.553 0.66798 522.383 553.752 0.847728 669.13 514.558 0.35924 0 0 0 0 0 0 633.976 545.874 0.48368 547.835 553.68 0.116756 602.544 585.018 0.318439 0 0 0 0 0 0 534.135 397.148 0.185002 502.852 430.38 0.391185 1
1 111 92 0 0 0 555.711 430.413 0.741417 569.386 403.022 0.558904 575.261 356.073 0.0886368 573.231 305.186 0.370877 541.977 455.847 0.664231 569.283 512.652 0.712354 522.401 553.771 0.839464 669.119 514.579 0.368327 0 0 0 0 0 0 635.881 543.924 0.498133 543.904 567.359 0.128447 0 0 0 0 0 0 0 0 0 534.124 397.152 0.20718 504.784 430.473 0.360882 1
1 111 93 0 0 0 557.575 430.509 0.739121 571.252 403.066 0.575185 618.328 338.473 0.225424 573.236 305.212 0.362318 542.001 457.794 0.685762 569.255 516.542 0.718884 522.425 555.584 0.854294 673.039 510.655 0.40032 0 0 0 0 0 0 635.926 543.898 0.497948 542.04 567.419 0.100324 0 0 0 0 0 0 0 0 0 534.136 397.147 0.235909 504.794 434.33 0.368431 1
1 111 94 0 0 0 555.652 430.512 0.720999 569.312 404.979 0.574079 618.344 340.425 0.204218 0 0 0 541.954 457.785 0.697677 569.324 516.516 0.742296 524.272 555.604 0.810178 671.074 512.6 0.408694 0 0 0 0 0 0 637.812 541.972 0.521158 545.871 567.376 0.241221 559.575 590.859 0.0745473 0 0 0 0 0 0 534.142 399.08 0.214944 506.661 432.409 0.390786 1
1 111 95 0 0 0 555.596 432.356 0.727147 567.383 404.982 0.580323 618.353 338.483 0.244848 573.228 305.228 0.328546 542.014 457.854 0.703542 569.379 518.51 0.76669 522.454 553.752 0.849436 671.094 512.614 0.418417 0 0 0 0 0 0 639.791 541.937 0.529678 540.073 555.682 0.249367 604.603 585.003 0.348189 0 0 0 0 0 0 532.205 399.119 0.227627 504.772 432.409 0.386245 1
1 111 96 0 0 0 553.738 432.37 0.725942 567.393 406.971 0.580604 620.187 336.543 0.204951 0 0 0 541.967 457.845 0.724364 569.373 518.44 0.758128 524.346 555.578 0.823982 673.002 508.723 0.43052 0 0 0 0 0 0 639.804 540.015 0.518167 538.1 555.676 0.240942 606.508 584.994 0.35201 0 0 0 0 0 0 534.111 401.061 0.193856 506.696 434.39 0.406547 1
1 111 97 0 0 0 553.742 432.371 0.721115 567.404 408.923 0.570603 620.238 336.499 0.195104 571.392 305.19 0.280288 543.898 457.85 0.689505 569.293 520.428 0.748999 522.374 555.628 0.812689 674.961 508.656 0.437986 567.302 524.417 0.0565556 0 0 0 643.69 539.984 0.527755 541.939 557.641 0.233115 606.534 585.042 0.289709 0 0 0 0 0 0 534.16 401.119 0.181809 506.746 442.119 0.417064 1
1 111 98 0 0 0 553.76 430.518 0.704407 567.327 410.852 0.548541 0 0 0 0 0 0 543.912 455.887 0.671307 569.307 516.535 0.723042 522.429 553.763 0.819325 674.95 506.761 0.408878 0 0 0 0 0 0 645.616 538.061 0.534216 543.903 563.504 0.19472 606.511 585.021 0.194532 0 0 0 0 0 0 535.974 401.117 0.158026 506.7 442.169 0.433961 1
1 111 99 0 0 0 553.719 430.518 0.706004 567.345 410.898 0.552888 0 0 0 0 0 0 541.939 453.931 0.659925 569.324 514.551 0.740105 522.35 555.621 0.776199 674.977 508.679 0.4084 0 0 0 0 0 0 645.593 540.008 0.53641 543.898 563.481 0.17535 541.999 602.575 0.112448 0 0 0 0 0 0 534.079 401.089 0.142577 506.723 442.168 0.411384 1
1 111 100 0 0 0 553.691 430.492 0.689325 567.33 412.807 0.535908 0 0 0 0 0 0 540.089 451.981 0.642199 569.339 514.536 0.749036 520.435 553.729 0.805777 674.996 508.674 0.400753 0 0 0 0 0 0 645.641 540 0.542969 545.888 555.698 0.176462 604.552 586.932 0.192889 0 0 0 0 0 0 534.075 401.091 0.130229 506.703 440.23 0.360211 1
1 111 101 0 0 0 553.618 430.498 0.643877 563.462 412.829 0.459421 0 0 0 0 0 0 540.096 453.901 0.609072 569.268 516.529 0.695863 520.386 553.643 0.731946 673.057 508.711 0.371571 539.935 510.742 0.0521208 0 0 0 643.719 540.035 0.527844 540.011 557.641 0.103056 0 0 0 0 0 0 0 0 0 0 0 0 506.732 440.208 0.298812 1
1 111 102 0 0 0 553.647 430.473 0.6634 565.412 412.786 0.489433 0 0 0 0 0 0 540.071 451.998 0.603497 569.296 518.477 0.714535 514.561 551.751 0.770449 676.928 506.758 0.399428 538.036 508.703 0.0505257 0 0 0 645.638 540.032 0.5287 561.529 555.649 0.0959144 598.713 585.045 0.16873 0 0 0 0 0 0 532.172 403.023 0.106344 506.695 434.384 0.329044 1
1 111 103 0 0 0 551.732 430.447 0.706623 565.436 410.882 0.518744 571.352 358.014 0.0750646 571.386 305.231 0.240891 539.968 453.888 0.659106 569.346 518.493 0.717632 520.383 551.674 0.77402 676.922 504.793 0.408339 569.392 522.421 0.0517105 0 0 0 647.534 539.983 0.52063 569.385 551.772 0.100222 604.561 585.033 0.266006 0 0 0 0 0 0 528.26 399.177 0.134174 504.759 434.359 0.347172 1
1 111 104 0 0 0 551.744 430.512 0.5858 561.541 412.835 0.422661 0 0 0 0 0 0 540.07 453.896 0.519695 569.274 516.528 0.607323 520.385 547.817 0.70165 673.053 500.871 0.297412 0 0 0 0 0 0 645.648 538.025 0.427338 571.297 553.68 0.108721 604.565 583.034 0.168367 0 0 0 0 0 0 0 0 0 506.726 434.347 0.275843 1
1 111 105 0 0 0 553.626 432.406 0.637971 563.486 410.881 0.451439 0 0 0 0 0 0 541.977 459.742 0.540608 569.267 520.446 0.618277 518.442 545.893 0.70866 674.97 500.852 0.277017 0 0 0 0 0 0 645.639 538.024 0.406256 571.304 553.682 0.102747 604.584 581.072 0.110681 0 0 0 0 0 0 526.319 403.064 0.143798 506.711 434.374 0.330891 1
1 111 106 0 0 0 555.678 444.095 0.264387 571.328 414.74 0.177339 0 0 0 0 0 0 551.733 463.721 0.189484 569.308 510.711 0.306535 520.431 543.887 0.470921 663.217 485.214 0.0573896 0 0 0 0 0 0 0 0 0 0 0 0 0 0 0 0 0 0 0 0 0 0 0 0 508.654 446.084 0.150294 0
1 111 107 0 0 0 553.617 432.376 0.569672 561.516 408.93 0.378782 0 0 0 0 0 0 547.802 459.827 0.448368 567.325 516.499 0.516499 520.464 540.067 0.737158 674.97 495.003 0.269402 0 0 0 0 0 0 645.663 526.317 0.342726 571.378 538.067 0.0848024 604.582 575.269 0.141471 0 0 0 0 0 0 528.262 401.088 0.118795 504.789 442.194 0.319908 1
1 111 108 0 0 0 555.585 430.507 0.693955 565.44 404.978 0.44936 577.198 356.086 0.0800683 571.378 305.201 0.280007 547.811 461.701 0.56115 561.546 516.515 0.567031 514.542 540.068 0.796858 676.98 502.818 0.374089 585.025 504.765 0.103018 616.265 567.396 0.138261 645.651 536.049 0.476785 561.546 522.356 0.20549 604.596 583.002 0.334489 0 0 0 0 0 0 534.079 399.172 0.133336 506.737 436.323 0.375782 1
1 111 115 0 0 0 555.662 440.18 0.6174 567.348 401.098 0.351716 583.041 363.894 0.126583 571.366 307.178 0.296028 551.701 469.572 0.468301 553.715 520.428 0.619249 508.748 518.484 0.598278 680.865 508.668 0.375707 585.055 498.905 0.130142 616.284 567.4 0.174599 647.645 534.121 0.42615 571.23 512.637 0.133306 614.322 583.013 0.316139 0 0 0 0 0 0 536.068 387.399 0.0728083 500.898 457.758 0.308711 1
1 111 116 0 0 0 557.646 446.035 0.530062 571.306 403.047 0.269949 584.967 365.865 0.131127 573.242 307.153 0.277515 551.733 475.468 0.304152 553.689 520.367 0.51984 512.631 522.437 0.589278 680.936 506.767 0.284621 586.99 504.777 0.107987 614.378 567.427 0.130775 649.512 530.199 0.334822 571.351 512.634 0.0944788 0 0 0 0 0 0 0 0 0 536.033 397.173 0.0771096 498.897 455.877 0.228831 1
1 111 117 0 0 0 555.658 436.298 0.67684 567.354 399.106 0.42106 579.13 363.929 0.204263 571.384 305.172 0.379182 551.687 469.567 0.480349 557.606 518.497 0.679063 512.649 522.344 0.773095 680.887 508.719 0.389045 586.986 495.018 0.131647 616.266 567.395 0.191694 649.536 534.149 0.47123 569.389 510.656 0.180721 614.335 583.057 0.409167 0 0 0 0 0 0 534.1 397.163 0.137165 500.896 455.889 0.298818 1
1 111 118 0 0 0 555.636 432.447 0.655314 567.372 399.109 0.39626 579.119 363.874 0.165908 571.389 305.178 0.351497 547.805 463.75 0.541943 557.606 518.429 0.663684 514.59 520.41 0.723879 680.906 510.659 0.414827 586.969 493.079 0.126682 616.318 565.393 0.170891 649.546 537.985 0.490771 569.34 508.749 0.222635 614.327 582.999 0.399891 0 0 0 0 0 0 535.984 387.389 0.104603 504.803 455.845 0.253425 1
1 111 119 0 0 0 565.438 448.037 0.338177 586.919 412.837 0.191326 581.108 365.876 0.0997289 573.28 305.254 0.18416 557.621 477.411 0.170531 553.689 520.375 0.368349 512.571 522.368 0.426358 682.83 508.713 0.232397 581.077 500.899 0.0893325 0 0 0 649.553 524.357 0.209645 569.317 510.699 0.104881 0 0 0 0 0 0 0 0 0 0 0 0 500.865 457.84 0.155578 1
1 111 121 0 0 0 559.582 451.937 0.300524 586.959 414.742 0.179202 581.095 365.882 0.0960796 571.357 307.165 0.221852 567.363 496.957 0.130693 549.753 522.389 0.119152 520.414 522.418 0.219347 684.772 512.618 0.25679 584.96 506.726 0.0817956 0 0 0 649.563 526.298 0.237111 571.299 514.574 0.0546426 0 0 0 0 0 0 0 0 0 0 0 0 0 0 0 1
1 111 122 0 0 0 557.597 446.053 0.348815 567.383 399.116 0.184224 579.134 363.882 0.102447 571.301 305.243 0.245627 555.686 479.357 0.173817 555.611 520.408 0.236234 520.434 522.352 0.407803 682.866 508.703 0.230539 581.067 498.916 0.0746672 0 0 0 649.563 526.328 0.249181 573.31 510.705 0.0867191 612.374 575.196 0.174403 0 0 0 0 0 0 0 0 0 496.983 459.755 0.13117 1
1 111 124 0 0 0 553.71 446.137 0.278564 571.298 405.023 0.173576 0 0 0 0 0 0 555.667 493.019 0.112396 0 0 0 0 0 0 684.775 510.66 0.199577 0 0 0 0 0 0 647.613 532.147 0.181299 0 0 0 0 0 0 0 0 0 0 0 0 538.054 403.029 0.118978 0 0 0 0
1 111 125 0 0 0 555.649 448.051 0.308203 571.297 404.99 0.193249 0 0 0 0 0 0 553.723 495.008 0.122133 585.007 539.999 0.0627 0 0 0 684.809 512.62 0.263727 0 0 0 0 0 0 647.645 536.067 0.257661 569.3 510.694 0.0552275 608.507 571.348 0.13832 0 0 0 0 0 0 0 0 0 496.94 459.811 0.123052 1
1 111 152 0 0 0 565.412 446.032 0.365876 571.343 406.946 0.209765 0 0 0 0 0 0 571.314 485.218 0.231272 549.786 522.444 0.161393 528.24 536.103 0.189321 692.551 502.817 0.318648 602.631 510.66 0.050638 0 0 0 651.557 514.583 0.278629 571.362 508.767 0.0746078 0 0 0 0 0 0 0 0 0 0 0 0 524.338 475.415 0.165483 1
1 111 153 0 0 0 565.45 444.138 0.353551 573.244 410.84 0.173176 0 0 0 0 0 0 571.277 479.362 0.238794 555.614 522.383 0.230279 528.249 538.007 0.318941 690.653 498.9 0.265272 0 0 0 0 0 0 651.559 514.552 0.267528 575.262 508.742 0.0562719 0 0 0 0 0 0 0 0 0 0 0 0 524.303 473.423 0.162328 1
1 111 169 0 0 0 553.751 444.124 0.54283 561.52 406.959 0.318578 584.961 365.917 0.170415 571.357 305.237 0.374441 553.728 475.424 0.228903 561.522 522.428 0.173226 530.236 534.123 0.251363 692.562 504.734 0.385547 600.638 508.74 0.0630967 0 0 0 649.591 522.358 0.314157 577.167 510.701 0.0554095 0 0 0 0 0 0 0 0 0 534.137 405.004 0.206307 498.901 448.058 0.250816 1
1 111 170 0 0 0 553.689 449.979 0.497223 567.39 412.801 0.277557 584.975 367.79 0.185499 571.372 307.153 0.368868 557.62 498.888 0.187659 575.199 538.068 0.0835325 0 0 0 690.655 500.866 0.356263 620.249 536.086 0.0607413 0 0 0 649.571 520.434 0.27544 602.577 543.926 0.0594922 608.46 571.28 0.175933 0 0 0 0 0 0 536.043 405.001 0.21018 494.996 453.894 0.240752 1
1 111 171 0 0 0 553.632 448.075 0.548945 567.374 412.84 0.306036 583.066 367.764 0.222695 571.363 307.147 0.384596 545.871 495.012 0.23055 582.998 541.964 0.0854476 0 0 0 690.665 502.823 0.42508 608.467 508.717 0.0547216 0 0 0 649.575 522.374 0.297777 553.684 520.43 0.0864083 606.525 571.297 0.200377 0 0 0 0 0 0 536.041 408.883 0.231056 495.006 453.893 0.269774 1
1 111 172 0 0 0 553.738 450 0.55176 569.313 412.782 0.308328 583.058 365.923 0.18168 571.364 307.15 0.361535 551.751 496.951 0.237205 585.006 545.898 0.078802 0 0 0 692.557 502.808 0.420642 602.638 506.741 0.0621639 0 0 0 649.588 522.392 0.301774 581.074 522.359 0.074133 606.518 569.371 0.178681 0 0 0 0 0 0 536.028 405.002 0.216499 498.919 457.834 0.298432 1
1 111 173 0 0 0 555.63 448.09 0.465622 569.342 410.885 0.246477 586.936 365.878 0.103536 571.399 305.279 0.284412 557.599 493.031 0.205721 567.396 528.278 0.0729011 524.365 540.067 0.17746 690.655 496.975 0.366326 604.606 508.695 0.0612878 0 0 0 653.48 518.463 0.278868 598.647 543.899 0.0731943 610.425 571.347 0.175935 0 0 0 0 0 0 536.058 401.106 0.169713 500.851 457.833 0.232724 1
1 111 174 0 0 0 557.59 451.956 0.392054 573.279 412.819 0.232075 585.024 367.798 0.0970953 573.237 307.168 0.270197 557.615 496.966 0.15757 0 0 0 0 0 0 692.563 496.944 0.316854 628.03 532.17 0.0533662 0 0 0 653.47 516.502 0.24557 600.674 541.941 0.0631142 604.625 569.335 0.162441 0 0 0 0 0 0 536.016 401.079 0.154651 504.741 461.785 0.173004 1
1 111 175 0 0 0 555.619 448.081 0.473409 571.261 408.919 0.284753 583.047 365.875 0.137367 573.265 307.194 0.313383 557.599 493.022 0.191578 588.898 542.018 0.067469 0 0 0 692.562 498.898 0.412763 604.585 508.738 0.0650388 0 0 0 655.433 520.441 0.336662 586.983 524.357 0.0992084 610.414 571.318 0.237487 0 0 0 0 0 0 536.013 403.039 0.196482 508.693 475.389 0.202036 1
1 111 176 0 0 0 555.628 449.991 0.425924 569.357 410.849 0.238664 584.998 365.884 0.122597 573.24 307.172 0.307991 561.523 493.035 0.169216 585.062 540.059 0.0648259 0 0 0 692.559 496.975 0.354454 620.227 534.132 0.0630788 0 0 0 655.436 518.491 0.304903 596.742 536.078 0.0705969 608.479 571.297 0.196329 0 0 0 0 0 0 534.145 403.041 0.189069 498.938 463.683 0.212693 1
1 111 177 0 0 0 557.638 453.9 0.367093 571.276 412.789 0.237721 586.917 367.844 0.103235 571.401 307.176 0.252357 563.474 493.045 0.153918 0 0 0 0 0 0 692.567 498.892 0.304502 622.146 536.052 0.0714899 614.329 565.429 0.0580485 655.419 512.635 0.270026 602.629 540.013 0.078057 608.506 571.359 0.175808 0 0 0 0 0 0 0 0 0 500.887 461.718 0.229338 1
1 111 178 0 0 0 555.649 448.054 0.502715 563.463 408.921 0.328881 584.954 367.801 0.16441 571.359 307.193 0.319584 559.555 491.077 0.198259 581.083 543.907 0.0635191 0 0 0 692.551 502.835 0.4164 620.186 538.023 0.0954832 614.363 569.353 0.0743574 653.457 518.464 0.304888 598.677 538.029 0.0813199 612.397 573.253 0.225906 0 0 0 0 0 0 534.103 403.055 0.205835 500.882 459.805 0.268039 1
1 111 179 0 0 0 557.607 446.064 0.474112 567.384 410.856 0.289105 583.058 365.911 0.159448 571.377 307.159 0.293957 559.565 479.341 0.209429 557.631 522.401 0.122615 524.357 526.317 0.159216 692.542 504.779 0.424576 620.206 538.034 0.116387 614.348 569.328 0.0858221 649.557 514.582 0.308563 584.978 510.653 0.0823455 612.401 573.27 0.215421 0 0 0 0 0 0 0 0 0 504.744 459.821 0.220211 1
1 111 180 0 0 0 557.604 448.04 0.452621 567.404 408.919 0.264293 581.106 367.781 0.145646 571.378 307.184 0.256959 565.425 489.124 0.214883 553.721 524.38 0.0918955 524.294 536.096 0.12834 692.586 500.855 0.431162 612.4 524.352 0.177234 614.343 569.356 0.112768 663.263 514.579 0.427231 600.679 526.335 0.135646 614.353 581.101 0.317034 0 0 0 0 0 0 526.336 405.004 0.148958 502.806 461.718 0.251874 1
1 111 181 0 0 0 555.708 442.163 0.556656 559.578 401.098 0.338177 581.072 365.847 0.195482 571.392 305.249 0.286364 559.561 475.428 0.342729 565.449 518.503 0.345453 524.293 532.175 0.394486 692.598 502.823 0.47898 614.324 524.37 0.212754 612.394 569.373 0.171211 661.328 516.519 0.458662 588.945 512.609 0.124535 614.378 583.054 0.403154 0 0 0 0 0 0 526.285 403.056 0.161795 502.8 457.835 0.271404 1
1 111 182 0 0 0 555.675 442.147 0.561651 561.536 401.108 0.32909 583.04 365.821 0.242772 571.396 305.247 0.318998 557.646 477.38 0.308223 561.529 520.459 0.184751 522.457 534.135 0.313707 692.574 502.811 0.467585 614.302 524.356 0.185771 614.375 569.326 0.154243 661.301 516.529 0.442695 586.942 510.649 0.127138 616.202 583.018 0.349912 0 0 0 0 0 0 528.246 401.103 0.162947 498.928 457.829 0.262635 1
1 111 183 0 0 0 555.593 442.147 0.645133 557.598 399.18 0.41827 581.122 365.781 0.22717 571.378 305.19 0.350084 561.505 487.158 0.378534 594.773 536.073 0.136135 614.28 584.924 0.206626 692.611 496.957 0.46973 614.302 522.351 0.153611 0 0 0 665.179 518.459 0.518399 594.776 522.376 0.139685 614.364 582.968 0.354815 0 0 0 0 0 0 526.332 401.112 0.180123 496.99 459.708 0.392893 1
1 111 184 0 0 0 553.696 444.105 0.625262 561.53 403.039 0.385045 583.015 365.849 0.249479 571.389 305.245 0.343992 555.652 489.108 0.335596 524.369 534.115 0.100024 518.472 539.957 0.137706 692.599 496.963 0.466076 614.358 524.352 0.146693 628.027 557.671 0.110283 663.222 518.466 0.464025 590.852 524.333 0.118949 614.341 582.99 0.376516 0 0 0 0 0 0 528.231 404.983 0.186421 495.052 453.885 0.322507 1
1 111 185 0 0 0 553.653 448.08 0.491638 565.441 404.997 0.298812 584.959 365.918 0.193736 573.226 307.197 0.305573 547.824 496.942 0.224322 584.974 543.924 0.052529 0 0 0 692.599 495.013 0.401361 612.416 522.379 0.105181 614.367 567.393 0.0687676 661.321 516.514 0.392781 604.582 536.088 0.0965579 612.418 577.186 0.271785 0 0 0 0 0 0 526.342 406.946 0.157126 493.087 451.963 0.260853 1
1 111 186 0 0 0 553.625 446.075 0.615501 559.577 401.116 0.395707 581.109 365.814 0.251341 573.242 307.151 0.394037 547.829 494.985 0.321925 532.186 532.198 0.0905235 0 0 0 692.593 496.983 0.474676 606.546 518.473 0.138932 629.986 557.628 0.135381 661.305 520.41 0.469913 557.605 512.639 0.121804 614.348 583.015 0.4183 0 0 0 0 0 0 530.196 408.902 0.211796 493.051 453.884 0.336474 1
1 111 187 0 0 0 553.626 448.03 0.553588 559.601 401.1 0.349146 583.025 365.893 0.263164 573.232 307.156 0.384482 545.897 498.911 0.272218 532.168 536.066 0.0703008 0 0 0 692.547 495.013 0.417723 606.537 518.501 0.105248 631.876 555.631 0.100117 661.256 516.529 0.410799 608.454 538.09 0.0612608 614.297 577.149 0.260704 0 0 0 0 0 0 528.3 408.883 0.179905 493.027 453.925 0.290804 1
1 111 188 0 0 0 553.685 448.084 0.546762 559.567 399.177 0.324948 584.957 365.928 0.280956 573.243 307.185 0.373202 551.72 502.84 0.282171 579.127 553.719 0.0812628 0 0 0 690.632 493.076 0.354672 608.517 520.423 0.0849989 0 0 0 661.293 514.575 0.384347 612.352 540.005 0.0519339 610.435 573.265 0.195565 0 0 0 0 0 0 530.199 405.012 0.159094 493.004 459.718 0.326679 1
1 111 189 0 0 0 553.686 448.019 0.560539 559.574 401.092 0.340436 583.06 367.761 0.293421 571.4 307.149 0.367567 553.685 495.016 0.273794 567.392 549.777 0.0746422 0 0 0 690.623 495.008 0.385097 606.562 522.337 0.097057 0 0 0 661.291 516.52 0.403034 596.691 540.018 0.0578807 612.38 575.218 0.23845 0 0 0 0 0 0 532.141 406.928 0.159906 493.057 459.719 0.307867 1
1 111 190 0 0 0 553.725 444.18 0.588155 561.514 401.066 0.385231 581.095 365.958 0.343628 573.234 307.159 0.402918 553.722 491.107 0.310873 532.181 532.174 0.118343 522.364 541.973 0.221867 690.62 496.951 0.418406 602.68 516.539 0.0854117 0 0 0 659.335 518.486 0.408105 579.132 514.562 0.103438 612.388 577.184 0.261835 0 0 0 0 0 0 532.177 405.011 0.191217 495.003 457.813 0.29109 1
1 111 191 0 0 0 553.663 444.145 0.544051 565.409 401.091 0.36552 581.066 367.74 0.311941 573.234 307.151 0.385742 555.624 491.086 0.257058 530.204 530.22 0.136932 0 0 0 690.648 495.027 0.399069 606.534 516.534 0.0694944 0 0 0 659.36 520.415 0.387482 581.094 514.594 0.0916126 612.349 575.198 0.213937 0 0 0 0 0 0 532.2 404.987 0.199552 493.011 457.847 0.293518 1
1 111 192 0 0 0 555.618 444.149 0.592584 561.542 401.094 0.389696 579.142 367.814 0.385225 573.233 307.171 0.399984 555.688 491.096 0.318444 534.134 530.241 0.147136 0 0 0 690.675 496.948 0.426564 604.562 510.715 0.106226 0 0 0 661.316 520.454 0.457527 581.077 516.541 0.125643 612.419 579.138 0.287572 0 0 0 0 0 0 534.097 406.96 0.197186 493.004 457.846 0.323863 1
1 111 193 0 0 0 555.67 444.09 0.563198 565.423 401.102 0.36958 581.12 365.851 0.250542 573.232 307.161 0.353389 559.573 489.129 0.289075 536.064 528.296 0.152108 522.318 540.023 0.179839 692.567 500.865 0.429619 604.61 512.609 0.109021 0 0 0 661.295 522.382 0.457465 581.078 516.522 0.136942 614.292 579.151 0.291084 0 0 0 0 0 0 535.999 406.933 0.188738 495.033 457.815 0.236465 1
1 111 194 0 0 0 555.685 438.286 0.592096 557.623 397.179 0.419486 581.089 365.772 0.196201 573.247 307.16 0.357052 555.621 477.425 0.355161 541.941 524.329 0.210317 522.4 539.998 0.37399 692.629 504.754 0.488807 602.662 508.672 0.135678 628.039 557.646 0.135488 663.191 524.334 0.529554 573.266 510.666 0.189485 614.356 583.06 0.487227 0 0 0 0 0 0 534.108 403.04 0.186195 493.09 457.767 0.337073 1
1 111 195 479.328 459.738 0.0625779 555.623 432.373 0.593254 553.747 395.213 0.428035 581.097 361.919 0.130598 573.253 305.245 0.323232 555.653 469.574 0.417829 571.329 510.694 0.312654 522.438 538.075 0.420002 692.547 504.753 0.455927 614.313 518.482 0.142775 628.02 557.598 0.136004 663.235 524.303 0.568308 581.064 518.478 0.178413 614.353 583.069 0.516167 0 0 0 0 0 0 530.181 397.163 0.144158 496.959 450.021 0.347398 1
1 111 196 0 0 0 555.709 434.324 0.578597 555.659 397.172 0.402136 579.174 363.844 0.132087 573.238 305.242 0.32604 557.65 473.466 0.381969 571.335 514.603 0.208387 522.433 539.995 0.250433 690.677 504.757 0.44748 616.215 520.425 0.148034 631.924 555.637 0.111094 663.283 524.297 0.585806 581.066 516.526 0.17714 614.375 583.067 0.465855 0 0 0 0 0 0 532.189 399.154 0.165359 496.971 453.902 0.296931 1
1 111 197 0 0 0 555.703 430.478 0.584135 555.65 397.182 0.415025 575.237 361.945 0.166532 573.249 305.216 0.339781 555.65 463.706 0.449445 571.329 510.695 0.386699 524.3 536.073 0.339603 690.63 506.699 0.455258 612.364 514.581 0.156096 626.067 557.645 0.144721 663.255 524.288 0.592952 584.987 522.417 0.224305 614.371 584.906 0.601752 0 0 0 0 0 0 0 0 0 498.903 449.986 0.288816 1
1 111 198 479.4 459.727 0.0557251 555.646 430.421 0.591923 555.647 397.17 0.414993 575.248 361.924 0.155432 573.233 305.216 0.331591 555.601 461.755 0.474007 571.356 512.591 0.476787 522.4 532.177 0.51102 688.714 506.744 0.456992 602.575 502.865 0.158509 616.303 563.471 0.175494 663.25 524.286 0.58807 583.043 522.311 0.268548 614.356 584.917 0.651864 0 0 0 0 0 0 0 0 0 496.971 450.017 0.288246 1
1 111 199 0 0 0 555.682 430.455 0.576479 555.651 395.222 0.424221 575.225 359.952 0.143897 573.237 303.302 0.358705 555.663 463.727 0.442973 569.35 514.558 0.360869 522.442 534.13 0.484584 688.698 506.747 0.449377 600.671 502.832 0.154974 622.148 559.545 0.153086 663.245 522.445 0.585286 584.985 522.323 0.24955 614.364 584.928 0.641211 0 0 0 0 0 0 530.238 397.195 0.137908 495.031 453.936 0.314247 1
1 111 200 479.34 457.838 0.0525218 555.629 428.529 0.594616 555.618 395.203 0.434014 573.329 356.114 0.153614 573.244 303.277 0.375432 555.648 461.754 0.512152 571.287 512.626 0.448922 524.359 534.139 0.560848 688.69 506.712 0.447336 600.664 500.89 0.157829 616.293 561.503 0.159015 663.259 522.426 0.594277 585.04 522.38 0.266417 614.366 584.949 0.649062 0 0 0 0 0 0 0 0 0 495.016 453.925 0.353104 1
1 111 201 0 0 0 555.662 428.504 0.609513 555.645 393.257 0.437434 573.331 356.111 0.150107 573.251 303.282 0.374903 555.636 461.743 0.536202 571.316 512.623 0.47036 526.313 536.112 0.526827 688.698 506.676 0.454835 600.679 498.943 0.160747 618.259 559.598 0.164129 663.223 522.419 0.592109 586.913 522.419 0.258777 614.363 584.941 0.648577 0 0 0 0 0 0 532.142 395.198 0.13125 496.986 451.967 0.330888 1
1 111 202 481.308 459.709 0.0500022 555.65 428.497 0.59859 555.641 395.198 0.432505 577.19 354.124 0.111431 573.253 303.304 0.363346 555.593 459.819 0.533102 571.301 512.609 0.477236 524.432 538.093 0.48356 688.672 506.673 0.452739 602.596 504.804 0.147321 616.314 559.599 0.157961 663.195 522.404 0.588728 585.033 522.435 0.235376 614.327 584.934 0.617662 0 0 0 0 0 0 532.131 395.2 0.133031 495.06 450.017 0.377114 1
1 111 203 0 0 0 555.62 428.496 0.63135 555.635 393.257 0.445316 573.336 358.014 0.146176 573.269 303.302 0.378331 553.741 461.708 0.545654 569.392 510.689 0.534291 524.323 534.095 0.636445 686.759 504.797 0.458192 600.657 500.903 0.165341 614.349 563.454 0.193139 663.197 522.387 0.59915 586.911 522.434 0.312541 614.278 584.963 0.658654 0 0 0 0 0 0 528.252 393.283 0.146488 496.956 449.979 0.379346 1
1 111 204 0 0 0 555.681 432.379 0.583836 557.595 397.193 0.436551 575.215 361.964 0.158624 573.277 305.179 0.380443 555.605 467.607 0.422253 561.528 514.567 0.28613 522.399 536.075 0.439933 688.705 504.765 0.447271 600.646 504.775 0.135456 618.284 559.568 0.167258 661.272 524.292 0.561395 583.022 522.338 0.235638 614.276 584.939 0.536137 0 0 0 0 0 0 530.216 397.161 0.160768 495.046 450.031 0.376334 1
1 111 205 0 0 0 553.689 440.198 0.58287 559.549 399.159 0.469789 573.331 363.861 0.226592 573.27 305.191 0.410608 549.773 485.196 0.34478 538.018 526.278 0.156771 0 0 0 688.721 504.767 0.465668 600.652 508.684 0.139059 624.099 559.57 0.162159 657.413 524.307 0.538379 565.441 510.667 0.217677 614.289 584.929 0.547816 0 0 0 0 0 0 534.123 404.988 0.219295 493.093 450.045 0.398231 1
1 111 206 0 0 0 555.623 436.332 0.630979 557.593 399.091 0.509429 573.293 361.93 0.240707 573.263 303.298 0.453656 553.731 479.365 0.415997 541.976 522.429 0.248798 522.387 537.996 0.319536 688.693 504.731 0.455484 600.631 508.71 0.139036 624.099 557.661 0.150098 661.259 522.437 0.566577 581.094 524.33 0.230105 614.281 584.976 0.553021 0 0 0 0 0 0 532.198 401.097 0.222213 494.987 453.91 0.424991 1
1 111 207 0 0 0 555.635 438.288 0.624784 555.723 399.106 0.530376 573.334 361.942 0.219279 573.268 305.184 0.431391 553.714 481.314 0.390992 549.787 524.364 0.140871 522.431 530.255 0.212242 688.718 502.806 0.445644 600.666 508.675 0.133599 624.136 557.625 0.151295 659.349 522.411 0.548047 569.368 516.511 0.225242 614.302 584.942 0.533737 0 0 0 0 0 0 534.086 403.026 0.223763 496.964 453.942 0.379968 1
1 111 208 0 0 0 555.684 444.075 0.656863 555.711 399.169 0.543608 573.328 361.987 0.305055 573.28 303.296 0.451128 555.642 489.112 0.439481 543.922 538.015 0.108285 522.332 538.054 0.256274 688.717 502.816 0.45331 602.576 508.747 0.132981 627.996 557.585 0.142511 661.294 522.407 0.565446 573.269 520.395 0.249468 614.341 584.95 0.591151 0 0 0 0 0 0 534.118 406.949 0.240657 495.06 459.705 0.42873 1
1 111 209 0 0 0 553.691 444.189 0.671412 557.616 401.096 0.524276 573.335 363.905 0.320451 573.272 303.303 0.451483 551.743 491.118 0.433205 540.007 539.965 0.0922395 0 0 0 688.72 500.848 0.452478 602.577 510.653 0.133544 626.102 557.597 0.150928 659.351 522.391 0.53017 571.305 520.401 0.239402 614.302 584.933 0.569151 0 0 0 0 0 0 532.198 410.824 0.276619 493.088 455.892 0.431883 1
1 111 210 0 0 0 555.626 444.072 0.664643 555.675 399.21 0.526163 573.311 361.975 0.230753 573.289 305.219 0.422357 555.635 487.167 0.406686 579.141 532.145 0.084941 0 0 0 688.673 504.766 0.466227 602.614 506.758 0.112445 624.123 559.576 0.151931 657.389 522.337 0.492415 571.296 508.694 0.252852 612.414 582.982 0.527881 0 0 0 0 0 0 532.188 401.114 0.19423 500.847 455.887 0.414064 1
1 111 211 0 0 0 555.63 442.146 0.665842 555.66 399.143 0.522049 573.318 361.932 0.21697 573.298 305.196 0.433824 553.737 481.322 0.398452 573.263 530.213 0.113793 524.337 530.234 0.14428 688.719 504.737 0.474052 602.633 506.719 0.114727 620.245 561.53 0.163962 657.401 520.452 0.4939 573.254 508.68 0.246403 614.269 582.992 0.534673 0 0 0 0 0 0 532.171 399.138 0.19161 500.87 453.934 0.410601 1
1 111 212 0 0 0 553.741 444.153 0.636706 557.643 401.114 0.417708 573.341 365.777 0.244135 573.304 307.149 0.390612 555.645 489.117 0.338147 539.979 532.164 0.0964505 522.303 526.301 0.139698 690.613 504.751 0.467541 602.667 510.679 0.0875834 0 0 0 651.573 518.483 0.396106 573.254 508.716 0.157359 610.432 575.24 0.314427 0 0 0 0 0 0 534.09 401.1 0.210047 500.876 457.78 0.340456 1
1 111 213 0 0 0 555.69 448.087 0.585475 559.602 405.008 0.390154 573.285 365.795 0.165289 573.313 307.196 0.350033 557.607 498.904 0.29535 584.976 555.643 0.0962236 0 0 0 688.725 498.927 0.431562 616.307 536.004 0.103115 626.079 557.644 0.0747283 655.453 518.446 0.378532 583.038 522.358 0.0685596 612.395 573.277 0.269789 0 0 0 0 0 0 532.181 401.094 0.200518 498.924 457.787 0.345768 1
1 111 214 0 0 0 557.591 457.853 0.455379 561.555 410.861 0.306231 577.196 365.86 0.0989122 573.322 309.131 0.259759 559.555 498.922 0.184692 584.998 563.49 0.0901813 518.467 536.092 0.13152 688.702 496.958 0.371294 618.217 537.951 0.09921 0 0 0 657.382 510.664 0.335429 581.085 569.315 0.0600621 0 0 0 0 0 0 0 0 0 528.286 406.93 0.161924 495.041 455.89 0.282841 1
1 111 215 0 0 0 555.681 455.869 0.393281 565.44 410.871 0.225925 577.173 365.874 0.0817047 575.221 307.215 0.214556 553.727 495.009 0.171199 583.036 559.584 0.0943605 0 0 0 690.627 500.85 0.343784 618.301 537.99 0.0721553 0 0 0 651.544 508.735 0.269331 0 0 0 0 0 0 0 0 0 0 0 0 0 0 0 495.018 453.923 0.263575 1
1 111 216 0 0 0 555.659 455.879 0.404394 559.61 408.89 0.273857 575.219 365.849 0.127022 573.317 309.118 0.286215 555.682 496.943 0.174542 0 0 0 0 0 0 690.63 494.995 0.328185 618.265 536.088 0.0751249 0 0 0 655.441 508.71 0.300531 0 0 0 0 0 0 0 0 0 0 0 0 530.237 408.9 0.118526 495.026 453.888 0.278225 1
1 111 217 0 0 0 553.682 459.763 0.464494 563.485 408.927 0.306614 575.213 365.849 0.172352 573.292 307.203 0.336127 553.711 498.9 0.173888 588.908 557.651 0.105657 0 0 0 690.647 493.02 0.281801 618.302 532.193 0.0574183 0 0 0 655.452 512.594 0.28448 0 0 0 0 0 0 0 0 0 0 0 0 528.296 414.767 0.18417 493.019 450.036 0.294363 1
1 111 218 0 0 0 553.635 459.735 0.557238 563.458 410.846 0.379829 573.324 365.81 0.165425 573.274 307.155 0.352139 547.821 504.784 0.225215 590.852 557.588 0.142961 0 0 0 690.661 496.935 0.386758 618.259 534.115 0.0678523 0 0 0 655.43 520.397 0.303419 614.37 540.008 0.0510502 0 0 0 0 0 0 0 0 0 530.184 412.833 0.217586 491.151 450.021 0.384079 1
1 111 219 0 0 0 545.887 461.702 0.556762 557.657 412.786 0.394082 573.315 365.884 0.21635 573.274 307.16 0.364784 508.746 512.62 0.250605 0 0 0 0 0 0 688.718 494.992 0.368219 618.221 528.247 0.0714727 0 0 0 657.405 518.45 0.310804 610.398 539.989 0.0543779 616.236 571.318 0.181977 0 0 0 0 0 0 526.361 414.796 0.231477 491.051 451.979 0.315354 1
1 111 220 0 0 0 547.787 459.774 0.616957 557.635 410.877 0.448508 573.318 365.888 0.256923 573.259 305.274 0.375039 514.584 508.707 0.252892 516.508 555.623 0.0657739 0 0 0 690.613 495.028 0.40461 618.227 536.03 0.0798966 629.978 555.767 0.106159 653.512 522.343 0.340587 0 0 0 0 0 0 0 0 0 0 0 0 526.298 412.867 0.230167 492.975 453.892 0.324398 1
1 111 221 0 0 0 545.854 461.695 0.619169 559.552 412.774 0.445925 575.214 365.914 0.245596 573.251 307.155 0.355234 510.69 514.571 0.273042 0 0 0 0 0 0 690.637 496.958 0.424109 616.333 534.118 0.0947145 628.046 557.608 0.1252 655.432 522.369 0.344156 608.508 540.061 0.0591401 612.389 573.276 0.244818 0 0 0 0 0 0 526.333 412.806 0.223209 493.009 457.793 0.353892 1
1 111 222 0 0 0 549.739 461.754 0.589101 557.659 412.838 0.425896 575.26 367.763 0.230105 573.24 307.164 0.323289 518.491 522.389 0.210198 590.851 557.638 0.160905 0 0 0 690.624 494.988 0.374415 616.3 536.028 0.0923667 629.979 555.651 0.0900938 659.343 522.339 0.338411 0 0 0 0 0 0 0 0 0 0 0 0 526.352 414.746 0.234744 491.142 457.801 0.32067 1
1 111 223 0 0 0 553.662 477.398 0.412531 565.437 414.811 0.263047 575.227 367.866 0.148956 573.26 307.154 0.240968 510.667 543.93 0.241966 0 0 0 0 0 0 688.68 491.064 0.216302 0 0 0 0 0 0 663.262 514.547 0.260887 0 0 0 0 0 0 0 0 0 0 0 0 528.25 414.814 0.207929 0 0 0 0
1 111 224 0 0 0 553.649 459.745 0.539134 561.499 410.882 0.387169 573.287 365.824 0.14286 573.24 305.232 0.303957 547.808 500.858 0.208346 590.844 559.571 0.106108 0 0 0 688.708 494.998 0.359195 618.252 537.956 0.0943907 629.94 555.661 0.0703982 657.387 520.407 0.334223 606.522 547.832 0.0562577 612.389 571.356 0.18991 0 0 0 0 0 0 530.196 410.886 0.20981 491.149 450.021 0.264324 1
1 111 225 0 0 0 553.725 461.753 0.408462 565.456 412.843 0.264842 575.199 365.821 0.123068 573.254 305.227 0.262981 512.612 508.692 0.138858 0 0 0 0 0 0 688.693 493.038 0.256433 620.21 537.975 0.0832822 0 0 0 661.27 510.662 0.274158 0 0 0 0 0 0 0 0 0 0 0 0 528.267 410.88 0.16801 491.044 448.055 0.166391 1
1 111 229 0 0 0 553.719 451.991 0.46557 563.481 408.902 0.260259 573.314 365.914 0.16531 573.249 305.19 0.329991 559.561 495.034 0.184222 590.883 557.619 0.0977648 0 0 0 686.721 493.055 0.224295 618.246 537.98 0.0529575 0 0 0 659.339 510.689 0.283386 598.641 540.089 0.0540197 612.373 569.293 0.141722 0 0 0 0 0 0 530.224 410.855 0.193493 491.092 444.146 0.190119 1
1 111 230 0 0 0 553.671 450.035 0.465633 559.591 403.072 0.291889 575.227 365.883 0.137356 573.252 305.189 0.332544 557.605 495.013 0.169656 585.033 553.679 0.0786058 0 0 0 686.736 495.018 0.251652 0 0 0 0 0 0 655.452 512.629 0.294197 0 0 0 0 0 0 0 0 0 0 0 0 532.195 406.95 0.178605 493.038 446.085 0.210847 1
1 111 231 0 0 0 553.677 440.228 0.621449 559.546 399.177 0.483934 584.986 361.928 0.0938143 573.234 303.267 0.379282 553.712 485.183 0.322463 0 0 0 0 0 0 686.753 500.851 0.395935 602.555 508.732 0.0736816 0 0 0 653.455 520.402 0.43502 563.461 508.702 0.183764 596.725 573.261 0.233521 0 0 0 0 0 0 532.147 397.203 0.225144 495.042 444.111 0.314145 1
1 111 232 0 0 0 547.84 442.167 0.512093 557.596 401.107 0.430355 577.183 365.786 0.0999494 573.256 305.166 0.31695 551.758 483.26 0.192665 508.689 522.375 0.0941211 0 0 0 686.735 496.973 0.337395 602.571 516.518 0.0562264 0 0 0 651.52 518.467 0.336357 559.553 510.688 0.134463 600.668 569.355 0.160387 0 0 0 0 0 0 528.298 397.16 0.198343 495.062 442.157 0.218649 1
1 111 233 0 0 0 553.722 430.516 0.649464 553.74 397.169 0.494795 575.228 352.254 0.0662867 573.232 303.26 0.322122 555.709 469.564 0.40044 585.021 518.466 0.342341 569.357 563.459 0.147022 684.788 496.96 0.383218 600.66 506.701 0.079694 0 0 0 657.399 516.517 0.516996 565.413 508.697 0.183745 594.77 582.998 0.257854 0 0 0 0 0 0 528.236 397.172 0.145704 502.813 438.29 0.299162 1
1 111 234 0 0 0 553.617 432.357 0.690194 553.734 397.208 0.534674 579.148 358.052 0.0866662 573.243 303.236 0.34419 553.643 463.744 0.480862 586.932 510.646 0.407607 557.586 557.613 0.152357 684.789 495.029 0.385636 542.002 506.751 0.090419 0 0 0 659.336 520.404 0.533387 565.437 508.722 0.203416 598.666 581.074 0.301889 0 0 0 0 0 0 528.214 399.089 0.199502 496.987 436.305 0.345431 1
1 111 235 0 0 0 553.641 428.52 0.687123 553.74 395.225 0.454789 575.25 356.127 0.0862378 573.243 303.239 0.308335 553.662 459.766 0.54292 585.064 512.58 0.593251 540.032 539.982 0.583338 682.879 495.004 0.370203 586.901 506.705 0.0746588 0 0 0 661.282 520.376 0.533796 573.247 516.561 0.157221 600.643 575.254 0.256313 0 0 0 0 0 0 528.214 399.118 0.13719 504.737 432.436 0.305788 1
1 111 236 0 0 0 553.607 428.391 0.692752 553.715 395.192 0.474809 575.263 354.155 0.105109 573.245 303.262 0.319331 551.698 451.971 0.617622 586.975 516.526 0.706712 538.109 541.934 0.674715 682.847 496.963 0.38573 587.021 512.576 0.0801711 616.33 563.492 0.147581 663.199 520.386 0.591335 579.127 522.367 0.182879 600.644 584.972 0.423111 0 0 0 0 0 0 526.292 397.21 0.141367 502.805 430.454 0.31035 1
1 111 237 0 0 0 553.643 426.466 0.689143 553.71 389.362 0.460968 577.17 354.127 0.107162 573.244 303.196 0.330521 551.702 451.976 0.618838 588.963 512.642 0.682821 541.969 539.987 0.669636 684.756 496.942 0.372931 584.952 514.591 0.080571 0 0 0 663.194 520.404 0.574948 555.649 538.031 0.106354 0 0 0 0 0 0 0 0 0 526.335 395.208 0.139744 502.818 428.515 0.312148 1
1 111 238 0 0 0 553.64 426.493 0.690326 553.727 389.368 0.455539 577.21 352.228 0.0919195 573.253 303.196 0.323604 551.72 453.906 0.589807 590.854 514.554 0.651021 541.959 545.881 0.563067 682.871 495.002 0.371178 584.974 522.299 0.0684375 0 0 0 661.283 520.414 0.552422 545.856 545.874 0.117636 0 0 0 0 0 0 0 0 0 526.309 389.372 0.137161 500.867 430.463 0.32577 1
1 111 239 0 0 0 553.727 424.585 0.699219 555.643 389.349 0.48908 583.049 352.207 0.106805 573.243 303.191 0.367723 553.708 455.853 0.607034 590.852 514.552 0.659755 542.015 545.89 0.591097 682.85 496.939 0.371972 600.581 495.074 0.0529385 0 0 0 661.299 520.413 0.574959 553.654 543.894 0.122101 0 0 0 0 0 0 0 0 0 528.27 393.266 0.141487 502.833 432.412 0.330333 1
1 111 240 0 0 0 551.763 428.406 0.721696 553.746 389.359 0.48794 577.169 359.973 0.212097 573.256 303.229 0.406102 549.785 457.834 0.607155 590.846 510.7 0.680679 540.076 551.755 0.651496 682.874 496.973 0.397992 586.896 516.534 0.0839398 614.351 557.651 0.148971 661.282 520.455 0.570143 584.908 524.277 0.164999 606.554 581.053 0.457244 0 0 0 0 0 0 528.252 397.137 0.185274 496.98 430.49 0.298544 1
1 111 241 0 0 0 553.676 430.408 0.74833 555.686 395.234 0.545497 577.166 361.986 0.381507 573.229 303.218 0.460649 553.642 461.68 0.6163 592.805 510.676 0.688764 540.031 551.709 0.676782 682.841 496.949 0.395855 586.976 512.633 0.0788645 616.317 557.661 0.161985 661.282 522.321 0.56585 584.948 522.379 0.166768 606.563 579.111 0.447688 0 0 0 0 0 0 530.206 397.203 0.202081 496.942 434.325 0.305265 1
1 111 242 0 0 0 553.756 428.517 0.724482 555.696 393.281 0.51907 577.175 354.133 0.190134 571.403 301.286 0.395097 553.714 459.763 0.607486 592.811 510.717 0.675681 539.928 547.817 0.614374 680.869 496.967 0.365613 581.07 520.45 0.0968865 0 0 0 661.299 522.347 0.585186 557.608 538.024 0.101874 0 0 0 0 0 0 0 0 0 532.152 397.199 0.16759 500.856 432.376 0.288791 1
1 111 243 0 0 0 553.729 428.476 0.749964 557.6 395.218 0.513296 577.195 356.091 0.19984 571.402 303.203 0.392857 553.633 455.856 0.642987 588.961 508.746 0.703786 539.936 541.934 0.760995 680.862 498.928 0.382957 579.15 518.462 0.121188 0 0 0 661.317 522.353 0.591508 583.053 522.346 0.266936 602.649 584.931 0.587369 0 0 0 0 0 0 534.053 397.206 0.177647 502.831 430.517 0.297125 1
1 111 244 0 0 0 553.761 428.462 0.722802 557.593 395.201 0.499495 577.208 358.06 0.172302 571.4 303.242 0.381673 553.678 455.888 0.641347 587.025 512.652 0.687902 538.115 542.024 0.757674 680.878 502.801 0.374169 596.707 516.524 0.11362 610.426 563.482 0.182484 663.209 522.409 0.611487 584.97 524.295 0.255434 604.584 583.024 0.577687 0 0 0 0 0 0 534.094 397.18 0.160839 506.708 432.416 0.259534 1
1 111 245 0 0 0 555.665 428.495 0.732768 565.433 397.191 0.492868 579.129 358.043 0.120349 573.225 303.242 0.344317 551.769 457.786 0.661823 590.902 512.623 0.679754 539.939 541.92 0.718358 680.957 498.928 0.394801 590.886 522.37 0.102618 616.34 557.635 0.151881 661.274 524.321 0.58568 584.933 526.307 0.154475 602.66 582.997 0.458973 0 0 0 0 0 0 536.022 397.099 0.178976 502.808 430.458 0.305827 1
1 111 246 0 0 0 555.692 428.481 0.70031 565.421 397.131 0.462662 581.078 359.976 0.121738 573.248 303.273 0.358369 553.716 457.803 0.632912 592.797 512.613 0.655789 539.973 541.958 0.662935 682.803 498.917 0.366684 586.988 522.336 0.0939817 618.244 557.652 0.143669 661.249 524.337 0.578327 583.035 526.332 0.117873 602.63 581.049 0.350366 0 0 0 0 0 0 536.025 395.226 0.166183 502.84 432.38 0.251216 1
1 111 247 0 0 0 555.649 428.505 0.69408 561.519 393.262 0.413146 584.988 354.139 0.0947278 573.241 303.233 0.358017 553.745 459.746 0.619929 594.745 512.615 0.65803 539.959 538.018 0.658301 682.841 498.896 0.385987 585.015 522.336 0.0803519 0 0 0 661.298 522.424 0.586745 553.633 543.9 0.105288 0 0 0 0 0 0 0 0 0 536.087 397.168 0.15562 500.868 432.433 0.294883 1
1 111 248 0 0 0 561.549 428.536 0.688412 567.389 389.367 0.479622 618.341 324.807 0.262491 573.232 301.298 0.352946 563.449 463.701 0.535807 592.807 518.477 0.600423 592.808 577.169 0.260539 686.757 493.06 0.394081 583.047 518.443 0.0696716 0 0 0 661.327 522.378 0.596417 547.816 541.94 0.13088 608.48 575.235 0.151364 0 0 0 0 0 0 538.113 395.225 0.183034 504.727 438.288 0.343423 1
1 111 249 0 0 0 565.446 426.53 0.707232 569.321 389.35 0.471513 575.257 352.179 0.1299 573.227 301.259 0.388052 565.388 461.692 0.592076 592.842 508.745 0.680233 539.991 536.092 0.700945 688.658 494.986 0.406828 586.936 520.389 0.0990727 0 0 0 663.206 522.382 0.598472 530.224 579.117 0.120775 0 0 0 0 0 0 0 0 0 540.013 395.226 0.16197 508.664 438.285 0.326956 1
1 111 250 0 0 0 567.316 426.529 0.709512 569.296 383.524 0.480005 577.18 354.172 0.168137 571.403 299.343 0.440499 567.372 461.773 0.586002 594.765 510.687 0.637468 540.011 537.979 0.638354 686.732 493.073 0.406768 596.701 510.67 0.081471 0 0 0 663.185 520.434 0.590618 553.734 541.948 0.108751 0 0 0 0 0 0 0 0 0 540.035 393.279 0.161215 508.745 442.125 0.321798 1
1 111 251 0 0 0 567.362 422.625 0.717176 569.37 383.495 0.484353 577.227 352.244 0.177235 571.398 299.327 0.45875 567.343 459.769 0.588348 592.844 508.705 0.670805 538.12 539.958 0.750199 690.656 493.068 0.460559 588.913 510.664 0.0782479 622.185 557.676 0.205156 661.319 518.451 0.558641 557.64 541.972 0.100914 0 0 0 0 0 0 0 0 0 540.062 391.289 0.163311 514.54 440.206 0.288179 1
1 111 252 0 0 0 567.37 424.534 0.697862 569.296 383.449 0.468712 577.165 354.15 0.233986 571.396 301.261 0.51091 567.409 459.762 0.572246 592.844 506.809 0.677788 539.957 539.956 0.709231 690.666 493.019 0.447625 587.004 508.716 0.0681945 622.167 559.588 0.186169 663.231 512.628 0.538797 543.914 575.198 0.128894 0 0 0 0 0 0 0 0 0 540.036 387.396 0.159772 514.573 442.142 0.253786 1
1 111 253 0 0 0 569.324 426.499 0.698125 571.3 383.471 0.484793 579.148 350.264 0.1487 571.397 301.274 0.481148 569.379 463.665 0.550101 588.933 508.73 0.594814 539.97 539.95 0.661083 692.619 493.057 0.482418 588.899 506.766 0.0690458 0 0 0 663.208 514.577 0.527612 555.658 538.018 0.110276 0 0 0 0 0 0 0 0 0 542.004 389.342 0.156163 520.438 444.133 0.303959 1
1 111 254 0 0 0 569.299 430.483 0.618171 579.121 391.299 0.390209 584.965 363.823 0.140468 573.265 303.257 0.362075 571.304 475.378 0.343373 577.164 512.643 0.273412 538.056 541.995 0.386167 694.477 495.01 0.488209 600.653 494.985 0.100075 0 0 0 655.418 514.583 0.394286 577.154 504.772 0.174339 604.563 579.141 0.238407 0 0 0 0 0 0 541.976 393.247 0.145112 522.351 451.92 0.237945 1
1 111 255 0 0 0 569.363 428.414 0.715611 573.281 385.416 0.487588 581.115 352.135 0.135378 571.391 299.369 0.437287 569.341 463.708 0.53517 584.944 510.628 0.569592 538.121 540.064 0.684167 694.52 493.026 0.519965 602.688 493.129 0.0994246 0 0 0 661.274 516.517 0.483261 584.926 508.726 0.164529 606.501 582.978 0.342034 0 0 0 0 0 0 539.998 389.325 0.153744 518.474 444.125 0.337604 1
1 111 256 0 0 0 569.331 428.493 0.688147 579.134 389.343 0.420061 586.953 359.988 0.127576 573.253 303.239 0.388801 569.324 469.569 0.42948 577.189 510.681 0.433569 539.953 540.08 0.555534 694.5 493.039 0.504226 602.611 493.158 0.0911956 0 0 0 655.436 514.559 0.394742 581.082 508.651 0.10954 612.374 575.227 0.240277 0 0 0 0 0 0 540.017 391.29 0.149365 514.587 444.136 0.30578 1
1 111 257 0 0 0 571.344 442.191 0.300773 583.026 395.196 0.210954 0 0 0 0 0 0 582.999 491.074 0.188122 559.572 528.266 0.11609 538.072 547.812 0.152695 690.668 485.208 0.222144 0 0 0 0 0 0 655.441 495.021 0.207698 0 0 0 0 0 0 0 0 0 0 0 0 0 0 0 510.679 442.181 0.14543 0
1 111 259 0 0 0 571.273 428.467 0.623076 581.092 385.467 0.397891 586.956 356.055 0.0679289 573.304 303.233 0.32723 575.221 473.502 0.399783 584.937 510.701 0.338664 540.025 539.991 0.468098 694.482 489.107 0.419175 594.778 493.119 0.0753835 616.259 555.628 0.0992299 657.409 508.729 0.382687 588.937 545.874 0.0780943 614.3 571.291 0.181135 0 0 0 0 0 0 539.99 383.472 0.106319 518.466 446.115 0.292184 1
1 111 260 0 0 0 569.411 428.515 0.550417 581.104 385.456 0.343829 586.888 359.968 0.0648581 575.189 303.303 0.292619 579.125 475.438 0.352867 584.937 510.711 0.279305 539.996 540.059 0.387285 694.484 485.217 0.339042 590.865 493.095 0.0632029 0 0 0 659.357 506.762 0.334184 598.673 551.718 0.0672163 614.345 563.493 0.135668 0 0 0 0 0 0 539.983 383.483 0.0898396 518.505 444.09 0.227589 1
1 111 262 0 0 0 571.238 428.449 0.612533 579.13 385.47 0.367809 586.925 354.16 0.072873 573.286 303.281 0.318442 575.206 473.452 0.417512 588.887 510.698 0.324736 540.029 540.005 0.332456 694.483 489.129 0.431379 555.661 506.681 0.0588985 0 0 0 661.332 512.584 0.426935 547.858 538.059 0.088724 0 0 0 0 0 0 0 0 0 0 0 0 520.41 444.089 0.280416 1
1 111 263 0 0 0 573.238 424.59 0.601466 583.001 383.491 0.374315 586.999 352.199 0.0646034 573.251 303.258 0.303154 577.168 465.66 0.434188 588.933 512.619 0.411783 540.037 538.093 0.540056 694.506 489.114 0.417975 614.311 510.656 0.0670173 0 0 0 663.254 512.587 0.464502 588.902 551.752 0.0746088 614.298 575.202 0.231691 0 0 0 0 0 0 0 0 0 522.384 444.15 0.281914 1
1 111 264 0 0 0 573.241 422.636 0.60976 581.076 383.486 0.382896 587.017 352.149 0.0721313 573.224 303.225 0.3101 573.284 459.819 0.475911 588.934 510.69 0.504676 540.016 538.06 0.657455 694.509 491.055 0.427426 614.308 508.677 0.0794792 0 0 0 663.308 510.667 0.489874 557.65 551.672 0.0694928 0 0 0 0 0 0 0 0 0 0 0 0 520.452 444.091 0.284114 1
1 111 265 0 0 0 575.216 426.502 0.587421 583.001 385.42 0.365582 588.949 350.241 0.0688972 571.383 303.218 0.321018 581.082 467.59 0.435099 587.012 512.603 0.410119 540.051 539.965 0.543226 694.507 493.027 0.422194 614.261 508.735 0.0739557 0 0 0 663.289 512.579 0.472289 555.69 551.728 0.0715257 0 0 0 0 0 0 0 0 0 0 0 0 520.453 444.094 0.295598 1
1 111 266 0 0 0 579.115 428.439 0.519378 585.017 389.358 0.315878 0 0 0 0 0 0 581.053 465.646 0.373269 585.001 510.648 0.300673 540.047 540.002 0.38236 694.512 493.023 0.417463 600.598 494.991 0.0773201 618.272 555.701 0.133656 661.31 510.654 0.416612 555.65 547.815 0.0605935 0 0 0 0 0 0 0 0 0 0 0 0 522.427 442.155 0.240453 1
1 111 267 0 0 0 579.099 428.409 0.555929 585.001 387.391 0.349156 0 0 0 0 0 0 583.006 467.608 0.408889 586.976 512.645 0.33244 540.066 538.077 0.399984 694.522 491.096 0.407395 612.327 508.717 0.0605163 0 0 0 663.233 510.68 0.433003 553.657 547.82 0.0810822 0 0 0 0 0 0 0 0 0 0 0 0 522.383 442.138 0.235935 1
1 111 268 0 0 0 573.294 426.498 0.597653 581.088 385.45 0.365842 588.981 350.22 0.0664771 571.377 303.198 0.317371 581.065 467.608 0.437194 587.025 514.544 0.427308 540.071 538.01 0.525784 694.525 489.133 0.400976 616.194 508.726 0.0743994 0 0 0 663.307 510.651 0.469012 588.951 516.539 0.110272 608.453 575.22 0.234471 0 0 0 0 0 0 0 0 0 518.503 442.182 0.260139 1
1 111 269 0 0 0 575.231 424.593 0.581777 583.026 387.39 0.363257 590.91 350.175 0.0623548 571.369 303.221 0.311177 579.153 463.695 0.419938 586.977 510.663 0.465225 541.984 537.986 0.578697 694.525 491.084 0.411404 616.201 508.738 0.0906182 0 0 0 663.266 510.676 0.458838 588.958 512.614 0.128795 610.442 575.22 0.241634 0 0 0 0 0 0 0 0 0 524.316 444.074 0.245503 1
1 111 270 0 0 0 581.055 428.447 0.532135 583.021 387.391 0.319227 585.017 359.97 0.0633056 573.25 305.223 0.257524 586.905 467.63 0.418853 584.994 508.756 0.298192 541.947 538.062 0.336708 694.482 489.145 0.337408 600.651 495.057 0.0671933 0 0 0 663.197 508.727 0.419177 555.61 530.196 0.0889093 0 0 0 0 0 0 0 0 0 0 0 0 528.291 446.107 0.13252 1
1 111 271 0 0 0 579.112 424.563 0.582521 581.06 383.517 0.358275 586.976 352.163 0.0647976 571.345 303.232 0.297125 585.009 465.671 0.459222 586.915 508.786 0.406273 541.973 537.997 0.442189 692.629 489.129 0.365203 600.597 491.11 0.0870652 616.336 561.5 0.193399 663.293 508.708 0.493676 555.605 536.051 0.0889844 0 0 0 0 0 0 0 0 0 0 0 0 524.318 446.125 0.17556 1
1 111 272 0 0 0 573.288 416.755 0.597963 571.32 379.561 0.356768 586.959 350.125 0.0563058 571.34 301.255 0.279216 584.951 461.732 0.490461 587.027 510.701 0.539804 542.016 530.194 0.625349 692.579 489.128 0.369299 598.683 489.12 0.103819 616.323 557.639 0.199761 665.215 508.66 0.53576 596.71 520.446 0.201732 600.695 583.029 0.350778 0 0 0 0 0 0 0 0 0 522.353 448.019 0.2018 1
1 111 273 0 0 0 573.228 414.863 0.614066 571.306 377.632 0.354124 545.861 318.924 0.0818976 0 0 0 583.069 459.804 0.517019 588.923 510.718 0.587149 541.941 530.195 0.665431 692.566 489.108 0.380673 600.624 491.093 0.0980627 616.336 559.568 0.21252 665.244 506.695 0.529441 598.624 522.388 0.22841 598.704 583.069 0.397014 0 0 0 0 0 0 0 0 0 520.42 448.062 0.238685 1
1 111 274 0 0 0 571.371 414.785 0.619314 569.365 375.677 0.354722 547.819 316.968 0.0811493 0 0 0 584.933 459.791 0.512204 588.894 508.788 0.573749 541.955 528.268 0.637453 692.546 489.087 0.395872 600.679 493.041 0.0886502 614.357 561.492 0.196137 665.211 504.763 0.509075 598.643 524.313 0.190186 600.663 583.001 0.362399 0 0 0 0 0 0 0 0 0 526.285 446.077 0.202319 1
1 111 275 520.404 467.576 0.0534101 571.298 414.815 0.625306 569.346 375.669 0.356321 543.926 313.044 0.0770003 0 0 0 583.048 461.7 0.513565 588.963 510.655 0.574762 540.075 526.337 0.672535 690.65 487.167 0.393357 598.674 493.015 0.0896164 616.283 559.554 0.182135 665.17 504.766 0.507012 596.718 522.371 0.182037 602.587 581.093 0.354613 0 0 0 0 0 0 0 0 0 522.392 446.146 0.225011 1
1 111 276 520.44 469.529 0.0837916 571.321 414.773 0.625169 569.381 373.706 0.376072 551.739 318.901 0.08549 0 0 0 583.049 459.792 0.521291 592.823 508.786 0.5937 538.109 524.396 0.668455 688.707 487.17 0.393066 600.596 493.041 0.0902905 0 0 0 665.179 504.776 0.525163 592.808 522.38 0.163507 602.596 582.989 0.342722 0 0 0 0 0 0 0 0 0 522.365 448.078 0.221092 1
1 111 277 520.452 465.661 0.0624851 569.397 414.786 0.630183 567.392 375.657 0.364559 547.809 316.954 0.0923103 0 0 0 584.919 459.801 0.524664 592.814 508.72 0.603013 540.035 528.312 0.652268 686.729 487.169 0.366635 600.651 494.997 0.0894163 608.495 557.605 0.182239 665.2 504.751 0.529112 598.652 524.375 0.188341 602.67 581.08 0.371158 0 0 0 0 0 0 0 0 0 522.404 448.032 0.254949 1
1 111 278 524.353 467.611 0.0547719 573.287 414.855 0.639698 577.163 377.59 0.401018 541.983 313.039 0.0728118 0 0 0 584.957 461.734 0.492763 588.979 508.647 0.527778 541.924 526.362 0.530939 688.706 487.142 0.418305 600.669 492.978 0.0900928 608.506 555.699 0.160914 663.205 506.725 0.494898 590.891 524.344 0.122761 608.459 577.186 0.289963 0 0 0 0 0 0 0 0 0 524.361 448.056 0.262581 1
1 111 279 0 0 0 573.253 414.818 0.638428 573.289 377.594 0.385447 543.918 315.008 0.0871771 0 0 0 584.952 461.711 0.531331 590.885 508.785 0.552092 537.966 524.428 0.585779 688.714 485.207 0.406516 596.672 493.049 0.0592074 604.591 555.751 0.156969 663.249 506.68 0.498537 588.909 528.296 0.123598 608.458 579.11 0.282268 0 0 0 0 0 0 0 0 0 524.341 444.145 0.276384 1
1 111 280 0 0 0 569.399 412.871 0.633447 567.401 375.672 0.373924 545.88 307.182 0.108173 0 0 0 582.999 453.924 0.505387 594.756 504.786 0.569134 538.112 530.232 0.568724 682.818 487.156 0.328001 571.272 502.836 0.0801056 602.603 555.67 0.169491 663.311 506.676 0.524707 585.025 530.247 0.135954 606.54 579.134 0.269266 0 0 0 0 0 0 0 0 0 522.414 444.072 0.278575 1
1 111 281 522.361 459.776 0.0516346 571.31 412.876 0.651387 569.377 375.678 0.39716 549.768 305.27 0.0989346 0 0 0 582.991 453.906 0.541795 596.699 504.805 0.618707 538.04 524.286 0.644077 682.835 489.122 0.383031 583.046 506.774 0.0694463 610.428 559.552 0.203275 663.213 508.649 0.550414 561.537 532.182 0.104921 0 0 0 0 0 0 0 0 0 0 0 0 526.312 440.229 0.248724 1
1 111 282 0 0 0 569.4 414.787 0.599653 567.376 377.578 0.335766 540.003 305.22 0.0854231 0 0 0 584.998 459.791 0.51483 590.879 508.64 0.496741 537.982 522.329 0.350745 682.857 487.181 0.337841 545.898 491.088 0.0866198 0 0 0 663.2 506.75 0.502457 585.038 524.353 0.0880885 614.352 575.216 0.267866 0 0 0 0 0 0 0 0 0 530.231 430.493 0.151855 1
1 111 283 0 0 0 569.292 414.78 0.585443 543.936 371.725 0.361126 539.993 305.203 0.100166 0 0 0 584.95 459.772 0.519921 588.971 508.657 0.505819 536.025 522.361 0.477609 680.92 489.118 0.306274 565.437 496.973 0.0765037 0 0 0 663.228 506.761 0.520698 581.079 528.269 0.116799 612.395 577.194 0.289955 0 0 0 0 0 0 0 0 0 530.208 434.329 0.165537 1
1 111 284 0 0 0 569.315 416.783 0.476276 569.296 379.537 0.304373 0 0 0 0 0 0 586.9 461.751 0.431047 586.956 506.732 0.347697 537.972 526.335 0.353392 680.921 485.207 0.272084 567.399 493.074 0.0656216 0 0 0 657.405 508.669 0.404389 586.948 530.241 0.0859061 614.363 573.242 0.209371 0 0 0 0 0 0 0 0 0 530.205 428.521 0.147055 1
1 111 285 0 0 0 569.372 414.832 0.59023 569.32 377.594 0.350747 532.178 303.266 0.091891 0 0 0 584.943 459.725 0.494976 594.762 504.784 0.465415 538.053 528.237 0.492289 680.869 485.224 0.307618 559.558 494.99 0.0931319 602.629 557.634 0.151959 661.246 508.671 0.476359 561.525 530.23 0.138829 614.321 575.204 0.234176 0 0 0 0 0 0 0 0 0 536.072 428.437 0.143784 1
1 111 286 0 0 0 569.314 412.839 0.635859 563.478 373.695 0.34346 534.109 303.233 0.115156 0 0 0 581.044 453.885 0.522817 592.838 506.697 0.629632 538.028 526.368 0.668779 680.815 487.179 0.329117 567.38 498.923 0.0881331 598.714 555.706 0.179229 661.317 506.743 0.520015 581.055 528.266 0.179072 612.41 575.247 0.267981 0 0 0 0 0 0 0 0 0 536.068 428.46 0.133744 1
1 111 287 0 0 0 567.37 414.834 0.573206 541.941 373.691 0.34335 536.073 307.18 0.100336 0 0 0 584.939 459.779 0.524146 594.761 508.645 0.541174 536.049 522.409 0.611336 678.951 489.135 0.269071 563.492 500.851 0.0843821 0 0 0 663.193 506.762 0.506557 559.562 536.074 0.151557 614.336 573.294 0.25719 0 0 0 0 0 0 0 0 0 541.948 428.489 0.117496 1
1 111 288 0 0 0 567.372 414.795 0.553569 541.977 375.676 0.318538 532.192 313.045 0.0816329 0 0 0 584.91 457.796 0.496327 598.632 506.748 0.574209 522.418 518.481 0.415643 678.976 487.153 0.262432 555.605 506.688 0.0778702 0 0 0 661.25 508.669 0.468584 557.602 536.057 0.149631 612.386 573.258 0.188348 0 0 0 0 0 0 0 0 0 538.03 426.528 0.17103 1
1 111 289 0 0 0 569.345 416.795 0.458167 569.348 381.54 0.240299 0 0 0 0 0 0 585.011 459.811 0.37733 590.895 506.72 0.347596 530.201 518.468 0.195463 633.907 479.347 0.0608888 547.82 491.067 0.084504 0 0 0 653.481 508.683 0.364077 551.729 532.17 0.0870301 616.277 569.345 0.161131 0 0 0 0 0 0 0 0 0 536.083 426.523 0.134275 1
1 111 290 0 0 0 569.356 414.777 0.552119 567.399 375.664 0.270592 528.252 318.916 0.0760419 0 0 0 584.984 459.734 0.439419 594.808 506.745 0.471221 536.08 524.346 0.293721 635.904 479.356 0.0668562 549.76 493.025 0.0842157 596.739 557.604 0.129237 655.431 508.674 0.390057 553.682 530.228 0.118649 616.275 569.307 0.157237 0 0 0 0 0 0 0 0 0 536.091 426.53 0.149523 1
1 111 291 0 0 0 569.313 414.811 0.55309 563.472 375.646 0.275907 0 0 0 0 0 0 584.97 457.846 0.477861 596.764 506.713 0.54325 536.095 528.271 0.505728 680.838 487.15 0.261995 545.873 496.957 0.0815528 0 0 0 659.367 506.736 0.413911 555.66 538.054 0.105942 614.355 569.318 0.160335 0 0 0 0 0 0 0 0 0 538.088 426.503 0.123084 1
1 111 292 0 0 0 567.334 416.774 0.487002 541.945 371.77 0.278996 528.256 320.875 0.0687893 0 0 0 585.01 461.729 0.45754 596.707 508.65 0.402705 537.982 528.267 0.362663 633.934 479.351 0.0775275 551.73 491.043 0.0977367 0 0 0 661.246 502.833 0.375168 579.109 530.222 0.0815003 0 0 0 0 0 0 0 0 0 0 0 0 538.034 428.465 0.0966374 1
1 111 293 0 0 0 567.348 416.721 0.506 541.95 371.729 0.280445 522.39 328.679 0.0666579 0 0 0 584.94 459.75 0.464269 596.697 506.768 0.471284 538 526.343 0.488119 680.839 483.256 0.262829 545.873 483.297 0.121585 594.785 555.677 0.118958 661.262 500.888 0.401373 541.994 522.378 0.106881 614.357 565.437 0.146873 0 0 0 0 0 0 0 0 0 538.03 426.485 0.112937 1
1 111 294 0 0 0 567.399 420.661 0.424758 563.456 379.573 0.204087 0 0 0 0 0 0 584.964 459.742 0.429944 596.708 506.76 0.501026 536.056 528.235 0.523995 680.834 477.392 0.226865 555.658 502.82 0.0509888 0 0 0 661.291 493.067 0.362154 584.948 526.372 0.0669582 0 0 0 0 0 0 0 0 0 0 0 0 537.971 428.49 0.0829826 1
1 111 295 0 0 0 563.492 414.793 0.470096 543.918 371.753 0.295497 0 0 0 0 0 0 583.05 453.904 0.461068 600.599 506.739 0.585389 536.035 526.305 0.582972 678.946 481.299 0.222333 555.679 506.741 0.0593005 0 0 0 663.235 495.016 0.42066 573.256 543.928 0.0979333 0 0 0 0 0 0 0 0 0 0 0 0 538.038 418.723 0.102075 1
1 111 296 0 0 0 559.591 412.814 0.504777 539.99 369.759 0.347563 528.279 305.235 0.0617277 0 0 0 584.931 455.873 0.475565 598.674 506.721 0.632923 536.047 526.349 0.643877 678.957 481.294 0.223079 0 0 0 0 0 0 663.258 495.006 0.43039 584.977 541.953 0.0995811 620.206 561.531 0.157024 0 0 0 0 0 0 0 0 0 539.999 426.533 0.134909 1
1 111 297 0 0 0 565.387 414.796 0.463319 541.969 369.792 0.256512 0 0 0 0 0 0 584.929 459.754 0.398306 592.822 506.736 0.536014 536.058 530.253 0.564966 680.825 475.439 0.225065 0 0 0 0 0 0 659.357 493.037 0.32519 585.033 538.046 0.0798851 618.267 557.624 0.128981 0 0 0 0 0 0 0 0 0 538.036 430.479 0.135435 1
1 111 298 0 0 0 563.455 414.813 0.453028 540.008 369.829 0.263604 0 0 0 0 0 0 585.004 459.824 0.423878 590.892 508.632 0.511917 536.033 532.167 0.545193 678.943 475.434 0.209528 0 0 0 0 0 0 659.351 491.082 0.320126 585.018 540.012 0.0628848 620.202 555.685 0.133718 0 0 0 0 0 0 0 0 0 538.051 432.389 0.15699 1
1 111 299 0 0 0 565.447 418.693 0.412201 543.915 371.755 0.220859 0 0 0 0 0 0 586.93 465.646 0.377865 588.921 508.629 0.420035 536.072 528.265 0.414587 680.827 475.452 0.236898 0 0 0 0 0 0 655.423 493.021 0.300529 584.945 518.483 0.0729217 0 0 0 0 0 0 0 0 0 0 0 0 538.012 436.327 0.123697 1
1 111 300 498.935 461.815 0.0692782 559.599 416.766 0.507442 539.996 375.631 0.382406 555.649 332.568 0.0880234 0 0 0 586.986 461.761 0.514861 590.889 508.775 0.527254 536.024 534.124 0.572221 618.317 473.448 0.0996709 569.423 495.013 0.0598456 0 0 0 663.318 493.05 0.405306 586.974 551.735 0.130147 618.246 563.492 0.191579 0 0 0 0 0 0 0 0 0 539.979 436.306 0.201138 1
1 111 301 506.761 469.53 0.0872566 557.634 416.74 0.535988 538.035 375.648 0.41173 565.442 334.565 0.103575 571.353 303.233 0.304019 586.982 461.686 0.540373 594.774 508.764 0.602942 536.08 532.172 0.639748 624.131 473.501 0.162376 571.298 500.913 0.060817 0 0 0 665.267 493.048 0.453134 588.92 553.659 0.166749 616.323 567.418 0.201609 0 0 0 0 0 0 0 0 0 540.01 436.329 0.213822 1
1 111 302 506.736 463.733 0.0709015 555.718 416.765 0.524913 536.096 377.597 0.401328 581.079 350.193 0.0956514 571.353 303.259 0.293602 586.979 459.752 0.551375 590.908 508.754 0.637925 536.026 534.132 0.64867 620.264 475.434 0.21401 569.368 495.02 0.0612967 0 0 0 667.146 493.046 0.477712 594.777 551.75 0.183508 602.623 579.116 0.204349 0 0 0 0 0 0 0 0 0 540.033 434.371 0.231425 1
1 111 303 506.741 461.798 0.0614292 561.53 414.859 0.531421 541.938 375.659 0.389461 571.312 336.522 0.0714073 571.372 303.281 0.294415 586.959 459.733 0.563093 590.837 510.627 0.679719 536.091 532.18 0.690765 624.157 475.436 0.167874 571.413 497.035 0.0517693 0 0 0 665.233 495.003 0.492281 596.752 547.81 0.183317 616.301 569.349 0.22539 0 0 0 0 0 0 0 0 0 541.961 434.358 0.209521 1
1 111 304 502.861 463.682 0.0712605 563.49 414.823 0.54401 541.98 375.646 0.386276 569.343 328.694 0.0575288 571.385 303.298 0.302203 585.055 457.828 0.579847 588.978 510.675 0.717538 536.043 534.157 0.713715 626.099 475.474 0.154188 0 0 0 0 0 0 665.199 496.94 0.490723 594.782 553.65 0.173821 616.307 569.371 0.231491 0 0 0 0 0 0 0 0 0 541.937 434.343 0.203314 1
1 111 305 504.803 463.69 0.0748559 557.616 416.734 0.530836 539.987 377.62 0.375169 585.002 352.149 0.0814897 571.393 305.17 0.289066 585.01 459.697 0.567502 588.95 510.724 0.723072 536.023 536.051 0.718182 620.208 475.386 0.171736 586.992 522.441 0.0500716 0 0 0 665.184 493.03 0.489237 586.957 555.699 0.14232 614.36 569.338 0.227363 0 0 0 0 0 0 0 0 0 540.032 438.259 0.238877 1
1 111 306 504.799 459.86 0.0778971 559.578 414.826 0.541617 540.01 375.632 0.390826 541.957 318.877 0.0671758 0 0 0 585.035 459.778 0.558038 592.825 510.688 0.664173 536.101 536.075 0.667674 620.238 473.498 0.174478 0 0 0 0 0 0 665.185 491.073 0.493049 596.727 555.665 0.127834 612.401 571.286 0.200177 0 0 0 0 0 0 0 0 0 540.034 438.246 0.22671 1
1 111 307 498.942 463.678 0.0658421 557.637 414.742 0.5584 536.096 371.769 0.404111 541.955 314.989 0.0621941 0 0 0 585.061 457.848 0.571178 594.777 510.662 0.681075 538.074 538.009 0.719025 672.996 471.529 0.12758 575.222 526.325 0.0691484 0 0 0 665.196 491.1 0.479755 600.634 557.623 0.147697 604.591 579.106 0.203444 0 0 0 0 0 0 0 0 0 541.96 440.214 0.222627 1
1 111 308 0 0 0 557.652 414.781 0.554754 536.087 375.624 0.390016 543.924 318.915 0.0605167 0 0 0 586.954 459.705 0.55419 592.822 510.681 0.690741 539.935 537.997 0.676438 618.262 475.462 0.286236 573.271 526.339 0.0770953 0 0 0 665.184 495.022 0.501779 590.855 575.199 0.207699 602.63 581.08 0.228444 0 0 0 0 0 0 0 0 0 549.729 442.178 0.178798 1
1 111 309 0 0 0 561.516 414.8 0.524759 538.04 375.635 0.366539 532.179 318.884 0.0547089 0 0 0 586.995 459.713 0.514242 592.834 510.696 0.628874 540.079 539.947 0.655147 618.273 475.457 0.244803 571.338 530.225 0.0565411 0 0 0 665.184 493.066 0.485889 585.01 581.074 0.167702 0 0 0 0 0 0 0 0 0 0 0 0 551.683 442.199 0.147125 1
1 111 310 520.442 475.362 0.0551528 559.536 412.879 0.535477 532.185 377.617 0.377967 575.22 324.801 0.050827 571.329 303.2 0.268692 587.02 451.96 0.524987 598.705 508.725 0.674203 540.066 540.013 0.619923 620.211 475.37 0.238546 0 0 0 0 0 0 663.315 491.121 0.489435 563.498 590.867 0.274188 0 0 0 0 0 0 0 0 0 0 0 0 553.669 432.405 0.171213 1
1 111 311 0 0 0 557.645 410.878 0.546312 530.239 373.675 0.361042 545.885 311.09 0.0658608 0 0 0 586.921 448.024 0.546972 602.588 506.758 0.769646 543.896 538.117 0.71881 618.279 475.407 0.279141 569.365 538.118 0.0694008 0 0 0 663.287 491.09 0.496037 586.946 571.309 0.177401 604.598 581.06 0.196035 0 0 0 0 0 0 0 0 0 551.716 434.372 0.142925 1
1 111 312 0 0 0 561.511 410.89 0.514936 538.02 371.758 0.353031 536.091 307.193 0.077014 0 0 0 586.974 446.126 0.536097 602.635 506.8 0.755454 545.851 538.074 0.669969 616.302 473.443 0.229198 571.273 539.958 0.0669602 0 0 0 663.194 487.169 0.431993 600.635 555.614 0.149629 616.312 565.465 0.192442 0 0 0 0 0 0 0 0 0 538.014 444.141 0.128306 1
1 111 313 0 0 0 557.618 406.975 0.468619 530.24 375.664 0.29767 0 0 0 0 0 0 586.956 442.181 0.503981 604.589 506.648 0.731036 551.702 537.975 0.647274 602.596 467.586 0.183571 571.293 538.064 0.0607905 0 0 0 659.316 483.273 0.366871 600.67 551.722 0.125752 618.241 561.542 0.174191 0 0 0 0 0 0 0 0 0 538 446.114 0.0630966 1
1 111 314 0 0 0 557.638 410.853 0.523087 530.21 375.66 0.339462 0 0 0 0 0 0 587.044 446.067 0.505497 608.47 506.694 0.748601 553.63 537.957 0.716671 602.59 461.745 0.193528 0 0 0 0 0 0 659.328 477.376 0.434075 606.538 555.618 0.183361 612.386 571.354 0.253887 0 0 0 0 0 0 0 0 0 532.165 459.804 0.15787 1
1 111 315 0 0 0 567.37 412.748 0.556888 539.995 373.673 0.325127 0 0 0 0 0 0 588.932 450.02 0.523187 614.338 506.763 0.817238 551.735 534.128 0.719433 616.271 469.568 0.259122 573.326 540.029 0.0844132 0 0 0 657.406 481.299 0.53209 612.358 557.596 0.255701 604.593 583.021 0.439949 0 0 0 0 0 0 0 0 0 528.275 457.856 0.211791 1
1 111 316 0 0 0 563.445 410.861 0.547909 532.156 377.606 0.316626 0 0 0 0 0 0 594.802 446.109 0.479473 614.365 506.76 0.781654 553.637 536.036 0.723123 604.557 461.714 0.285424 577.167 541.951 0.10127 0 0 0 655.435 477.369 0.538302 618.274 553.691 0.384648 610.424 585.009 0.406658 0 0 0 0 0 0 0 0 0 532.152 455.871 0.219325 1
1 111 317 0 0 0 559.551 412.852 0.596195 522.425 387.368 0.3582 0 0 0 0 0 0 598.725 444.127 0.482178 614.355 508.669 0.749645 555.616 538.044 0.705043 596.752 467.593 0.332716 573.244 534.134 0.155958 0 0 0 651.545 479.358 0.55213 614.328 555.64 0.379639 614.3 584.988 0.348585 0 0 0 0 0 0 0 0 0 549.809 444.176 0.2174 1
1 111 318 0 0 0 573.247 414.749 0.611917 547.83 397.116 0.426012 545.898 453.924 0.486729 518.439 467.64 0.70633 602.644 442.136 0.51247 616.366 506.696 0.760287 555.724 538.051 0.748262 602.626 481.313 0.522096 565.449 538.01 0.388192 586.945 571.465 0.146278 651.494 493.059 0.668739 610.439 557.587 0.502461 612.372 594.799 0.56045 0 0 0 0 0 0 0 0 0 563.458 440.162 0.16954 1
1 111 319 0 0 0 573.338 416.715 0.64368 543.945 399.165 0.491483 528.278 450.006 0.422384 514.573 473.402 0.760022 604.601 442.19 0.493135 616.318 508.698 0.706145 555.649 538.101 0.762937 600.662 481.303 0.47739 563.488 538.089 0.33383 586.955 575.21 0.131724 649.604 494.995 0.653521 608.505 555.624 0.520044 612.352 600.693 0.664056 0 0 0 0 0 0 0 0 0 571.325 442.124 0.188399 1
1 111 320 0 0 0 575.239 422.582 0.685902 540.081 408.936 0.579731 524.288 457.833 0.543708 508.789 475.495 0.832103 614.331 434.383 0.50698 616.368 508.732 0.725362 555.731 540.002 0.758292 600.68 483.26 0.496942 561.536 541.957 0.367303 592.803 584.997 0.156934 649.641 494.99 0.669006 616.225 561.507 0.498595 608.497 600.691 0.642717 0 0 0 0 0 0 0 0 0 582.986 438.252 0.188964 0
1 111 321 542 485.172 0.104955 571.376 416.721 0.695826 538.03 412.758 0.540124 514.596 467.629 0.29779 510.641 479.41 0.315002 614.342 422.633 0.50739 618.349 506.767 0.708346 559.534 542.014 0.662472 596.762 489.124 0.474327 563.479 553.678 0.285233 583.002 586.977 0.0846687 649.638 496.976 0.59312 610.451 571.317 0.390737 606.57 604.549 0.484752 0 0 0 0 0 0 0 0 0 579.101 440.205 0.161601 0
1 111 322 540.101 475.454 0.0631522 573.245 426.495 0.683408 536.089 412.861 0.53911 506.782 471.509 0.375285 508.704 491.086 0.689955 616.286 432.405 0.483819 631.96 508.682 0.663754 565.42 541.999 0.685362 598.655 487.158 0.412118 565.425 551.747 0.274402 547.818 598.717 0.123338 651.491 493.021 0.534157 631.907 543.9 0.378238 602.608 612.396 0.575397 0 0 0 0 0 0 0 0 0 581.105 444.128 0.216115 0
1 111 323 0 0 0 575.199 424.553 0.646185 538.026 403.056 0.525692 522.409 444.086 0.520977 520.389 491.157 0.757401 616.307 438.288 0.472977 641.741 508.72 0.655047 569.259 549.761 0.659614 584.966 473.466 0.205852 592.866 528.256 0.127181 0 0 0 647.609 475.421 0.233176 651.512 522.349 0.264349 602.58 614.291 0.480058 0 0 0 0 0 0 0 0 0 582.987 436.269 0.204602 0
1 111 324 553.711 457.805 0.0549829 577.203 430.375 0.639915 539.986 406.969 0.481441 522.469 446.065 0.624401 522.423 493.082 0.806566 616.341 448.072 0.459574 639.755 514.554 0.624447 569.256 553.593 0.765948 588.906 479.347 0.197351 594.78 551.709 0.11272 0 0 0 649.52 489.107 0.29548 639.77 540.004 0.319293 600.662 616.352 0.629869 0 0 0 561.516 448.065 0.0637506 549.8 430.406 0.0621277 583.067 442.123 0.255951 0
1 111 325 0 0 0 575.197 428.437 0.621247 537.991 420.66 0.49999 524.316 459.806 0.561502 522.36 506.652 0.725552 616.348 430.437 0.469097 645.637 510.688 0.573997 569.387 555.731 0.669092 569.311 465.669 0.252457 598.673 524.382 0.151557 586.965 614.296 0.0677866 631.945 459.754 0.166273 645.658 534.125 0.314098 600.646 618.242 0.613005 0 0 0 0 0 0 543.963 428.522 0.0749399 584.945 440.223 0.183349 0
1 111 326 559.552 461.704 0.0559392 577.195 434.332 0.575836 538.061 428.496 0.558404 524.43 473.443 0.579703 522.34 518.465 0.735967 618.285 446.093 0.361552 641.753 520.457 0.415901 571.365 563.481 0.420591 573.281 477.382 0.242304 592.814 530.241 0.152343 573.274 596.73 0.0646197 637.837 477.411 0.211045 637.808 553.665 0.193296 600.688 618.274 0.431525 0 0 0 569.28 459.697 0.0716027 545.922 432.386 0.106935 585.053 446.111 0.188213 0
1 111 327 563.501 463.758 0.372248 584.939 453.894 0.75423 540.004 434.376 0.624703 524.381 477.393 0.687791 522.306 524.429 0.791796 628.062 475.447 0.587292 645.641 532.198 0.589481 573.234 569.357 0.744676 584.977 506.763 0.353686 600.612 549.77 0.0669893 0 0 0 631.962 518.492 0.325419 633.853 575.209 0.540325 602.67 624.097 0.615692 555.639 457.844 0.314954 569.41 459.812 0.428584 551.711 442.165 0.181854 590.902 453.933 0.47837 0
1 111 328 569.26 469.586 0.284686 581.119 446.159 0.68049 538.047 438.227 0.569965 522.419 477.4 0.645599 522.306 534.122 0.738272 622.185 465.678 0.443735 645.627 534.1 0.554451 577.189 575.242 0.606767 567.387 498.899 0.219759 0 0 0 0 0 0 622.22 500.889 0.185293 630.005 586.926 0.412538 602.631 624.113 0.334015 557.626 461.776 0.206326 571.255 463.701 0.331833 555.586 446.065 0.177345 585.002 459.793 0.48597 0
1 111 329 565.41 471.494 0.283844 584.943 457.759 0.591427 539.944 430.47 0.457882 522.404 479.365 0.650236 522.283 539.948 0.767949 629.998 479.386 0.52338 647.616 538.038 0.560586 585.011 583.072 0.616276 567.371 510.682 0.157756 0 0 0 0 0 0 618.291 545.884 0.20526 618.289 598.669 0.259727 602.607 622.155 0.174028 555.718 459.774 0.174267 569.324 463.672 0.412771 553.709 444.084 0.0881172 584.964 459.853 0.447245 0
1 111 330 569.416 475.481 0.865904 586.899 473.49 0.70095 538.085 451.958 0.572258 522.319 493.052 0.670073 520.421 549.782 0.755891 632.005 491.107 0.648712 645.598 553.697 0.575864 586.947 596.722 0.616054 567.378 541.964 0.237952 0 0 0 0 0 0 618.272 569.36 0.342838 594.764 643.674 0.163441 0 0 0 565.405 461.692 0.762095 584.936 467.643 0.766289 553.731 451.971 0.198834 604.564 471.485 0.554081 0
1 111 331 567.429 479.344 0.799075 585.042 485.227 0.788436 538.077 463.719 0.668796 522.276 502.805 0.669536 520.471 555.664 0.846384 631.986 498.897 0.685967 647.608 555.677 0.619257 588.887 602.527 0.637107 571.356 555.709 0.315234 0 0 0 0 0 0 620.248 573.277 0.418498 620.206 616.286 0.220616 600.687 637.869 0.10928 561.513 467.619 0.704559 579.114 475.396 0.772184 553.708 461.682 0.116087 602.612 475.473 0.667816 0
1 111 332 571.295 492.988 0.840899 585.033 487.193 0.836742 536.123 473.424 0.737576 516.53 508.734 0.687768 522.324 567.324 0.824543 633.905 500.858 0.690607 647.637 563.504 0.602541 590.912 608.502 0.623676 565.436 547.833 0.440237 569.307 590.892 0.106108 0 0 0 618.348 567.377 0.518677 631.899 614.286 0.436577 616.296 630.032 0.0735304 567.357 479.383 0.733868 583.053 487.178 0.715151 555.571 471.493 0.372442 604.59 479.333 0.667351 0
1 111 333 571.379 498.944 0.8153 584.974 489.139 0.86392 532.175 477.452 0.773297 514.527 522.451 0.686372 522.48 571.288 0.868946 633.906 496.954 0.714386 653.521 555.72 0.648228 602.557 616.203 0.695939 557.622 555.693 0.489802 0 0 0 0 0 0 618.258 569.398 0.602758 643.646 606.543 0.307352 602.603 649.531 0.136452 567.405 489.092 0.812479 585.022 491.122 0.832285 553.759 473.479 0.416473 608.449 485.21 0.633032 0
1 111 334 571.348 502.783 0.863453 585.03 494.977 0.849643 534.164 487.164 0.736944 514.596 526.354 0.70153 524.363 581.12 0.832167 633.881 504.803 0.721358 653.48 565.433 0.618479 604.545 618.227 0.687817 563.5 553.673 0.477407 541.942 612.424 0.0725716 0 0 0 620.19 569.396 0.541808 635.864 612.412 0.343031 612.428 649.608 0.135132 567.412 489.122 0.828279 584.985 492.99 0.831989 555.569 475.497 0.467319 604.594 491.077 0.674642 0
1 111 335 573.274 508.627 0.860957 583.032 494.984 0.848446 528.312 491.123 0.776002 512.606 538.023 0.751239 526.275 585.017 0.902419 631.966 498.937 0.705943 659.33 557.59 0.729117 604.636 628.045 0.717591 553.6 555.708 0.609261 487.196 598.679 0.410946 543.913 647.599 0.146838 610.46 571.354 0.564442 608.513 676.939 0.294656 600.633 682.818 0.19652 567.431 495.054 0.72643 585.027 500.859 0.740766 553.726 487.192 0.501232 606.554 493.034 0.596664 0
1 111 336 571.289 512.655 0.81904 582.975 506.643 0.831913 528.242 496.993 0.763151 510.651 543.955 0.750363 526.379 588.94 0.850893 629.96 508.658 0.696958 659.321 557.664 0.681875 608.46 633.971 0.734416 551.727 575.234 0.584069 477.428 614.357 0.46266 539.976 669.133 0.111173 612.368 592.826 0.60897 606.501 680.867 0.303395 0 0 0 567.333 504.698 0.730066 584.891 506.781 0.812073 553.661 490.998 0.435113 606.535 504.743 0.56467 0
1 111 337 571.229 520.407 0.861991 584.896 510.696 0.835492 532.194 500.889 0.720913 508.729 549.789 0.765086 524.46 596.715 0.838954 630.012 522.42 0.679059 661.301 567.423 0.722287 614.282 639.766 0.699439 541.996 581.048 0.571744 479.316 626.069 0.415553 0 0 0 602.645 600.657 0.625601 598.656 676.972 0.170974 0 0 0 567.372 506.714 0.763335 581.11 510.668 0.753442 553.748 493.08 0.409662 604.55 510.661 0.598546 0
1 111 338 569.355 524.281 0.890753 587.009 518.438 0.793908 538.035 496.98 0.681727 508.676 551.719 0.762023 524.42 600.607 0.849804 635.925 534.106 0.625287 657.421 575.198 0.648142 616.216 647.606 0.801468 540.057 586.927 0.607652 481.304 633.888 0.312004 0 0 0 600.66 608.49 0.625022 602.583 651.539 0.14784 0 0 0 563.464 508.751 0.703106 581.117 518.445 0.724981 553.593 496.943 0.265211 608.458 512.631 0.57878 0
1 111 339 569.426 530.248 0.742248 590.839 522.45 0.795893 539.962 502.811 0.705205 506.705 555.62 0.799144 524.397 608.513 0.783609 647.616 549.756 0.661552 649.524 600.634 0.67129 616.313 659.333 0.754582 539.955 596.723 0.662306 479.342 651.521 0.758687 549.805 714.139 0.159163 600.626 618.225 0.677213 600.635 651.555 0.187603 604.613 684.785 0.0719072 567.38 520.367 0.642713 583.047 524.308 0.706813 555.578 506.643 0.302415 610.457 522.331 0.610764 0
1 111 340 571.267 539.94 0.802045 587.045 524.414 0.817575 538.073 508.643 0.74707 504.76 555.654 0.728022 522.451 614.373 0.84593 639.78 542.022 0.651934 653.518 590.888 0.652288 618.366 661.304 0.733229 538.004 608.497 0.5883 477.485 665.158 0.799869 541.929 714.15 0.135746 596.76 629.962 0.584132 575.24 680.868 0.271814 567.33 714.18 0.104471 567.428 526.284 0.642367 584.889 534.118 0.698171 553.766 508.753 0.364579 610.402 522.451 0.621971 0
1 111 341 567.394 545.863 0.635734 584.993 532.199 0.794729 532.16 520.396 0.675817 498.921 569.404 0.74387 522.338 622.145 0.803444 633.959 543.942 0.645285 657.362 588.94 0.640507 618.373 669.12 0.717202 538.106 620.214 0.56113 479.387 678.828 0.413593 0 0 0 602.623 633.942 0.574933 616.357 714.139 0.130726 0 0 0 557.68 536.047 0.521484 573.327 538.104 0.653891 551.701 520.38 0.295752 600.68 534.113 0.528009 0
1 111 342 569.373 555.578 0.784329 573.247 536.091 0.836009 522.32 530.207 0.74275 496.978 584.982 0.816524 518.497 632.004 0.848541 624.17 539.963 0.694874 657.38 592.852 0.727884 624.123 669.166 0.730714 538.019 633.858 0.671556 479.365 692.562 0.656321 0 0 0 600.688 643.716 0.650111 581.111 714.18 0.206949 0 0 0 561.51 541.957 0.649615 577.211 547.807 0.681085 551.685 524.358 0.49282 602.63 538.052 0.489711 0
1 111 343 567.374 561.544 0.660841 581.082 555.67 0.829661 524.368 539.988 0.746314 495.007 590.87 0.769969 512.595 637.833 0.798429 633.879 571.29 0.688099 649.602 618.228 0.647288 622.146 684.809 0.799343 537.972 637.824 0.620413 477.413 698.531 0.460521 467.597 714.2 0.0729763 600.659 659.327 0.61494 624.116 714.159 0.106235 0 0 0 557.623 551.727 0.582303 575.217 553.771 0.636522 547.85 538.047 0.379558 600.663 553.631 0.624811 0
1 111 344 565.397 581.064 0.594525 573.298 553.758 0.851261 524.324 540.023 0.741164 491.071 598.693 0.764306 508.744 649.498 0.862077 624.133 567.345 0.654478 651.576 616.24 0.731881 620.288 694.528 0.73926 530.234 637.836 0.509878 483.25 714.168 0.233621 0 0 0 590.89 651.523 0.520567 586.962 714.177 0.148024 0 0 0 555.654 569.286 0.504744 571.357 571.237 0.637967 547.809 543.954 0.32823 590.901 563.474 0.456974 0
1 111 345 561.535 586.88 0.676188 571.295 569.313 0.866964 520.452 557.605 0.694749 489.125 612.421 0.746925 508.674 663.222 0.876566 620.212 573.338 0.67359 649.661 622.182 0.699316 622.165 696.626 0.705893 530.208 671.068 0.565617 524.338 714.2 0.0844454 0 0 0 590.879 676.97 0.534475 606.517 714.201 0.0581071 0 0 0 555.598 571.379 0.583719 571.347 577.178 0.647252 540.036 555.701 0.395822 598.645 569.342 0.498832 0
1 111 346 557.62 590.862 0.677166 571.35 581.05 0.820463 522.373 565.426 0.683083 487.145 618.265 0.73302 506.802 676.889 0.804667 620.286 590.869 0.619732 649.526 633.898 0.627467 618.258 714.148 0.474185 522.411 680.836 0.54727 502.839 714.174 0.0567008 0 0 0 586.953 688.699 0.487625 606.586 714.208 0.0879426 0 0 0 553.679 579.132 0.616786 571.276 584.956 0.656867 538.102 563.48 0.403223 596.712 577.182 0.476302 0
1 111 347 555.647 602.558 0.726965 567.36 592.838 0.803657 508.746 584.941 0.719365 477.493 633.951 0.804549 502.851 680.95 0.790823 618.222 600.652 0.677706 647.663 635.879 0.668143 618.315 714.155 0.494219 522.457 682.861 0.583413 492.995 696.605 0.227689 0 0 0 586.991 694.549 0.499144 606.576 714.201 0.0546114 0 0 0 549.761 588.896 0.590936 569.278 592.862 0.670819 536.015 577.161 0.410173 587.025 586.925 0.529899 0
1 111 348 553.763 614.305 0.742914 559.571 602.624 0.820295 504.804 594.793 0.667317 475.425 647.531 0.775358 495.074 696.434 0.70007 616.24 608.485 0.660251 647.529 645.606 0.667237 616.344 714.175 0.362695 520.404 696.565 0.483635 495.018 714.175 0.146279 0 0 0 585.004 714.137 0.413094 0 0 0 0 0 0 545.859 600.609 0.650911 567.386 602.566 0.699506 530.222 586.971 0.460592 586.961 596.746 0.529939 0
1 111 349 553.647 618.266 0.675275 540.092 620.213 0.526698 483.255 631.921 0.466222 495.053 714.157 0.276292 0 0 0 598.65 612.393 0.405158 639.79 649.619 0.523803 614.37 714.182 0.221626 520.431 714.18 0.0918014 0 0 0 0 0 0 588.892 714.154 0.107595 0 0 0 0 0 0 540.005 602.705 0.625144 567.398 606.505 0.619798 522.393 600.61 0.290594 584.944 606.513 0.259733 0
1 111 351 543.918 645.588 0.543483 551.705 639.789 0.595234 491.038 637.849 0.446708 471.545 686.765 0.265434 0 0 0 602.675 633.918 0.514795 633.95 665.295 0.407963 626.107 714.197 0.111463 516.528 714.2 0.0501792 0 0 0 0 0 0 598.713 714.179 0.0560628 0 0 0 0 0 0 536.111 630.027 0.585849 555.707 631.902 0.593669 518.504 622.148 0.346735 573.303 622.216 0.392084 0
1 111 352 541.964 653.455 0.492226 549.811 649.603 0.631238 491.106 647.62 0.48798 475.397 714.146 0.238073 0 0 0 602.637 651.54 0.517013 633.842 678.873 0.401281 627.973 714.21 0.0592231 0 0 0 0 0 0 0 0 0 0 0 0 0 0 0 0 0 0 536.081 639.81 0.500624 555.615 643.72 0.524276 522.292 631.898 0.375392 571.385 633.929 0.403218 0
1 111 354 534.135 675.011 0.360822 553.72 678.847 0.475307 502.822 665.232 0.244187 463.747 714.144 0.194987 0 0 0 610.431 684.76 0.370209 631.891 714.173 0.0680663 0 0 0 0 0 0 0 0 0 0 0 0 0 0 0 0 0 0 0 0 0 526.304 657.413 0.336326 549.772 663.295 0.364 516.508 651.559 0.112016 571.3 663.231 0.292188 0
1 111 355 534.144 680.886 0.293255 545.912 694.524 0.298003 495.021 690.658 0.125449 0 0 0 0 0 0 604.566 692.609 0.233862 631.958 714.175 0.0642269 0 0 0 0 0 0 0 0 0 0 0 0 0 0 0 0 0 0 0 0 0 526.297 669.103 0.26661 545.849 673.037 0.266842 0 0 0 569.324 673.052 0.223752 0
1 111 356 538.112 690.629 0.721814 542.024 694.61 0.683898 498.896 698.54 0.446452 475.357 714.177 0.061135 0 0 0 590.843 680.91 0.557172 633.878 714.176 0.415976 0 0 0 0 0 0 0 0 0 0 0 0 0 0 0 0 0 0 0 0 0 526.327 678.842 0.63767 551.763 678.877 0.618722 510.692 675.027 0.371722 569.314 671.117 0.486824 0
