2 111 27 0 0 0 665.164 618.247 0.211693 714.1 635.886 0.274148 774.759 647.545 0.431871 727.843 587.051 0.44779 616.288 612.367 0.171101 0 0 0 0 0 0 0 0 0 0 0 0 0 0 0 0 0 0 0 0 0 0 0 0 0 0 0 0 0 0 704.357 579.129 0.199118 653.457 561.516 0.214964 0
2 111 29 0 0 0 667.19 600.705 0.374653 712.276 604.549 0.263376 721.915 643.694 0.187132 727.79 571.413 0.180975 618.215 600.556 0.421734 586.919 647.566 0.138411 0 0 0 0 0 0 0 0 0 0 0 0 0 0 0 0 0 0 0 0 0 0 0 0 0 0 0 700.477 555.679 0.188655 657.382 549.781 0.352511 0
2 111 31 0 0 0 673.008 585.057 0.793418 714.11 592.821 0.622114 727.817 618.308 0.413761 0 0 0 629.986 581.1 0.748608 600.699 629.945 0.651692 0 0 0 680.878 698.49 0.3064 0 0 0 0 0 0 618.238 692.606 0.306477 0 0 0 0 0 0 0 0 0 0 0 0 704.317 545.859 0.465935 663.172 538.012 0.780711 0
2 111 32 0 0 0 669.157 584.976 0.770226 714.14 587.046 0.688868 778.665 600.676 0.590952 731.727 553.684 0.658167 628.027 579.141 0.721303 600.582 630.037 0.615371 0 0 0 682.82 702.401 0.311125 0 0 0 0 0 0 616.351 696.478 0.293782 0 0 0 0 0 0 0 0 0 0 0 0 704.376 540.092 0.506536 663.189 536.033 0.783374 0
2 111 33 0 0 0 674.964 575.266 0.751816 719.989 583.007 0.698087 776.719 588.893 0.618276 729.845 549.755 0.739299 629.947 571.412 0.798795 598.649 631.99 0.704684 0 0 0 688.7 698.502 0.393569 0 0 0 0 0 0 622.164 696.549 0.365855 0 0 0 0 0 0 0 0 0 0 0 0 708.228 536.054 0.516446 663.338 524.345 0.853919 0
2 111 34 0 0 0 673.033 569.413 0.80077 710.263 573.267 0.720082 768.891 586.944 0.6527 735.661 540.067 0.738583 632.011 567.376 0.802559 602.56 624.165 0.691011 0 0 0 684.804 680.905 0.466032 0 0 0 0 0 0 629.992 678.875 0.472531 0 0 0 0 0 0 0 0 0 0 0 0 706.282 524.399 0.440235 665.16 518.512 0.832004 0
2 111 35 0 0 0 676.939 555.646 0.804999 712.203 555.65 0.696788 772.735 571.289 0.690385 729.765 537.999 0.690986 633.958 555.661 0.766192 604.618 614.355 0.599912 608.454 639.781 0.0891844 694.555 665.172 0.644387 0 0 0 0 0 0 635.937 663.239 0.582169 0 0 0 0 0 0 0 0 0 0 0 0 702.409 516.52 0.518749 663.268 508.726 0.708225 0
2 111 36 0 0 0 676.953 553.737 0.760246 712.198 553.735 0.654237 772.736 561.55 0.504199 729.803 532.204 0.494895 633.961 553.717 0.759848 604.628 616.252 0.577469 0 0 0 694.491 667.152 0.555112 0 0 0 0 0 0 633.987 665.202 0.538098 0 0 0 0 0 0 0 0 0 0 0 0 704.362 508.771 0.502828 665.156 504.814 0.650265 0
2 111 37 0 0 0 676.927 540.088 0.78025 712.212 539.974 0.724466 761.144 555.655 0.646007 733.676 526.314 0.545551 633.947 543.896 0.733592 612.404 602.694 0.543154 0 0 0 694.498 661.306 0.515049 0 0 0 0 0 0 635.865 657.41 0.498172 0 0 0 0 0 0 0 0 0 0 0 0 702.425 502.811 0.633342 663.324 497.005 0.616204 0
2 111 38 0 0 0 676.952 537.951 0.819085 712.257 532.176 0.701126 763.043 539.925 0.472282 723.933 522.368 0.370939 634.003 538.083 0.807363 614.34 600.617 0.610023 616.242 631.939 0.108553 696.459 657.375 0.586722 0 0 0 0 0 0 639.778 653.509 0.584705 0 0 0 0 0 0 0 0 0 0 0 0 702.418 491.095 0.713117 663.195 489.109 0.750209 0
2 111 39 0 0 0 678.855 524.423 0.773379 714.118 524.285 0.678922 727.78 563.484 0.237633 0 0 0 635.896 528.301 0.6752 616.261 588.908 0.45753 610.414 624.119 0.115959 696.527 641.717 0.426709 0 0 0 0 0 0 643.691 637.819 0.442841 0 0 0 0 0 0 0 0 0 0 0 0 698.5 485.22 0.426125 663.199 481.336 0.741889 0
2 111 40 0 0 0 678.813 522.36 0.824184 716.057 520.442 0.716754 731.749 551.703 0.310538 725.879 508.737 0.35418 635.847 524.278 0.75375 614.374 585.011 0.493022 606.499 631.892 0.138367 694.59 647.617 0.495336 0 0 0 0 0 0 635.921 641.73 0.482311 0 0 0 0 0 0 0 0 0 0 0 0 700.471 475.513 0.731825 663.178 475.442 0.747878 0
2 111 41 0 0 0 678.952 508.798 0.816646 714.155 508.724 0.705532 757.144 514.556 0.246147 0 0 0 643.665 512.585 0.68549 616.329 571.246 0.560941 614.297 602.577 0.0803104 698.455 628.031 0.419738 698.526 678.841 0.0557638 0 0 0 647.644 620.195 0.465901 0 0 0 0 0 0 0 0 0 0 0 0 696.598 471.508 0.473291 663.248 469.54 0.774912 0
2 111 42 0 0 0 678.954 506.705 0.526216 714.139 504.779 0.453519 720 543.944 0.0782554 0 0 0 643.71 508.644 0.472282 616.341 569.294 0.310222 0 0 0 696.58 643.702 0.345376 0 0 0 0 0 0 647.641 631.936 0.313233 0 0 0 0 0 0 0 0 0 0 0 0 696.574 461.747 0.134808 663.257 459.862 0.4735 0
2 111 43 0 0 0 680.811 500.866 0.736273 716.121 496.951 0.631207 716.068 545.874 0.126706 0 0 0 645.611 504.772 0.66866 616.352 565.448 0.444907 0 0 0 698.465 645.601 0.546422 0 0 0 0 0 0 649.525 633.964 0.513247 0 0 0 0 0 0 0 0 0 0 0 0 698.453 457.755 0.277722 663.25 455.85 0.709897 0
2 111 44 0 0 0 680.8 491.08 0.696894 714.172 491.015 0.603431 737.626 536.044 0.203293 0 0 0 645.65 491.119 0.599921 618.274 555.639 0.317524 622.157 594.763 0.0523151 694.56 637.841 0.449717 0 0 0 0 0 0 647.534 626.116 0.419339 0 0 0 0 0 0 0 0 0 0 0 0 696.502 446.161 0.180448 663.217 446.189 0.681983 0
2 111 45 0 0 0 680.847 485.246 0.504718 714.156 485.195 0.468873 721.982 534.113 0.0950865 0 0 0 647.606 485.201 0.452046 620.278 543.897 0.195701 0 0 0 692.55 645.669 0.420593 0 0 0 0 0 0 649.639 635.904 0.361848 0 0 0 0 0 0 0 0 0 0 0 0 696.54 444.061 0.128781 663.275 444.074 0.479845 0
2 111 46 653.512 442.218 0.0750075 680.861 477.478 0.608146 714.149 477.35 0.528663 721.923 526.3 0.0803593 0 0 0 647.628 479.382 0.539937 626.081 543.916 0.310304 0 0 0 694.568 637.818 0.388132 0 0 0 0 0 0 653.46 633.906 0.348129 0 0 0 0 0 0 0 0 0 659.363 432.44 0.119436 696.504 438.281 0.140143 663.317 440.244 0.58706 0
2 111 47 651.496 434.342 0.0998666 680.831 477.342 0.826924 718.074 473.474 0.697031 768.922 475.388 0.363556 815.873 459.795 0.249098 645.676 479.359 0.72022 628.049 549.756 0.440024 0 0 0 696.555 633.912 0.452532 0 0 0 0 0 0 649.615 631.961 0.459524 0 0 0 0 0 0 0 0 0 0 0 0 696.526 430.502 0.28144 663.275 432.414 0.86164 0
2 111 48 651.534 430.417 0.308586 680.828 473.504 0.795863 714.126 469.57 0.642099 727.854 506.757 0.266362 0 0 0 647.574 475.492 0.757707 629.934 540.018 0.482062 0 0 0 696.557 626.09 0.385275 0 0 0 0 0 0 651.552 620.222 0.379065 0 0 0 0 0 0 0 0 0 657.376 426.545 0.390578 696.478 428.486 0.138173 665.156 430.349 0.839213 0
2 111 49 0 0 0 680.892 467.604 0.832593 721.943 461.779 0.746149 727.78 506.723 0.592031 702.371 506.635 0.0878083 647.575 473.472 0.798286 629.946 538.012 0.675411 0 0 0 702.382 596.729 0.439274 690.637 647.637 0.0739941 0 0 0 649.642 598.717 0.503426 0 0 0 0 0 0 0 0 0 0 0 0 696.569 424.552 0.333206 663.268 426.478 0.866304 0
2 111 50 0 0 0 680.836 461.796 0.754357 712.149 459.783 0.615911 727.835 494.974 0.281797 0 0 0 649.532 465.691 0.708831 628.054 538.003 0.544587 618.31 581.077 0.105001 696.555 618.292 0.433712 0 0 0 0 0 0 651.501 610.44 0.426212 0 0 0 0 0 0 0 0 0 0 0 0 694.639 418.668 0.254444 663.245 416.756 0.794691 0
2 111 51 651.575 414.849 0.181954 680.938 461.825 0.818151 716.13 459.802 0.66394 725.896 492.996 0.434335 0 0 0 649.532 469.531 0.767849 626.113 536.099 0.698871 610.433 586.991 0.223257 698.492 610.416 0.460759 0 0 0 0 0 0 649.514 602.582 0.53116 0 0 0 0 0 0 0 0 0 0 0 0 696.491 414.87 0.238932 665.166 414.822 0.866096 0
2 111 52 0 0 0 684.806 459.755 0.775615 721.91 451.97 0.671505 723.94 502.836 0.0912646 0 0 0 653.463 461.803 0.735519 629.951 534.111 0.687818 606.498 594.755 0.407527 702.417 604.585 0.475026 0 0 0 0 0 0 651.548 600.683 0.509026 0 0 0 0 0 0 0 0 0 0 0 0 696.553 408.95 0.297393 663.238 410.888 0.906826 0
2 111 53 0 0 0 686.775 446.015 0.814939 719.98 444.062 0.753434 721.977 491.135 0.196114 0 0 0 659.313 446.154 0.739691 635.885 512.598 0.70433 616.329 563.481 0.48332 704.329 581.095 0.385148 0 0 0 0 0 0 659.354 573.252 0.435531 616.287 586.921 0.0723797 631.969 633.94 0.084374 0 0 0 0 0 0 696.547 403.003 0.343118 663.337 403.011 0.906875 0
2 111 54 653.517 401.117 0.157015 692.557 444.109 0.792645 725.827 434.386 0.743209 0 0 0 0 0 0 661.248 448.031 0.754436 633.996 522.396 0.703717 616.357 561.533 0.355708 706.278 598.704 0.495879 0 0 0 0 0 0 657.421 588.924 0.461274 602.64 567.413 0.0731975 630.009 633.967 0.0934313 0 0 0 653.502 397.188 0.289595 696.539 397.185 0.127653 663.352 399.131 0.932476 1
2 111 55 0 0 0 688.69 430.439 0.822163 723.884 428.529 0.810045 0 0 0 0 0 0 657.405 430.466 0.743712 649.502 493.061 0.596244 628.038 540.019 0.43464 698.546 553.731 0.439875 706.273 606.5 0.100036 0 0 0 659.367 551.742 0.456366 635.871 610.436 0.110186 0 0 0 0 0 0 0 0 0 696.482 393.212 0.308012 663.232 393.248 0.910545 1
2 111 56 0 0 0 682.815 420.664 0.847753 719.982 424.565 0.795478 0 0 0 0 0 0 649.676 418.733 0.803634 633.916 459.718 0.846288 647.662 420.627 0.525715 700.453 534.109 0.589824 692.585 588.93 0.212212 667.189 637.832 0.167305 655.464 526.353 0.567195 639.774 579.134 0.192675 637.801 628.027 0.152937 0 0 0 0 0 0 694.548 385.395 0.330911 663.187 385.425 0.92967 1
2 111 57 649.631 387.419 0.180783 688.664 418.733 0.78401 714.187 418.727 0.750931 0 0 0 0 0 0 661.334 422.625 0.745092 633.829 455.879 0.783382 647.527 414.789 0.6714 698.543 526.327 0.631923 680.928 586.897 0.511441 676.917 649.555 0.656423 663.316 524.398 0.627522 647.67 583.008 0.453405 645.67 639.775 0.324422 0 0 0 651.527 383.449 0.298103 696.458 383.383 0.18726 663.264 383.528 0.946441 1
2 111 58 649.557 385.478 0.164424 684.755 416.761 0.783635 712.247 414.846 0.782323 0 0 0 0 0 0 657.411 420.632 0.670765 631.958 446.119 0.535869 647.596 405.003 0.528477 700.41 522.341 0.672532 682.821 581.1 0.667863 678.932 647.607 0.855186 665.154 520.462 0.682429 651.549 579.096 0.642516 651.531 643.69 0.682132 0 0 0 651.501 381.524 0.267335 696.476 381.507 0.205602 663.25 381.59 0.900274 1
2 111 59 649.608 383.445 0.212098 684.841 414.737 0.810153 710.185 412.747 0.795006 663.34 414.683 0.0614698 0 0 0 665.214 420.66 0.678732 637.837 406.93 0.698051 653.456 387.433 0.576941 704.368 508.696 0.699203 688.711 571.394 0.711245 680.885 645.635 0.870061 671.078 508.699 0.705559 663.164 571.232 0.782513 653.49 641.729 0.740671 0 0 0 651.554 377.634 0.286942 696.484 379.555 0.108339 663.343 379.594 0.826173 1
2 111 60 649.559 381.461 0.258968 684.753 412.844 0.824469 704.335 408.935 0.713457 659.268 414.824 0.0687648 0 0 0 667.15 420.662 0.693205 634.006 401.136 0.640241 649.589 385.439 0.632519 708.285 508.635 0.696409 694.538 571.295 0.624725 676.951 637.825 0.581829 678.966 508.699 0.713459 667.196 569.41 0.68943 678.923 643.659 0.689565 0 0 0 651.544 371.766 0.331409 694.482 377.573 0.066378 665.146 375.669 0.745768 1
2 111 61 645.68 381.528 0.348066 682.792 412.78 0.852474 702.378 406.928 0.698588 0 0 0 0 0 0 665.214 416.744 0.79055 665.147 471.542 0.7002 657.379 508.706 0.614459 710.155 504.803 0.735491 694.589 571.261 0.626785 678.965 633.939 0.608628 680.844 508.648 0.741735 676.954 571.279 0.695842 680.913 639.756 0.730676 0 0 0 647.628 373.677 0.425976 0 0 0 663.169 373.674 0.853079 1
2 111 62 647.654 379.512 0.160771 684.76 412.819 0.839035 708.227 408.882 0.707689 678.941 399.195 0.0632469 0 0 0 665.156 418.67 0.766109 620.215 418.708 0.713829 637.821 387.399 0.679852 710.212 506.767 0.691218 694.607 569.412 0.584596 682.827 633.96 0.587237 678.961 508.754 0.705867 678.869 571.257 0.645674 680.885 635.897 0.657004 0 0 0 649.562 369.774 0.260825 690.641 371.716 0.107039 663.147 371.771 0.813495 1
2 111 63 647.659 373.728 0.285775 682.835 404.967 0.806967 700.424 397.221 0.676542 665.187 401.159 0.126992 633.9 385.489 0.456826 665.227 412.85 0.805384 618.258 414.795 0.553469 631.998 381.594 0.656558 710.243 495.04 0.6737 696.488 565.409 0.550141 688.669 633.916 0.606433 680.878 504.744 0.676267 676.942 567.323 0.628137 675.003 633.961 0.610899 0 0 0 649.501 367.87 0.409858 0 0 0 661.288 367.891 0.844613 1
2 111 64 645.654 371.748 0.366689 680.974 399.187 0.877458 698.497 393.274 0.682425 645.667 424.513 0.34902 632.002 383.464 0.577189 665.3 410.873 0.797712 667.255 461.701 0.689722 657.389 506.693 0.646653 712.233 491.152 0.738843 723.897 559.554 0.600902 735.659 631.915 0.416965 682.848 498.915 0.674639 680.892 565.428 0.742849 688.687 635.856 0.792996 0 0 0 645.669 365.933 0.497688 0 0 0 657.362 365.944 0.885505 1
2 111 65 647.59 369.756 0.209453 680.982 397.15 0.875361 702.398 389.346 0.698567 690.653 412.775 0.0882992 0 0 0 665.133 403.064 0.793013 671.065 459.796 0.52115 665.164 504.745 0.614782 714.152 491.026 0.698194 725.845 555.646 0.656928 739.596 628.032 0.477321 682.851 494.996 0.664433 680.858 561.527 0.723612 692.616 635.846 0.827521 0 0 0 649.483 365.79 0.308702 682.871 361.911 0.131253 657.383 365.872 0.847607 1
2 111 66 645.682 365.924 0.151628 680.868 397.09 0.846638 698.537 387.417 0.661158 694.601 405.058 0.0697156 0 0 0 663.242 401.085 0.789017 674.944 457.792 0.462719 665.322 502.804 0.543492 712.196 491.107 0.691127 719.988 555.695 0.471234 694.626 629.999 0.208191 680.965 496.941 0.655355 682.809 565.438 0.679851 694.633 634 0.857368 0 0 0 647.7 363.856 0.245951 680.971 358.071 0.143282 653.522 365.809 0.758883 1
2 111 67 647.511 363.939 0.137687 678.971 397.111 0.839157 694.485 385.442 0.692649 651.544 428.439 0.205685 633.911 369.842 0.29063 665.24 403.064 0.776665 676.927 459.78 0.67553 671.054 502.828 0.684869 712.149 489.155 0.717875 712.124 555.701 0.555773 696.578 628.044 0.358648 684.832 495.019 0.661149 682.856 561.52 0.692517 696.603 633.965 0.819969 0 0 0 647.713 361.915 0.218358 678.896 354.211 0.151567 651.584 365.781 0.713838 1
2 111 68 645.604 365.826 0.169959 678.978 397.106 0.851149 692.573 385.465 0.686828 645.619 432.4 0.541827 630.03 410.857 0.639946 667.164 403.03 0.762387 678.844 457.834 0.695944 669.119 504.737 0.658322 712.2 491.09 0.718253 710.163 557.664 0.493548 698.463 629.953 0.378137 692.552 498.896 0.665494 692.556 563.505 0.643951 700.427 633.964 0.809835 0 0 0 647.534 359.985 0.284429 678.85 354.171 0.12904 651.542 363.904 0.757748 1
2 111 69 645.575 367.762 0.196668 680.879 399.065 0.836582 692.63 391.267 0.653823 639.829 430.486 0.495743 628.056 412.84 0.473192 669.166 406.947 0.771719 678.947 457.794 0.740292 669.117 502.799 0.670671 712.263 492.981 0.686845 706.284 561.519 0.511821 700.428 629.947 0.478062 694.523 498.941 0.686591 694.53 563.463 0.664943 704.326 633.892 0.78816 0 0 0 645.686 361.965 0.305248 676.976 358.029 0.0943518 651.498 363.942 0.754952 1
2 111 70 641.757 363.936 0.279709 678.95 395.19 0.839985 692.567 385.459 0.673237 649.574 430.408 0.164043 630.014 410.816 0.338832 665.268 399.183 0.816201 633.948 440.202 0.800216 618.297 412.76 0.539817 714.14 491.067 0.649344 708.276 557.598 0.48617 706.275 624.131 0.357341 694.616 494.974 0.718893 694.598 557.665 0.641593 710.101 631.963 0.818842 0 0 0 645.602 358.041 0.386427 675.012 356.096 0.0658476 651.5 361.987 0.749953 1
2 111 71 637.861 363.915 0.261046 678.938 395.149 0.777904 688.68 383.53 0.645117 635.908 436.266 0.220267 635.87 412.768 0.178711 667.237 399.129 0.738823 680.977 457.787 0.678318 676.951 504.73 0.666661 714.186 485.229 0.588986 706.323 555.719 0.461634 710.146 624.107 0.402782 696.601 493.038 0.679103 696.454 557.641 0.700051 710.275 631.895 0.825343 0 0 0 643.674 358.036 0.349059 0 0 0 649.63 360.03 0.734856 1
2 111 72 637.844 365.848 0.315693 678.971 395.199 0.737898 686.747 385.448 0.61295 0 0 0 0 0 0 674.98 401.054 0.735148 682.863 457.798 0.690082 678.935 504.769 0.688511 719.968 485.224 0.544809 706.295 555.675 0.42705 710.247 618.316 0.361225 702.368 493.053 0.646184 696.554 557.616 0.694711 712.206 629.975 0.815773 0 0 0 641.767 360.009 0.393665 0 0 0 649.628 363.846 0.779997 1
2 111 73 635.907 365.938 0.46884 678.917 395.246 0.662429 675.029 393.264 0.454435 635.851 416.738 0.122056 0 0 0 678.961 397.159 0.685586 702.375 448.092 0.124775 0 0 0 690.673 493.037 0.520465 696.583 553.748 0.516257 712.158 616.289 0.44189 708.216 493.046 0.608204 704.325 555.653 0.588112 714.152 622.193 0.676479 0 0 0 639.76 361.942 0.518608 0 0 0 651.529 361.94 0.76728 1
2 111 74 643.665 365.931 0.426862 680.863 397.178 0.639526 680.901 391.32 0.458645 639.77 438.259 0.157422 622.215 422.623 0.181281 680.811 401.085 0.673339 694.623 455.871 0.537452 690.636 496.935 0.451994 700.444 492.994 0.447966 698.472 553.654 0.478656 712.195 614.362 0.395903 708.199 494.995 0.590144 706.33 555.632 0.620579 716.103 620.247 0.726472 0 0 0 645.646 358.086 0.486532 0 0 0 651.576 361.911 0.68818 1
2 111 75 643.697 367.76 0.426953 680.831 387.381 0.684382 686.76 383.442 0.526142 639.813 428.51 0.176884 0 0 0 676.905 395.171 0.619417 629.981 436.278 0.573587 610.408 406.939 0.198767 710.244 479.409 0.413973 702.374 549.766 0.342414 714.189 612.37 0.293813 710.129 489.136 0.574624 708.29 551.755 0.582133 721.923 618.305 0.730975 0 0 0 645.605 361.924 0.49392 0 0 0 651.555 361.912 0.778903 1
2 111 76 649.473 365.917 0.636567 680.818 399.102 0.565532 665.187 399.123 0.550552 633.959 442.125 0.366021 0 0 0 694.621 401.085 0.455938 712.188 446.164 0.343045 682.825 434.345 0.207956 688.696 491.047 0.576042 696.615 549.802 0.527734 718.065 610.396 0.355747 710.258 491.062 0.609337 710.173 551.763 0.5935 721.934 616.372 0.699975 647.645 363.858 0.262499 649.628 361.92 0.612348 0 0 0 661.335 361.991 0.499434 1
2 111 77 647.689 365.898 0.559604 676.985 387.384 0.672282 663.266 397.148 0.589864 639.811 448.052 0.523552 616.355 432.404 0.393325 684.817 381.555 0.605048 700.446 448.107 0.393191 702.385 491.118 0.206789 694.577 479.348 0.533209 696.568 540.027 0.486826 721.921 602.621 0.398388 714.172 477.376 0.484607 708.269 543.899 0.540882 723.877 614.344 0.687517 0 0 0 649.572 359.974 0.573292 0 0 0 661.262 359.995 0.64941 1
2 111 78 647.628 367.827 0.488104 680.906 391.288 0.532184 671.096 393.243 0.373472 676.88 444.097 0.0848939 655.421 430.424 0.112081 686.771 389.359 0.461733 706.264 449.999 0.277781 708.259 491.042 0.183414 694.594 481.328 0.438646 696.489 540.059 0.442437 721.923 598.641 0.367651 712.143 485.216 0.494722 704.334 543.948 0.528336 725.773 604.623 0.724826 0 0 0 649.532 363.879 0.536065 0 0 0 661.312 363.885 0.68767 1
2 111 79 651.592 367.748 0.777477 678.954 389.344 0.742019 663.305 399.184 0.705401 665.261 442.187 0.571157 649.641 459.848 0.671014 694.591 377.621 0.69172 720.017 387.363 0.492882 686.76 401.102 0.160966 694.587 481.287 0.587715 696.591 540.025 0.40979 721.952 596.756 0.356786 721.981 475.397 0.516522 712.164 543.893 0.482504 725.775 602.629 0.698876 649.578 363.943 0.629727 657.419 361.932 0.711994 0 0 0 669.108 358.025 0.59071 1
2 111 80 661.302 367.784 0.845988 680.841 387.392 0.834114 663.346 399.16 0.851268 665.243 438.252 0.735265 659.373 463.747 0.787969 696.549 375.682 0.793862 725.932 387.381 0.805712 696.475 391.325 0.397049 694.476 477.355 0.718438 696.566 537.976 0.535121 723.893 588.936 0.368828 718.023 469.535 0.608969 714.155 538.085 0.532326 725.819 600.688 0.70496 655.416 365.819 0.779509 663.286 363.837 0.827102 653.494 367.862 0.104352 676.896 358.073 0.669554 1
2 111 81 663.24 369.809 0.826393 680.921 389.327 0.843658 665.155 399.163 0.866653 667.228 440.175 0.665889 663.289 473.442 0.706326 698.49 379.505 0.791071 727.867 387.439 0.737315 700.435 408.911 0.423016 692.583 475.451 0.656788 694.551 530.226 0.4644 719.989 581.065 0.293343 719.995 467.622 0.570648 714.135 538.002 0.494244 725.849 598.698 0.730411 659.36 367.825 0.728564 665.182 365.874 0.870602 0 0 0 678.844 363.898 0.723177 1
2 111 82 669.11 371.728 0.799514 684.81 395.187 0.799657 667.145 401.115 0.820088 665.337 438.265 0.77986 663.312 471.538 0.847284 706.306 381.569 0.784312 733.681 391.282 0.654085 710.201 410.873 0.374638 694.498 475.441 0.703965 694.475 526.302 0.499265 716.058 571.289 0.393452 725.797 465.652 0.636946 718.038 528.255 0.482495 725.889 592.799 0.697169 665.205 367.899 0.834355 674.98 365.944 0.830917 663.28 381.449 0.247947 682.819 365.944 0.719646 1
2 111 83 667.218 379.537 0.774532 690.603 395.191 0.812643 669.174 401.077 0.784312 669.112 442.101 0.768006 665.164 473.435 0.821619 708.246 383.412 0.806002 737.574 393.239 0.707016 721.903 412.783 0.547985 696.55 475.379 0.707552 694.536 520.45 0.505297 698.495 555.657 0.359221 727.846 463.722 0.666487 725.865 526.341 0.53781 725.845 592.836 0.700671 665.241 373.703 0.587793 673.052 369.774 0.731815 0 0 0 684.776 367.841 0.709934 1
2 111 84 671.101 383.413 0.770295 696.575 399.076 0.75972 692.583 401.084 0.515509 675.014 440.193 0.456025 665.273 475.416 0.716577 706.264 397.153 0.554135 678.855 444.068 0.196888 665.337 475.402 0.120625 723.932 471.529 0.337633 690.613 506.757 0.382348 682.85 551.686 0.365486 729.807 469.545 0.450253 718.036 530.204 0.287149 725.835 590.9 0.608223 667.267 381.604 0.16364 676.891 379.493 0.750832 0 0 0 688.658 375.62 0.689603 1
2 111 85 692.529 383.562 0.553369 710.171 430.442 0.716007 684.791 422.584 0.670355 676.976 448.054 0.680583 665.312 477.491 0.798627 731.757 444.089 0.580892 764.986 467.612 0.34784 757.158 491.062 0.275523 694.477 489.129 0.66378 682.837 508.716 0.536991 678.915 549.8 0.676783 725.797 493.099 0.576266 716.105 540.07 0.593922 723.952 594.757 0.710123 692.539 383.417 0.281589 696.474 383.472 0.575605 0 0 0 710.232 399.139 0.374941 1
2 111 86 680.936 389.35 0.649739 708.228 420.63 0.706264 688.669 416.725 0.691703 676.967 448.053 0.742839 665.314 483.225 0.79643 725.9 428.397 0.625455 741.586 463.683 0.407941 733.703 450.038 0.142512 694.563 489.144 0.671927 686.736 518.465 0.381799 680.836 553.639 0.592296 725.859 493 0.588089 716.085 541.977 0.534436 723.932 598.653 0.687749 680.806 383.435 0.274511 690.621 383.489 0.636846 0 0 0 708.193 385.467 0.578052 1
2 111 87 682.838 391.332 0.635442 704.317 412.869 0.804614 680.831 408.889 0.776522 676.985 446.097 0.845339 665.307 489.04 0.858122 725.942 416.76 0.706218 743.498 463.726 0.605602 729.78 444.186 0.466885 706.304 483.272 0.625942 682.888 508.772 0.577905 682.807 553.707 0.700357 741.568 489.157 0.694952 727.756 541.954 0.635622 723.93 600.577 0.728796 680.972 383.531 0.273088 688.704 385.405 0.63965 0 0 0 710.152 385.484 0.795187 1
2 111 88 694.505 399.072 0.664943 710.194 414.725 0.835762 680.936 410.901 0.778891 676.989 448.102 0.830477 667.147 491.011 0.917405 737.6 416.756 0.739463 743.552 459.835 0.728552 714.12 424.586 0.72539 708.236 483.274 0.630004 684.808 510.701 0.465836 686.747 555.577 0.711334 745.423 491.018 0.689801 727.774 540.071 0.65612 723.905 598.702 0.724169 686.758 391.29 0.429746 698.451 393.286 0.635342 0 0 0 712.269 391.318 0.721447 1
2 111 89 694.617 403.05 0.62201 712.119 414.777 0.853772 682.813 412.786 0.800208 676.947 453.881 0.815969 667.224 493.051 0.878393 741.455 416.734 0.735872 753.237 463.706 0.598944 745.447 444.122 0.396742 696.546 491.097 0.769364 688.708 555.65 0.663293 649.532 551.739 0.368969 733.687 495.021 0.685468 725.931 545.88 0.719681 723.934 598.669 0.779894 692.64 397.106 0.343797 698.545 399.072 0.632828 0 0 0 714.203 397.134 0.728195 1
2 111 90 696.584 410.903 0.679495 716.071 420.683 0.784671 688.68 414.728 0.836827 678.803 457.833 0.807972 674.974 496.98 0.797964 743.543 430.442 0.785412 759.187 477.337 0.780037 759.185 459.79 0.479747 696.482 489.087 0.728169 680.806 514.573 0.398864 686.737 557.684 0.631148 727.912 495.027 0.690303 725.786 549.78 0.631616 725.762 596.75 0.716619 696.466 401.078 0.270125 704.331 404.995 0.634208 0 0 0 723.882 401.138 0.784187 1
2 111 91 704.341 414.803 0.602113 719.998 424.54 0.816702 688.718 416.758 0.862381 676.914 463.678 0.817998 680.811 500.888 0.917623 751.291 430.382 0.798208 766.923 475.468 0.752335 763.044 463.666 0.498552 696.576 487.184 0.7133 678.961 522.363 0.369438 684.788 557.581 0.57238 731.713 493.004 0.706223 725.853 543.902 0.704467 723.898 598.632 0.750599 700.437 410.801 0.294008 710.221 412.744 0.591128 0 0 0 727.74 406.976 0.823202 1
2 111 92 710.137 420.671 0.654741 723.929 430.507 0.808784 694.505 426.482 0.778972 678.929 461.766 0.637172 684.829 506.669 0.556688 749.333 444.091 0.744334 765.013 477.376 0.629386 774.833 469.555 0.52373 698.523 496.971 0.607668 684.766 532.176 0.257065 680.958 567.341 0.374947 731.733 506.775 0.618887 727.832 553.663 0.539646 725.883 600.607 0.561748 706.297 412.836 0.418641 712.266 414.795 0.680128 0 0 0 727.887 412.843 0.782161 1
2 111 93 710.183 428.42 0.707417 725.889 430.445 0.831609 696.469 428.386 0.782801 680.838 461.756 0.533182 694.661 502.802 0.261797 755.199 438.243 0.75587 770.815 483.251 0.734862 772.845 465.634 0.655363 706.338 491.149 0.651108 682.841 522.364 0.446606 678.916 567.395 0.451483 739.543 500.862 0.722058 727.897 551.712 0.658089 725.787 602.54 0.750942 706.287 418.691 0.419388 714.094 418.715 0.661626 0 0 0 729.798 414.724 0.794464 1
2 111 94 729.824 426.465 0.392944 725.803 432.369 0.870397 694.476 432.363 0.849965 674.981 475.502 0.840576 710.241 494.973 0.89452 757.18 432.392 0.823861 772.851 479.344 0.701024 764.999 477.452 0.49752 696.618 502.813 0.744864 696.496 537.99 0.856373 680.827 583.073 0.853645 739.542 506.72 0.728623 739.511 561.525 0.422819 727.745 600.562 0.544906 725.928 414.837 0.374278 735.679 414.86 0.338112 714.108 412.836 0.487771 739.565 414.733 0.172886 1
2 111 95 739.53 428.508 0.654174 725.854 434.337 0.858746 694.561 438.249 0.833721 680.788 485.19 0.859827 721.906 493.019 0.890645 757.205 432.434 0.828703 776.75 481.332 0.684596 768.867 477.45 0.566761 702.372 506.678 0.725409 700.434 541.935 0.749115 680.898 586.964 0.855934 741.528 508.644 0.735267 739.582 557.583 0.599657 725.916 600.618 0.707281 729.83 424.53 0.590112 741.491 420.647 0.535945 714.159 416.755 0.642802 741.515 412.875 0.0558364 1
2 111 96 741.527 428.547 0.571106 727.816 434.382 0.87227 696.546 442.19 0.86891 684.751 489.132 0.823949 727.867 491.003 0.88823 759.16 430.453 0.860204 778.673 475.502 0.679316 772.757 479.415 0.684675 708.288 516.535 0.770156 696.595 555.692 0.704365 682.878 592.845 0.758596 743.545 520.386 0.746021 741.481 571.306 0.54686 727.849 600.693 0.579743 735.643 426.477 0.490335 743.426 422.616 0.42168 719.97 418.736 0.566919 741.485 414.852 0.0577163 1
2 111 97 741.521 430.394 0.495397 727.928 442.111 0.876094 696.614 444.204 0.89056 692.536 491.152 0.865702 739.494 489.115 0.910263 761.129 432.465 0.793101 782.586 489.073 0.647911 772.882 479.359 0.68065 710.132 522.38 0.782844 696.601 571.295 0.669107 684.77 610.44 0.666062 743.538 524.328 0.701114 735.661 584.963 0.487553 725.863 600.687 0.403102 733.715 426.517 0.445737 743.452 422.616 0.423492 716.11 424.57 0.545343 741.529 416.705 0.0927171 1
2 111 98 735.67 444.145 0.690079 729.766 444.148 0.920738 696.567 448.073 0.855629 692.61 492.991 0.86823 741.524 490.988 0.904516 765.027 438.283 0.762771 788.414 491.022 0.771524 774.788 479.341 0.617049 708.293 526.293 0.704904 698.452 581.083 0.612886 684.804 629.949 0.609687 743.568 528.284 0.637069 727.797 586.931 0.565241 712.251 629.968 0.346611 727.847 438.281 0.664363 741.538 436.311 0.660874 712.232 430.477 0.66448 747.437 428.42 0.290194 1
2 111 99 741.532 446.073 0.697962 716.071 459.672 0.795503 696.517 461.819 0.860466 708.252 508.684 0.845033 749.318 493.092 0.906521 743.46 446.113 0.583998 780.632 475.425 0.272927 774.815 481.266 0.372674 702.427 536.07 0.703868 702.41 583.009 0.667105 694.538 629.954 0.710133 727.778 532.197 0.629691 723.881 579.156 0.486671 712.203 614.307 0.568943 737.603 442.213 0.653931 743.465 442.189 0.300656 719.981 440.189 0.6851 0 0 0 1
2 111 100 743.449 450.033 0.62999 712.219 461.827 0.57079 708.271 469.542 0.725046 716.105 508.727 0.681125 755.195 496.985 0.797127 712.191 459.809 0.413325 729.775 491.125 0.0640544 0 0 0 702.423 541.933 0.593425 708.253 588.888 0.394818 698.448 632.008 0.332418 716.092 543.891 0.512119 716.079 586.98 0.410571 708.256 628.069 0.319616 741.415 446.061 0.697508 745.46 444.141 0.332767 721.949 444.172 0.648034 0 0 0 1
2 111 101 741.596 459.747 0.657767 727.847 461.832 0.549255 704.348 473.505 0.584532 702.408 522.368 0.498817 0 0 0 759.181 455.833 0.539279 788.553 495.019 0.494652 772.889 493.062 0.523563 706.278 551.738 0.436576 704.351 602.619 0.195369 698.476 637.8 0.0869197 727.808 553.7 0.330009 712.227 602.629 0.14535 710.137 631.955 0.103271 737.626 451.942 0.586662 745.417 449.992 0.441585 719.975 446.141 0.556621 0 0 0 1
2 111 102 741.589 461.748 0.411889 733.714 465.638 0.547051 710.203 475.506 0.640768 712.125 522.357 0.502096 757.192 506.8 0.560028 761.119 459.761 0.529342 790.454 504.809 0.457529 776.798 495.015 0.451057 708.3 555.621 0.457448 708.288 612.37 0.254071 700.447 647.617 0.110829 729.762 559.54 0.32525 714.135 612.395 0.183114 710.297 635.879 0.121573 737.588 457.789 0.368179 743.582 457.746 0.322438 721.963 448.033 0.423691 753.289 446.079 0.131129 1
2 111 103 741.522 477.408 0.20987 729.774 479.324 0.373756 712.145 491.058 0.51673 720.023 537.992 0.525127 761.103 512.623 0.623588 761.101 463.735 0.281814 790.409 506.764 0.241244 0 0 0 702.387 555.641 0.354345 661.276 579.099 0.0626845 643.692 584.979 0.125595 725.778 557.673 0.316569 714.101 600.6 0.232958 710.156 645.62 0.242145 733.693 473.425 0.19802 743.432 471.508 0.133986 723.907 461.786 0.260142 0 0 0 1
2 111 105 741.429 489.121 0.148325 741.453 477.459 0.606529 714.129 477.43 0.486479 698.456 496.969 0.153948 729.76 524.272 0.263927 763.029 479.33 0.628253 796.292 508.759 0.620138 778.702 510.631 0.599955 710.252 540.02 0.49031 688.71 583.006 0.180984 649.589 600.683 0.198201 741.431 547.813 0.4312 723.874 602.59 0.259719 710.268 655.454 0.24027 731.781 487.129 0.128114 741.523 481.31 0.127243 725.836 475.421 0.144209 753.234 465.702 0.131841 1
2 111 106 743.45 493.076 0.23388 741.494 487.194 0.56364 714.161 489.134 0.501764 708.25 522.331 0.275195 741.498 534.142 0.276118 766.97 483.262 0.459708 786.533 520.39 0.324557 774.774 522.438 0.422844 712.092 549.775 0.457947 678.949 600.647 0.345131 643.697 622.18 0.210992 741.506 553.715 0.373384 725.874 604.582 0.256141 712.146 663.25 0.225606 741.439 491.01 0.202052 745.496 489.164 0.173723 727.805 477.44 0.246253 757.163 477.417 0.128505 1
2 111 107 755.17 491.096 0.424166 741.54 502.85 0.842341 719.966 506.644 0.763088 723.866 549.763 0.492015 745.457 540.005 0.57585 761.141 498.924 0.712759 792.454 522.375 0.65171 776.804 522.451 0.547552 712.139 569.327 0.714238 688.669 602.561 0.576677 649.66 630 0.542146 741.427 573.245 0.666388 725.938 628.018 0.532825 712.102 665.255 0.382438 747.406 483.269 0.366053 757.251 485.213 0.388861 733.693 479.414 0.431662 759.2 479.358 0.161767 1
2 111 108 0 0 0 729.826 506.72 0.331878 725.896 510.63 0.446481 735.628 555.629 0.222814 772.786 536.101 0.273462 0 0 0 0 0 0 0 0 0 718.057 575.232 0.313872 678.911 626.083 0.168503 647.657 649.546 0.0929855 727.864 581.077 0.22019 725.786 633.929 0.15603 712.285 665.24 0.0894783 0 0 0 0 0 0 743.457 492.984 0.243473 0 0 0 1
2 111 111 0 0 0 759.136 496.97 0.230734 749.36 493.042 0.208002 719.966 524.354 0.112962 0 0 0 772.822 498.924 0.150797 0 0 0 0 0 0 739.542 571.32 0.307402 712.171 620.209 0.192259 688.719 659.344 0.14534 751.274 573.28 0.276842 731.717 622.169 0.182524 719.981 665.187 0.108814 0 0 0 0 0 0 0 0 0 0 0 0 1
