0 111 21 60.6141 389.329 0.0585981 23.5125 412.852 0.594808 35.2262 412.89 0.452312 41.1034 457.851 0.145109 0 0 0 0 0 0 0 0 0 0 0 0 41.0814 500.862 0.403079 52.8696 555.714 0.340807 56.725 616.325 0.396905 27.4167 504.761 0.344067 46.9813 555.675 0.319318 54.7232 618.258 0.356701 56.7609 381.497 0.0947599 0 0 0 50.8795 383.39 0.37104 0 0 0 0
0 111 22 0 0 0 33.2359 408.869 0.645917 52.8933 408.937 0.621451 70.4164 446.124 0.262874 0 0 0 3.88194 408.901 0.550522 4.85084 457.835 0.137778 4.85974 489.123 0.0782838 62.5709 491.121 0.535597 84.0932 542.001 0.337287 82.1713 602.654 0.246574 25.4652 494.979 0.539596 39.1985 555.648 0.494787 52.7905 618.3 0.472663 0 0 0 0 0 0 54.8639 381.4 0.29802 29.3452 377.576 0.118893 0
0 111 23 74.4009 383.398 0.0821747 39.1262 410.829 0.775071 58.6642 412.763 0.694657 70.3885 459.833 0.441828 84.1202 493.061 0.157979 21.5649 405.031 0.651548 4.83991 453.924 0.109962 0 0 0 58.6771 496.962 0.54573 99.747 532.195 0.351119 101.717 592.806 0.284442 27.4076 498.917 0.567647 41.1469 555.623 0.591141 52.8339 612.415 0.587416 72.4483 377.638 0.125263 0 0 0 68.4041 379.602 0.554632 0 0 0 0
0 111 24 0 0 0 50.8993 408.911 0.424758 66.5108 412.767 0.391025 82.168 451.961 0.17228 84.1425 479.357 0.0726126 33.2863 406.946 0.29161 19.4961 459.781 0.0930063 0 0 0 70.4667 493.088 0.345306 111.544 534.126 0.221502 115.464 579.15 0.136608 39.2106 496.979 0.383577 41.0921 551.701 0.401714 52.7279 608.477 0.457648 0 0 0 0 0 0 70.3913 379.521 0.250226 46.9687 377.586 0.0582324 0
0 111 25 95.8347 383.561 0.0917661 54.8221 412.756 0.623542 74.3467 414.731 0.570293 88.0955 471.494 0.272524 117.395 508.678 0.113859 37.1966 408.906 0.548154 21.5602 463.708 0.0870051 0 0 0 80.1866 510.668 0.41865 123.242 532.181 0.165709 117.431 596.709 0.128224 41.0801 510.626 0.516874 39.2154 555.648 0.572869 52.8176 616.321 0.780688 88.0843 379.584 0.129612 0 0 0 82.0986 381.424 0.432032 52.7608 377.619 0.0826722 0
0 111 26 0 0 0 62.5761 412.843 0.749591 82.1122 412.846 0.743419 88.0331 475.433 0.646697 125.229 508.794 0.715383 41.1037 412.843 0.690136 25.4833 463.742 0.12552 0 0 0 78.2791 510.676 0.531256 152.613 553.614 0.572144 134.982 614.296 0.332849 46.9301 506.781 0.582241 50.8227 549.763 0.444238 54.7088 604.596 0.586793 0 0 0 0 0 0 86.0414 379.499 0.544212 56.7539 379.53 0.119527 0
0 111 28 0 0 0 76.3102 399.145 0.556123 99.7433 403.022 0.502575 113.485 446.07 0.177354 0 0 0 54.808 397.122 0.547717 39.2226 444.105 0.136553 0 0 0 95.8401 489.091 0.318251 131.096 536.07 0.0954532 0 0 0 58.6714 487.2 0.414655 56.7228 537.999 0.419893 56.773 592.836 0.402462 0 0 0 0 0 0 99.7266 375.648 0.305935 70.4772 375.661 0.107571 0
0 111 29 0 0 0 86.1237 399.058 0.816977 105.656 401.145 0.671665 117.411 449.985 0.270637 119.356 471.523 0.0917135 68.4389 395.222 0.746343 52.9162 440.209 0.269946 54.787 467.577 0.115456 103.723 485.208 0.52112 146.701 516.546 0.257713 146.724 563.489 0.154664 70.4229 483.282 0.58519 58.7011 532.181 0.411321 54.7658 596.711 0.309734 0 0 0 0 0 0 107.624 373.71 0.453683 82.1665 371.76 0.147257 0
0 111 30 0 0 0 97.7964 401.102 0.819195 117.483 405.037 0.738034 129.076 453.905 0.29901 140.854 491.051 0.0785881 70.448 399.104 0.801447 60.6531 446.12 0.368795 68.4528 471.535 0.147927 117.328 491.051 0.547639 144.761 528.276 0.176983 133.05 598.674 0.0711151 82.1119 491.019 0.583516 68.5332 539.964 0.347417 60.6515 606.535 0.249223 0 0 0 0 0 0 115.434 371.713 0.609497 85.9939 371.784 0.251953 0
0 111 31 0 0 0 99.8582 399.106 0.502019 117.463 405.005 0.439976 133.004 457.799 0.16004 0 0 0 80.1983 395.214 0.422115 68.4898 457.848 0.15635 0 0 0 129.151 506.685 0.263195 150.66 530.218 0.0775253 158.483 602.643 0.111429 90.0127 506.685 0.295032 84.1458 539.997 0.103352 70.4292 583.065 0.153679 0 0 0 0 0 0 121.294 369.758 0.291326 0 0 0 0
0 111 33 144.793 365.948 0.0504666 115.429 403.072 0.493752 134.983 410.874 0.473738 146.785 448.112 0.115578 0 0 0 88.1198 397.193 0.400897 84.0938 453.916 0.334852 0 0 0 146.668 506.74 0.361157 150.659 541.976 0.0731932 0 0 0 105.688 508.674 0.449099 84.1463 563.503 0.255715 70.4288 616.276 0.131171 140.851 363.93 0.0812373 0 0 0 133.11 367.847 0.343296 0 0 0 0
0 111 35 0 0 0 121.287 393.251 0.725178 142.828 397.152 0.714422 152.638 442.168 0.261599 166.316 479.363 0.0974767 101.72 385.487 0.694502 91.9551 444.186 0.343239 101.752 461.808 0.0669829 148.656 489.117 0.518603 166.338 524.317 0.191065 156.539 581.08 0.206083 115.434 489.122 0.576783 103.723 538.053 0.200675 89.9879 571.293 0.16098 0 0 0 0 0 0 146.68 363.904 0.522537 117.287 361.906 0.166471 0
0 111 36 162.429 352.267 0.101997 129.111 385.451 0.752429 146.673 389.347 0.744287 162.297 448.016 0.509834 181.964 492.984 0.467716 109.548 383.506 0.620683 99.779 444.136 0.246919 0 0 0 146.766 489.157 0.540987 156.512 540.016 0.207706 148.756 588.948 0.143577 117.377 487.196 0.556953 117.369 541.981 0.227193 107.607 587.003 0.070183 160.398 350.165 0.14932 0 0 0 148.741 352.189 0.596141 129.048 354.118 0.0731496 0
0 111 39 178.108 350.233 0.0543419 144.765 381.446 0.569177 160.422 383.503 0.551744 179.98 444.176 0.479021 211.277 491.074 0.470098 125.208 375.657 0.476688 113.452 432.385 0.165698 0 0 0 160.443 473.434 0.458821 162.424 524.382 0.34686 156.515 571.345 0.274045 134.969 471.488 0.441926 154.558 524.334 0.320095 154.548 571.382 0.238108 176.095 342.364 0.071808 0 0 0 164.4 348.216 0.319859 0 0 0 0
0 111 41 189.789 352.113 0.0928619 152.617 367.887 0.517539 164.378 371.769 0.531063 183.942 432.429 0.440017 223.07 487.153 0.472294 137.004 365.933 0.460027 0 0 0 0 0 0 166.357 469.589 0.430438 174.117 530.238 0.191493 164.37 575.217 0.153325 148.647 471.502 0.415271 156.551 532.152 0.245195 152.602 573.264 0.209395 187.813 342.417 0.116176 0 0 0 177.97 338.513 0.423701 0 0 0 0
0 111 43 0 0 0 162.465 367.767 0.318233 166.295 367.878 0.364984 195.684 434.348 0.186243 224.983 479.374 0.227731 148.637 363.882 0.221903 0 0 0 0 0 0 185.884 487.149 0.170461 0 0 0 0 0 0 158.494 479.371 0.153989 0 0 0 0 0 0 0 0 0 0 0 0 187.838 336.53 0.17278 0 0 0 0
0 111 44 201.521 352.109 0.143616 164.414 367.874 0.668272 178.054 371.741 0.6873 197.626 428.53 0.704503 226.92 473.438 0.731939 152.594 365.867 0.589927 142.846 422.63 0.127529 0 0 0 179.963 463.714 0.711014 180.054 524.351 0.668217 156.489 577.186 0.607672 164.404 461.742 0.600622 185.867 522.378 0.395808 168.265 571.34 0.272057 197.659 344.333 0.177138 0 0 0 191.7 338.479 0.563442 0 0 0 0
0 111 45 209.376 348.257 0.0777202 174.117 365.922 0.763359 189.776 367.88 0.731622 207.413 430.452 0.703261 238.691 475.335 0.706621 158.441 363.893 0.696065 148.655 416.717 0.123544 0 0 0 187.805 461.714 0.673333 193.673 522.413 0.498912 162.324 571.307 0.455023 164.431 459.796 0.707566 174.122 516.528 0.509049 162.319 571.353 0.461402 207.423 338.483 0.10911 0 0 0 195.648 336.495 0.526765 172.191 332.561 0.0609068 0
0 111 46 211.308 348.19 0.116132 180.012 371.707 0.77662 197.602 379.524 0.702579 215.212 432.389 0.687936 244.582 475.371 0.709581 162.449 365.923 0.7569 0 0 0 0 0 0 195.584 461.818 0.717004 193.654 518.484 0.576061 164.342 565.428 0.63282 174.153 461.675 0.695371 178.087 508.723 0.431185 164.303 555.725 0.476103 209.336 336.568 0.172988 0 0 0 197.608 338.451 0.601063 177.94 336.518 0.086969 0
0 111 51 0 0 0 203.481 348.256 0.5027 213.252 348.222 0.395824 236.683 352.161 0.204553 234.79 332.616 0.133587 189.794 344.364 0.413877 179.971 395.233 0.0599549 0 0 0 213.284 428.501 0.389835 195.628 475.406 0.249712 211.317 522.405 0.272728 195.672 432.368 0.453672 205.438 477.456 0.389979 211.289 526.324 0.423737 0 0 0 0 0 0 224.905 320.811 0.201244 0 0 0 0
0 111 52 0 0 0 205.432 346.294 0.677104 211.327 344.337 0.637527 242.608 350.27 0.72522 228.977 328.711 0.588124 193.706 344.37 0.665355 240.595 352.216 0.0660529 0 0 0 219.131 424.592 0.589247 225.014 477.36 0.429979 225.039 524.392 0.328403 197.641 428.427 0.607429 209.332 479.353 0.558823 217.178 534.123 0.509631 0 0 0 0 0 0 222.992 318.946 0.294605 0 0 0 0
0 111 53 0 0 0 211.338 348.228 0.42738 228.942 348.244 0.326144 244.564 350.206 0.141289 230.863 336.527 0.132954 195.605 348.228 0.39754 181.972 399.16 0.148356 189.805 430.383 0.0803508 234.759 428.51 0.291585 254.34 477.365 0.163234 269.965 508.72 0.104897 199.59 434.351 0.329995 215.204 483.267 0.213208 215.253 528.239 0.234075 0 0 0 0 0 0 228.913 318.927 0.135084 211.301 318.917 0.0652295 0
0 111 54 0 0 0 219.106 338.504 0.4547 232.847 342.361 0.351869 246.524 348.255 0.126304 0 0 0 201.548 336.561 0.43471 0 0 0 0 0 0 234.781 416.734 0.274821 252.404 455.876 0.124068 287.534 469.574 0.134528 199.61 422.622 0.355086 205.443 463.676 0.319219 219.1 526.279 0.481642 0 0 0 0 0 0 240.555 315.005 0.240686 217.149 316.896 0.0737842 0
0 111 55 0 0 0 225.018 338.461 0.358244 234.793 338.507 0.224008 254.303 342.409 0.0732657 0 0 0 209.366 336.537 0.293854 0 0 0 0 0 0 240.682 416.733 0.197741 262.195 453.922 0.103911 289.581 479.353 0.0882773 211.245 426.539 0.250606 213.275 475.378 0.247572 224.993 532.177 0.373079 0 0 0 0 0 0 240.683 318.838 0.142793 0 0 0 0
0 111 56 256.297 318.913 0.0989617 226.986 340.424 0.436756 230.891 344.334 0.329582 201.556 381.464 0.0852707 0 0 0 211.376 336.58 0.319183 0 0 0 0 0 0 240.621 422.637 0.240662 272.003 469.543 0.118085 273.948 514.587 0.106764 215.247 428.483 0.269035 213.314 475.461 0.293659 225.085 536.046 0.38672 254.361 315.018 0.128642 0 0 0 242.653 318.841 0.292068 0 0 0 0
0 111 59 0 0 0 242.605 342.388 0.408483 266.052 344.337 0.337665 0 0 0 0 0 0 223.068 340.451 0.377168 211.233 399.087 0.236877 213.275 418.688 0.0525856 271.953 442.182 0.250053 299.347 477.392 0.0925601 289.613 520.417 0.119798 228.881 444.1 0.306597 225.01 469.537 0.214857 226.921 520.428 0.432564 0 0 0 0 0 0 262.192 318.85 0.165914 242.626 316.934 0.0701116 0
0 111 63 295.413 318.961 0.084496 266.078 340.414 0.435254 285.655 342.355 0.383582 0 0 0 0 0 0 242.695 338.537 0.421948 232.812 385.45 0.178733 236.691 412.866 0.0825942 285.665 426.5 0.255088 303.228 467.601 0.111841 293.491 508.719 0.105191 244.623 424.575 0.326983 242.633 463.7 0.207404 242.699 510.706 0.320721 291.551 316.862 0.126146 0 0 0 285.646 316.97 0.357525 0 0 0 0
0 111 66 0 0 0 279.81 336.531 0.734108 303.23 336.517 0.678044 307.228 389.352 0.287359 334.648 428.476 0.281413 258.223 336.537 0.721105 250.413 389.356 0.334269 254.283 410.849 0.0619709 303.169 424.593 0.552023 305.283 463.75 0.368056 303.27 516.527 0.357205 269.991 426.499 0.587965 258.31 465.632 0.393458 244.593 508.74 0.471706 0 0 0 0 0 0 303.189 307.248 0.443876 273.941 314.988 0.117618 0
0 111 67 0 0 0 281.752 334.538 0.755391 303.216 334.517 0.682932 311.113 385.441 0.347769 336.595 426.497 0.337803 260.178 334.601 0.72939 256.261 385.437 0.482861 256.23 408.924 0.0955111 301.26 414.825 0.590402 305.218 463.681 0.460943 305.224 512.623 0.392998 271.962 414.831 0.65325 271.896 463.677 0.43345 258.283 518.459 0.448139 0 0 0 0 0 0 301.291 305.242 0.298378 271.994 309.146 0.0993632 0
0 111 68 318.978 313.093 0.133984 287.541 332.539 0.837548 305.199 332.602 0.771294 318.875 383.465 0.742371 340.446 418.686 0.734521 267.999 328.725 0.743745 258.225 385.406 0.52601 244.552 418.708 0.151824 303.171 424.57 0.662296 305.209 477.407 0.574709 305.194 526.339 0.449963 272.014 420.67 0.68103 271.926 473.435 0.491967 260.213 514.551 0.448627 318.939 305.267 0.177875 0 0 0 307.18 303.295 0.589282 283.66 303.189 0.0757338 0
0 111 69 322.86 316.93 0.422008 289.482 326.73 0.810423 303.323 332.546 0.748153 320.931 383.477 0.723289 350.233 422.571 0.726124 273.891 322.836 0.755139 258.335 379.528 0.297201 262.185 399.195 0.0768764 301.328 416.769 0.617095 318.888 461.771 0.376439 316.948 496.997 0.217338 275.871 414.818 0.592359 289.624 463.712 0.268962 299.336 500.887 0.180231 320.962 307.177 0.461687 0 0 0 311.068 303.302 0.669061 0 0 0 0
0 111 70 322.856 309.131 0.304451 289.539 320.958 0.845167 303.308 322.858 0.772923 320.881 379.587 0.720815 352.107 414.868 0.71827 274.008 320.906 0.782308 260.279 375.657 0.240703 258.349 401.142 0.159547 303.221 410.823 0.670059 318.909 457.821 0.418748 313.044 496.942 0.276026 279.781 408.908 0.579628 299.353 457.83 0.377825 303.236 500.862 0.256814 322.795 303.285 0.370101 0 0 0 311.088 299.372 0.704114 289.534 299.348 0.0619256 0
0 111 71 326.77 305.216 0.186554 291.548 320.923 0.856801 309.119 320.898 0.755299 324.781 377.602 0.682323 354.1 414.848 0.718226 275.871 320.959 0.784243 269.999 377.601 0.442436 258.294 406.942 0.188833 305.275 403.068 0.688755 318.845 448.057 0.495434 311.116 494.979 0.394396 287.557 403.049 0.680425 303.199 450.012 0.567019 303.303 498.888 0.462206 326.739 299.316 0.221324 0 0 0 314.962 293.448 0.63065 289.564 295.415 0.0745317 0
0 111 72 334.512 301.24 0.277001 301.228 318.948 0.82903 315.013 320.811 0.759493 332.584 373.701 0.679906 361.979 414.878 0.677242 285.615 318.891 0.736141 272.035 365.908 0.354847 273.849 393.266 0.16268 305.29 399.184 0.702537 314.97 448.045 0.4953 305.168 496.941 0.457098 287.637 399.108 0.70362 303.287 446.093 0.423035 299.344 494.97 0.300997 332.619 291.544 0.344279 0 0 0 318.986 291.487 0.719043 0 0 0 0
0 111 73 336.514 295.457 0.179088 303.328 320.824 0.909929 320.913 320.851 0.813982 336.514 373.725 0.762678 363.913 414.77 0.722867 287.541 320.827 0.786228 273.984 365.847 0.420573 273.955 395.252 0.294825 314.988 401.072 0.707696 318.968 448.104 0.701068 303.29 496.965 0.629999 289.501 399.198 0.77836 291.568 446.128 0.594003 289.538 493.036 0.548901 334.582 289.584 0.240441 0 0 0 320.928 289.655 0.693449 301.273 291.566 0.0886741 0
0 111 74 336.609 305.181 0.133087 305.211 320.955 0.882206 320.968 322.812 0.785669 338.515 379.516 0.766354 367.782 414.817 0.774542 289.49 320.928 0.780248 277.856 367.76 0.374131 275.896 397.104 0.242169 318.871 405.013 0.693782 318.918 453.923 0.583963 305.132 496.993 0.57986 289.613 404.974 0.703596 291.578 446.074 0.527094 299.332 493.098 0.546543 336.554 297.381 0.164544 0 0 0 326.737 293.457 0.638704 305.167 293.472 0.0886379 0
0 111 75 344.348 301.231 0.143402 309.174 318.96 0.867068 328.695 320.82 0.79227 342.396 377.595 0.76977 373.679 416.707 0.749145 293.469 318.894 0.771497 285.65 365.924 0.313045 283.641 397.137 0.171933 320.816 404.979 0.707864 324.779 455.834 0.563388 316.949 500.884 0.457956 295.467 401.121 0.688598 301.309 446.139 0.541577 305.223 494.979 0.560059 342.409 289.627 0.21053 0 0 0 334.507 289.616 0.741555 314.956 289.51 0.102077 0
0 111 76 350.237 301.265 0.525626 314.994 320.919 0.869923 328.672 322.845 0.762272 348.296 377.572 0.820024 377.58 412.895 0.785611 301.298 320.842 0.764841 289.488 363.896 0.533088 291.513 395.229 0.407349 322.821 399.182 0.725637 332.622 448.085 0.672592 320.93 496.975 0.526302 305.143 399.188 0.774993 311.07 446.101 0.595544 315 493.117 0.54496 348.289 291.552 0.545074 0 0 0 334.548 291.56 0.74763 0 0 0 0
0 111 77 352.097 291.562 0.519001 318.872 320.807 0.858914 332.631 320.929 0.781623 352.088 379.525 0.814605 379.588 412.755 0.801385 303.285 318.906 0.732812 289.668 365.822 0.396243 291.534 395.154 0.205056 332.542 403.032 0.664689 334.561 448.108 0.547131 322.863 495.01 0.429611 307.163 401.145 0.694713 314.994 446.088 0.475389 313.061 491.109 0.390628 350.132 287.665 0.549635 0 0 0 334.592 289.524 0.718452 0 0 0 0
0 111 78 352.22 289.63 0.542967 320.928 320.795 0.92088 336.594 320.939 0.797655 352.237 375.673 0.799617 383.429 412.731 0.83912 305.264 318.945 0.829503 301.221 367.788 0.440948 291.5 399.065 0.384984 334.62 401.067 0.739002 336.509 444.186 0.663115 334.601 487.166 0.500878 311.073 399.126 0.724661 313.072 444.06 0.681638 318.871 491.018 0.710941 350.281 287.533 0.565987 0 0 0 336.595 287.659 0.773407 0 0 0 0
0 111 79 354.162 291.586 0.219762 328.68 320.79 0.886059 348.199 320.888 0.790425 361.909 377.57 0.786313 389.373 412.776 0.8154 309.12 318.942 0.810176 305.145 363.944 0.598441 295.456 397.097 0.497667 338.464 403.044 0.716287 348.294 438.26 0.519392 340.432 475.4 0.548126 316.974 399.209 0.750923 320.906 444.101 0.674835 320.962 489.164 0.758644 352.252 287.611 0.265726 0 0 0 346.318 289.497 0.636599 320.908 287.655 0.105594 0
0 111 80 361.969 287.632 0.280143 332.532 318.828 0.889598 348.266 318.941 0.798373 361.957 369.818 0.762085 393.253 410.81 0.782829 314.961 316.925 0.82549 305.279 361.987 0.602962 301.322 397.094 0.524889 338.54 397.194 0.733081 348.224 446.096 0.642376 336.559 493.069 0.560633 318.92 397.163 0.81632 324.764 446.09 0.687268 324.776 491.111 0.542675 356.126 281.736 0.315929 0 0 0 350.172 285.657 0.69551 324.744 285.681 0.0905538 0
0 111 81 365.926 287.615 0.324473 334.58 314.997 0.891502 352.142 316.886 0.81467 363.949 365.874 0.792269 389.361 399.221 0.741454 316.97 315.005 0.783633 305.298 354.106 0.539201 309.089 385.422 0.436622 342.426 389.324 0.646921 350.295 430.45 0.594947 348.276 471.494 0.490678 320.803 387.428 0.715377 326.764 430.449 0.566092 334.541 473.449 0.531205 365.798 281.754 0.344233 0 0 0 352.229 285.619 0.686286 328.68 285.671 0.0739654 0
0 111 82 367.798 285.69 0.265678 336.534 309.112 0.854302 352.185 313.034 0.743415 367.797 367.812 0.729804 397.137 401.117 0.749438 320.887 307.153 0.813862 309.147 352.112 0.213737 316.986 383.482 0.118379 348.254 385.406 0.673947 367.825 428.395 0.548583 363.935 465.645 0.309892 322.815 383.563 0.733135 336.59 430.43 0.676275 352.118 475.346 0.665605 365.899 279.771 0.321805 0 0 0 354.165 279.822 0.675652 334.562 283.691 0.0792189 0
0 111 83 369.85 289.609 0.428274 338.502 309.175 0.798834 352.267 318.871 0.741807 369.821 367.859 0.74627 399.238 399.23 0.740323 326.723 305.207 0.718914 318.872 350.251 0.103413 0 0 0 350.276 391.292 0.657073 379.52 428.458 0.464242 358.052 465.693 0.25989 330.621 385.493 0.666677 348.202 430.486 0.595962 354.125 475.444 0.658142 367.926 285.67 0.499359 0 0 0 358.033 283.689 0.70261 0 0 0 0
0 111 84 375.637 289.615 0.240721 344.317 305.312 0.764841 354.173 311.106 0.643931 367.829 365.785 0.544291 399.201 397.141 0.551298 332.552 303.286 0.702298 320.809 354.126 0.106706 0 0 0 352.194 389.383 0.64151 367.894 438.245 0.355139 365.872 479.378 0.231962 332.631 389.329 0.602538 348.253 444.125 0.41925 354.123 483.259 0.215006 371.752 287.504 0.317817 0 0 0 361.988 285.656 0.682804 344.362 283.66 0.0770487 0
0 111 85 379.554 289.539 0.247253 346.328 313.055 0.748315 358.015 316.921 0.667568 377.582 365.883 0.650182 406.929 397.229 0.694645 334.468 309.147 0.693542 320.934 361.963 0.176661 0 0 0 365.904 401.075 0.642333 381.486 457.823 0.484311 373.678 500.878 0.201799 338.542 399.121 0.624981 354.124 455.867 0.467825 354.107 508.67 0.157736 377.562 285.617 0.310938 0 0 0 363.943 283.683 0.660984 348.199 281.743 0.0664214 0
0 111 86 381.505 287.622 0.174912 352.121 303.261 0.920147 367.764 305.175 0.796207 379.485 361.917 0.645522 405.01 393.223 0.63583 336.509 301.321 0.809493 320.935 338.455 0.553453 322.902 367.854 0.518794 363.91 379.523 0.650937 381.541 414.761 0.583855 379.51 459.771 0.682264 336.596 377.582 0.686225 352.098 416.758 0.665405 352.27 459.784 0.580597 381.489 281.721 0.209244 0 0 0 369.772 279.75 0.647006 350.227 274.006 0.132108 0
0 111 87 381.607 289.54 0.121388 352.254 305.266 0.891686 367.925 309.15 0.754458 381.424 361.917 0.729955 410.826 395.223 0.657064 336.612 305.154 0.808936 322.831 344.314 0.480605 328.715 367.933 0.389011 363.935 381.558 0.649124 385.408 414.77 0.578295 381.553 461.684 0.695645 338.538 381.485 0.691835 352.127 416.791 0.59439 352.155 459.691 0.610507 381.609 285.6 0.155859 0 0 0 377.615 283.67 0.641641 352.212 275.941 0.173738 0
0 111 88 381.587 289.594 0.178919 354.12 303.177 0.830402 367.818 301.315 0.663912 387.408 303.226 0.619585 381.552 287.582 0.492691 340.438 303.228 0.768475 328.704 344.319 0.193633 334.475 363.9 0.149325 367.762 369.785 0.67014 383.508 412.805 0.384471 385.42 457.784 0.281115 342.393 371.765 0.651499 350.28 416.72 0.596239 352.276 461.686 0.543292 383.491 281.762 0.185546 0 0 0 369.848 281.751 0.569274 354.214 281.77 0.0914927 0
0 111 89 393.287 289.491 0.149148 363.848 303.202 0.834596 375.637 305.193 0.709621 383.583 356.055 0.71932 414.888 395.151 0.67813 350.152 299.35 0.761071 334.634 346.315 0.160478 0 0 0 365.816 381.549 0.675771 387.399 420.649 0.367709 397.171 473.449 0.252345 346.261 381.458 0.639098 356.124 424.577 0.353728 352.112 459.732 0.439276 393.243 285.622 0.196458 0 0 0 383.434 281.736 0.647648 365.706 273.996 0.117612 0
0 111 90 399.102 287.625 0.333993 365.84 305.188 0.816645 379.598 307.157 0.671499 391.323 361.976 0.602588 416.778 393.291 0.582998 352.095 303.261 0.707631 336.517 350.184 0.299501 336.591 367.873 0.157487 373.72 389.342 0.471705 410.866 401.104 0.284826 401.07 457.838 0.225861 350.262 385.427 0.539433 356.087 424.583 0.283564 352.233 455.889 0.405469 397.168 283.663 0.35108 0 0 0 383.567 283.65 0.628547 0 0 0 0
0 111 91 399.191 285.668 0.264675 367.894 303.229 0.866885 383.459 305.259 0.766495 395.141 354.18 0.659032 414.861 385.432 0.674358 354.192 299.341 0.750563 0 0 0 0 0 0 379.567 383.514 0.6191 395.192 418.703 0.432208 393.274 461.795 0.442914 352.264 381.503 0.662869 360.02 422.585 0.50691 358.071 461.721 0.54082 399.079 277.876 0.328858 0 0 0 387.414 277.869 0.692882 0 0 0 0
0 111 92 401.082 287.68 0.139802 373.698 303.296 0.825764 387.423 307.143 0.704719 397.166 358.069 0.685768 424.532 389.377 0.700712 359.992 301.311 0.761422 350.158 342.397 0.109513 0 0 0 383.406 389.383 0.621616 440.193 416.766 0.613089 412.823 479.328 0.693278 354.109 381.567 0.639871 352.248 416.778 0.440008 358.051 461.763 0.571973 399.199 279.787 0.191759 0 0 0 395.227 279.802 0.644966 373.681 275.848 0.131967 0
0 111 93 410.82 287.547 0.110124 381.551 303.222 0.796735 397.119 305.248 0.673485 399.177 356.118 0.444463 428.548 389.337 0.402487 367.818 295.463 0.688324 0 0 0 0 0 0 393.242 399.091 0.441275 444.109 416.757 0.427135 414.826 477.403 0.466236 361.953 383.506 0.439107 352.22 412.763 0.305424 359.971 459.834 0.436775 408.88 279.776 0.153881 0 0 0 399.184 279.785 0.636396 381.559 274.005 0.138515 0
0 111 94 412.823 287.67 0.137379 383.475 303.316 0.885889 397.25 309.11 0.779485 405.004 358.025 0.658759 430.378 391.268 0.710955 369.796 299.369 0.771914 0 0 0 0 0 0 385.449 387.393 0.643752 414.816 420.669 0.438502 412.767 469.588 0.486274 365.857 383.476 0.670242 365.795 422.633 0.487794 352.202 463.666 0.56526 412.734 283.726 0.181109 0 0 0 403.018 283.66 0.680966 383.447 275.841 0.150556 0
0 111 95 414.844 287.669 0.0509546 387.369 305.246 0.829553 401.086 313.017 0.711557 412.818 363.909 0.72787 436.275 391.315 0.679694 371.79 303.21 0.784149 365.854 344.356 0.0898324 0 0 0 397.112 391.305 0.625248 434.351 412.773 0.539719 414.699 465.665 0.645348 367.838 383.483 0.654419 365.859 420.63 0.44615 358.009 461.711 0.557676 414.76 285.585 0.0804526 0 0 0 412.72 283.702 0.636501 385.445 275.942 0.192919 0
0 111 96 0 0 0 395.229 309.094 0.83285 412.715 318.922 0.723421 414.875 365.879 0.606789 444.024 393.228 0.477067 379.569 303.255 0.772078 0 0 0 0 0 0 408.894 397.225 0.576558 448.01 410.888 0.274398 428.491 449.993 0.211933 379.584 397.147 0.624693 352.256 461.75 0.425828 414.77 461.731 0.527537 0 0 0 0 0 0 414.727 287.582 0.575323 391.3 279.818 0.306525 0
0 111 97 428.491 287.702 0.14164 397.205 307.148 0.82597 412.885 314.98 0.691264 424.529 365.799 0.589432 446.12 395.231 0.532331 381.601 303.315 0.717467 371.744 350.279 0.26195 0 0 0 406.948 397.139 0.515984 328.706 438.253 0.183822 428.46 457.774 0.0726688 381.477 397.13 0.65095 358.077 459.763 0.583358 418.667 461.765 0.62151 428.395 285.612 0.183951 0 0 0 416.782 285.613 0.631524 397.18 277.803 0.169952 0
0 111 98 0 0 0 399.228 303.248 0.876555 414.901 307.249 0.744773 424.599 358.067 0.712881 448.045 397.116 0.7424 385.43 295.412 0.787067 0 0 0 0 0 0 410.895 393.253 0.599369 455.891 412.761 0.411131 422.612 459.744 0.540347 383.456 385.42 0.576316 365.89 446.03 0.352817 410.853 459.828 0.155231 0 0 0 0 0 0 424.566 283.686 0.611574 399.208 273.953 0.303064 0
0 111 99 430.375 291.513 0.14318 403.041 301.329 0.827335 416.8 307.161 0.734457 428.444 359.982 0.748351 448.099 395.167 0.7371 387.438 291.587 0.775776 408.892 287.62 0.0758688 0 0 0 414.875 395.191 0.652338 461.727 418.675 0.663279 420.657 461.812 0.697969 397.107 387.411 0.556309 395.22 410.841 0.142451 365.894 442.123 0.352359 430.41 287.537 0.174779 0 0 0 426.499 281.755 0.669925 403.091 273.872 0.183577 0
0 111 100 432.448 289.476 0.127842 408.923 301.295 0.833903 422.626 305.192 0.722395 428.5 352.266 0.734367 451.965 385.434 0.730893 395.197 293.513 0.760862 408.911 287.598 0.0779856 0 0 0 422.58 385.449 0.635266 461.806 418.705 0.622746 428.426 467.617 0.569697 399.119 383.451 0.672091 422.626 428.509 0.304226 416.792 459.767 0.263371 432.458 281.723 0.154274 0 0 0 428.431 277.844 0.648137 410.79 272.039 0.195303 0
0 111 101 442.193 287.503 0.156707 412.742 299.296 0.830249 428.432 303.271 0.742929 434.351 352.201 0.558776 459.861 393.258 0.511992 397.134 291.51 0.790795 414.789 287.654 0.0591508 0 0 0 426.512 381.525 0.57867 461.772 422.642 0.402714 430.463 469.573 0.3931 399.122 375.662 0.531914 428.415 424.567 0.205797 416.731 446.073 0.193799 442.181 277.83 0.208667 0 0 0 430.406 275.889 0.670024 0 0 0 0
0 111 102 444.119 285.602 0.254742 412.86 289.585 0.793996 424.604 291.486 0.645249 436.292 293.477 0.530196 440.222 279.755 0.444993 399.184 287.671 0.753193 0 0 0 0 0 0 428.469 365.867 0.650245 461.738 401.101 0.226553 426.488 446.151 0.202607 403.079 365.876 0.605422 412.776 406.964 0.382743 408.9 449.993 0.284109 444.195 273.99 0.272047 0 0 0 430.458 273.841 0.590656 0 0 0 0
0 111 103 446.059 279.796 0.174627 416.709 289.508 0.891632 430.525 291.504 0.752993 438.271 350.121 0.611774 463.665 379.595 0.671329 401.131 287.627 0.782931 395.166 336.52 0.322094 385.457 365.805 0.249688 428.483 365.859 0.720797 471.517 408.9 0.456287 451.975 459.832 0.390389 403.083 363.905 0.679581 416.779 408.9 0.568946 414.763 450.033 0.490497 446.066 273.881 0.225544 0 0 0 438.267 271.91 0.692929 416.774 268.029 0.109141 0
0 111 104 448.112 277.802 0.227816 416.805 293.46 0.805089 430.473 299.373 0.768056 446.059 350.275 0.7412 471.509 383.473 0.734965 406.981 289.626 0.717651 399.107 334.647 0.101341 0 0 0 430.442 379.544 0.687895 473.502 418.703 0.566459 442.193 465.669 0.487399 410.842 371.755 0.594828 432.456 422.591 0.292584 438.256 463.703 0.255806 446.201 271.988 0.301065 0 0 0 440.187 271.916 0.685811 0 0 0 0
0 111 105 455.828 273.993 0.125917 424.582 289.613 0.831777 434.366 295.463 0.696866 444.184 350.202 0.662901 475.34 383.429 0.563147 412.777 285.673 0.735247 432.475 291.559 0.0518925 0 0 0 436.283 379.561 0.591472 481.295 408.918 0.532815 455.872 461.702 0.542016 414.737 375.621 0.56955 422.634 401.068 0.254648 424.559 442.139 0.255553 451.948 271.925 0.182264 0 0 0 446.035 270.001 0.650449 426.548 264.097 0.0923484 0
0 111 106 459.68 275.86 0.129668 426.506 289.551 0.80102 434.388 289.585 0.704724 459.773 289.525 0.591043 446.164 275.844 0.382627 412.844 287.642 0.72983 0 0 0 0 0 0 442.206 373.697 0.592091 475.444 420.634 0.281031 442.143 450.006 0.335748 414.756 369.763 0.603208 412.835 397.162 0.284588 401.096 448.053 0.345658 459.758 271.901 0.171272 0 0 0 446.032 270.006 0.597313 0 0 0 0
0 111 107 461.818 273.882 0.290386 430.445 289.633 0.880032 444.183 293.475 0.750944 451.978 348.183 0.703551 477.347 377.593 0.742286 416.719 289.564 0.793218 408.915 334.602 0.245663 404.993 359.973 0.258791 438.258 369.786 0.65762 448.054 414.788 0.664834 438.233 459.729 0.624272 416.77 367.797 0.698918 426.542 408.927 0.442357 414.774 448.016 0.439173 461.682 269.976 0.344397 0 0 0 450.005 269.927 0.706288 430.364 266.094 0.0647953 0
0 111 108 461.792 277.822 0.279611 430.518 287.676 0.826126 442.113 289.566 0.708688 457.776 287.566 0.468873 457.762 273.953 0.339847 422.627 287.537 0.691245 434.364 295.448 0.0631526 0 0 0 444.081 365.88 0.718461 446.128 412.794 0.585751 440.235 453.887 0.487875 428.502 365.839 0.694454 436.331 406.943 0.428113 434.366 446.131 0.304517 461.786 271.963 0.328789 0 0 0 450.04 269.985 0.672938 0 0 0 0
0 111 109 465.623 273.971 0.222519 438.247 289.668 0.847797 448.092 295.462 0.674775 459.76 346.298 0.62344 479.394 375.677 0.595915 424.596 289.556 0.741608 451.967 289.552 0.0834563 0 0 0 444.198 365.861 0.727446 446.119 408.933 0.578818 432.414 446.086 0.476313 428.398 365.799 0.747868 430.361 401.081 0.61521 428.42 444.179 0.603747 463.735 271.884 0.269016 0 0 0 457.791 271.874 0.660805 440.205 266.106 0.090191 0
0 111 110 473.427 272.043 0.175573 444.086 291.538 0.924052 459.814 293.471 0.80085 461.823 340.476 0.703187 490.988 379.495 0.688466 428.39 291.562 0.756009 416.719 326.752 0.377291 416.711 361.936 0.33917 449.965 363.919 0.723605 455.835 408.9 0.522551 438.297 442.175 0.374247 428.547 363.91 0.764836 430.519 401.115 0.760026 428.461 446.105 0.815526 473.408 269.954 0.215305 0 0 0 461.788 268.056 0.723516 443.99 264.151 0.139442 0
0 111 111 475.424 271.999 0.178293 446.042 289.641 0.953457 461.759 291.519 0.806275 467.608 338.451 0.730365 492.984 377.614 0.78229 430.366 289.651 0.833305 418.708 326.73 0.375462 428.373 352.234 0.269404 457.862 363.916 0.719105 461.76 405.009 0.672598 475.368 440.224 0.437494 432.442 363.922 0.745784 434.387 401.084 0.709824 430.455 444.173 0.845609 475.418 269.92 0.223779 0 0 0 465.628 268.066 0.712405 444.166 264.164 0.14492 0
0 111 112 477.397 273.848 0.287784 446.148 289.485 0.919127 461.812 289.604 0.78964 473.466 340.466 0.667671 495.059 379.495 0.697801 430.522 287.669 0.799916 428.42 328.694 0.174831 426.555 361.902 0.0994124 459.769 365.81 0.682581 461.679 401.069 0.399006 471.527 434.364 0.33197 440.193 365.786 0.674148 444.185 399.184 0.540796 434.375 442.142 0.464488 477.364 269.965 0.332874 0 0 0 467.598 268.001 0.712403 0 0 0 0
0 111 113 477.46 273.982 0.287075 448.038 289.492 0.876495 461.802 289.581 0.773004 475.38 336.575 0.672855 495.058 369.794 0.686361 434.343 289.513 0.769153 436.294 330.618 0.114211 0 0 0 461.67 373.678 0.731002 455.898 432.437 0.591776 403.031 444.172 0.411477 444.15 367.896 0.701669 448.093 428.436 0.443951 422.603 448.092 0.214589 477.435 270.002 0.331076 0 0 0 467.641 266.056 0.694827 0 0 0 0
0 111 114 479.416 273.953 0.305683 451.953 285.682 0.825837 461.774 289.513 0.814325 471.494 332.627 0.604651 493.027 360.019 0.604288 442.193 283.696 0.743805 434.411 320.875 0.0836236 0 0 0 461.746 358.012 0.711229 469.56 399.062 0.586934 461.718 430.415 0.527715 446.046 356.097 0.716045 450.005 397.233 0.693752 455.842 432.42 0.595195 479.371 270.02 0.352668 0 0 0 471.531 262.225 0.669183 0 0 0 0
0 111 115 489.097 270.005 0.171657 459.797 283.697 0.853011 475.359 287.561 0.796375 473.498 318.903 0.369683 490.997 348.246 0.259042 446.042 277.855 0.808586 432.468 314.988 0.109261 0 0 0 469.545 350.275 0.675682 475.385 387.376 0.551797 469.561 428.415 0.561221 448.05 350.265 0.691706 457.797 391.285 0.560761 457.828 428.454 0.502003 489.092 262.176 0.213143 0 0 0 477.432 260.25 0.648291 0 0 0 0
0 111 116 491.118 266.111 0.293001 461.688 285.666 0.893711 475.456 289.567 0.808033 481.3 332.62 0.537326 504.723 363.917 0.339115 446.197 281.758 0.744055 477.399 273.959 0.121911 0 0 0 475.428 354.187 0.646493 508.653 383.503 0.379883 493.022 424.579 0.273875 451.967 356.098 0.661477 459.825 395.15 0.57148 461.836 428.425 0.618757 491.039 260.218 0.347327 0 0 0 477.474 260.22 0.711985 0 0 0 0
0 111 117 493.067 268.003 0.255043 461.811 283.724 0.85519 475.49 287.63 0.809503 479.406 330.624 0.589622 506.71 358.027 0.582655 450.002 281.747 0.782417 451.99 318.943 0.0919666 0 0 0 479.343 356.132 0.708507 524.403 385.451 0.781343 506.676 440.222 0.666996 459.769 356.065 0.737895 465.673 391.309 0.41026 465.69 414.834 0.590739 493.01 260.181 0.315652 0 0 0 483.244 258.245 0.727211 0 0 0 0
0 111 118 496.958 269.987 0.469656 463.714 285.609 0.819813 475.506 289.518 0.806422 477.464 336.455 0.51696 506.793 358.039 0.401481 455.825 281.729 0.716278 463.685 320.89 0.0840884 502.837 338.526 0.0511143 479.327 361.927 0.605103 526.296 385.407 0.4155 498.91 428.502 0.275258 459.756 358.073 0.654599 465.653 383.501 0.192828 473.446 412.813 0.355677 493.142 262.168 0.491451 0 0 0 481.33 258.291 0.72324 0 0 0 0
0 111 119 504.706 266.106 0.392561 471.537 281.751 0.786157 479.416 287.593 0.777169 491.113 332.591 0.655847 516.518 365.793 0.437494 459.797 277.816 0.716116 481.39 271.894 0.0695118 0 0 0 477.471 358.016 0.597359 528.254 385.498 0.335339 502.826 434.343 0.243146 461.686 354.156 0.604001 475.436 397.183 0.217782 475.454 418.714 0.171862 500.848 258.313 0.448553 0 0 0 489.129 256.364 0.76466 0 0 0 0
0 111 120 506.72 262.217 0.259885 475.459 283.702 0.874671 491.036 287.624 0.83429 495.037 334.503 0.731331 524.339 367.866 0.675897 461.713 277.85 0.80936 453.94 316.93 0.0751449 0 0 0 481.309 356.125 0.600514 524.324 383.469 0.336221 495.022 424.558 0.315946 461.744 354.141 0.690857 471.539 387.368 0.470444 465.667 424.573 0.479291 504.8 258.282 0.31808 0 0 0 493.051 258.248 0.728434 475.345 256.221 0.0701687 0
0 111 121 508.745 262.201 0.445208 477.484 283.685 0.853485 493.06 287.661 0.830301 500.849 334.601 0.700796 526.277 369.825 0.583782 463.715 277.866 0.793196 461.773 318.893 0.0935659 0 0 0 491.015 361.946 0.582193 520.442 385.48 0.255563 495.067 424.55 0.235206 463.7 358.045 0.62022 467.618 383.492 0.313295 471.507 422.619 0.377247 508.628 258.244 0.497178 0 0 0 495.042 258.2 0.753694 0 0 0 0
0 111 122 508.741 266.106 0.444349 479.313 287.503 0.874767 493.16 287.674 0.826416 502.844 324.785 0.611385 514.57 350.227 0.277925 463.677 285.63 0.827428 461.724 315.005 0.104513 0 0 0 493 354.134 0.661255 516.509 383.492 0.321913 506.782 414.824 0.354756 469.542 352.261 0.676176 463.673 379.549 0.445965 461.737 414.827 0.579346 508.65 258.362 0.487862 0 0 0 495.068 258.32 0.723957 0 0 0 0
0 111 123 510.683 266.05 0.144228 489.157 277.825 0.745127 500.873 285.647 0.655697 504.783 324.813 0.494902 528.242 356.112 0.228747 475.437 275.917 0.629628 465.674 309.139 0.0990929 0 0 0 494.994 358.075 0.475921 540.04 383.407 0.474532 520.385 420.657 0.380823 473.454 354.149 0.476844 469.562 369.784 0.157091 459.76 408.927 0.344616 510.68 258.227 0.194848 0 0 0 506.758 256.34 0.669815 490.99 254.281 0.130245 0
0 111 124 522.366 260.193 0.175039 492.973 279.754 0.875129 506.74 287.547 0.85571 508.668 332.576 0.743241 536.03 365.837 0.536198 477.459 273.972 0.846775 493.133 273.921 0.0724105 0 0 0 493.083 354.115 0.678574 536.088 381.478 0.326284 510.649 414.751 0.367848 475.374 352.132 0.679603 475.425 377.645 0.264699 465.645 414.845 0.36638 520.46 258.163 0.234102 0 0 0 510.635 258.202 0.717366 491.2 254.365 0.135367 0
0 111 125 522.424 262.205 0.142215 493.112 287.516 0.85591 508.689 289.527 0.810344 512.609 330.632 0.576555 538.11 365.807 0.389117 479.349 285.579 0.736283 477.342 313.06 0.110561 0 0 0 502.817 356.092 0.536416 534.133 385.434 0.193718 516.545 414.837 0.212685 477.461 352.245 0.616364 473.464 383.421 0.338443 463.714 414.866 0.477409 522.306 258.251 0.184868 0 0 0 510.658 258.331 0.593133 491.154 258.245 0.108476 0
0 111 126 524.248 268.061 0.15302 497.001 287.527 0.801889 508.763 287.682 0.812497 520.365 332.538 0.692874 541.983 367.847 0.492222 489.1 285.618 0.699838 477.44 318.882 0.108456 0 0 0 506.651 350.247 0.580964 543.898 385.449 0.197085 522.344 422.571 0.245284 485.193 350.192 0.60813 473.476 379.536 0.304085 463.687 410.88 0.432191 522.426 260.212 0.195638 0 0 0 516.511 258.355 0.581933 0 0 0 0
0 111 127 526.387 271.861 0.168067 506.647 283.726 0.840892 514.6 287.629 0.78403 522.322 330.654 0.76314 542.027 361.947 0.620457 493.047 279.753 0.772045 510.66 273.895 0.0663424 0 0 0 510.616 350.198 0.675488 555.624 383.454 0.712038 522.396 418.678 0.570041 491 348.245 0.675011 477.389 369.747 0.451521 465.667 410.858 0.512318 524.461 262.185 0.209095 0 0 0 522.297 260.233 0.632784 504.775 256.293 0.0910208 0
0 111 128 536.097 271.897 0.208314 508.734 285.602 0.86164 522.353 289.573 0.791212 522.394 332.551 0.729954 545.877 360.014 0.702581 498.899 275.897 0.764688 504.806 256.32 0.153093 0 0 0 512.616 354.131 0.66209 536.064 410.85 0.395636 502.828 412.766 0.301804 493.063 350.224 0.672852 491.014 369.769 0.314299 463.71 395.249 0.333817 534.134 266.093 0.236015 0 0 0 524.406 264.113 0.645596 508.653 256.398 0.154658 0
0 111 129 538.139 269.947 0.299309 512.634 283.653 0.787302 524.328 289.52 0.781851 524.449 330.634 0.68296 553.709 363.861 0.556154 506.681 275.889 0.713769 526.316 271.952 0.124734 0 0 0 522.435 350.267 0.685628 567.37 383.524 0.695139 522.427 414.864 0.637808 500.9 350.211 0.642479 481.354 377.616 0.339338 463.752 399.094 0.34351 538.024 262.191 0.336968 0 0 0 526.294 260.195 0.669559 0 0 0 0
0 111 130 538.111 269.959 0.149462 520.404 281.724 0.746724 526.346 289.54 0.730184 538.027 332.592 0.643609 559.59 371.747 0.545284 508.735 273.912 0.688391 508.769 244.627 0.214428 0 0 0 524.327 348.227 0.551646 559.549 391.313 0.217862 520.421 412.8 0.244029 506.731 342.413 0.567906 506.728 367.88 0.270964 465.636 387.434 0.194148 538.034 262.184 0.184059 0 0 0 532.177 260.27 0.52268 518.466 256.246 0.143854 0
0 111 131 551.676 260.201 0.468487 522.472 273.979 0.819742 534.15 281.741 0.659386 538.039 320.833 0.310765 553.75 350.141 0.0500428 512.658 271.972 0.736064 524.394 268.042 0.121367 0 0 0 534.152 340.422 0.671758 571.231 385.447 0.666593 526.298 414.831 0.371371 510.654 340.472 0.658516 520.457 369.834 0.319209 516.513 403.062 0.333424 545.893 256.37 0.504541 0 0 0 536.11 258.228 0.683407 0 0 0 0
0 111 132 551.77 260.231 0.434913 526.291 271.929 0.815162 536.086 275.9 0.65843 551.659 273.95 0.290472 555.615 271.875 0.383915 522.31 266.1 0.68086 522.367 240.597 0.248172 555.771 271.983 0.240982 538.007 334.613 0.746292 569.384 381.469 0.567052 534.147 420.633 0.308338 520.394 336.559 0.689511 524.275 369.82 0.557068 516.514 410.862 0.477255 551.692 258.208 0.453477 0 0 0 539.972 256.279 0.64022 0 0 0 0
0 111 133 555.614 266.104 0.268033 534.085 273.914 0.739061 540.074 281.708 0.618602 551.665 271.971 0.270579 0 0 0 522.399 271.914 0.689969 524.355 252.388 0.190091 530.292 244.569 0.12059 542.012 338.533 0.682234 573.324 381.569 0.66372 539.949 424.578 0.490377 524.306 342.386 0.681555 528.253 381.469 0.388069 524.404 406.959 0.309654 555.63 260.204 0.297652 0 0 0 545.871 258.301 0.589116 0 0 0 0
0 111 134 557.576 260.272 0.320203 536.108 273.882 0.828074 543.917 285.601 0.716277 547.848 320.846 0.472387 557.594 334.548 0.124154 524.418 268.044 0.707016 524.46 240.64 0.470489 542 240.674 0.219682 547.825 342.36 0.702679 577.2 381.487 0.743888 541.963 426.489 0.668383 526.275 342.389 0.698389 528.252 375.654 0.415691 524.39 410.836 0.497686 555.734 258.258 0.378246 0 0 0 551.762 256.367 0.716176 0 0 0 0
0 111 135 565.393 260.247 0.290511 538.067 273.998 0.871344 551.751 285.586 0.74643 551.781 320.883 0.472726 563.463 338.473 0.111896 526.275 271.914 0.789922 526.405 242.584 0.352762 553.671 246.521 0.159734 551.757 348.23 0.716922 581.096 381.531 0.654073 547.832 422.628 0.598432 526.376 348.203 0.701059 534.155 373.684 0.438677 530.191 408.916 0.543503 563.462 258.204 0.345651 0 0 0 553.723 256.37 0.684619 538.113 250.412 0.13055 0
0 111 136 569.328 258.278 0.315323 540.079 270.025 0.858052 553.759 273.932 0.762837 567.333 279.801 0.34952 569.288 268.004 0.397267 530.212 264.142 0.751257 537.996 244.587 0.175235 545.882 240.73 0.122105 553.606 336.515 0.784371 584.926 377.58 0.671631 549.77 424.553 0.652832 530.234 336.541 0.728309 539.986 379.563 0.669302 536.088 416.751 0.579921 569.297 256.245 0.344242 0 0 0 557.593 256.22 0.723622 0 0 0 0
0 111 137 571.252 258.343 0.253977 543.94 271.862 0.840654 555.69 273.927 0.790019 555.728 316.864 0.455988 567.39 320.875 0.164383 536.065 266.074 0.773726 540.07 246.528 0.153145 0 0 0 553.63 336.454 0.759451 557.666 371.738 0.541502 553.625 414.784 0.659431 534.106 334.621 0.731572 539.966 371.746 0.687751 537.983 412.857 0.594376 571.257 256.254 0.279833 0 0 0 565.392 254.332 0.67424 542.026 248.471 0.140447 0
0 111 138 571.259 258.317 0.130523 551.684 271.879 0.85167 557.683 275.868 0.760902 559.547 316.976 0.527074 571.318 326.738 0.195932 539.949 264.127 0.774328 540.106 240.628 0.352231 555.697 240.623 0.178596 555.725 336.499 0.729533 584.977 369.837 0.589881 557.608 416.765 0.682707 538.086 336.495 0.769647 542.036 379.507 0.732996 540.05 414.794 0.676974 571.319 256.267 0.171721 0 0 0 569.351 254.337 0.684072 551.705 242.678 0.26891 0
0 111 139 573.292 258.3 0.145446 555.574 269.951 0.824214 565.446 273.873 0.708265 571.371 281.74 0.278223 0 0 0 543.922 262.159 0.724295 543.945 242.603 0.151309 0 0 0 555.716 332.605 0.720539 557.598 375.665 0.498055 551.729 416.763 0.539735 540.072 330.66 0.67519 540.089 369.812 0.61605 538.032 414.819 0.423396 573.33 254.343 0.158952 0 0 0 571.276 254.279 0.595875 555.584 242.705 0.172596 0
0 111 140 584.908 262.19 0.251053 555.728 271.889 0.850473 569.374 275.869 0.710607 569.351 314.974 0.260259 569.35 320.914 0.057536 547.8 264.121 0.691773 547.832 240.683 0.244793 557.633 240.638 0.151711 561.523 334.631 0.683832 569.398 379.588 0.471429 555.605 420.63 0.504072 541.953 334.591 0.681915 551.742 377.574 0.498796 541.927 416.786 0.415227 584.933 258.254 0.273082 0 0 0 573.26 256.235 0.676381 555.817 244.638 0.163236 0
0 111 141 586.905 262.221 0.400991 557.62 271.985 0.876641 571.217 277.826 0.751979 573.304 316.924 0.549325 586.973 320.891 0.23881 551.687 268.017 0.732752 551.763 240.568 0.276747 563.482 240.651 0.155387 567.371 336.505 0.709882 573.31 381.488 0.488681 555.693 418.712 0.495834 545.907 334.624 0.707447 549.778 375.633 0.600615 514.603 412.793 0.419923 585.047 258.32 0.434518 0 0 0 573.305 256.289 0.724226 0 0 0 0
0 111 142 586.869 267.995 0.148375 565.396 272.005 0.816568 571.369 275.851 0.742446 575.256 307.214 0.568767 585.061 322.847 0.183951 553.708 269.998 0.775146 543.927 301.324 0.106261 0 0 0 569.296 334.55 0.707629 569.409 373.728 0.521759 567.355 412.857 0.456611 553.704 334.512 0.693574 555.688 369.772 0.475813 545.865 408.932 0.293304 586.889 258.309 0.167006 0 0 0 583.026 256.271 0.544241 563.501 250.418 0.130385 0
0 111 143 588.968 262.143 0.206481 569.356 273.915 0.877488 579.138 279.749 0.733142 579.098 313.028 0.456818 584.98 334.611 0.175504 557.618 271.895 0.788434 0 0 0 0 0 0 571.255 334.586 0.772057 569.369 375.678 0.698917 555.67 412.827 0.61604 555.682 334.497 0.738024 555.63 367.822 0.623179 540.013 410.8 0.585622 588.905 258.178 0.259153 0 0 0 584.996 256.302 0.641543 0 0 0 0
0 111 144 596.722 258.308 0.13 571.371 272.01 0.855867 584.973 277.824 0.71461 585.003 303.256 0.296001 596.742 320.866 0.0792008 561.539 268.056 0.715522 557.607 242.547 0.203321 569.326 240.647 0.142539 573.322 334.474 0.725921 573.239 375.641 0.570252 557.602 412.838 0.538004 561.532 332.563 0.637746 561.523 367.775 0.538669 539.972 406.944 0.491609 592.844 256.313 0.159502 0 0 0 587.016 256.301 0.560992 571.344 246.587 0.141721 0
0 111 145 600.634 267.966 0.100405 573.309 273.946 0.86088 587.012 281.715 0.77139 590.852 313.037 0.492187 598.694 322.828 0.193772 561.505 271.978 0.769954 553.744 297.369 0.139572 0 0 0 584.909 336.47 0.695346 584.974 379.536 0.515191 577.185 412.896 0.487741 567.336 336.454 0.671404 569.36 371.738 0.559222 555.694 410.846 0.430818 600.625 258.308 0.123623 0 0 0 592.825 256.354 0.542278 571.389 252.371 0.185242 0
0 111 146 602.603 258.27 0.0730263 583.015 272.01 0.885155 592.801 279.781 0.758244 596.76 326.721 0.739727 618.372 354.158 0.765424 569.402 268.009 0.738504 569.263 240.624 0.457491 575.246 240.686 0.260035 584.974 342.368 0.677648 586.89 381.574 0.476543 584.912 408.948 0.521711 567.4 338.523 0.717133 571.285 375.625 0.58501 569.316 408.902 0.422565 0 0 0 0 0 0 600.692 256.204 0.732173 583.041 242.74 0.337882 0
0 111 147 604.611 258.315 0.15676 585.008 272.017 0.890202 596.707 279.76 0.760377 598.699 318.921 0.639181 618.224 340.464 0.557321 573.268 268.021 0.724072 571.363 240.626 0.397373 588.923 240.689 0.157373 590.89 336.574 0.705738 616.253 367.873 0.469147 592.856 412.746 0.554313 573.316 336.511 0.71418 575.253 371.745 0.622903 571.252 406.919 0.516948 604.605 256.288 0.216587 0 0 0 602.625 256.237 0.79378 584.994 242.718 0.256383 0
0 111 148 612.377 258.164 0.200228 587.062 270.02 0.888589 602.53 273.932 0.82134 602.527 318.846 0.498966 620.196 338.508 0.496233 577.202 262.2 0.725476 573.328 240.581 0.498642 586.988 228.903 0.310069 596.754 332.566 0.738337 614.303 361.968 0.527973 594.778 403.026 0.646464 577.163 330.638 0.683836 577.195 367.761 0.741384 571.389 401.062 0.594223 612.372 256.19 0.233055 0 0 0 604.596 254.348 0.73862 587.049 242.73 0.238868 0
0 111 149 616.211 260.183 0.225364 590.849 269.93 0.806107 602.636 273.894 0.768796 602.589 258.264 0.256062 0 0 0 583.009 262.148 0.72165 581.097 240.573 0.421171 588.937 238.692 0.300379 600.557 326.752 0.714343 616.267 360.033 0.600373 602.551 403.039 0.676917 582.979 326.753 0.694479 584.952 365.874 0.721035 583.027 399.132 0.587854 616.241 256.347 0.244741 0 0 0 608.452 256.241 0.622612 588.945 246.541 0.168212 0
0 111 150 616.389 258.306 0.160198 594.749 271.881 0.852936 604.647 273.961 0.808099 606.568 309.105 0.45065 618.227 322.83 0.220253 583.001 266.08 0.779828 583.027 240.593 0.373293 588.977 240.587 0.26355 602.621 328.704 0.738194 620.269 360.018 0.646332 616.322 404.991 0.704564 583.078 330.651 0.7807 586.909 365.854 0.711553 586.911 399.083 0.679858 618.191 256.283 0.190454 0 0 0 614.283 256.239 0.634713 590.841 246.501 0.240281 0
0 111 151 606.586 256.314 0.0744077 600.598 270.009 0.775412 612.35 273.929 0.692901 614.312 303.243 0.230233 0 0 0 587.011 264.105 0.672521 585.059 238.684 0.347769 596.728 240.654 0.253153 602.645 326.775 0.588278 616.286 361.939 0.266163 608.503 399.099 0.345837 586.876 328.692 0.624496 586.982 367.804 0.506793 590.88 397.167 0.299323 0 0 0 0 0 0 616.303 256.292 0.476364 598.644 242.74 0.237518 0
0 111 152 606.524 254.305 0.0767438 600.712 269.997 0.856266 614.35 272.026 0.748954 616.352 303.235 0.236373 0 0 0 588.879 266.053 0.780071 586.934 242.553 0.25627 596.757 240.608 0.177506 608.464 326.725 0.6978 624.123 356.108 0.479609 616.26 399.088 0.587627 586.968 326.755 0.759357 587.062 365.932 0.712754 588.973 399.137 0.509212 0 0 0 0 0 0 616.368 254.37 0.445968 600.554 242.717 0.305492 0
0 111 153 612.409 256.238 0.0721215 602.612 269.962 0.824429 616.313 271.975 0.761017 0 0 0 0 0 0 588.969 264.149 0.732798 587.015 242.68 0.208811 598.692 240.701 0.194726 614.292 324.792 0.694235 633.883 354.18 0.51866 618.216 401.058 0.506973 592.796 326.74 0.678823 592.848 365.925 0.585951 594.779 401.055 0.468098 0 0 0 0 0 0 618.215 254.3 0.422357 600.671 242.745 0.294596 0
0 111 154 616.276 256.276 0.0715265 604.574 269.987 0.801105 618.23 271.993 0.733632 622.18 301.308 0.26207 631.919 326.726 0.0724027 592.855 266.106 0.703948 589.003 242.602 0.206774 600.667 240.718 0.196419 618.198 330.64 0.672397 651.562 361.937 0.475874 633.904 410.847 0.437672 596.732 332.581 0.664904 588.977 367.78 0.470427 590.884 397.231 0.433825 0 0 0 0 0 0 620.234 254.322 0.416472 602.534 244.595 0.353154 0
0 111 155 631.994 258.343 0.153767 608.471 271.863 0.80243 618.375 273.91 0.787376 626.113 313.05 0.573336 637.83 320.89 0.179035 598.685 268.035 0.754535 592.83 295.421 0.0732936 0 0 0 620.218 336.582 0.647734 663.18 365.87 0.656544 635.938 414.801 0.616153 600.599 336.563 0.683243 588.993 363.879 0.364195 586.95 397.131 0.595412 632.04 256.23 0.173023 0 0 0 628.064 254.278 0.570538 604.65 242.717 0.184943 0
0 111 156 635.844 260.283 0.252108 612.415 273.857 0.807602 618.361 275.928 0.759042 630.013 318.934 0.707081 655.454 348.175 0.435329 602.555 271.879 0.759014 614.35 301.282 0.0653833 0 0 0 620.19 344.364 0.603899 667.184 361.936 0.590483 645.663 412.888 0.605816 600.713 342.379 0.598201 592.855 365.934 0.250261 594.766 399.146 0.452611 633.98 258.199 0.297355 0 0 0 629.943 256.295 0.611291 0 0 0 0
0 111 157 637.866 262.178 0.108359 616.333 273.89 0.796534 626.047 279.792 0.628457 631.927 320.835 0.600901 661.287 346.314 0.381058 604.64 270.03 0.689851 606.503 240.647 0.14993 0 0 0 628.03 352.188 0.554878 676.932 363.894 0.591775 647.633 412.858 0.572365 604.621 350.186 0.510036 659.349 350.247 0.147201 0 0 0 635.921 256.325 0.141743 0 0 0 633.854 256.372 0.557379 618.174 246.513 0.154804 0
0 111 158 647.548 260.231 0.174978 618.315 272.01 0.862071 631.945 277.836 0.719227 633.935 320.86 0.798662 663.279 346.327 0.760745 608.496 266.105 0.713259 602.736 242.538 0.302381 618.226 240.759 0.150954 628.04 350.241 0.635082 678.824 361.93 0.573352 649.594 412.848 0.624956 604.608 344.376 0.592573 602.586 363.894 0.309261 592.839 399.079 0.51828 645.635 258.195 0.203065 0 0 0 635.862 256.353 0.64253 618.237 244.638 0.218029 0
0 111 159 649.631 260.266 0.220065 624.123 271.947 0.784378 633.995 277.841 0.730982 639.769 320.916 0.709422 667.203 350.279 0.703372 616.207 266.082 0.700549 622.168 301.314 0.0605684 0 0 0 631.952 354.115 0.595265 675.024 358.035 0.314231 649.589 412.764 0.317945 608.477 348.23 0.550187 606.511 356.103 0.213335 600.571 397.132 0.477307 649.558 258.197 0.267936 0 0 0 645.588 256.296 0.675176 0 0 0 0
0 111 160 651.592 260.274 0.210258 629.976 271.973 0.847218 637.833 279.755 0.721233 645.578 320.958 0.738786 667.215 346.265 0.732273 618.199 264.148 0.760138 618.196 238.65 0.332669 631.963 240.706 0.158081 633.93 348.234 0.686483 680.964 363.883 0.658924 647.664 401.078 0.667949 616.206 342.389 0.674234 606.538 363.911 0.355197 600.7 399.062 0.603226 651.556 258.228 0.263235 0 0 0 647.605 256.341 0.731196 628.071 244.626 0.227499 0
0 111 161 657.366 264.115 0.20195 633.82 272.02 0.766906 639.798 285.625 0.652156 647.628 322.829 0.658165 673.019 348.283 0.62744 624.165 266.073 0.570127 633.902 238.697 0.128845 0 0 0 635.872 358.052 0.565438 686.712 363.884 0.446153 653.475 406.943 0.382568 618.239 350.257 0.540647 608.478 381.484 0.122996 602.65 397.247 0.385509 653.483 258.292 0.235439 0 0 0 649.583 256.346 0.62758 0 0 0 0
0 111 162 661.331 262.148 0.0970577 635.922 270.016 0.768033 649.502 277.872 0.681615 649.504 320.904 0.64421 678.844 346.311 0.581677 626.081 258.227 0.657562 626.094 234.796 0.27769 676.947 250.431 0.106646 639.79 334.61 0.599976 682.821 356.108 0.393438 649.57 397.2 0.396998 620.243 334.555 0.652165 622.146 356.064 0.361523 610.457 397.122 0.493516 663.16 258.248 0.125556 0 0 0 655.464 256.353 0.594982 635.924 242.733 0.269183 1
0 111 163 663.295 266.109 0.180315 641.759 268.062 0.499982 647.648 283.707 0.484528 649.568 320.868 0.490659 678.998 350.197 0.495974 632.004 254.362 0.436451 633.822 236.724 0.108357 635.972 242.554 0.0505878 639.762 332.625 0.332468 680.933 363.912 0.235838 649.542 399.131 0.272161 628.045 334.484 0.311204 635.862 354.15 0.106316 620.222 391.325 0.149978 663.245 260.23 0.200689 0 0 0 657.39 258.206 0.462338 0 0 0 1
0 111 164 665.192 262.183 0.192442 645.599 264.148 0.623983 649.637 277.867 0.647486 657.358 320.816 0.475861 680.919 352.121 0.306435 633.877 252.375 0.586043 684.775 223.034 0.186436 712.19 195.607 0.242947 647.537 332.621 0.429591 680.859 363.873 0.190775 651.528 401.058 0.25959 631.873 332.552 0.458254 633.855 361.971 0.251068 628.063 395.205 0.208628 665.184 258.238 0.232714 0 0 0 663.203 256.244 0.590286 0 0 0 1
0 111 165 667.176 258.307 0.172564 645.621 266.09 0.784163 651.593 273.929 0.782618 659.355 318.939 0.691083 680.928 352.108 0.633502 633.86 256.316 0.743632 663.255 240.69 0.140228 710.239 195.637 0.140966 647.593 326.759 0.579239 682.841 361.934 0.321706 659.323 399.081 0.333305 631.898 326.721 0.624226 635.865 354.184 0.429884 639.804 389.335 0.368229 667.223 256.265 0.222616 0 0 0 663.308 254.349 0.719714 0 0 0 1
0 111 166 661.316 250.443 0.0963098 647.638 266.113 0.492903 649.667 271.871 0.472772 667.163 260.203 0.110946 674.979 258.309 0.127159 635.925 262.194 0.41274 651.535 244.565 0.0540489 0 0 0 649.639 320.931 0.407457 676.955 352.164 0.190475 663.243 397.17 0.277534 637.812 322.858 0.395257 641.754 354.144 0.221579 641.722 393.257 0.256732 663.207 244.564 0.107241 0 0 0 663.24 252.375 0.300758 0 0 0 1
0 111 167 667.221 256.344 0.178088 647.645 264.154 0.808026 661.231 271.881 0.699298 671.099 260.224 0.273276 678.994 256.247 0.298407 635.859 258.284 0.782016 647.607 234.822 0.190534 675.024 238.717 0.155752 655.448 320.953 0.665791 678.964 350.179 0.45261 663.26 397.209 0.536725 633.996 322.831 0.729439 634.023 354.108 0.518855 633.875 389.329 0.54846 667.229 250.421 0.183495 0 0 0 663.296 250.452 0.570379 647.701 242.719 0.211281 1
0 111 172 684.802 252.393 0.277848 661.335 262.163 0.786357 667.188 271.965 0.791117 678.882 316.985 0.8103 708.186 346.323 0.75592 649.617 258.229 0.670575 682.83 223.015 0.322984 714.1 195.586 0.300604 661.334 340.435 0.649432 676.967 383.45 0.357531 655.456 399.167 0.319888 647.579 336.592 0.613547 649.688 367.873 0.286297 649.53 397.173 0.311051 680.945 246.537 0.328297 0 0 0 676.935 248.445 0.593495 0 0 0 1
0 111 173 696.571 256.3 0.085028 665.126 258.228 0.683383 669.183 269.977 0.569131 680.894 318.824 0.732558 710.132 348.291 0.734019 651.554 256.221 0.556869 692.609 209.36 0.138398 712.259 195.639 0.151496 665.164 363.902 0.530916 678.914 399.224 0.101538 0 0 0 645.632 356.064 0.430873 647.573 401.1 0.108229 0 0 0 694.535 248.475 0.0846074 0 0 0 682.856 250.4 0.283812 0 0 0 1
0 111 174 696.577 256.303 0.0862443 665.29 258.351 0.754321 676.919 269.971 0.691395 680.865 313.053 0.68138 710.224 344.333 0.638515 659.337 256.253 0.654092 663.262 289.557 0.0607651 0 0 0 663.308 338.501 0.586133 665.205 373.701 0.257693 657.379 395.243 0.261882 647.64 334.603 0.59896 647.616 354.168 0.23305 633.94 381.512 0.217505 694.56 248.459 0.0948839 0 0 0 682.891 244.607 0.379552 0 0 0 1
0 111 175 694.609 256.287 0.0666367 667.244 258.312 0.696385 676.883 269.949 0.67467 680.909 307.248 0.690817 704.378 332.621 0.679054 663.259 254.352 0.616757 692.625 211.282 0.128471 712.218 197.655 0.116723 663.267 334.582 0.586102 663.284 363.92 0.256203 653.488 395.242 0.310328 649.63 332.555 0.520036 657.411 354.157 0.239076 676.94 385.46 0.246473 694.491 246.531 0.072493 0 0 0 684.815 246.556 0.316063 0 0 0 1
0 111 176 0 0 0 667.198 258.291 0.704428 678.819 266.104 0.699515 684.817 314.99 0.70203 710.25 338.535 0.745572 661.326 254.373 0.668808 696.498 203.497 0.0707534 712.182 205.387 0.0771573 665.298 379.584 0.660178 720.024 365.851 0.186746 708.218 410.839 0.250373 649.558 377.593 0.493651 702.419 354.124 0.166873 0 0 0 0 0 0 0 0 0 696.473 242.566 0.251371 0 0 0 1
0 111 177 0 0 0 673.041 258.267 0.59881 679.003 268.015 0.68676 688.704 311.111 0.656608 710.264 338.444 0.656082 663.299 254.327 0.579087 698.524 197.583 0.0825653 712.268 195.745 0.0807885 669.107 358.07 0.528331 690.624 385.466 0.112841 0 0 0 653.503 356.11 0.438656 661.297 385.419 0.152358 696.573 399.181 0.234172 0 0 0 0 0 0 696.541 244.552 0.221551 0 0 0 1
0 111 178 0 0 0 676.914 260.256 0.329924 679.008 272.025 0.469905 694.628 316.968 0.343011 712.152 342.417 0.282026 665.173 252.374 0.300642 696.51 199.608 0.158375 712.188 193.704 0.175163 669.172 371.727 0.258669 667.197 395.234 0.0766963 0 0 0 649.643 369.78 0.238933 0 0 0 0 0 0 0 0 0 0 0 0 694.573 254.344 0.103137 0 0 0 1
0 111 179 696.516 254.261 0.0509525 669.171 262.193 0.720109 680.778 268.042 0.822696 692.55 305.309 0.69315 712.159 336.468 0.653041 663.269 258.287 0.707387 667.187 291.613 0.0501844 0 0 0 673.066 336.459 0.608787 678.878 367.787 0.384858 671.066 397.137 0.420727 659.354 332.633 0.598898 659.357 358.053 0.337985 651.542 383.54 0.371059 0 0 0 0 0 0 684.785 244.541 0.331244 0 0 0 1
0 111 180 0 0 0 671.093 258.343 0.719307 680.779 262.146 0.819411 688.716 303.32 0.682284 710.197 334.528 0.626207 663.308 258.193 0.713709 0 0 0 0 0 0 676.888 336.464 0.619859 680.875 367.899 0.345827 696.506 401.129 0.335162 659.371 334.558 0.595486 661.282 367.872 0.33552 688.685 399.109 0.297021 0 0 0 0 0 0 688.675 240.717 0.267032 0 0 0 1
0 111 181 0 0 0 674.967 260.22 0.591937 680.842 264.127 0.725853 694.613 311.051 0.556434 712.155 334.591 0.40689 665.207 258.218 0.600491 0 0 0 0 0 0 680.913 356.088 0.467096 708.236 352.171 0.0609166 706.329 403.03 0.242332 663.171 354.118 0.445969 659.291 369.774 0.142767 692.594 399.086 0.220979 0 0 0 0 0 0 694.505 240.633 0.166229 0 0 0 1
0 111 186 0 0 0 692.63 242.681 0.278458 684.832 248.472 0.3376 680.852 287.602 0.265573 694.637 309.14 0.292449 0 0 0 0 0 0 0 0 0 674.99 309.125 0.365986 682.839 352.227 0.28682 690.622 395.227 0.269776 665.299 307.157 0.291113 667.227 350.244 0.278596 665.216 393.229 0.27328 0 0 0 0 0 0 718.039 227.017 0.10337 0 0 0 1
0 111 187 0 0 0 690.664 242.621 0.474664 692.62 244.538 0.465975 682.894 283.698 0.297093 694.528 305.22 0.37786 680.884 242.538 0.482114 682.838 281.714 0.0625668 696.489 301.281 0.054504 676.956 305.237 0.613123 682.867 350.262 0.536604 694.497 395.231 0.518012 665.197 305.158 0.560049 669.146 350.194 0.558251 680.869 395.16 0.452219 0 0 0 0 0 0 720.006 225.01 0.127224 698.51 221.048 0.0555098 1
0 111 188 0 0 0 696.549 246.542 0.17082 690.669 250.446 0.225508 680.868 283.687 0.0834695 694.602 307.157 0.112576 0 0 0 0 0 0 0 0 0 675.018 305.174 0.332844 676.948 350.261 0.246961 692.608 395.176 0.284858 669.154 305.246 0.255274 676.953 350.172 0.256851 688.709 395.225 0.301029 0 0 0 0 0 0 0 0 0 0 0 0 1
0 111 195 0 0 0 725.89 273.973 0.42303 761.083 279.766 0.313793 0 0 0 0 0 0 688.715 273.859 0.374626 663.257 336.512 0.14725 651.595 365.88 0.151585 755.188 399.103 0.130737 0 0 0 0 0 0 674.985 383.475 0.175482 0 0 0 0 0 0 0 0 0 0 0 0 753.236 226.978 0.124303 704.336 227.005 0.19189 1
0 111 239 0 0 0 727.909 281.72 0.467129 764.982 275.909 0.345457 0 0 0 0 0 0 694.511 287.569 0.518804 663.239 346.309 0.176742 649.565 375.623 0.149669 766.938 401.11 0.146662 0 0 0 0 0 0 719.998 406.954 0.146421 737.593 457.816 0.0626937 0 0 0 0 0 0 0 0 0 749.348 226.955 0.116609 706.289 234.755 0.235649 1
0 111 244 0 0 0 727.896 275.893 0.502165 765.006 273.886 0.358929 0 0 0 0 0 0 694.514 283.702 0.499399 665.21 352.162 0.190619 649.514 367.838 0.123009 763.063 389.342 0.149446 0 0 0 0 0 0 702.404 397.128 0.154426 0 0 0 0 0 0 0 0 0 0 0 0 745.443 224.994 0.129717 706.331 228.948 0.240356 1
0 111 245 0 0 0 727.839 273.91 0.438376 759.142 271.949 0.300181 0 0 0 0 0 0 694.601 277.856 0.43104 665.199 350.206 0.0873096 0 0 0 755.202 387.39 0.0974279 0 0 0 0 0 0 665.182 385.489 0.24063 0 0 0 0 0 0 0 0 0 0 0 0 0 0 0 710.136 228.928 0.220683 0
0 111 246 0 0 0 727.831 273.959 0.438812 761.069 273.901 0.322078 0 0 0 0 0 0 694.565 277.849 0.427613 665.225 340.437 0.100558 649.607 363.837 0.0545218 698.489 389.331 0.139168 0 0 0 0 0 0 665.194 385.431 0.284983 0 0 0 0 0 0 0 0 0 0 0 0 0 0 0 708.275 228.915 0.211222 0
0 111 247 0 0 0 729.75 275.846 0.525686 766.944 273.911 0.403888 0 0 0 0 0 0 694.56 277.845 0.489069 665.243 342.398 0.144766 649.565 363.848 0.066532 741.551 391.308 0.162212 0 0 0 0 0 0 665.181 387.411 0.368972 0 0 0 0 0 0 0 0 0 0 0 0 747.427 223.016 0.154088 708.214 228.917 0.247864 1
0 111 248 0 0 0 729.775 275.862 0.507735 766.968 273.935 0.381172 0 0 0 0 0 0 694.595 277.863 0.450361 665.242 340.421 0.117455 0 0 0 737.604 393.245 0.144125 0 0 0 0 0 0 665.275 387.414 0.339151 0 0 0 0 0 0 0 0 0 0 0 0 747.389 219.153 0.113938 710.15 230.844 0.267225 0
0 111 252 0 0 0 727.82 273.949 0.355266 759.149 273.887 0.246825 0 0 0 0 0 0 694.616 273.936 0.349538 669.139 334.574 0.0803998 0 0 0 694.59 387.41 0.192878 0 0 0 0 0 0 663.276 381.56 0.362655 0 0 0 0 0 0 0 0 0 0 0 0 0 0 0 704.365 228.911 0.186361 0
