0 111 20 119.339 209.368 0.852606 84.1353 240.717 0.79796 72.3547 242.642 0.800924 70.4614 307.211 0.80061 105.656 338.494 0.735761 97.8268 240.604 0.665013 0 0 0 0 0 0 95.8941 350.183 0.642566 129.161 408.906 0.770605 148.699 475.518 0.864394 111.495 342.415 0.552694 82.1331 401.134 0.71864 50.7976 451.994 0.758398 115.51 201.517 0.805539 0 0 0 99.7585 207.337 0.752782 0 0 0 0
0 111 21 131.013 209.267 0.852526 95.8203 242.701 0.78913 80.2396 254.31 0.753874 84.0677 314.981 0.763698 117.453 340.456 0.768443 111.501 240.658 0.677282 0 0 0 0 0 0 101.823 352.136 0.638332 138.895 405.028 0.716078 148.782 477.407 0.845431 117.444 348.233 0.563732 88.0643 404.986 0.744986 52.8183 448.122 0.827771 121.299 201.507 0.776624 0 0 0 101.815 209.425 0.755025 0 0 0 0
0 111 22 135.064 211.242 0.835117 101.767 244.589 0.800842 88.0652 250.464 0.773124 88.0695 314.992 0.740644 129.094 346.256 0.700519 117.362 242.633 0.697028 0 0 0 0 0 0 117.33 352.233 0.64403 144.809 403.061 0.574424 56.7816 444.107 0.588019 133.043 348.262 0.61962 146.719 401.099 0.609468 148.801 475.485 0.489931 131.138 205.419 0.793477 0 0 0 113.412 209.364 0.724259 0 0 0 0
0 111 23 146.744 209.281 0.859321 113.503 244.564 0.788457 99.8498 244.607 0.809158 99.8297 311.085 0.770158 134.978 344.371 0.727794 129.102 244.563 0.681128 0 0 0 0 0 0 121.325 350.262 0.640239 146.708 401.082 0.656558 80.2415 434.375 0.807112 144.811 344.34 0.635932 152.646 401.115 0.701888 150.62 477.466 0.85284 140.876 199.58 0.751384 0 0 0 125.179 209.264 0.714307 0 0 0 0
0 111 24 156.5 211.237 0.790699 119.346 246.526 0.779358 105.675 254.279 0.766887 105.664 314.989 0.684884 144.758 346.275 0.633563 133.07 242.7 0.680475 0 0 0 0 0 0 131.151 354.134 0.683454 148.788 410.856 0.714568 95.8593 432.409 0.589102 148.747 350.148 0.634373 154.557 408.922 0.660282 150.629 477.379 0.631289 148.747 205.452 0.79166 0 0 0 132.993 211.234 0.809735 0 0 0 0
0 111 25 164.355 215.212 0.832004 131.021 244.603 0.794381 117.428 248.495 0.789253 117.37 309.138 0.748129 148.663 346.303 0.653701 142.856 242.665 0.664479 0 0 0 0 0 0 135.056 352.188 0.658956 152.624 412.76 0.761361 148.811 479.344 0.550418 154.565 348.248 0.60565 158.443 410.892 0.67047 150.688 477.344 0.472977 162.311 209.407 0.847929 0 0 0 142.811 211.39 0.774471 0 0 0 0
0 111 26 176.078 211.388 0.791164 135.071 244.604 0.766172 127.129 250.413 0.764499 127.174 311.055 0.731604 158.447 346.329 0.641309 148.753 242.665 0.652134 0 0 0 0 0 0 144.775 352.147 0.667316 164.296 410.89 0.766699 150.641 477.447 0.821465 162.379 348.202 0.629278 164.403 406.941 0.616052 131.083 444.116 0.795601 170.18 209.279 0.781273 0 0 0 152.631 211.3 0.799486 0 0 0 0
0 111 27 181.916 219.104 0.777695 146.688 244.641 0.781 133.117 252.368 0.776012 132.995 309.127 0.739382 162.42 348.262 0.685055 158.505 242.656 0.650355 0 0 0 0 0 0 152.587 352.128 0.644459 170.222 404.981 0.665733 148.718 477.45 0.826919 176.05 344.369 0.628159 187.796 397.227 0.644643 156.546 467.593 0.525228 178.121 211.264 0.851288 0 0 0 162.335 211.375 0.810862 0 0 0 0
0 111 28 193.59 211.403 0.843053 152.612 246.539 0.725825 146.691 252.385 0.759318 142.851 311.068 0.690286 170.191 350.249 0.626267 164.325 244.589 0.596412 0 0 0 0 0 0 160.456 354.107 0.678759 164.433 414.859 0.791206 150.7 477.471 0.861745 179.958 348.293 0.650152 205.443 397.208 0.817833 177.973 457.772 0.779839 185.891 209.264 0.808622 0 0 0 168.241 211.254 0.81355 0 0 0 0
0 111 29 197.662 213.296 0.813594 162.374 246.504 0.782224 150.654 252.423 0.765652 148.71 311.124 0.743701 180.057 348.219 0.686196 174.112 242.649 0.635699 0 0 0 0 0 0 164.385 352.183 0.72507 168.235 412.889 0.809647 150.685 477.326 0.891761 189.771 346.283 0.672408 211.306 397.119 0.861498 197.642 459.706 0.812255 195.577 209.342 0.862395 0 0 0 178.023 211.317 0.831833 0 0 0 0
0 111 30 209.321 222.999 0.886001 170.186 246.509 0.73473 160.465 250.421 0.768881 160.434 311.099 0.694577 189.796 348.288 0.653967 180.055 244.586 0.624899 0 0 0 0 0 0 170.195 352.223 0.698506 174.076 414.79 0.786519 150.698 477.439 0.881429 193.652 348.208 0.662931 224.916 397.157 0.80476 219.111 465.649 0.73409 205.431 211.397 0.855465 0 0 0 185.846 213.257 0.795775 0 0 0 0
0 111 31 215.229 225.003 0.860639 178.101 252.346 0.771837 166.353 256.284 0.798692 164.383 316.967 0.742716 195.654 350.212 0.621271 191.707 246.502 0.591582 0 0 0 0 0 0 179.966 356.071 0.699907 177.949 416.708 0.812738 152.649 477.415 0.851514 207.362 350.194 0.706062 228.922 401.109 0.782946 240.677 469.58 0.845266 211.3 217.171 0.845842 0 0 0 193.705 221.115 0.818218 0 0 0 0
0 111 32 225.001 225.045 0.945678 189.802 252.35 0.761565 176.099 254.333 0.791369 177.986 318.931 0.776286 209.37 350.281 0.761916 207.343 250.409 0.652915 0 0 0 0 0 0 181.965 354.135 0.713536 180.042 416.754 0.806319 154.548 477.393 0.831069 211.24 350.151 0.704428 240.616 401.134 0.767049 256.222 463.761 0.818446 221.045 217.205 0.829052 0 0 0 197.689 222.998 0.796011 0 0 0 0
0 111 33 232.801 226.865 0.839996 195.649 256.216 0.795916 182.024 256.362 0.800992 180.017 320.926 0.761876 215.244 352.233 0.663771 211.264 254.33 0.655309 0 0 0 0 0 0 193.704 361.933 0.691419 185.907 424.52 0.749081 156.517 477.422 0.823617 221.074 352.263 0.685488 248.489 412.734 0.758836 262.164 477.345 0.854648 227.006 221.04 0.820188 0 0 0 211.25 224.89 0.772114 0 0 0 0
0 111 34 242.545 227.054 0.884854 207.337 256.238 0.743822 195.628 256.318 0.818663 193.705 320.94 0.786468 226.981 358.031 0.696283 219.091 254.325 0.612806 0 0 0 0 0 0 203.492 361.952 0.664448 193.745 426.507 0.816746 158.441 477.368 0.822259 226.907 354.119 0.670496 258.295 410.879 0.84126 270.017 479.357 0.881624 238.731 224.903 0.836943 0 0 0 219.153 224.973 0.78012 0 0 0 0
0 111 35 252.361 227.012 0.784602 211.397 256.325 0.80356 201.526 258.331 0.784016 197.68 326.769 0.770579 236.749 360.021 0.696569 226.937 256.216 0.650853 0 0 0 0 0 0 211.37 365.793 0.709565 209.249 428.534 0.820616 162.309 475.42 0.868245 236.76 354.165 0.663839 271.921 406.987 0.825914 270.023 477.476 0.844348 244.585 224.899 0.791629 0 0 0 228.888 225.025 0.787608 0 0 0 0
0 111 36 258.362 227.013 0.839647 224.967 258.23 0.835758 211.224 262.158 0.80816 211.242 326.727 0.778153 244.638 360.031 0.726584 240.625 256.224 0.713169 0 0 0 0 0 0 224.964 365.923 0.701379 273.877 412.745 0.640615 271.866 479.389 0.540774 246.508 358.069 0.648149 275.87 410.856 0.631752 271.98 477.373 0.556352 256.303 224.893 0.825715 0 0 0 238.649 225.062 0.809762 0 0 0 0
0 111 37 270.012 226.934 0.880185 228.957 258.306 0.806804 217.205 264.107 0.748247 221.088 330.68 0.740409 258.211 359.982 0.667136 244.574 256.357 0.681973 0 0 0 0 0 0 236.699 367.831 0.697035 281.741 410.886 0.718877 271.899 479.369 0.866864 254.349 361.935 0.633547 279.764 406.961 0.312249 256.207 430.488 0.066114 262.214 221.116 0.81045 0 0 0 244.569 224.953 0.807463 0 0 0 0
0 111 38 275.829 226.901 0.812139 240.61 258.264 0.835398 226.947 264.153 0.779063 226.968 326.772 0.736254 258.25 361.982 0.652689 254.369 256.238 0.6879 266.086 248.48 0.0710113 0 0 0 250.404 365.802 0.633437 285.634 412.855 0.68003 271.895 479.376 0.837897 268.046 354.159 0.634252 258.297 428.464 0.621721 191.748 465.634 0.770872 271.974 223.007 0.803877 0 0 0 256.245 226.884 0.807618 0 0 0 0
0 111 39 287.495 226.973 0.883418 244.619 258.182 0.804887 234.79 264.127 0.718783 234.753 328.727 0.725498 260.212 367.842 0.603603 260.191 252.417 0.594683 0 0 0 0 0 0 256.257 361.968 0.639169 277.831 416.711 0.654464 211.323 461.79 0.852739 273.908 352.167 0.66801 289.601 410.878 0.695807 271.936 479.33 0.854492 277.848 224.901 0.816465 0 0 0 258.313 226.883 0.833396 0 0 0 0
0 111 40 291.572 226.931 0.813806 256.268 258.294 0.832072 242.55 268.052 0.781839 242.651 330.656 0.731528 271.943 367.874 0.574262 271.901 256.22 0.670038 0 0 0 0 0 0 262.168 363.92 0.663206 285.609 416.787 0.686789 228.941 463.769 0.77794 287.515 352.235 0.692835 291.537 414.733 0.676174 271.977 477.497 0.841978 287.682 223.032 0.816309 0 0 0 271.885 226.911 0.802401 0 0 0 0
0 111 41 303.179 228.979 0.866152 262.139 256.378 0.801419 248.515 264.116 0.712378 244.598 322.862 0.679247 270.029 365.932 0.530385 275.906 252.373 0.583733 0 0 0 0 0 0 266.087 363.89 0.636006 287.618 416.714 0.673145 256.215 477.38 0.757485 289.492 352.23 0.703509 301.289 410.865 0.630108 271.948 475.397 0.790216 295.411 225.084 0.846414 0 0 0 273.953 226.976 0.839399 0 0 0 0
0 111 42 307.241 230.851 0.771912 271.868 258.296 0.803944 260.244 270.036 0.715027 256.371 328.673 0.676955 277.871 367.765 0.511835 277.835 250.454 0.558127 291.518 254.366 0.13549 0 0 0 277.86 363.926 0.662103 291.595 424.546 0.689234 269.972 481.288 0.777742 295.437 354.151 0.628919 305.138 422.58 0.663102 273.973 475.479 0.589716 305.126 225.084 0.86828 0 0 0 287.521 228.891 0.811335 0 0 0 0
0 111 43 318.829 234.785 0.836506 273.972 258.293 0.805441 266.1 268.018 0.692376 258.336 326.713 0.71274 285.623 367.768 0.577413 287.566 254.356 0.561696 0 0 0 0 0 0 287.662 363.929 0.703368 307.245 426.531 0.782421 291.527 489.15 0.80801 303.245 356.079 0.660848 297.403 420.674 0.686934 270.029 479.408 0.818758 313.03 226.978 0.843835 0 0 0 291.58 228.903 0.814603 0 0 0 0
0 111 44 320.993 238.629 0.796487 285.605 260.238 0.785371 272.003 272.011 0.793702 268.037 332.556 0.684378 291.547 365.917 0.550782 295.463 254.322 0.597511 0 0 0 0 0 0 289.501 367.812 0.742913 289.676 428.421 0.793371 272.016 481.272 0.837252 311.061 360.003 0.677466 320.865 426.546 0.864628 309.103 487.136 0.795263 318.967 227.066 0.837918 0 0 0 301.314 230.876 0.78035 0 0 0 0
0 111 45 332.641 240.608 0.847151 289.631 264.107 0.7748 275.917 271.992 0.791719 273.892 332.63 0.729451 303.279 367.823 0.546427 305.211 258.285 0.603981 316.967 315.028 0.102358 0 0 0 303.165 369.756 0.67437 322.894 430.383 0.757502 334.565 493.062 0.84756 318.948 361.98 0.658089 295.477 428.398 0.690343 271.943 479.366 0.85891 326.772 230.88 0.789838 0 0 0 307.198 232.847 0.770428 0 0 0 0
0 111 46 336.557 242.625 0.858124 297.407 268.035 0.741361 289.564 273.949 0.750257 283.721 330.656 0.569711 316.913 359.978 0.347559 305.195 258.236 0.573697 315.004 313.039 0.192308 336.557 336.552 0.473239 305.152 369.781 0.704083 334.49 432.365 0.753451 352.128 495.079 0.785662 316.917 365.797 0.579542 299.386 428.457 0.731123 271.952 479.376 0.825908 334.555 238.652 0.8279 0 0 0 316.894 238.708 0.759622 0 0 0 0
0 111 47 348.211 242.658 0.852585 305.246 271.853 0.827416 297.383 275.838 0.755392 289.639 334.571 0.705902 334.519 354.165 0.511821 318.865 266.055 0.588255 320.974 314.997 0.244823 350.19 336.464 0.623273 309.163 373.686 0.663558 338.455 432.45 0.772451 367.795 506.662 0.817443 320.824 367.806 0.58402 303.247 428.506 0.754732 272.035 477.473 0.833511 340.43 240.543 0.821212 0 0 0 322.79 240.614 0.792658 0 0 0 0
0 111 48 352.116 244.604 0.856929 314.993 272.002 0.801671 303.317 275.944 0.746544 299.331 336.533 0.658573 330.674 371.721 0.509246 322.869 268.013 0.606252 336.465 305.205 0.434963 360.013 336.47 0.756471 320.885 379.585 0.688179 350.243 440.239 0.80752 377.571 508.743 0.828123 332.572 371.722 0.523355 305.22 430.415 0.75947 273.882 477.42 0.870568 350.103 240.674 0.855803 0 0 0 328.696 242.546 0.804 0 0 0 0
0 111 49 358.072 244.64 0.812077 320.842 273.85 0.861886 307.18 277.802 0.780845 305.285 336.579 0.695315 336.58 365.898 0.533021 334.568 270.003 0.675075 350.167 303.325 0.617966 367.91 334.614 0.861223 330.655 381.446 0.669921 360.001 446.025 0.745382 383.417 512.579 0.834267 336.56 371.771 0.535037 307.157 430.498 0.762874 273.955 477.436 0.876575 354.103 240.694 0.867888 0 0 0 336.546 242.556 0.794554 0 0 0 0
0 111 50 365.917 254.365 0.881679 330.609 275.932 0.791009 318.923 287.543 0.740285 320.88 344.341 0.662151 352.191 371.737 0.560574 338.515 271.864 0.623255 352.223 307.172 0.611165 381.491 336.488 0.885113 336.599 383.526 0.691933 367.822 446.16 0.85467 383.554 514.565 0.844405 344.312 379.561 0.507985 318.9 432.377 0.789183 275.916 477.328 0.850013 363.88 244.622 0.841372 0 0 0 340.463 244.636 0.768887 0 0 0 0
0 111 51 369.831 256.259 0.8566 334.629 279.777 0.820382 324.75 287.561 0.769777 322.882 340.476 0.665433 354.096 371.75 0.565814 346.325 272.013 0.649821 365.766 309.09 0.6294 387.369 336.471 0.79587 350.185 383.434 0.692301 377.626 448.037 0.772175 385.469 516.556 0.822071 358.067 375.668 0.544182 332.628 432.462 0.747216 287.568 475.352 0.871183 367.787 248.475 0.836035 0 0 0 350.186 250.429 0.735587 0 0 0 0
0 111 52 381.479 256.313 0.901232 346.3 281.752 0.788814 334.588 287.608 0.801564 336.582 338.531 0.628841 367.849 371.755 0.503802 354.183 273.893 0.669296 369.821 311.077 0.627678 397.179 336.612 0.860873 352.206 383.542 0.694362 381.563 446.147 0.720777 387.388 518.459 0.743682 369.753 379.561 0.62705 352.164 442.149 0.492212 301.242 467.641 0.645188 377.585 248.517 0.805163 0 0 0 356.059 252.342 0.767928 0 0 0 0
0 111 53 387.406 256.284 0.830724 352.139 281.749 0.833487 338.455 289.527 0.797244 338.495 344.34 0.601824 369.776 375.631 0.409618 365.841 273.845 0.652046 381.501 311.095 0.659111 404.979 338.516 0.773185 365.816 383.506 0.698007 381.541 446.065 0.644111 314.956 465.69 0.568981 383.433 377.606 0.666883 383.504 444.18 0.70293 387.37 512.586 0.621213 383.465 250.416 0.811818 0 0 0 365.836 254.338 0.756213 0 0 0 0
0 111 54 399.078 256.276 0.876107 361.935 283.724 0.803279 346.326 289.548 0.785965 346.333 350.148 0.684683 375.647 383.442 0.541981 377.62 275.874 0.659211 387.415 318.826 0.671199 414.835 340.468 0.761333 365.91 387.376 0.66954 385.405 446.083 0.670539 324.774 465.646 0.707655 387.383 381.447 0.654146 391.298 446.069 0.740748 387.425 514.556 0.717347 397.104 246.558 0.832477 0 0 0 377.604 250.425 0.722757 0 0 0 0
0 111 55 406.934 258.263 0.845383 367.759 283.648 0.830099 352.175 289.518 0.855136 352.167 350.255 0.775533 381.477 383.539 0.570623 381.524 273.934 0.635754 399.081 318.823 0.75044 426.524 348.243 0.774305 377.589 383.516 0.638715 391.331 446.031 0.738335 385.502 518.493 0.747466 397.204 377.629 0.678758 397.139 442.191 0.635266 346.301 467.578 0.570782 401.11 254.295 0.819827 0 0 0 381.596 252.408 0.727029 0 0 0 0
0 111 56 414.714 258.254 0.864097 375.627 279.783 0.772069 358.033 287.608 0.770903 354.197 348.2 0.667528 383.536 379.59 0.42243 395.17 273.911 0.657017 404.995 315.031 0.716739 430.49 350.135 0.856445 373.668 385.415 0.632728 397.11 446.039 0.684193 387.416 518.455 0.657686 399.062 377.61 0.644932 401.107 442.172 0.610873 387.358 506.755 0.260883 412.743 254.277 0.82586 0 0 0 391.277 254.305 0.772828 0 0 0 0
0 111 57 422.617 258.31 0.846308 381.534 281.759 0.83138 365.935 289.507 0.828229 363.919 348.244 0.742232 395.173 383.42 0.603788 397.111 273.904 0.643529 412.889 315.012 0.747959 440.161 350.169 0.813456 391.284 383.502 0.653914 401.101 444.16 0.715473 383.556 512.614 0.779695 412.785 377.572 0.692002 418.691 438.222 0.729658 395.163 500.857 0.654945 416.751 254.359 0.843057 0 0 0 397.172 254.327 0.805322 0 0 0 0
0 111 58 430.358 258.195 0.879869 389.351 281.717 0.767378 371.727 289.503 0.78767 367.774 348.198 0.779732 397.145 383.459 0.583751 408.895 273.939 0.642636 420.647 318.825 0.760577 446.079 352.112 0.8933 391.279 383.545 0.654419 397.215 449.975 0.789565 385.434 514.538 0.797566 414.789 377.589 0.692057 430.446 434.314 0.833728 410.865 491.141 0.837123 428.377 252.355 0.826339 0 0 0 403.091 254.272 0.796604 0 0 0 0
0 111 59 438.237 258.184 0.847361 397.224 283.732 0.864077 381.481 289.664 0.836646 373.703 352.129 0.746897 405.031 387.366 0.56998 414.806 273.941 0.673977 428.474 318.896 0.789221 453.912 352.152 0.827896 395.189 389.364 0.680459 399.206 451.972 0.814383 387.399 512.645 0.833707 418.694 381.497 0.702197 444.047 436.286 0.831209 428.494 496.925 0.839775 430.507 252.425 0.840681 0 0 0 412.822 256.224 0.817792 0 0 0 0
0 111 60 444.204 258.335 0.879479 401.141 285.633 0.833074 383.555 289.569 0.841168 381.515 350.178 0.795763 412.742 383.558 0.6083 424.545 279.76 0.664514 434.34 320.828 0.804367 461.654 352.241 0.887074 399.15 389.347 0.691129 404.971 453.902 0.741756 387.386 514.57 0.843002 428.459 381.468 0.724861 453.901 436.296 0.774647 448.122 506.632 0.836278 442.189 254.338 0.843495 0 0 0 420.64 256.193 0.808041 0 0 0 0
0 111 61 449.997 258.273 0.785402 412.733 285.68 0.859765 393.224 291.575 0.787936 383.473 350.26 0.821205 412.821 385.477 0.637111 428.539 275.871 0.708168 444.103 320.827 0.831015 467.649 356.082 0.790065 401.132 393.228 0.655412 410.886 451.949 0.800792 389.35 518.467 0.847524 432.439 381.472 0.711318 461.727 442.1 0.859814 473.514 508.738 0.90851 446.094 254.361 0.827217 0 0 0 428.492 256.38 0.816289 0 0 0 0
0 111 62 459.737 260.285 0.852451 416.746 287.547 0.866673 399.131 291.575 0.819093 395.151 350.288 0.775973 422.617 393.233 0.628512 440.195 279.779 0.664617 450.002 320.866 0.806973 475.508 358.04 0.853178 412.763 395.233 0.695053 412.815 457.836 0.872836 391.273 518.479 0.83824 442.182 383.548 0.728858 469.547 444.101 0.826548 487.167 508.633 0.872614 455.874 256.339 0.831245 0 0 0 434.354 258.195 0.808014 0 0 0 0
0 111 63 463.728 264.098 0.799359 428.387 287.576 0.879855 408.87 291.525 0.784481 397.164 350.168 0.85039 426.48 387.398 0.664859 446.033 279.81 0.712841 459.845 322.83 0.777706 483.225 361.93 0.802211 414.812 397.114 0.715804 414.712 459.715 0.895708 393.213 518.477 0.828555 448.049 385.433 0.687103 475.49 446.041 0.85689 500.837 508.746 0.845653 461.703 258.221 0.870614 0 0 0 444.105 258.28 0.80929 0 0 0 0
0 111 64 475.417 266.063 0.865564 432.459 289.482 0.875331 412.88 295.436 0.817748 401.137 352.155 0.813322 430.432 395.165 0.654219 459.734 285.58 0.733693 469.534 324.825 0.740201 492.976 365.776 0.906268 424.596 397.185 0.689928 416.742 461.708 0.895901 393.251 518.481 0.846934 459.845 389.34 0.717537 485.206 448.053 0.775425 506.694 512.58 0.868509 471.512 258.248 0.851803 0 0 0 448.053 258.33 0.826318 0 0 0 0
0 111 65 479.392 266.087 0.808452 444.055 289.502 0.88253 418.735 299.319 0.768131 410.853 352.195 0.818338 444.19 389.329 0.665117 461.803 283.645 0.697896 477.35 322.883 0.75021 498.897 365.865 0.819765 428.437 399.129 0.714059 422.609 461.739 0.846515 393.261 518.449 0.849531 461.789 393.228 0.678148 491.162 448.053 0.834303 508.65 520.368 0.894109 477.299 258.311 0.876659 0 0 0 457.788 260.298 0.793737 0 0 0 0
0 111 66 491.147 262.212 0.889099 451.948 289.667 0.848583 428.447 301.256 0.816288 414.794 354.122 0.814954 446.094 389.378 0.658025 477.354 287.608 0.807299 489.159 332.606 0.796175 506.819 367.859 0.883928 436.306 399.189 0.669257 428.451 461.741 0.880707 397.073 514.6 0.85427 475.486 395.228 0.731064 495.061 453.944 0.776792 508.809 520.455 0.880162 487.206 258.192 0.87141 0 0 0 463.761 258.373 0.804181 0 0 0 0
0 111 67 500.882 264.1 0.790939 461.768 289.644 0.898464 438.245 299.381 0.76858 424.559 352.205 0.801437 450.019 393.282 0.662467 491.025 287.528 0.7811 496.961 334.585 0.793333 520.379 371.715 0.831756 446.103 399.129 0.706868 434.39 461.785 0.820792 397.142 510.661 0.890287 487.164 395.178 0.71265 508.612 450.044 0.800293 510.705 522.327 0.886116 493.118 258.234 0.855009 0 0 0 475.408 260.287 0.793094 0 0 0 0
0 111 68 508.664 269.945 0.869722 473.448 291.515 0.864834 446.052 299.333 0.822435 430.364 350.277 0.830618 453.942 389.34 0.589678 495.034 287.683 0.804362 506.794 334.603 0.87137 526.299 375.659 0.833453 450.018 399.067 0.69037 444.116 461.761 0.85467 399.058 510.643 0.895908 491.119 395.19 0.741949 514.544 448.027 0.791312 510.732 522.303 0.888942 506.62 258.375 0.863933 506.785 258.2 0.0687448 483.28 262.194 0.780409 0 0 0 0
0 111 69 518.488 269.974 0.837448 477.499 291.538 0.880652 455.871 299.383 0.776457 436.295 352.249 0.818546 461.799 397.099 0.708067 506.744 287.66 0.802652 512.592 336.459 0.835899 538.026 377.605 0.866542 457.818 399.075 0.685528 448.014 463.678 0.82195 399.212 506.813 0.901013 494.983 395.155 0.71684 520.414 448.108 0.770925 510.729 522.323 0.854597 510.673 260.257 0.827797 0 0 0 491.143 266.06 0.787646 0 0 0 0
0 111 70 524.404 270.005 0.862005 489.08 291.505 0.846793 461.69 299.378 0.814141 444.141 352.157 0.87684 471.55 395.18 0.680552 510.672 287.646 0.761366 522.402 334.517 0.897258 549.748 377.583 0.793849 459.831 399.084 0.694417 455.902 461.828 0.786999 403.036 506.675 0.8527 498.953 395.149 0.704614 522.339 453.88 0.801485 510.719 522.38 0.862083 522.357 260.229 0.872706 0 0 0 500.87 264.132 0.796411 0 0 0 0
0 111 71 532.186 271.876 0.832353 493.079 289.626 0.88928 465.642 297.419 0.761362 446.006 348.243 0.839814 469.57 383.525 0.659576 522.405 287.539 0.764014 532.147 332.622 0.844535 555.726 369.769 0.841079 463.675 397.187 0.694708 459.755 461.779 0.849265 410.902 506.671 0.893689 506.655 393.239 0.705852 522.448 453.934 0.817011 510.708 522.402 0.862245 524.404 262.196 0.840886 526.288 258.262 0.126252 504.782 267.994 0.785351 0 0 0 0
0 111 72 538.086 271.963 0.922587 496.961 289.654 0.833871 473.426 297.37 0.780873 451.939 350.236 0.812253 475.436 389.342 0.646115 524.341 287.663 0.732043 539.926 330.659 0.878247 569.426 365.876 0.898571 473.413 395.156 0.690947 459.868 461.735 0.892304 414.714 506.73 0.931747 508.771 387.41 0.717863 524.272 450.049 0.842752 510.7 522.404 0.868472 536.014 264.106 0.834035 0 0 0 510.715 266.048 0.788731 0 0 0 0
0 111 73 541.99 271.926 0.873574 504.811 289.645 0.849617 477.368 293.511 0.810763 459.718 348.27 0.822554 479.355 387.423 0.648677 528.302 289.523 0.712461 553.587 330.671 0.82858 584.929 361.95 0.819746 473.458 393.248 0.68787 461.787 459.867 0.894279 416.755 506.675 0.875908 510.637 389.326 0.706186 524.279 451.966 0.82757 512.576 522.401 0.857044 538.13 262.189 0.864043 0 0 0 518.448 264.126 0.787812 0 0 0 0
0 111 74 549.786 270.03 0.874642 508.712 289.544 0.877536 481.332 299.352 0.753163 461.835 352.182 0.819372 489.141 397.106 0.648425 538.022 283.711 0.705379 553.733 318.834 0.875211 590.89 352.107 0.830176 475.363 391.32 0.688926 463.664 461.658 0.883846 418.731 506.73 0.84864 510.712 383.535 0.687173 524.346 449.996 0.841528 510.734 522.383 0.863356 541.933 262.166 0.852461 0 0 0 522.337 267.992 0.803852 0 0 0 0
0 111 75 553.713 272.036 0.955394 512.59 289.665 0.835319 489.073 301.251 0.779642 461.843 352.207 0.852151 489.137 397.116 0.638255 540.012 287.533 0.694283 567.326 318.821 0.821506 602.699 344.353 0.822896 475.415 395.167 0.70632 461.858 459.87 0.881757 418.748 506.767 0.856801 516.485 385.476 0.685342 524.429 450.033 0.834023 510.727 522.35 0.872474 549.757 266.114 0.833414 551.681 258.38 0.0692411 524.379 268.008 0.826433 0 0 0 0
0 111 76 555.737 271.963 0.902618 520.45 289.613 0.872586 491.062 297.365 0.779258 465.685 350.199 0.828499 493.068 395.182 0.640301 549.781 287.59 0.729298 583.033 318.996 0.863916 626.082 336.595 0.81419 477.46 391.327 0.686346 465.621 459.853 0.850253 418.744 506.755 0.843329 522.295 383.506 0.717346 526.315 451.932 0.832448 512.589 522.377 0.88659 553.669 264.134 0.856928 0 0 0 532.163 268.027 0.785883 0 0 0 1
0 111 77 561.503 269.99 0.795152 522.446 289.614 0.899988 493.049 299.333 0.790073 469.556 352.121 0.788867 493.017 395.23 0.572537 551.768 287.536 0.743194 581.097 314.972 0.778803 631.861 332.606 0.84622 477.444 395.205 0.710656 463.705 461.732 0.872525 418.675 506.77 0.850739 522.362 385.468 0.708558 528.24 453.888 0.821703 512.643 522.401 0.882537 555.687 260.262 0.831135 0 0 0 536.104 266.105 0.789198 0 0 0 1
0 111 78 567.337 271.928 0.88775 524.379 289.548 0.9399 494.996 291.5 0.810251 467.6 344.343 0.800083 491.121 385.411 0.675822 553.743 287.633 0.840115 588.935 313.034 0.814698 637.851 322.826 0.852304 485.205 391.323 0.66422 463.756 461.689 0.847143 416.798 506.724 0.852591 524.371 387.422 0.710603 526.36 451.986 0.820855 512.649 522.38 0.877805 557.668 264.14 0.842515 563.444 260.221 0.125928 538.118 268.008 0.800828 0 0 0 1
0 111 79 569.363 271.935 0.940337 526.329 289.514 0.901517 498.892 291.556 0.775517 469.592 342.376 0.79922 491.058 383.468 0.632677 555.636 287.549 0.790128 587.016 305.319 0.862745 634.008 318.905 0.919778 487.139 391.286 0.660666 465.624 461.678 0.84733 416.792 506.756 0.853392 524.393 385.468 0.715474 526.344 451.981 0.827943 512.661 522.381 0.873429 565.414 264.119 0.832012 567.349 258.385 0.0813641 540.091 268.037 0.77681 0 0 0 1
0 111 80 571.232 271.994 0.926585 526.355 289.545 0.883478 502.833 295.439 0.753799 475.346 348.229 0.828554 493.098 385.43 0.581353 553.724 287.503 0.715424 586.889 305.259 0.875458 633.988 316.989 0.894412 485.227 393.279 0.656697 465.633 461.72 0.850054 416.803 506.729 0.852565 524.423 387.366 0.676197 526.295 451.943 0.816513 514.57 522.334 0.860071 567.383 266.066 0.830096 569.252 258.323 0.0610653 545.852 269.92 0.763846 0 0 0 1
0 111 81 571.375 271.981 0.918839 530.254 289.508 0.870174 506.723 293.525 0.790668 475.426 344.351 0.841082 495.054 383.48 0.605098 555.603 285.653 0.673432 586.951 305.271 0.850643 633.999 318.805 0.883185 489.088 391.32 0.650876 469.542 461.715 0.843141 418.672 506.708 0.8467 526.276 387.373 0.678981 526.364 450.048 0.810467 514.557 522.344 0.868708 569.319 264.166 0.853344 0 0 0 547.814 269.96 0.789346 0 0 0 1
0 111 82 573.266 271.962 0.874127 536.095 289.547 0.904643 506.804 291.589 0.825369 477.312 344.361 0.850859 494.97 383.563 0.633953 561.514 287.619 0.72546 588.987 311.088 0.788148 633.94 318.957 0.9 491.005 391.319 0.672773 471.517 461.662 0.85271 418.748 506.773 0.835691 526.364 389.332 0.68852 528.263 451.971 0.788216 514.572 522.328 0.867983 569.411 266.059 0.838759 0 0 0 551.695 269.974 0.801561 0 0 0 1
0 111 83 573.312 273.857 0.843885 532.183 289.525 0.852655 508.657 293.526 0.800607 477.472 348.25 0.843857 495.03 387.4 0.538247 553.711 285.681 0.654309 583.014 313.046 0.792613 631.969 320.91 0.899185 491.129 393.264 0.683763 473.48 461.713 0.87253 426.488 508.641 0.871949 528.234 387.419 0.688208 526.327 453.886 0.803643 514.584 522.314 0.872102 571.254 268.047 0.839968 0 0 0 553.609 269.983 0.811042 0 0 0 1
0 111 84 575.207 273.828 0.805966 534.14 289.631 0.859849 508.694 295.458 0.799183 479.397 350.189 0.839315 500.84 393.248 0.552073 555.583 287.649 0.711993 584.912 318.871 0.849775 631.865 330.633 0.811634 491.151 393.283 0.685397 475.455 461.68 0.893958 428.496 508.703 0.886456 528.233 389.359 0.683879 528.239 455.842 0.775645 514.558 522.294 0.863081 571.375 268.022 0.79658 0 0 0 555.671 268.071 0.766108 0 0 0 1
0 111 85 577.169 275.855 0.809705 534.102 289.65 0.826901 508.685 301.233 0.8152 481.313 352.132 0.825837 502.816 397.102 0.544107 553.753 287.55 0.638617 575.26 318.807 0.819968 618.35 334.579 0.875205 492.985 395.204 0.698792 477.325 461.706 0.888103 430.456 510.695 0.863449 528.253 391.305 0.672747 528.233 457.793 0.785836 514.54 522.313 0.867904 571.368 271.914 0.878743 0 0 0 553.631 271.86 0.790986 0 0 0 1
0 111 86 581.057 273.963 0.835248 536.086 291.494 0.829184 508.688 301.288 0.831667 481.319 352.105 0.836906 504.749 395.227 0.586242 557.639 287.578 0.616995 571.4 318.882 0.87302 616.238 338.522 0.851401 492.991 397.097 0.704869 477.447 461.79 0.874128 436.333 514.591 0.809415 528.289 393.252 0.673528 530.192 457.828 0.779058 512.663 522.331 0.855554 573.266 271.877 0.857685 0 0 0 553.732 271.924 0.828415 0 0 0 1
0 111 87 581.08 273.982 0.831402 534.115 291.58 0.789831 508.656 303.192 0.851936 481.335 352.247 0.817502 504.75 397.145 0.633005 555.632 287.63 0.610218 569.405 318.931 0.883215 606.526 348.249 0.82461 493.125 397.22 0.703989 483.238 461.733 0.809199 444.135 516.512 0.858542 530.255 395.212 0.683282 530.214 459.728 0.794393 514.539 522.354 0.853983 573.237 271.907 0.863317 0 0 0 553.622 272.019 0.798614 0 0 0 1
0 111 88 581.096 274.008 0.787157 534.161 291.517 0.812184 508.706 301.309 0.835719 481.343 352.125 0.837837 502.847 397.106 0.631841 555.636 287.603 0.599702 569.291 320.856 0.875355 600.676 350.31 0.936045 495.011 399.12 0.716162 485.24 461.826 0.808971 446.163 522.377 0.890984 532.187 397.176 0.715217 528.311 459.821 0.81034 514.534 522.372 0.855116 575.192 271.94 0.818852 0 0 0 555.72 271.986 0.752627 0 0 0 1
0 111 89 582.998 273.988 0.836124 536.102 291.592 0.831812 508.676 303.198 0.852373 481.343 352.13 0.843918 500.877 395.214 0.643484 557.595 287.645 0.61599 567.385 322.817 0.858689 590.846 352.26 0.872391 495.037 397.198 0.714388 487.183 463.681 0.817892 457.789 522.442 0.875909 534.084 395.191 0.692555 530.192 459.771 0.800831 514.553 522.346 0.859924 577.141 271.927 0.828429 0 0 0 557.597 271.974 0.762519 0 0 0 1
0 111 90 583.009 274.02 0.811911 536.069 293.48 0.831127 508.712 303.215 0.859669 479.392 352.157 0.85625 496.952 397.123 0.608451 555.726 289.531 0.627202 563.482 322.863 0.817335 586.868 360 0.870271 494.993 399.099 0.713164 489.061 467.601 0.796546 461.696 526.325 0.872233 532.162 397.124 0.689224 528.234 461.67 0.807039 514.558 522.353 0.854122 579.094 271.951 0.804642 0 0 0 559.564 271.972 0.729075 0 0 0 1
0 111 91 582.99 275.94 0.641401 534.162 295.46 0.802524 508.689 303.252 0.843512 479.386 352.141 0.856861 502.794 395.237 0.592355 555.651 291.514 0.619345 559.55 322.886 0.785435 581.035 359.969 0.796185 495.051 399.134 0.696152 491.043 467.617 0.836654 465.681 532.184 0.791098 532.173 397.13 0.685731 526.35 461.696 0.806857 514.579 522.355 0.840052 581.059 272.024 0.679272 0 0 0 567.376 272.011 0.757963 0 0 0 1
0 111 92 579.156 283.714 0.759233 536.009 299.338 0.809349 506.817 303.273 0.844571 479.402 352.196 0.850542 502.852 397.109 0.632126 557.573 297.38 0.61359 557.672 324.803 0.732027 571.261 361.926 0.853779 494.968 401.14 0.689248 491.083 473.419 0.860345 475.378 538.058 0.927069 532.176 399.112 0.690879 528.234 461.825 0.781004 514.595 522.354 0.839429 577.151 274.007 0.77397 0 0 0 559.571 273.916 0.729873 0 0 0 1
0 111 93 579.128 287.526 0.687801 532.186 299.341 0.763346 506.804 305.242 0.842556 479.35 354.178 0.812675 506.685 397.16 0.647909 555.709 289.541 0.551465 557.6 320.862 0.712102 565.39 361.957 0.771748 493.05 410.823 0.700438 491.123 475.413 0.872361 477.388 539.984 0.902317 528.233 404.988 0.653782 526.346 465.654 0.779405 514.602 522.331 0.831836 575.237 277.839 0.666022 0 0 0 557.659 275.914 0.679825 0 0 0 1
0 111 94 579.156 287.679 0.828942 530.233 301.319 0.790737 506.765 305.23 0.857116 477.482 354.153 0.840779 498.908 397.177 0.698665 555.632 297.348 0.572369 555.734 320.885 0.653259 559.552 363.887 0.771558 495.029 408.9 0.694187 491.154 475.472 0.885265 479.363 541.98 0.841824 530.222 403.052 0.676283 526.333 465.644 0.784811 512.656 522.305 0.84067 573.329 283.652 0.772825 0 0 0 555.737 279.798 0.716044 0 0 0 1
0 111 95 579.142 289.515 0.834207 530.192 303.163 0.784322 506.765 307.238 0.819213 477.362 354.184 0.860559 496.953 397.208 0.70313 555.616 291.493 0.560946 553.748 322.875 0.540956 555.568 365.815 0.675549 495.015 410.848 0.691394 491.082 477.345 0.848684 489.051 549.771 0.780951 528.266 404.992 0.649028 526.338 463.696 0.7578 514.604 520.381 0.818362 573.262 283.721 0.801869 0 0 0 555.59 283.693 0.74459 0 0 0 1
0 111 96 577.201 289.62 0.862495 534.103 303.285 0.78588 506.745 314.983 0.79342 475.455 358.043 0.817713 502.815 399.175 0.621757 559.57 289.617 0.549991 559.538 322.831 0.311954 553.644 365.838 0.393502 493.002 410.891 0.687763 491.066 477.398 0.839176 490.994 551.709 0.80715 526.355 404.981 0.632215 528.237 461.788 0.726633 516.489 520.369 0.806881 571.293 287.505 0.8685 571.422 277.853 0.112586 549.777 287.491 0.788634 0 0 0 0
0 111 97 577.15 287.563 0.832404 534.101 305.21 0.804256 504.816 313.01 0.761187 475.372 359.966 0.824736 500.87 399.114 0.661289 559.59 301.331 0.633172 553.696 336.557 0.371836 553.605 367.91 0.367821 491.14 412.87 0.712803 491.145 481.295 0.807661 491.122 555.593 0.850585 526.344 410.878 0.670203 526.352 465.636 0.691875 516.492 520.368 0.806556 571.321 279.77 0.828323 571.276 275.907 0.0848383 551.764 285.571 0.761757 0 0 0 0
0 111 98 571.291 291.548 0.75739 526.337 305.215 0.796965 502.816 318.83 0.775768 475.381 361.977 0.832779 498.932 399.105 0.664106 555.673 297.359 0.567025 553.687 332.6 0.479924 553.684 365.81 0.552152 493.065 414.729 0.723417 493.036 485.201 0.803368 491.154 555.68 0.851021 528.293 410.815 0.661473 530.216 461.77 0.701277 516.548 518.461 0.810467 569.266 287.598 0.750894 569.339 283.698 0.105611 543.941 287.609 0.72377 0 0 0 0
0 111 99 569.33 291.533 0.824135 526.28 305.24 0.82236 496.995 318.825 0.784668 473.466 363.918 0.842636 494.991 401.058 0.749012 555.696 297.371 0.618168 553.767 330.61 0.618049 555.61 363.885 0.748513 492.977 414.814 0.72918 491.128 489.081 0.831991 491.158 559.592 0.802844 528.3 412.767 0.675483 528.298 463.755 0.689903 518.434 518.488 0.806106 563.487 287.663 0.761333 569.314 285.576 0.183466 540.053 287.671 0.766153 0 0 0 0
0 111 100 567.392 289.653 0.880545 524.334 307.244 0.83812 493.104 318.946 0.835465 473.445 365.918 0.87386 494.966 408.864 0.783781 555.638 301.332 0.699489 553.725 334.522 0.589845 555.625 365.834 0.6906 493.129 416.73 0.71326 492.963 491.078 0.872187 491.143 567.404 0.844505 532.203 412.758 0.685946 528.286 465.665 0.675328 518.469 518.428 0.804528 557.631 287.621 0.86406 567.351 281.734 0.174682 538.115 289.491 0.780924 0 0 0 0
0 111 101 565.421 293.47 0.819935 522.417 309.137 0.811339 492.988 320.931 0.831763 467.604 367.892 0.85097 493.109 410.811 0.77541 553.695 299.325 0.626744 553.702 332.533 0.590716 555.645 363.944 0.728863 494.991 420.624 0.699027 492.988 493.013 0.88324 491.131 571.249 0.854669 534.109 412.812 0.657599 528.267 465.631 0.593451 518.439 518.446 0.78567 555.736 289.566 0.837322 559.623 285.644 0.201123 537.965 289.654 0.705557 0 0 0 0
0 111 102 555.641 301.27 0.883946 522.358 314.992 0.861772 491.026 322.824 0.824845 463.706 369.831 0.859139 493.015 406.941 0.756012 553.662 303.254 0.754339 555.68 334.6 0.717339 555.738 365.892 0.797279 494.998 420.624 0.716104 492.976 493.127 0.843224 491.129 571.268 0.861796 537.938 412.764 0.734434 536.041 465.644 0.675149 518.462 520.378 0.833275 551.723 291.534 0.809512 555.651 287.651 0.463657 526.3 293.521 0.696825 0 0 0 0
0 111 103 551.761 303.306 0.915039 518.465 315.033 0.81857 487.144 324.76 0.775789 461.845 377.611 0.855855 492.974 410.896 0.779859 551.665 303.251 0.718296 553.727 334.566 0.686574 555.581 365.934 0.81832 492.988 420.633 0.744373 491.058 494.991 0.801925 491.084 571.258 0.833283 536.022 410.879 0.708018 538.061 461.757 0.744151 518.509 520.429 0.874005 541.965 299.362 0.825158 553.644 289.666 0.464678 522.41 295.419 0.697439 0 0 0 0
0 111 104 549.762 303.25 0.823725 518.425 318.919 0.876728 481.32 328.67 0.766638 459.87 377.642 0.866295 491.061 414.724 0.777782 551.695 309.108 0.825444 555.615 350.241 0.748549 553.701 379.518 0.709723 491.121 420.664 0.740206 491.053 496.97 0.79331 491.069 569.419 0.846858 534.139 412.795 0.739714 539.978 461.728 0.774384 520.454 520.388 0.898548 539.996 299.311 0.806773 549.783 289.666 0.47189 520.422 297.416 0.644749 0 0 0 0
0 111 105 541.982 305.251 0.848526 512.61 318.948 0.885121 477.404 328.69 0.819137 459.725 379.525 0.85567 487.206 412.833 0.758749 549.763 311.089 0.80681 555.576 350.234 0.745055 553.691 379.512 0.764931 489.145 422.575 0.731462 489.155 498.884 0.767592 491.074 571.237 0.840341 534.103 412.846 0.744817 540.07 461.784 0.773355 522.318 518.506 0.909884 536.06 301.334 0.801414 543.904 295.449 0.696687 510.619 299.367 0.671612 0 0 0 0
0 111 106 538.086 314.955 0.818383 508.724 320.928 0.923489 475.409 330.63 0.826606 457.817 379.526 0.818665 479.389 414.728 0.74117 543.957 318.89 0.82295 553.611 363.941 0.682875 547.823 385.405 0.584446 487.192 424.538 0.711774 485.179 498.932 0.738213 491.072 571.346 0.835894 534.087 414.747 0.735213 542.029 461.778 0.78069 522.424 518.43 0.912637 528.297 305.243 0.794641 540.031 303.221 0.72888 508.622 303.178 0.720236 0 0 0 0
0 111 107 536.089 316.931 0.866168 508.622 322.796 0.91803 473.423 330.675 0.793971 450.015 379.599 0.813196 477.383 412.835 0.793091 541.999 318.945 0.853963 551.705 365.911 0.776528 540.054 397.168 0.613556 483.295 426.462 0.712885 483.23 498.914 0.76081 491.042 571.301 0.849394 530.228 414.83 0.729848 543.926 467.62 0.771323 522.445 520.367 0.92891 524.375 307.165 0.90795 538.094 303.344 0.887518 502.779 303.25 0.760118 0 0 0 0
0 111 108 528.3 318.9 0.861154 506.729 324.753 0.875237 469.544 332.582 0.781142 448.053 381.446 0.822244 477.352 412.891 0.722356 540.028 320.892 0.832093 549.74 363.916 0.698154 542.023 393.264 0.651017 485.212 424.553 0.704803 487.158 498.883 0.755746 490.995 571.297 0.82451 530.184 414.826 0.740786 543.953 473.443 0.790098 522.42 520.409 0.948734 522.352 309.176 0.834669 536.05 305.278 0.829577 496.923 305.163 0.766512 0 0 0 0
0 111 109 524.453 318.978 0.939334 504.805 324.812 0.834564 463.771 334.483 0.810188 446.036 377.614 0.811543 467.634 414.729 0.657541 539.919 320.844 0.780259 549.808 354.164 0.655623 547.813 385.504 0.696754 483.276 428.403 0.73995 483.27 498.927 0.769883 491.001 571.283 0.837984 530.185 416.776 0.731129 545.877 479.345 0.816621 522.414 522.356 0.947727 518.482 311.098 0.843523 532.196 307.195 0.862314 494.958 303.296 0.81423 0 0 0 0
0 111 110 522.368 320.926 0.885511 504.726 324.831 0.837731 463.667 334.462 0.85646 444.167 381.484 0.886085 465.643 420.666 0.700416 538.109 320.941 0.818684 551.716 359.977 0.600689 540.089 397.223 0.630476 481.283 430.479 0.725781 481.345 506.672 0.801152 491.037 573.232 0.842456 528.269 426.498 0.725352 540.067 487.169 0.79546 524.408 526.291 0.889917 510.633 316.92 0.882342 526.327 313.038 0.821309 493.008 305.223 0.807995 537.997 303.113 0.110751 0
0 111 111 518.496 322.884 0.834159 502.794 330.62 0.832828 461.747 334.51 0.889599 444.122 381.565 0.903838 465.644 426.519 0.75763 539.925 326.736 0.820248 549.756 367.816 0.665109 540.065 404.983 0.705995 479.323 434.389 0.722831 483.229 506.807 0.827926 491.055 573.284 0.82751 526.325 430.385 0.771079 538.052 493.019 0.862357 524.365 536.016 0.850038 508.632 318.838 0.946417 524.341 315.032 0.904349 491.018 305.283 0.817887 537.898 301.292 0.308471 0
0 111 112 514.571 322.875 0.828542 502.829 334.561 0.860996 459.861 334.605 0.895529 444.044 381.498 0.865695 459.829 424.579 0.751729 540.075 334.56 0.830692 553.596 379.53 0.642886 540.024 408.943 0.640419 477.379 438.28 0.74955 481.281 508.648 0.83471 491.044 573.254 0.814896 526.278 432.383 0.762412 536.039 495.066 0.78621 524.31 541.953 0.84082 506.721 318.854 0.908741 522.458 316.94 0.934418 489.061 309.157 0.76683 534.158 305.157 0.295439 0
0 111 113 510.679 326.714 0.842221 500.834 334.474 0.834164 459.8 334.578 0.904961 442.212 381.564 0.882229 459.701 426.553 0.784863 539.928 330.643 0.808564 555.574 365.905 0.71533 542.025 406.955 0.740624 477.354 442.175 0.80084 481.314 508.684 0.853579 491.006 571.341 0.844113 524.446 436.331 0.766915 532.138 506.779 0.826599 524.307 555.693 0.885493 504.795 318.945 0.879924 522.317 318.862 0.924337 485.193 313.02 0.767963 530.187 305.313 0.242551 0
0 111 114 508.66 332.563 0.912536 498.89 334.574 0.842307 459.75 336.482 0.896346 442.164 383.483 0.867023 455.89 430.374 0.76473 538.1 332.572 0.814669 555.58 367.779 0.765766 543.953 410.793 0.743505 475.489 444.082 0.807244 479.357 510.621 0.843995 490.997 573.251 0.861096 524.358 440.188 0.778367 528.27 510.619 0.822128 524.325 567.389 0.873967 498.937 320.9 0.857943 518.464 320.825 0.907279 481.352 316.919 0.765302 526.307 313.024 0.474165 0
0 111 115 506.795 334.488 0.957444 496.923 334.632 0.838869 459.7 336.531 0.868062 442.104 385.456 0.835078 457.845 430.443 0.797336 538.02 334.48 0.796128 555.692 367.812 0.831581 543.917 410.81 0.796362 475.503 444.127 0.81222 477.466 510.694 0.843294 490.995 571.307 0.895607 524.347 442.157 0.79019 524.433 510.693 0.838888 524.285 575.251 0.845313 496.955 320.97 0.872894 516.491 320.951 0.890128 479.401 316.938 0.797895 524.434 314.944 0.431261 0
0 111 116 506.67 334.545 0.952772 495.04 336.574 0.862283 457.849 336.589 0.854276 442.097 387.42 0.826526 455.878 434.318 0.780864 538.04 336.546 0.824671 555.702 373.676 0.80007 547.791 408.883 0.76644 475.495 446.059 0.803302 477.429 512.65 0.832285 491.005 571.272 0.89736 524.335 444.176 0.815887 524.461 522.346 0.831699 522.467 586.916 0.86367 494.981 322.843 0.894127 512.576 322.825 0.872029 479.343 318.898 0.830657 524.367 318.798 0.489397 0
0 111 117 504.757 336.492 0.927079 493.108 338.492 0.895743 455.87 342.384 0.83233 440.21 393.233 0.841162 453.887 434.364 0.789136 537.941 336.547 0.844068 557.61 379.584 0.856937 545.894 412.884 0.805187 475.452 448.044 0.791043 477.407 520.361 0.831422 491.039 569.418 0.890304 524.308 446.125 0.809284 524.364 526.298 0.837467 522.407 596.741 0.833445 493.07 328.678 0.896959 510.617 326.736 0.865646 477.398 320.787 0.899313 524.278 318.969 0.463769 0
0 111 118 498.939 338.502 0.876409 493.104 342.381 0.872712 455.817 346.283 0.84625 438.245 395.189 0.853852 453.899 438.286 0.775828 537.97 338.483 0.852066 557.631 383.496 0.90363 541.919 416.757 0.876571 475.345 451.959 0.760114 477.353 522.33 0.860906 491.064 571.261 0.901644 524.26 448.1 0.786652 524.369 532.2 0.815626 522.434 602.601 0.867595 491.159 332.641 0.927729 508.646 332.644 0.924692 477.356 320.938 0.843537 522.456 322.852 0.610188 0
0 111 119 498.908 342.38 0.842311 493.123 346.267 0.873479 455.843 348.225 0.859405 436.316 397.086 0.869414 451.993 442.114 0.797762 537.957 340.463 0.836105 559.555 385.488 0.867839 541.995 420.677 0.838571 475.337 453.924 0.770077 477.349 522.43 0.866039 491.084 571.295 0.90948 522.407 450.03 0.782541 524.336 536.06 0.817311 522.451 602.687 0.87172 491.12 334.574 0.942718 508.619 334.579 0.949707 477.316 324.749 0.791359 522.385 324.772 0.631279 0
0 111 120 496.935 348.24 0.880308 495.013 350.122 0.878864 457.774 350.179 0.873295 436.318 397.227 0.875684 453.905 444.037 0.816417 537.999 348.212 0.849453 559.58 389.371 0.849868 543.945 428.422 0.864655 475.41 455.876 0.782101 477.373 524.31 0.851786 491.162 571.299 0.907578 524.263 453.933 0.784376 524.345 538.101 0.854185 522.441 614.329 0.868905 491.017 336.543 0.919529 506.795 336.539 0.939076 475.516 330.644 0.753638 522.355 330.661 0.732321 0
0 111 121 495.055 350.231 0.927029 495.044 352.127 0.885388 457.773 352.148 0.854823 436.304 399.155 0.855785 451.924 444.137 0.826335 538.076 350.272 0.893256 561.524 397.234 0.904034 540.093 432.425 0.884924 475.343 459.751 0.78742 475.509 524.38 0.815812 491.122 571.327 0.908695 522.381 459.74 0.786202 524.289 543.913 0.822062 522.379 616.316 0.872982 490.989 340.431 0.856244 506.744 338.544 0.920158 475.5 334.618 0.810293 520.473 334.6 0.798434 0
0 111 122 494.983 352.202 0.934621 495.017 354.163 0.868805 457.748 356.068 0.844597 438.245 403.038 0.834059 450.039 446.172 0.835988 538.089 352.247 0.880135 563.513 401.095 0.863579 540.038 442.112 0.84669 475.354 461.804 0.782162 475.451 526.374 0.773669 491.142 571.294 0.892179 522.431 461.78 0.789422 522.48 551.7 0.861216 522.359 618.339 0.849888 489.129 346.293 0.857937 506.681 346.266 0.900657 475.471 336.557 0.782775 520.47 336.573 0.793478 0
0 111 123 493.077 354.132 0.928575 495.034 359.974 0.842795 457.76 359.976 0.852806 440.202 406.987 0.826962 449.998 448.056 0.822757 538.107 356.096 0.858185 563.468 408.863 0.84287 540.095 446.009 0.893796 475.329 463.723 0.778862 475.385 526.332 0.777873 491.106 571.314 0.907604 522.42 463.718 0.788639 524.286 553.705 0.85814 522.318 622.176 0.829854 487.161 348.258 0.873077 504.811 348.301 0.908257 475.442 338.447 0.650837 522.294 340.417 0.758499 0
0 111 124 493.114 356.105 0.904487 496.981 363.879 0.848449 457.82 363.88 0.869309 442.13 412.76 0.866342 453.944 455.822 0.779768 539.929 361.929 0.861588 565.385 412.914 0.895442 541.956 451.94 0.797626 475.372 471.484 0.774397 475.505 534.128 0.798004 491.119 571.306 0.871688 522.449 469.594 0.768282 524.329 555.606 0.854202 522.327 620.276 0.844746 489.059 350.181 0.909686 506.649 350.192 0.942966 475.482 340.406 0.669873 522.302 342.394 0.772645 0
0 111 125 493.01 361.915 0.899954 498.92 363.941 0.857879 457.857 363.939 0.871239 442.15 412.759 0.852487 453.939 457.771 0.797105 539.994 363.863 0.869702 563.445 414.814 0.883014 539.993 455.848 0.854101 475.328 471.508 0.763838 475.38 534.112 0.782779 491.054 571.33 0.857717 522.341 473.442 0.759043 524.35 555.596 0.791459 524.394 571.367 0.0561451 481.364 350.308 0.912369 504.764 350.311 0.927181 475.358 342.403 0.518587 520.447 344.35 0.742699 0
0 111 126 491.125 365.761 0.952437 500.829 365.8 0.866603 459.695 365.787 0.892601 444.082 412.887 0.883583 455.89 459.728 0.809119 540.034 363.936 0.857305 561.525 414.86 0.866375 540.013 459.711 0.855845 475.393 475.448 0.779538 469.596 536.037 0.742205 491.009 571.302 0.858362 524.28 477.397 0.764339 524.425 557.64 0.817831 522.365 620.215 0.844586 479.406 352.189 0.951419 502.836 352.273 0.899337 475.312 346.3 0.437104 522.305 348.251 0.811386 0
0 111 127 491.014 365.883 0.950989 498.884 365.868 0.876837 457.845 365.845 0.893229 444.078 414.759 0.874606 455.857 459.812 0.807874 539.997 365.797 0.870451 559.585 418.675 0.82685 539.95 461.696 0.840457 475.341 477.436 0.764831 469.534 537.961 0.745189 491.04 571.352 0.86815 524.29 479.389 0.749138 526.27 557.666 0.781073 522.375 620.283 0.825782 479.336 352.287 0.959456 498.948 356.1 0.844454 475.324 348.254 0.374591 522.302 350.223 0.835839 0
0 111 128 490.982 367.769 0.937056 496.993 367.754 0.867056 457.833 365.949 0.898755 444.1 414.78 0.859792 453.937 459.826 0.804084 539.986 365.945 0.861658 559.576 422.617 0.824828 539.944 459.855 0.8447 475.393 477.452 0.780164 463.689 536.078 0.78923 491.024 575.193 0.887702 524.345 481.319 0.739552 524.455 563.471 0.787865 522.357 624.146 0.819144 477.508 354.209 0.916607 498.882 360.001 0.827829 473.502 350.129 0.38823 520.448 352.094 0.850943 0
0 111 129 485.227 367.875 0.886737 496.975 367.909 0.849072 457.796 367.816 0.902127 444.144 416.772 0.831628 453.89 461.755 0.774785 539.995 369.803 0.846814 559.568 426.554 0.846926 538.064 465.632 0.816675 475.329 479.351 0.767638 469.527 540.093 0.75349 491.026 584.952 0.925048 524.323 483.243 0.736303 524.44 563.485 0.782439 522.339 622.209 0.803798 477.357 358.061 0.928291 493.095 363.87 0.908095 473.433 350.117 0.223774 516.555 352.224 0.819039 0
0 111 130 483.243 369.861 0.851452 495.033 369.769 0.859999 455.887 367.863 0.889113 444.173 422.582 0.81734 450.041 465.664 0.771218 539.914 369.792 0.866491 555.734 428.38 0.857309 538.034 467.584 0.764041 473.461 485.189 0.744902 465.616 549.769 0.78518 489.125 588.976 0.897776 524.288 487.183 0.750921 524.435 567.372 0.839277 522.307 628.05 0.802651 475.526 363.925 0.961493 492.998 365.83 0.950692 467.652 352.126 0.188585 514.592 352.289 0.821706 0
0 111 131 479.351 373.673 0.869029 493.15 375.616 0.844449 455.853 369.799 0.860215 444.179 424.544 0.813169 448.117 465.676 0.769983 538.047 375.658 0.823842 555.672 428.472 0.875421 537.947 471.492 0.721664 471.536 487.186 0.739456 463.677 555.646 0.859529 483.245 600.723 0.903055 522.438 489.125 0.755725 526.281 567.37 0.813141 520.463 626.11 0.801342 475.422 365.827 0.964377 491.118 365.903 0.95351 465.625 352.201 0.171006 508.781 354.212 0.816396 0
0 111 132 477.31 379.535 0.935939 494.966 379.573 0.883883 455.853 369.84 0.843913 444.107 424.594 0.81385 448.053 469.6 0.738914 538.087 381.577 0.883833 555.575 432.446 0.826833 530.247 477.337 0.718885 467.617 491.003 0.727952 461.707 555.735 0.860062 477.404 618.249 0.907519 520.466 491.14 0.74329 524.425 565.464 0.784065 522.312 624.156 0.815882 471.554 367.794 0.886686 489.064 367.908 0.909602 463.795 350.312 0.0516241 508.613 361.958 0.841219 0
0 111 133 475.461 383.397 0.950702 493.088 381.476 0.894852 451.984 373.681 0.812254 444.047 426.474 0.826219 446.194 471.505 0.757845 538.037 383.504 0.867072 553.693 442.124 0.836405 526.335 479.401 0.757788 465.627 491.098 0.739455 459.831 561.494 0.843526 473.515 631.972 0.876452 518.488 493.119 0.718106 524.398 565.401 0.789596 522.341 626.12 0.829646 467.6 369.868 0.828353 487.137 375.641 0.84782 461.812 359.961 0.0580069 506.757 363.949 0.852509 0
0 111 134 473.431 383.563 0.898351 492.983 383.415 0.887309 449.966 377.568 0.834281 442.151 428.392 0.791523 446.132 475.403 0.718544 538.011 387.407 0.821123 553.603 444.145 0.836224 528.269 489.153 0.697967 461.848 495.004 0.72886 457.812 571.291 0.843342 463.734 639.809 0.815881 520.436 500.865 0.716837 524.363 569.306 0.829734 522.303 629.965 0.832774 463.678 375.644 0.837177 479.369 379.593 0.90758 461.669 363.795 0.070315 504.815 367.819 0.849769 0
0 111 135 469.583 387.41 0.852614 491.069 385.475 0.859635 446.19 381.506 0.880698 438.291 430.374 0.744221 444.187 475.488 0.718932 536.024 395.174 0.810135 551.758 446.158 0.808887 526.329 489.153 0.713442 461.698 502.856 0.762934 449.988 577.145 0.80478 459.769 649.62 0.866107 518.484 506.729 0.744217 524.355 571.277 0.851545 522.284 631.882 0.856924 461.754 379.59 0.906096 477.423 381.535 0.972377 459.723 365.764 0.0721118 502.853 369.782 0.821217 0
0 111 136 463.7 395.129 0.905466 489.094 391.321 0.831051 446.05 383.456 0.875955 436.308 432.372 0.747509 444.044 477.396 0.750894 528.262 397.177 0.843434 547.821 451.961 0.764576 524.301 491.129 0.717048 459.783 504.731 0.783573 446.178 581.039 0.821288 455.875 661.281 0.83203 514.553 506.747 0.716821 524.294 569.363 0.839802 522.295 631.866 0.869513 459.794 381.583 0.938853 475.477 383.531 0.988178 455.914 365.947 0.0767826 496.965 377.575 0.789499 0
0 111 137 461.725 397.134 0.952775 487.119 397.104 0.871218 444.157 385.477 0.864121 432.452 438.269 0.760529 440.228 481.317 0.755379 524.435 399.224 0.855983 542.026 459.748 0.854278 518.462 493.035 0.760197 457.782 506.759 0.763202 444.171 584.948 0.874028 448.115 665.172 0.854068 508.8 508.73 0.741774 522.462 571.351 0.822233 522.305 631.912 0.880816 457.797 383.59 0.847676 473.485 385.518 0.911882 0 0 0 493.049 381.433 0.893545 0
0 111 138 459.761 399.115 0.949337 479.395 397.254 0.877213 442.114 393.226 0.808033 430.449 442.212 0.80925 434.381 489.104 0.728347 524.295 403.066 0.840472 539.92 461.803 0.86193 510.639 500.887 0.73176 451.985 506.796 0.739838 444.091 586.935 0.853405 446.154 667.197 0.843315 508.652 508.772 0.727613 522.432 571.304 0.814866 522.317 629.992 0.872465 450.035 389.319 0.825692 469.547 393.23 0.848731 446.074 379.474 0.0584085 491.106 381.49 0.872748 0
0 111 139 453.938 399.211 0.888137 475.513 399.212 0.886213 434.346 397.122 0.865277 428.506 448.087 0.780898 432.429 493.07 0.719018 520.457 406.97 0.802134 537.969 463.712 0.852196 508.76 506.675 0.784047 448.094 510.625 0.726464 442.207 596.757 0.787411 446.119 676.953 0.833722 506.643 510.71 0.719099 522.352 571.333 0.799986 522.315 630.027 0.874512 446.108 391.295 0.845056 461.757 395.22 0.935457 0 0 0 487.151 383.54 0.787299 0
0 111 140 446.146 403.047 0.890467 473.458 403.082 0.839407 430.426 399.123 0.87623 422.598 453.886 0.738887 428.439 496.947 0.734988 512.605 410.827 0.804473 534.111 465.638 0.826894 506.69 508.643 0.838138 446.044 518.487 0.751318 442.182 600.696 0.82615 448.006 678.958 0.819596 500.889 516.494 0.693711 520.398 575.204 0.748724 522.303 631.875 0.876084 442.214 397.058 0.860363 459.714 397.178 0.952114 0 0 0 479.385 385.481 0.786165 0
0 111 141 444.206 408.863 0.899031 463.753 410.792 0.854778 426.524 403.032 0.839297 414.865 459.795 0.793823 424.545 504.771 0.693592 508.626 410.906 0.863885 524.444 467.638 0.849092 504.794 508.725 0.801412 442.14 522.433 0.737462 436.276 604.598 0.774023 446.134 680.832 0.84406 495.069 520.428 0.701926 516.517 581.06 0.717605 520.42 631.908 0.874896 440.178 397.246 0.856642 455.857 399.058 0.884727 0 0 0 475.482 387.388 0.834859 0
0 111 142 440.231 410.822 0.890703 461.656 410.852 0.890392 418.731 403.084 0.81726 412.88 463.682 0.837671 416.796 510.687 0.733881 504.745 412.771 0.832803 522.478 469.539 0.861694 498.934 510.705 0.74864 438.249 524.375 0.718243 430.446 610.405 0.836299 446.119 680.966 0.865949 493.106 522.348 0.73684 508.758 584.998 0.771847 520.41 631.911 0.861801 430.478 399.122 0.907482 446.144 399.177 0.937607 0 0 0 473.43 389.357 0.828423 0
0 111 143 430.463 412.738 0.950122 455.878 412.822 0.884085 414.744 406.981 0.828099 406.977 463.726 0.762466 414.731 510.715 0.741864 495.016 414.707 0.835685 520.44 473.409 0.841505 493.101 518.477 0.785769 430.522 528.264 0.725264 428.53 610.42 0.793395 446.074 682.833 0.87845 489.157 526.28 0.727638 500.903 586.982 0.737162 520.419 630.003 0.847528 426.524 399.188 0.884404 444.043 401.124 0.937112 0 0 0 463.764 397.126 0.862133 0
0 111 144 428.47 414.693 0.978662 449.973 414.713 0.868721 410.867 412.767 0.82704 399.207 467.589 0.793998 410.87 512.623 0.729713 493.007 414.801 0.876463 514.534 473.411 0.81826 493.076 518.479 0.78239 428.427 532.181 0.765475 428.436 614.358 0.820723 446.038 682.862 0.874742 477.483 528.297 0.733789 487.192 596.766 0.713154 516.509 620.251 0.806171 418.719 403.02 0.842289 438.24 404.988 0.837742 0 0 0 459.856 397.164 0.881789 0
0 111 145 422.611 414.78 0.886162 446.138 414.823 0.885624 406.924 412.809 0.842179 399.088 471.535 0.837131 401.148 512.66 0.749484 491.153 416.774 0.85535 508.76 475.384 0.867638 489.136 522.408 0.824026 424.53 538.036 0.739559 426.508 614.36 0.793107 446.001 682.806 0.887975 475.488 536.092 0.748343 475.498 600.647 0.759405 510.688 629.957 0.840777 414.777 403.064 0.825187 430.455 408.895 0.879794 0 0 0 457.853 399.049 0.861559 0
0 111 146 414.878 416.798 0.887543 444.125 416.766 0.843401 401.049 412.891 0.842687 397.059 471.524 0.784861 399.228 512.643 0.708529 489.094 420.688 0.789405 506.742 477.389 0.886658 483.255 524.354 0.777022 418.73 542.008 0.702801 424.597 618.227 0.79839 446.002 684.77 0.860704 475.405 541.96 0.742547 477.356 616.275 0.815608 508.744 633.985 0.830465 412.739 410.814 0.823868 428.464 412.764 0.954835 0 0 0 451.995 399.175 0.854218 0
0 111 147 414.714 422.557 0.869169 440.214 418.728 0.81454 397.19 414.802 0.871029 387.406 469.565 0.744764 397.148 510.688 0.744457 481.342 424.519 0.779014 502.835 479.361 0.81242 477.44 526.276 0.781148 414.848 540.005 0.746787 420.634 616.294 0.799859 444.185 682.877 0.863974 465.697 540.026 0.698587 461.744 614.316 0.801838 497.01 647.521 0.847085 406.991 412.772 0.796722 426.483 412.866 0.901273 0 0 0 446.178 401.107 0.828203 0
0 111 148 412.746 426.482 0.882179 434.327 422.632 0.817723 395.147 416.709 0.828341 383.468 473.431 0.801882 393.215 518.469 0.678521 477.41 426.537 0.851499 496.961 485.2 0.807857 475.436 526.277 0.780776 412.853 539.992 0.752807 414.895 616.215 0.820846 444.206 682.87 0.879093 461.8 539.983 0.708209 457.843 610.418 0.725592 490.979 663.181 0.802074 401.164 414.737 0.788622 420.62 414.816 0.843518 0 0 0 444.177 405.014 0.822673 0
0 111 149 401.151 428.399 0.899484 430.396 426.438 0.855055 387.4 416.734 0.813688 381.54 475.475 0.832932 387.372 524.332 0.70795 475.366 428.457 0.857103 492.962 491.074 0.885074 463.728 537.983 0.726614 408.925 540.051 0.710069 414.818 616.364 0.88537 444.174 686.735 0.875221 459.728 541.929 0.685926 444.157 618.185 0.78301 475.468 678.857 0.821588 397.227 414.838 0.802944 412.858 416.778 0.92897 0 0 0 438.287 410.878 0.793639 0
0 111 150 399.175 430.383 0.950801 426.489 428.476 0.87164 383.466 422.592 0.82556 379.578 477.324 0.738429 383.404 524.337 0.704258 467.578 430.437 0.802415 491.023 491.152 0.883373 459.857 539.923 0.755364 403.037 551.731 0.676612 414.753 618.279 0.753611 446.025 688.695 0.667741 453.924 553.671 0.64657 434.335 618.34 0.668132 457.819 692.572 0.709959 395.249 418.714 0.829233 412.758 422.639 0.908688 0 0 0 434.347 412.908 0.84608 0
0 111 151 397.193 434.358 0.893531 422.633 430.426 0.826238 381.501 428.415 0.794591 373.731 481.33 0.703999 383.43 526.324 0.710108 463.696 432.425 0.816707 485.196 498.949 0.792602 455.866 543.896 0.683754 405 555.724 0.656953 412.842 618.336 0.560269 444.144 690.656 0.536979 455.876 557.621 0.635333 430.432 626.107 0.639048 446.105 696.476 0.729098 389.336 426.518 0.819676 408.889 428.446 0.907917 0 0 0 430.414 414.804 0.872237 0
0 111 152 393.256 440.206 0.87577 414.883 434.35 0.825828 377.582 430.438 0.797086 369.819 487.153 0.690256 377.62 526.312 0.669005 459.81 440.174 0.835066 479.356 506.652 0.843751 444.178 547.84 0.712079 399.188 559.597 0.67183 416.752 626.109 0.454878 451.958 690.655 0.650363 451.968 559.561 0.625773 426.481 639.774 0.589068 428.443 714.15 0.481954 383.491 428.514 0.85152 399.177 430.378 0.925442 0 0 0 426.498 416.733 0.829832 0
0 111 153 385.406 444.072 0.90682 412.886 440.228 0.8453 369.787 430.479 0.812572 367.783 489.159 0.74689 375.655 536.073 0.659814 457.814 444.176 0.852009 477.436 508.638 0.891885 444.042 551.668 0.730813 397.196 561.539 0.689263 414.772 631.92 0.633108 451.955 694.481 0.769775 448.029 563.475 0.631834 416.711 631.962 0.717482 414.77 714.155 0.562606 381.466 430.517 0.80555 397.144 432.453 0.921584 0 0 0 420.695 426.508 0.817434 0
0 111 154 381.549 446.183 0.906706 410.811 444.096 0.832233 365.905 434.375 0.792121 365.849 491.065 0.677345 369.755 537.968 0.597983 450.012 446.166 0.806185 475.392 508.669 0.850165 442.163 551.748 0.687613 393.223 567.341 0.661937 412.855 633.926 0.536491 448.093 692.632 0.794913 444.095 567.367 0.655601 414.756 639.789 0.661261 405.04 714.179 0.301069 373.671 438.285 0.756834 393.263 442.13 0.887403 0 0 0 414.822 428.537 0.86442 0
0 111 155 377.605 451.931 0.811255 404.967 446.073 0.81671 363.912 444.066 0.740129 356.142 494.971 0.623808 365.802 540.011 0.548018 446.116 448.112 0.837247 471.492 508.787 0.789921 440.172 555.74 0.670269 385.499 569.357 0.670693 410.851 635.901 0.504381 448.044 692.591 0.787486 438.266 569.336 0.624315 412.725 655.413 0.62075 397.246 714.177 0.241389 367.845 442.156 0.762282 383.53 444.12 0.889428 0 0 0 412.803 430.509 0.857071 0
0 111 156 371.722 459.758 0.860412 399.148 449.966 0.822528 358.058 446.025 0.741808 354.108 500.877 0.598639 356.108 541.939 0.547664 444.099 455.901 0.825689 461.804 520.417 0.796984 430.461 565.422 0.66216 381.603 571.315 0.691115 397.222 633.87 0.531056 446.162 690.634 0.804601 430.518 571.333 0.625746 401.147 663.243 0.575557 399.069 714.137 0.16843 365.889 446.158 0.708984 381.534 448.124 0.858388 0 0 0 408.907 438.287 0.780486 0
0 111 157 365.838 459.797 0.879067 397.078 457.772 0.812854 352.202 448.045 0.738287 350.288 504.811 0.535011 356.112 547.835 0.470562 438.243 461.669 0.803868 459.809 522.434 0.814612 428.554 569.31 0.710976 379.6 581.097 0.634183 401.122 639.78 0.386052 446.123 688.674 0.737767 428.525 579.131 0.600388 399.135 676.949 0.70295 399.014 714.173 0.108504 356.118 446.2 0.701795 375.639 449.995 0.80751 0 0 0 401.087 444.115 0.836642 0
0 111 158 361.948 461.731 0.872509 391.293 461.72 0.814379 350.163 455.862 0.758116 344.343 508.694 0.587198 350.222 553.72 0.524517 432.406 467.645 0.771186 451.977 534.1 0.686481 426.483 575.26 0.629681 369.828 584.969 0.661714 373.701 637.844 0.490701 444.147 684.765 0.803326 418.735 585.005 0.614837 397.159 674.938 0.398305 397.127 704.346 0.296137 352.268 449.984 0.757061 369.776 455.853 0.836424 0 0 0 399.062 446.078 0.901756 0
0 111 159 352.24 463.733 0.862366 385.403 463.669 0.794526 342.431 459.746 0.719151 338.468 516.495 0.553455 346.278 555.661 0.458493 430.352 471.483 0.824019 446.159 536.075 0.755329 414.824 581.054 0.60881 365.878 583.071 0.644738 375.662 641.75 0.425968 440.24 680.954 0.777713 414.824 584.961 0.59317 395.21 647.635 0.574974 393.263 714.146 0.385611 350.136 453.952 0.730492 365.813 459.725 0.918974 0 0 0 393.275 448.052 0.836564 0
0 111 160 350.123 467.619 0.822399 381.469 467.589 0.788168 336.556 459.73 0.775095 334.637 518.455 0.437238 342.38 557.634 0.323007 424.567 475.485 0.816445 444.068 538.038 0.805763 412.795 581.088 0.65373 359.997 586.926 0.628761 379.535 645.64 0.44174 428.548 680.873 0.774997 412.862 586.972 0.606246 393.238 649.616 0.603885 387.443 714.163 0.405949 340.452 457.84 0.701554 358.023 459.838 0.856514 0 0 0 383.565 455.828 0.800462 0
0 111 161 344.309 475.459 0.820953 377.561 473.482 0.771285 334.507 461.755 0.719664 332.548 516.495 0.551023 334.568 557.601 0.494149 418.677 477.452 0.78732 434.336 543.951 0.662425 404.991 586.924 0.544865 356.08 586.999 0.613309 367.833 647.657 0.467938 395.158 694.529 0.369778 412.748 588.904 0.597276 399.11 649.581 0.537811 418.676 686.736 0.490743 336.53 463.668 0.703757 352.168 465.657 0.817336 0 0 0 381.555 459.794 0.872368 0
0 111 162 336.536 477.386 0.861046 367.871 475.452 0.827097 324.829 471.473 0.747436 322.875 524.419 0.594062 330.666 569.379 0.455219 412.884 479.351 0.83102 432.39 541.997 0.753794 399.155 588.977 0.600604 352.15 598.691 0.605737 348.289 649.609 0.417507 397.213 684.805 0.352484 408.88 602.575 0.559284 383.482 655.462 0.539084 385.431 702.42 0.352559 334.465 465.626 0.65839 350.109 473.438 0.856179 0 0 0 375.682 461.742 0.86969 0
0 111 163 334.459 485.195 0.815692 365.797 475.493 0.791163 320.855 467.61 0.679204 320.807 524.313 0.453479 322.84 567.353 0.369564 406.977 481.346 0.754107 428.491 551.744 0.728406 395.224 602.571 0.454788 346.327 602.568 0.575155 352.119 661.318 0.425809 393.27 694.533 0.226489 401.1 604.606 0.530821 383.436 667.167 0.440563 383.579 698.46 0.202942 322.862 473.48 0.738583 340.461 475.436 0.8661 0 0 0 367.922 461.837 0.837668 0
0 111 164 322.826 483.276 0.782459 359.983 477.451 0.75075 316.975 473.421 0.635507 318.838 534.105 0.250353 320.874 571.318 0.230101 401.089 491.027 0.785059 426.458 553.732 0.737297 383.513 602.61 0.505262 340.415 606.526 0.555338 336.502 676.947 0.531173 377.636 700.445 0.1011 399.109 614.317 0.539268 379.519 675.015 0.436601 387.407 714.141 0.0978233 318.988 473.448 0.686399 334.566 477.336 0.879388 0 0 0 365.83 465.668 0.800102 0
0 111 165 318.905 491.008 0.909491 354.092 483.255 0.762781 314.964 477.424 0.598045 309.106 514.599 0.0501758 0 0 0 397.166 491.016 0.826589 418.694 553.707 0.790151 383.416 600.671 0.647767 336.549 614.309 0.664652 322.891 678.959 0.741279 360.002 714.17 0.12241 397.12 616.28 0.614014 381.54 684.767 0.537731 383.557 714.161 0.14709 313.056 477.389 0.644481 328.691 479.313 0.853233 0 0 0 356.066 471.532 0.793898 0
0 111 166 311.08 493.003 0.825802 350.146 489.072 0.777197 305.249 479.388 0.6167 305.233 526.311 0.095211 0 0 0 393.218 491.17 0.787729 414.76 553.664 0.82269 381.576 598.677 0.690339 328.722 614.372 0.659846 313.012 676.986 0.711871 324.842 714.189 0.0922917 391.268 616.337 0.628158 381.539 694.583 0.631605 383.583 714.209 0.0715026 305.255 479.385 0.671522 320.87 485.197 0.827868 0 0 0 352.108 475.41 0.851956 0
0 111 167 305.207 493.034 0.888444 344.335 491.124 0.783859 301.304 487.191 0.654119 293.497 510.641 0.120644 0 0 0 385.402 495.064 0.780008 410.882 557.618 0.761993 375.661 602.569 0.616098 320.919 612.361 0.688825 305.171 674.983 0.77104 313.062 714.208 0.086617 383.467 618.218 0.652099 381.419 696.484 0.595706 381.572 714.189 0.137375 303.208 481.297 0.570298 316.926 489.087 0.828432 0 0 0 344.369 477.436 0.836936 0
0 111 168 299.382 496.994 0.838167 336.536 494.987 0.793183 293.513 492.996 0.652221 283.714 510.668 0.0797414 0 0 0 381.505 502.81 0.792843 406.922 563.499 0.706653 367.869 602.676 0.675653 316.979 618.254 0.643107 299.315 686.768 0.590943 291.546 714.211 0.0525701 381.476 624.142 0.563512 367.845 690.632 0.372777 381.392 714.164 0.0844303 291.551 489.089 0.620156 307.166 491.092 0.887127 0 0 0 336.627 479.329 0.868751 0
0 111 169 293.465 506.671 0.820129 332.611 498.92 0.744565 289.525 493.064 0.650816 289.57 549.803 0.212413 291.569 594.777 0.165398 375.635 506.729 0.781771 399.125 571.285 0.745482 361.947 614.314 0.469948 307.136 616.299 0.655371 289.545 696.583 0.596886 287.661 714.188 0.0953478 367.905 618.236 0.558214 367.847 682.832 0.428187 373.672 714.171 0.131318 289.509 493.04 0.633706 303.317 495.007 0.834035 0 0 0 334.619 487.164 0.840495 0
0 111 170 289.513 508.654 0.877318 326.715 504.747 0.73495 285.642 493.066 0.633748 285.627 553.718 0.16433 287.642 602.583 0.114338 367.922 508.768 0.78953 391.279 584.924 0.631932 344.339 616.319 0.347151 303.335 626.077 0.622859 283.669 700.469 0.536741 273.901 714.203 0.0562173 367.778 633.982 0.546676 316.97 714.155 0.30773 0 0 0 285.628 495.018 0.589282 301.249 500.867 0.816287 0 0 0 328.689 491.129 0.851009 0
0 111 171 285.681 516.482 0.843574 318.86 508.663 0.80332 273.882 506.689 0.624776 277.838 565.419 0.0809383 0 0 0 363.915 510.683 0.779753 383.582 586.987 0.791089 334.543 620.254 0.536344 293.486 630.02 0.675057 273.941 700.483 0.5586 0 0 0 361.964 637.815 0.579801 305.241 714.147 0.324266 0 0 0 275.868 504.77 0.776702 293.514 506.706 0.867218 0 0 0 320.874 492.977 0.890812 0
0 111 172 277.83 516.502 0.804806 314.982 508.766 0.778886 270.002 508.65 0.68463 271.929 567.328 0.547013 272.014 606.505 0.46677 358.06 516.507 0.751666 381.586 586.963 0.826709 336.536 628.011 0.59348 289.626 637.821 0.632259 270.004 714.171 0.468162 0 0 0 354.101 647.649 0.624 309.132 714.174 0.230609 0 0 0 272.009 504.789 0.740681 287.683 506.761 0.903121 0 0 0 318.883 493.1 0.87502 0
0 111 173 272.019 520.463 0.890292 305.271 514.537 0.769203 260.283 508.72 0.651668 262.18 571.284 0.288402 268.039 614.326 0.24997 352.108 520.46 0.810757 375.661 586.948 0.799785 334.545 630.006 0.726862 279.783 647.599 0.583028 262.155 714.184 0.244519 0 0 0 344.365 657.379 0.551268 316.968 714.189 0.0926085 0 0 0 266.109 508.64 0.692749 283.695 508.769 0.858473 0 0 0 313.01 496.989 0.777204 0
0 111 174 266.097 522.456 0.841696 301.251 518.463 0.762565 256.214 510.616 0.698838 252.395 571.273 0.410578 256.285 614.37 0.361111 346.264 522.392 0.806448 367.915 588.931 0.833094 326.76 633.873 0.723168 273.888 647.594 0.63174 258.226 714.177 0.251632 0 0 0 336.51 653.474 0.573199 309.12 714.177 0.115724 0 0 0 258.279 510.644 0.693854 273.972 512.628 0.819499 0 0 0 305.217 504.761 0.847861 0
0 111 175 258.202 524.44 0.879344 287.681 522.365 0.794825 240.684 518.428 0.658583 240.709 579.102 0.0953005 0 0 0 336.551 524.325 0.808964 363.886 588.891 0.795086 326.752 635.93 0.684972 260.283 663.193 0.633787 0 0 0 0 0 0 324.788 665.233 0.568424 0 0 0 0 0 0 252.372 514.548 0.718581 271.845 520.393 0.857065 0 0 0 299.368 506.758 0.880483 0
0 111 176 252.36 526.338 0.824051 283.724 524.343 0.77178 238.658 520.399 0.618422 238.665 584.922 0.194968 242.561 628.039 0.115585 330.661 526.338 0.773094 352.272 596.74 0.784095 320.807 645.619 0.693788 256.316 667.172 0.624978 0 0 0 0 0 0 318.928 674.981 0.548166 0 0 0 0 0 0 242.641 516.492 0.783963 260.207 520.396 0.861842 0 0 0 289.574 508.615 0.890718 0
0 111 177 242.594 528.233 0.87337 273.955 528.247 0.761235 227.033 524.354 0.705988 226.904 586.958 0.200786 232.816 633.946 0.0861334 320.944 532.144 0.771968 350.133 596.727 0.762626 316.989 647.577 0.685747 248.503 673.064 0.57516 0 0 0 0 0 0 315.011 678.878 0.561896 0 0 0 0 0 0 238.638 518.453 0.783151 256.266 522.322 0.896977 0 0 0 287.552 508.768 0.904305 0
0 111 178 240.601 534.135 0.882832 269.971 534.103 0.781873 223.079 528.284 0.746582 217.152 590.891 0.640788 222.978 635.911 0.533396 316.973 536.03 0.789416 340.416 600.568 0.788444 313.026 653.491 0.681177 242.673 676.943 0.602195 0 0 0 0 0 0 307.217 678.921 0.580983 0 0 0 0 0 0 228.939 522.449 0.786147 248.507 522.45 0.853283 0 0 0 274.016 510.718 0.849242 0
0 111 179 236.738 537.945 0.878766 262.223 537.957 0.806046 215.232 536.045 0.726557 209.432 600.642 0.676976 213.284 647.598 0.47854 313.034 536.116 0.774874 336.442 600.727 0.829144 305.244 657.385 0.609671 240.657 682.864 0.558985 0 0 0 0 0 0 305.189 684.766 0.52977 0 0 0 0 0 0 226.901 524.368 0.882023 242.688 524.34 0.912099 0 0 0 272.016 510.654 0.91265 0
0 111 180 227.042 540.007 0.93827 258.19 538.037 0.845554 209.362 536.091 0.769222 207.38 602.578 0.733358 209.353 655.428 0.515505 305.299 538.045 0.814891 332.621 602.592 0.804731 303.329 661.251 0.649496 236.705 684.775 0.546884 0 0 0 0 0 0 303.204 682.849 0.539841 0 0 0 0 0 0 222.994 528.257 0.811273 240.67 530.226 0.905225 0 0 0 271.856 518.475 0.845038 0
0 111 181 226.887 541.929 0.925434 254.324 539.958 0.82317 203.506 538.091 0.767515 197.597 604.557 0.697213 207.4 651.515 0.504263 303.262 539.939 0.828334 328.715 602.593 0.781396 305.143 659.352 0.688122 230.864 690.665 0.535955 0 0 0 0 0 0 299.347 690.644 0.50403 0 0 0 0 0 0 217.198 532.205 0.784539 238.726 534.13 0.871197 0 0 0 264.146 522.311 0.822107 0
0 111 182 225.086 542.036 0.885048 246.511 541.952 0.773508 195.695 541.935 0.767443 193.7 602.578 0.393806 199.591 645.666 0.189168 299.339 540.032 0.795839 322.835 602.71 0.768511 301.318 661.29 0.69149 226.942 690.628 0.551611 0 0 0 0 0 0 293.5 688.677 0.483965 0 0 0 0 0 0 215.203 536.015 0.822227 238.683 536.023 0.858174 207.333 524.288 0.0958462 260.201 522.307 0.862158 0
0 111 183 224.897 547.821 0.848012 242.609 549.799 0.807464 193.647 551.722 0.778785 187.847 612.393 0.48414 197.588 651.567 0.311495 293.514 543.919 0.748596 320.827 604.614 0.7937 299.309 665.157 0.670355 224.956 690.673 0.537041 0 0 0 0 0 0 289.561 688.703 0.5015 0 0 0 0 0 0 211.296 537.97 0.914138 232.86 537.943 0.846132 199.554 526.335 0.102797 258.206 522.456 0.900134 0
0 111 184 222.969 553.581 0.886631 240.619 555.575 0.8659 187.789 555.655 0.816007 181.925 618.341 0.570281 193.704 663.299 0.354157 291.509 551.746 0.784561 318.901 616.298 0.801434 291.506 674.99 0.645461 222.985 696.466 0.493512 0 0 0 0 0 0 287.579 694.562 0.489157 0 0 0 0 0 0 209.418 538.132 0.98268 230.868 539.92 0.864547 197.62 532.154 0.143723 256.303 526.352 0.858845 0
0 111 185 221.035 555.64 0.887322 238.624 555.697 0.840333 181.956 557.622 0.859978 178.016 618.332 0.822177 191.752 667.198 0.726975 289.554 553.675 0.824638 318.809 616.32 0.820542 295.426 669.14 0.646187 215.249 686.746 0.568498 0 0 0 0 0 0 281.713 682.836 0.576214 0 0 0 0 0 0 209.321 541.981 0.942584 228.952 543.886 0.854038 195.66 537.939 0.234848 256.239 536.056 0.844645 0
0 111 186 219.123 557.628 0.84215 232.823 561.513 0.785728 179.96 565.426 0.84902 170.232 622.18 0.74337 189.748 675.014 0.698311 287.633 555.662 0.828744 315.013 620.214 0.788943 291.529 680.798 0.675431 213.284 690.626 0.554639 0 0 0 0 0 0 275.879 684.804 0.568868 0 0 0 0 0 0 209.263 547.79 0.912014 228.908 547.823 0.85922 193.778 538.087 0.334506 254.289 538.063 0.867332 0
0 111 187 217.204 563.492 0.824227 230.842 569.279 0.830844 178.053 569.403 0.854134 166.3 631.891 0.769697 189.761 680.889 0.69823 287.559 561.486 0.781868 313.008 628.002 0.748903 291.547 684.765 0.62983 213.303 696.497 0.519804 0 0 0 0 0 0 275.924 694.538 0.5277 0 0 0 0 0 0 207.4 553.609 0.916953 228.901 551.727 0.876058 193.714 543.926 0.320209 250.454 540.009 0.81261 0
0 111 188 219.134 569.384 0.899468 228.879 569.37 0.832789 176.045 569.356 0.81789 162.456 633.875 0.828811 185.849 686.757 0.610767 285.656 565.45 0.766211 309.173 631.944 0.753478 299.332 696.514 0.529564 209.372 696.509 0.538888 0 0 0 0 0 0 273.848 694.59 0.513257 0 0 0 0 0 0 207.385 555.725 0.93573 228.941 555.66 0.893995 191.773 551.766 0.44535 250.452 543.94 0.785731 0
0 111 189 221.089 573.258 0.864012 227.056 573.241 0.817564 174.14 573.238 0.797867 162.383 643.68 0.809072 179.976 696.602 0.623326 287.524 569.418 0.832499 309.116 639.79 0.759732 293.485 698.504 0.590337 207.411 714.152 0.465233 0 0 0 0 0 0 273.879 714.151 0.457689 0 0 0 0 0 0 207.387 563.47 0.907274 228.985 559.577 0.861711 191.767 555.656 0.595437 250.425 551.682 0.799461 0
0 111 190 222.959 579.124 0.845626 226.997 583.001 0.822172 174.137 583.01 0.79638 158.502 645.609 0.768771 178.089 700.476 0.526985 285.606 575.26 0.770251 305.303 647.515 0.811211 291.523 714.145 0.524322 199.596 714.166 0.390316 0 0 0 0 0 0 266.116 714.169 0.348156 0 0 0 0 0 0 207.421 569.284 0.937824 230.87 565.455 0.869486 191.774 563.457 0.643721 248.528 555.567 0.854021 0
0 111 191 223.068 584.912 0.928463 227.014 586.981 0.841937 172.209 586.924 0.782334 156.52 651.581 0.755481 176.093 714.161 0.438989 285.67 584.955 0.811411 303.287 661.311 0.798264 277.816 714.188 0.284758 195.647 714.165 0.400247 0 0 0 0 0 0 260.203 714.168 0.355082 0 0 0 0 0 0 209.333 571.26 0.988632 234.775 569.359 0.888184 193.641 569.283 0.734057 252.383 557.682 0.783407 0
0 111 192 225.02 586.91 0.974144 226.878 594.796 0.817064 168.287 596.769 0.788437 152.602 661.28 0.763847 172.157 714.167 0.394074 285.626 588.921 0.793169 303.295 663.194 0.857562 273.964 714.189 0.323046 193.713 714.169 0.391695 0 0 0 0 0 0 258.298 714.169 0.379061 0 0 0 0 0 0 211.234 573.312 0.946738 238.615 571.344 0.923406 193.731 571.357 0.788011 254.279 565.464 0.750469 0
0 111 193 226.886 587.023 0.933878 226.885 600.638 0.85758 168.273 600.62 0.802472 150.675 665.188 0.807229 168.239 714.174 0.321857 285.61 598.631 0.784457 303.192 669.111 0.797995 271.933 714.195 0.266428 193.675 714.174 0.346128 0 0 0 0 0 0 258.325 714.176 0.332896 0 0 0 0 0 0 211.364 579.097 0.891945 238.728 573.299 0.908461 195.569 577.141 0.836045 254.326 569.394 0.810814 0
0 111 194 227.05 592.818 0.85955 225.041 602.69 0.858485 166.28 602.614 0.804061 150.65 667.229 0.775198 168.271 714.187 0.246169 283.709 600.66 0.806495 303.196 671.109 0.795692 273.885 714.197 0.242579 193.637 714.185 0.267612 0 0 0 0 0 0 260.201 714.186 0.275044 0 0 0 0 0 0 213.255 584.892 0.897911 240.661 579.121 0.940361 195.571 582.994 0.827085 256.208 571.244 0.662822 0
0 111 195 228.941 600.549 0.903883 223.056 604.64 0.814537 164.353 606.495 0.798941 148.751 671.109 0.765626 166.346 714.186 0.24272 279.8 600.712 0.807558 303.232 675.015 0.801262 277.833 714.205 0.197318 191.702 714.184 0.239084 0 0 0 0 0 0 262.153 714.191 0.252043 0 0 0 0 0 0 213.283 586.955 0.902966 240.695 584.895 0.977305 193.746 586.878 0.853244 256.229 571.375 0.555023 0
0 111 196 230.912 600.695 0.896094 221.066 610.446 0.784649 162.454 616.205 0.818073 148.663 678.914 0.804747 162.361 714.202 0.16047 275.94 602.628 0.804228 303.278 676.913 0.822376 281.759 714.202 0.194951 191.701 714.187 0.198854 0 0 0 0 0 0 262.194 714.192 0.223224 0 0 0 0 0 0 215.202 588.92 0.861098 242.536 585.026 1.00389 193.704 588.93 0.795767 256.212 575.187 0.355026 0
0 111 197 234.779 602.688 0.882285 219.168 616.271 0.78301 162.38 618.302 0.809582 146.775 680.876 0.781228 158.5 714.209 0.119455 275.873 604.549 0.794926 303.283 678.863 0.823746 287.652 714.211 0.145516 191.713 714.189 0.166071 0 0 0 0 0 0 264.129 714.194 0.180043 0 0 0 0 0 0 219.094 594.799 0.816913 242.603 586.99 1.00112 193.658 592.791 0.809839 256.278 582.963 0.244596 0
0 111 198 232.852 606.495 0.856385 219.096 620.207 0.778538 162.323 626.062 0.743009 146.782 694.567 0.666568 150.654 714.211 0.0773198 274.01 610.423 0.776133 303.256 680.813 0.815078 291.505 714.214 0.12154 185.872 714.192 0.0941489 0 0 0 0 0 0 264.134 714.196 0.128652 0 0 0 0 0 0 217.188 598.734 0.852335 242.541 590.844 0.950839 193.621 600.649 0.849695 256.202 585.081 0.197225 0
0 111 199 234.767 616.186 0.865071 215.216 626.116 0.787219 160.381 633.897 0.77956 146.685 714.138 0.525096 0 0 0 273.946 614.323 0.794412 303.203 684.76 0.759923 297.381 714.213 0.082402 189.782 714.194 0.0543649 0 0 0 0 0 0 268.047 714.198 0.097964 0 0 0 0 0 0 215.219 602.613 0.887083 242.55 598.647 0.941034 191.729 604.565 0.826081 254.361 587.024 0.133571 0
0 111 200 236.762 618.239 0.917207 217.168 631.911 0.801297 158.504 634.019 0.774397 144.796 714.148 0.511044 0 0 0 275.839 618.221 0.781533 303.16 694.486 0.669138 297.403 714.214 0.0569276 0 0 0 0 0 0 0 0 0 0 0 0 0 0 0 0 0 0 217.17 606.556 0.822305 242.653 600.719 0.98631 191.75 610.427 0.77356 254.369 594.763 0.125882 0
0 111 201 236.751 620.261 0.880212 215.211 634.006 0.798575 158.449 645.599 0.743967 140.897 714.17 0.373438 0 0 0 273.955 618.342 0.807704 303.174 692.587 0.69846 293.479 714.215 0.0693838 0 0 0 0 0 0 0 0 0 0 0 0 0 0 0 0 0 0 221.05 614.368 0.849535 242.592 604.566 0.96263 191.76 616.349 0.870483 252.419 600.584 0.110421 0
0 111 202 240.572 631.87 0.924057 215.186 641.74 0.790581 156.493 647.683 0.767632 138.947 714.183 0.316032 0 0 0 273.965 629.986 0.793421 303.187 696.591 0.643268 289.549 714.22 0.0546306 0 0 0 0 0 0 0 0 0 0 0 0 0 0 0 0 0 0 223.014 618.289 0.885146 242.713 614.32 0.93067 193.592 620.202 0.861352 256.274 600.669 0.0774226 0
0 111 203 240.604 633.952 0.969692 217.156 647.608 0.811548 156.55 649.665 0.749341 136.961 714.186 0.286382 0 0 0 274.003 633.92 0.791769 303.199 714.15 0.531379 0 0 0 0 0 0 0 0 0 0 0 0 0 0 0 0 0 0 0 0 0 224.897 626.07 0.83259 244.598 618.234 0.961346 193.658 626.076 0.817861 256.289 610.451 0.0856667 0
0 111 204 240.647 639.799 0.907897 215.186 653.489 0.803136 154.556 661.306 0.760501 136.947 714.204 0.0770103 0 0 0 273.964 643.701 0.759492 303.219 714.179 0.353489 0 0 0 0 0 0 0 0 0 0 0 0 0 0 0 0 0 0 0 0 0 224.952 631.937 0.936243 244.617 622.161 0.881957 193.697 631.984 0.856855 258.222 610.471 0.0567108 0
0 111 205 240.669 647.68 0.993472 213.249 661.267 0.812866 152.621 665.301 0.744152 134.975 714.199 0.0523566 0 0 0 272.034 645.683 0.798133 303.184 714.179 0.36435 0 0 0 0 0 0 0 0 0 0 0 0 0 0 0 0 0 0 0 0 0 223.08 635.891 0.850186 244.635 631.905 0.908166 193.614 635.916 0.80856 0 0 0 0
0 111 206 240.624 651.538 0.948745 211.323 667.19 0.797893 150.69 678.888 0.729585 144.775 714.206 0.0545658 0 0 0 271.988 649.63 0.776562 303.232 714.195 0.166298 0 0 0 0 0 0 0 0 0 0 0 0 0 0 0 0 0 0 0 0 0 224.904 645.636 0.898112 244.544 633.996 0.906636 191.766 647.587 0.807997 0 0 0 0
0 111 207 240.638 661.274 0.930503 209.374 673.066 0.779619 148.755 682.793 0.753618 146.624 714.221 0.0668202 0 0 0 271.871 659.316 0.739714 301.312 714.201 0.083944 0 0 0 0 0 0 0 0 0 0 0 0 0 0 0 0 0 0 0 0 0 223.045 649.562 0.916024 242.688 643.646 0.875971 189.74 649.661 0.77222 0 0 0 0
0 111 208 238.681 665.17 0.952723 207.42 680.86 0.756243 148.678 694.516 0.70579 146.725 714.216 0.0893413 0 0 0 269.953 663.313 0.770054 299.356 714.201 0.100213 0 0 0 0 0 0 0 0 0 0 0 0 0 0 0 0 0 0 0 0 0 219.138 657.405 0.825939 242.559 647.661 0.976785 183.884 661.332 0.7912 0 0 0 0
0 111 209 236.709 667.233 0.866206 207.342 686.735 0.715348 146.762 696.555 0.671406 144.76 714.195 0.0918403 0 0 0 264.162 667.25 0.695371 299.349 714.203 0.0527024 0 0 0 0 0 0 0 0 0 0 0 0 0 0 0 0 0 0 0 0 0 217.208 663.229 0.883534 240.653 651.512 0.920899 180.101 665.142 0.857668 0 0 0 0
0 111 210 230.905 676.986 0.880394 207.354 692.597 0.703238 148.648 698.562 0.613847 140.849 714.2 0.0939736 0 0 0 264.1 675.028 0.688216 0 0 0 0 0 0 0 0 0 0 0 0 0 0 0 0 0 0 0 0 0 0 0 0 213.32 665.284 0.906371 238.688 659.37 0.865018 179.996 669.108 0.863891 0 0 0 0
0 111 211 228.989 680.87 0.947639 209.278 696.477 0.649836 148.743 714.146 0.56918 140.879 714.195 0.0678733 0 0 0 264.103 678.987 0.726282 0 0 0 0 0 0 0 0 0 0 0 0 0 0 0 0 0 0 0 0 0 0 0 0 213.311 674.99 0.87343 238.725 665.174 0.969448 180.065 678.865 0.871312 246.498 659.284 0.0649059 0
0 111 212 230.919 684.767 0.890564 209.298 698.464 0.553449 150.691 714.155 0.56863 135.089 714.202 0.0583479 0 0 0 262.197 682.792 0.672089 0 0 0 0 0 0 0 0 0 0 0 0 0 0 0 0 0 0 0 0 0 0 0 0 215.208 678.918 0.92938 240.578 667.199 0.944935 180.09 680.86 0.892128 244.62 663.277 0.0539019 0
0 111 213 230.91 692.602 0.922512 209.363 714.131 0.443078 156.497 714.166 0.531371 0 0 0 0 0 0 264.172 684.818 0.632223 287.59 714.207 0.055888 0 0 0 0 0 0 0 0 0 0 0 0 0 0 0 0 0 0 0 0 0 215.237 680.929 0.935913 240.605 676.95 0.92399 181.964 684.802 0.85328 246.583 669.126 0.0713978 0
0 111 214 238.637 696.515 0.982951 225.002 714.16 0.343091 162.355 714.185 0.339821 0 0 0 0 0 0 270.031 694.523 0.594649 285.655 714.213 0.0593833 0 0 0 0 0 0 0 0 0 0 0 0 0 0 0 0 0 0 0 0 0 217.178 692.534 0.897851 242.544 680.855 1.02135 185.893 696.559 0.801729 248.455 678.854 0.111695 0
0 111 215 240.562 702.398 0.862644 238.656 714.178 0.296243 164.384 714.19 0.1107 0 0 0 0 0 0 271.949 696.426 0.574295 0 0 0 0 0 0 0 0 0 0 0 0 0 0 0 0 0 0 0 0 0 0 0 0 222.971 694.618 0.925711 242.683 686.715 0.931404 185.908 696.606 0.819666 252.398 682.788 0.103388 0
0 111 216 0 0 0 242.632 714.198 0.227915 0 0 0 0 0 0 0 0 0 273.898 696.616 0.507246 0 0 0 0 0 0 0 0 0 0 0 0 0 0 0 0 0 0 0 0 0 0 0 0 0 0 0 0 0 0 0 0 0 256.356 684.792 0.134683 0
