2 111 58 1101.42 29.3633 0.888082 1103.56 48.8669 0.875784 1083.89 41.0722 0.804095 1056.52 54.8427 0.816647 1066.26 72.429 0.861592 1130.82 50.8576 0.860548 1134.81 84.1805 0.896926 1136.79 115.442 0.85679 1085.9 117.4 0.880109 1081.94 164.417 0.811809 1081.97 211.228 0.839659 1117.06 119.387 0.785953 1109.39 166.372 0.762892 1117.14 195.681 0.386595 1095.67 23.5348 0.896291 1103.51 23.5413 0.969541 1089.76 23.5965 0.195486 1117.13 23.5559 0.945217 0
2 111 59 1099.5 31.3023 0.874395 1103.51 48.8835 0.895862 1083.85 41.0635 0.803774 1054.64 58.6763 0.782831 1064.37 76.2738 0.832013 1126.99 50.8977 0.849575 1134.75 86.0645 0.894937 1136.73 117.358 0.873423 1085.83 117.432 0.865539 1076.14 164.337 0.819733 1083.83 209.431 0.859441 1115.14 121.309 0.767968 1107.36 168.302 0.779266 1117.15 193.741 0.359342 1091.79 23.5746 0.886143 1103.42 23.5644 0.970192 1087.96 25.4958 0.153785 1115.24 23.5736 0.914617 0
2 111 60 1097.57 33.285 0.865964 1103.4 50.8068 0.926465 1080.03 41.1267 0.770167 1054.61 56.7395 0.782755 1062.39 76.3451 0.833773 1123.06 52.8198 0.866643 1132.91 86.1842 0.866728 1134.9 117.446 0.877687 1083.94 119.347 0.822022 1074.16 164.422 0.826782 1083.85 211.254 0.857301 1111.32 125.205 0.760162 1105.45 176.015 0.857736 1105.43 209.324 0.277866 1089.86 25.4492 0.886263 1101.55 25.4393 0.946287 1087.85 23.6248 0.209462 1115.14 25.4244 0.866466 0
2 111 61 1091.77 35.2178 0.871112 1101.54 52.7202 0.958921 1078.02 45.014 0.762594 1054.5 58.7205 0.769005 1060.46 78.2813 0.820091 1121.11 52.8939 0.886041 1132.86 88.0434 0.868127 1134.85 117.456 0.881456 1083.88 119.348 0.829696 1074.18 166.329 0.841254 1083.85 211.229 0.831289 1109.34 125.214 0.751028 1101.59 174.074 0.865872 1103.5 209.359 0.589183 1087.89 27.3606 0.88797 1101.42 27.3633 0.893421 1087.72 25.5001 0.183256 1109.38 27.3862 0.805854 0
2 111 62 1089.82 37.109 0.915349 1101.43 52.9031 0.959571 1074.15 50.8452 0.829499 1050.66 64.5394 0.704078 1056.61 78.2732 0.79478 1119.22 54.8542 0.893022 1132.74 91.9406 0.816899 1134.79 119.338 0.866272 1081.93 119.399 0.797902 1074.16 166.269 0.83787 1080.03 211.294 0.801354 1105.49 127.125 0.765637 1099.58 170.199 0.804172 1099.58 211.38 0.684218 1087.79 29.3177 0.896702 1099.53 29.3663 0.871507 1085.83 29.3291 0.173581 1107.42 31.3199 0.796857 0
2 111 63 1089.78 37.205 0.955503 1099.53 52.8646 0.930408 1072.24 50.8041 0.845143 1046.77 64.548 0.680803 1056.53 82.171 0.825793 1119.13 54.859 0.90482 1128.94 90.0227 0.8305 1134.81 121.307 0.867712 1076.14 121.294 0.791712 1074.2 166.347 0.792226 1081.96 209.415 0.769542 1103.53 127.184 0.78906 1097.59 170.208 0.764208 1093.73 211.324 0.673776 1087.76 31.3178 0.911137 1099.51 33.2584 0.890974 1085.78 29.3578 0.196852 1107.4 35.1477 0.81473 0
2 111 64 1087.82 39.0858 1.00233 1095.68 54.7768 0.902666 1072.11 52.8293 0.883321 1044.76 66.4933 0.727384 1054.53 84.0524 0.857392 1119.05 56.7338 0.908035 1128.88 93.8879 0.839452 1134.72 125.181 0.85526 1076.06 123.299 0.81582 1074.15 172.156 0.805269 1078.09 213.256 0.770229 1103.53 129.112 0.813591 1091.79 176.017 0.7988 1091.76 221.076 0.698841 1085.84 35.182 0.918432 1093.7 35.2279 0.89113 1083.81 33.2761 0.154311 1103.55 35.2449 0.866151 0
2 111 65 1085.89 39.1827 0.984063 1091.71 54.8815 0.889103 1070.2 52.8487 0.857659 1040.98 66.5537 0.755992 1050.61 84.0481 0.793243 1117.1 58.7439 0.865969 1123.05 97.7587 0.849308 1132.84 127.13 0.855256 1072.26 129.152 0.842821 1074.16 177.981 0.815512 1076.11 219.125 0.734634 1101.5 131.129 0.843433 1087.91 178.056 0.899672 1087.77 226.907 0.739867 1083.9 37.0922 0.906875 1089.81 37.1524 0.928678 0 0 0 1103.46 37.1757 0.914714 0
2 111 66 1085.85 43.0264 0.928079 1087.92 58.7042 0.874351 1068.25 54.8197 0.814377 1040.81 68.5128 0.806303 1052.57 84.2063 0.849958 1115.22 64.5475 0.839804 1123.04 99.6823 0.875703 1132.7 129.11 0.873536 1072.24 131.151 0.889996 1074.16 179.964 0.82245 1078.03 225.039 0.748247 1101.52 133.049 0.840694 1087.92 180.045 0.882303 1085.86 230.843 0.692251 1081.96 39.0719 0.920504 1089.76 39.1015 0.930809 1074.15 39.0563 0.262383 1101.59 39.0846 0.915136 0
2 111 67 1085.76 46.9299 0.905328 1087.89 62.5781 0.886343 1068.27 56.7177 0.836401 1040.85 72.3538 0.707142 1042.84 84.1135 0.715404 1115.15 66.5254 0.847206 1121.15 99.7818 0.881554 1132.71 131.054 0.870716 1072.13 132.982 0.884995 1074.16 179.977 0.822153 1076.11 224.975 0.731583 1099.57 133.126 0.799258 1089.77 180.097 0.852314 1085.81 227.02 0.672473 1080.02 39.19 0.913272 1087.87 39.2254 0.948384 1074.11 39.1359 0.199739 1101.52 39.2023 0.921245 0
2 111 68 1083.85 50.8501 0.908699 1087.85 68.3959 0.937019 1068.22 60.6871 0.773519 1038.92 72.461 0.754803 1044.83 90.0376 0.77339 1113.25 70.4223 0.838756 1121.1 103.666 0.828438 1126.98 133.063 0.879459 1072.09 134.981 0.876002 1074.14 185.863 0.76372 1074.18 230.898 0.684158 1099.58 138.933 0.776302 1089.79 187.831 0.812842 1081.93 236.725 0.651929 1076.13 41.1477 0.884446 1087.76 43.0214 0.935673 1074.15 41.0896 0.132271 1101.47 41.164 0.879888 0
2 111 69 1081.95 52.8377 0.928743 1087.73 70.3767 0.952052 1062.38 66.4776 0.767565 1036.9 78.2282 0.669689 1042.86 97.7804 0.808627 1111.28 74.3199 0.798216 1119.21 107.629 0.822295 1126.93 135.005 0.838402 1070.17 136.951 0.839593 1074.1 191.666 0.706638 1074.19 236.723 0.597317 1097.57 142.86 0.774412 1085.93 191.719 0.844971 1085.86 197.868 0.0567151 1076.06 46.947 0.879822 1085.95 48.9022 0.92378 1072.18 43.0941 0.225908 1099.59 50.8072 0.835419 0
2 111 70 1080.01 52.9125 0.936903 1085.93 70.4981 0.954442 1060.48 68.4717 0.800455 1035 82.1172 0.662143 1040.95 99.7178 0.842561 1107.44 74.3803 0.81683 1119.19 111.515 0.849339 1125.03 140.864 0.82314 1070.15 142.784 0.840701 1074.1 195.602 0.737398 1072.28 242.546 0.606136 1095.66 146.631 0.797042 1085.92 195.648 0.88789 1072.18 246.516 0.728918 1074.16 48.9476 0.919613 1085.9 50.8444 0.947334 1072.1 50.8332 0.23018 1099.5 50.907 0.850387 0
2 111 71 1079.96 54.728 0.94561 1085.88 72.3666 0.946108 1058.53 70.382 0.831497 1031.1 84.0803 0.762169 1040.93 99.8318 0.90049 1107.42 76.2939 0.819619 1119.1 113.406 0.875758 1121.17 144.747 0.880328 1068.21 144.714 0.838168 1072.17 193.75 0.745395 1074.15 240.592 0.484981 1091.79 146.703 0.824541 1085.85 195.631 0.885124 1070.3 244.61 0.811513 1074.11 50.8679 0.95074 1085.86 50.8939 0.959795 1072.07 52.7787 0.284236 1097.59 52.7622 0.888945 0
2 111 72 1074.19 54.831 0.942113 1085.85 72.413 0.93662 1058.52 70.4128 0.820432 1031.12 84.1647 0.767633 1040.88 101.674 0.909322 1105.5 78.2728 0.822408 1119.07 113.461 0.896403 1121.12 146.656 0.892673 1064.35 144.726 0.824318 1070.2 193.748 0.73713 1074.21 240.555 0.427584 1089.85 146.763 0.830087 1085.8 195.649 0.85402 1070.29 244.616 0.832658 1072.18 52.7659 0.986665 1083.91 52.7935 0.94651 1070.27 52.7576 0.120606 1095.62 52.8496 0.865615 0
2 111 73 1074.13 56.7067 0.946679 1085.79 74.3786 0.904781 1058.46 70.5012 0.816647 1029.17 84.2069 0.763684 1038.99 101.826 0.880347 1105.44 82.1496 0.847392 1117.2 115.431 0.915414 1119.24 146.775 0.925333 1060.46 146.634 0.846834 1058.5 191.758 0.704452 1074.16 234.759 0.339253 1089.76 148.696 0.830025 1081.91 195.703 0.843964 1070.23 246.499 0.877522 1072.11 52.8373 1.01558 1083.87 52.8668 0.947433 1070.21 52.7682 0.1113 1093.68 52.9056 0.865574 0
2 111 74 1074.12 56.7433 0.9263 1083.87 76.2938 0.858132 1054.62 72.3571 0.839534 1029.14 88.0139 0.711102 1038.85 105.639 0.836579 1103.54 82.1746 0.863889 1117.11 115.472 0.899201 1119.08 146.792 0.937206 1060.41 146.787 0.876623 1056.53 193.732 0.832571 1070.29 232.815 0.4649 1089.83 150.621 0.814877 1081.97 195.752 0.847849 1070.25 246.502 0.890191 1072.11 52.8583 1.00245 1083.87 52.9031 0.933935 1070.16 52.7875 0.178757 1091.75 54.7189 0.860524 0
2 111 75 1072.25 56.8225 0.938187 1081.97 74.3942 0.838706 1054.61 70.5391 0.84411 1029.13 88.0573 0.710592 1036.95 103.673 0.840888 1103.46 82.1298 0.87031 1115.18 115.438 0.886161 1117.18 146.802 0.918367 1058.56 146.709 0.876658 1054.58 193.64 0.860162 1066.3 224.96 0.580238 1089.79 148.734 0.84667 1081.97 195.691 0.881208 1070.3 244.562 0.893771 1070.26 54.694 1.0084 1081.92 54.73 0.915981 1068.3 52.8289 0.196756 1089.8 54.7326 0.878984 0
2 111 76 1072.14 58.7287 0.932361 1081.91 76.2856 0.83221 1054.62 72.3583 0.842249 1029.13 88.0713 0.679388 1035 105.671 0.723171 1103.41 82.1588 0.882363 1113.24 115.448 0.869197 1115.23 146.815 0.919563 1058.46 146.813 0.918205 1046.74 193.673 0.835228 1060.45 224.947 0.673904 1087.93 150.686 0.813516 1081.97 199.576 0.823622 1070.28 244.603 0.812983 1070.15 54.7577 0.969235 1078.01 54.7915 0.906032 1066.34 52.7793 0.129464 1087.91 54.7344 0.90569 0
2 111 77 1070.25 60.6902 0.915531 1076.06 78.2569 0.841827 1052.62 72.3902 0.813394 1027.17 90 0.707509 1033.07 107.634 0.744872 1101.52 84.0317 0.908765 1111.28 115.492 0.864844 1113.3 148.658 0.891467 1056.55 148.755 0.924872 1044.8 197.581 0.857766 1062.41 228.96 0.650114 1087.83 154.567 0.793989 1081.93 203.456 0.792643 1072.12 244.611 0.744464 1068.23 54.8098 0.939305 1074.16 54.8707 0.917267 1064.32 52.8208 0.141031 1087.81 54.8164 0.934283 0
2 111 78 1070.13 66.4942 0.93243 1074.16 82.0998 0.872382 1052.62 72.461 0.78668 1025.32 86.0511 0.768083 1031.08 105.624 0.827137 1101.47 84.1534 0.931218 1109.35 117.386 0.845191 1111.27 148.693 0.903369 1056.44 148.791 0.919969 1042.85 195.742 0.844565 1054.63 236.705 0.744383 1085.9 156.499 0.811795 1078.08 203.465 0.816003 1072.1 246.543 0.820506 1066.26 56.7699 0.891797 1072.24 58.6703 0.917245 1062.35 54.7362 0.116201 1085.93 56.7129 0.903198 0
2 111 79 1068.3 68.41 0.95084 1072.28 82.164 0.911901 1052.6 74.346 0.799804 1025.3 86.1461 0.770016 1027.24 105.662 0.799317 1099.57 86.0038 0.9194 1105.52 119.348 0.829773 1107.41 150.628 0.911643 1054.56 150.674 0.887742 1040.97 197.672 0.887708 1046.75 240.648 0.811252 1085.79 158.464 0.825959 1078.04 205.465 0.829144 1070.27 248.469 0.836102 1064.34 58.7179 0.872451 1072.2 60.6895 0.916629 1056.66 54.7924 0.202021 1085.86 58.7094 0.860095 0
2 111 80 1066.32 68.5419 0.944808 1072.16 84.1482 0.962478 1048.68 78.2718 0.767573 1025.19 91.9285 0.72288 1025.27 113.45 0.787069 1099.49 86.1887 0.882921 1105.44 123.235 0.822659 1105.49 150.733 0.907965 1052.6 152.58 0.843657 1040.88 203.478 0.908886 1040.81 250.41 0.873946 1083.86 160.363 0.808387 1076.11 207.374 0.859441 1070.26 250.414 0.87901 1060.42 64.5175 0.886876 1072.08 66.48 0.946943 1056.58 54.8219 0.205278 1085.78 64.5677 0.842305 0
2 111 81 1062.39 70.4557 0.929338 1070.31 86.0861 0.965638 1044.82 82.1883 0.789716 1025.15 91.9818 0.719596 1025.26 115.412 0.788249 1095.66 90.0256 0.839047 1103.59 127.189 0.84475 1103.57 156.508 0.890995 1050.65 156.51 0.824027 1038.95 209.262 0.946491 1036.97 256.262 0.892509 1079.99 162.334 0.816355 1072.29 209.348 0.898348 1070.27 254.307 0.869996 1058.44 66.551 0.949485 1070.2 68.4183 0.968747 1056.54 56.7363 0.131823 1083.88 68.3689 0.876444 0
2 111 82 1058.53 72.4287 0.915306 1070.17 88.0107 0.926634 1042.83 84.1609 0.838577 1021.31 97.7872 0.723556 1025.17 115.473 0.787555 1089.84 93.9306 0.837501 1103.46 129.062 0.854128 1103.4 158.449 0.890566 1046.71 160.455 0.839732 1038.92 211.277 0.954385 1027.2 260.233 0.887261 1076.11 164.266 0.806346 1072.29 211.326 0.893575 1072.17 256.226 0.871063 1056.52 68.5399 0.970491 1068.25 68.5747 0.937065 1054.59 64.5641 0.111056 1078.08 68.5368 0.82567 0
2 111 83 1056.51 74.3843 0.926828 1066.29 88.122 0.850555 1038.97 86.1389 0.855357 1021.27 101.694 0.603151 1025.14 121.351 0.722846 1087.78 95.8692 0.892183 1099.58 130.982 0.844336 1101.45 160.411 0.881202 1042.86 162.381 0.883296 1038.8 211.352 0.908398 1025.22 262.216 0.902429 1074.14 164.364 0.821627 1072.18 213.238 0.905994 1070.3 256.282 0.85629 1054.51 70.409 0.940154 1062.38 70.4277 0.908432 1052.63 66.5015 0.0813761 1074.11 68.5615 0.868405 0
2 111 84 1054.52 80.1907 0.904982 1058.51 95.8794 0.870348 1034.98 91.9963 0.812385 1023.28 129.056 0.579408 1021.28 131.089 0.600933 1085.88 97.8616 0.925408 1095.68 131.082 0.833669 1097.6 162.366 0.876973 1040.83 164.403 0.921823 1033.01 219.127 0.840215 1025.14 271.951 0.951174 1072.17 166.36 0.812388 1072.16 215.193 0.863422 1072.13 256.309 0.83174 1050.65 70.5296 0.901392 1056.63 72.3577 0.923826 1044.81 68.5348 0.110443 1072.1 70.4592 0.919474 0
2 111 85 1052.56 82.203 0.900301 1056.53 97.7503 0.921485 1031.08 91.9506 0.77914 1013.51 113.489 0.50572 1019.35 131.019 0.598488 1083.87 99.7617 0.904778 1089.75 133 0.825209 1089.84 162.423 0.894077 1038.86 166.351 0.88547 1027.23 223.058 0.892653 1023.29 273.904 0.9397 1070.23 170.222 0.813174 1072.19 217.175 0.861441 1074.13 256.338 0.820628 1044.84 74.3225 0.872687 1056.48 74.3324 0.922048 1040.88 70.3501 0.21016 1070.16 70.5508 0.906491 0
2 111 86 1046.74 84.0548 0.88941 1054.53 99.7463 0.960586 1025.28 97.8515 0.847711 1009.57 119.351 0.614111 1011.54 135.065 0.645395 1076.1 99.8749 0.892997 1087.86 132.989 0.860851 1089.77 162.458 0.940703 1036.91 170.247 0.851554 1025.21 224.896 0.919036 1023.27 273.963 0.930449 1068.24 174.108 0.814696 1072.18 217.199 0.834847 1074.19 258.202 0.814587 1040.97 74.3917 0.897384 1054.52 76.3142 0.88598 1040.75 70.4467 0.227896 1066.34 74.3981 0.798778 0
2 111 87 1042.82 84.1965 0.950598 1050.66 99.8644 0.923141 1023.25 99.7584 0.870483 1007.56 121.312 0.592759 1009.63 140.888 0.617743 1072.27 101.793 0.917026 1085.91 135.051 0.843882 1087.8 164.309 0.950407 1027.14 176.02 0.836218 1023.2 226.918 0.884588 1023.18 275.895 0.888334 1060.48 177.94 0.80306 1072.13 221.097 0.854479 1074.11 260.255 0.791517 1040.79 80.1945 0.900589 1052.53 82.0968 0.877355 1038.81 72.3634 0.164787 1060.45 80.1745 0.747603 0
2 111 88 1040.81 86.0034 0.980489 1046.77 99.8106 0.901066 1023.25 97.8455 0.851499 1001.71 115.402 0.657613 1003.73 133.05 0.715202 1072.12 101.787 0.949726 1083.9 138.882 0.796609 1085.77 164.4 0.88142 1023.32 174.143 0.855348 1021.32 226.965 0.861667 1023.23 275.914 0.870587 1056.5 177.969 0.858488 1070.17 221.081 0.824903 1074.19 258.239 0.636113 1036.98 80.2519 0.876917 1044.79 82.1338 0.882916 1034.95 72.4359 0.10269 1056.59 78.2574 0.803505 0
2 111 89 1038.85 86.0247 0.966796 1042.91 99.8582 0.91069 1023.22 97.7931 0.822827 997.813 113.457 0.679938 999.782 133.063 0.722927 1070.16 103.671 0.905814 1078.08 140.869 0.774301 1078.07 166.338 0.82639 1023.33 176.104 0.860075 1021.25 227.002 0.853519 1023.26 275.91 0.893866 1054.61 178.107 0.878143 1056.56 226.878 0.832735 1070.16 262.178 0.608215 1033.08 82.117 0.863906 1040.94 82.1675 0.914293 1029.11 72.3917 0.118289 1054.65 80.1659 0.847816 0
2 111 90 1034.97 86.0577 0.927527 1040.89 101.697 0.95154 1019.32 97.8308 0.777578 993.974 113.49 0.755426 997.871 133.093 0.826528 1066.33 103.733 0.879091 1074.17 142.81 0.798501 1074.16 168.227 0.868431 1023.2 177.95 0.849828 1019.31 227.02 0.823892 1023.22 275.925 0.871185 1054.49 178.089 0.849978 1054.56 226.886 0.812106 1068.2 267.991 0.692222 1027.24 82.1751 0.897505 1038.96 82.2064 0.940699 1025.34 72.4211 0.100671 1054.45 82.096 0.831218 0
2 111 91 1029.1 86.1979 0.88913 1038.95 101.759 0.951951 1011.6 99.8018 0.797459 992.019 111.548 0.747452 994.012 133.067 0.887771 1062.38 103.754 0.84272 1072.16 142.786 0.829213 1072.22 166.338 0.875128 1019.31 178.116 0.828406 1015.41 230.851 0.823754 1023.18 277.846 0.888325 1048.68 180.05 0.809185 1042.85 230.916 0.79543 1056.46 273.842 0.748711 1025.22 84.1224 0.917655 1036.96 84.1244 0.920274 0 0 0 1050.62 82.1762 0.813542 0
2 111 92 1025.32 88.0334 0.928506 1038.83 101.819 0.932294 1009.63 101.665 0.850903 988.031 115.413 0.754414 992.01 134.985 0.884472 1058.54 105.673 0.830301 1070.28 142.845 0.848473 1070.22 168.248 0.822987 1013.5 179.991 0.8346 1011.57 228.953 0.839951 1023.17 275.849 0.927461 1044.79 181.935 0.810843 1040.86 232.799 0.817721 1042.84 277.791 0.647485 1023.31 84.1312 0.95206 1035.01 84.1603 0.921582 1023.24 74.3774 0.0798145 1046.71 84.0753 0.815005 0
2 111 93 1023.31 88.0965 0.950834 1036.92 103.658 0.901424 1009.55 101.689 0.860439 980.278 115.524 0.859193 991.855 135.064 0.897394 1056.59 107.639 0.856068 1070.17 144.712 0.86617 1066.33 170.215 0.784725 1011.56 180.042 0.852027 1011.56 230.841 0.839031 1023.18 275.899 0.906899 1042.85 181.951 0.824179 1040.89 228.941 0.823823 1044.77 273.955 0.770724 1021.26 84.1914 0.907406 1029.1 84.2231 0.927645 0 0 0 1042.81 84.0936 0.89146 0
2 111 94 1023.2 90.0184 0.924912 1031.1 103.701 0.865058 1007.67 101.708 0.890828 980.206 117.449 0.85236 988.041 136.93 0.800457 1054.62 109.536 0.869339 1068.21 144.719 0.825971 1062.39 168.29 0.788314 1009.67 180.078 0.854276 1011.57 232.803 0.784346 1023.32 277.817 0.848407 1040.92 182.027 0.828672 1034.96 232.826 0.784204 1033.02 285.619 0.747871 1019.31 86.0642 0.88996 1025.3 86.0712 0.947573 0 0 0 1040.78 84.2156 0.924325 0
2 111 95 1021.27 95.8628 0.900067 1027.23 105.643 0.870192 1007.53 101.789 0.880425 978.301 127.153 0.81426 982.19 142.782 0.764217 1054.55 111.54 0.8792 1066.27 144.796 0.819056 1058.53 168.283 0.794838 1009.56 182.026 0.823683 1011.59 238.692 0.774492 1023.23 285.631 0.763643 1038.96 187.797 0.813558 1025.23 238.723 0.757894 1025.16 287.546 0.692506 1015.41 86.1969 0.879793 1025.21 88.0101 0.938886 0 0 0 1038.92 86.0552 0.931878 0
2 111 96 1017.38 97.8397 0.893969 1025.29 105.698 0.894413 1005.66 101.785 0.878125 978.328 127.174 0.810628 978.329 140.894 0.881615 1052.6 113.464 0.867266 1058.5 146.675 0.82952 1054.63 168.239 0.855763 1007.59 185.833 0.806399 1011.51 240.676 0.851554 1011.48 289.646 0.8653 1036.97 189.742 0.802871 1035.02 238.657 0.633323 1023.31 285.602 0.445229 1011.53 88.1107 0.854698 1023.26 89.9937 0.914293 0 0 0 1036.99 86.1512 0.890455 0
2 111 97 1013.48 99.7105 0.900245 1023.31 111.482 0.919764 1001.71 103.735 0.828129 978.228 131.11 0.888556 978.314 146.717 0.907135 1044.82 115.409 0.845297 1054.63 146.652 0.803462 1052.59 166.332 0.811298 1005.61 187.819 0.797866 1009.62 240.711 0.766038 1009.57 291.534 0.619626 1029.12 191.703 0.799997 1023.25 240.683 0.758801 1011.51 293.464 0.656298 1009.61 90.0452 0.86093 1021.34 91.9847 0.869192 1009.46 86.0128 0.114875 1034.97 89.9914 0.763627 0
2 111 98 1009.58 101.741 0.971653 1023.17 115.394 0.934495 995.907 111.545 0.850069 976.268 136.979 0.862339 980.225 154.559 0.834305 1040.97 117.456 0.880187 1048.66 152.604 0.697093 1042.9 176.051 0.814774 1003.64 191.675 0.764776 1017.4 240.639 0.472526 1023.22 279.81 0.594984 1025.19 193.643 0.837555 1011.54 244.554 0.777176 995.854 303.145 0.794739 1007.58 97.8412 0.896524 1015.47 99.6764 0.912938 0 0 0 1027.21 97.7464 0.806647 0
2 111 99 1007.59 103.707 0.956684 1019.38 117.34 0.912975 993.95 113.511 0.90932 976.354 144.788 0.871144 980.243 158.464 0.865427 1040.87 123.258 0.857531 1042.86 160.44 0.731077 1040.91 178.033 0.927411 993.937 193.648 0.790228 1005.59 242.583 0.371788 1021.28 275.858 0.337996 1023.18 195.687 0.785339 1007.64 248.458 0.76483 993.848 303.327 0.832429 1003.71 99.8102 0.890909 1011.54 99.8401 0.953627 0 0 0 1025.27 99.7078 0.91305 0
2 111 100 1007.53 105.703 0.917343 1013.51 119.336 0.884463 992 115.51 0.942331 976.247 148.619 0.909739 980.297 162.404 0.929051 1038.95 129.049 0.875255 1040.96 162.425 0.767457 1040.81 179.92 0.966016 992.034 193.708 0.812661 1003.7 244.564 0.453252 1019.35 277.854 0.388148 1021.26 195.697 0.787873 1007.57 248.487 0.68756 991.883 305.311 0.734641 1001.72 101.728 0.917013 1009.66 101.73 0.968649 999.753 93.8857 0.0907127 1025.14 99.7948 0.961416 0
2 111 101 1001.74 111.487 0.877466 1011.49 121.344 0.88131 989.958 117.487 0.889978 976.189 154.574 0.844608 986.11 166.375 0.832778 1038.91 129.135 0.897291 1042.82 164.402 0.7977 1038.89 180.042 0.94031 990.013 195.714 0.779877 997.87 244.536 0.43133 1015.43 281.748 0.581295 1015.41 203.441 0.737868 1001.71 250.452 0.728367 988.049 309.118 0.694892 995.862 101.821 0.941926 1007.66 101.804 0.972588 0 0 0 1023.17 99.8461 0.981957 0
2 111 102 997.814 111.517 0.877845 1009.51 123.279 0.901428 984.143 119.329 0.861955 976.201 160.419 0.810521 984.127 178.039 0.839159 1034.97 131.004 0.830614 1038.97 164.378 0.77751 1036.89 180.087 0.860118 989.966 199.584 0.768413 993.941 254.379 0.606602 1009.53 285.639 0.418958 1011.6 207.322 0.768201 1005.63 254.337 0.642367 1007.51 289.577 0.343027 993.936 101.816 0.942895 1007.53 101.833 0.941724 0 0 0 1021.26 101.752 0.911499 0
2 111 103 994.017 113.406 0.921995 1007.6 129.049 0.907073 980.289 121.309 0.861667 974.298 160.407 0.824753 986.062 178.051 0.818518 1029.1 131.151 0.875502 1038.85 168.273 0.763646 1029.13 182.001 0.792142 982.187 195.658 0.778531 982.153 242.635 0.51031 1005.59 275.876 0.257294 1009.59 199.566 0.767594 991.924 242.671 0.532109 984.127 311.077 0.444823 992.02 103.665 0.931248 1003.69 103.704 0.893389 0 0 0 1015.43 101.846 0.82699 0
2 111 104 991.991 113.472 0.949546 1003.67 129.148 0.882791 978.181 125.23 0.905391 966.555 164.287 0.856555 984.123 180.024 0.846563 1025.25 131.156 0.915166 1033.01 168.263 0.798414 1025.18 187.79 0.880943 978.328 201.515 0.82739 978.275 254.328 0.742598 991.999 299.333 0.308721 1009.59 207.356 0.816328 1007.66 256.235 0.730408 980.303 314.982 0.691431 989.965 103.732 0.879758 995.929 103.746 0.891548 0 0 0 1009.65 103.696 0.886233 0
2 111 105 990.037 115.351 0.936885 997.87 131.004 0.890101 976.266 125.237 0.888875 962.663 164.453 0.893674 980.195 185.856 0.792691 1025.13 133.011 0.89233 1029.16 170.254 0.756403 1021.26 191.726 0.876044 976.313 207.361 0.854676 970.436 256.315 0.738745 980.267 271.906 0.267201 1005.69 209.378 0.809305 993.971 258.237 0.822602 982.149 318.831 0.804145 986.074 105.643 0.852062 993.983 105.668 0.901183 0 0 0 1009.51 103.769 0.883512 0
2 111 106 986.086 115.326 0.86633 994.008 131.089 0.919565 972.405 125.245 0.843657 962.621 164.404 0.857524 978.307 191.76 0.81077 1023.18 135 0.838021 1025.24 174.152 0.78776 1013.48 193.669 0.837179 972.348 207.356 0.77864 960.695 254.371 0.692961 960.626 260.21 0.247288 999.798 211.238 0.763174 991.956 256.341 0.854396 982.175 316.971 0.812684 980.215 103.752 0.873139 992.009 105.638 0.912858 0 0 0 1007.6 103.735 0.884402 0
2 111 107 982.165 115.342 0.884003 993.827 131.15 0.938368 966.56 127.187 0.826638 962.547 166.295 0.800761 976.346 193.652 0.835327 1019.32 135.039 0.817838 1023.26 177.953 0.81122 1007.65 193.707 0.862938 966.517 207.397 0.773565 960.562 256.354 0.718189 962.668 273.987 0.297133 997.81 211.241 0.763361 989.967 258.248 0.763321 982.152 316.982 0.792053 978.27 103.762 0.902146 991.883 105.692 0.89315 0 0 0 1005.67 107.605 0.826731 0
2 111 108 978.298 115.456 0.946902 991.933 131.162 0.942793 964.617 127.194 0.841548 960.552 162.417 0.863702 974.373 191.765 0.857027 1011.6 135.03 0.842843 1023.24 177.935 0.844635 1007.67 193.646 0.879435 962.711 209.33 0.825838 954.793 258.306 0.661908 976.214 303.258 0.634114 994.006 211.358 0.795955 980.275 260.187 0.775132 982.147 318.804 0.770768 976.329 109.542 0.879971 986.105 111.523 0.870207 0 0 0 999.762 111.516 0.826165 0
2 111 109 976.282 117.367 0.989754 988.046 133.048 0.885977 962.558 131.026 0.907381 956.739 164.363 0.787787 974.321 193.694 0.867023 1009.58 136.942 0.853893 1021.25 178.021 0.833605 1007.5 193.678 0.899116 962.62 209.403 0.833138 960.671 260.265 0.786922 968.453 307.152 0.760402 993.897 211.364 0.801398 988.015 262.194 0.698282 986.074 316.911 0.722504 972.412 113.475 0.863406 980.195 113.495 0.905715 0 0 0 993.931 113.435 0.850625 0
2 111 110 972.397 117.472 0.930114 980.263 135.04 0.865683 960.562 133.043 0.906147 948.951 172.149 0.782646 966.494 195.707 0.804017 1007.58 142.788 0.847139 1013.51 179.952 0.847302 999.774 195.597 0.881223 960.71 211.238 0.821948 952.861 262.207 0.72959 956.724 316.887 0.732848 991.97 211.345 0.791027 989.928 264.134 0.733038 982.169 318.901 0.804979 964.627 115.376 0.924932 978.182 115.391 0.976885 0 0 0 992.001 115.408 0.938592 0
2 111 111 966.535 119.398 0.89882 978.235 138.926 0.897858 954.813 135.029 0.845715 946.942 172.2 0.803827 960.549 195.71 0.848702 1003.73 144.791 0.844609 1009.63 181.918 0.854674 993.944 195.689 0.944181 958.632 211.332 0.77437 944.977 260.274 0.758483 935.193 320.814 0.746939 988.025 215.201 0.746673 982.217 262.179 0.740622 980.278 318.949 0.821932 962.64 115.491 1.00251 976.244 115.491 0.969385 0 0 0 989.988 115.499 0.910169 0
2 111 112 962.588 127.168 0.924272 976.273 142.818 0.890361 948.909 136.954 0.870111 945.024 176.024 0.851564 958.708 199.57 0.90233 997.824 146.705 0.860179 1007.63 182.001 0.826537 991.924 197.695 0.854056 950.878 213.316 0.739643 935.186 268.004 0.70991 929.307 328.696 0.795021 982.204 219.152 0.754876 980.213 266.118 0.76667 980.286 318.957 0.860788 960.599 117.485 0.890808 968.454 117.496 0.888022 0 0 0 980.293 117.424 0.844611 0
2 111 113 960.555 129.162 0.918159 970.414 146.697 0.894446 945.049 142.827 0.903314 939.101 178.094 0.798349 954.763 207.358 0.824043 993.875 148.664 0.922072 999.808 189.751 0.791331 986.064 205.462 0.808892 947.06 221.079 0.761734 935.198 273.914 0.798979 921.529 334.548 0.821235 980.189 224.919 0.805723 980.249 270.032 0.739139 980.233 318.892 0.851485 956.694 119.43 0.836521 962.68 121.283 0.898535 0 0 0 978.252 119.379 0.898118 0
2 111 114 956.686 131.095 0.90324 964.559 148.671 0.930924 943.047 144.806 0.886946 931.353 179.917 0.88615 944.96 209.27 0.897933 991.881 152.62 0.838934 997.822 193.654 0.840115 980.24 209.24 0.874849 944.91 223.065 0.803874 929.341 275.89 0.802633 915.643 336.528 0.875556 976.241 226.887 0.854367 976.295 273.882 0.786412 978.359 318.855 0.859485 948.959 123.288 0.848823 960.707 125.236 0.90635 0 0 0 976.3 125.237 0.847905 0
2 111 115 947.028 133.07 0.951669 960.715 152.573 0.924653 937.19 148.709 0.860482 929.407 180.069 0.822568 941.101 207.423 0.829205 984.095 158.49 0.82861 991.942 193.75 0.843132 978.226 209.376 0.920591 933.329 224.996 0.803246 925.415 281.747 0.736227 913.745 340.45 0.807059 964.65 226.933 0.815462 976.328 271.908 0.768214 978.272 316.968 0.853797 945.074 130.982 0.917473 956.724 131.001 0.907987 0 0 0 972.341 131.025 0.867015 0
2 111 116 944.94 135.004 0.948746 958.669 154.589 0.850327 933.227 150.657 0.880715 927.38 185.896 0.838694 937.185 209.36 0.863041 978.24 160.461 0.884494 984.093 197.57 0.776471 970.436 211.377 0.799105 933.264 226.965 0.776328 917.648 285.621 0.745009 913.696 348.207 0.837358 964.634 228.908 0.756628 976.379 271.943 0.688431 978.219 318.868 0.82806 941.066 131.136 0.845746 947.052 131.134 0.973304 0 0 0 962.675 131.139 0.930041 0
2 111 117 937.152 136.969 0.874838 948.941 160.399 0.893063 929.355 154.583 0.904498 917.635 191.738 0.888284 931.33 209.297 0.869177 974.367 162.427 0.883796 980.27 201.529 0.799716 962.674 213.283 0.878419 929.421 226.97 0.824668 915.688 287.625 0.769649 907.807 350.292 0.796629 960.74 228.941 0.76924 964.584 273.932 0.710738 976.364 318.883 0.859254 931.411 132.985 0.924141 944.983 132.972 0.976041 0 0 0 960.604 133.024 0.961712 0
2 111 118 931.341 142.844 0.925581 945.078 162.347 0.943064 925.441 158.498 0.843017 913.771 193.645 0.878169 927.324 211.26 0.823413 964.612 164.326 0.892207 976.217 203.5 0.819599 960.611 221.069 0.833312 921.506 230.88 0.735416 913.614 289.547 0.750462 909.763 352.124 0.801827 948.969 236.73 0.789252 954.753 281.73 0.65006 976.224 318.863 0.802599 929.362 133.14 0.913659 939.152 133.151 0.889542 0 0 0 956.709 133.138 0.8772 0
2 111 119 929.251 142.842 0.91515 942.97 162.414 0.904103 915.69 160.425 0.899572 909.774 193.74 0.832111 915.723 211.344 0.856749 962.591 164.37 0.92508 974.293 207.343 0.84142 956.717 224.901 0.848899 915.693 236.717 0.802562 909.73 291.548 0.731606 909.755 352.185 0.808336 946.944 240.546 0.835962 946.894 287.533 0.685495 968.459 318.906 0.732272 925.386 134.985 0.84742 931.38 134.978 0.950178 0 0 0 946.998 135.016 0.909396 0
2 111 120 921.542 144.703 0.877427 935.257 162.474 0.901339 913.767 162.297 0.932532 901.922 195.587 0.864206 911.698 211.306 0.845874 960.631 164.459 0.873209 966.518 207.42 0.816211 950.91 224.927 0.868409 913.721 238.696 0.804985 902.026 293.511 0.745046 909.775 352.217 0.825262 943.048 240.661 0.816424 943.036 287.543 0.661164 962.603 320.81 0.788207 917.624 134.984 0.856625 929.359 134.985 0.940568 0 0 0 945.021 135.068 0.907873 0
2 111 121 915.741 144.806 0.947885 931.37 164.343 0.926534 911.724 162.328 0.893239 898.062 193.675 0.889012 901.963 209.409 0.88919 956.76 168.275 0.829358 962.711 209.293 0.857662 950.853 224.984 0.908636 909.745 240.676 0.791748 899.987 299.313 0.81769 907.857 352.239 0.846236 935.213 242.666 0.794258 931.279 293.447 0.60168 946.952 318.886 0.488664 913.775 135.067 0.874663 925.446 136.927 0.876612 0 0 0 943.008 136.955 0.858981 0
2 111 122 913.748 146.708 0.968047 929.343 164.361 0.937529 903.924 162.327 0.858115 896.087 193.635 0.806289 898.019 209.406 0.873847 948.929 168.239 0.847184 960.681 209.342 0.867127 946.952 225.077 0.909768 901.962 242.588 0.793593 897.958 303.165 0.786875 907.854 352.24 0.816459 931.309 244.609 0.790973 925.402 297.368 0.496998 944.897 322.842 0.524511 911.747 138.903 0.842743 919.548 140.839 0.876483 0 0 0 935.183 140.865 0.824326 0
2 111 123 911.677 146.772 0.94875 925.461 164.4 0.906469 899.971 162.351 0.920702 886.394 193.683 0.809818 892.189 209.409 0.838745 946.957 168.305 0.865857 960.547 209.427 0.886743 944.965 226.936 0.951096 899.975 242.696 0.832226 897.998 301.312 0.793362 907.854 352.128 0.822717 929.347 246.538 0.766805 923.455 299.38 0.671517 931.39 344.326 0.747895 905.843 140.835 0.83815 915.643 142.789 0.912587 0 0 0 931.324 144.702 0.899318 0
2 111 124 903.936 148.714 0.920124 919.568 166.33 0.866152 898.009 164.332 0.896875 884.311 195.661 0.837351 884.388 211.274 0.899576 945.009 172.175 0.867482 954.744 211.35 0.856438 941.046 227.046 0.898001 897.95 246.563 0.797679 886.331 305.153 0.695757 905.855 352.158 0.676481 925.425 254.325 0.748366 911.744 303.322 0.723313 923.5 352.209 0.698166 900.072 144.764 0.905114 913.673 146.632 0.949826 0 0 0 929.37 144.822 0.942981 0
2 111 125 900.054 150.631 0.942309 915.735 172.152 0.881741 896.095 164.426 0.843362 882.412 195.671 0.724721 882.311 211.282 0.900235 941.084 177.985 0.88596 947.066 215.232 0.818789 933.281 228.992 0.873806 892.137 250.451 0.742029 882.417 305.196 0.650537 905.875 352.15 0.47883 915.709 256.281 0.803885 896.062 305.302 0.683221 909.815 361.928 0.683389 898.112 146.687 0.922419 909.806 146.749 0.935361 0 0 0 927.378 146.705 0.926596 0
2 111 126 897.977 150.682 0.93573 913.669 176.05 0.92127 886.373 170.185 0.808912 876.486 197.637 0.735571 876.524 213.227 0.826178 933.257 178.07 0.918051 945.043 217.165 0.83551 931.268 230.907 0.875931 884.402 252.388 0.766761 872.632 305.263 0.444765 900.025 354.156 0.428137 913.712 258.188 0.793128 882.45 309.166 0.665597 899.97 365.854 0.66245 894.13 146.777 0.842229 901.918 146.813 0.971187 0 0 0 917.618 146.828 0.90165 0
2 111 127 894.098 158.494 0.870996 909.762 177.986 0.89259 882.464 172.192 0.885149 868.72 205.43 0.823021 866.782 217.205 0.853505 931.307 179.955 0.937215 943.011 221.054 0.832802 927.375 238.697 0.859987 882.354 250.42 0.803147 853.052 273.919 0.620721 902.016 346.277 0.298497 911.734 256.361 0.821699 882.407 303.216 0.728044 896.034 365.842 0.638048 888.256 148.792 0.895782 899.941 150.63 0.952147 0 0 0 915.613 150.616 0.931074 0
2 111 128 886.373 160.437 0.894743 900.103 179.919 0.934945 878.505 176.059 0.85231 866.704 209.303 0.74597 864.749 223.014 0.794372 929.279 181.979 0.879675 937.147 223.069 0.819185 921.528 240.61 0.905566 870.655 256.296 0.775288 851.071 277.81 0.409347 905.87 348.258 0.389237 901.948 262.185 0.760728 882.369 318.925 0.609115 872.662 381.527 0.667783 884.393 150.645 0.916762 897.967 152.593 0.910294 0 0 0 913.649 152.593 0.870844 0
2 111 129 884.341 164.292 0.956273 899.919 181.957 0.95046 874.578 178.086 0.870216 864.747 209.347 0.74571 858.924 223.058 0.794284 923.478 189.732 0.835169 931.361 226.926 0.869839 915.685 242.583 0.985047 868.781 256.367 0.843975 835.44 277.846 0.604274 819.773 334.522 0.425986 900.019 267.997 0.804457 882.376 320.848 0.732996 868.724 383.557 0.785751 882.416 158.473 0.884395 894.095 160.442 0.889537 0 0 0 909.749 160.432 0.823191 0
2 111 130 882.286 164.372 0.977134 897.979 183.948 0.909684 872.578 179.965 0.84948 858.954 211.312 0.7403 851.123 226.927 0.865063 915.759 191.771 0.880226 929.253 228.982 0.841307 913.618 250.401 0.867203 864.813 258.303 0.785429 833.491 279.766 0.576293 817.823 334.506 0.409772 892.206 271.893 0.779903 872.601 322.873 0.487006 900.055 352.225 0.434395 878.443 160.409 0.832798 884.45 162.32 0.962543 0 0 0 901.998 162.361 0.889065 0
2 111 131 874.595 166.361 0.892327 892.138 189.771 0.843866 868.644 181.938 0.901106 855.056 211.315 0.69092 849.165 226.914 0.86611 913.71 193.741 0.922159 923.478 232.826 0.811583 907.82 254.269 0.836824 864.706 266.062 0.724864 852.986 318.947 0.375139 890.2 352.239 0.225956 888.29 271.998 0.777007 882.324 322.865 0.611173 866.809 391.333 0.610045 870.684 162.408 0.917232 882.454 164.259 0.994309 0 0 0 898.128 164.3 0.946843 0
2 111 132 870.648 170.194 0.897427 884.441 191.732 0.920131 864.801 182.022 0.871616 852.998 211.368 0.737589 841.325 227.017 0.860754 911.706 195.636 0.894764 917.624 234.811 0.836608 901.954 256.251 0.920509 856.969 266.094 0.752474 851.068 314.965 0.510932 880.424 354.129 0.233483 884.427 271.99 0.827567 876.49 320.909 0.613871 868.628 389.365 0.571692 868.701 164.277 0.958954 880.469 164.382 0.94074 0 0 0 896.121 164.455 0.878989 0
2 111 133 868.647 174.091 0.905048 882.466 191.765 0.919287 862.796 181.972 0.831429 851.011 209.41 0.77946 837.311 227.004 0.893716 901.983 195.735 0.877654 913.77 236.739 0.862219 899.92 258.218 0.955715 853.041 266.104 0.762381 837.443 309.125 0.433951 809.991 338.527 0.255857 882.379 273.851 0.80597 868.643 320.851 0.716992 866.744 387.4 0.527794 866.708 164.375 0.88697 874.59 166.311 0.869987 0 0 0 892.187 166.328 0.832905 0
2 111 134 862.827 174.136 0.859433 880.398 193.678 0.898119 853.126 183.951 0.835184 845.194 211.39 0.746377 833.398 230.894 0.798321 899.933 197.617 0.906532 907.834 240.591 0.843493 896.07 262.209 0.879254 851.064 273.886 0.811594 841.291 328.706 0.553951 853.004 381.45 0.282187 880.373 279.785 0.753494 868.636 334.591 0.83591 866.73 395.208 0.801744 858.906 164.433 0.810415 868.669 166.323 0.929823 0 0 0 884.415 166.37 0.851276 0
2 111 135 855.009 176.04 0.906262 868.803 195.573 0.942214 849.14 189.779 0.862857 837.329 219.141 0.776042 821.783 234.783 0.867461 896.062 199.573 0.850768 903.904 240.644 0.882012 892.189 269.918 0.867656 847.127 277.811 0.789853 839.38 334.571 0.748297 851.075 385.414 0.420327 872.627 285.593 0.799614 866.768 336.527 0.831596 866.78 397.138 0.818847 853.08 164.428 0.885311 866.626 168.249 0.889923 0 0 0 882.367 168.3 0.843398 0
2 111 136 852.964 177.985 0.95717 868.647 195.638 0.951333 849.057 189.809 0.836437 833.512 215.191 0.752432 819.747 234.755 0.898132 888.267 201.554 0.848138 900.002 242.56 0.907673 886.272 271.961 0.942476 841.352 277.799 0.77333 837.376 332.606 0.778589 839.332 367.787 0.488797 870.641 285.598 0.829709 866.725 334.61 0.823957 866.744 393.271 0.760663 851.044 166.362 0.826316 858.909 172.197 0.860278 0 0 0 876.556 172.179 0.812352 0
2 111 137 849.059 178.05 0.931785 866.646 195.728 0.92827 839.358 191.703 0.827489 827.638 215.189 0.725338 809.99 238.624 0.848915 884.387 205.407 0.869478 898.017 244.529 0.878313 884.264 273.994 0.949793 837.448 277.849 0.821912 835.35 334.472 0.800913 835.488 381.462 0.789907 868.668 285.685 0.860964 862.854 336.523 0.858908 866.656 395.219 0.782845 845.182 170.187 0.793878 853.047 174.116 0.915681 0 0 0 868.816 176.036 0.869412 0
2 111 138 839.318 180.004 0.94138 855.074 199.562 0.876429 835.422 195.573 0.909831 819.855 223.048 0.794236 804.162 240.594 0.931288 882.335 207.394 0.887446 890.217 246.549 0.831637 882.298 279.79 0.9033 835.377 283.691 0.83216 823.707 336.487 0.84205 831.553 385.443 0.767638 864.798 287.628 0.826656 855.03 338.539 0.782635 860.883 395.216 0.6576 837.398 174.141 0.834698 849.155 177.975 0.931238 0 0 0 866.737 177.977 0.95525 0
2 111 139 835.361 181.922 0.950986 853.039 201.512 0.907309 831.554 195.595 0.848375 817.827 223.045 0.817853 802.132 240.628 0.947615 876.509 209.319 0.877537 884.433 252.394 0.887615 876.533 285.662 0.895538 833.432 285.685 0.834707 821.681 336.555 0.862451 821.799 389.348 0.757415 858.925 289.578 0.800137 853.019 340.426 0.805404 853.074 387.383 0.595211 831.561 176.1 0.724967 839.356 178.091 0.948779 0 0 0 860.883 178.112 0.90596 0
2 111 140 829.555 183.963 0.875719 849.168 207.316 0.909464 821.852 195.72 0.877672 811.956 224.924 0.793021 792.354 240.716 0.936096 868.765 211.268 0.910923 882.422 254.344 0.898057 870.678 287.677 0.944804 825.669 287.67 0.830595 817.828 340.404 0.828265 809.998 395.191 0.798818 854.991 291.559 0.816316 851.072 348.206 0.806189 851.051 395.153 0.545016 823.755 178.095 0.891827 837.31 179.985 0.994465 0 0 0 853.097 180.003 0.963714 0
2 111 141 821.808 189.743 0.921544 841.306 209.318 0.915002 819.828 201.537 0.893281 806.038 224.998 0.794936 788.509 242.542 0.94694 866.692 213.219 0.875824 878.46 258.168 0.896122 868.675 291.537 0.952751 821.768 289.653 0.869495 808.045 350.16 0.911698 804.031 403.047 0.840944 852.999 297.392 0.812245 849.158 350.143 0.813891 862.788 393.229 0.681198 821.682 179.975 0.877234 833.413 181.934 0.8975 0 0 0 851.048 181.971 0.933559 0
2 111 142 819.688 193.654 0.93453 837.394 211.225 0.930947 817.817 205.42 0.807207 802.194 225.041 0.795603 784.575 244.529 0.872729 858.952 215.234 0.821467 872.576 258.329 0.885416 866.674 295.446 0.921477 817.797 293.466 0.815085 804.181 350.231 0.89246 790.412 408.91 0.87444 847.124 301.242 0.751921 849.15 350.202 0.805943 856.972 397.139 0.633558 815.845 182.014 0.737778 821.838 187.798 0.892749 0 0 0 841.354 185.902 0.845849 0
2 111 143 810.041 195.593 0.925322 835.367 211.404 0.94213 808.087 209.305 0.871589 794.339 228.906 0.762425 774.782 248.459 0.902165 854.973 219.127 0.834676 868.648 258.361 0.907891 862.811 299.318 0.877858 808.022 295.433 0.817844 802.158 352.17 0.87899 788.54 412.735 0.899915 839.361 301.296 0.820408 849.097 352.122 0.829482 851.056 393.222 0.57132 808.032 187.801 0.754034 819.777 191.72 0.938449 0 0 0 837.344 189.79 0.90726 0
2 111 144 806.015 195.679 0.973557 825.636 215.19 0.86995 804.142 211.292 0.885549 788.461 234.752 0.753119 772.74 250.445 0.89038 851.034 221.073 0.875048 860.879 262.21 0.825894 855.025 303.156 0.964098 806.001 301.34 0.850717 792.411 359.962 0.82847 788.46 414.819 0.915175 837.394 305.178 0.839238 841.291 356.071 0.815641 845.222 401.136 0.623179 804.11 189.815 0.735819 811.949 193.637 0.906537 0 0 0 833.411 193.587 0.901167 0
2 111 145 800.245 197.647 0.901221 819.854 215.262 0.922294 794.363 211.375 0.840181 780.679 238.707 0.773713 761.065 254.372 0.882418 847.137 223.005 0.843792 854.996 266.057 0.865121 853.018 303.284 1.01377 802.104 305.18 0.845649 788.571 365.779 0.918707 786.549 416.803 0.872732 833.494 307.196 0.794029 835.48 363.914 0.83529 849.133 404.992 0.504623 794.34 193.614 0.819295 806.092 193.741 0.998703 0 0 0 823.744 193.683 0.916559 0
2 111 146 792.396 199.582 0.924152 817.811 217.15 0.890885 790.46 211.383 0.918193 776.747 240.644 0.81329 759.091 256.318 0.958587 837.487 223.021 0.870376 851.164 268.047 0.893206 851.038 305.23 0.991525 792.366 305.18 0.850534 786.525 363.93 0.873342 786.489 418.68 0.872915 823.761 307.242 0.790571 821.791 365.888 0.924342 825.694 412.861 0.747178 790.425 193.714 0.882155 802.208 195.584 0.973477 0 0 0 819.849 193.74 0.991496 0
2 111 147 788.453 199.574 0.937098 808.121 221.06 0.888582 788.443 215.192 0.87755 772.77 242.654 0.846868 753.234 258.267 0.872936 835.396 224.919 0.926204 847.184 269.936 0.854086 847.206 307.184 0.911333 788.437 307.162 0.846229 780.625 365.918 0.839971 786.48 416.806 0.883142 821.72 314.956 0.813377 821.723 367.905 0.877795 827.577 414.813 0.693384 786.497 193.701 0.71066 792.389 195.598 0.964352 0 0 0 815.816 193.761 0.91008 0
2 111 148 784.523 203.449 0.89158 806.028 222.987 0.939198 780.676 217.179 0.796714 765.012 242.672 0.808734 743.523 258.364 0.898624 829.58 224.991 0.907117 841.337 270.007 0.871275 843.242 311.096 0.896892 786.444 307.225 0.823487 776.741 365.934 0.918676 786.467 418.684 0.898233 817.787 314.976 0.805195 806.102 373.681 0.820326 808.019 420.675 0.479014 776.826 195.602 0.811743 790.353 195.671 1.02395 0 0 0 806.181 195.581 0.960515 0
2 111 149 776.705 205.45 0.938733 804.032 224.906 0.9339 776.716 219.141 0.835196 763.015 242.65 0.791968 741.558 260.196 0.903037 823.67 225.047 0.91047 837.413 271.924 0.900704 839.309 314.985 0.910285 776.77 309.163 0.797587 774.822 367.757 0.945316 786.482 418.678 0.900844 808.1 316.922 0.824953 804.066 369.851 0.850947 800.241 416.792 0.440272 774.743 195.664 0.854055 786.506 195.746 0.949245 0 0 0 804.185 195.731 0.972769 0
2 111 150 772.872 207.379 0.947705 798.222 224.969 0.914515 774.731 221.056 0.877799 757.192 242.697 0.802384 737.604 260.301 0.846331 819.828 226.933 0.929421 835.364 272.041 0.910656 835.524 315.022 0.947704 774.86 309.125 0.830453 774.701 367.83 0.903502 786.483 418.666 0.846 806.142 316.89 0.861691 792.428 369.768 0.848119 796.293 424.519 0.601804 770.909 195.73 0.71324 776.782 197.668 0.898774 0 0 0 802.103 195.772 0.936056 0
2 111 151 768.902 207.418 0.898545 790.541 224.992 0.92809 772.738 221.035 0.813963 755.18 244.608 0.844677 727.897 266.072 0.870566 817.786 227.024 0.893738 829.543 273.894 0.865349 833.485 316.95 0.934684 772.858 313.07 0.838917 772.862 369.809 0.781419 786.487 416.798 0.789722 804.114 318.86 0.892728 788.461 371.759 0.817518 800.221 424.514 0.664975 764.977 195.759 0.632934 774.717 199.562 0.937818 0 0 0 794.329 197.632 0.910343 0
2 111 152 761.103 209.336 0.95414 788.529 226.874 0.958931 765.01 221.097 0.779207 745.49 248.468 0.823006 723.898 269.986 0.901804 809.988 230.848 0.854404 825.659 273.987 0.868414 829.578 318.839 0.962067 772.713 314.982 0.830196 772.853 371.74 0.722048 782.643 420.663 0.714375 798.291 318.887 0.849834 782.613 373.717 0.757938 794.32 428.451 0.787175 759.155 199.533 0.622664 770.886 203.468 0.90762 0 0 0 790.36 199.615 0.94014 0
2 111 153 759.121 211.268 0.997512 788.375 227.02 0.940784 761.112 224.904 0.858029 743.458 248.503 0.838397 716.126 271.837 0.893769 806.172 232.829 0.85646 821.836 277.809 0.848041 825.682 318.952 0.964995 763.079 316.92 0.794941 772.801 379.544 0.720238 786.484 426.505 0.679789 790.539 320.795 0.881294 774.87 381.439 0.882815 788.378 430.461 0.780118 757.214 203.497 0.548148 764.999 207.383 0.910756 0 0 0 786.546 203.448 0.912539 0
2 111 154 757.074 211.331 0.995771 780.641 228.912 0.882452 757.213 225.077 0.877777 739.508 254.316 0.850302 712.128 271.945 0.940174 804.153 236.733 0.86092 819.757 277.865 0.84945 821.836 320.823 0.979767 759.176 318.895 0.85761 766.932 381.446 0.744246 788.488 424.58 0.614447 790.435 320.917 0.880714 774.803 381.529 0.948874 774.816 440.207 0.868575 753.29 207.309 0.505006 759.189 209.253 1.00611 0 0 0 778.73 207.369 0.888213 0
2 111 155 749.351 213.226 0.904896 774.882 230.894 0.88885 755.213 226.973 0.866094 731.781 256.199 0.853249 708.263 273.827 0.929942 802.187 240.554 0.88199 817.777 283.684 0.83813 821.69 320.94 0.957429 759.058 320.818 0.852991 768.918 381.584 0.653145 790.495 420.633 0.689846 788.428 322.897 0.821844 772.798 383.521 0.93842 763.051 446.049 0.867403 745.468 207.409 0.563209 757.182 209.347 1.01492 0 0 0 774.877 209.263 0.941552 0
2 111 156 743.579 215.231 0.922739 774.731 230.909 0.916103 751.303 226.961 0.837899 727.914 256.329 0.905815 698.522 273.941 0.919705 800.207 240.571 0.854649 813.882 285.663 0.842884 819.711 320.963 0.971235 757.168 320.927 0.837985 764.978 383.411 0.674838 790.411 420.621 0.743743 784.553 326.737 0.783945 770.88 383.544 0.915394 759.204 446.075 0.903594 743.432 209.344 0.463326 753.241 211.258 0.957874 0 0 0 772.831 209.38 0.991981 0
2 111 157 743.403 217.181 0.943213 772.816 236.699 0.915141 747.431 228.938 0.786698 725.928 256.372 0.901458 694.584 274.03 0.949902 792.454 240.577 0.852598 806.12 287.502 0.873823 815.836 324.783 0.847221 755.255 320.932 0.827568 759.133 381.577 0.7096 788.421 422.597 0.721432 778.701 324.811 0.806531 761.147 383.509 0.902095 759.201 446.067 0.922531 741.503 209.398 0.46433 747.362 211.282 0.947954 0 0 0 772.715 209.42 0.968547 1
2 111 158 739.568 219.102 0.9105 765.036 240.565 0.906875 741.602 236.709 0.841374 720.006 258.358 0.849508 686.734 275.943 0.853811 788.545 240.734 0.917223 804.083 287.658 0.91098 808.105 330.654 0.899091 749.329 322.818 0.81753 743.551 383.425 0.827309 788.4 420.678 0.704626 776.741 326.764 0.812431 759.2 385.404 0.870134 759.234 446.103 0.910378 735.689 211.283 0.423934 743.457 211.342 1.00803 0 0 0 763.087 211.324 0.917892 1
2 111 159 733.732 221.084 0.872082 761.084 240.64 0.943381 739.584 238.688 0.862512 712.224 260.222 0.897064 680.799 279.79 0.874486 788.417 242.534 0.920209 800.221 287.668 0.880977 806.186 330.623 0.911658 743.531 324.789 0.848967 741.574 385.433 0.813919 786.508 416.793 0.63719 774.713 330.659 0.845923 759.113 391.309 0.842312 759.194 446.188 0.924412 729.829 211.37 0.400578 741.465 213.226 0.956429 0 0 0 759.151 211.333 0.965276 1
2 111 160 729.808 225.013 0.943354 759.124 240.717 0.964508 737.6 238.7 0.824512 710.263 260.288 0.891173 673.078 283.658 0.840766 786.459 244.53 0.871607 798.239 289.592 0.867253 806.066 332.635 0.958023 743.404 324.781 0.842578 731.79 383.5 0.801351 770.838 426.529 0.356042 772.838 332.567 0.84911 759.083 389.33 0.894992 759.12 448.099 0.922321 727.846 215.235 0.442803 739.5 219.134 0.898666 0 0 0 757.223 213.315 0.950124 1
2 111 161 727.751 225.023 1.00803 757.126 242.576 0.957651 729.796 240.61 0.870091 706.263 262.187 0.838065 667.159 283.697 0.87124 778.693 244.601 0.84216 794.351 291.491 0.834365 804.205 334.498 0.920468 741.435 324.812 0.852168 727.814 383.45 0.938803 759.154 428.42 0.463917 770.845 332.579 0.82448 759.052 391.297 0.917505 759.141 448.04 0.918624 725.865 219.101 0.305323 729.814 219.126 0.919384 0 0 0 753.254 215.189 0.894596 1
2 111 162 723.913 226.87 0.967955 755.161 242.647 0.915453 727.821 240.697 0.882153 698.469 264.166 0.866533 663.236 283.655 0.915415 774.881 246.525 0.836237 790.534 291.576 0.853749 804.104 334.496 0.94706 739.539 326.747 0.826945 725.863 383.471 0.982 743.532 424.527 0.747917 768.92 332.609 0.825128 759.049 393.236 0.895814 759.164 448.083 0.88579 721.918 221.029 0.338417 727.788 221.116 0.985513 0 0 0 747.376 219.113 0.884502 1
2 111 163 719.978 227.002 0.908925 745.514 244.592 0.898725 725.815 242.624 0.899639 694.542 264.141 0.899539 655.448 281.702 0.849267 772.832 252.39 0.870001 790.362 297.412 0.855666 802.12 334.562 0.906009 739.575 332.554 0.843658 725.805 385.464 0.919713 741.573 430.43 0.828287 768.907 334.557 0.845531 757.165 395.197 0.894493 759.129 448.12 0.861024 716.086 223.037 0.387037 725.869 224.913 0.988352 0 0 0 743.58 221.065 0.941674 1
2 111 164 714.153 227.05 0.923674 743.498 244.641 0.913293 719.97 242.643 0.863345 688.724 266.108 0.83034 649.574 279.771 0.914774 770.893 254.271 0.84834 788.435 299.308 0.854841 796.302 336.443 0.881545 735.654 332.613 0.810209 723.864 385.466 0.881772 729.779 432.467 0.858112 765.008 334.617 0.841273 757.173 397.082 0.912231 757.254 448.078 0.865949 712.234 224.872 0.413404 723.845 224.986 0.943994 0 0 0 741.535 223.04 0.979004 1
2 111 165 712.174 230.889 0.924091 741.518 246.529 0.908793 714.119 242.708 0.865804 680.904 268 0.848999 645.625 279.75 0.89314 765.022 252.389 0.827173 786.557 299.296 0.84078 798.289 336.524 0.877279 729.806 334.552 0.874042 721.948 387.419 0.846497 723.878 442.139 0.863916 763.026 336.522 0.857188 759.07 397.147 0.940227 757.222 448.089 0.887261 710.244 225.065 0.471935 716.096 225.09 0.947448 0 0 0 739.557 223.027 0.95058 1
2 111 166 710.229 234.781 0.938016 739.569 246.528 0.88632 712.135 244.534 0.887087 678.854 264.149 0.875195 635.951 275.912 0.905068 761.159 252.409 0.847719 784.524 299.318 0.825052 792.433 336.507 0.923782 727.839 334.55 0.899704 720.008 395.173 0.864701 714.127 446.116 0.896419 759.225 336.539 0.857237 757.106 397.197 0.890863 757.188 446.167 0.885513 708.236 226.939 0.4926 712.263 226.943 0.998457 0 0 0 737.579 224.896 0.943557 1
2 111 167 708.208 238.636 0.908806 737.6 250.419 0.856779 712.11 244.619 0.825755 678.82 262.219 0.852001 633.873 274.036 0.956219 759.111 254.385 0.90235 776.814 297.405 0.842634 790.532 336.505 0.964434 727.748 334.626 0.8819 716.122 397.145 0.865842 712.292 448.102 0.884777 759.087 338.447 0.841801 755.162 399.079 0.858856 757.127 448.074 0.856756 700.475 227.027 0.553642 712.093 227.073 0.979908 0 0 0 731.775 225.043 0.958214 1
2 111 168 704.365 240.566 0.901086 729.784 254.307 0.885705 706.33 250.45 0.820859 673.069 264.141 0.797562 631.856 274.021 0.936897 757.178 254.384 0.904058 774.841 299.332 0.871862 790.472 336.546 0.96117 725.759 336.568 0.864429 714.184 397.215 0.884675 714.139 449.992 0.874786 755.211 338.536 0.809617 747.403 399.151 0.87117 757.147 449.98 0.850223 698.477 228.958 0.694368 710.223 230.844 0.918413 0 0 0 727.92 226.877 0.997901 1
2 111 169 702.376 240.679 0.922546 727.809 254.377 0.916328 700.415 252.378 0.821162 665.276 266.117 0.816006 624.102 274.01 0.900706 755.23 256.259 0.906723 774.726 301.246 0.905743 788.554 336.536 0.942477 721.94 338.526 0.825526 712.249 399.098 0.897295 714.132 449.994 0.876513 753.233 342.378 0.779625 743.504 401.095 0.893686 757.078 448.089 0.862101 696.588 232.839 0.7292 710.136 232.852 0.892554 0 0 0 727.756 226.896 1.01158 1
2 111 170 698.528 242.607 0.946478 725.91 254.373 0.914863 696.611 252.391 0.841224 661.325 269.968 0.834358 618.279 275.869 0.941118 753.271 256.295 0.877153 772.848 301.27 0.900634 788.418 336.504 0.927637 718.068 340.45 0.794223 712.165 399.219 0.894222 712.283 449.999 0.859825 749.378 344.325 0.778794 741.54 403.014 0.880137 755.159 446.147 0.849747 696.479 236.753 0.744438 708.221 238.657 0.888673 0 0 0 725.805 227.007 0.965848 1
2 111 171 696.621 244.548 0.954027 725.836 256.241 0.899653 696.497 252.421 0.830914 661.274 270.012 0.828425 616.357 277.799 0.920871 751.314 258.183 0.856541 772.764 303.167 0.902239 786.482 336.478 0.930201 714.208 342.402 0.795458 712.118 401.092 0.875063 712.271 450.02 0.845593 749.338 346.325 0.794116 741.475 404.983 0.849312 745.473 448.107 0.813947 694.597 238.729 0.782966 706.311 240.598 0.912494 0 0 0 725.794 228.952 0.963957 1
2 111 172 696.561 246.551 0.94272 723.935 256.286 0.903058 694.58 254.364 0.864133 659.328 271.926 0.854327 616.25 281.721 0.895277 749.335 258.19 0.863778 772.726 303.207 0.901465 786.468 336.483 0.91305 712.279 342.391 0.824159 710.303 401.094 0.861103 712.252 450.008 0.855506 747.427 346.319 0.796287 739.544 405.019 0.812332 745.409 450.049 0.789102 694.529 240.659 0.773234 704.334 240.719 0.921902 0 0 0 723.884 230.922 0.905753 1
2 111 173 696.444 252.361 0.968017 721.97 256.375 0.895959 694.484 256.261 0.853896 659.362 271.903 0.855954 616.306 287.527 0.958677 745.475 258.316 0.845868 770.896 303.288 0.886715 788.389 336.496 0.895987 712.248 342.376 0.834706 710.24 401.049 0.863625 712.267 450.03 0.842681 747.372 348.201 0.805932 733.663 404.998 0.780003 743.496 449.969 0.814182 692.581 242.606 0.786899 700.439 242.63 0.94358 0 0 0 721.938 236.701 0.900982 1
2 111 174 696.48 254.305 0.972129 721.958 258.208 0.891802 692.645 256.331 0.848046 659.352 271.952 0.858919 616.31 289.481 0.958289 745.498 258.369 0.82714 770.869 305.192 0.884806 788.423 336.534 0.918053 712.211 344.327 0.84377 710.254 403.014 0.850031 714.121 451.952 0.840834 745.507 348.263 0.820234 731.79 408.909 0.802019 743.389 459.709 0.798083 692.578 242.698 0.789106 700.456 242.701 0.91053 0 0 0 720.023 236.752 0.871696 1
2 111 175 696.456 256.256 1.01147 721.972 258.323 0.881252 694.51 258.265 0.836135 661.315 271.965 0.881274 618.248 291.489 0.92415 745.455 260.288 0.836309 770.818 305.27 0.87755 786.511 336.602 0.893879 712.209 346.332 0.855418 710.236 405.02 0.862054 712.269 451.959 0.83022 745.475 350.182 0.859526 731.725 412.711 0.865457 741.536 463.712 0.788654 692.542 246.537 0.758169 698.542 244.632 0.906073 0 0 0 716.139 238.678 0.866594 1
2 111 176 696.466 256.361 1.02824 721.931 260.203 0.853849 694.496 258.317 0.814421 661.287 271.98 0.866651 620.185 301.267 0.866826 745.414 264.107 0.846454 768.915 305.298 0.875772 784.521 340.443 0.855171 712.177 350.13 0.876773 710.22 408.939 0.861862 714.155 451.94 0.797812 745.411 350.252 0.873228 731.707 412.826 0.899228 741.461 471.532 0.820244 692.594 250.394 0.770222 700.404 248.517 0.881858 0 0 0 716.105 240.702 0.889918 1
2 111 177 694.646 258.338 1.00573 718.065 264.168 0.819266 692.578 262.174 0.775234 659.367 273.836 0.857886 624.14 303.289 0.875486 743.563 268.065 0.880034 765.038 307.206 0.86669 778.726 350.136 0.923646 712.147 350.285 0.898175 710.217 412.78 0.866179 714.146 451.967 0.745181 743.539 352.179 0.881556 729.85 414.736 0.933691 741.411 475.395 0.817504 692.576 254.38 0.785242 698.549 256.217 0.936647 0 0 0 716.058 244.547 0.85546 1
2 111 178 696.48 264.093 0.951222 716.103 269.947 0.846844 690.643 266.098 0.773652 651.487 275.873 0.813251 628.038 309.118 0.772431 743.492 271.854 0.92189 766.945 309.121 0.859845 776.819 350.226 0.955524 712.117 352.15 0.891464 710.28 412.875 0.8556 714.145 453.876 0.74143 743.491 352.204 0.872942 729.865 414.807 0.910662 741.429 479.351 0.882278 692.625 256.391 0.836883 700.435 258.183 0.951326 0 0 0 716.103 246.529 0.840236 1
2 111 179 696.448 269.955 0.973618 716.057 270.011 0.847378 686.738 268.022 0.755862 649.549 279.757 0.825488 633.938 316.975 0.847408 743.495 271.968 0.925318 764.996 314.969 0.854649 776.776 352.197 0.939533 710.25 354.102 0.86546 712.134 416.726 0.825672 712.284 453.898 0.697144 743.473 354.169 0.83429 731.777 420.684 0.8126 739.602 485.225 0.853641 692.561 258.37 0.811113 700.444 258.361 0.903787 0 0 0 716.131 252.368 0.822493 1
2 111 180 696.59 271.903 0.9706 714.148 272.02 0.892569 684.809 271.896 0.792701 647.673 283.677 0.829366 637.802 318.972 0.773995 743.493 273.96 0.916251 763.083 318.902 0.899141 776.72 354.199 0.916033 708.29 360.025 0.810823 712.125 422.608 0.786945 714.107 455.862 0.718772 741.562 361.957 0.849417 735.645 428.399 0.842524 739.59 491.049 0.853442 694.515 262.207 0.870858 706.271 262.152 0.861036 682.863 246.536 0.0516719 718.069 256.213 0.824687 1
2 111 181 698.446 275.834 0.944503 716.057 279.8 0.794549 690.643 283.678 0.711487 682.816 330.644 0.370752 682.831 359.962 0.249709 743.508 279.806 0.849144 763.019 320.896 0.893902 774.903 361.902 0.929275 710.196 365.823 0.874913 712.082 426.46 0.781223 712.285 453.93 0.721157 743.407 365.804 0.878623 735.682 428.56 0.882823 739.591 495.016 0.856664 694.559 271.906 0.969026 706.313 271.868 0.918477 684.753 256.318 0.0626441 718.07 258.352 0.825159 1
2 111 182 696.611 281.708 0.910899 716.113 287.527 0.848853 690.653 287.609 0.789779 680.968 332.604 0.44799 680.882 359.999 0.340507 743.57 287.507 0.870191 763.095 326.712 0.822613 774.876 365.816 0.979335 708.271 367.898 0.814914 710.281 426.549 0.750705 712.267 455.877 0.760064 741.577 367.917 0.848016 741.404 434.383 0.876992 739.554 504.732 0.81898 694.548 273.873 0.93058 706.315 273.868 0.929882 0 0 0 721.956 266.069 0.816475 0
2 111 183 698.52 287.579 0.947987 714.132 287.586 0.890348 682.805 285.62 0.812556 647.569 291.486 0.833867 659.318 330.6 0.743623 745.428 289.524 0.863737 765.012 332.623 0.860221 774.874 367.915 0.971651 706.311 373.674 0.786632 710.21 428.445 0.734551 714.105 457.803 0.75657 741.611 375.634 0.814578 741.543 442.145 0.903316 741.402 508.738 0.848911 694.64 277.814 0.914727 710.106 277.837 0.890868 692.551 264.147 0.136956 723.906 271.912 0.849408 0
2 111 184 702.381 289.55 0.932838 714.207 291.522 0.838223 684.771 289.533 0.775403 647.67 293.458 0.792293 661.285 332.58 0.787984 745.492 295.414 0.811444 766.945 336.547 0.893248 776.749 377.643 0.916301 708.225 379.526 0.821311 710.127 428.419 0.677715 714.112 455.882 0.769333 743.422 381.507 0.857198 741.597 446.086 0.918677 741.411 516.51 0.822118 696.49 285.589 0.926954 710.189 283.727 0.924064 692.619 272 0.14442 723.947 273.975 0.842474 0
2 111 185 706.287 293.5 0.900468 718.045 297.381 0.797513 686.771 293.5 0.7489 649.539 303.215 0.865405 663.315 338.471 0.827936 749.336 301.262 0.825331 768.861 342.409 0.842294 776.771 381.597 0.961165 710.11 381.544 0.876055 710.153 430.474 0.669537 712.272 457.808 0.742467 743.472 383.493 0.848704 741.574 448.083 0.920968 741.481 455.842 0.0795187 696.618 289.485 0.949589 712.087 287.656 0.950252 694.457 283.654 0.198068 725.812 277.879 0.82265 0
2 111 186 708.275 301.299 0.96529 719.96 299.356 0.825967 688.662 293.521 0.769104 649.527 305.163 0.960254 665.139 340.403 0.860622 751.292 303.217 0.840014 768.893 348.201 0.862193 776.736 385.417 0.936733 708.262 383.54 0.859246 708.214 432.361 0.672639 712.269 457.852 0.800701 743.499 387.422 0.813427 741.557 450.023 0.892708 739.541 522.385 0.863033 698.53 291.541 0.923287 712.247 289.683 0.932942 694.551 287.497 0.323773 725.934 283.674 0.8645 0
2 111 187 710.184 303.271 1.00436 719.999 303.277 0.886021 688.721 301.25 0.800942 651.501 307.159 0.926082 665.248 344.31 0.83374 753.218 305.277 0.838661 768.905 350.307 0.879409 776.715 391.333 0.900681 708.285 389.333 0.809042 708.192 434.358 0.643365 712.211 457.841 0.754821 743.56 395.184 0.816638 741.591 457.791 0.874392 739.583 522.453 0.860506 702.384 293.527 0.890633 714.18 295.41 0.871973 694.642 287.573 0.415724 727.832 287.639 0.81597 0
2 111 188 710.206 305.313 0.979525 720.032 305.148 0.867948 690.632 301.336 0.790509 653.491 309.178 0.87428 669.106 342.392 0.800019 753.27 307.21 0.791839 768.914 352.215 0.858977 774.807 395.165 0.917701 708.228 397.085 0.79 708.231 442.188 0.558989 710.182 461.816 0.750796 743.576 397.231 0.829238 741.594 459.807 0.918563 739.578 524.297 0.853842 702.423 301.32 0.884518 714.213 303.158 0.910507 696.428 289.624 0.348292 729.744 291.532 0.809594 0
2 111 189 710.275 311.106 0.946624 723.882 307.216 0.855303 692.625 305.201 0.81303 655.463 316.887 0.86841 673.029 348.203 0.794951 755.192 313.044 0.806321 770.842 354.194 0.847913 774.838 397.177 0.961133 710.13 397.149 0.82097 708.254 446.095 0.575276 710.293 469.587 0.719995 745.461 399.094 0.804284 743.496 459.748 0.906962 741.404 522.465 0.868699 706.269 305.158 0.879821 716.115 305.139 0.906791 696.496 295.453 0.246614 729.812 297.354 0.783316 0
2 111 190 712.106 318.836 0.988347 723.886 309.152 0.853396 692.583 305.261 0.791838 657.36 318.849 0.88638 676.933 350.158 0.864331 755.233 316.902 0.823812 770.887 360.003 0.8434 774.878 399.134 0.968701 710.164 401.095 0.830596 710.092 465.675 0.741089 712.143 479.365 0.437107 747.382 405.005 0.760747 743.465 465.672 0.854022 741.453 524.348 0.900713 706.315 307.237 0.850885 718.065 307.22 0.862125 696.462 301.232 0.32266 731.717 301.304 0.759481 0
2 111 191 712.134 320.791 0.986836 721.989 314.981 0.83789 690.673 309.171 0.758871 659.353 320.922 0.889809 678.801 352.198 0.906851 755.219 318.823 0.846433 770.875 363.873 0.863611 776.699 401.137 0.922711 710.156 403.084 0.804111 708.277 475.345 0.743511 712.138 491.09 0.404224 745.504 408.896 0.773619 743.49 467.581 0.828266 741.415 524.302 0.903461 706.337 313.041 0.835335 720.004 313.039 0.838184 696.459 303.209 0.342669 731.771 303.305 0.74882 0
2 111 192 710.262 322.827 0.952495 723.885 318.951 0.885171 692.615 315.026 0.800553 659.374 328.659 0.866134 678.853 354.158 0.869241 755.254 322.874 0.825503 772.738 367.79 0.887239 776.778 410.827 0.933928 710.123 412.821 0.824073 708.256 475.432 0.809553 710.193 516.509 0.770132 745.395 414.745 0.813154 741.59 475.352 0.852342 741.44 524.387 0.881653 706.27 318.819 0.854061 718.021 318.867 0.893322 696.484 305.217 0.262652 729.861 307.214 0.739833 0
2 111 193 710.279 330.599 0.940988 725.783 324.749 0.869347 694.471 318.978 0.809462 661.235 332.645 0.897282 678.899 365.79 0.883507 757.138 332.562 0.852036 772.797 375.618 0.864858 776.81 414.711 0.94336 710.151 414.757 0.831788 708.21 477.344 0.801611 708.276 534.136 0.797158 745.487 416.756 0.778566 741.602 475.47 0.859377 741.458 524.42 0.859197 706.274 320.848 0.88043 716.135 320.846 0.899465 696.544 309.128 0.23067 729.798 311.103 0.750579 0
2 111 194 712.157 334.627 0.983001 721.957 332.558 0.841291 690.642 326.739 0.765637 659.314 336.576 0.905107 678.91 367.894 0.868466 755.221 334.553 0.850143 772.76 379.529 0.88594 778.707 418.68 0.871757 708.271 420.651 0.760815 708.224 489.058 0.792727 708.181 549.753 0.784498 745.411 424.543 0.778047 741.584 477.47 0.839525 739.563 526.278 0.813232 708.197 326.739 0.843145 720.031 326.763 0.841325 696.485 318.83 0.375585 731.729 318.94 0.741203 0
2 111 195 712.108 338.48 0.9664 721.982 334.569 0.865466 690.661 332.602 0.789603 659.348 342.355 0.857489 678.887 373.686 0.826843 755.229 336.518 0.836833 770.883 381.583 0.903509 778.722 424.58 0.881872 708.28 430.403 0.800575 706.315 493.126 0.790307 706.304 563.477 0.768311 745.41 430.408 0.811018 741.569 483.261 0.777024 739.502 526.297 0.80757 706.294 334.479 0.885265 718.079 334.487 0.894995 696.473 320.953 0.362557 729.824 322.799 0.74084 0
2 111 196 710.235 348.196 0.968509 718.025 338.5 0.848002 686.722 336.573 0.783811 655.409 350.128 0.869525 676.987 381.587 0.846353 749.379 340.408 0.794806 768.884 385.501 0.835232 778.687 430.416 0.934582 708.196 436.276 0.75276 704.373 506.7 0.792767 704.353 573.286 0.779832 743.552 434.371 0.764901 741.533 491.021 0.725336 739.53 526.266 0.782371 702.396 336.618 0.882667 716.077 336.573 0.90277 694.617 330.642 0.360598 727.856 328.686 0.766928 0
2 111 197 710.157 352.113 0.957966 714.149 350.27 0.906257 682.83 350.178 0.815968 651.551 352.252 0.868531 676.986 389.376 0.802915 745.501 352.136 0.820596 768.865 395.219 0.849178 776.814 436.314 0.880715 700.435 444.199 0.812883 702.376 514.556 0.802321 700.455 586.911 0.854786 741.603 444.126 0.82051 741.486 496.934 0.634453 739.503 526.3 0.737256 700.408 346.255 0.859909 714.137 346.255 0.861994 694.497 336.538 0.400321 727.838 336.537 0.765984 0
2 111 198 710.122 356.085 0.95438 714.214 354.14 0.852585 682.856 352.135 0.800202 651.528 361.986 0.835963 676.895 397.217 0.7589 749.338 358.057 0.783773 766.986 401.073 0.855481 776.752 444.123 0.950538 696.605 448.043 0.82565 698.509 524.336 0.877747 700.441 598.68 0.845717 741.498 448.044 0.809691 741.441 496.976 0.584776 737.649 526.323 0.775028 698.51 350.259 0.943504 712.279 350.201 0.939675 694.466 344.345 0.381564 725.94 340.426 0.7741 0
2 111 199 708.261 363.922 0.963572 712.215 361.951 0.872638 680.837 356.112 0.81763 649.533 367.853 0.934019 674.98 404.964 0.757341 745.4 363.943 0.843752 761.144 408.935 0.852521 774.792 446.185 0.949269 696.492 459.72 0.830276 698.544 532.163 0.81127 704.318 602.698 0.855783 737.639 457.819 0.751793 741.445 506.686 0.512988 739.54 528.277 0.717834 696.634 354.112 0.941742 712.256 352.27 0.931073 692.547 350.127 0.490625 725.904 346.338 0.791443 0
2 111 200 700.405 365.937 0.978416 710.209 365.843 0.917941 678.844 361.935 0.845055 645.647 375.623 0.829232 671.073 410.869 0.748145 743.424 367.848 0.887384 759.173 412.836 0.912722 772.913 453.891 0.895898 694.581 461.72 0.832792 696.639 537.952 0.851873 706.284 610.397 0.828525 735.643 459.823 0.761928 741.436 506.738 0.405281 741.466 526.347 0.715073 694.616 358.038 0.908067 710.179 358.081 0.908099 684.828 350.191 0.45253 723.893 352.17 0.785073 0
2 111 201 696.525 369.75 0.968742 708.285 367.807 0.885949 676.92 365.829 0.818287 645.677 383.414 0.830968 665.208 414.826 0.712726 741.506 371.709 0.842567 757.238 416.733 0.88164 772.821 459.803 0.943697 692.636 469.545 0.76106 696.625 540.061 0.882694 706.274 614.338 0.83961 731.753 467.637 0.75032 741.562 524.38 0.560833 741.518 534.151 0.508415 690.673 365.758 0.899975 706.314 363.934 0.905052 680.895 352.222 0.292483 719.975 352.268 0.781203 0
2 111 202 696.497 373.686 0.942793 704.378 369.854 0.846869 669.177 369.763 0.800548 639.794 393.256 0.759758 663.247 428.43 0.664465 741.416 373.725 0.808861 757.1 420.668 0.849143 772.755 461.817 0.920654 690.614 475.491 0.787383 696.554 543.937 0.861473 706.26 614.323 0.840912 729.751 475.431 0.819092 741.544 537.974 0.722546 774.783 586.991 0.310601 688.714 365.956 0.915345 706.274 365.9 0.915262 680.81 359.975 0.399577 716.111 356.126 0.731591 0
2 111 203 694.509 379.532 0.969816 704.355 379.552 0.840637 667.23 375.626 0.80908 633.9 399.046 0.813994 661.328 428.416 0.683436 741.423 381.506 0.890208 755.253 428.508 0.927657 772.789 471.471 0.887844 682.899 479.396 0.785196 696.483 553.601 0.844313 706.276 616.231 0.856782 727.822 481.277 0.825472 731.728 545.839 0.700926 727.787 553.624 0.220929 684.763 367.888 0.952148 700.402 367.893 0.937189 678.987 361.918 0.280827 712.264 361.915 0.819188 0
2 111 204 692.581 381.558 0.978757 700.487 381.59 0.88005 665.309 379.592 0.875104 631.942 403.08 0.801695 655.454 430.383 0.752121 739.545 385.465 0.824017 757.056 430.527 0.89114 770.853 475.449 0.916986 680.939 483.254 0.799809 694.565 551.76 0.843327 704.359 614.313 0.834625 725.883 485.2 0.808862 729.745 549.761 0.706651 731.742 567.361 0.215857 680.971 371.732 0.941299 696.596 371.746 0.912317 678.794 365.766 0.280932 712.223 363.945 0.860267 0
2 111 205 690.649 383.537 0.94158 700.419 383.576 0.857194 665.238 381.594 0.89421 631.912 412.719 0.796035 651.489 436.299 0.646373 739.524 391.297 0.81123 753.241 436.277 0.842 768.923 477.379 0.894603 678.988 489.161 0.848455 692.596 555.602 0.847344 704.33 616.215 0.884417 721.914 491.155 0.817338 712.262 555.719 0.782447 710.145 600.66 0.258174 680.901 379.525 0.949741 696.481 379.492 0.947308 676.868 367.768 0.25596 710.303 367.783 0.858812 0
2 111 206 690.624 391.316 0.917821 698.48 389.369 0.845841 665.142 383.565 0.866371 631.928 414.82 0.861859 651.568 444.114 0.786214 735.675 395.202 0.834114 751.323 444.05 0.861546 768.897 487.129 0.842596 678.929 493.038 0.867975 688.7 561.545 0.784479 702.416 616.36 0.876922 718.037 495.013 0.795108 710.252 565.397 0.799649 714.184 612.401 0.367425 680.877 383.446 1.00949 696.489 381.617 0.98866 671.091 375.655 0.311735 710.227 369.799 0.844577 0
2 111 207 682.875 397.111 0.956911 696.473 397.132 0.92137 663.183 391.291 0.853027 629.992 424.532 0.853461 647.501 448.102 0.782898 729.796 399.197 0.854346 745.519 446.047 0.893855 766.921 490.981 0.883234 678.833 498.9 0.82022 690.601 569.376 0.805135 702.379 618.279 0.778032 716.111 502.841 0.795888 710.117 571.31 0.883412 714.174 624.124 0.620432 678.946 385.435 0.956067 694.543 385.497 0.929475 667.211 379.499 0.379316 710.147 381.479 0.812093 0
2 111 208 680.921 401.064 0.958013 696.451 401.133 0.88861 661.291 399.121 0.847665 628.023 430.366 0.843882 645.638 459.785 0.810848 729.838 408.861 0.821683 745.425 450.008 0.875989 761.161 493.128 0.900604 676.969 506.813 0.852021 692.547 583.046 0.751831 700.421 620.236 0.685746 714.18 508.676 0.854858 710.119 584.911 0.857978 718.019 645.618 0.767649 676.946 397.074 0.923523 692.58 395.232 0.91884 665.227 385.458 0.302397 706.334 383.521 0.817448 0
2 111 209 680.84 410.795 0.957253 694.539 408.891 0.857371 659.337 401.057 0.817616 622.193 430.458 0.837503 641.716 461.755 0.732872 727.834 412.84 0.902177 743.592 459.849 0.906508 761.101 504.804 0.885864 676.893 516.494 0.767526 694.488 592.806 0.746737 712.189 647.607 0.385466 712.276 518.467 0.797087 708.196 592.821 0.779493 712.129 665.255 0.843732 675.019 399.172 0.91388 690.652 399.168 0.923039 663.352 391.25 0.368281 704.333 391.32 0.752223 0
2 111 210 678.934 412.872 0.994936 692.533 418.745 0.804597 653.465 416.716 0.781044 618.283 444.081 0.686058 645.593 475.43 0.518656 725.916 422.611 0.845814 743.482 467.596 0.867682 759.16 510.637 0.939024 674.978 524.388 0.777571 696.534 600.612 0.76652 710.28 661.27 0.374907 712.21 524.408 0.83975 708.252 600.65 0.805835 710.148 618.279 0.0508282 671.075 403.092 0.872484 686.711 404.98 0.85541 663.234 397.259 0.429504 698.492 399.096 0.802091 0
2 111 211 676.984 418.671 0.896635 690.608 430.411 0.835805 653.463 428.463 0.768384 624.148 453.89 0.440474 0 0 0 725.793 430.531 0.845586 743.453 477.469 0.891635 759.131 522.35 0.924906 673.067 536.027 0.755815 696.53 614.327 0.676876 700.453 684.8 0.304438 710.284 536.122 0.816276 702.369 616.252 0.792819 696.578 692.584 0.775833 667.216 412.824 0.955016 682.784 412.818 0.929255 663.246 401.158 0.210228 696.516 405.034 0.774563 0
2 111 212 673.056 428.407 0.915975 682.837 432.379 0.846016 647.598 428.509 0.822893 618.205 459.789 0.694687 634.015 483.276 0.569216 723.898 438.253 0.794908 741.52 489.169 0.879974 759.084 528.294 0.866484 665.301 539.967 0.796464 696.463 616.252 0.411901 708.27 647.545 0.0833086 710.174 540.069 0.817086 698.465 618.29 0.853946 696.442 694.577 0.8498 665.254 416.705 0.987065 680.819 416.805 0.959734 659.34 410.884 0.398082 694.593 412.869 0.815447 0
