0 111 23 58.7119 86.1548 0.856369 52.8535 113.465 0.921402 27.4214 132.979 0.820285 46.9806 178.021 0.841398 72.4657 209.314 0.842922 72.4715 91.925 0.81601 109.53 117.363 0.793415 121.314 131.105 0.368562 80.1816 180.044 0.728535 101.713 213.314 0.651885 131.037 271.933 0.721102 103.753 156.531 0.698467 148.721 138.907 0.216674 144.799 187.823 0.0674133 50.8854 86.0207 0.884181 56.7978 82.1683 0.770269 35.1844 93.8874 0.812063 0 0 0 0
0 111 24 70.4851 89.9703 0.84605 60.6356 115.362 0.863744 39.1179 133.113 0.843871 56.7184 178.06 0.83255 84.155 209.348 0.858094 84.0472 93.8967 0.796629 115.492 115.51 0.870434 132.986 133.027 0.522481 86.0822 182.009 0.727514 115.419 223.04 0.658583 164.375 287.673 0.657486 115.395 162.307 0.711104 150.711 176.095 0.164535 0 0 0 66.4608 86.1511 0.841725 68.5165 84.1576 0.484209 46.9924 95.8631 0.750871 0 0 0 0
0 111 25 84.0435 91.9742 0.822875 68.5227 115.382 0.937805 48.856 133.014 0.835934 66.4845 179.94 0.874706 95.8273 211.301 0.820096 88.0914 95.8558 0.799086 119.432 117.372 0.816908 135.066 133.093 0.563737 91.9427 187.804 0.71443 127.136 223.05 0.618975 176.014 289.553 0.692037 117.431 164.364 0.742179 117.509 221.033 0.380809 115.457 270.002 0.662641 72.4292 88.0649 0.820047 78.2652 84.2041 0.357812 54.835 97.7943 0.839708 0 0 0 0
0 111 26 86.1107 99.7797 0.911237 82.1365 117.384 0.903688 56.7902 135.077 0.811303 72.3816 181.964 0.815192 99.8387 211.316 0.817076 99.8647 99.7891 0.901021 133.066 125.189 0.759259 144.811 136.999 0.515123 105.664 189.808 0.719837 131.058 224.966 0.610887 183.941 291.52 0.644478 133.109 164.39 0.717589 119.33 223.034 0.430385 115.471 271.882 0.693981 78.2634 97.7958 0.802611 86.108 88.1031 0.75489 58.712 99.8487 0.832593 0 0 0 0
0 111 27 99.7659 101.769 0.906832 86.1613 123.247 0.851068 68.4577 146.7 0.798862 84.0594 189.771 0.787406 111.487 213.328 0.766694 107.616 101.706 0.787955 146.661 129.081 0.881053 189.79 131.047 0.637482 117.366 193.661 0.749676 142.806 226.944 0.557329 193.685 295.433 0.600768 144.744 166.279 0.686397 191.7 136.94 0.404715 178.009 199.591 0.0985346 88.0633 99.8573 0.872694 99.7509 95.8685 0.720395 70.3763 101.84 0.857738 0 0 0 0
0 111 28 107.608 103.766 0.794984 99.6803 125.206 0.857067 74.392 146.695 0.79455 91.9805 191.666 0.769303 117.428 219.091 0.722242 117.331 103.704 0.860187 148.654 129.153 0.852353 166.345 142.78 0.580195 117.319 193.637 0.78384 150.672 228.934 0.606753 199.58 301.338 0.57223 142.838 168.279 0.762568 180.001 185.883 0.433734 160.416 228.886 0.214351 99.8034 101.804 0.852812 103.761 99.7313 0.624735 84.0295 109.551 0.78223 0 0 0 0
0 111 29 117.436 113.45 0.871223 101.86 131.077 0.902679 84.1602 150.723 0.830415 101.747 195.637 0.868192 131.07 223.056 0.756989 125.22 107.634 0.768206 162.356 133.072 0.873096 205.402 133.069 0.44137 133.032 197.621 0.712401 162.371 240.634 0.622876 211.282 305.302 0.713257 162.291 176.054 0.660054 207.387 148.652 0.240013 205.42 197.647 0.0697229 113.422 105.695 0.792554 117.358 101.752 0.55726 88.0773 113.471 0.803492 0 0 0 0
0 111 30 131.028 115.384 0.833678 115.441 133.091 0.908756 93.9283 154.573 0.759658 109.601 197.642 0.807876 138.889 226.947 0.764266 133.135 113.502 0.803336 168.236 138.906 0.728229 187.81 148.701 0.336161 146.769 207.331 0.707686 176.034 250.441 0.687191 211.377 307.25 0.792149 176.056 179.938 0.66667 211.375 156.504 0.189756 209.285 209.333 0.0648807 119.398 113.416 0.744303 129.083 105.624 0.375471 101.714 115.452 0.814446 0 0 0 0
0 111 31 131.033 117.329 0.888065 125.188 133.149 0.866006 101.775 156.525 0.827503 117.379 197.677 0.868533 148.611 227.019 0.853663 146.666 115.492 0.878777 176.104 138.927 0.793705 185.881 154.594 0.497331 148.717 207.361 0.74978 178.025 242.681 0.772194 211.392 307.249 0.787253 177.961 180.058 0.714092 213.229 189.745 0.15187 209.431 226.917 0.126866 119.341 115.395 0.817617 131.111 109.559 0.758854 101.819 117.316 0.868538 131.133 101.824 0.143016 0
0 111 32 144.756 115.486 0.865258 131.108 135.021 0.894572 109.581 162.3 0.81602 130.991 207.329 0.870026 160.423 232.837 0.809909 150.624 115.433 0.8388 181.994 140.847 0.784859 197.656 150.705 0.505399 160.38 207.325 0.70288 180.024 240.675 0.797035 213.255 307.212 0.763385 183.908 179.944 0.673284 232.823 150.719 0.255343 211.359 223.01 0.105254 133.086 115.364 0.845225 144.698 107.579 0.602315 115.477 117.352 0.871668 0 0 0 0
0 111 33 148.787 115.508 0.921287 138.888 138.88 0.855876 117.373 162.309 0.862293 135.004 207.366 0.872079 164.434 236.685 0.830795 160.463 117.443 0.868096 191.68 142.777 0.780558 207.375 150.669 0.60589 168.245 209.418 0.747899 187.85 248.458 0.711974 211.397 307.186 0.802787 195.634 183.931 0.705232 228.935 195.645 0.224449 219.111 246.507 0.185997 144.726 115.347 0.862505 148.726 107.596 0.61946 123.257 117.369 0.813642 0 0 0 0
0 111 34 162.283 115.475 0.896216 146.743 136.975 0.880366 125.214 162.308 0.812357 144.783 207.416 0.885681 177.948 238.681 0.838898 164.414 117.359 0.835261 195.594 138.918 0.798959 211.323 154.586 0.565379 172.204 211.264 0.736771 195.578 254.309 0.736846 211.417 307.228 0.796514 195.737 185.849 0.691483 232.817 197.603 0.266788 224.979 242.649 0.228534 148.798 115.34 0.873202 160.415 105.669 0.620366 131.118 117.385 0.901552 0 0 0 0
0 111 35 164.32 117.457 0.949152 156.53 140.835 0.847276 133.122 162.353 0.836129 154.568 209.363 0.823665 181.944 240.721 0.821558 177.971 119.335 0.846931 207.34 142.848 0.817689 225.042 152.622 0.587497 178.044 211.35 0.778625 195.725 254.31 0.791375 213.237 307.243 0.779024 205.405 189.803 0.705674 242.529 207.415 0.377479 226.966 246.519 0.451081 152.651 115.475 0.902848 164.419 111.544 0.8311 133.121 117.45 0.945009 0 0 0 0
0 111 36 177.977 117.474 0.934666 162.463 144.72 0.897049 142.808 164.307 0.835257 162.434 211.232 0.898204 191.765 242.555 0.822573 181.994 119.397 0.795166 217.182 148.655 0.761506 262.169 146.76 0.402977 183.943 211.349 0.71906 195.736 256.287 0.756882 213.313 307.238 0.775171 211.385 191.667 0.678513 250.436 211.311 0.274054 230.897 252.365 0.285646 164.445 117.301 0.970771 177.994 113.41 0.808393 146.746 117.502 0.928814 0 0 0 0
0 111 37 185.835 119.314 0.887205 174.121 144.743 0.876353 148.814 162.416 0.838278 166.34 211.252 0.812583 195.748 244.572 0.76407 193.731 123.249 0.833049 224.958 148.613 0.820875 240.564 166.283 0.505621 193.59 213.282 0.78012 199.56 256.365 0.749447 213.311 307.229 0.806292 221.109 191.763 0.697308 258.227 209.354 0.244259 236.762 254.314 0.272586 178.014 117.338 0.990487 183.896 113.485 0.687324 158.488 119.404 0.847734 0 0 0 0
0 111 38 195.608 125.197 0.894098 179.953 146.768 0.917841 160.465 168.289 0.772454 179.918 213.267 0.858552 207.376 244.583 0.674453 199.561 125.233 0.76278 228.96 148.629 0.788804 244.601 164.363 0.543144 197.574 217.176 0.709489 207.336 258.233 0.664883 213.298 307.157 0.81656 226.903 193.681 0.697122 271.921 201.501 0.274156 242.598 256.276 0.523247 187.804 119.334 0.874247 195.579 115.462 0.607835 164.424 125.252 0.882236 0 0 0 0
0 111 39 203.506 129.157 0.855822 191.766 148.64 0.894422 170.21 166.347 0.774464 183.953 215.246 0.787314 213.313 250.399 0.736918 211.222 131.005 0.822521 240.613 150.631 0.820292 258.256 166.301 0.532443 207.374 223.032 0.75166 211.377 260.191 0.709848 213.29 307.164 0.851046 232.826 203.454 0.659674 248.484 246.516 0.19822 244.623 269.954 0.135708 195.584 125.211 0.881445 203.465 117.468 0.647142 178.013 129.163 0.898334 0 0 0 0
0 111 40 211.404 131.015 0.919601 197.694 150.617 0.888747 179.966 168.313 0.815125 193.629 215.2 0.875717 224.933 254.33 0.712862 223.006 131.151 0.824963 252.391 156.508 0.774574 271.949 168.263 0.521848 215.248 223.072 0.754103 217.211 260.24 0.574282 213.252 305.326 0.859194 244.531 201.533 0.704338 287.522 221.095 0.271031 256.249 258.345 0.391484 207.354 127.14 0.827601 211.341 119.34 0.602965 182.028 131.094 0.898481 0 0 0 0
0 111 41 225.005 133.014 0.941794 209.376 158.442 0.89122 191.72 178.073 0.816712 207.407 224.995 0.896679 234.745 258.207 0.79197 226.957 134.982 0.783501 258.286 162.321 0.780926 275.934 177.989 0.518416 227.016 225.07 0.716167 234.805 266.081 0.295735 213.29 305.287 0.853726 254.371 205.417 0.709764 313.05 180.034 0.417742 271.947 264.129 0.30821 213.332 131.089 0.890451 224.989 123.279 0.635997 193.784 133.054 0.950852 0 0 0 0
0 111 42 234.791 135.01 0.840583 221.122 160.437 0.864251 199.553 176.101 0.73173 209.368 221.087 0.774058 240.623 262.144 0.810024 240.697 142.843 0.810421 273.855 174.157 0.753985 316.899 168.26 0.438356 242.664 228.898 0.669301 271.89 269.929 0.612848 326.77 330.667 0.643145 271.87 207.412 0.633165 318.973 180.091 0.349346 303.255 228.906 0.0530604 225.055 133.007 0.892756 232.834 131.003 0.624638 207.386 136.932 0.79917 0 0 0 0
0 111 43 244.596 144.746 0.873796 228.882 164.323 0.935448 211.25 180.027 0.839929 217.149 226.933 0.772137 244.643 266.102 0.747694 252.358 146.799 0.794569 285.578 174.152 0.736603 303.214 183.912 0.462139 256.35 228.962 0.726789 287.584 279.79 0.525243 336.462 338.451 0.698107 281.746 209.31 0.73228 332.633 185.884 0.68688 305.306 250.458 0.262679 240.61 136.987 0.868386 242.702 133.111 0.395151 221.046 144.81 0.861312 0 0 0 0
0 111 44 256.339 146.66 0.895569 240.58 166.312 0.89556 222.974 183.947 0.749402 230.881 234.781 0.76035 258.25 271.991 0.781213 258.188 148.704 0.794339 287.557 174.106 0.72226 303.232 189.796 0.549485 264.11 238.669 0.662494 301.248 287.614 0.535285 334.528 340.406 0.657825 287.532 211.388 0.717435 336.481 195.595 0.596818 315.012 256.33 0.187888 248.483 142.78 0.795664 256.348 135.017 0.442787 227.023 146.707 0.891 0 0 0 0
0 111 45 269.99 146.8 0.8903 252.423 170.235 0.851039 232.797 191.716 0.756594 240.625 238.69 0.825596 266.077 273.875 0.759875 271.907 150.674 0.811042 303.173 181.918 0.824192 324.781 191.687 0.436781 273.917 240.677 0.713204 309.134 232.832 0.258884 297.371 281.721 0.418292 299.364 217.195 0.734545 350.266 193.767 0.754992 315.008 269.946 0.324934 258.362 146.646 0.903357 269.933 138.916 0.431666 240.73 148.652 0.947321 0 0 0 0
0 111 46 275.907 148.744 0.875969 260.262 174.104 0.858203 242.542 191.696 0.814308 246.493 238.683 0.825092 273.891 273.98 0.812871 285.603 156.495 0.800552 311.062 185.902 0.77369 336.557 193.675 0.532597 285.589 242.686 0.730882 299.358 287.533 0.678459 340.459 336.598 0.630436 307.21 223.058 0.678611 350.234 203.489 0.313096 336.513 258.284 0.149813 271.879 148.608 0.92128 273.949 144.747 0.481852 254.318 150.665 0.836673 0 0 0 0
0 111 47 287.648 148.792 0.905398 271.936 176.078 0.888781 248.491 193.615 0.794331 256.249 240.613 0.813287 283.668 279.773 0.72753 289.671 158.458 0.799022 318.858 189.805 0.800649 326.763 201.533 0.403931 287.601 244.599 0.724485 307.235 285.654 0.444802 338.447 336.579 0.361426 314.945 224.994 0.733777 361.94 201.505 0.561259 334.554 264.15 0.325457 279.77 148.644 0.890259 285.674 146.611 0.372294 260.206 152.646 0.853453 0 0 0 0
0 111 48 295.448 152.593 0.855112 279.816 177.944 0.867392 258.274 191.701 0.840385 258.289 234.797 0.823401 287.647 281.699 0.723548 303.26 162.336 0.864152 324.774 193.654 0.724347 330.657 213.293 0.320052 291.552 248.497 0.722762 307.165 289.578 0.628923 342.408 336.468 0.557352 320.872 228.917 0.655865 320.943 285.59 0.276061 350.134 334.538 0.176802 287.666 148.784 0.962428 293.499 146.741 0.610455 270.029 154.594 0.847656 0 0 0 0
0 111 49 305.163 160.362 0.931969 287.651 178.086 0.938811 266.045 195.612 0.817288 271.862 242.611 0.841761 297.376 285.666 0.639098 309.118 162.307 0.808409 332.591 193.734 0.831302 318.964 228.926 0.550339 303.231 254.37 0.710732 307.231 293.454 0.538092 336.633 332.631 0.496984 332.572 234.753 0.599456 358.056 258.278 0.139113 0 0 0 297.372 152.58 0.865392 303.355 148.674 0.666587 273.947 160.363 0.914139 0 0 0 0
0 111 50 316.886 158.484 0.867381 297.372 178.1 0.886921 273.878 193.685 0.872679 274.003 240.639 0.839901 303.26 281.749 0.659003 320.822 164.274 0.88702 340.427 201.495 0.786184 332.567 230.853 0.479728 301.259 252.394 0.694257 320.907 295.407 0.308358 336.514 320.865 0.435197 328.7 232.808 0.685965 363.86 254.294 0.348415 336.502 295.477 0.450476 305.241 152.658 0.901339 313.044 148.711 0.562817 287.612 160.448 0.899684 0 0 0 0
0 111 51 320.811 160.441 0.904467 303.342 179.986 0.921306 277.795 195.569 0.848092 285.604 244.586 0.850119 307.202 289.523 0.675632 328.687 164.411 0.769818 350.135 203.487 0.8369 328.705 240.696 0.609849 318.921 258.317 0.731846 318.84 301.313 0.392513 350.216 320.918 0.436414 352.208 246.527 0.674936 328.685 297.409 0.60425 350.153 332.587 0.427654 314.957 154.582 0.791765 318.969 148.803 0.624887 291.493 162.308 0.86138 0 0 0 0
0 111 52 334.553 160.459 0.861161 313.05 185.855 0.798578 289.522 199.562 0.823909 289.552 248.511 0.863645 316.933 289.619 0.765056 336.443 172.172 0.794442 358.016 205.465 0.78877 385.423 207.369 0.499036 316.901 260.184 0.70743 336.535 295.451 0.536255 348.228 336.49 0.574097 346.289 242.608 0.696525 381.486 262.2 0.342641 350.21 307.232 0.330003 326.709 158.456 0.797652 330.668 150.69 0.193781 305.301 162.474 0.941722 0 0 0 0
0 111 53 340.471 164.348 0.841881 320.826 189.815 0.859311 299.348 205.421 0.754331 301.286 256.269 0.833224 324.765 301.251 0.723647 344.371 174.138 0.744371 365.788 209.281 0.900952 391.307 209.329 0.62902 328.681 258.258 0.695228 373.681 273.932 0.321659 348.217 309.175 0.450321 354.12 240.65 0.750427 401.085 223.032 0.495172 363.878 303.237 0.264365 334.567 162.434 0.910836 336.616 158.503 0.392695 314.981 166.276 0.853284 0 0 0 0
0 111 54 352.093 166.304 0.896001 330.647 193.689 0.842223 305.292 209.332 0.829212 305.296 260.188 0.87106 334.542 303.287 0.776413 352.119 178.035 0.81854 369.84 213.296 0.826577 403.044 209.285 0.569941 334.52 264.095 0.676895 383.461 273.891 0.333296 352.113 315.011 0.58246 361.938 244.541 0.731852 412.801 224.923 0.714298 369.818 307.165 0.485476 344.35 164.365 0.863256 350.152 162.306 0.302472 320.958 172.141 0.88008 0 0 0 0
0 111 55 360 176.036 0.815311 336.558 195.716 0.889129 318.815 211.381 0.809244 318.833 266.1 0.822985 342.37 307.2 0.664176 361.963 180.059 0.752289 379.603 217.187 0.822971 399.09 224.993 0.453136 340.417 268.005 0.649729 391.296 273.951 0.339964 365.808 320.805 0.592507 367.847 246.52 0.748946 420.638 226.979 0.736169 383.445 307.148 0.381516 352.141 172.146 0.854945 354.176 164.367 0.310161 334.495 177.979 0.883164 0 0 0 0
0 111 56 367.825 178.074 0.907664 348.268 205.456 0.817213 320.969 222.981 0.779565 320.957 271.898 0.867362 350.116 311.088 0.788645 369.76 191.677 0.76583 385.513 224.969 0.763276 416.771 223.025 0.464707 352.129 273.881 0.726287 369.849 320.902 0.610707 414.732 393.28 0.520215 381.569 256.231 0.718675 430.393 228.964 0.555511 406.967 289.595 0.194891 363.847 176.106 0.866983 367.739 172.139 0.298612 338.529 179.945 0.943483 0 0 0 0
0 111 57 381.456 181.941 0.877474 352.283 209.359 0.875634 334.539 224.957 0.827551 332.568 271.901 0.846628 352.293 313.002 0.726875 379.574 195.571 0.811846 399.07 226.956 0.822613 420.657 226.987 0.389264 356.069 277.847 0.678686 383.443 320.88 0.619005 412.846 393.244 0.604734 383.498 258.334 0.702881 430.497 242.562 0.391903 0 0 0 371.7 179.99 0.88154 379.486 177.925 0.211846 350.295 181.983 0.915101 0 0 0 0
0 111 58 387.362 183.931 0.794696 365.858 211.261 0.898087 344.335 225.007 0.782647 336.505 272.02 0.87989 363.954 311.078 0.725315 383.57 197.657 0.771681 406.935 236.698 0.77949 442.157 228.916 0.494692 365.9 283.695 0.737473 383.545 322.883 0.721606 412.861 389.32 0.660865 397.087 266.061 0.69183 446.068 242.706 0.290928 408.946 320.901 0.214243 383.401 180.076 0.892936 0 0 0 365.904 183.94 0.843983 0 0 0 0
0 111 59 399.086 189.753 0.893573 371.768 213.253 0.83198 352.131 226.968 0.886538 350.2 279.749 0.875502 369.845 316.903 0.702604 397.171 205.405 0.77633 414.742 240.577 0.726439 438.249 246.499 0.296745 369.747 285.661 0.694886 395.177 328.715 0.698096 414.73 391.321 0.746202 399.155 269.999 0.714585 432.385 291.501 0.511202 408.887 330.628 0.286393 395.156 182.009 0.863032 397.154 180.028 0.185153 371.715 191.76 0.863753 0 0 0 0
0 111 60 406.941 189.786 0.75934 383.513 215.204 0.858277 365.773 227.051 0.821199 354.203 281.734 0.822963 383.449 316.962 0.752092 408.92 207.319 0.757633 422.637 240.661 0.675456 434.336 260.212 0.21858 379.577 289.512 0.733256 397.191 332.59 0.733519 414.785 387.414 0.745482 410.799 273.845 0.699143 438.265 301.238 0.401165 416.798 334.577 0.391812 399.111 183.945 0.829327 401.116 179.971 0.311012 381.546 193.609 0.869888 0 0 0 0
0 111 61 414.876 191.669 0.839635 395.219 219.142 0.805157 369.825 228.943 0.803723 365.941 283.695 0.870544 395.174 318.908 0.647414 414.76 209.302 0.817477 430.467 242.561 0.664347 428.493 271.917 0.30358 391.281 293.499 0.662322 406.953 332.625 0.776894 414.811 389.332 0.789243 420.632 281.715 0.594526 446.044 309.107 0.376573 432.397 328.687 0.161761 412.774 183.906 0.849364 412.913 180.055 0.13888 389.371 193.629 0.882574 0 0 0 0
0 111 62 428.424 193.602 0.867754 399.189 219.116 0.858929 381.464 228.909 0.841936 379.535 283.711 0.852786 399.238 320.805 0.7655 426.447 209.323 0.773499 442.152 238.723 0.489307 473.453 238.658 0.234435 397.193 293.481 0.717116 412.843 336.475 0.749889 414.792 389.34 0.78815 428.385 277.836 0.656276 461.687 305.261 0.385344 432.434 338.521 0.197766 418.696 189.731 0.79793 428.374 183.911 0.21443 399.113 193.674 0.922439 0 0 0 0
0 111 63 434.393 191.768 0.813124 410.897 219.168 0.826547 389.324 227.003 0.828778 383.436 281.742 0.865966 408.922 318.951 0.730118 430.366 211.248 0.804697 450.024 238.65 0.455924 477.362 228.946 0.322542 404.973 291.579 0.684052 416.779 334.636 0.787027 414.852 391.293 0.836813 432.399 281.763 0.638245 461.711 315.015 0.256887 449.993 336.566 0.15695 430.397 185.87 0.849696 0 0 0 412.738 193.628 0.898542 0 0 0 0
0 111 64 446.04 191.716 0.817942 416.709 221.112 0.861184 399.073 232.814 0.824119 397.245 289.522 0.850706 424.534 324.782 0.70351 438.287 209.328 0.772661 461.823 230.843 0.636061 493.095 213.255 0.418832 412.743 297.37 0.720381 418.714 336.529 0.685981 414.863 389.327 0.824039 442.154 283.651 0.655476 479.32 307.2 0.316286 442.147 363.9 0.37944 442.147 185.845 0.805954 0 0 0 418.706 193.674 0.895177 0 0 0 0
0 111 65 455.9 193.678 0.76545 428.464 223.011 0.868424 408.911 227.016 0.828512 401.128 287.611 0.836147 430.417 330.602 0.744782 446.143 213.262 0.77847 461.698 252.386 0.444446 461.741 275.887 0.12713 416.71 299.377 0.739589 428.431 338.452 0.732459 414.879 389.354 0.852116 446.073 287.674 0.651174 475.417 318.944 0.145977 457.802 352.21 0.100554 448.086 187.846 0.742455 0 0 0 430.543 193.598 0.870365 0 0 0 0
0 111 66 465.652 193.706 0.800905 434.365 223.078 0.845306 416.702 228.931 0.838337 412.866 289.498 0.860978 440.238 328.671 0.601537 457.757 213.28 0.733098 471.529 240.714 0.372622 491.128 242.566 0.171552 426.477 301.288 0.728296 434.407 338.446 0.741669 416.725 389.383 0.88397 448.118 287.672 0.638247 489.063 320.871 0.103809 0 0 0 461.689 189.781 0.796637 0 0 0 442.201 193.708 0.853672 0 0 0 0
0 111 67 475.39 197.583 0.822757 444.175 224.991 0.879857 428.538 236.705 0.791553 426.526 291.57 0.721994 448.047 330.656 0.494598 459.835 213.307 0.721237 475.422 246.546 0.247112 475.436 287.609 0.0745007 430.426 303.264 0.740154 444.057 346.263 0.710644 416.808 389.325 0.876592 457.852 291.489 0.613156 481.321 334.551 0.135434 473.472 352.157 0.135628 469.562 193.777 0.810573 0 0 0 448.06 195.673 0.877993 0 0 0 0
0 111 68 489.141 195.754 0.843674 457.77 227.043 0.835189 434.347 240.596 0.79282 434.332 293.489 0.697217 459.786 318.898 0.432428 475.459 223.071 0.760746 491.028 260.227 0.364541 489.154 297.387 0.125173 444.063 307.179 0.738857 446.162 350.128 0.737029 418.711 389.38 0.860851 473.422 299.338 0.615123 516.496 318.923 0.289021 479.34 354.123 0.207464 481.269 195.564 0.865392 0 0 0 461.817 197.597 0.886037 0 0 0 0
0 111 69 493.154 203.457 0.812505 463.776 230.876 0.815908 446.163 242.617 0.877979 446.102 303.225 0.813351 475.465 340.446 0.645642 489.067 224.912 0.735789 493.033 262.201 0.484959 493.122 303.286 0.334712 453.937 313.067 0.718319 457.777 354.165 0.681114 418.722 387.435 0.857221 479.416 303.274 0.684767 502.847 350.241 0.159691 487.204 350.24 0.0790392 491.086 195.754 0.891738 492.976 195.62 0.0873489 471.521 201.556 0.815774 0 0 0 0
0 111 70 506.725 207.392 0.806571 477.31 234.802 0.855069 461.686 244.623 0.804402 457.832 303.3 0.768141 483.243 342.361 0.555447 493.003 225.011 0.745889 504.819 269.984 0.311185 506.744 303.306 0.129882 459.831 318.881 0.773674 475.401 360.032 0.642022 420.662 387.395 0.842058 485.231 307.228 0.603011 498.912 352.239 0.204746 444.155 381.567 0.0643722 498.938 199.597 0.741996 0 0 0 477.458 205.464 0.885248 0 0 0 0
0 111 71 520.398 209.387 0.742281 481.328 240.565 0.804101 469.534 248.485 0.734741 463.742 309.164 0.771421 496.963 348.294 0.703109 495.037 227.035 0.649141 512.601 273.96 0.160929 0 0 0 473.469 318.966 0.711218 477.378 367.842 0.691042 426.459 387.356 0.854037 495.016 309.106 0.605333 514.58 354.144 0.177282 0 0 0 510.693 207.335 0.732904 0 0 0 493.069 209.393 0.905352 0 0 0 0
0 111 72 526.333 213.335 0.709587 498.891 242.624 0.795097 479.418 256.292 0.810844 475.482 316.934 0.807298 506.779 350.22 0.761222 518.46 234.756 0.620076 526.292 275.889 0.19876 526.275 307.192 0.0535506 477.429 320.876 0.722294 481.325 377.587 0.605432 430.408 385.419 0.836775 506.708 311.11 0.631687 540.051 350.245 0.301726 549.747 399.083 0.465246 522.416 211.277 0.801061 0 0 0 502.859 211.384 0.812146 0 0 0 0
0 111 73 538.069 221.065 0.678993 508.629 242.619 0.828752 491.16 258.198 0.841848 485.231 318.86 0.777388 522.312 352.095 0.716596 526.279 230.882 0.631068 541.97 271.984 0.136323 0 0 0 495.022 322.85 0.586375 541.938 346.291 0.377387 545.876 399.175 0.601499 522.412 307.19 0.522648 585 318.923 0.123226 532.171 358.068 0.143713 534.116 213.226 0.730977 0 0 0 512.634 215.201 0.87541 0 0 0 0
0 111 74 543.941 221.076 0.603618 520.449 244.64 0.767701 506.722 260.203 0.771622 496.977 318.981 0.729787 528.25 352.23 0.721859 536.067 238.641 0.662865 547.826 275.838 0.258831 542.043 313.044 0.113107 496.934 322.886 0.661161 510.71 381.49 0.696681 448.105 387.43 0.845484 522.347 316.987 0.594834 540.057 365.799 0.274467 551.724 399.201 0.289724 540.028 213.278 0.75161 0 0 0 524.402 217.212 0.837981 0 0 0 0
0 111 75 555.601 223.07 0.708266 524.437 248.48 0.829172 512.585 258.331 0.781969 506.633 318.873 0.769313 538.028 356.096 0.627475 539.991 240.602 0.78967 573.267 258.274 0.698178 602.601 254.379 0.466139 502.839 320.893 0.761722 542.014 361.954 0.566749 467.608 397.095 0.831718 524.352 311.086 0.658504 569.307 332.584 0.386611 551.763 393.244 0.452079 553.614 215.215 0.747508 0 0 0 532.193 221.067 0.817328 0 0 0 0
0 111 76 563.466 225.043 0.703662 532.204 256.234 0.815599 522.311 258.364 0.79665 510.657 318.909 0.696082 541.952 354.101 0.613763 545.841 248.51 0.732237 557.641 287.525 0.295336 561.536 307.183 0.105529 510.715 322.805 0.707263 547.846 358.036 0.631323 549.743 403.026 0.607028 537.986 316.988 0.668054 555.719 352.224 0.473349 545.9 393.267 0.392075 557.674 221.074 0.741264 0 0 0 541.975 224.885 0.859759 0 0 0 0
0 111 77 573.267 226.87 0.593569 540.046 256.199 0.809714 534.072 260.286 0.76079 524.434 318.932 0.702316 555.69 354.169 0.562893 551.763 244.608 0.666167 567.357 287.58 0.13052 569.392 309.137 0.0730129 514.601 320.93 0.699186 553.668 358.027 0.685859 543.884 403.066 0.689788 536.114 316.924 0.584347 559.606 352.218 0.41905 547.797 397.128 0.449201 571.304 223.015 0.692237 0 0 0 555.682 225.019 0.83877 0 0 0 0
0 111 78 583 227.001 0.620677 549.747 256.258 0.787751 538.043 258.305 0.844111 540.017 307.239 0.655623 565.442 340.439 0.454467 559.561 250.43 0.697434 571.361 289.517 0.276042 584.911 316.928 0.106085 524.276 320.845 0.778775 551.75 358.068 0.68581 543.928 405.029 0.717712 545.884 316.962 0.62857 575.204 350.196 0.556586 563.48 391.292 0.64324 581.044 224.934 0.709764 0 0 0 567.35 225.022 0.857783 0 0 0 0
0 111 79 594.795 228.958 0.498295 553.769 254.278 0.811211 545.835 258.313 0.770075 553.763 313.033 0.648945 577.178 359.979 0.446422 563.485 244.583 0.615589 585.03 287.617 0.240802 586.977 297.382 0.101822 524.396 320.949 0.769554 559.592 365.8 0.740506 540.072 414.698 0.774708 549.797 316.988 0.553121 584.969 354.118 0.260112 565.407 399.068 0.430817 592.806 225.073 0.665155 0 0 0 579.149 226.951 0.88693 0 0 0 0
0 111 80 602.56 234.762 0.537973 557.624 256.214 0.692558 553.68 266.102 0.756314 557.622 320.852 0.655907 577.194 352.193 0.532152 565.407 242.593 0.534395 577.198 287.61 0.109959 0 0 0 528.291 322.798 0.729063 569.29 363.9 0.722707 549.748 414.791 0.778639 549.776 316.965 0.505219 588.878 354.152 0.502009 569.379 405.001 0.630818 600.72 227.007 0.702469 0 0 0 586.99 228.872 0.820876 0 0 0 1
0 111 81 612.398 240.596 0.358603 569.39 254.336 0.739096 567.401 273.895 0.592258 577.179 328.701 0.431641 602.613 367.809 0.516122 571.283 238.683 0.613296 590.876 244.565 0.0842483 0 0 0 538.019 320.932 0.741113 575.221 365.92 0.746473 581.056 424.54 0.697618 540.022 318.835 0.467684 575.229 363.878 0.297927 542 401.08 0.666213 614.261 230.861 0.481953 0 0 0 600.587 230.891 0.844367 0 0 0 1
0 111 82 618.254 240.646 0.276408 575.232 252.395 0.698249 571.269 264.136 0.614909 575.249 313.047 0.45575 618.243 365.859 0.18084 577.163 240.604 0.612863 600.691 273.969 0.195198 616.247 293.47 0.209697 541.972 320.96 0.733544 579.135 365.893 0.653656 594.762 418.739 0.76456 547.836 318.849 0.527043 571.262 365.8 0.438987 543.913 404.963 0.699181 618.343 230.882 0.388474 0 0 0 610.399 230.885 0.848515 0 0 0 1
0 111 83 631.866 240.641 0.486434 590.838 254.307 0.760902 581.04 256.305 0.644095 583.033 316.935 0.474909 620.256 367.795 0.241172 602.686 246.54 0.6336 622.225 287.652 0.606044 635.874 305.199 0.110096 545.898 320.835 0.74983 573.251 367.766 0.795163 602.63 420.678 0.827138 575.226 316.925 0.632517 604.534 352.127 0.4689 631.979 381.477 0.155903 629.989 232.832 0.5458 0 0 0 612.378 232.837 0.733207 0 0 0 1
0 111 84 633.887 240.722 0.402015 596.753 254.364 0.749768 586.988 266.103 0.650725 600.624 330.601 0.741773 634.002 373.678 0.696836 600.643 242.598 0.593686 618.344 287.624 0.191002 631.907 303.223 0.164526 551.701 320.912 0.702512 579.121 367.866 0.758742 614.333 424.581 0.814362 569.356 318.872 0.521209 602.579 354.153 0.204892 551.733 399.188 0.623819 633.865 236.732 0.471259 0 0 0 622.142 236.734 0.758856 0 0 0 1
0 111 85 647.487 244.601 0.3288 602.524 256.366 0.775944 598.631 275.893 0.669581 602.635 334.499 0.771941 645.629 377.589 0.759871 604.608 240.694 0.565908 633.824 246.57 0.0590863 0 0 0 555.602 320.891 0.66508 586.944 367.872 0.819112 618.273 428.377 0.830023 571.297 318.88 0.447105 612.343 352.15 0.141629 551.673 399.119 0.576995 645.626 240.691 0.448328 0 0 0 631.92 240.712 0.797946 0 0 0 1
0 111 86 651.523 248.467 0.562534 606.547 256.381 0.803234 602.7 273.956 0.660889 610.403 334.527 0.738535 651.559 377.613 0.788774 610.442 244.536 0.66111 631.932 258.305 0.0630916 0 0 0 561.557 322.885 0.682231 594.762 367.789 0.787283 620.202 424.579 0.81236 563.5 318.961 0.575967 573.309 365.772 0.29882 553.59 399.182 0.772535 649.633 242.604 0.693085 0 0 0 635.923 242.532 0.801064 0 0 0 1
0 111 87 657.405 254.381 0.650215 612.366 258.329 0.702285 600.69 271.898 0.674914 598.654 324.832 0.296547 612.396 344.349 0.118511 618.229 252.417 0.534391 622.209 307.175 0.0987023 663.235 381.464 0.119009 567.373 330.645 0.655389 596.736 367.858 0.67515 631.859 428.374 0.733043 584.982 322.848 0.526545 620.215 340.447 0.281445 667.177 387.395 0.387038 655.454 244.595 0.723149 0 0 0 639.769 242.622 0.728452 0 0 0 1
0 111 88 665.154 258.276 0.258299 618.297 270.015 0.823311 618.348 287.573 0.715049 631.9 342.417 0.716391 665.226 383.462 0.674879 618.319 256.311 0.670633 630.027 334.632 0.182878 663.186 350.267 0.337144 571.251 334.483 0.67166 606.531 369.791 0.729858 633.943 420.642 0.718114 567.384 324.804 0.547773 575.268 358.07 0.326206 553.732 399.205 0.808271 663.348 256.206 0.332308 0 0 0 657.35 254.298 0.76855 0 0 0 1
0 111 89 667.212 269.964 0.148497 628.023 273.905 0.853336 633.944 293.484 0.813975 633.88 348.29 0.795137 678.932 385.479 0.687754 616.35 258.293 0.821259 0 0 0 0 0 0 579.109 338.511 0.702788 622.18 367.903 0.686423 643.698 422.573 0.731746 557.612 330.613 0.711906 581.076 356.117 0.412899 555.597 401.085 0.852982 0 0 0 0 0 0 663.323 256.375 0.926721 647.492 242.577 0.197682 1
0 111 90 0 0 0 631.94 273.969 0.887894 641.75 297.382 0.739848 645.671 352.11 0.818067 680.898 391.312 0.738405 620.246 258.323 0.805593 0 0 0 0 0 0 583.059 338.523 0.704875 618.365 383.431 0.747796 635.836 428.383 0.791183 561.556 328.695 0.66635 579.121 361.921 0.465524 555.65 403.047 0.810369 0 0 0 0 0 0 676.89 258.348 0.874572 649.572 242.599 0.246165 1
0 111 91 0 0 0 635.834 275.84 0.832828 647.676 301.291 0.821449 649.565 354.119 0.818889 692.559 397.112 0.737503 626.092 258.278 0.721692 0 0 0 0 0 0 587.012 344.372 0.685642 626.094 383.477 0.682354 635.915 428.459 0.743301 563.501 332.583 0.660362 579.134 359.99 0.442589 557.584 410.823 0.745243 0 0 0 0 0 0 680.821 264.101 0.88057 649.657 244.631 0.374306 1
0 111 92 0 0 0 645.652 279.746 0.835984 655.405 303.183 0.76081 655.434 356.064 0.719405 696.487 397.222 0.725568 633.85 260.202 0.823794 0 0 0 0 0 0 588.905 346.26 0.649735 600.657 352.221 0.103628 0 0 0 565.445 332.57 0.692223 583.052 361.91 0.465591 559.551 412.76 0.751946 0 0 0 0 0 0 690.659 271.873 0.875273 661.278 252.342 0.470351 1
0 111 93 0 0 0 649.594 279.798 0.831209 663.259 303.192 0.842194 663.321 361.931 0.816424 696.608 399.131 0.775162 635.936 258.36 0.806919 0 0 0 0 0 0 594.778 348.271 0.632818 639.783 383.487 0.409468 633.962 428.402 0.649307 569.281 334.549 0.733613 584.975 359.98 0.49272 559.575 410.897 0.756236 0 0 0 0 0 0 696.447 271.917 0.953169 665.137 254.357 0.470441 1
0 111 94 0 0 0 655.457 285.591 0.844909 665.256 305.153 0.851961 667.146 365.815 0.848497 704.353 399.222 0.76158 645.658 262.15 0.808457 665.22 272.039 0.0570243 0 0 0 600.636 346.315 0.666427 645.642 412.75 0.462949 637.843 424.586 0.537909 571.369 332.615 0.731221 583.075 361.962 0.650597 555.723 414.716 0.832349 0 0 0 0 0 0 696.597 273.871 0.934945 671.099 256.213 0.467225 1
0 111 95 0 0 0 661.34 285.671 0.86986 669.121 305.174 0.801385 671.1 363.901 0.781412 706.273 403.045 0.753692 649.589 266.117 0.810712 665.369 273.874 0.0665292 0 0 0 600.686 346.282 0.69683 633.95 395.185 0.608438 635.943 428.405 0.703599 573.31 332.617 0.718684 582.973 356.116 0.541529 553.762 412.846 0.859508 0 0 0 0 0 0 700.458 274.001 0.859322 678.874 256.312 0.449177 1
0 111 96 0 0 0 665.235 287.628 0.900777 678.848 307.159 0.785398 678.863 365.945 0.863304 700.479 408.862 0.73361 651.519 268.052 0.817486 665.339 271.938 0.063682 0 0 0 602.673 346.281 0.696436 632.014 389.336 0.624277 639.796 426.491 0.729553 573.263 330.664 0.702401 575.234 356.126 0.691496 553.605 412.809 0.875751 0 0 0 0 0 0 710.213 277.815 0.938833 678.993 258.204 0.456869 1
0 111 97 0 0 0 669.11 287.603 0.909102 680.793 305.271 0.765867 678.97 365.922 0.854894 710.29 404.987 0.836621 663.187 268.049 0.7889 694.559 313 0.242757 723.839 334.571 0.144186 604.627 348.228 0.722497 637.849 406.971 0.466258 641.765 426.537 0.599798 575.226 330.666 0.66458 571.37 358.068 0.717141 543.899 414.802 0.826311 0 0 0 0 0 0 712.206 281.751 0.855593 684.785 258.277 0.362 1
0 111 98 0 0 0 673.046 287.647 0.883262 680.927 309.119 0.758081 680.904 367.796 0.868095 712.123 406.965 0.872029 665.165 268.052 0.771666 690.65 287.671 0.113544 0 0 0 604.607 338.456 0.741144 633.895 397.127 0.642767 641.735 426.5 0.692281 579.115 320.917 0.678976 571.228 361.925 0.808446 540.054 412.748 0.868707 0 0 0 0 0 0 712.238 287.583 0.882564 690.676 260.285 0.328597 1
0 111 99 0 0 0 676.987 289.643 0.872044 686.75 307.238 0.797075 684.804 367.88 0.818517 712.225 408.876 0.873246 667.155 271.955 0.764253 684.797 285.638 0.0863938 0 0 0 606.566 338.476 0.721363 633.894 395.224 0.640868 641.729 428.376 0.713681 581.084 320.862 0.68707 567.427 363.873 0.814178 536.083 412.811 0.857526 0 0 0 0 0 0 719.966 287.631 0.916559 694.477 266.091 0.411757 1
0 111 100 0 0 0 678.917 291.521 0.860568 688.738 307.223 0.803309 688.662 367.765 0.821426 714.179 404.995 0.816247 667.239 273.88 0.740704 688.682 285.58 0.078151 0 0 0 612.362 338.487 0.740375 632.018 385.449 0.652716 637.808 426.503 0.762117 584.942 320.822 0.747524 561.513 365.787 0.808142 526.28 414.713 0.888138 0 0 0 0 0 0 723.831 289.554 0.892232 694.586 269.967 0.428356 1
0 111 101 0 0 0 680.849 291.522 0.869102 692.583 307.222 0.799186 694.47 365.842 0.857755 716.115 404.968 0.781727 671.127 273.914 0.731194 708.237 291.512 0.0875773 0 0 0 614.381 336.583 0.729187 631.875 381.578 0.730257 635.92 428.395 0.805186 586.922 318.969 0.787602 555.731 365.889 0.853602 524.297 414.755 0.901752 0 0 0 0 0 0 723.912 289.629 0.865683 694.66 271.854 0.371359 1
0 111 102 0 0 0 682.824 291.587 0.84437 694.549 313.013 0.800815 694.653 365.939 0.887024 718.079 405.002 0.77137 676.934 273.925 0.758866 710.173 299.301 0.110228 0 0 0 616.318 338.485 0.773444 633.921 383.509 0.825134 635.891 428.452 0.836523 586.969 320.819 0.786533 555.661 367.76 0.860244 522.324 414.837 0.872089 0 0 0 0 0 0 725.789 291.53 0.866208 696.637 271.933 0.415969 1
0 111 103 0 0 0 684.77 293.492 0.825348 694.573 313.068 0.794441 696.566 367.911 0.850129 721.983 405.022 0.761385 678.846 275.845 0.724159 714.14 316.974 0.348815 763.057 350.29 0.357424 618.216 338.49 0.769006 633.85 383.521 0.81185 635.867 428.432 0.812013 588.901 320.832 0.774178 555.665 367.772 0.877149 518.469 414.856 0.808105 0 0 0 0 0 0 725.837 293.478 0.740672 700.436 271.945 0.243912 1
0 111 104 0 0 0 684.815 293.503 0.818908 696.475 316.943 0.794921 696.588 369.765 0.819509 723.932 403.047 0.756677 678.863 275.834 0.737816 712.084 303.301 0.108187 0 0 0 618.334 340.468 0.750256 633.855 385.485 0.662058 635.842 428.41 0.782416 588.963 320.88 0.764296 555.582 367.893 0.855518 518.423 414.826 0.810322 0 0 0 0 0 0 725.879 295.45 0.782883 702.435 271.938 0.307154 1
0 111 105 0 0 0 686.75 295.454 0.832186 696.49 316.957 0.796021 698.473 369.757 0.829787 725.826 403.049 0.794604 678.925 275.888 0.725531 712.171 305.284 0.161847 0 0 0 618.27 338.489 0.77483 633.865 387.421 0.750611 635.92 428.412 0.791261 588.975 320.829 0.753777 555.706 367.825 0.864095 514.595 414.872 0.78171 0 0 0 0 0 0 725.828 299.317 0.754708 704.39 273.842 0.262343 1
0 111 106 0 0 0 688.7 295.425 0.825618 696.534 316.915 0.801381 698.559 369.767 0.79982 725.859 401.057 0.836953 678.976 275.898 0.706948 712.116 303.306 0.128939 0 0 0 618.325 338.506 0.769994 633.844 391.272 0.741337 635.904 428.445 0.772327 590.908 320.849 0.739857 555.631 367.917 0.86736 512.623 418.687 0.762852 0 0 0 0 0 0 725.881 297.407 0.753835 708.224 273.871 0.193439 1
0 111 107 0 0 0 690.607 299.305 0.814225 696.585 316.926 0.805242 698.517 367.799 0.796922 725.812 399.206 0.847301 678.967 279.78 0.720176 710.171 303.281 0.065461 0 0 0 618.334 342.357 0.761368 632.028 387.361 0.751253 633.999 428.445 0.832531 592.8 320.885 0.72585 555.687 367.889 0.866875 516.508 416.765 0.775735 0 0 0 0 0 0 725.916 299.339 0.756664 708.277 273.912 0.19428 1
0 111 108 727.838 311.071 0.0549919 690.631 297.422 0.807684 696.567 314.971 0.811278 700.466 367.811 0.785 725.9 399.219 0.883883 680.872 281.724 0.684683 710.122 303.229 0.0643729 0 0 0 620.193 342.374 0.752869 633.899 387.361 0.731575 633.98 428.431 0.826927 592.819 320.894 0.731966 555.657 371.715 0.828732 516.507 420.685 0.770699 0 0 0 0 0 0 725.923 297.424 0.738603 710.2 273.954 0.168735 1
0 111 109 0 0 0 690.656 297.392 0.829746 696.603 316.917 0.808958 704.323 367.859 0.741275 725.867 399.186 0.834498 680.878 279.765 0.720936 696.587 289.602 0.0648308 0 0 0 620.255 344.348 0.722607 633.881 385.479 0.753277 633.921 428.5 0.868811 594.766 320.933 0.731062 557.591 371.743 0.814894 516.556 426.474 0.804135 0 0 0 0 0 0 727.747 297.392 0.792612 710.141 273.912 0.207532 1
0 111 110 0 0 0 692.544 299.306 0.845401 696.622 316.988 0.804698 706.309 367.911 0.74598 727.81 399.126 0.851787 680.939 279.761 0.727046 696.517 287.644 0.0703062 0 0 0 620.278 344.36 0.706757 633.906 383.574 0.745253 633.913 428.468 0.885809 594.796 320.94 0.74516 555.744 373.697 0.812862 520.397 426.468 0.83503 0 0 0 0 0 0 725.932 299.368 0.823835 710.229 274.03 0.197377 1
0 111 111 727.911 309.134 0.100533 692.533 297.412 0.855527 696.609 318.85 0.805437 710.125 367.91 0.809699 729.805 399.131 0.831859 682.807 277.844 0.731799 712.177 305.115 0.109799 0 0 0 622.157 346.301 0.700536 633.875 385.438 0.754512 633.919 428.508 0.885752 594.794 322.803 0.745033 557.577 373.699 0.800621 522.348 428.371 0.875981 0 0 0 0 0 0 725.941 301.262 0.84375 710.256 274.05 0.21101 1
0 111 112 727.749 314.931 0.0800958 692.529 299.338 0.848457 698.462 316.935 0.788635 710.18 367.879 0.824127 731.765 397.245 0.81583 680.89 279.809 0.732804 712.176 305.265 0.0904751 0 0 0 622.203 348.211 0.707434 633.992 385.474 0.628882 633.919 428.513 0.862228 596.732 322.852 0.740359 555.747 377.579 0.81091 522.419 428.501 0.889861 0 0 0 0 0 0 727.753 301.321 0.822867 710.21 275.899 0.215446 1
0 111 113 725.955 315.024 0.0822164 690.66 299.309 0.83395 698.458 316.93 0.789742 710.198 367.891 0.800978 735.628 399.064 0.77373 680.852 277.859 0.727371 694.497 283.703 0.0612258 0 0 0 624.136 346.303 0.693773 633.978 385.473 0.719566 633.924 428.522 0.894008 598.629 322.835 0.756102 557.613 379.493 0.800401 522.481 428.441 0.890483 0 0 0 0 0 0 725.931 303.169 0.817187 710.228 275.923 0.220913 1
0 111 114 725.958 316.835 0.0974648 692.554 299.315 0.854121 698.506 316.924 0.790032 710.262 367.823 0.850511 733.73 397.242 0.807542 680.879 277.863 0.73565 710.276 303.221 0.0793775 0 0 0 624.166 348.208 0.701589 634.012 385.472 0.685341 633.985 428.526 0.868395 598.65 322.877 0.756281 559.543 379.548 0.791208 524.294 428.481 0.892889 0 0 0 0 0 0 725.925 301.317 0.827545 710.24 275.898 0.242156 1
0 111 115 0 0 0 692.606 301.269 0.858739 698.545 318.842 0.784171 712.158 367.825 0.818126 735.647 397.22 0.792597 680.92 279.808 0.728276 712.14 305.195 0.0554805 0 0 0 628.034 346.278 0.679957 635.9 383.486 0.772241 633.959 428.515 0.90894 598.714 322.851 0.775534 559.584 379.59 0.806111 524.298 428.502 0.898977 0 0 0 0 0 0 727.756 303.206 0.845684 710.235 279.767 0.289255 1
0 111 116 725.893 318.765 0.0676062 692.62 301.317 0.853156 698.536 316.966 0.771713 712.187 367.764 0.803053 735.651 397.162 0.807903 682.803 283.666 0.718326 714.107 309.091 0.0580395 0 0 0 628.03 346.288 0.689117 635.919 383.526 0.773419 633.917 428.546 0.919384 598.71 322.875 0.769576 559.6 379.594 0.808027 524.302 428.549 0.898977 0 0 0 0 0 0 727.847 303.255 0.824854 710.28 281.722 0.267524 1
0 111 117 725.823 318.775 0.0794025 694.502 301.333 0.838245 700.454 315.007 0.744401 712.132 365.865 0.795977 735.661 397.162 0.815806 682.851 285.602 0.701424 714.176 318.915 0.0761529 0 0 0 628.039 346.265 0.680632 637.803 383.434 0.7771 633.929 428.533 0.921297 600.579 322.887 0.762677 559.557 381.427 0.816591 524.273 430.362 0.901134 0 0 0 0 0 0 727.885 303.295 0.750163 712.167 281.737 0.167142 1
0 111 118 725.934 316.94 0.0585718 694.558 303.204 0.866734 704.352 316.958 0.746342 712.256 365.855 0.784765 735.622 397.111 0.823203 682.844 285.651 0.744706 716.083 316.962 0.0649229 0 0 0 629.949 346.284 0.685139 635.927 383.544 0.760909 633.964 428.55 0.904597 600.583 324.75 0.766742 557.68 381.472 0.823965 522.443 430.472 0.891979 0 0 0 0 0 0 727.905 303.29 0.765828 712.141 281.758 0.225922 1
0 111 119 727.954 316.851 0.0895501 694.546 303.246 0.893488 704.321 318.882 0.768638 712.139 365.869 0.807535 733.671 397.101 0.848758 682.862 285.629 0.744702 719.994 314.976 0.08851 0 0 0 629.931 344.356 0.70022 637.829 383.58 0.778524 633.997 428.541 0.911066 600.625 322.873 0.785551 557.621 381.484 0.842595 522.383 430.49 0.880849 0 0 0 0 0 0 727.899 303.325 0.835924 712.155 283.684 0.24436 1
0 111 120 0 0 0 694.564 303.272 0.89292 704.366 318.95 0.76023 712.153 365.888 0.804735 731.735 395.247 0.831113 682.852 285.636 0.764422 723.899 316.893 0.149324 0 0 0 630 344.377 0.709146 635.925 385.481 0.788793 633.967 430.402 0.913538 600.641 322.866 0.783964 557.625 381.449 0.840476 522.344 430.438 0.893766 0 0 0 0 0 0 729.767 305.177 0.814921 712.122 285.628 0.367887 1
0 111 121 0 0 0 694.564 303.272 0.876186 706.255 318.944 0.734976 712.121 365.831 0.820652 729.797 397.156 0.885432 682.867 285.652 0.753663 721.94 313.065 0.11533 0 0 0 629.996 346.277 0.70569 637.87 383.433 0.75617 633.973 428.556 0.912945 600.633 324.759 0.788102 557.585 381.468 0.845476 520.46 430.404 0.883218 0 0 0 0 0 0 729.771 305.212 0.804008 712.135 285.635 0.371787 1
0 111 122 725.849 318.994 0.139919 694.565 303.26 0.874364 702.404 318.92 0.716562 710.195 365.789 0.804684 727.794 397.204 0.949536 684.814 285.622 0.72691 725.817 318.816 0.309329 759.128 352.214 0.0765054 630 344.366 0.719181 637.818 385.446 0.756858 633.94 430.377 0.903612 600.617 322.848 0.782523 557.626 379.577 0.835906 518.484 428.562 0.856441 0 0 0 0 0 0 727.887 305.275 0.811963 712.221 287.511 0.315027 1
0 111 123 725.748 318.998 0.137871 694.559 303.251 0.879136 700.453 318.901 0.747596 710.215 365.881 0.819183 727.779 399.061 0.921417 686.718 285.628 0.716534 725.858 318.82 0.37348 761.14 350.285 0.170513 629.947 342.409 0.700449 639.751 383.518 0.799487 633.838 430.445 0.920797 600.636 322.828 0.783677 557.595 379.502 0.806051 518.459 428.462 0.847202 0 0 0 0 0 0 727.879 305.261 0.760847 712.251 287.512 0.312595 1
0 111 124 725.778 318.962 0.097664 694.569 303.305 0.846799 704.337 318.925 0.729748 712.174 365.86 0.784 727.795 397.168 0.892625 684.774 287.555 0.712671 725.782 316.983 0.187216 0 0 0 629.994 342.432 0.698306 639.809 383.407 0.789995 633.859 430.423 0.919668 600.662 322.858 0.784729 555.722 379.534 0.807908 514.585 428.48 0.836939 0 0 0 0 0 0 731.731 305.239 0.74671 712.184 287.546 0.364906 1
0 111 125 0 0 0 694.581 303.327 0.843826 706.312 318.957 0.732652 712.184 365.921 0.789829 727.791 397.22 0.874844 682.853 287.562 0.717873 725.824 318.839 0.152914 0 0 0 630.035 344.378 0.703158 641.717 383.416 0.762203 633.847 430.443 0.907981 600.66 322.842 0.792649 555.701 379.513 0.806491 512.628 428.516 0.835048 0 0 0 0 0 0 731.737 305.263 0.724229 712.139 287.527 0.349483 1
0 111 126 0 0 0 694.619 305.218 0.838683 708.222 320.846 0.783319 712.118 365.866 0.839419 725.922 397.167 0.902609 682.862 287.614 0.714662 725.809 318.858 0.160621 0 0 0 631.881 344.38 0.705562 641.732 383.431 0.77333 632.042 430.472 0.911329 600.694 322.866 0.792932 555.681 379.527 0.82125 510.675 428.55 0.842691 0 0 0 0 0 0 731.7 305.264 0.728095 712.111 287.558 0.377231 1
0 111 127 725.957 318.948 0.18236 694.581 305.164 0.864129 706.296 320.834 0.76167 712.106 365.866 0.837337 725.903 397.126 0.910265 682.854 287.554 0.727162 723.836 318.835 0.120561 0 0 0 630.026 344.358 0.707717 641.718 383.421 0.781823 633.842 430.451 0.912565 600.688 322.86 0.796916 555.695 377.62 0.807294 510.682 428.467 0.848286 0 0 0 0 0 0 729.76 305.296 0.727637 712.122 287.518 0.371307 1
0 111 128 725.918 318.909 0.4375 694.549 305.228 0.830903 702.428 320.852 0.738736 710.272 365.913 0.798248 725.889 399.059 0.898516 684.79 287.654 0.670119 725.841 318.834 0.116212 0 0 0 630.034 348.205 0.74026 637.793 391.28 0.638709 633.878 430.411 0.854877 600.676 324.796 0.767311 555.569 379.58 0.827047 510.689 428.461 0.839699 725.896 314.967 0.376551 0 0 0 725.892 305.274 0.722255 712.164 287.651 0.304358 1
0 111 129 727.74 318.924 0.31406 694.544 305.25 0.843384 704.365 320.883 0.768071 712.137 367.77 0.82207 725.925 399.077 0.891592 682.858 287.67 0.693917 725.788 316.951 0.101231 0 0 0 631.877 346.318 0.742044 637.81 389.37 0.685521 633.859 430.428 0.858122 600.682 324.761 0.773711 555.615 379.503 0.821845 510.718 428.444 0.826915 727.738 314.992 0.281319 0 0 0 727.834 305.309 0.751911 712.105 287.625 0.355807 1
0 111 130 727.73 319.006 0.205415 694.531 305.289 0.847687 702.426 320.878 0.79254 712.131 367.828 0.802844 725.925 399.085 0.879318 684.758 289.576 0.705797 725.79 316.897 0.112091 0 0 0 629.994 348.211 0.73798 635.907 397.2 0.598034 633.887 430.418 0.780961 600.659 324.755 0.763427 555.607 379.516 0.824978 510.704 428.442 0.824097 0 0 0 0 0 0 729.768 307.16 0.797933 712.092 287.64 0.389745 1
0 111 131 727.747 319.004 0.250082 694.535 305.297 0.851873 704.361 320.93 0.774033 710.233 367.808 0.755572 725.913 397.231 0.860328 682.87 289.535 0.713508 725.77 314.97 0.0974659 0 0 0 630.021 346.307 0.728069 635.95 391.284 0.673842 633.875 430.379 0.846036 600.665 324.749 0.767224 555.623 379.53 0.830826 510.71 428.456 0.829454 727.772 316.931 0.233183 0 0 0 727.875 307.213 0.793793 712.117 287.675 0.360602 1
0 111 132 727.779 318.979 0.279958 692.645 305.274 0.838825 702.418 320.876 0.748587 712.245 367.892 0.708608 727.777 397.171 0.805303 682.814 289.544 0.706591 716.158 307.188 0.0871421 0 0 0 630.023 346.34 0.711908 635.925 389.32 0.643197 633.874 430.36 0.847561 600.651 324.754 0.76708 555.611 379.561 0.839051 510.623 430.346 0.850859 727.796 316.912 0.268956 0 0 0 727.834 307.204 0.798132 712.089 287.694 0.331503 1
0 111 133 725.969 320.781 0.279049 692.624 305.268 0.847658 702.369 320.872 0.788634 712.182 367.868 0.728241 725.955 397.113 0.837299 682.809 289.543 0.702868 725.851 318.851 0.124572 0 0 0 630.006 348.211 0.730586 635.928 391.299 0.617289 633.907 428.535 0.82177 600.641 324.767 0.767225 555.587 381.432 0.83922 510.662 428.548 0.853826 727.767 316.971 0.26909 0 0 0 727.851 307.213 0.809926 712.111 287.698 0.34794 1
0 111 134 727.797 318.977 0.431246 692.627 305.242 0.858164 700.481 320.876 0.817865 712.218 369.793 0.73158 725.953 397.123 0.823535 680.936 289.505 0.686712 725.9 318.98 0.165499 0 0 0 631.861 346.337 0.734049 635.939 391.285 0.647075 633.902 428.55 0.841802 600.665 324.761 0.767245 555.61 381.465 0.835107 512.573 430.371 0.838381 727.806 316.947 0.414669 0 0 0 725.909 307.189 0.814689 712.131 287.656 0.255571 1
0 111 135 727.75 318.993 0.494134 692.616 305.274 0.849494 700.422 320.935 0.810169 712.197 369.825 0.73251 727.75 397.111 0.821945 682.809 289.529 0.678321 725.94 318.968 0.239513 765.003 356.138 0.137361 630.019 348.209 0.727318 637.815 385.499 0.697641 633.893 430.363 0.870447 600.683 324.812 0.766313 555.639 381.483 0.831133 510.722 430.433 0.845966 725.953 316.968 0.469081 0 0 0 725.854 307.207 0.791752 712.188 287.709 0.242702 1
0 111 136 725.931 320.813 0.446178 692.606 305.287 0.849886 700.468 320.926 0.790938 712.212 367.899 0.749102 727.762 397.102 0.808697 680.934 289.512 0.694878 725.923 318.954 0.150933 766.944 363.851 0.0679276 630.031 346.305 0.737316 639.748 387.373 0.726655 633.889 430.414 0.878185 600.69 324.795 0.775728 555.638 383.394 0.851738 512.604 430.49 0.838745 725.923 318.794 0.418141 0 0 0 725.9 307.226 0.788097 712.133 287.719 0.298528 1
0 111 137 725.885 318.982 0.373729 692.577 305.277 0.852906 700.442 320.93 0.778259 712.105 367.811 0.806869 727.777 397.171 0.867154 680.889 287.657 0.704241 725.807 318.92 0.123588 0 0 0 631.87 348.235 0.750489 637.836 389.322 0.642182 633.965 428.555 0.857554 600.663 326.724 0.78036 555.633 383.483 0.856237 514.536 430.504 0.839254 725.906 316.953 0.351486 0 0 0 725.922 307.207 0.809398 712.119 289.502 0.342303 1
0 111 138 725.927 318.944 0.339028 692.615 305.269 0.871052 700.455 320.881 0.803401 710.239 365.865 0.826482 725.927 397.13 0.887407 680.924 289.503 0.723924 712.185 305.35 0.0973469 0 0 0 631.868 348.245 0.760564 637.828 389.324 0.670077 633.963 430.37 0.863584 600.668 326.739 0.789962 555.659 383.504 0.876025 516.486 432.355 0.827333 725.964 316.895 0.312243 0 0 0 727.787 307.176 0.82682 712.099 287.703 0.333021 1
0 111 139 727.729 318.973 0.224955 692.63 305.24 0.863305 700.478 320.81 0.765948 710.283 365.835 0.815178 725.947 397.143 0.877399 680.933 289.511 0.722268 712.253 307.228 0.0865318 0 0 0 630.026 348.277 0.761483 635.948 389.377 0.596994 633.99 428.539 0.839453 600.638 326.743 0.778001 555.66 383.515 0.87006 520.357 432.444 0.819859 727.813 316.87 0.228727 0 0 0 727.831 307.18 0.840206 712.102 287.66 0.282311 1
0 111 140 727.848 316.987 0.362814 692.629 305.19 0.869966 702.419 318.975 0.770838 712.111 365.79 0.828669 725.935 397.143 0.884735 680.895 287.617 0.726441 0 0 0 0 0 0 630.032 350.141 0.760664 635.946 387.435 0.573913 633.956 430.377 0.853614 600.626 328.669 0.775218 555.687 383.569 0.859992 518.489 434.358 0.81395 727.89 311.078 0.352273 0 0 0 725.917 305.287 0.863614 710.331 287.598 0.23483 1
0 111 141 727.883 316.89 0.419763 692.639 305.159 0.863298 702.381 318.927 0.765909 712.173 365.785 0.812288 725.943 397.121 0.864034 680.91 287.606 0.717004 725.842 320.843 0.121748 0 0 0 630.035 350.148 0.75209 637.809 387.365 0.617788 633.928 430.409 0.872205 600.612 328.717 0.762127 555.648 385.464 0.839033 518.499 436.324 0.802815 727.908 307.241 0.419201 0 0 0 725.877 305.189 0.844117 712.122 287.57 0.207217 1
0 111 142 727.926 313.067 0.564104 692.598 303.293 0.845162 700.456 316.992 0.748304 712.231 363.864 0.780297 727.783 397.11 0.864373 680.894 287.568 0.702231 725.836 320.87 0.188297 0 0 0 631.887 350.145 0.754715 637.833 387.409 0.523119 633.935 430.412 0.825047 600.651 328.719 0.761763 555.746 385.422 0.827851 520.392 436.332 0.802755 727.873 305.327 0.60408 0 0 0 721.964 303.293 0.793415 712.139 285.652 0.134087 1
0 111 143 727.903 311.064 0.570387 692.588 303.183 0.853094 700.459 316.964 0.778938 714.1 363.933 0.787028 727.741 397.148 0.842385 680.826 285.616 0.708549 0 0 0 0 0 0 631.874 350.159 0.76245 637.797 389.362 0.469194 633.939 430.433 0.80942 600.608 330.602 0.759691 557.596 385.439 0.824396 522.315 436.295 0.827817 727.868 305.232 0.636523 0 0 0 721.972 303.216 0.78943 712.122 279.765 0.116357 1
0 111 144 727.835 309.156 0.443389 692.569 301.28 0.845936 698.547 313.042 0.755495 714.095 361.974 0.764 727.893 395.244 0.796266 680.831 285.586 0.726001 714.165 316.915 0.109277 0 0 0 631.866 348.267 0.756745 637.847 387.396 0.516639 633.935 430.414 0.832134 600.634 330.598 0.763864 555.734 387.402 0.820265 522.353 442.108 0.869742 727.836 305.198 0.48878 0 0 0 725.781 301.335 0.785794 712.128 275.917 0.13759 1
0 111 145 727.892 307.221 0.298152 692.559 301.238 0.851338 700.476 313.056 0.748917 714.178 361.952 0.744824 727.923 395.18 0.763971 678.927 283.658 0.756043 714.189 313.043 0.11619 0 0 0 631.871 350.178 0.77808 635.907 420.631 0.554895 633.921 430.467 0.598361 600.615 330.609 0.757835 557.591 389.322 0.80689 524.268 442.129 0.864107 727.923 303.327 0.343309 0 0 0 725.851 301.288 0.817857 710.168 275.901 0.203461 1
0 111 146 725.92 305.333 0.177356 692.549 299.355 0.835339 704.356 313.034 0.730364 716.077 363.87 0.75455 729.83 395.226 0.7421 678.846 283.642 0.740384 641.754 303.235 0.0847474 0 0 0 631.862 350.151 0.768724 637.805 408.9 0.420985 633.936 430.431 0.744808 600.601 330.606 0.76165 557.663 389.311 0.789035 524.294 444.024 0.889694 725.959 303.257 0.215847 0 0 0 723.933 299.331 0.748508 708.292 275.857 0.208067 1
0 111 147 725.934 305.205 0.125217 688.657 295.445 0.809704 702.393 311.088 0.74483 716.063 361.93 0.766423 729.854 395.157 0.775995 674.961 277.858 0.730558 635.893 303.289 0.0821307 0 0 0 629.977 350.183 0.75623 637.815 416.74 0.573212 633.985 430.426 0.586776 598.678 330.617 0.74762 559.607 389.347 0.765113 524.39 444.108 0.88217 727.694 301.29 0.168708 0 0 0 723.911 293.531 0.809459 706.301 273.971 0.228833 1
0 111 148 0 0 0 688.684 293.444 0.841883 702.418 311.081 0.749409 718.015 363.905 0.72941 731.727 393.241 0.698913 674.998 275.831 0.784103 635.853 303.341 0.0669287 0 0 0 629.977 350.179 0.767144 637.857 414.767 0.567975 634.001 430.412 0.624228 598.705 330.626 0.76168 561.534 391.269 0.766692 526.366 444.192 0.865246 0 0 0 0 0 0 725.783 289.632 0.872891 702.42 271.934 0.338261 1
0 111 149 0 0 0 686.739 289.569 0.888253 698.504 305.261 0.814766 712.131 352.242 0.840899 727.914 395.238 0.871453 675.01 273.876 0.813111 710.133 289.585 0.103331 0 0 0 629.934 350.172 0.760308 639.77 414.742 0.576052 635.862 430.369 0.590224 598.642 330.623 0.746521 563.51 389.383 0.767834 530.229 446.087 0.839437 0 0 0 0 0 0 723.927 285.664 0.83229 698.548 268.06 0.268964 1
0 111 150 0 0 0 682.838 287.618 0.895245 698.493 305.227 0.804527 712.218 354.164 0.751682 727.753 395.164 0.760567 669.107 269.946 0.807203 682.832 266.09 0.0914666 0 0 0 629.973 350.219 0.752186 639.783 416.722 0.630289 635.86 430.368 0.503723 596.697 330.644 0.742142 563.507 393.277 0.788804 534.154 446.135 0.8272 0 0 0 0 0 0 721.91 281.774 0.756446 696.553 260.242 0.342735 1
0 111 151 720 283.71 0.112134 680.837 283.699 0.897506 694.607 303.195 0.830964 710.294 352.141 0.831937 723.942 393.287 0.81806 667.192 264.144 0.808812 706.231 287.486 0.109275 0 0 0 628.037 350.227 0.752913 637.873 414.763 0.604793 635.867 428.511 0.570016 592.855 332.59 0.738115 565.41 395.173 0.796711 539.934 446.148 0.873495 723.893 275.891 0.177612 0 0 0 716.085 275.953 0.870578 694.65 258.198 0.24874 1
0 111 152 719.964 277.862 0.161413 678.85 281.72 0.891334 694.496 301.291 0.813142 708.291 358.017 0.752291 721.992 395.21 0.778531 663.3 264.099 0.838153 682.849 272.057 0.0984019 0 0 0 626.102 350.272 0.745978 637.871 414.785 0.571379 635.883 428.455 0.580057 590.857 334.516 0.762098 567.318 395.17 0.802443 542.02 448.02 0.826388 720.029 273.898 0.23298 0 0 0 712.27 273.904 0.911068 694.56 256.205 0.28173 1
0 111 153 718.081 271.996 0.170691 676.926 275.857 0.89463 692.599 295.467 0.823319 698.515 350.213 0.829926 710.281 391.307 0.862713 659.339 258.332 0.830866 680.955 273.789 0.0888122 0 0 0 626.099 352.148 0.767159 637.857 412.808 0.549185 635.943 428.391 0.607837 588.943 334.567 0.795523 565.424 397.095 0.822876 545.871 446.108 0.813938 718.078 269.963 0.243376 0 0 0 712.135 269.997 0.893961 690.616 252.347 0.234313 1
0 111 154 0 0 0 673.029 274.02 0.873378 694.448 295.403 0.841582 696.591 350.226 0.838094 708.214 389.358 0.81925 649.651 258.297 0.883744 0 0 0 0 0 0 624.168 352.216 0.761233 637.846 410.901 0.500066 635.942 428.38 0.656297 586.988 336.454 0.822502 567.411 395.25 0.841446 551.753 446.18 0.851287 0 0 0 0 0 0 710.144 264.101 0.816526 680.981 244.58 0.463605 1
0 111 155 0 0 0 665.283 273.878 0.936562 686.723 289.638 0.845075 696.443 348.292 0.828358 706.325 387.428 0.765368 647.578 256.349 0.895251 0 0 0 0 0 0 624.166 352.229 0.730358 633.988 385.425 0.51852 635.906 426.502 0.824049 586.96 336.518 0.838605 569.25 397.078 0.865178 555.698 448.029 0.846456 0 0 0 0 0 0 706.323 258.354 0.878752 678.956 242.537 0.540855 1
0 111 156 0 0 0 665.21 272.037 0.954877 684.803 289.527 0.853612 684.791 348.192 0.758498 692.589 381.535 0.730317 645.669 256.309 0.869475 0 0 0 0 0 0 622.188 352.24 0.756255 635.932 399.168 0.461544 637.824 428.376 0.766884 585.056 336.539 0.835358 569.293 393.295 0.838445 561.494 446.162 0.804935 0 0 0 0 0 0 702.377 256.371 0.864243 678.924 240.646 0.460826 1
0 111 157 0 0 0 663.138 271.955 0.928976 680.944 287.673 0.882284 680.797 338.523 0.683727 663.317 365.809 0.425685 635.855 256.228 0.886904 0 0 0 0 0 0 622.189 352.224 0.744297 633.911 391.274 0.567723 637.798 426.527 0.807199 585.071 336.55 0.848791 569.341 391.338 0.839909 569.267 446.185 0.851312 0 0 0 0 0 0 694.625 256.226 0.865436 665.335 236.73 0.613281 1
0 111 158 0 0 0 655.455 270.011 0.872698 680.853 285.683 0.900752 676.99 334.627 0.743108 673.042 365.911 0.556616 631.93 254.341 0.900756 0 0 0 0 0 0 622.192 352.224 0.746616 633.89 393.253 0.58929 635.911 428.387 0.827384 585.032 338.484 0.827748 569.389 391.299 0.838056 571.409 446.157 0.861117 0 0 0 0 0 0 692.575 248.462 0.718739 663.301 228.983 0.756723 1
0 111 159 0 0 0 649.619 270.039 0.913738 678.83 287.54 0.869229 665.234 334.622 0.85023 665.187 369.761 0.755072 627.991 256.208 0.878737 596.752 287.668 0.116347 0 0 0 620.244 352.232 0.750206 631.953 395.223 0.621207 633.972 428.482 0.84953 584.995 338.485 0.844844 569.408 391.313 0.837473 583.013 448.112 0.824699 0 0 0 0 0 0 682.881 246.541 0.639957 655.447 230.883 0.516858 1
0 111 160 0 0 0 645.619 268.065 0.860645 667.155 283.65 0.834654 663.234 330.64 0.800058 663.171 367.812 0.712533 618.194 254.38 0.931039 592.809 289.572 0.0706973 0 0 0 618.239 352.244 0.731266 630.018 391.312 0.62046 633.96 428.477 0.887133 582.995 342.403 0.781587 569.408 395.182 0.854364 584.904 451.922 0.844994 0 0 0 0 0 0 676.936 242.6 0.504144 647.546 227.035 0.703437 1
0 111 161 0 0 0 637.829 268.03 0.842526 665.181 279.774 0.876233 659.342 322.854 0.730101 657.359 365.806 0.690511 616.191 256.194 0.923019 0 0 0 0 0 0 616.358 352.201 0.75057 630.028 391.322 0.617017 633.996 428.484 0.869727 579.155 342.411 0.767267 569.4 395.222 0.850317 584.927 450.046 0.849576 0 0 0 0 0 0 667.176 240.728 0.558905 637.806 227.039 0.688096 0
0 111 162 0 0 0 631.861 269.928 0.891224 653.511 277.798 0.817965 651.489 320.804 0.786216 649.619 358.015 0.748397 602.605 258.176 0.940135 577.194 291.541 0.158565 0 0 0 616.278 352.179 0.788473 626.105 395.173 0.63982 633.995 428.514 0.862182 575.208 346.315 0.789675 569.351 397.163 0.876851 583.026 451.96 0.838888 0 0 0 0 0 0 663.182 242.529 0.671942 631.889 228.891 0.882467 0
0 111 163 0 0 0 620.246 269.927 0.879699 649.577 277.852 0.862867 645.623 332.597 0.627687 645.621 363.93 0.171334 596.695 256.285 0.906226 571.311 295.433 0.0771921 0 0 0 612.405 354.099 0.731195 624.161 389.37 0.620385 633.943 430.365 0.873961 571.273 348.232 0.814245 567.419 397.163 0.823533 584.897 451.995 0.841656 0 0 0 0 0 0 651.49 240.736 0.669828 618.293 228.873 0.818783 0
0 111 164 0 0 0 616.333 268.052 0.914387 645.675 275.834 0.883668 637.811 330.662 0.675827 641.727 354.121 0.342373 586.95 258.183 0.920403 569.305 291.547 0.0558381 0 0 0 608.465 354.192 0.732582 620.273 387.413 0.628048 633.967 428.549 0.864637 569.321 350.187 0.795159 561.538 395.156 0.727542 584.931 453.911 0.832291 0 0 0 0 0 0 645.642 240.63 0.579032 614.279 228.9 0.872884 0
0 111 165 0 0 0 606.507 262.224 0.861304 634.004 273.84 0.902882 632.034 324.802 0.777743 634.011 358.013 0.545194 577.175 256.287 0.870878 555.647 295.456 0.195334 0 0 0 602.693 354.098 0.749633 618.29 389.332 0.675724 633.998 428.51 0.893734 563.505 350.234 0.770334 563.451 399.069 0.780814 584.898 455.875 0.845738 0 0 0 0 0 0 633.998 238.691 0.751569 602.675 226.988 0.743489 0
0 111 166 0 0 0 602.538 260.234 0.92483 631.978 271.877 0.882963 630.025 320.896 0.734986 635.844 356.13 0.488322 571.274 256.21 0.912128 0 0 0 0 0 0 602.573 352.228 0.762629 618.268 391.303 0.655309 633.991 428.472 0.868682 559.545 350.268 0.781499 563.463 399.152 0.796924 584.909 457.782 0.855281 0 0 0 0 0 0 631.901 236.776 0.659794 598.704 226.984 0.59585 0
0 111 167 0 0 0 596.72 262.222 0.849294 627.992 271.905 0.87008 629.943 322.825 0.725616 632.023 358.043 0.569537 565.395 258.212 0.880565 0 0 0 0 0 0 600.622 354.16 0.764522 616.331 383.558 0.634099 633.877 428.428 0.869777 555.687 354.112 0.796573 557.647 397.215 0.698681 584.896 455.896 0.832901 0 0 0 0 0 0 620.209 236.728 0.809429 586.922 226.991 0.829816 0
0 111 168 0 0 0 587.022 262.196 0.899046 618.278 271.844 0.889412 622.22 320.895 0.738798 632.007 352.212 0.660272 555.711 258.193 0.950975 541.95 289.574 0.116193 0 0 0 596.738 352.229 0.765112 616.293 387.381 0.60234 632.005 424.584 0.787958 553.7 352.211 0.801408 559.592 401.069 0.753076 584.908 455.884 0.819019 0 0 0 0 0 0 616.285 227.037 0.8457 582.994 226.909 0.700604 0
0 111 169 0 0 0 584.97 262.187 0.918633 614.342 269.934 0.872378 616.33 318.91 0.833927 622.211 352.229 0.790222 553.695 258.321 0.940135 538.049 299.358 0.0869509 0 0 0 590.901 352.128 0.782388 610.445 381.543 0.593136 626.078 418.667 0.778185 551.748 352.216 0.796342 559.542 403.042 0.74198 584.891 455.852 0.81183 0 0 0 0 0 0 604.634 227.054 0.769189 571.348 227.001 0.659268 0
0 111 170 0 0 0 571.382 258.368 0.928397 602.582 262.15 0.890873 614.37 314.961 0.792431 620.248 352.106 0.822221 543.892 258.27 0.87895 526.341 301.259 0.272297 0 0 0 588.967 348.22 0.787227 602.704 383.427 0.681251 616.275 420.65 0.831633 551.696 350.274 0.8161 559.544 406.93 0.754546 584.927 455.892 0.812882 0 0 0 0 0 0 598.712 226.928 0.653626 561.543 225.053 0.562307 0
0 111 171 0 0 0 569.425 258.375 0.934274 598.686 260.199 0.850457 604.615 305.306 0.76037 618.294 350.147 0.646788 541.925 258.352 0.886006 526.31 299.334 0.345606 0 0 0 585.016 342.394 0.785652 598.619 373.692 0.562654 602.643 416.726 0.802263 545.893 348.277 0.791998 559.555 403.024 0.755953 584.915 457.784 0.799569 0 0 0 0 0 0 588.917 225.068 0.683303 555.638 226.912 0.829363 0
0 111 172 0 0 0 569.24 260.185 0.921382 598.617 258.369 0.872011 604.618 307.174 0.8103 618.227 350.152 0.760552 538.052 260.278 0.887258 524.401 305.213 0.497864 0 0 0 584.896 344.349 0.782478 588.883 377.597 0.427989 598.669 412.747 0.804487 542.02 350.188 0.802657 557.682 403.05 0.753691 583.035 453.926 0.792917 0 0 0 0 0 0 583.038 224.952 0.581356 551.696 226.937 0.855803 0
0 111 173 0 0 0 559.556 260.254 0.865901 588.925 258.366 0.866728 602.639 311.063 0.771562 614.305 346.289 0.767778 536.005 264.136 0.826062 522.466 305.306 0.509619 526.334 340.472 0.0593872 577.195 342.397 0.763063 584.991 397.224 0.614636 585.083 412.757 0.606987 540.086 348.257 0.795322 555.719 399.112 0.821903 581.088 450.011 0.805366 0 0 0 0 0 0 573.238 224.995 0.603708 540.069 226.93 0.924189 0
0 111 174 0 0 0 555.613 258.226 0.964707 584.98 256.287 0.939667 600.626 303.284 0.870294 608.511 342.426 0.790872 528.255 260.207 0.849306 518.502 305.152 0.589466 522.387 344.331 0.101613 571.328 338.47 0.818199 571.364 395.238 0.711069 582.961 416.736 0.322001 538.039 344.376 0.786904 553.742 399.187 0.768215 583.01 453.89 0.770841 0 0 0 0 0 0 567.39 222.983 0.434332 538.024 226.902 0.916111 0
0 111 175 520.475 224.989 0.209877 549.775 256.299 0.916341 573.332 256.219 0.865889 590.889 303.182 0.820984 604.555 340.442 0.798652 522.291 256.389 0.905048 510.632 303.22 0.588409 520.433 332.615 0.182344 565.457 336.485 0.767375 559.545 395.219 0.642353 571.313 444.165 0.60456 534.11 338.51 0.727911 553.657 397.232 0.823504 581.116 449.993 0.763519 0 0 0 522.41 219.159 0.313955 555.787 224.909 0.216006 530.232 225.006 0.841572 0
0 111 176 512.628 225.031 0.414155 540.098 256.276 0.940427 569.372 254.367 0.915913 587.057 303.167 0.850787 602.593 346.28 0.797874 514.592 258.172 0.850224 506.678 303.284 0.693462 506.668 330.62 0.47188 559.594 334.541 0.789899 555.66 393.234 0.626797 573.24 444.07 0.572896 528.254 336.579 0.747258 551.678 397.14 0.781021 581.043 448.057 0.790987 0 0 0 518.45 221.109 0.471374 553.635 219.124 0.094765 524.427 224.938 0.837657 0
0 111 177 506.62 225.002 0.104792 537.946 256.218 0.943824 565.41 250.436 0.84013 583.014 299.31 0.82454 600.561 344.328 0.848202 506.709 258.249 0.891697 494.973 305.265 0.789736 496.998 334.613 0.491238 555.727 334.544 0.7806 557.578 391.304 0.42245 579.091 434.343 0.334017 524.352 338.518 0.777352 551.737 397.197 0.802737 581.042 448.079 0.816359 0 0 0 506.713 219.156 0.193838 540.109 219.111 0.29554 512.628 224.921 0.863347 0
0 111 178 496.943 225.005 0.0997534 526.319 256.189 0.910635 555.687 246.525 0.874613 575.254 293.471 0.82322 596.72 336.591 0.861785 495.054 258.352 0.86761 491.049 307.189 0.744318 491.042 336.593 0.371567 553.726 336.479 0.763774 561.513 397.131 0.521868 577.214 444.078 0.482457 522.395 344.328 0.738476 551.771 399.198 0.782436 581.049 450.001 0.736695 0 0 0 0 0 0 538.031 211.379 0.250868 506.819 222.98 0.90113 0
0 111 179 0 0 0 522.333 254.281 0.898543 551.71 242.696 0.878415 571.261 291.497 0.887785 587.079 334.609 0.917836 491.088 258.344 0.882103 483.242 307.229 0.774552 477.413 346.291 0.71693 549.752 334.535 0.724549 557.61 395.206 0.557577 581.074 442.165 0.45357 522.303 340.449 0.738862 549.768 399.141 0.774205 581.044 450.022 0.746172 0 0 0 0 0 0 532.175 209.376 0.306881 493.144 215.267 0.898943 0
0 111 180 0 0 0 512.635 250.459 0.850406 540.091 242.675 0.907248 567.394 289.56 0.86171 586.963 330.682 0.898219 485.205 258.217 0.84385 473.451 305.32 0.747627 461.743 338.545 0.766357 540.061 334.505 0.781899 557.65 393.262 0.545887 583.081 444.08 0.525336 514.541 338.469 0.723729 545.847 399.113 0.77118 581.09 450.035 0.708105 0 0 0 0 0 0 524.3 209.321 0.374407 491.028 215.233 0.902219 0
0 111 181 0 0 0 508.611 244.583 0.909954 537.94 240.622 0.916871 557.574 281.758 0.851967 583.083 320.914 0.888274 477.451 256.273 0.889559 463.671 303.313 0.766075 455.842 332.582 0.592542 538.05 324.814 0.729438 553.665 383.558 0.51877 579.128 440.225 0.485326 508.633 334.499 0.727865 539.992 395.199 0.77058 577.195 446.073 0.746928 0 0 0 0 0 0 510.73 209.255 0.449821 481.338 213.278 0.913711 0
0 111 182 461.84 211.238 0.438896 500.879 242.592 0.891478 526.358 238.64 0.853099 553.662 275.854 0.904938 575.251 318.803 0.866402 473.438 254.278 0.842903 459.733 301.341 0.802838 446.02 332.562 0.721194 524.332 320.921 0.747263 540.04 385.455 0.402761 569.36 436.276 0.344525 493.098 324.835 0.71254 537.962 393.274 0.719528 571.407 444.127 0.826003 0 0 0 463.765 207.337 0.51869 506.672 207.351 0.144309 477.354 209.428 0.939696 0
0 111 183 461.672 213.297 0.786688 491.115 240.677 0.937716 465.625 244.601 0.821277 453.935 289.646 0.764436 438.284 328.699 0.748384 514.555 238.621 0.821074 540.005 271.862 0.897063 569.326 305.217 0.890542 489.078 322.795 0.695097 526.365 383.577 0.457847 569.282 432.428 0.451266 510.692 320.899 0.760024 526.303 387.359 0.705885 569.383 440.24 0.76737 0 0 0 461.839 209.386 0.828461 0 0 0 479.35 209.327 0.836213 0
0 111 184 448.007 207.365 0.66334 483.234 234.751 0.819701 506.677 226.885 0.900195 530.255 262.221 0.79673 557.614 297.413 0.828466 459.773 242.691 0.859273 446.083 297.39 0.849364 430.418 334.487 0.889613 508.737 316.944 0.690795 522.425 377.622 0.270264 569.252 426.526 0.198061 487.208 322.802 0.70943 520.386 383.487 0.775496 567.329 430.421 0.819307 0 0 0 449.973 197.642 0.737541 0 0 0 465.646 207.347 0.855584 0
0 111 185 442.149 199.607 0.708696 477.318 227.05 0.938783 496.943 222.999 0.837043 522.452 256.239 0.840048 545.882 287.624 0.837447 451.972 240.687 0.828345 444.171 293.473 0.905745 426.544 334.522 0.894179 506.7 305.285 0.73286 502.799 367.807 0.513389 543.893 414.728 0.315043 479.33 316.955 0.750091 495.027 371.736 0.757778 547.828 416.721 0.737997 0 0 0 444.108 195.593 0.845401 0 0 0 459.746 197.571 0.881676 0
0 111 186 430.347 193.759 0.835778 465.624 224.896 0.840924 446.04 234.773 0.713274 440.21 287.662 0.549479 426.488 326.714 0.425666 489.078 211.237 0.80127 504.805 250.398 0.701191 526.328 279.751 0.625435 477.428 314.956 0.708834 483.289 367.848 0.782002 538.022 408.892 0.749797 506.793 303.229 0.742849 539.966 356.085 0.602776 581.062 406.971 0.488096 0 0 0 430.539 189.765 0.780192 0 0 0 448.059 193.624 0.834963 0
0 111 187 420.659 193.658 0.801529 461.685 213.315 0.872655 477.451 207.413 0.805751 502.785 242.67 0.618483 514.532 271.997 0.600977 442.185 226.969 0.789359 434.395 285.686 0.82624 420.681 332.581 0.837753 493.014 289.633 0.724223 477.446 352.209 0.411192 520.41 397.129 0.224359 475.408 301.319 0.755753 471.526 358.015 0.757332 524.279 399.1 0.811731 0 0 0 424.543 183.903 0.789147 0 0 0 442.122 183.928 0.807351 0
0 111 188 414.719 185.88 0.741008 453.912 211.239 0.82543 469.551 201.537 0.739206 483.258 246.497 0.157071 0 0 0 436.288 224.959 0.796905 430.496 277.854 0.866077 424.511 324.81 0.804961 487.19 285.669 0.724285 477.406 344.311 0.559045 508.692 383.481 0.394529 463.713 293.467 0.755941 451.958 350.235 0.760666 506.768 385.5 0.680422 0 0 0 414.822 179.96 0.850005 0 0 0 430.423 180.029 0.874916 0
0 111 189 403.023 180.11 0.760875 446.01 207.408 0.864248 461.673 195.657 0.785636 469.571 228.901 0.0598591 0 0 0 428.512 221.119 0.838445 430.374 275.908 0.862612 424.564 320.882 0.777178 477.414 277.849 0.743774 471.503 322.865 0.706755 491.046 365.845 0.659294 459.748 289.575 0.68987 440.176 336.561 0.744583 479.361 375.666 0.719689 0 0 0 406.96 178.032 0.816411 0 0 0 422.58 178.105 0.818775 0
0 111 190 397.133 179.974 0.882215 434.371 203.495 0.805859 451.93 193.708 0.778213 469.597 224.954 0.0745152 0 0 0 418.674 213.325 0.771378 426.497 271.909 0.787814 424.543 318.846 0.627013 473.437 273.915 0.739835 469.558 320.813 0.79641 487.15 367.786 0.86655 449.971 285.629 0.671285 422.599 332.546 0.496549 428.531 336.528 0.261465 0 0 0 399.092 176.055 0.843379 0 0 0 414.864 176.106 0.824289 0
0 111 191 383.511 178.062 0.957156 428.494 195.74 0.804114 434.35 193.614 0.71119 461.721 222.983 0.0847478 0 0 0 422.596 207.34 0.671263 440.202 256.306 0.75474 428.53 309.13 0.712081 461.716 268.073 0.669684 465.616 316.964 0.70782 487.143 365.889 0.754454 449.962 273.984 0.703225 463.733 316.942 0.341412 475.48 361.989 0.322304 0 0 0 385.514 168.303 0.860484 0 0 0 410.815 170.226 0.842242 0
0 111 192 373.691 177.926 0.88847 414.826 197.654 0.859303 399.247 209.32 0.848061 414.754 258.291 0.674718 420.621 303.224 0.404322 430.365 193.73 0.828596 444.127 252.415 0.629526 428.468 303.314 0.665977 430.528 275.863 0.693751 395.209 318.867 0.642894 424.578 365.825 0.656171 457.775 271.988 0.736728 461.822 318.901 0.835977 485.214 365.847 0.838212 377.562 164.356 0.0803104 381.439 166.315 0.896126 0 0 0 399.178 168.263 0.853812 0
0 111 193 365.919 176.044 0.934298 405.011 195.687 0.803653 397.159 201.52 0.752414 408.925 256.351 0.458773 414.758 297.408 0.24131 414.721 193.625 0.799485 430.353 240.699 0.730738 428.384 293.496 0.635765 428.485 273.947 0.659391 459.676 318.88 0.268224 477.459 350.23 0.216252 444.16 271.968 0.749633 461.723 320.805 0.818449 485.201 365.803 0.831661 367.81 164.269 0.0967052 369.806 164.463 0.888047 0 0 0 395.199 168.267 0.873161 0
0 111 194 354.201 176.127 0.910825 397.186 195.657 0.866805 383.417 199.538 0.758053 399.061 252.411 0.408623 410.861 301.27 0.177291 412.794 193.696 0.848496 424.586 244.617 0.729905 418.749 299.327 0.684134 416.72 271.967 0.664068 453.874 316.973 0.201335 479.3 350.182 0.180602 434.362 269.995 0.715214 459.725 318.908 0.805835 485.177 363.932 0.818685 352.304 164.413 0.0724049 363.845 166.332 0.879368 0 0 0 381.599 170.189 0.897711 0
0 111 195 350.137 176.077 0.891929 385.435 195.725 0.856785 367.915 201.516 0.78495 340.451 209.333 0.352419 342.401 197.627 0.384327 403.024 193.747 0.816579 418.69 250.4 0.636912 414.744 301.31 0.748341 399.225 273.874 0.769782 369.827 314.952 0.571575 354.181 350.249 0.640991 428.471 271.943 0.832823 457.834 318.931 0.804201 483.252 361.965 0.817547 350.133 164.427 0.108513 352.148 166.29 0.908008 0 0 0 371.708 168.302 0.806427 0
0 111 196 336.569 176.125 0.837154 377.62 193.714 0.831316 377.622 181.976 0.649042 330.657 197.646 0.613883 0 0 0 371.782 211.283 0.644886 391.331 256.358 0.593622 410.877 297.418 0.720981 401.072 273.86 0.652636 365.798 315.014 0.667241 338.442 352.211 0.743513 418.72 272.006 0.743059 451.919 318.854 0.829286 481.292 363.839 0.847103 336.469 164.408 0.102308 340.468 166.38 0.81993 0 0 0 361.952 172.184 0.834423 0
0 111 197 326.729 177.948 0.723675 367.883 189.796 0.833626 367.884 178.064 0.775905 344.329 195.651 0.685122 318.864 199.572 0.821924 367.846 205.415 0.741085 385.429 258.29 0.796508 399.08 303.168 0.779522 399.106 268.015 0.587335 350.116 307.179 0.478613 334.648 352.101 0.543653 403.077 271.964 0.731047 444.152 318.822 0.801768 477.492 358.012 0.796102 0 0 0 326.776 166.323 0.777902 0 0 0 344.36 168.302 0.805534 0
0 111 198 318.818 172.165 0.653616 356.142 187.814 0.781253 358.06 178.02 0.764676 330.652 195.608 0.760021 303.317 203.457 0.827575 354.176 205.416 0.68292 369.814 260.265 0.708197 389.318 301.325 0.75455 385.464 264.151 0.572915 334.572 303.293 0.801576 336.557 352.198 0.832069 395.227 268.066 0.713542 430.43 307.19 0.796399 473.481 352.168 0.866766 0 0 0 318.898 164.344 0.756168 0 0 0 334.494 166.277 0.826005 0
0 111 199 305.139 172.203 0.743537 348.196 182.002 0.771456 346.301 179.939 0.655428 318.974 197.662 0.57741 301.334 203.477 0.758361 348.291 183.903 0.758938 338.501 195.606 0.387676 311.083 201.506 0.211609 365.93 270.027 0.668227 322.874 303.302 0.82521 334.508 352.2 0.893541 383.493 268.061 0.786814 418.699 305.18 0.774428 461.846 348.27 0.832704 0 0 0 305.183 164.374 0.87028 0 0 0 320.825 164.324 0.922758 0
0 111 200 289.639 168.252 0.595399 334.592 180.036 0.838615 334.529 176.078 0.730874 316.925 193.752 0.56972 295.425 209.303 0.82918 334.635 183.903 0.784793 356.094 226.98 0.736994 356.136 269.96 0.496646 373.713 260.244 0.600539 404.972 303.164 0.71208 446.17 336.56 0.795873 363.884 269.953 0.76016 318.919 305.191 0.891413 334.523 352.222 0.901276 0 0 0 291.527 164.293 0.722153 0 0 0 307.146 164.356 0.889851 0
0 111 201 275.917 162.341 0.69625 318.891 181.957 0.843212 330.598 166.358 0.787046 303.33 177.971 0.16342 0 0 0 305.174 201.552 0.813732 320.904 246.53 0.772477 336.614 283.671 0.717576 365.782 252.393 0.779185 385.436 299.331 0.795247 434.38 334.649 0.758102 340.448 264.121 0.706745 314.955 305.338 0.824601 334.612 352.211 0.918393 0 0 0 281.756 156.507 0.71229 0 0 0 297.37 162.396 0.818833 0
0 111 202 270.029 162.405 0.565374 311.091 176.075 0.735879 313.061 168.23 0.651026 285.587 168.239 0.0997487 0 0 0 311.1 180.021 0.720048 326.762 223.009 0.72414 324.77 260.226 0.60321 350.149 250.427 0.639316 365.899 291.548 0.729787 406.979 322.808 0.682858 334.56 258.219 0.786734 307.24 305.215 0.843786 334.6 352.178 0.926165 0 0 0 271.919 156.533 0.634962 0 0 0 287.512 160.408 0.867827 0
0 111 203 256.36 154.597 0.665189 303.161 172.166 0.777828 303.301 164.352 0.730906 291.512 209.312 0.119855 289.469 250.437 0.0525943 299.351 178.08 0.729476 318.822 223.002 0.788667 303.281 264.158 0.567981 336.533 242.674 0.651895 348.227 287.694 0.764352 385.472 320.829 0.796678 320.94 256.235 0.768908 307.154 305.259 0.885882 334.617 352.091 0.968781 0 0 0 258.228 148.705 0.805361 0 0 0 272.045 150.708 0.915187 0
0 111 204 244.587 148.791 0.605286 289.569 166.332 0.841537 301.241 158.444 0.817637 318.87 193.687 0.14935 0 0 0 279.802 181.984 0.718239 289.52 227.016 0.635299 277.863 258.223 0.67322 332.59 240.642 0.798069 336.488 289.517 0.758412 373.699 318.916 0.603518 307.232 250.452 0.734586 305.242 303.294 0.888485 334.604 350.307 0.939646 0 0 0 246.527 146.719 0.692223 0 0 0 260.192 146.82 0.908344 0
0 111 205 232.852 146.711 0.675124 277.811 164.344 0.765932 283.71 158.486 0.686359 266.108 203.475 0.298827 268.031 236.768 0.370026 275.884 168.303 0.725082 293.522 211.341 0.710943 277.874 242.616 0.531135 318.844 240.608 0.673236 320.794 299.308 0.640522 336.471 316.966 0.408668 305.156 246.513 0.793457 305.187 303.325 0.815961 334.541 352.097 0.914416 0 0 0 236.729 138.913 0.691677 0 0 0 248.454 144.775 0.813159 0
0 111 206 223.075 146.678 0.721946 268.058 164.441 0.809465 275.864 154.573 0.716031 246.576 223.003 0.265908 225.042 252.416 0.394667 256.36 179.967 0.77471 246.528 227.043 0.667623 224.932 258.248 0.628559 307.228 236.702 0.621998 305.167 289.585 0.664562 332.553 342.386 0.488946 293.507 242.588 0.714889 303.171 291.587 0.736587 334.57 350.205 0.840427 0 0 0 225.006 136.967 0.756567 0 0 0 240.678 142.816 0.847568 0
0 111 207 211.337 144.734 0.765771 258.216 164.437 0.896506 271.995 152.626 0.874596 303.155 193.703 0.842855 318.999 223.058 0.839449 242.606 180.024 0.840888 234.791 228.942 0.786226 199.584 256.24 0.736156 303.241 240.618 0.769612 303.324 299.315 0.645198 328.67 342.374 0.478382 281.737 250.422 0.748861 303.242 303.191 0.774297 334.598 350.216 0.879827 0 0 0 213.239 134.99 0.785649 0 0 0 227.042 136.994 0.806866 0
0 111 208 199.613 144.739 0.694875 246.542 166.282 0.888274 266.061 154.544 0.812076 297.356 191.713 0.837748 319.002 221.052 0.906029 228.971 180.014 0.833265 221.118 226.902 0.894479 179.958 244.557 0.863749 293.495 236.757 0.744255 285.609 293.48 0.556217 273.856 313.061 0.436367 273.862 242.708 0.802231 301.234 299.322 0.725739 334.619 350.268 0.893296 0 0 0 203.461 134.962 0.775232 0 0 0 217.185 136.937 0.83126 0
0 111 209 193.691 146.62 0.793202 240.532 166.308 0.896844 256.266 152.66 0.875883 289.537 189.752 0.836753 318.879 217.137 0.896137 222.993 181.938 0.786707 205.454 226.943 0.903953 166.334 240.652 0.901514 287.514 240.576 0.691146 299.312 301.243 0.573026 326.759 342.412 0.473031 266.082 248.449 0.74121 299.31 303.219 0.733211 334.581 350.235 0.854306 0 0 0 193.789 135.025 0.83245 0 0 0 209.421 136.996 0.884356 0
0 111 210 181.925 146.635 0.635676 226.962 164.381 0.939706 246.532 154.568 0.810237 285.675 187.814 0.84029 316.878 213.314 0.887181 209.283 178.1 0.824203 193.685 226.981 0.918581 148.694 232.801 0.868833 273.861 240.584 0.70951 289.604 299.307 0.572397 326.731 340.465 0.442418 256.313 248.457 0.7202 289.608 301.303 0.699221 334.517 350.211 0.83016 0 0 0 181.989 135.046 0.696729 0 0 0 195.712 136.974 0.866445 0
0 111 211 168.304 142.787 0.444115 213.33 166.296 0.878874 236.755 156.501 0.821491 274.011 182.019 0.861701 307.196 211.347 0.938491 195.606 180.026 0.856037 178.113 228.904 0.908019 136.922 228.996 0.864845 258.264 240.589 0.660165 287.671 297.38 0.443442 322.857 336.606 0.331209 242.616 248.463 0.678971 287.636 301.269 0.746958 332.63 348.272 0.819843 0 0 0 170.248 133.061 0.59578 209.414 131.055 0.0884035 181.996 135.021 0.866536 0
0 111 212 162.356 140.854 0.407514 207.408 164.401 0.897185 225.024 152.631 0.854809 264.114 179.976 0.823697 301.239 209.362 0.911313 187.819 180.008 0.772633 166.289 227.058 0.885008 127.153 228.938 0.83855 246.507 238.675 0.620488 281.738 297.361 0.302378 322.799 336.571 0.19923 230.886 244.621 0.700088 281.717 299.375 0.734701 330.662 344.314 0.774673 0 0 0 162.386 133.017 0.564482 195.758 129.086 0.109958 176.07 133.084 0.873804 0
0 111 213 148.783 133.106 0.428276 193.778 162.427 0.929827 211.353 148.714 0.891835 250.464 178.022 0.848608 287.605 205.435 0.940505 178.015 178.098 0.834393 154.556 225.015 0.916714 115.364 228.964 0.871139 226.908 238.651 0.591134 203.458 264.134 0.341863 193.783 303.315 0.720467 221.061 242.654 0.654356 271.856 297.371 0.771858 320.896 338.492 0.855345 0 0 0 150.657 131.02 0.54163 183.913 119.346 0.111131 164.266 131.138 0.938231 0
0 111 214 140.862 131.09 0.343947 181.953 160.412 0.899366 203.436 148.646 0.870597 240.654 176.052 0.873547 274.008 205.384 0.91452 164.329 174.088 0.816063 146.821 224.919 0.983391 109.588 230.869 0.846209 211.246 228.907 0.606826 193.604 258.196 0.419469 193.663 303.266 0.813837 207.339 236.747 0.65255 246.521 287.6 0.771159 311.112 334.65 0.818518 0 0 0 142.809 127.143 0.451462 178.108 117.443 0.166424 150.616 129.168 0.897175 0
0 111 215 130.962 131.029 0.57949 172.195 156.512 0.855546 193.635 146.64 0.906935 226.901 174.144 0.876691 260.28 199.582 0.867791 150.667 168.253 0.829387 135.069 223.011 0.884424 103.69 236.736 0.855121 207.373 224.984 0.628944 180.013 254.383 0.611871 187.829 303.233 0.830754 193.698 228.971 0.663948 240.563 289.541 0.826348 299.337 326.736 0.737234 0 0 0 130.989 121.336 0.646131 164.387 117.291 0.0857714 140.888 123.28 0.805074 0
0 111 216 117.317 127.116 0.433795 160.435 152.604 0.879105 178.07 140.858 0.891262 211.224 168.242 0.877214 242.708 195.675 0.91243 138.943 168.272 0.777279 131.144 219.158 0.922942 101.831 240.567 0.850188 199.549 221.053 0.688093 180.035 258.32 0.482656 183.919 303.273 0.7193 180.054 227.047 0.744767 219.127 289.585 0.726072 277.847 322.828 0.740359 0 0 0 117.364 117.422 0.586844 150.605 115.44 0.0937283 131.083 119.37 0.89644 0
0 111 217 103.748 117.509 0.369165 146.771 148.728 0.926777 164.319 133.133 0.916632 195.683 164.436 0.955789 226.973 195.687 0.950715 129.113 164.404 0.868052 127.168 213.236 0.862262 101.842 242.661 0.857807 193.672 213.257 0.755721 189.806 264.096 0.575012 182.026 303.251 0.616582 168.254 224.98 0.764383 180.025 262.162 0.662842 187.832 303.287 0.570401 0 0 0 105.66 115.432 0.487736 140.876 105.644 0.12054 117.395 117.383 0.892444 0
0 111 218 93.8775 115.4 0.394594 134.965 144.754 0.885341 152.636 131.096 0.877548 180.059 164.309 0.950953 209.306 193.633 0.787143 117.376 158.501 0.84219 119.318 209.367 0.943463 103.76 246.563 0.841051 179.928 209.298 0.793599 178.017 256.269 0.725988 180.041 301.286 0.686767 158.482 215.226 0.681286 168.241 256.322 0.767117 178.084 301.279 0.698362 0 0 0 95.8405 109.532 0.476912 131.13 101.717 0.110474 103.673 113.496 0.873261 0
0 111 219 84.0151 115.326 0.547228 127.127 136.969 0.830304 140.886 125.224 0.822025 168.245 162.409 0.773046 187.847 191.685 0.639022 111.489 152.605 0.807959 115.407 207.346 0.862225 111.472 246.551 0.75496 176.021 209.375 0.767686 177.96 272.024 0.759189 209.315 315.017 0.530218 150.649 221.089 0.749302 162.334 283.719 0.750923 211.323 309.168 0.603441 0 0 0 84.0759 103.755 0.623447 0 0 0 95.9055 107.584 0.813064 0
0 111 220 70.389 111.474 0.44698 115.462 135.014 0.880348 131.063 125.229 0.817537 160.453 164.297 0.207116 0 0 0 99.7973 148.732 0.887059 109.569 201.541 0.802751 113.507 242.624 0.799045 166.286 205.443 0.762516 174.161 258.315 0.822427 191.763 305.294 0.65453 144.721 219.136 0.723744 146.768 274.018 0.804775 182.012 305.26 0.613209 0 0 0 70.4051 101.742 0.589584 0 0 0 84.134 103.667 0.885156 0
0 111 221 58.6654 103.762 0.24831 101.813 135.015 0.862434 117.379 123.245 0.80944 144.798 162.461 0.12158 0 0 0 86.1861 148.722 0.857792 101.748 197.65 0.885855 117.436 242.601 0.826803 152.648 199.589 0.75459 166.311 256.292 0.809836 185.837 305.163 0.789024 132.996 213.253 0.749029 156.506 258.303 0.382852 178.074 301.238 0.402175 0 0 0 56.7961 101.646 0.384231 99.7028 93.8971 0.109235 70.4259 101.798 0.874113 0
0 111 222 48.9005 101.832 0.439858 93.8982 133.052 0.846019 103.696 125.197 0.737831 127.136 164.391 0.27391 117.439 225.008 0.143691 84.0663 144.733 0.772676 99.7964 191.748 0.707999 119.365 230.84 0.816271 146.652 201.509 0.694649 164.437 256.337 0.743479 183.912 303.168 0.680816 131.164 209.403 0.766326 162.424 258.216 0.679742 181.955 303.247 0.665043 0 0 0 50.8302 99.7297 0.573791 86.0635 90.0235 0.0684429 60.6685 101.685 0.8343 0
0 111 223 39.1051 107.591 0.309373 84.1283 133.141 0.897535 99.7799 119.374 0.88326 121.324 162.391 0.171909 0 0 0 68.4199 148.733 0.892631 91.9537 197.641 0.800156 117.463 236.764 0.813772 136.998 199.592 0.762727 162.378 256.292 0.848472 182.01 301.296 0.800764 117.349 213.252 0.710082 86.0537 258.283 0.563897 115.522 303.275 0.548857 0 0 0 39.1221 101.687 0.464263 70.5442 93.909 0.08596 52.8058 101.839 0.893022 0
0 111 224 23.5589 103.779 0.465508 74.3293 131.015 0.861921 84.1825 117.384 0.850572 70.3959 162.366 0.289147 43.0219 162.375 0.54574 66.5095 142.841 0.797815 88.0443 193.688 0.81163 113.448 236.711 0.765083 131.008 199.557 0.805587 152.656 254.337 0.844386 182.033 301.285 0.851261 109.536 211.339 0.711302 80.1887 258.179 0.781066 97.8603 305.209 0.81372 0 0 0 25.457 101.684 0.591229 0 0 0 39.2021 101.848 0.864332 0
0 111 225 15.6379 113.428 0.312466 62.6184 131.084 0.902534 76.297 117.357 0.819463 97.749 160.412 0.0994404 0 0 0 46.9819 146.661 0.837745 84.0475 193.611 0.748884 113.45 236.733 0.787531 117.463 195.72 0.804459 150.702 256.227 0.798789 181.94 301.274 0.804438 101.718 209.352 0.705911 148.71 256.266 0.445383 178.066 297.348 0.426516 0 0 0 17.569 103.682 0.458863 0 0 0 29.3367 105.656 0.861649 0
0 111 226 4.84116 115.468 0.438584 50.9036 131.085 0.86142 54.7403 119.386 0.578476 54.8317 162.442 0.0522448 0 0 0 50.8561 136.989 0.667818 84.1631 189.802 0.662656 103.754 232.813 0.768156 103.721 201.529 0.638235 146.805 256.302 0.646992 178.08 297.362 0.540169 101.756 209.255 0.741941 148.639 256.334 0.734632 180.066 301.323 0.739375 0 0 0 4.83395 105.622 0.508058 0 0 0 21.4814 105.623 0.834518 0
0 111 227 4.85388 115.491 0.146784 39.1815 130.981 0.883586 50.9004 117.392 0.79519 52.866 166.328 0.0869936 0 0 0 35.2266 140.882 0.774084 70.4703 191.688 0.718985 97.778 230.895 0.757705 95.8941 197.579 0.720322 138.942 252.408 0.775048 178.02 295.45 0.834969 82.1224 207.362 0.703157 52.7905 256.354 0.715688 35.1918 303.208 0.74154 0 0 0 4.87473 109.581 0.223931 0 0 0 4.82774 105.702 0.87211 0
0 111 228 0 0 0 25.4707 132.99 0.812174 25.4111 131.039 0.589774 39.1063 178.027 0.119614 0 0 0 33.2441 136.941 0.730666 68.3805 191.699 0.744605 88.1018 234.779 0.803955 68.48 205.418 0.522247 39.1014 256.263 0.492061 25.4983 301.313 0.431997 72.3658 203.517 0.676292 131.045 254.318 0.62466 170.23 291.577 0.668347 0 0 0 0 0 0 0 0 0 4.8504 107.569 0.585074 0
0 111 230 4.88034 113.517 0.0559667 4.84047 131.049 0.649241 15.6355 121.329 0.462407 4.89194 166.349 0.079147 0 0 0 0 0 0 0 0 0 0 0 0 52.7448 209.301 0.653271 99.7307 242.525 0.849196 152.584 287.629 0.818785 23.4901 213.268 0.577621 17.6047 256.352 0.614567 23.5642 303.32 0.824653 0 0 0 0 0 0 4.85146 101.732 0.0877946 0 0 0 0
0 111 231 0 0 0 4.85236 131.093 0.0853612 0 0 0 0 0 0 0 0 0 4.85118 119.351 0.3869 21.4784 178.057 0.396386 52.877 224.972 0.29659 3.8973 211.344 0.282874 3.88989 252.405 0.291856 21.622 303.345 0.502694 21.5257 201.508 0.37587 84.0262 240.675 0.507303 131.103 275.906 0.595713 0 0 0 0 0 0 0 0 0 0 0 0 0
