8 111 0 921.851 323.022 0.121435 938.728 297.359 0.323628 923.472 295.482 0.280613 908.779 317 0.101153 0 0 0 960.615 300.622 0.286443 0 0 0 0 0 0 969.745 333.354 0.608343 942.769 360.781 0.786851 946.624 411.717 0.781527 1001.19 330.414 0.759979 975.761 382.064 0.871211 977.338 428.413 0.872749 915.644 295.474 0.055017 0 0 0 0 0 0 924.791 302.398 0.142379 1
8 111 1 920.245 323.567 0.186628 935.405 297.094 0.414804 925.021 294.276 0.369929 884.336 324.801 0.109105 0 0 0 956.714 300.618 0.385983 0 0 0 0 0 0 975.619 331.51 0.60913 947.478 363.994 0.761385 951.107 414.593 0.739444 997.549 329.031 0.753499 970.699 378.147 0.815994 972.024 425.198 0.836848 901.973 318.89 0.0640303 918.931 317.885 0.187464 0 0 0 923.153 303.273 0.26228 1
8 111 2 918.64 324.112 0.270781 932.082 296.83 0.401889 926.569 293.069 0.336731 859.893 332.602 0.137599 0 0 0 952.814 300.615 0.363675 0 0 0 0 0 0 981.494 329.667 0.597845 952.186 367.208 0.74542 955.59 417.47 0.701511 993.908 327.648 0.717763 965.638 374.229 0.784455 966.71 421.982 0.816909 901.967 322.822 0.106058 916.75 318.419 0.260778 0 0 0 921.515 304.149 0.26546 1
8 111 3 917.034 324.657 0.1 928.76 296.566 0.1 928.118 291.863 0.1 0 0 0 0 0 0 0 0 0 0 0 0 0 0 0 987.368 327.824 0.1 956.895 370.421 0.1 960.074 420.346 0.1 990.267 326.265 0.1 960.577 370.312 0.1 961.396 418.767 0.1 0 0 0 914.569 318.954 0.1 0 0 0 919.878 305.024 0.1 127
8 111 4 915.429 325.202 0.1 925.437 296.302 0.325647 929.666 290.657 0.139563 0 0 0 0 0 0 0 0 0 0 0 0 0 0 0 993.242 325.98 0.752274 961.604 373.634 0.847478 964.557 423.223 0.827311 986.626 324.882 0.550836 955.515 366.395 0.675952 956.082 415.551 0.654471 0 0 0 912.388 319.488 0.1 0 0 0 918.24 305.899 0.1 0
8 111 5 912.601 327.375 0.290535 923.046 297.173 0.294004 929.017 291.094 0.186844 0 0 0 0 0 0 0 0 0 0 0 0 0 0 0 996.932 324.462 0.757424 964.655 376.012 0.851293 967.59 425.189 0.827426 983.59 323.797 0.572989 952.034 363.363 0.671868 952.603 413.374 0.654721 0 0 0 910.207 320.022 0.253246 0 0 0 915.849 306.779 0.365286 1
8 111 6 911.096 327.399 0.1 919.567 296.96 0.245985 929.457 288.921 0.104782 0 0 0 0 0 0 853.021 303.28 0.0809998 821.735 242.578 0.183862 829.561 176.096 0.394198 1000.84 322.932 0.75631 967.693 377.97 0.864424 970.839 426.946 0.832237 982.061 322.502 0.630985 948.554 360.117 0.684693 949.341 411.203 0.633881 0 0 0 908.026 320.557 0.1 0 0 0 914.738 307.195 0.1 1
8 111 7 909.591 327.422 0.1 918.046 296.316 0.178623 931.64 287.399 0.14646 0 0 0 0 0 0 0 0 0 0 0 0 0 0 0 1004.98 321.62 0.748857 970.736 379.924 0.796104 974.083 429.118 0.714045 980.105 321.85 0.597192 945.075 357.077 0.570854 945.875 409.028 0.549434 0 0 0 905.845 321.091 0.1 0 0 0 913.626 307.611 0.1 1
8 111 8 908.086 327.445 0.148679 915.442 295.885 0.223149 931.102 287.398 0.187726 0 0 0 0 0 0 913.322 311.11 0.21503 937.157 334.493 0.0898423 0 0 0 1006.93 320.863 0.78798 972.151 380.793 0.875618 975.815 430.199 0.867946 977.175 321.524 0.637613 943.223 355.668 0.7586 944.138 407.836 0.68542 0 0 0 903.664 321.626 0.1 0 0 0 912.514 308.027 0.407322 1
8 111 9 906.582 327.469 0.413005 913.493 296.748 0.380886 930.443 288.268 0.31661 0 0 0 0 0 0 910.694 308.52 0.1 0 0 0 0 0 0 1006.28 320.856 0.775918 971.931 380.369 0.84831 976.036 429.99 0.838192 976.085 321.532 0.614273 943.437 356.318 0.667006 944.793 408.27 0.622131 0 0 0 901.483 322.16 0.416672 0 0 0 911.402 308.443 0.539874 1
8 111 10 0 0 0 908.93 295.878 0.241252 926.963 284.14 0.167611 0 0 0 0 0 0 908.067 305.929 0.1 0 0 0 0 0 0 1005.42 320.851 0.653403 971.714 380.156 0.699012 976.254 429.782 0.610097 974.992 321.538 0.557403 943.427 357.184 0.539423 945.234 408.916 0.479077 0 0 0 0 0 0 0 0 0 0 0 0 0
8 111 11 0 0 0 910.556 295.771 0.232152 924.255 281.097 0.170594 0 0 0 0 0 0 905.439 303.339 0.140937 0 0 0 0 0 0 1002.27 321.07 0.71639 969.658 379.185 0.801803 974.637 428.484 0.812107 975.436 321.44 0.571911 944.736 358.49 0.670233 947.843 410.326 0.642886 0 0 0 0 0 0 0 0 0 0 0 0 1
8 111 12 0 0 0 909.253 293.818 0.305189 921.206 282.185 0.170883 0 0 0 0 0 0 902.812 300.749 0.211019 866.636 379.503 0.0908414 0 0 0 997.262 321.292 0.760441 966.186 377.458 0.850844 971.389 426.103 0.862882 976.968 321.004 0.562641 947.136 360.882 0.62755 951.535 412.506 0.649415 0 0 0 0 0 0 0 0 0 839.421 303.321 0.0951333 1
8 111 13 0 0 0 907.727 292.951 0.307651 917.738 283.49 0.111766 0 0 0 0 0 0 903.031 299.014 0.233135 0 0 0 0 0 0 992.259 321.725 0.715584 962.496 375.515 0.801101 968.137 423.931 0.756683 978.503 320.565 0.522493 950.174 363.911 0.506869 955.463 414.889 0.563255 0 0 0 0 0 0 0 0 0 843.274 318.952 0.0979529 1
8 111 14 0 0 0 907.072 290.12 0.261352 915.774 283.267 0.106076 0 0 0 0 0 0 904.521 297.383 0.155691 0 0 0 0 0 0 987.27 321.947 0.729706 959.233 373.787 0.836591 964.671 421.76 0.828364 980.245 320.131 0.544362 953.013 366.956 0.583462 959.592 417.271 0.597773 0 0 0 0 0 0 0 0 0 0 0 0 1
8 111 15 0 0 0 909.038 289.47 0.1 914.038 285.441 0.1 0 0 0 0 0 0 907.28 295.855 0.1 0 0 0 0 0 0 982.707 322.392 0.1 956.396 372.258 0.1 961.206 419.798 0.1 981.119 319.904 0.1 956.063 370.415 0.1 963.936 419.656 0.1 0 0 0 0 0 0 0 0 0 0 0 0 127
8 111 16 0 0 0 910.34 289.244 0.153259 912.073 286.1 0.130414 0 0 0 0 0 0 910.767 293.894 0.1068 0 0 0 0 0 0 978.357 323.48 0.581598 953.353 370.524 0.567117 957.735 417.63 0.585298 982.213 319.898 0.769383 959.333 373.467 0.832739 968.708 422.262 0.856448 0 0 0 0 0 0 0 0 0 0 0 0 1
8 111 17 0 0 0 912.077 287.286 0.20007 911.522 287.19 0.209969 0 0 0 0 0 0 917.51 286.077 0.115012 925.454 301.327 0.0558699 0 0 0 973.362 324.346 0.627615 950.303 368.791 0.683354 954.247 415.241 0.681617 985.476 319.68 0.757149 963.031 376.298 0.814675 973.496 425.304 0.831742 0 0 0 0 0 0 0 0 0 0 0 0 1
8 111 18 0 0 0 914.036 284.249 0.118603 909.785 289.361 0.136434 917.59 314.974 0.0532063 0 0 0 924.896 279.121 0.1 0 0 0 0 0 0 969.022 325 0.676054 947.477 367.266 0.682322 950.762 413.058 0.686203 988.306 319.459 0.79244 966.728 378.482 0.827654 978.047 428.569 0.80971 0 0 0 0 0 0 0 0 0 0 0 0 1
8 111 19 0 0 0 917.518 281.205 0.287842 911.082 293.49 0.350579 916.222 322.138 0.208241 909.514 315.874 0.245604 933.808 271.942 0.224866 915.515 304.443 0.122536 0 0 0 964.673 325.439 0.716477 944.435 365.318 0.701238 947.063 410.876 0.728762 991.142 319.229 0.818589 970.648 380.664 0.820171 983.034 432.274 0.816323 0 0 0 0 0 0 0 0 0 0 0 0 1
8 111 20 0 0 0 921.11 280.007 0.377367 912.929 295.444 0.409098 917.604 320.518 0.278069 912.192 316.28 0.275337 939.897 269.658 0.295982 928.76 304.444 0.221988 905.579 295.202 0.222373 962.826 326.096 0.68528 943.02 364.345 0.751871 944.989 409.784 0.774907 993.097 319.122 0.814898 973.269 382.185 0.847042 986.28 435.215 0.82229 0 0 0 0 0 0 0 0 0 0 0 0 1
8 111 21 0 0 0 922.852 279.356 0.211462 913.365 295.44 0.1 918.986 318.899 0.1 914.87 316.687 0.1 940.337 270.09 0.142922 942.005 304.445 0.1 919.4 301.459 0.1 963.042 327.174 0.639771 943.015 365.213 0.636646 944.33 409.778 0.705647 994.394 319.338 0.794865 974.784 383.701 0.857504 987.587 437.602 0.811321 0 0 0 0 0 0 0 0 0 0 0 0 0
8 111 22 0 0 0 929.592 278.054 0.281348 919.012 292.399 0.298908 920.367 317.279 0.1 917.548 317.093 0.1 947.732 269.007 0.271227 955.251 304.446 0.102675 933.22 307.715 0.1 963.039 328.483 0.597965 943.442 365.645 0.55211 943.674 409.567 0.682625 994.386 322.383 0.781572 976.527 385.67 0.89256 988.88 440.863 0.859021 0 0 0 0 0 0 0 0 0 0 0 0 1
8 111 23 0 0 0 935.901 278.27 0.269246 922.938 290.225 0.237475 921.749 315.66 0.131828 920.227 317.5 0.1302 955.442 268.684 0.254884 968.496 304.446 0.132356 947.04 313.972 0.179439 962.596 330 0.605987 943.451 365.861 0.603555 943.232 409.777 0.699932 994.597 324.775 0.788021 978.918 387.395 0.856715 989.744 443.911 0.89733 0 0 0 0 0 0 0 0 0 0 0 0 1
8 111 24 0 0 0 940.89 277.394 0.28392 925.972 287.833 0.301661 921.972 315.224 0.201419 922.39 318.154 0.225875 962.398 268.903 0.303107 980.452 305.538 0.365828 960.861 320.228 0.54196 961.949 330.861 0.652859 943.248 366.303 0.697918 942.792 409.776 0.726266 994.803 326.521 0.782954 981.305 388.494 0.855673 990.182 446.953 0.888655 0 0 0 0 0 0 0 0 0 0 0 0 1
8 111 25 0 0 0 943.281 276.098 0.236823 927.49 286.522 0.26984 921.758 314.137 0.123536 924.133 319.027 0.1 966.092 268.689 0.171211 989.801 304.018 0.1 965.428 321.968 0.1 961.294 331.299 0.636679 943.248 366.964 0.433775 942.357 409.771 0.554765 995.013 328.259 0.694878 983.484 390.449 0.821134 990.397 450.43 0.836989 0 0 0 0 0 0 0 0 0 0 0 0 1
8 111 26 974.313 262.196 0.0832901 951.325 277.399 0.599195 933.041 285.429 0.446162 923.569 313.991 0.169729 927.833 319.605 0.162273 975.003 273.043 0.568198 999.802 304.346 0.374075 976.226 326.099 0.273117 961.948 333.032 0.520031 943.465 368.924 0.571739 941.284 409.991 0.605864 996.312 331.518 0.625989 985.654 393.49 0.740201 990.397 453.909 0.777714 0 0 0 0 0 0 0 0 0 982.043 258.705 0.173249 1
8 111 27 978.27 269.987 0.111219 960.451 278.485 0.672994 940.436 283.479 0.621067 928.28 313.266 0.375437 933.264 320.323 0.467937 985.218 276.532 0.666493 1010.46 306.522 0.421555 986.962 330.231 0.225242 963.03 335.207 0.645627 943.678 370.886 0.667281 940.202 410.211 0.674191 997.837 335.22 0.682575 987.619 396.738 0.818735 989.978 456.517 0.809592 0 0 0 0 0 0 0 0 0 970.663 270.663 0.13438 0
8 111 28 0 0 0 960.232 284.361 0.666095 936.961 287.178 0.650628 932.408 313.647 0.66222 938.987 321.771 0.633914 984.128 283.926 0.705639 1019.15 313.032 0.484192 992.175 333.707 0.330258 964.336 337.382 0.688583 943.676 374.802 0.704819 938.904 410.858 0.74016 999.786 337.833 0.670113 989.363 399.987 0.79258 989.761 459.121 0.808695 0 0 0 0 0 0 0 0 0 959.282 282.622 0.1 0
8 111 29 0 0 0 968.928 286.972 0.542051 943.043 286.962 0.504434 935.016 314.195 0.308296 943.045 324.457 0.458876 994.124 287.843 0.473116 1024.36 319.876 0.259325 1003.26 339.355 0.396475 965.645 339.333 0.669193 944.332 377.19 0.665222 938.476 411.284 0.690861 1001.53 341.743 0.635338 991.744 402.818 0.866133 989.341 461.288 0.813595 0 0 0 0 0 0 0 0 0 947.902 294.58 0.1 0
8 111 30 0 0 0 969.573 290.222 0.227448 941.741 288.046 0.263666 936.756 315.125 0.162936 946.745 328.272 0.37913 997.382 291.543 0.217438 1026.97 324.228 0.1 1003.71 341.089 0.123646 967.174 340.426 0.588815 944.992 378.928 0.682194 938.477 411.722 0.634225 1003.04 344.134 0.60523 993.92 405.204 0.846858 989.124 463.027 0.800788 0 0 0 0 0 0 0 0 0 936.522 306.538 0.1 0
8 111 31 0 0 0 967.401 293.04 0.407696 937.611 291.953 0.396787 935.672 318.827 0.153335 951.518 331.974 0.300908 997.597 293.709 0.4103 1027.39 326.844 0.139296 1001.96 341.094 0.229963 969.783 341.505 0.546165 946.739 380.449 0.624963 938.911 412.366 0.646028 1006.73 344.353 0.617515 995.878 406.94 0.812893 988.907 463.262 0.825242 0 0 0 0 0 0 0 0 0 934.236 312.395 0.1 0
8 111 32 0 0 0 968.48 295.21 0.310958 938.253 293.911 0.165519 937.841 321.656 0.1 956.3 334.59 0.1 998.905 295.878 0.146316 1028.69 329.454 0.276565 1000.23 341.748 0.393423 970.663 343.897 0.477327 948.471 383.062 0.618169 939.565 413.238 0.413722 1008.69 347.174 0.369968 997.185 409.123 0.829374 988.699 463.708 0.793711 0 0 0 0 0 0 0 0 0 936.404 315.43 0.102271 0
8 111 33 0 0 0 970.664 297.387 0.209257 940.217 296.3 0.135223 941.095 323.613 0.1 961.076 337.412 0.1 1001.3 298.059 0.190574 1028.68 331.845 0.1 999.353 341.53 0.169907 972.396 345.643 0.376256 950.433 385.234 0.511514 940.872 414.978 0.601234 1011.73 349.781 0.438676 998.496 411.521 0.748898 988.692 464.15 0.788773 0 0 0 0 0 0 0 0 0 941.277 317.775 0.1 0
8 111 34 0 0 0 971.743 300.422 0.549982 939.356 298.47 0.328296 942.401 327.963 0.1 966.831 340.667 0.110734 1004.13 300.233 0.357334 1030.64 335.544 0.353661 1004.13 344.783 0.57164 974.357 345.863 0.428352 952.389 388.275 0.531004 942.825 417.594 0.603395 1016.08 349.13 0.352526 1000.22 412.821 0.786267 988.697 463.935 0.76933 0 0 0 0 0 0 0 0 0 948.954 319.752 0.10608 0
8 111 35 0 0 0 974.574 304.552 0.366019 940.867 303.469 0.229425 944.785 331.874 0.103709 971.606 344.154 0.191314 1008.9 305.006 0.276594 1034.34 339.885 0.157496 1004.57 347.166 0.209337 972.184 339.345 0.365017 954.783 390.88 0.61394 945.43 421.617 0.752771 1018.8 349.237 0.332683 1001.63 413.472 0.775554 988.911 463.606 0.78291 0 0 0 0 0 0 0 0 0 959.433 321.359 0.1 0
8 111 36 0 0 0 974.143 306.719 0.64902 939.12 306.291 0.581498 943.701 335.134 0.569743 974.659 346.987 0.637805 1009.56 307.175 0.638007 1036.51 343.36 0.70069 1005.1 349.662 0.671595 972.395 341.515 0.662597 957.611 394.346 0.643453 948.039 427.041 0.766376 1020.53 350.967 0.723673 1002.93 414.346 0.814108 989.127 463.604 0.816257 0 0 0 0 0 0 970.452 287.635 0.0800276 971.954 319.772 0.137864 0
8 111 37 1005.67 318.92 0.0900733 984.569 305.847 0.653435 948.47 304.764 0.481306 943.918 337.579 0.596617 977.416 349.232 0.664222 1022.17 306.951 0.531288 1040.43 343.371 0.598027 1011.2 352.925 0.631749 972.615 344.128 0.49027 961.301 396.521 0.706349 951.281 433.345 0.802743 1021.84 354.449 0.536455 1004.43 415.446 0.797464 989.135 463.173 0.815462 0 0 0 0 0 0 990.37 314.997 0.109312 986.518 314.988 0.139919 0
8 111 38 0 0 0 984.348 306.494 0.498504 948.472 306.5 0.330461 945.435 338.334 0.136311 980.529 351.109 0.1 1021.31 307.603 0.361534 1042.4 343.911 0.323216 1009.24 353.79 0.370026 972.825 346.529 0.48092 964.34 400.654 0.69348 953.662 441.179 0.690778 1022.93 356.839 0.271471 1005.31 417.178 0.695092 989.13 462.746 0.793237 0 0 0 0 0 0 990.376 315.488 0.1 1002.19 313.231 0.1 0
8 111 39 1011.51 350.183 0.15144 992.608 307.808 0.619036 957.161 306.942 0.501285 948.473 339.797 0.395658 983.997 352.618 0.505922 1028.26 310.641 0.586417 1045.01 345.432 0.526718 1014.45 356.84 0.619827 973.265 350.222 0.268634 967.818 405.009 0.1 955.843 450.746 0.1 1023.8 361.189 0.1 1006.41 418.704 0.1 989.129 462.32 0.1 1003.73 342.364 0.119685 0 0 0 990.382 315.98 0.241289 1017.86 311.475 0.189433 0
8 111 40 1010.55 336.506 0.1 997.387 309.766 0.44179 961.07 307.595 0.411291 952.318 340.118 0.38066 986.466 354.734 0.51606 1032.83 313.905 0.343689 1047.4 346.734 0.20813 1019.33 360.083 0.1 973.266 353.274 0.609726 969.777 410.448 0.789161 957.814 460.967 0.817706 1024.67 364.88 0.55383 1007.06 420.221 0.766513 989.342 462.529 0.826953 0 0 0 0 0 0 993.127 314.411 0.1 1033.53 309.718 0.1 0
8 111 41 1009.59 322.83 0.114426 999.348 311.734 0.625567 962.811 309.765 0.542138 956.163 340.44 0.403306 988.935 356.851 0.485914 1035.01 315.868 0.509403 1048.61 349.144 0.414377 1024.21 363.326 0.560237 975.651 355.884 0.683614 972.175 415.664 0.822393 960.208 470.973 0.802381 1027.06 366.842 0.646918 1007.71 421.749 0.795063 989.554 462.957 0.85124 0 0 0 0 0 0 994.695 307.957 0.177917 1049.2 307.961 0.136086 0
8 111 42 0 0 0 1002.39 315.429 0.417086 973.235 313.679 0.374312 960.008 340.761 0.121008 991.404 358.968 0.1 1030.43 318.688 0.306283 1049.82 351.554 0.116753 1029.09 366.569 0.211823 982.831 361.755 0.592393 976.948 421.76 0.782059 964.767 475.532 0.717172 1022.5 372.926 0.531657 1004.66 426.524 0.732432 987.605 469.688 0.83494 0 0 0 0 0 0 996.262 301.504 0.17222 0 0 0 0
8 111 43 0 0 0 1008.91 319.344 0.427927 979.325 316.942 0.431564 963.853 341.083 0.29856 993.873 361.084 0.266799 1036.08 323.904 0.378108 1051.04 353.964 0.190661 1033.98 369.812 0.250223 983.701 367.625 0.566677 979.555 428.275 0.830778 966.718 485.098 0.773375 1022.51 380.537 0.576396 1003.8 430.656 0.824799 987.174 471.214 0.884082 0 0 0 0 0 0 993.891 311.088 0.0898896 0 0 0 0
8 111 44 0 0 0 1009.34 324.56 0.330707 982.158 319.994 0.248713 0 0 0 0 0 0 1031.96 327.494 0.314506 1052.25 356.374 0.128872 0 0 0 991.09 383.711 0.43963 981.732 435.885 0.659403 968.667 493.47 0.695599 1018.48 389.126 0.419923 1001.53 436.745 0.659654 985.651 477.844 0.803895 0 0 0 0 0 0 0 0 0 0 0 0 0
8 111 45 0 0 0 1010.86 333.26 0.335607 989.555 328.916 0.254596 956.717 344.334 0.072986 0 0 0 1026.3 335.536 0.285744 1048.68 352.135 0.0986727 0 0 0 994.582 393.067 0.43869 982.61 444.578 0.574044 970.617 500.655 0.648824 1014.57 398.043 0.41217 998.491 444.569 0.521995 984.116 485.016 0.682037 0 0 0 0 0 0 0 0 0 0 0 0 0
8 111 46 0 0 0 1013.04 339.568 0.269319 991.94 337.178 0.17102 0 0 0 0 0 0 1029.13 340.76 0.222001 0 0 0 0 0 0 995.015 393.279 0.391553 984.133 449.362 0.384678 972.357 506.317 0.457753 1012.46 404.925 0.392977 997.344 451.954 0.495385 983.529 490.88 0.676805 0 0 0 0 0 0 0 0 0 0 0 0 0
8 111 47 0 0 0 1016.3 346.305 0.215054 994.109 345.009 0.140035 0 0 0 0 0 0 1032.61 345.322 0.11598 0 0 0 0 0 0 995.888 394.796 0.274126 985.875 453.715 0.493917 974.1 510.671 0.710655 1012.16 410.213 0.282345 998.284 458.911 0.345691 984.11 495.658 0.3854 0 0 0 0 0 0 0 0 0 0 0 0 0
8 111 48 0 0 0 1019.13 351.951 0.14783 997.155 351.53 0.1 0 0 0 0 0 0 1035.22 349.671 0.1 0 0 0 0 0 0 997.181 397.625 0.244461 987.393 458.274 0.453894 975.833 513.488 0.511132 1013.46 413.472 0.278234 1001.1 465.65 0.500893 985.631 499.133 0.59454 0 0 0 0 0 0 0 0 0 0 0 0 0
8 111 49 0 0 0 1021.74 356.954 0.256854 1002.16 356.525 0.192053 0 0 0 0 0 0 1036.74 355.103 0.184923 0 0 0 0 0 0 998.047 403.272 0.361488 988.688 463.276 0.475706 977.333 515.447 0.383756 1013.45 418.916 0.427497 1003.91 472.393 0.662894 988.029 503.696 0.69779 0 0 0 0 0 0 0 0 0 0 0 0 0
8 111 50 1033.03 406.942 0.094814 1024.12 362.396 0.351428 1005.42 361.962 0.302008 0 0 0 0 0 0 1038.26 360.971 0.150296 0 0 0 0 0 0 998.7 408.711 0.300623 989.765 467.845 0.738598 977.989 516.972 0.833634 1013.67 424.786 0.1 1007.18 479.117 0.1 991.724 509.126 0.1 1017.63 373.041 0.109683 0 0 0 1018.38 364.859 0.154263 0 0 0 0
8 111 51 1038.96 410.818 0.0589025 1026.73 368.264 0.359819 1001.94 366.968 0.280694 989.054 390.7 0.170657 1018.84 407.265 0.387949 1047.61 368.369 0.114055 0 0 0 0 0 0 994.131 411.973 0.297233 988.45 471.754 0.670448 976.025 523.279 0.817203 1020.19 428.269 0.1 1014.36 483.027 0.1 997.584 509.783 0.1 1022.51 379.158 0.1 0 0 0 1022.1 367.667 0.139882 0 0 0 0
8 111 52 1050.63 389.309 0.0505914 1029.13 373.485 0.532388 1005.85 372.842 0.507389 990.106 395.685 0.448457 1022.06 411.701 0.625211 1049.36 374.021 0.413354 1066.41 395.988 0.361096 1061.26 411.569 0.1509 996.514 418.282 0.522851 989.1 475.455 0.705052 976.025 523.718 0.835212 1021.28 434.79 0.445775 1019.37 489.542 0.670943 1001.94 517.389 0.389363 1027.4 385.275 0.1 0 0 0 1025.82 370.475 0.152036 0 0 0 0
8 111 53 0 0 0 1031.96 376.315 0.483753 1007.16 376.099 0.482883 991.159 400.67 0.317858 1025.29 416.137 0.450706 1055.67 378.258 0.397552 1068.88 403.133 0.273366 1062.46 417.24 0.39592 995.427 420.236 0.619883 989.748 477.198 0.761205 976.024 524.152 0.796044 1026.93 438.056 0.573168 1026.11 493.677 0.637209 1008.68 521.522 0.594998 1032.29 391.392 0.1 0 0 0 1029.54 373.283 0.176386 0 0 0 0
8 111 54 1037.14 395.275 0.309361 1037.39 379.579 0.617989 1006.73 379.133 0.55742 992.211 405.656 0.452758 1028.51 420.573 0.544884 1067.63 382.601 0.480271 1071.35 410.278 0.342402 1063.67 422.911 0.545848 993.467 412.836 0.654076 991.151 477.319 0.725706 975.917 524.262 0.804665 1032.15 434.36 0.645942 1033.92 496.612 0.747633 1015.66 526.412 0.77919 1037.18 397.509 0.277305 1038.89 371.746 0.245735 1033.26 376.092 0.269992 0 0 0 0
8 111 55 1039.63 401.918 0.1 1040.44 384.579 0.397657 1011.08 381.744 0.457914 993.264 410.641 0.343438 1031.74 425.009 0.559733 1069.37 388.909 0.420214 1073.83 417.422 0.292785 1064.87 428.582 0.556471 996.513 423.925 0.67109 991.582 481.226 0.770495 975.712 524.482 0.817769 1037.51 439.002 0.706721 1039.86 500.521 0.790206 1021.91 534.011 0.867731 1039.35 400.663 0.1 0 0 0 1035.44 378.708 0.1 0 0 0 0
8 111 56 1042.13 408.561 0.1 1039.14 391.547 0.730124 1014.57 388.053 0.674268 999.132 416.3 0.528837 1036.09 430 0.623869 1062.63 397.614 0.662993 1076.3 424.567 0.510842 1066.07 434.253 0.683659 1002.16 436.53 0.725317 998.313 489.688 0.748375 983.329 531.868 0.842242 1035.64 446.752 0.780634 1036.31 502.489 0.844792 1019.81 536.837 0.924334 1039.41 402.239 0.1 0 0 0 1035.43 381.101 0.134101 0 0 0 0
8 111 57 1044.63 415.204 0.1 1040.23 398.502 0.663726 1016.74 394.358 0.621584 1000.01 421.08 0.667483 1035 434.994 0.748633 1063.29 405.22 0.580389 1076.51 432.17 0.377172 1065.2 439.69 0.515083 1005.64 446.091 0.689024 998.529 494.693 0.821612 983.32 532.745 0.831217 1037.82 456.104 0.718714 1038.49 508.146 0.782377 1024.38 547.705 0.875463 1042.24 409.076 0.1 0 0 0 1037.12 389.326 0.102143 0 0 0 0
8 111 58 1047.12 421.847 0.187924 1043.26 405.679 0.604811 1018.48 401.535 0.502001 1002.4 428.04 0.303726 1038.26 440.65 0.429406 1066.54 412.182 0.36951 1081.07 438.047 0.24475 1069.12 445.563 0.341798 1008.46 452.83 0.324699 999.405 500.116 0.1 983.323 534.042 0.1 1040.66 463.058 0.208487 1041.1 513.15 0.1 1027.86 557.279 0.1 1045.07 415.913 0.166545 0 0 0 1038.81 397.551 0.213972 0 0 0 0
8 111 59 1049.62 428.49 0.1 1047.18 412.619 0.446151 1021.75 407.41 0.412696 1004.36 433.91 0.279178 1040 447.989 0.510433 1071.11 419.136 0.390742 1086.07 445 0.208337 1072.39 451.654 0.429483 1011.51 459.342 0.607936 1000.06 507.067 0.684027 983.759 535.771 0.804021 1044.57 469.361 0.66721 1044.35 517.937 0.744048 1030.04 565.546 0.867211 1047.9 422.751 0.1 0 0 0 1040.51 405.776 0.1 0 0 0 0
8 111 60 1052.12 435.133 0.155583 1049.35 417.834 0.532911 1022.41 412.406 0.407379 1005.59 441.592 0.37133 1039.57 457.229 0.41566 1073.49 424.138 0.364508 1089.33 451.523 0.1 1075.86 456.869 0.1 1014.77 466.077 0.545557 1001.59 514.674 0.548801 983.985 537.726 0.601819 1048.25 475.662 0.510372 1047.17 523.374 0.518876 1032 572.509 0.605898 1050.74 429.588 0.16609 1038.83 403.056 0.0812017 1042.2 414.001 0.282537 0 0 0 0
8 111 61 1042.82 414.754 0.0893775 1052.83 425.657 0.575768 1024.9 419.794 0.496334 1008.27 450.001 0.19686 1038.27 467.941 0.100842 1076.75 432.838 0.621128 1090.41 460.01 0.53889 1078.62 462.948 0.581913 1016.95 470.638 0.573732 1003.78 522.055 0.589631 985.079 541.19 0.651513 1051.95 480.229 0.686205 1049.99 527.507 0.766489 1034.17 577.947 0.838104 1038.89 401.167 0.0676407 1044.8 408.909 0.0792554 1029.12 408.919 0.0891117 1057.65 409.982 0.110272 0
8 111 62 0 0 0 1055.87 434.341 0.406764 1027.72 429.142 0.361124 1011.75 459.567 0.199812 1035.66 480.331 0.198983 1078.93 441.537 0.396273 1090.85 468.711 0.256701 1080.43 469.254 0.462253 1020.65 473.463 0.52769 1007.27 527.482 0.598935 987.048 545.974 0.649202 1055.43 486.31 0.558478 1052.49 532.504 0.716701 1034.94 581.966 0.83159 0 0 0 0 0 0 0 0 0 1062.74 421.192 0.1 0
8 111 63 0 0 0 1057.61 439.988 0.344401 1029.9 434.577 0.298239 1014.8 465.431 0.149944 1036.74 487.508 0.1 1080.44 447.623 0.36932 1093.89 474.135 0.286701 1082.18 474.906 0.645868 1025.21 487.598 0.522057 1010.64 534.761 0.594168 989.553 553.039 0.481132 1059.56 498.259 0.527659 1054.67 537.4 0.664729 1035.37 584.902 0.855214 0 0 0 0 0 0 1048.67 424.574 0.0555555 1067.83 432.403 0.1 0
8 111 64 0 0 0 1058.8 444.981 0.297017 1030.88 440.988 0.269027 1017.62 472.168 0.1 1035.2 498.958 0.1 1083.7 453.217 0.354009 1095 481.181 0.338499 1084.16 480.858 0.662979 1026.95 489.034 0.551365 1011.8 540.695 0.628139 988.934 557.241 0.576372 1065.54 497.815 0.571164 1056.74 541.432 0.717113 1035.69 586.536 0.850774 0 0 0 0 0 0 0 0 0 1072.92 443.614 0.1 0
8 111 65 0 0 0 1062.5 447.587 0.13558 1030.88 444.896 0.1 1015.67 477.372 0.1 1033.66 510.407 0.1 1096.52 457.881 0.107763 1096.12 488.228 0.1 1086.13 486.81 0.1 1028.68 490.471 0.433011 1012.95 546.628 0.627603 988.316 561.443 0.651151 1080.76 490.21 0.377948 1066.32 547.513 0.706168 1043.52 594.352 0.798525 0 0 0 0 0 0 0 0 0 1078.01 454.825 0.1 0
8 111 66 1076.06 506.582 0.0922161 1066.19 451.511 0.481145 1031.87 450.761 0.43409 1018.71 486.611 0.406269 1032.12 521.857 0.10754 1103.9 462.07 0.465375 1097.23 495.274 0.235588 1088.1 492.762 0.1 1030.41 491.907 0.25599 1014.11 552.562 0.615115 987.697 565.645 0.806681 1088.86 485.67 0.1 1067.92 551.282 0.1 1043.71 595.839 0.1 0 0 0 0 0 0 0 0 0 1082.57 464.559 0.139903 0
8 111 67 0 0 0 1070.98 456.513 0.454927 1033.61 457.066 0.452035 1021.11 498.342 0.324877 1030.58 533.306 0.275541 1111.29 465.113 0.499849 1098.34 502.321 0.45557 1090.08 498.713 0.455835 1032.14 493.343 0.594003 1015.26 558.495 0.715181 987.079 569.847 0.706686 1096.96 481.129 0.633354 1069.53 555.052 0.714299 1043.9 597.325 0.825202 0 0 0 0 0 0 1068.2 467.611 0.0643205 1086.62 472.817 0.1 0
8 111 68 0 0 0 1074.81 462.131 0.1 1035.17 464.324 0.1 1023.84 509.817 0.1 0 0 0 1118.49 468.062 0.1 0 0 0 0 0 0 0 0 0 0 0 0 0 0 0 1105.06 476.588 0.1 1071.13 558.821 0.1 1044.09 598.812 0.1 0 0 0 0 0 0 0 0 0 1090.14 479.599 0.1 127
8 111 69 1087.9 504.79 0.0525852 1077.9 467.702 0.164513 1036.77 471.017 0.164831 1026.13 519.005 0.137735 0 0 0 1125.69 471.011 0.1 0 0 0 0 0 0 1115.18 444.123 0.0513141 0 0 0 0 0 0 1113.16 472.048 0.234225 1072.74 562.591 0.505166 1044.28 600.299 0.732314 0 0 0 0 0 0 0 0 0 1093.66 486.381 0.1 0
8 111 70 0 0 0 1079.82 471.705 0.1 1038.1 475.405 0.1 1027.96 525.904 0.1 0 0 0 1132.89 473.96 0.1 0 0 0 0 0 0 0 0 0 0 0 0 0 0 0 0 0 0 0 0 0 0 0 0 0 0 0 0 0 0 0 0 0 1097.19 493.163 0.1 127
8 111 71 1091.76 526.303 0.367197 1081.65 474.366 0.426427 1039.15 477.49 0.310036 1029.35 530.516 0.181662 1056.46 600.572 0.0905977 1140.09 476.908 0.175882 1203.28 508.692 0.0762297 0 0 0 1040.93 485.198 0.0928783 0 0 0 0 0 0 1185.64 504.788 0.052564 0 0 0 0 0 0 1085.86 522.398 0.156845 1091.73 514.542 0.316333 1070.14 506.713 0.0672661 1100.71 499.945 0.368218 0
8 111 72 0 0 0 1082.95 478.717 0.1 1040.01 480.75 0.1 1030.86 537.478 0.1 0 0 0 0 0 0 0 0 0 0 0 0 0 0 0 0 0 0 0 0 0 0 0 0 0 0 0 0 0 0 0 0 0 0 0 0 0 0 0 0 0 0 127
8 111 73 0 0 0 1083.93 484.583 0.1 1040.99 485.858 0.1 1032.38 544.435 0.1 0 0 0 0 0 0 0 0 0 0 0 0 0 0 0 0 0 0 0 0 0 0 0 0 0 0 0 0 0 0 0 0 0 0 0 0 0 0 0 0 0 0 127
8 111 74 0 0 0 1087.19 491.104 0.1 1044.23 490.421 0.1 1033.89 551.172 0.1 0 0 0 0 0 0 0 0 0 0 0 0 0 0 0 0 0 0 0 0 0 0 0 0 0 0 0 0 0 0 0 0 0 0 0 0 0 0 0 0 0 0 127
8 111 75 0 0 0 1089.37 497.839 0.1 1046.95 494.558 0.1 1034.97 555.636 0.1 0 0 0 0 0 0 0 0 0 0 0 0 0 0 0 0 0 0 0 0 0 0 0 0 0 0 0 0 0 0 0 0 0 0 0 0 0 0 0 0 0 0 127
8 111 76 0 0 0 1089.14 504.14 0.122035 1048.91 498.901 0.21985 1035.62 558.895 0.370484 1071.44 575.252 0.31822 0 0 0 0 0 0 0 0 0 1045.56 583.058 0.189687 1041.62 631.965 0.389094 1026.04 693.338 0.52832 0 0 0 0 0 0 0 0 0 0 0 0 0 0 0 0 0 0 0 0 0 0
8 111 77 0 0 0 1089.2 510.299 0.452229 1050.77 503.728 0.716922 1036.21 562.514 0.680788 1075.14 582.291 0.567408 1103.87 510.309 0.292019 1115.19 555.61 0.117581 1105.46 581.041 0.129579 1047.9 585.013 0.440237 1041.44 633.527 0.660375 1026.62 692.369 0.733191 1088.55 572.982 0.288508 1086.53 629.32 0.317117 1081.64 632.262 0.13019 0 0 0 0 0 0 1066.28 495.047 0.0849834 0 0 0 0
8 111 78 0 0 0 1089.26 516.459 0.372761 1052.63 508.554 0.674169 1036.8 566.132 0.749884 1078.84 589.33 0.642354 1118.49 523.032 0.192405 1125.98 570.312 0.1 0 0 0 1050.23 586.969 0.489603 1041.25 635.089 0.62706 1027.2 691.4 0.686197 1096.31 585.686 0.291616 1092.41 644.975 0.230236 1072.84 646.898 0.121356 0 0 0 0 0 0 1078.37 495.323 0.106443 0 0 0 0
8 111 79 0 0 0 1089.33 522.618 0.581136 1054.49 513.38 0.686722 1037.39 569.751 0.793418 1082.53 596.369 0.655043 1126.29 532.18 0.368243 1136.77 585.013 0.140875 1130.87 592.839 0.0969656 1052.57 588.924 0.543022 1041.06 636.651 0.6663 1027.79 690.431 0.699577 1101.49 594.163 0.458587 1096.95 656.08 0.581164 1066.97 657.326 0.106256 0 0 0 0 0 0 1081.3 504.142 0.11299 1117.14 536.099 0.0594764 0
8 111 80 0 0 0 1089.39 528.777 0.378284 1056.36 518.207 0.672144 1037.97 573.369 0.734956 1086.23 603.409 0.681428 1130.19 542.953 0.19105 0 0 0 0 0 0 1054.9 590.88 0.468931 1040.88 638.213 0.617231 1028.37 689.462 0.693711 1101.48 600.999 0.369224 1099.84 665.867 0.589244 1051.33 665.171 0.146439 0 0 0 0 0 0 1084.23 512.961 0.10669 0 0 0 0
8 111 81 0 0 0 1103.5 538.037 0.0740342 1066.32 528.301 0.242849 1038.93 585.048 0.56183 1085.87 614.317 0.400622 0 0 0 0 0 0 0 0 0 0 0 0 0 0 0 0 0 0 0 0 0 0 0 0 0 0 0 0 0 0 0 0 0 0 0 0 0 0 0 0
