0 111 25 0 0 0 1096.47 473.464 0.122943 1117.17 475.437 0.0795974 0 0 0 0 0 0 1063.08 463.726 0.123549 0 0 0 0 0 0 1098.26 532.524 0.431023 1085.17 568.264 0.45003 1075.67 607.73 0.338687 1061.98 525.032 0.388717 1032.03 562.754 0.39855 1012.01 606.21 0.379427 0 0 0 0 0 0 0 0 0 0 0 0 0
0 111 26 0 0 0 1086.27 471.345 0.157504 1119.65 478.784 0.141019 1119.11 502.819 0.0702752 0 0 0 1053.24 462.903 0.142792 0 0 0 0 0 0 1090.92 529.881 0.51194 1078.98 564.187 0.590181 1073.72 603.626 0.640367 1051.81 524.862 0.341806 1024.14 560.864 0.393273 1007.7 603.731 0.379974 0 0 0 0 0 0 0 0 0 0 0 0 0
0 111 27 0 0 0 1076.07 469.227 0.334685 1106.52 473.191 0.360639 1109.69 506.729 0.167607 1109.32 526.303 0.0827397 1043.39 462.081 0.296275 1021.32 467.619 0.163355 0 0 0 1083.58 527.238 0.594285 1072.79 560.11 0.670695 1071.76 599.523 0.756253 1041.64 524.693 0.672386 1016.24 558.974 0.690167 1003.39 601.253 0.371807 0 0 0 0 0 0 0 0 0 0 0 0 0
0 111 28 0 0 0 1065.86 467.108 0.226022 1093.39 467.599 0.224443 1100.86 506.731 0.173559 1087.83 524.338 0.069583 1033.54 461.258 0.216657 1009.98 472.307 0.1 0 0 0 1076.25 524.595 0.589615 1066.59 556.034 0.590833 1069.81 595.419 0.662818 1031.47 524.524 0.658995 1008.34 557.084 0.707998 999.081 598.774 0.423895 0 0 0 0 0 0 0 0 0 0 0 0 0
0 111 29 0 0 0 1055.66 464.99 0.183886 1080.26 462.007 0.156382 1092.03 506.733 0.124554 1083.93 522.436 0.0672691 1023.7 460.436 0.191035 998.634 476.996 0.1 0 0 0 1068.91 521.951 0.596865 1060.4 551.957 0.683393 1067.86 591.315 0.774717 1021.31 524.354 0.660005 1000.45 555.194 0.730121 994.771 596.295 0.536251 0 0 0 0 0 0 0 0 0 0 0 0 0
0 111 30 0 0 0 1045.45 462.871 0.15774 1069.93 458.098 0.132787 1085.9 496.928 0.0728975 0 0 0 1016.31 459.345 0.176841 987.291 481.684 0.1 0 0 0 1061.52 519.989 0.583996 1053.9 548.261 0.767692 1064.16 586.534 0.81127 1014.57 523.052 0.587289 994.79 554.545 0.701221 992.807 594.989 0.467043 0 0 0 0 0 0 0 0 0 0 0 0 0
0 111 31 0 0 0 1035.25 460.752 0.134918 1058.26 452.928 0.1 1072.21 494.976 0.0574324 0 0 0 1006.95 458.657 0.159238 975.948 486.373 0.1 0 0 0 1055 517.376 0.541245 1047.81 545.865 0.73808 1059.16 581.971 0.826124 1006.96 521.299 0.595475 983.922 552.583 0.501302 984.325 593.252 0.498651 0 0 0 0 0 0 0 0 0 0 0 0 0
0 111 32 0 0 0 1025.04 458.634 0.241333 1046.59 447.759 0.191009 1070.19 489.053 0.0608136 0 0 0 997.587 457.968 0.242635 964.605 491.061 0.158314 0 0 0 1049.03 513.297 0.620895 1041.19 541.855 0.743522 1054.13 576.074 0.773763 1002.99 518.327 0.485919 981.151 547.901 0.627044 987.583 586.933 0.662329 0 0 0 0 0 0 0 0 0 0 0 0 0
0 111 33 0 0 0 1014.84 456.515 0.28847 1034.92 442.59 0.202721 1068.26 485.204 0.0541655 0 0 0 988.226 457.28 0.268067 0 0 0 0 0 0 1043.06 509.219 0.556037 1034.57 537.845 0.608105 1049.1 570.177 0.804634 999.015 515.354 0.466417 978.38 543.218 0.667412 990.841 580.613 0.698222 0 0 0 0 0 0 0 0 0 0 0 0 0
0 111 34 0 0 0 1009.55 457.797 0.0911097 0 0 0 0 0 0 0 0 0 978.866 456.591 0.122791 0 0 0 0 0 0 1037.09 505.14 0.411409 1027.95 533.835 0.349598 1044.07 564.279 0.382438 995.042 512.382 0.410308 975.609 538.535 0.573509 994.099 574.294 0.52423 0 0 0 0 0 0 0 0 0 0 0 0 0
0 111 35 0 0 0 1017.37 446.136 0.0932359 0 0 0 0 0 0 0 0 0 986.105 444.104 0.0810181 0 0 0 0 0 0 1031.13 501.062 0.310448 1021.33 529.825 0.317854 1039.04 558.382 0.306163 991.07 509.41 0.29055 972.838 533.853 0.3517 997.357 567.974 0.327358 0 0 0 0 0 0 0 0 0 0 0 0 0
0 111 36 0 0 0 0 0 0 0 0 0 0 0 0 0 0 0 0 0 0 0 0 0 0 0 0 0 0 0 0 0 0 0 0 0 0 0 0 0 0 0 0 0 0 0 0 0 0 0 0 0 0 0 0 0 0 127
0 111 37 0 0 0 0 0 0 0 0 0 0 0 0 0 0 0 0 0 0 0 0 0 0 0 0 0 0 0 0 0 0 0 0 0 0 0 0 0 0 0 0 0 0 0 0 0 0 0 0 0 0 0 0 0 0 127
0 111 38 0 0 0 0 0 0 0 0 0 0 0 0 0 0 0 0 0 0 0 0 0 0 0 0 0 0 0 0 0 0 0 0 0 0 0 0 0 0 0 0 0 0 0 0 0 0 0 0 0 0 0 0 0 0 127
0 111 39 0 0 0 0 0 0 0 0 0 0 0 0 0 0 0 0 0 0 0 0 0 0 0 0 0 0 0 0 0 0 0 0 0 0 0 0 0 0 0 0 0 0 0 0 0 0 0 0 0 0 0 0 0 0 127
0 111 40 0 0 0 0 0 0 0 0 0 0 0 0 0 0 0 0 0 0 0 0 0 0 0 0 0 0 0 0 0 0 0 0 0 0 0 0 0 0 0 0 0 0 0 0 0 0 0 0 0 0 0 0 0 0 127
0 111 41 0 0 0 978.237 424.585 0.105519 999.767 412.818 0.0748406 0 0 0 0 0 0 0 0 0 0 0 0 0 0 0 1007.61 491.044 0.352112 956.755 508.67 0.2665 976.284 553.688 0.247098 980.204 492.999 0.321108 952.87 510.646 0.312479 978.255 555.691 0.411374 0 0 0 0 0 0 0 0 0 0 0 0 0
0 111 42 0 0 0 975.499 428.898 0.1 0 0 0 0 0 0 0 0 0 0 0 0 0 0 0 0 0 0 995.476 493.791 0.1 952.841 514.149 0.1 975.894 554.083 0.1 968.862 495.359 0.1 950.894 516.115 0.1 977.477 556.07 0.1 0 0 0 0 0 0 0 0 0 0 0 0 127
0 111 43 0 0 0 972.76 433.211 0.1 0 0 0 0 0 0 0 0 0 0 0 0 0 0 0 0 0 0 983.343 496.538 0.1 948.926 519.628 0.1 975.505 554.478 0.1 957.519 497.72 0.1 948.917 521.584 0.1 976.699 556.449 0.1 0 0 0 0 0 0 0 0 0 0 0 0 127
0 111 44 0 0 0 970.022 437.524 0.1 0 0 0 0 0 0 0 0 0 0 0 0 0 0 0 0 0 0 971.209 499.284 0.1 945.012 525.107 0.1 975.115 554.874 0.1 946.177 500.08 0.1 946.941 527.053 0.1 975.92 556.828 0.1 0 0 0 0 0 0 0 0 0 0 0 0 127
0 111 45 0 0 0 967.283 441.837 0.1 0 0 0 0 0 0 0 0 0 0 0 0 0 0 0 0 0 0 959.076 502.031 0.1 941.097 530.586 0.1 974.726 555.269 0.1 934.834 502.441 0.1 944.964 532.522 0.1 975.142 557.207 0.1 0 0 0 0 0 0 0 0 0 0 0 0 127
0 111 46 0 0 0 964.545 446.15 0.112521 991.935 446.046 0.0891862 0 0 0 0 0 0 946.954 442.193 0.0694886 0 0 0 0 0 0 946.942 504.778 0.296214 937.183 536.065 0.291642 974.336 555.664 0.281465 923.492 504.801 0.418254 942.988 537.991 0.424136 974.364 557.586 0.421815 0 0 0 0 0 0 0 0 0 0 0 0 0
0 111 47 0 0 0 0 0 0 0 0 0 0 0 0 0 0 0 0 0 0 0 0 0 0 0 0 0 0 0 0 0 0 0 0 0 0 0 0 0 0 0 0 0 0 0 0 0 0 0 0 0 0 0 0 0 0 127
0 111 48 0 0 0 0 0 0 0 0 0 0 0 0 0 0 0 0 0 0 0 0 0 0 0 0 0 0 0 0 0 0 0 0 0 0 0 0 0 0 0 0 0 0 0 0 0 0 0 0 0 0 0 0 0 0 127
0 111 49 0 0 0 0 0 0 0 0 0 0 0 0 0 0 0 0 0 0 0 0 0 0 0 0 0 0 0 0 0 0 0 0 0 0 0 0 0 0 0 0 0 0 0 0 0 0 0 0 0 0 0 0 0 0 127
0 111 50 0 0 0 0 0 0 0 0 0 0 0 0 0 0 0 0 0 0 0 0 0 0 0 0 0 0 0 0 0 0 0 0 0 0 0 0 0 0 0 0 0 0 0 0 0 0 0 0 0 0 0 0 0 0 127
0 111 51 0 0 0 0 0 0 0 0 0 0 0 0 0 0 0 0 0 0 0 0 0 0 0 0 0 0 0 0 0 0 0 0 0 0 0 0 0 0 0 0 0 0 0 0 0 0 0 0 0 0 0 0 0 0 127
0 111 52 0 0 0 953.065 417.803 0.182657 962.127 414.588 0.128525 0 0 0 0 0 0 0 0 0 0 0 0 0 0 0 955.105 474.674 0.455983 947.015 518.367 0.411703 936.061 541.225 0.180463 936.995 478.199 0.436685 939.878 518.552 0.40493 937.352 541.459 0.220259 0 0 0 0 0 0 0 0 0 0 0 0 0
0 111 53 0 0 0 945.904 417.078 0.1 954.135 414.237 0.1 0 0 0 0 0 0 0 0 0 0 0 0 0 0 0 949.971 473.339 0.1 943.323 513.595 0.1 936.434 538.533 0.1 930.716 476.147 0.1 935.334 513.493 0.1 934.178 538.459 0.1 0 0 0 0 0 0 0 0 0 0 0 0 127
0 111 54 0 0 0 938.743 416.353 0.117766 946.143 413.886 0.1 976.258 444.108 0.0666499 0 0 0 0 0 0 0 0 0 0 0 0 944.838 472.005 0.453011 939.631 508.823 0.398359 936.807 535.842 0.355009 924.437 474.096 0.532085 930.791 508.434 0.464765 931.003 535.459 0.486334 0 0 0 0 0 0 0 0 0 0 0 0 0
0 111 55 0 0 0 931.582 415.629 0.134236 938.151 413.535 0.1 0 0 0 0 0 0 903.629 411.182 0.132331 896.076 438.292 0.136162 0 0 0 939.705 470.67 0.473252 935.939 504.051 0.471523 937.18 533.15 0.488495 918.158 472.045 0.420955 926.248 503.375 0.293067 927.828 532.459 0.452546 0 0 0 0 0 0 0 0 0 0 0 0 0
0 111 56 0 0 0 922.919 415.629 0.166405 926.406 413.257 0.122746 962.613 442.209 0.057726 0 0 0 896.75 412.148 0.175822 872.635 436.315 0.11066 0 0 0 932.158 468.985 0.564497 932.026 499.579 0.49445 937.168 529.794 0.503214 914.807 469.815 0.477343 923.179 498.904 0.360544 927.272 529.953 0.369783 0 0 0 0 0 0 0 0 0 0 0 0 0
0 111 57 0 0 0 913.103 415.667 0.137632 912.783 413.015 0.1 0 0 0 0 0 0 889.871 413.114 0.15184 0 0 0 0 0 0 923.176 467.586 0.424997 927.659 496.03 0.51905 936.081 527.761 0.467555 909.784 467.417 0.384207 920.531 495.236 0.283367 926.017 527.458 0.395998 0 0 0 0 0 0 0 0 0 0 0 0 0
0 111 58 0 0 0 903.286 415.704 0.1 899.16 412.772 0.1 0 0 0 0 0 0 0 0 0 0 0 0 0 0 0 914.195 466.187 0.1 923.292 492.481 0.1 934.994 525.729 0.1 904.762 465.018 0.1 917.882 491.568 0.1 924.762 524.963 0.1 0 0 0 0 0 0 0 0 0 0 0 0 127
0 111 59 0 0 0 893.47 415.741 0.108109 885.538 412.53 0.117392 839.372 442.183 0.0775314 0 0 0 0 0 0 0 0 0 0 0 0 905.213 464.788 0.258989 918.925 488.931 0.339738 933.907 523.696 0.361122 899.739 462.62 0.310593 915.233 487.901 0.501029 923.508 522.468 0.57321 0 0 0 0 0 0 0 0 0 0 0 0 0
0 111 60 0 0 0 0 0 0 0 0 0 0 0 0 0 0 0 0 0 0 0 0 0 0 0 0 0 0 0 0 0 0 0 0 0 0 0 0 0 0 0 0 0 0 0 0 0 0 0 0 0 0 0 0 0 0 127
0 111 61 0 0 0 0 0 0 0 0 0 0 0 0 0 0 0 0 0 0 0 0 0 0 0 0 0 0 0 0 0 0 0 0 0 0 0 0 0 0 0 0 0 0 0 0 0 0 0 0 0 0 0 0 0 0 127
0 111 62 0 0 0 0 0 0 0 0 0 0 0 0 0 0 0 0 0 0 0 0 0 0 0 0 0 0 0 0 0 0 0 0 0 0 0 0 0 0 0 0 0 0 0 0 0 0 0 0 0 0 0 0 0 0 127
0 111 63 0 0 0 0 0 0 0 0 0 0 0 0 0 0 0 0 0 0 0 0 0 0 0 0 0 0 0 0 0 0 0 0 0 0 0 0 0 0 0 0 0 0 0 0 0 0 0 0 0 0 0 0 0 0 127
0 111 64 0 0 0 0 0 0 0 0 0 0 0 0 0 0 0 0 0 0 0 0 0 0 0 0 0 0 0 0 0 0 0 0 0 0 0 0 0 0 0 0 0 0 0 0 0 0 0 0 0 0 0 0 0 0 127
0 111 65 0 0 0 0 0 0 0 0 0 0 0 0 0 0 0 0 0 0 0 0 0 0 0 0 0 0 0 0 0 0 0 0 0 0 0 0 0 0 0 0 0 0 0 0 0 0 0 0 0 0 0 0 0 0 127
0 111 66 0 0 0 0 0 0 0 0 0 0 0 0 0 0 0 0 0 0 0 0 0 0 0 0 0 0 0 0 0 0 0 0 0 0 0 0 0 0 0 0 0 0 0 0 0 0 0 0 0 0 0 0 0 0 127
0 111 67 0 0 0 893.086 414.075 0.183753 911.609 409.135 0.116103 0 0 0 0 0 0 870.425 414.163 0.221578 849.801 444.324 0.290488 829.158 458.601 0.311309 899.41 473.558 0.411636 879.765 494.484 0.205798 884.332 522.367 0.158303 865.467 476.279 0.407662 864.005 503.209 0.393896 882.81 525.92 0.372044 0 0 0 0 0 0 0 0 0 0 0 0 0
0 111 68 0 0 0 893.507 412.62 0.356297 912.357 409.457 0.306469 923.087 447.857 0.259752 0 0 0 870.429 412.142 0.32517 847.712 441.748 0.469092 826.222 458.409 0.457779 895.918 474.895 0.412542 878.54 495.669 0.161681 884.336 519.926 0.1 862.961 476.175 0.489054 863.013 502.038 0.331784 881.233 523.568 0.161067 0 0 0 0 0 0 0 0 0 0 0 0 0
0 111 69 0 0 0 893.928 411.166 0.481026 913.105 409.78 0.425012 921.394 447.324 0.369356 913.741 459.717 0.109206 870.432 410.121 0.382004 845.623 439.172 0.528515 823.285 458.218 0.559107 892.425 476.232 0.524048 877.315 496.855 0.145964 884.34 517.485 0.1 860.454 476.071 0.608893 862.021 500.867 0.417801 879.656 521.215 0.321277 0 0 0 0 0 0 0 0 0 0 0 0 0
0 111 70 0 0 0 894.349 409.712 0.442664 913.853 410.102 0.411932 919.7 446.791 0.295541 0 0 0 870.436 408.1 0.40875 843.534 436.596 0.334303 820.155 457.826 0.235587 888.933 477.569 0.423087 876.091 498.04 0.1 884.344 515.044 0.1 857.947 475.967 0.579634 861.029 499.696 0.208414 878.079 518.862 0.28132 0 0 0 0 0 0 0 0 0 0 0 0 0
0 111 71 0 0 0 894.771 408.257 0.60618 914.601 410.424 0.518756 918.007 446.257 0.348233 0 0 0 870.439 406.079 0.499865 841.444 434.02 0.566069 820.136 457.06 0.543683 885.44 478.906 0.53617 874.866 499.226 0.119728 884.348 512.603 0.134324 855.441 475.863 0.681614 860.036 498.525 0.225751 876.502 516.509 0.270333 0 0 0 0 0 0 0 0 0 888.238 381.547 0.0515515 0
0 111 72 0 0 0 895.092 406.957 0.55351 915.575 410.802 0.485184 916.313 445.724 0.169299 0 0 0 869.958 404.344 0.513714 839.355 431.444 0.511823 820.117 456.294 0.3253 882.934 479.559 0.529608 873.506 500.416 0.1 0 0 0 853.376 475.538 0.608162 0 0 0 0 0 0 0 0 0 0 0 0 0 0 0 0 0 0 0
0 111 73 0 0 0 894.003 405.01 0.35044 914.696 409.605 0.320247 914.796 444.732 0.127073 0 0 0 868.982 402.166 0.290092 837.266 428.868 0.29336 0 0 0 880.973 478.694 0.436544 872.747 499.55 0.1 0 0 0 851.857 474.442 0.51571 0 0 0 0 0 0 0 0 0 0 0 0 0 0 0 0 0 0 0
0 111 74 0 0 0 892.373 402.63 0.301606 913.278 407.701 0.273675 913.495 443.355 0.112249 0 0 0 867.303 399.775 0.225557 0 0 0 0 0 0 879.554 477.607 0.416239 871.504 499.433 0.1 0 0 0 850.88 473.238 0.494188 853.141 506.663 0.0576854 0 0 0 0 0 0 0 0 0 0 0 0 0 0 0 0
0 111 75 0 0 0 891.066 399.815 0.237031 911.745 405.316 0.240637 912.846 441.608 0.133358 0 0 0 865.786 396.737 0.171242 0 0 0 0 0 0 879.119 475.657 0.383748 870.317 498.886 0.111285 0 0 0 850.87 471.487 0.451479 854.99 500.882 0.0786894 0 0 0 0 0 0 0 0 0 0 0 0 0 0 0 0
0 111 76 0 0 0 889.071 397.163 0.1 909.959 402.624 0.1 912.405 439.605 0.1 0 0 0 863.833 394.517 0.1 0 0 0 0 0 0 878.683 474.052 0.1 869.105 498.398 0.1 0 0 0 850.782 470.053 0.1 0 0 0 0 0 0 0 0 0 0 0 0 0 0 0 0 0 0 127
0 111 77 0 0 0 887.032 395.333 0.1 908.125 400.057 0.1 911.979 437.559 0.1 0 0 0 861.887 392.909 0.1 0 0 0 0 0 0 878.459 472.141 0.1 867.892 497.909 0.1 0 0 0 850.828 468.921 0.1 0 0 0 0 0 0 0 0 0 0 0 0 0 0 0 0 0 0 127
0 111 78 0 0 0 885.161 393.027 0.1 906.466 397.407 0.1 911.984 435.472 0.1 0 0 0 859.934 391.04 0.1 0 0 0 0 0 0 878.461 470.363 0.1 866.68 497.421 0.1 0 0 0 851 468.307 0.1 0 0 0 0 0 0 0 0 0 0 0 0 0 0 0 0 0 0 127
0 111 79 0 0 0 883.247 391.326 0.339038 904.772 395.322 0.258046 911.767 433.784 0.109968 0 0 0 857.983 389.347 0.28115 831.51 410.846 0.124949 0 0 0 878.894 469.579 0.370753 865.468 496.933 0.121778 880.325 506.658 0.10876 851.085 468.007 0.452038 826.702 447.698 0.195625 866.828 508.652 0.208967 0 0 0 0 0 0 0 0 0 0 0 0 0
0 111 80 0 0 0 881.727 389.365 0.1 903.261 392.929 0.1 911.763 432.051 0.1 0 0 0 856.029 387.393 0.1 0 0 0 0 0 0 879.117 469.577 0.1 0 0 0 0 0 0 851.085 468.228 0.1 828.527 450.038 0.1 0 0 0 0 0 0 0 0 0 0 0 0 0 0 0 127
0 111 81 0 0 0 880.209 387.079 0.1 901.529 390.156 0.1 911.759 430.661 0.1 0 0 0 855.212 385.33 0.1 0 0 0 0 0 0 880.311 467.619 0.1 0 0 0 0 0 0 851.957 466.929 0.1 830.353 452.378 0.1 0 0 0 0 0 0 0 0 0 0 0 0 0 0 0 127
0 111 82 0 0 0 878.693 384.468 0.1 899.574 387.003 0.1 911.755 429.27 0.1 0 0 0 855.53 383.155 0.1 0 0 0 0 0 0 882.477 463.705 0.1 0 0 0 0 0 0 853.702 464.111 0.1 832.178 454.719 0.1 0 0 0 0 0 0 0 0 0 0 0 0 0 0 0 127
0 111 83 0 0 0 877.5 382.072 0.1 897.514 383.912 0.1 911.751 427.88 0.1 0 0 0 856.339 381.197 0.1 0 0 0 0 0 0 884.114 459.793 0.1 0 0 0 0 0 0 855.331 461.183 0.1 834.004 457.059 0.1 0 0 0 0 0 0 0 0 0 0 0 0 0 0 0 127
0 111 84 0 0 0 876.411 380.332 0.305544 895.615 381.416 0.24823 911.746 426.489 0.160265 0 0 0 858.726 380.322 0.217725 835.436 410.825 0.0973684 0 0 0 880.859 456.745 0.33674 813.914 418.714 0.0993082 0 0 0 856.64 459.014 0.482549 835.749 459.231 0.112086 737.618 434.348 0.0511338 0 0 0 0 0 0 0 0 0 0 0 0 1
0 111 85 0 0 0 875.148 378.636 0.1 893.593 379.114 0.1 0 0 0 0 0 0 860.387 379.348 0.1 0 0 0 0 0 0 878.253 453.859 0.1 0 0 0 0 0 0 857.527 456.903 0.1 837.943 462.982 0.1 0 0 0 0 0 0 0 0 0 0 0 0 0 0 0 127
0 111 86 0 0 0 873.71 376.982 0.354532 891.449 377.004 0.270727 0 0 0 0 0 0 861.324 378.272 0.30698 849.127 404.747 0.299724 825.024 398.997 0.256781 876.297 451.134 0.43735 847.043 469.881 0.233021 0 0 0 857.992 454.85 0.542235 840.585 468.315 0.432837 0 0 0 0 0 0 0 0 0 0 0 0 0 0 0 1
0 111 87 0 0 0 872.099 375.372 0.381908 889.183 375.088 0.293493 902.006 401.18 0.0548648 0 0 0 861.536 377.097 0.371921 847.5 405.029 0.493652 823.443 398.166 0.450013 874.991 448.571 0.52334 847.293 471.214 0.295988 0 0 0 858.034 452.855 0.595542 843.675 475.228 0.473457 851.103 537.98 0.0971601 0 0 0 0 0 0 0 0 0 0 0 0 1
0 111 88 0 0 0 870.745 374.02 0.279609 887.176 373.696 0.1 0 0 0 0 0 0 861.745 375.75 0.278846 845.873 405.311 0.242324 821.863 397.335 0.242252 873.897 445.659 0.220164 847.542 472.547 0.153892 808.023 446.189 0.0578471 857.729 450.34 0.340516 846.855 482.277 0.281629 858.896 506.725 0.0670876 0 0 0 0 0 0 0 0 0 0 0 0 1
0 111 89 0 0 0 869.225 372.063 0.1 884.778 371.519 0.1 0 0 0 0 0 0 862.393 374.23 0.1 844.246 405.593 0.1 820.282 396.503 0.1 872.809 440.448 0.1 847.791 473.88 0.1 0 0 0 858.165 446.431 0.1 850.555 490.32 0.1 0 0 0 0 0 0 0 0 0 0 0 0 0 0 0 127
0 111 90 0 0 0 868.237 371.303 0.1 883.145 370.649 0.1 0 0 0 0 0 0 862.173 373.9 0.1 842.619 405.875 0.1 818.701 395.672 0.1 871.724 437.627 0.1 848.04 475.213 0.1 0 0 0 857.614 444.364 0.1 852.184 494.341 0.1 0 0 0 0 0 0 0 0 0 0 0 0 0 0 0 127
0 111 91 0 0 0 867.358 371.085 0.352043 881.621 370.433 0.206473 0 0 0 0 0 0 861.088 373.688 0.323362 841.967 405.444 0.354765 818.263 395.232 0.211924 869.775 436.969 0.24923 846.298 472.38 0.128111 0 0 0 856.308 443.063 0.361691 850.67 491.52 0.203161 0 0 0 0 0 0 0 0 0 0 0 0 841.328 363.843 0.0686725 1
0 111 92 0 0 0 866.376 370.975 0.447585 880.637 370.429 0.328372 886.313 414.864 0.0633167 0 0 0 859.783 373.477 0.399788 840.775 405.227 0.48314 818.04 395.231 0.399055 867.921 436.853 0.405589 843.363 469.011 0.221645 0 0 0 854.793 442.308 0.516166 848.932 488.589 0.33604 843.3 538.001 0.0564445 0 0 0 0 0 0 0 0 0 853.102 342.434 0.069946 1
0 111 93 0 0 0 865.509 370.534 0.348841 879.925 370.105 0.217884 0 0 0 0 0 0 857.171 372.4 0.327285 839.689 405.004 0.378531 817.378 395.234 0.321303 870.528 436.417 0.238453 845.544 471.62 0.111596 0 0 0 853.276 441.227 0.419574 846.755 485.325 0.43378 0 0 0 0 0 0 0 0 0 0 0 0 849.131 359.978 0.0626809 1
0 111 94 0 0 0 864.207 370.094 0.365087 878.518 369.669 0.26278 0 0 0 0 0 0 854.635 371.679 0.359717 838.818 404.492 0.402785 816.215 395.161 0.293086 873.131 435.26 0.288747 846.992 471.33 0.153564 0 0 0 852.472 439.776 0.444943 844.434 481.48 0.449217 847.203 491.071 0.0875686 0 0 0 0 0 0 0 0 0 845.252 363.877 0.0657483 1
0 111 95 0 0 0 862.905 369.879 0.366383 877.051 369.346 0.266548 0 0 0 0 0 0 853.258 371.105 0.364215 838.374 403.48 0.427896 815.852 395.449 0.300952 874.869 433.807 0.433752 845.978 468.138 0.270194 845.945 481.303 0.21763 851.965 437.968 0.570883 842.178 477.274 0.526753 849.743 490.192 0.571869 0 0 0 0 0 0 0 0 0 0 0 0 1
0 111 96 0 0 0 861.39 369.661 0.1 874.879 368.911 0.1 0 0 0 0 0 0 852.166 370.888 0.1 838.363 402.171 0.1 815.199 395.23 0.1 875.088 431.407 0.1 843.589 463.356 0.1 846.305 480.129 0.1 852.179 435.359 0.1 839.563 472.702 0.1 849.235 489.863 0.1 0 0 0 0 0 0 0 0 0 0 0 0 127
0 111 97 0 0 0 859.439 369.228 0.362025 871.622 367.835 0.287896 0 0 0 0 0 0 850.866 370.888 0.34792 837.923 400.874 0.452998 814.769 395.013 0.327499 875.098 428.581 0.44644 840.761 458.792 0.24636 846.666 478.955 0.204864 852.83 432.955 0.588722 836.952 469.007 0.648421 848.727 489.535 0.636651 0 0 0 0 0 0 0 0 0 851.035 338.51 0.0557086 1
0 111 98 0 0 0 857.904 369.235 0.402985 869.016 367.836 0.33703 0 0 0 0 0 0 849.556 370.883 0.377427 836.401 400.224 0.498205 813.693 394.577 0.356556 875.1 428.135 0.540327 838.591 456.182 0.194757 847.027 477.78 0.154988 852.603 431.647 0.618705 834.337 465.537 0.604888 848.219 489.206 0.607677 0 0 0 0 0 0 0 0 0 839.356 350.225 0.064561 1
0 111 99 0 0 0 855.958 368.8 0.224032 865.972 367.19 0.161501 0 0 0 0 0 0 848.472 370.025 0.241815 835.092 399.348 0.303813 812.822 393.498 0.194269 873.793 427.478 0.318819 836.851 453.788 0.151423 847.387 476.606 0.1 852.171 430.336 0.38388 831.522 462.066 0.387602 847.711 488.877 0.406197 0 0 0 0 0 0 0 0 0 0 0 0 1
0 111 100 0 0 0 854.435 368.59 0.483739 863.804 366.971 0.38041 835.367 397.213 0.0663682 817.844 393.263 0.168793 847.166 369.805 0.491882 832.71 398.692 0.626775 810.65 391.968 0.523045 872.053 427.264 0.535529 835.984 453.14 0.304628 848.252 474.647 0.256267 851.079 430.107 0.711708 829.78 461.409 0.629131 847.277 488.654 0.653783 0 0 0 0 0 0 0 0 0 835.261 366.399 0.145821 1
0 111 101 0 0 0 851.935 368.481 0.486098 860.434 366.745 0.390473 821.768 393.268 0.0796065 815.847 395.163 0.138544 845.864 369.589 0.498248 830.64 398.253 0.579125 808.92 390.661 0.505516 870.636 425.856 0.541311 834.353 451.738 0.299309 850.643 470.742 0.236907 850.855 429.336 0.698558 828.261 460.652 0.66142 846.734 488.226 0.675998 0 0 0 0 0 0 0 0 0 833.5 364.785 0.14412 1
0 111 102 0 0 0 849.118 368.264 0.447371 856.091 366.303 0.330099 821.691 393.246 0.0887559 0 0 0 844.996 369.476 0.468105 829.115 397.279 0.534103 807.627 389.568 0.464139 869.329 424.119 0.516356 833.045 450.439 0.315158 850.212 470.098 0.278871 850.853 428.028 0.689563 826.959 460 0.659453 846.511 488.013 0.637255 0 0 0 0 0 0 0 0 0 831.738 363.171 0.120182 1
0 111 103 0 0 0 846.941 368.048 0.46734 851.523 366.087 0.34097 0 0 0 0 0 0 844.991 369.04 0.493365 828.028 395.766 0.55813 807.631 388.914 0.545054 867.586 422.594 0.530885 831.309 449.569 0.336913 851.739 467.052 0.300892 850.427 426.51 0.684689 826.303 459.572 0.693838 845.859 487.58 0.661018 0 0 0 0 0 0 0 0 0 829.976 361.556 0.105496 1
0 111 104 0 0 0 844.839 367.102 0.554988 846.889 365.289 0.42388 0 0 0 0 0 0 844.625 368.092 0.546263 827.816 394.247 0.691001 807.414 388.115 0.662529 866.06 420.565 0.596768 830.804 449.281 0.335343 852.916 464.554 0.337834 850.282 424.622 0.702336 825.947 458.707 0.730633 845.926 487.509 0.705726 0 0 0 0 0 0 0 0 0 828.215 359.942 0.1 1
0 111 105 810.968 372.407 0.104364 843.024 365.654 0.483989 842.833 364.133 0.347461 813.097 387.969 0.121569 0 0 0 844.77 366.421 0.491776 828.472 392.518 0.569049 808.068 388.04 0.509392 865.403 418.685 0.535146 830.442 448.267 0.338118 853.742 462.602 0.337077 849.994 422.808 0.68786 826.314 457.41 0.695046 845.203 486.71 0.65897 0 0 0 0 0 0 0 0 0 826.353 357.906 0.143892 1
0 111 106 808.058 370.448 0.202175 841.289 363.701 0.520948 839.352 362.818 0.384581 812.647 387.088 0.153709 0 0 0 845.201 364.241 0.1 830.214 390.775 0.1 809.363 387.821 0.1 864.744 416.943 0.560038 830.659 447.397 0.400021 853.79 461.518 0.265444 849.774 420.64 0.703982 827.403 455.886 0.694943 844.336 485.412 0.703649 0 0 0 0 0 0 0 0 0 824.313 355.392 0.1 1
0 111 107 805.148 368.488 0.375813 838.694 361.632 0.328902 834.899 361.078 0.227636 812.197 386.208 0.131503 0 0 0 844.548 361.85 0.337811 831.737 389.03 0.178985 810.003 387.928 0.174085 863.219 414.776 0.384465 831.199 446.204 0.268763 853.488 460.871 0.28719 850.21 418.035 0.526028 828.82 454.353 0.613778 843.579 484.332 0.625944 804.131 356.157 0.0801642 813.898 363.915 0.293377 0 0 0 821.881 352.4 0.165592 1
0 111 108 0 0 0 835.652 359.241 0.1 829.907 359.326 0.1 811.747 385.327 0.1 0 0 0 843.235 359.235 0.1 833.048 387.295 0.1 809.999 388.569 0.1 860.618 412.82 0.1 831.412 445.121 0.1 852.618 461.096 0.1 851.293 415.006 0.1 830.77 452.821 0.1 842.93 483.47 0.1 0 0 0 0 0 0 0 0 0 819.274 349.14 0.1 127
0 111 109 0 0 0 833.488 357.055 0.1 827.517 356.935 0.1 811.297 384.447 0.1 0 0 0 841.066 357.056 0.1 833.474 385.769 0.1 809.565 388.366 0.1 860.836 410.218 0.1 831.847 444.252 0.1 851.321 461.971 0.1 851.733 413.051 0.1 832.296 451.304 0.1 842.713 483.039 0.1 0 0 0 0 0 0 0 0 0 817.637 346.531 0.1 127
0 111 110 0 0 0 832.182 354.881 0.201649 826.002 354.767 0.153098 811.517 382.711 0.1 0 0 0 838.898 355.087 0.195333 834.344 384.024 0.107125 808.691 387.939 0.127216 860.621 409.129 0.288492 832.716 444.251 0.249705 848.069 465.22 0.1 851.726 411.745 0.330423 834.026 450.213 0.325574 843.142 483.036 0.531076 0 0 0 0 0 0 0 0 0 816.323 343.715 0.1 1
0 111 111 0 0 0 831.087 353.141 0.1 825.131 353.245 0.1 811.525 381.195 0.1 0 0 0 836.728 353.23 0.1 834.779 382.612 0.1 807.597 387.29 0.1 859.968 408.262 0.1 833.58 444.252 0.1 847.407 465.648 0.1 851.721 410.866 0.1 836.195 448.917 0.1 843.568 482.819 0.1 0 0 0 0 0 0 0 0 0 814.578 341.326 0.1 127
0 111 112 802.104 348.275 0.0623375 829.679 350.751 0.599234 825.45 350.962 0.487814 812.833 379.467 0.153316 800.653 385.048 0.187953 833.905 351.055 0.571372 835.321 381.738 0.591669 805.749 386.421 0.596985 859.432 407.072 0.543408 834.336 444.475 0.612657 844.357 468.905 0.46259 851.824 410.096 0.644872 837.828 447.616 0.634396 844.434 483.145 0.679572 0 0 0 0 0 0 0 0 0 812.4 338.607 0.102133 1
0 111 113 802.194 352.172 0.0614275 828.088 348.221 0.568555 826.166 348.5 0.487641 814.314 377.566 0.1 799.32 383.842 0.17583 830.571 348.959 0.605363 835.321 381.081 0.621337 803.365 385.478 0.690296 859.222 405.845 0.644221 835.058 444.77 0.63768 841.874 471.51 0.479717 851.745 409.583 0.688271 839.063 446.749 0.673585 845.449 483.873 0.725011 0 0 0 0 0 0 0 0 0 810.391 335.608 0.152093 1
0 111 114 0 0 0 826.425 345.967 0.607156 826.744 345.967 0.530795 815.706 375.707 0.105237 797.986 382.636 0.255309 826.518 346.931 0.671823 834.232 380.638 0.706233 800.538 384.248 0.75766 859.44 404.69 0.620348 835.854 445.13 0.659806 839.966 473.462 0.439096 851.38 409.004 0.714719 839.791 446.312 0.660673 846.607 484.884 0.756578 0 0 0 0 0 0 0 0 0 808.127 332.864 0.16302 1
0 111 115 800.26 350.261 0.0715166 825.008 344.221 0.635086 827.504 343.797 0.531591 817.009 373.891 0.119829 796.653 381.429 0.227888 822.717 345.41 0.68793 832.058 380.306 0.721458 797.713 383.057 0.724444 859.657 403.824 0.571049 836.507 445.56 0.705032 838.727 474.868 0.505919 850.732 408.682 0.71844 840.225 446.308 0.657671 847.908 486.187 0.792005 0 0 0 0 0 0 0 0 0 806.254 330.604 0.227743 1
0 111 116 0 0 0 824.346 342.802 0.1 828.912 341.848 0.1 818.224 372.116 0.1 795.32 380.223 0.1 819.895 344.32 0.1 830.316 379.87 0.1 795.762 382.082 0.1 860.74 402.957 0.1 837.056 445.878 0.1 838.157 475.729 0.1 849.435 408.682 0.1 840.33 446.307 0.1 849.103 487.272 0.1 0 0 0 0 0 0 0 0 0 804.772 328.826 0.1 127
0 111 117 0 0 0 824.341 341.708 0.698635 831.508 340.119 0.598047 819.35 370.383 0.118755 794.452 378.7 0.249941 817.938 343.663 0.703785 829.004 379.647 0.841314 794.033 380.996 0.844289 862.694 402.085 0.685544 837.285 446.087 0.712893 837.933 475.725 0.456977 847.487 409.109 0.6841 840.12 446.309 0.642874 850.195 488.139 0.825873 0 0 0 0 0 0 0 0 0 804.111 327.521 0.237523 1
0 111 118 0 0 0 823.249 340.404 0.724223 831.067 338.818 0.596887 819.997 369.189 0.1 793.589 377.83 0.1 817.278 342.359 0.752506 828.792 379.423 0.796453 793.604 380.976 0.836482 861.827 401.642 0.708195 837.715 446.085 0.694415 837.928 475.936 0.491527 846.611 408.245 0.638707 840.121 446.307 0.626785 850.84 488.576 0.802946 0 0 0 0 0 0 0 0 0 803.026 325.561 0.251822 1
0 111 119 0 0 0 822.378 339.098 0.1 830.842 337.513 0.1 819.996 368.532 0.1 793.586 376.744 0.1 816.619 341.061 0.1 828.147 378.999 0.1 793.387 380.743 0.1 861.391 400.552 0.1 838.803 445.861 0.1 838.361 476.161 0.1 845.533 406.944 0.1 839.697 446.087 0.1 850.842 488.795 0.1 0 0 0 0 0 0 0 0 0 802.154 323.821 0.1 127
0 111 120 788.424 334.525 0.0646348 821.718 337.582 0.713656 830.624 335.997 0.579378 819.994 368.093 0.1 793.797 375.664 0.1 815.745 339.766 0.744053 827.931 378.779 0.759191 793.177 380.306 0.789186 861.178 399.463 0.689962 839.245 445.643 0.692283 838.591 476.387 0.531238 844.448 405.649 0.656296 838.834 446.085 0.670138 850.632 489.015 0.808455 0 0 0 788.43 328.672 0.0612786 0 0 0 801.496 322.296 0.3131 1
0 111 121 0 0 0 821.18 336.717 0.730288 829.867 335.23 0.611553 819.772 367.875 0.1 794.767 374.693 0.130399 815.313 338.903 0.750379 827.385 378.563 0.775259 793.715 380.083 0.809948 860.422 398.699 0.702198 839.575 445.428 0.72976 838.817 476.611 0.565722 843.471 404.463 0.677616 838.07 446.088 0.673617 849.982 488.91 0.835817 0 0 0 0 0 0 0 0 0 800.851 321.533 0.264218 1
0 111 122 0 0 0 821.184 336.498 0.745608 829.87 335.002 0.616707 819.215 367.867 0.102784 796.063 374.044 0.148839 815.101 338.679 0.747946 826.304 378.559 0.766341 794.36 379.87 0.770447 859.984 398.473 0.703269 839.796 445.205 0.706962 838.83 476.831 0.567507 842.185 403.812 0.692949 836.981 446.089 0.729668 848.896 488.688 0.81085 0 0 0 0 0 0 0 0 0 800.64 321.748 0.227757 1
0 111 123 0 0 0 821.614 336.286 0.749244 830.523 334.991 0.625504 818.658 367.859 0.101538 797.038 373.554 0.165407 815.75 338.469 0.734501 825.446 378.557 0.759251 795.011 379.871 0.7484 859.767 398.253 0.712981 839.794 444.984 0.709266 838.825 477.049 0.528338 841.111 403.165 0.701034 835.457 446.303 0.743048 847.594 488.685 0.817582 0 0 0 0 0 0 0 0 0 801.295 321.757 0.243481 1
0 111 124 0 0 0 821.734 335.851 0.735022 831.28 334.55 0.609001 818.1 367.851 0.1 797.907 373.3 0.162382 815.861 338.044 0.735981 824.805 378.661 0.756256 795.228 379.762 0.734538 859.772 398.033 0.708157 839.575 444.76 0.721791 838.706 477.161 0.524448 840.456 402.623 0.71051 833.511 446.306 0.757243 846.065 488.683 0.808086 0 0 0 0 0 0 0 0 0 801.949 321.749 0.276877 1
0 111 125 790.419 326.733 0.0532999 822.177 335.424 0.731054 832.365 334.325 0.605651 817.543 367.843 0.114936 798.67 373.281 0.205008 816.071 337.827 0.761144 824.376 378.877 0.776585 795.232 379.759 0.784137 859.989 398.031 0.704164 839.355 444.543 0.705693 838.273 477.166 0.527489 839.804 402.62 0.707055 831.564 446.311 0.762239 844.107 488.677 0.778921 0 0 0 790.383 324.761 0.0518388 0 0 0 802.818 321.53 0.309447 1
0 111 126 790.412 336.494 0.0871029 823.049 334.998 0.749598 833.03 333.887 0.659983 819.775 367.859 0.0879059 799.326 373.497 0.167768 816.291 337.609 0.742681 824.159 378.89 0.800444 795.451 379.968 0.793923 860.635 398.029 0.734035 839.354 444.111 0.690145 838.061 476.944 0.499631 839.373 402.623 0.736632 829.605 446.103 0.719981 841.713 488.455 0.807967 0 0 0 790.349 332.609 0.080271 0 0 0 803.478 321.311 0.361201 1
0 111 127 0 0 0 824.563 335.002 0.728604 834.339 333.893 0.654501 819.756 367.731 0.0858003 799.972 373.93 0.157097 816.727 337.616 0.731995 823.929 379.116 0.794213 795.442 379.974 0.801631 861.076 398.042 0.763853 840.003 443.028 0.669143 839.592 473.477 0.463054 838.731 403.486 0.752641 827.856 446.753 0.712925 838.897 488.667 0.825728 0 0 0 0 0 0 0 0 0 805.424 321.313 0.224501 1
0 111 128 0 0 0 825.655 335.221 0.686003 835.213 334.112 0.590974 823.684 367.779 0.0715581 800.238 374.628 0.1 817.163 338.271 0.736334 823.712 379.765 0.795549 795.445 380.636 0.815961 861.508 398.264 0.77075 840.865 441.516 0.670048 840.898 470.008 0.483341 838.076 404.786 0.710664 826.326 450.886 0.690699 837.383 487.586 0.813751 0 0 0 0 0 0 0 0 0 807.166 322.827 0.194017 1
0 111 129 0 0 0 826.1 334.355 0.680489 835.433 332.807 0.600141 821.769 367.855 0.0578817 800.503 375.326 0.1 817.821 338.052 0.743215 823.494 380.411 0.803312 795.657 381.282 0.806806 861.506 398.479 0.759697 841.947 439.778 0.653587 842.416 466.522 0.498516 837.201 406.089 0.716827 824.586 455.876 0.660276 839.129 482.807 0.727377 0 0 0 0 0 0 0 0 0 809.418 323.278 0.184513 1
0 111 130 0 0 0 827.071 334.789 0.652327 836.086 332.813 0.567868 823.727 367.836 0.0555602 800.769 376.024 0.103178 818.477 338.809 0.728508 823.059 381.062 0.81811 794.9 381.499 0.811089 862.046 399.021 0.769034 842.163 438.688 0.619765 843.932 463.151 0.412586 836.44 407.39 0.711207 822.095 458.474 0.623578 838.699 480.742 0.692686 0 0 0 0 0 0 0 0 0 811.67 323.73 0.133007 1
0 111 131 0 0 0 828.149 336.528 0.674347 835.874 334.341 0.52142 810.055 367.806 0.0632923 801.034 376.722 0.131643 819.352 340.334 0.677373 822.613 381.511 0.729317 793.816 381.49 0.675251 862.264 399.677 0.682626 841.51 438.253 0.420293 845.655 459.895 0.474841 836.213 408.264 0.711708 819.276 458.689 0.558881 836.092 481.184 0.597783 0 0 0 0 0 0 0 0 0 813.922 324.181 0.153509 1
0 111 132 0 0 0 829.456 339.355 0.52999 837.393 336.529 0.43856 0 0 0 0 0 0 820.226 343.155 0.584301 821.731 382.602 0.690065 793.163 381.919 0.55027 861.614 401.416 0.68173 840.854 438.257 0.391061 847.173 457.077 0.502154 834.9 410.433 0.674356 817.1 459.344 0.66022 833.481 481.625 0.157624 0 0 0 0 0 0 0 0 0 816.174 324.633 0.114151 1
0 111 133 0 0 0 831.184 343.046 0.218592 839.364 340.439 0.150846 0 0 0 0 0 0 820.883 346.407 0.289451 819.981 384.557 0.512138 792.511 382.354 0.378424 860.089 404.675 0.476622 840.422 439.791 0.185086 848.05 455.129 0.429509 832.733 413.468 0.565711 815.138 460.859 0.708356 831.309 482.071 0.250436 0 0 0 0 0 0 0 0 0 0 0 0 1
0 111 134 0 0 0 832.491 346.958 0.1 841.538 344.36 0.1 0 0 0 0 0 0 821.325 349.889 0.1 818.237 386.725 0.1 792.066 382.573 0.1 858.568 408.156 0.1 839.33 441.1 0.1 849.141 453.172 0.1 830.772 416.514 0.1 813.176 462.162 0.1 829.575 482.513 0.1 0 0 0 0 0 0 0 0 0 0 0 0 127
0 111 135 0 0 0 832.056 351.304 0.31075 843.044 348.498 0.247667 0 0 0 0 0 0 819.805 354.673 0.393886 814.541 389.545 0.608815 791.189 383.811 0.367591 857.043 411.424 0.559092 838.888 442.623 0.264989 850.663 451.644 0.491197 828.591 419.988 0.592638 811.434 464.118 0.479069 828.273 483.17 0.454049 0 0 0 0 0 0 0 0 0 811.939 348.173 0.0662118 1
0 111 136 0 0 0 830.108 355.653 0.344855 842.385 351.968 0.233997 0 0 0 0 0 0 816.765 359.448 0.358833 810.635 392.798 0.43106 789.666 386.059 0.341816 855.724 413.804 0.535002 837.152 444.367 0.226827 850.219 452.937 0.489973 826.404 421.954 0.534437 809.699 465.642 0.478093 827.402 483.394 0.471877 0 0 0 0 0 0 0 0 0 817.85 348.219 0.0701294 1
0 111 137 0 0 0 828.584 359.564 0.622411 842.165 355.448 0.497682 868.418 400.325 0.233983 864.792 416.738 0.0600594 813.723 363.578 0.583787 805.416 396.715 0.611984 787.271 388.877 0.516572 853.986 417.07 0.63977 834.771 447.183 0.405507 849.829 454.285 0.528698 823.8 425.006 0.769942 807.961 463.252 0.678321 825.445 484.908 0.738454 0 0 0 0 0 0 0 0 0 819.783 340.462 0.0789214 1
0 111 138 0 0 0 827.198 364.705 0.457629 842.015 360.374 0.363341 865.028 399.941 0.174805 0 0 0 810.244 368.796 0.387866 799.84 400.707 0.486276 783.723 391.27 0.346031 852.97 420.335 0.488655 832.24 449.783 0.227231 849.494 455.702 0.457923 821.706 427.907 0.587782 806.286 459.42 0.547944 820.158 490.052 0.67738 0 0 0 0 0 0 0 0 0 811.974 358 0.0679702 1
0 111 139 0 0 0 824.981 368.688 0.345974 841.069 363.71 0.290278 861.637 399.557 0.1 0 0 0 806.544 373.256 0.344484 794.339 404.764 0.304591 779.987 393.229 0.1 851.921 423.269 0.4918 830.214 451.302 0.190896 849.217 457.058 0.512643 819.791 430.663 0.541967 805.224 457.396 0.461118 817.405 492.621 0.563075 0 0 0 0 0 0 0 0 0 806.095 363.836 0.0537954 1
0 111 140 0 0 0 821.933 371.513 0.219711 839.325 365.455 0.168013 858.247 399.174 0.1 0 0 0 802.624 376.957 0.234308 788.913 408.886 0.121846 776.065 394.756 0.1 850.839 425.873 0.459304 828.692 451.74 0.235859 848.998 458.355 0.547839 818.053 433.274 0.50629 804.776 457.18 0.412546 817.187 492.616 0.46263 0 0 0 0 0 0 0 0 0 0 0 0 1
0 111 141 0 0 0 818.02 373.905 0.585459 834.982 366.76 0.457054 854.857 398.79 0.123931 0 0 0 798.494 379.783 0.600307 784.125 412.367 0.6694 772.158 396.503 0.277471 850.402 427.389 0.650357 828.474 452.611 0.213916 848.996 459.218 0.1 817.393 434.797 0.640879 804.339 456.535 0.499981 817.406 492.397 0.637029 0 0 0 0 0 0 0 0 0 790.543 365.802 0.116347 1
0 111 142 0 0 0 814.197 375.522 0.1 829 366.649 0.1 0 0 0 0 0 0 794.879 382.262 0.1 780.206 414.858 0.1 768.809 398.591 0.1 850.88 427.473 0.1 828.817 451.827 0.1 849.516 459.949 0.1 817.298 435.412 0.1 804.199 455.112 0.1 817.368 492.171 0.1 0 0 0 0 0 0 0 0 0 782.03 365.812 0.1 127
0 111 143 0 0 0 810.673 376.78 0.1 823.018 366.537 0.1 0 0 0 0 0 0 791.139 384.175 0.1 776.285 417 0.1 765.598 401.027 0.1 851.405 427.206 0.1 830.383 451.135 0.1 849.901 461.428 0.1 817.119 435.543 0.1 804.152 453.768 0.1 817.278 491.952 0.1 0 0 0 0 0 0 0 0 0 773.516 365.822 0.1 127
0 111 144 0 0 0 808.761 377.475 0.41613 817.036 366.425 0.300635 0 0 0 0 0 0 789.229 384.654 0.465315 774.326 418.355 0.694217 763.385 402.798 0.309832 851.763 427.243 0.622366 831.864 450.315 0.108305 849.722 463.655 0.595276 817.071 435.2 0.545694 803.974 451.854 0.466546 817.142 491.732 0.726659 0 0 0 0 0 0 0 0 0 765.003 365.832 0.122062 1
0 111 145 0 0 0 808.025 377.605 0.153211 811.055 366.314 0.105724 0 0 0 0 0 0 788.706 384.789 0.218358 772.801 418.935 0.465265 762.168 403.904 0.183092 852.169 428.243 0.398718 834.127 449.799 0.14475 849.416 466.832 0.390054 817.16 435.675 0.384544 803.884 449.377 0.263849 816.964 491.51 0.533309 0 0 0 0 0 0 0 0 0 0 0 0 0
0 111 146 0 0 0 807.594 377.825 0.1 0 0 0 0 0 0 0 0 0 788.481 384.787 0.1 772.579 418.511 0.1 761.95 404.343 0.1 852.833 428.454 0.1 837.168 448.725 0.1 848.926 470.695 0.1 817.592 434.805 0.1 803.883 447.202 0.1 816.738 491.292 0.1 0 0 0 0 0 0 0 0 0 0 0 0 127
0 111 147 0 0 0 807.887 377.032 0.1 0 0 0 0 0 0 0 0 0 788.257 384.13 0.1 772.288 418.015 0.1 763.138 406.237 0.1 853.417 428.452 0.1 841.437 448.083 0.1 849.034 475.152 0.1 817.517 434.074 0.1 804.041 445.821 0.1 816.805 491.145 0.1 0 0 0 0 0 0 0 0 0 0 0 0 127
0 111 148 0 0 0 809.32 376.175 0.1 0 0 0 0 0 0 0 0 0 788.575 383.113 0.1 772.298 417.192 0.1 764.325 408.132 0.1 853.986 428.687 0.1 846.924 447.867 0.1 848.579 480.57 0.1 816.97 433.461 0.1 804.551 444.944 0.1 816.819 491.101 0.1 0 0 0 0 0 0 0 0 0 0 0 0 127
0 111 149 0 0 0 810.752 375.317 0.1 0 0 0 0 0 0 0 0 0 788.893 382.095 0.1 772.309 416.369 0.1 765.513 410.026 0.1 854.556 428.921 0.1 852.412 447.652 0.1 848.125 485.989 0.1 816.424 432.848 0.1 805.062 444.068 0.1 816.833 491.056 0.1 0 0 0 0 0 0 0 0 0 0 0 0 127
0 111 150 0 0 0 812.184 374.459 0.128541 0 0 0 0 0 0 0 0 0 789.212 381.078 0.172708 772.319 415.545 0.372135 766.701 411.92 0.120155 855.125 429.155 0.473266 857.9 447.437 0.579654 847.67 491.407 0.655219 815.877 432.236 0.438912 805.573 443.191 0.389795 816.848 491.012 0.699224 0 0 0 0 0 0 0 0 0 0 0 0 0
0 111 151 0 0 0 813.617 373.601 0.146843 835.469 363.856 0.100703 0 0 0 0 0 0 789.53 380.061 0.190144 772.329 414.722 0.429977 0 0 0 855.694 429.39 0.471086 863.388 447.221 0.610427 847.215 496.825 0.687783 815.331 431.623 0.496322 806.083 442.314 0.419398 816.862 490.967 0.69113 0 0 0 0 0 0 0 0 0 0 0 0 0
0 111 152 0 0 0 0 0 0 0 0 0 0 0 0 0 0 0 0 0 0 0 0 0 0 0 0 0 0 0 0 0 0 0 0 0 0 0 0 0 0 0 0 0 0 0 0 0 0 0 0 0 0 0 0 0 0 127
0 111 153 0 0 0 0 0 0 0 0 0 0 0 0 0 0 0 0 0 0 0 0 0 0 0 0 0 0 0 0 0 0 0 0 0 0 0 0 0 0 0 0 0 0 0 0 0 0 0 0 0 0 0 0 0 0 127
0 111 154 0 0 0 0 0 0 0 0 0 0 0 0 0 0 0 0 0 0 0 0 0 0 0 0 0 0 0 0 0 0 0 0 0 0 0 0 0 0 0 0 0 0 0 0 0 0 0 0 0 0 0 0 0 0 127
0 111 155 0 0 0 0 0 0 0 0 0 0 0 0 0 0 0 0 0 0 0 0 0 0 0 0 0 0 0 0 0 0 0 0 0 0 0 0 0 0 0 0 0 0 0 0 0 0 0 0 0 0 0 0 0 0 127
0 111 156 0 0 0 0 0 0 0 0 0 0 0 0 0 0 0 0 0 0 0 0 0 0 0 0 0 0 0 0 0 0 0 0 0 0 0 0 0 0 0 0 0 0 0 0 0 0 0 0 0 0 0 0 0 0 127
0 111 157 0 0 0 0 0 0 0 0 0 0 0 0 0 0 0 0 0 0 0 0 0 0 0 0 0 0 0 0 0 0 0 0 0 0 0 0 0 0 0 0 0 0 0 0 0 0 0 0 0 0 0 0 0 0 127
0 111 158 0 0 0 0 0 0 0 0 0 0 0 0 0 0 0 0 0 0 0 0 0 0 0 0 0 0 0 0 0 0 0 0 0 0 0 0 0 0 0 0 0 0 0 0 0 0 0 0 0 0 0 0 0 0 127
0 111 159 0 0 0 0 0 0 0 0 0 0 0 0 0 0 0 0 0 0 0 0 0 0 0 0 0 0 0 0 0 0 0 0 0 0 0 0 0 0 0 0 0 0 0 0 0 0 0 0 0 0 0 0 0 0 127
0 111 160 0 0 0 0 0 0 0 0 0 0 0 0 0 0 0 0 0 0 0 0 0 0 0 0 0 0 0 0 0 0 0 0 0 0 0 0 0 0 0 0 0 0 0 0 0 0 0 0 0 0 0 0 0 0 127
0 111 161 0 0 0 0 0 0 0 0 0 0 0 0 0 0 0 0 0 0 0 0 0 0 0 0 0 0 0 0 0 0 0 0 0 0 0 0 0 0 0 0 0 0 0 0 0 0 0 0 0 0 0 0 0 0 127
0 111 162 0 0 0 0 0 0 0 0 0 0 0 0 0 0 0 0 0 0 0 0 0 0 0 0 0 0 0 0 0 0 0 0 0 0 0 0 0 0 0 0 0 0 0 0 0 0 0 0 0 0 0 0 0 0 127
0 111 163 0 0 0 0 0 0 0 0 0 0 0 0 0 0 0 0 0 0 0 0 0 0 0 0 0 0 0 0 0 0 0 0 0 0 0 0 0 0 0 0 0 0 0 0 0 0 0 0 0 0 0 0 0 0 127
0 111 164 0 0 0 0 0 0 0 0 0 0 0 0 0 0 0 0 0 0 0 0 0 0 0 0 0 0 0 0 0 0 0 0 0 0 0 0 0 0 0 0 0 0 0 0 0 0 0 0 0 0 0 0 0 0 127
0 111 165 0 0 0 0 0 0 0 0 0 0 0 0 0 0 0 0 0 0 0 0 0 0 0 0 0 0 0 0 0 0 0 0 0 0 0 0 0 0 0 0 0 0 0 0 0 0 0 0 0 0 0 0 0 0 127
0 111 166 0 0 0 0 0 0 0 0 0 0 0 0 0 0 0 0 0 0 0 0 0 0 0 0 0 0 0 0 0 0 0 0 0 0 0 0 0 0 0 0 0 0 0 0 0 0 0 0 0 0 0 0 0 0 127
0 111 167 0 0 0 0 0 0 0 0 0 0 0 0 0 0 0 0 0 0 0 0 0 0 0 0 0 0 0 0 0 0 0 0 0 0 0 0 0 0 0 0 0 0 0 0 0 0 0 0 0 0 0 0 0 0 127
0 111 168 0 0 0 0 0 0 0 0 0 0 0 0 0 0 0 0 0 0 0 0 0 0 0 0 0 0 0 0 0 0 0 0 0 0 0 0 0 0 0 0 0 0 0 0 0 0 0 0 0 0 0 0 0 0 127
0 111 169 0 0 0 0 0 0 0 0 0 0 0 0 0 0 0 0 0 0 0 0 0 0 0 0 0 0 0 0 0 0 0 0 0 0 0 0 0 0 0 0 0 0 0 0 0 0 0 0 0 0 0 0 0 0 127
0 111 170 0 0 0 0 0 0 0 0 0 0 0 0 0 0 0 0 0 0 0 0 0 0 0 0 0 0 0 0 0 0 0 0 0 0 0 0 0 0 0 0 0 0 0 0 0 0 0 0 0 0 0 0 0 0 127
0 111 171 0 0 0 0 0 0 0 0 0 0 0 0 0 0 0 0 0 0 0 0 0 0 0 0 0 0 0 0 0 0 0 0 0 0 0 0 0 0 0 0 0 0 0 0 0 0 0 0 0 0 0 0 0 0 127
0 111 172 0 0 0 0 0 0 0 0 0 0 0 0 0 0 0 0 0 0 0 0 0 0 0 0 0 0 0 0 0 0 0 0 0 0 0 0 0 0 0 0 0 0 0 0 0 0 0 0 0 0 0 0 0 0 127
0 111 173 0 0 0 0 0 0 0 0 0 0 0 0 0 0 0 0 0 0 0 0 0 0 0 0 0 0 0 0 0 0 0 0 0 0 0 0 0 0 0 0 0 0 0 0 0 0 0 0 0 0 0 0 0 0 127
0 111 174 0 0 0 0 0 0 0 0 0 0 0 0 0 0 0 0 0 0 0 0 0 0 0 0 0 0 0 0 0 0 0 0 0 0 0 0 0 0 0 0 0 0 0 0 0 0 0 0 0 0 0 0 0 0 127
0 111 175 0 0 0 0 0 0 0 0 0 0 0 0 0 0 0 0 0 0 0 0 0 0 0 0 0 0 0 0 0 0 0 0 0 0 0 0 0 0 0 0 0 0 0 0 0 0 0 0 0 0 0 0 0 0 127
0 111 176 0 0 0 0 0 0 0 0 0 0 0 0 0 0 0 0 0 0 0 0 0 0 0 0 0 0 0 0 0 0 0 0 0 0 0 0 0 0 0 0 0 0 0 0 0 0 0 0 0 0 0 0 0 0 127
0 111 177 0 0 0 0 0 0 0 0 0 0 0 0 0 0 0 0 0 0 0 0 0 0 0 0 0 0 0 0 0 0 0 0 0 0 0 0 0 0 0 0 0 0 0 0 0 0 0 0 0 0 0 0 0 0 127
0 111 178 0 0 0 0 0 0 0 0 0 0 0 0 0 0 0 0 0 0 0 0 0 0 0 0 0 0 0 0 0 0 0 0 0 0 0 0 0 0 0 0 0 0 0 0 0 0 0 0 0 0 0 0 0 0 127
0 111 179 0 0 0 0 0 0 0 0 0 0 0 0 0 0 0 0 0 0 0 0 0 0 0 0 0 0 0 0 0 0 0 0 0 0 0 0 0 0 0 0 0 0 0 0 0 0 0 0 0 0 0 0 0 0 127
0 111 180 0 0 0 0 0 0 0 0 0 0 0 0 0 0 0 0 0 0 0 0 0 0 0 0 0 0 0 0 0 0 0 0 0 0 0 0 0 0 0 0 0 0 0 0 0 0 0 0 0 0 0 0 0 0 127
0 111 181 0 0 0 0 0 0 0 0 0 0 0 0 0 0 0 0 0 0 0 0 0 0 0 0 0 0 0 0 0 0 0 0 0 0 0 0 0 0 0 0 0 0 0 0 0 0 0 0 0 0 0 0 0 0 127
0 111 182 0 0 0 0 0 0 0 0 0 0 0 0 0 0 0 0 0 0 0 0 0 0 0 0 0 0 0 0 0 0 0 0 0 0 0 0 0 0 0 0 0 0 0 0 0 0 0 0 0 0 0 0 0 0 127
0 111 183 0 0 0 0 0 0 0 0 0 0 0 0 0 0 0 0 0 0 0 0 0 0 0 0 0 0 0 0 0 0 0 0 0 0 0 0 0 0 0 0 0 0 0 0 0 0 0 0 0 0 0 0 0 0 127
0 111 184 0 0 0 0 0 0 0 0 0 0 0 0 0 0 0 0 0 0 0 0 0 0 0 0 0 0 0 0 0 0 0 0 0 0 0 0 0 0 0 0 0 0 0 0 0 0 0 0 0 0 0 0 0 0 127
0 111 185 0 0 0 0 0 0 0 0 0 0 0 0 0 0 0 0 0 0 0 0 0 0 0 0 0 0 0 0 0 0 0 0 0 0 0 0 0 0 0 0 0 0 0 0 0 0 0 0 0 0 0 0 0 0 127
0 111 186 0 0 0 0 0 0 0 0 0 0 0 0 0 0 0 0 0 0 0 0 0 0 0 0 0 0 0 0 0 0 0 0 0 0 0 0 0 0 0 0 0 0 0 0 0 0 0 0 0 0 0 0 0 0 127
0 111 187 0 0 0 995.854 375.644 0.0684431 1017.38 373.707 0.0692106 0 0 0 0 0 0 968.481 363.93 0.0735631 0 0 0 0 0 0 996.934 443.315 0.42987 1008.48 472.309 0.53681 999.099 505.934 0.572977 956.901 434.271 0.534277 946.137 478.854 0.565973 930.564 520.158 0.320972 0 0 0 0 0 0 0 0 0 0 0 0 0
0 111 188 0 0 0 1003.68 365.849 0.081344 1023.29 367.827 0.0677506 0 0 0 0 0 0 974.355 350.211 0.0837308 0 0 0 0 0 0 1002.7 443.466 0.498821 1014.4 474.503 0.56448 1005.75 506.512 0.423535 961.974 433.259 0.51484 951.452 475.868 0.603625 932.875 517.128 0.483436 0 0 0 0 0 0 0 0 0 0 0 0 0
0 111 189 0 0 0 0 0 0 0 0 0 0 0 0 0 0 0 0 0 0 0 0 0 0 0 0 1008.46 443.616 0.1 1020.32 476.698 0.1 1012.39 507.09 0.1 967.047 432.247 0.1 956.768 472.882 0.1 935.187 514.097 0.1 0 0 0 0 0 0 0 0 0 0 0 0 127
0 111 190 0 0 0 0 0 0 0 0 0 0 0 0 0 0 0 0 0 0 0 0 0 0 0 0 1014.22 443.767 0.1 1026.24 478.892 0.1 1019.04 507.668 0.1 972.119 431.234 0.1 962.083 469.896 0.1 937.498 511.067 0.1 0 0 0 0 0 0 0 0 0 0 0 0 127
0 111 191 0 0 0 0 0 0 0 0 0 0 0 0 0 0 0 0 0 0 0 0 0 0 0 0 1019.99 443.917 0.1 1032.16 481.087 0.1 1025.69 508.247 0.1 977.192 430.222 0.1 967.399 466.909 0.1 939.809 508.036 0.1 0 0 0 0 0 0 0 0 0 0 0 0 127
0 111 192 0 0 0 0 0 0 0 0 0 0 0 0 0 0 0 0 0 0 0 0 0 0 0 0 1026.29 443.91 0.1 1037.82 482.176 0.1 1031.56 509.333 0.1 981.975 429.143 0.1 972.605 464.078 0.1 942.413 504.787 0.1 0 0 0 0 0 0 0 0 0 0 0 0 127
0 111 193 0 0 0 1034.99 377.595 0.0678493 1064.35 381.556 0.0908294 0 0 0 0 0 0 0 0 0 0 0 0 0 0 0 1032.51 444.387 0.568243 1043.74 483.007 0.600049 1036.09 510.63 0.480439 987.146 429.267 0.405931 977.99 461.557 0.818492 945.02 501.661 0.705834 0 0 0 0 0 0 0 0 0 0 0 0 0
0 111 194 0 0 0 0 0 0 0 0 0 0 0 0 0 0 0 0 0 0 0 0 0 0 0 0 1038.72 444.863 0.1 1049.66 483.838 0.1 1040.62 511.927 0.1 992.317 429.391 0.1 983.374 459.035 0.1 947.626 498.535 0.1 0 0 0 0 0 0 0 0 0 0 0 0 127
0 111 195 0 0 0 0 0 0 0 0 0 0 0 0 0 0 0 0 0 0 0 0 0 0 0 0 1044.94 445.34 0.1 1055.58 484.668 0.1 1045.15 513.225 0.1 997.489 429.516 0.1 988.759 456.514 0.1 950.233 495.408 0.1 0 0 0 0 0 0 0 0 0 0 0 0 127
0 111 196 0 0 0 1050.66 389.353 0.0758738 1081.93 395.211 0.0559659 0 0 0 0 0 0 0 0 0 0 0 0 0 0 0 1051.15 445.816 0.302842 1061.5 485.499 0.621536 1049.68 514.522 0.405115 1002.66 429.64 0.254095 994.143 453.992 0.257845 952.839 492.282 0.347322 0 0 0 0 0 0 0 0 0 0 0 0 0
0 111 197 0 0 0 0 0 0 0 0 0 0 0 0 0 0 0 0 0 0 0 0 0 0 0 0 0 0 0 0 0 0 0 0 0 0 0 0 0 0 0 0 0 0 0 0 0 0 0 0 0 0 0 0 0 0 127
0 111 198 0 0 0 0 0 0 0 0 0 0 0 0 0 0 0 0 0 0 0 0 0 0 0 0 0 0 0 0 0 0 0 0 0 0 0 0 0 0 0 0 0 0 0 0 0 0 0 0 0 0 0 0 0 0 127
0 111 199 0 0 0 0 0 0 0 0 0 0 0 0 0 0 0 0 0 0 0 0 0 0 0 0 0 0 0 0 0 0 0 0 0 0 0 0 0 0 0 0 0 0 0 0 0 0 0 0 0 0 0 0 0 0 127
0 111 200 0 0 0 0 0 0 0 0 0 0 0 0 0 0 0 0 0 0 0 0 0 0 0 0 0 0 0 0 0 0 0 0 0 0 0 0 0 0 0 0 0 0 0 0 0 0 0 0 0 0 0 0 0 0 127
0 111 201 0 0 0 0 0 0 0 0 0 0 0 0 0 0 0 0 0 0 0 0 0 0 0 0 0 0 0 0 0 0 0 0 0 0 0 0 0 0 0 0 0 0 0 0 0 0 0 0 0 0 0 0 0 0 127
0 111 202 0 0 0 0 0 0 0 0 0 0 0 0 0 0 0 0 0 0 0 0 0 0 0 0 0 0 0 0 0 0 0 0 0 0 0 0 0 0 0 0 0 0 0 0 0 0 0 0 0 0 0 0 0 0 127
0 111 203 0 0 0 0 0 0 0 0 0 0 0 0 0 0 0 0 0 0 0 0 0 0 0 0 0 0 0 0 0 0 0 0 0 0 0 0 0 0 0 0 0 0 0 0 0 0 0 0 0 0 0 0 0 0 127
0 111 204 0 0 0 0 0 0 0 0 0 0 0 0 0 0 0 0 0 0 0 0 0 0 0 0 0 0 0 0 0 0 0 0 0 0 0 0 0 0 0 0 0 0 0 0 0 0 0 0 0 0 0 0 0 0 127
0 111 205 0 0 0 0 0 0 0 0 0 0 0 0 0 0 0 0 0 0 0 0 0 0 0 0 0 0 0 0 0 0 0 0 0 0 0 0 0 0 0 0 0 0 0 0 0 0 0 0 0 0 0 0 0 0 127
0 111 206 0 0 0 0 0 0 0 0 0 0 0 0 0 0 0 0 0 0 0 0 0 0 0 0 0 0 0 0 0 0 0 0 0 0 0 0 0 0 0 0 0 0 0 0 0 0 0 0 0 0 0 0 0 0 127
0 111 207 0 0 0 1101.54 365.871 0.0732759 1119.14 365.85 0.0845721 0 0 0 0 0 0 0 0 0 0 0 0 0 0 0 1093.72 430.441 0.454692 1085.86 477.384 0.593212 1044.75 508.702 0.57611 1060.45 426.46 0.428973 1081.93 473.487 0.605255 1054.51 506.746 0.441756 0 0 0 0 0 0 0 0 0 0 0 0 0
0 111 208 0 0 0 0 0 0 0 0 0 0 0 0 0 0 0 0 0 0 0 0 0 0 0 0 0 0 0 0 0 0 0 0 0 0 0 0 0 0 0 0 0 0 0 0 0 0 0 0 0 0 0 0 0 0 127
0 111 209 0 0 0 0 0 0 0 0 0 0 0 0 0 0 0 0 0 0 0 0 0 0 0 0 0 0 0 0 0 0 0 0 0 0 0 0 0 0 0 0 0 0 0 0 0 0 0 0 0 0 0 0 0 0 127
0 111 210 0 0 0 0 0 0 0 0 0 0 0 0 0 0 0 0 0 0 0 0 0 0 0 0 0 0 0 0 0 0 0 0 0 0 0 0 0 0 0 0 0 0 0 0 0 0 0 0 0 0 0 0 0 0 127
0 111 211 0 0 0 0 0 0 0 0 0 0 0 0 0 0 0 0 0 0 0 0 0 0 0 0 0 0 0 0 0 0 0 0 0 0 0 0 0 0 0 0 0 0 0 0 0 0 0 0 0 0 0 0 0 0 127
0 111 212 0 0 0 0 0 0 0 0 0 0 0 0 0 0 0 0 0 0 0 0 0 0 0 0 0 0 0 0 0 0 0 0 0 0 0 0 0 0 0 0 0 0 0 0 0 0 0 0 0 0 0 0 0 0 127
0 111 213 0 0 0 0 0 0 0 0 0 0 0 0 0 0 0 0 0 0 0 0 0 0 0 0 0 0 0 0 0 0 0 0 0 0 0 0 0 0 0 0 0 0 0 0 0 0 0 0 0 0 0 0 0 0 127
0 111 214 0 0 0 0 0 0 0 0 0 0 0 0 0 0 0 0 0 0 0 0 0 0 0 0 0 0 0 0 0 0 0 0 0 0 0 0 0 0 0 0 0 0 0 0 0 0 0 0 0 0 0 0 0 0 127
0 111 215 0 0 0 0 0 0 0 0 0 0 0 0 0 0 0 0 0 0 0 0 0 0 0 0 0 0 0 0 0 0 0 0 0 0 0 0 0 0 0 0 0 0 0 0 0 0 0 0 0 0 0 0 0 0 127
0 111 216 0 0 0 0 0 0 0 0 0 0 0 0 0 0 0 0 0 0 0 0 0 0 0 0 0 0 0 0 0 0 0 0 0 0 0 0 0 0 0 0 0 0 0 0 0 0 0 0 0 0 0 0 0 0 127
0 111 217 0 0 0 0 0 0 0 0 0 0 0 0 0 0 0 0 0 0 0 0 0 0 0 0 0 0 0 0 0 0 0 0 0 0 0 0 0 0 0 0 0 0 0 0 0 0 0 0 0 0 0 0 0 0 127
0 111 218 0 0 0 0 0 0 0 0 0 0 0 0 0 0 0 0 0 0 0 0 0 0 0 0 0 0 0 0 0 0 0 0 0 0 0 0 0 0 0 0 0 0 0 0 0 0 0 0 0 0 0 0 0 0 127
0 111 219 0 0 0 0 0 0 0 0 0 0 0 0 0 0 0 0 0 0 0 0 0 0 0 0 0 0 0 0 0 0 0 0 0 0 0 0 0 0 0 0 0 0 0 0 0 0 0 0 0 0 0 0 0 0 127
0 111 220 0 0 0 0 0 0 0 0 0 0 0 0 0 0 0 0 0 0 0 0 0 0 0 0 0 0 0 0 0 0 0 0 0 0 0 0 0 0 0 0 0 0 0 0 0 0 0 0 0 0 0 0 0 0 127
0 111 221 0 0 0 0 0 0 0 0 0 0 0 0 0 0 0 0 0 0 0 0 0 0 0 0 0 0 0 0 0 0 0 0 0 0 0 0 0 0 0 0 0 0 0 0 0 0 0 0 0 0 0 0 0 0 127
0 111 222 0 0 0 0 0 0 0 0 0 0 0 0 0 0 0 0 0 0 0 0 0 0 0 0 0 0 0 0 0 0 0 0 0 0 0 0 0 0 0 0 0 0 0 0 0 0 0 0 0 0 0 0 0 0 127
0 111 223 0 0 0 1158.25 350.174 0.0952957 1179.76 340.436 0.0520466 0 0 0 0 0 0 0 0 0 0 0 0 0 0 0 1168.04 403.019 0.592934 1168.12 444.118 0.50883 1168.02 451.956 0.482836 0 0 0 0 0 0 0 0 0 0 0 0 0 0 0 0 0 0 0 0 0 0
0 111 224 0 0 0 0 0 0 0 0 0 0 0 0 0 0 0 0 0 0 0 0 0 0 0 0 0 0 0 0 0 0 0 0 0 0 0 0 0 0 0 0 0 0 0 0 0 0 0 0 0 0 0 0 0 0 127
0 111 225 0 0 0 0 0 0 0 0 0 0 0 0 0 0 0 0 0 0 0 0 0 0 0 0 0 0 0 0 0 0 0 0 0 0 0 0 0 0 0 0 0 0 0 0 0 0 0 0 0 0 0 0 0 0 127
0 111 226 0 0 0 0 0 0 0 0 0 0 0 0 0 0 0 0 0 0 0 0 0 0 0 0 0 0 0 0 0 0 0 0 0 0 0 0 0 0 0 0 0 0 0 0 0 0 0 0 0 0 0 0 0 0 127
0 111 227 0 0 0 0 0 0 0 0 0 0 0 0 0 0 0 0 0 0 0 0 0 0 0 0 0 0 0 0 0 0 0 0 0 0 0 0 0 0 0 0 0 0 0 0 0 0 0 0 0 0 0 0 0 0 127
0 111 228 0 0 0 0 0 0 0 0 0 0 0 0 0 0 0 0 0 0 0 0 0 0 0 0 0 0 0 0 0 0 0 0 0 0 0 0 0 0 0 0 0 0 0 0 0 0 0 0 0 0 0 0 0 0 127
0 111 229 0 0 0 0 0 0 0 0 0 0 0 0 0 0 0 0 0 0 0 0 0 0 0 0 0 0 0 0 0 0 0 0 0 0 0 0 0 0 0 0 0 0 0 0 0 0 0 0 0 0 0 0 0 0 127
0 111 230 0 0 0 1181.76 336.551 0.0700345 1205.2 334.555 0.0556795 0 0 0 0 0 0 0 0 0 0 0 0 0 0 0 1201.15 399.411 0.571658 1194.03 419.721 0.685864 1170.7 455.615 0.750451 1151.01 387.045 0.52688 1134.79 409.75 0.725955 1107.12 448.381 0.713177 0 0 0 0 0 0 0 0 0 0 0 0 0
0 111 231 0 0 0 1188.84 338.051 0.113776 1213.04 336.516 0.0909771 0 0 0 0 0 0 0 0 0 0 0 0 0 0 0 1203.22 396.916 0.555296 1195.07 418.864 0.621399 1171.37 454.458 0.749915 1154.78 384.008 0.555736 1139.36 407.769 0.607605 1114.77 446.07 0.734866 0 0 0 0 0 0 0 0 0 0 0 0 0
0 111 232 0 0 0 1192.37 335.088 0.396252 1222.51 336.429 0.356466 0 0 0 0 0 0 1164.28 327.832 0.474599 1146.22 349.099 0.362473 1134.74 352.126 0.194806 1205.3 394.42 0.666559 1196.1 418.008 0.593748 1172.04 453.301 0.792641 1158.55 380.971 0.586651 1143.93 405.789 0.677796 1122.42 443.758 0.77781 0 0 0 0 0 0 0 0 0 0 0 0 0
0 111 233 0 0 0 1195.89 332.124 0.262098 1225.55 333.846 0.250333 0 0 0 0 0 0 1167.99 325.224 0.311277 1149.39 346.928 0.249789 1148.56 365.966 0.0755094 1207.37 391.924 0.622861 1197.13 417.152 0.615942 1172.7 452.144 0.784484 1162.33 377.934 0.542079 1148.51 403.808 0.714321 1130.08 441.446 0.766948 0 0 0 0 0 0 0 0 0 0 0 0 0
0 111 234 0 0 0 1199.42 329.161 0.191515 1228.6 331.263 0.216937 0 0 0 0 0 0 1171.7 322.617 0.1 1152.56 344.758 0.1 0 0 0 1209.45 389.429 0.610032 1198.16 416.296 0.669662 1173.37 450.986 0.80931 1166.1 374.897 0.527741 1153.08 401.828 0.755499 1137.73 439.134 0.757389 0 0 0 0 0 0 0 0 0 0 0 0 0
0 111 235 0 0 0 1202.95 326.197 0.1 1231.64 328.68 0.1 0 0 0 0 0 0 1175.42 320.009 0.1 1155.73 342.587 0.1 0 0 0 1211.2 387.911 0.1 1198.82 415.217 0.1 1174.24 449.892 0.1 1169.57 373.164 0.1 1157.86 400.742 0.1 1144.47 438.045 0.1 0 0 0 0 0 0 0 0 0 0 0 0 127
0 111 236 0 0 0 1206.22 324.026 0.262175 1234.68 326.097 0.226032 1249 352.499 0.229492 0 0 0 1179.13 317.402 0.329426 1158.9 340.417 0.216336 0 0 0 1212.29 386.609 0.622958 1199.04 415.435 0.718226 1174.67 449.026 0.791053 1172.83 371.643 0.567365 1162.85 400.306 0.670451 1150.78 437.397 0.765563 0 0 0 0 0 0 0 0 0 0 0 0 0
0 111 237 0 0 0 1209.27 321.862 0.173657 1237.95 324.355 0.152182 1250.62 351.454 0.257818 0 0 0 1182.61 315.012 0.257604 1162.16 338.662 0.248502 1166.08 352.088 0.0579944 1214.25 384.221 0.613104 1200.78 415.214 0.748877 1175.32 448.158 0.768721 1175.65 369.255 0.607333 1166.76 398.561 0.703758 1156.65 435.655 0.73424 0 0 0 0 0 0 0 0 0 0 0 0 0
0 111 238 0 0 0 1212.31 319.045 0.337247 1239.91 321.965 0.303299 1252.23 350.409 0.403018 0 0 0 1185.87 313.051 0.389071 1164.99 336.918 0.400679 1166.18 352.14 0.146935 1216.2 381.396 0.626103 1203.17 414.989 0.710671 1176.4 447.277 0.728962 1178.05 366.865 0.646353 1170.45 396.826 0.655291 1160.8 434.133 0.675071 0 0 0 0 0 0 0 0 0 0 0 0 0
0 111 239 0 0 0 1213.61 317.514 0.521257 1240.78 320.015 0.458522 1253.84 349.364 0.526848 0 0 0 1188.26 312.61 0.503371 1167.38 335.701 0.428689 1171.91 354.111 0.175645 1217.73 379.004 0.683832 1206.43 414.329 0.651994 1177.5 445.538 0.736765 1180.88 366.211 0.674063 1173.93 395.303 0.619882 1164.92 432.618 0.613066 0 0 0 0 0 0 0 0 0 0 0 0 0
0 111 240 0 0 0 1214.16 316.314 0.363025 1240.67 318.82 0.33641 1253.85 348.25 0.36666 0 0 0 1190.33 311.952 0.336293 1169.56 334.98 0.164706 1175.88 352.185 0.0615041 1219.58 375.856 0.52389 1209.81 412.813 0.526934 1179.57 443.479 0.564901 1183.49 364.361 0.50837 1176.97 393.893 0.473738 1168.49 431.738 0.475311 0 0 0 0 0 0 0 0 0 0 0 0 0
0 111 241 0 0 0 1214.38 315.652 0.456555 1239.59 318.38 0.456819 1253.58 347.066 0.400304 0 0 0 1192.07 311.077 0.444555 1171.53 334.755 0.278972 1171.97 350.158 0.0929256 1221.32 373.474 0.590397 1213.93 411.078 0.745209 1182.17 441.307 0.733756 1185.88 363.054 0.582356 1179.36 392.6 0.671524 1171.3 431.085 0.659211 0 0 0 0 0 0 0 0 0 0 0 0 0
0 111 242 0 0 0 1214.6 314.343 0.272425 1238.61 317.407 0.228855 1253.31 345.883 0.19185 0 0 0 1193.81 309.999 0.365695 1173.49 334.528 0.315419 1173.91 350.131 0.0766973 1222.85 371.3 0.606139 1218.5 409.127 0.761412 1184.57 439.344 0.803986 1188.05 361.533 0.551367 1181.52 391.301 0.779745 1172.61 430.432 0.717223 0 0 0 0 0 0 0 0 0 0 0 0 0
0 111 243 0 0 0 1215.9 313.027 0.466069 1238.83 315.677 0.344981 1253.03 344.699 0.14446 0 0 0 1195.99 309.338 0.509133 1175.65 334.302 0.396809 1179.7 350.248 0.0989381 1225.01 368.915 0.656356 1223.06 406.961 0.774942 1188.04 437.6 0.737198 1190.21 360.221 0.650205 1183.91 389.777 0.743045 1173.48 429.56 0.752678 0 0 0 0 0 0 0 0 0 0 0 0 0
0 111 244 0 0 0 1217.63 311.735 0.183486 1239.27 314.369 0.1 0 0 0 0 0 0 1197.94 309.113 0.1 1178.25 333.872 0.1 0 0 0 1228.25 366.958 0.63409 1228.05 404.769 0.814668 1191.96 435.429 0.801992 1192.6 358.913 0.604696 1185.65 387.601 0.728322 1174.34 428.036 0.740823 0 0 0 0 0 0 0 0 0 0 0 0 0
0 111 245 0 0 0 1219.15 310.642 0.266038 1239.79 312.712 0.172891 0 0 0 0 0 0 1200.1 308.248 0.437691 1180.65 332.998 0.537735 1181.43 349.842 0.163909 1231.51 364.347 0.657847 1233.49 401.293 0.796921 1197.4 432.602 0.868435 1195.63 356.529 0.69119 1187.18 385.003 0.729921 1174.77 426.295 0.749646 0 0 0 0 0 0 0 0 0 0 0 0 0
0 111 246 0 0 0 1221.2 309.339 0.174433 1240.58 310.904 0.1 0 0 0 0 0 0 1202.49 307.38 0.373084 1183.36 331.915 0.348421 1182.42 348.858 0.140225 1234.01 362.278 0.552865 1237.19 398.248 0.781295 1203.39 429.668 0.838134 1198.45 354.359 0.652377 1188.92 384.355 0.701928 1174.99 425.638 0.726387 0 0 0 0 0 0 0 0 0 0 0 0 0
0 111 247 0 0 0 1223.15 308.91 0.293918 1241.44 309.822 0.185873 0 0 0 0 0 0 1205.1 307.161 0.478073 1185.76 330.398 0.374627 1186.32 346.276 0.118784 1236.19 360.536 0.558375 1240.23 394.778 0.747985 1210.14 426.424 0.827508 1201.49 352.188 0.626844 1190.88 383.704 0.692534 1175.63 424.772 0.747649 0 0 0 0 0 0 0 0 0 0 0 0 0
0 111 248 0 0 0 1227.1 307.159 0.406645 1243.79 307.694 0.28271 1260.06 336.526 0.0610094 0 0 0 1208.85 305.568 0.558462 1188.54 328.76 0.409438 1192.17 343.329 0.145984 1239.17 359.536 0.591143 1242.77 391.811 0.687757 1217.4 423.868 0.782782 1204.36 350.009 0.63449 1192.97 383.024 0.732033 1175.77 424.023 0.79997 0 0 0 0 0 0 0 0 0 0 0 0 0
0 111 249 0 0 0 1231.05 305.409 0.152075 1246.15 305.566 0.1 0 0 0 0 0 0 1212.6 303.975 0.359794 1191.33 327.123 0.153015 0 0 0 1242.15 358.536 0.440794 1245.31 388.844 0.541359 1224.66 421.313 0.664916 1207.24 347.83 0.537287 1195.05 382.344 0.691569 1175.9 423.274 0.713964 0 0 0 0 0 0 0 0 0 0 0 0 0
0 111 250 0 0 0 1235 303.658 0.1 1248.5 303.438 0.1 0 0 0 0 0 0 1216.36 302.382 0.1 1194.12 325.485 0.1 0 0 0 1245.12 357.535 0.1 1247.85 385.877 0.1 1231.91 418.758 0.1 1210.11 345.65 0.1 1197.14 381.663 0.1 1176.03 422.524 0.1 0 0 0 0 0 0 0 0 0 0 0 0 127
0 111 251 0 0 0 1238.95 301.907 0.284935 1250.85 301.309 0.152359 0 0 0 0 0 0 1220.11 300.789 0.438626 1196.91 323.848 0.199719 1199.32 334.609 0.0719334 1248.1 356.535 0.559402 1250.39 382.91 0.545373 1239.17 416.202 0.760584 1212.98 343.471 0.573564 1199.23 380.983 0.775099 1176.16 421.775 0.783735 0 0 0 0 0 0 0 0 0 0 0 0 0
0 111 252 0 0 0 1252.18 297.408 0.137333 1277.63 301.273 0.0756816 0 0 0 0 0 0 1230.68 293.494 0.273793 1211.06 307.18 0.0872443 0 0 0 1256.05 350.198 0.452262 1256.07 371.776 0.482039 1246.29 412.755 0.685323 1216.97 336.502 0.522243 1207.15 377.633 0.728987 1177.77 418.71 0.774628 0 0 0 0 0 0 0 0 0 0 0 0 0
