0 111 4 848.908 321.569 0.305546 859.516 378.715 0.658655 860.789 377.795 0.545068 806.871 387.731 0.426732 782.735 382.425 0.722767 858.038 382.882 0.554072 832.587 427.699 0.105909 808.104 365.916 0.0575103 843.921 477.353 0.521633 828.233 535.559 0.765178 802.654 595.694 0.589258 837.525 475.74 0.616257 806.774 510.912 0.752611 797.167 567.188 0.702603 841.34 316.922 0.223679 858.513 315.361 0.301629 0 0 0 851.734 329.052 0.237986 0
0 111 5 832.223 324.168 0.1 850.449 374.641 0.807208 854.882 373.067 0.709468 807.564 384.226 0.224573 783.35 375.733 0.563576 846.3 379.711 0.634218 820.527 422.672 0.703015 749.646 433.546 0.801934 836.26 471.874 0.716789 821.126 528.353 0.783389 795.903 587.151 0.624654 828.14 470.721 0.620949 802.04 508.241 0.645717 794.664 565.229 0.767211 834.687 313.793 0.1 841.298 316.958 0.1 855.821 333.094 0.165277 841.199 326.571 0.498411 0
0 111 6 815.538 326.767 0.1 841.382 370.568 0.804032 848.975 368.34 0.711268 808.257 380.72 0.1 783.965 369.041 0.1 834.563 376.54 0.747968 808.466 417.645 0.782461 746.558 419.704 0.764571 828.6 466.396 0.714635 814.019 521.146 0.773787 789.152 578.609 0.755832 818.755 465.702 0.624092 797.306 505.57 0.775704 792.16 563.271 0.77121 828.034 310.664 0.1 824.082 318.555 0.1 848.059 328.216 0.1 830.663 324.09 0.422858 0
0 111 7 808.476 323.638 0.124248 832.315 366.494 0.795394 843.068 363.613 0.666032 808.95 377.214 0.1 784.58 362.349 0.1 822.825 373.369 0.689992 796.405 412.619 0.836188 743.47 405.861 0.843067 820.939 460.917 0.51403 806.913 513.94 0.576733 782.4 570.067 0.568681 809.37 460.683 0.705202 792.572 502.899 0.696691 789.657 561.312 0.748273 821.38 307.535 0.1 815.863 316.202 0.172156 840.298 323.338 0.156396 820.128 321.609 0.617653 0
0 111 8 803.502 320.184 0.108857 823.248 362.42 0.795215 837.161 358.886 0.665307 809.642 373.709 0.1 785.195 355.657 0.1 811.088 370.198 0.685587 784.344 407.592 0.819082 740.383 392.018 0.830439 813.278 455.438 0.512064 799.806 506.734 0.585902 775.649 561.524 0.567652 799.985 455.665 0.702865 787.838 500.228 0.688535 787.153 559.353 0.739098 814.727 304.406 0.1 809.794 313.648 0.153432 832.536 318.46 0.167527 809.593 319.128 0.604546 0
0 111 9 798.527 316.731 0.190325 814.558 358.929 0.717214 832.815 355.402 0.692195 810.95 369.785 0.76149 788.67 348.49 0.789209 798.051 366.724 0.666313 771.084 405.855 0.17344 737.295 378.176 0.1 806.327 449.561 0.749487 792.632 500.003 0.724715 768.486 555.213 0.611122 790.195 450.233 0.726477 783.908 498.7 0.768515 783.466 557.385 0.81601 808.074 301.277 0.166319 803.726 311.093 0.214384 824.775 313.582 0.10737 797.194 316.727 0.215935 0
0 111 10 0 0 0 807.398 354.577 0.896085 826.737 350.62 0.831599 813.342 366.088 0.1 791.935 342.611 0.1 789.374 362.161 0.762575 762.391 395.856 0.901501 734.261 365.984 0.822147 799.816 443.91 0.775167 785.679 493.278 0.671736 761.311 548.903 0.494615 783.456 445.876 0.742865 780.857 495.667 0.649959 783.249 555.869 0.592035 0 0 0 0 0 0 817.822 308.811 0.290973 789.586 312.818 0.692775 0
0 111 11 0 0 0 800.228 347.839 0.89521 820.225 343.227 0.761823 816.778 360.599 0.219862 798.725 335.93 0.218166 781.964 355.643 0.821254 753.697 384.552 0.894191 732.523 352.936 0.797502 794.587 437.606 0.777277 778.723 488.279 0.514161 753.481 543.689 0.605616 778.023 439.793 0.738805 778.892 493.278 0.683028 783.471 555.004 0.681452 0 0 0 0 0 0 810.868 303.7 0.534464 781.966 309.116 0.800742 0
0 111 12 0 0 0 795.01 342.172 0.966607 816.747 336.286 0.843726 821.888 353.529 0.64479 807.75 328.432 0.540849 775.435 349.557 0.818804 747.616 373.91 0.852926 731.446 341.185 0.861859 794.148 432.818 0.739271 781.336 485.887 0.719373 766.733 539.774 0.517739 772.588 434.79 0.782003 770.631 488.712 0.711618 773.468 550.438 0.682719 0 0 0 0 0 0 804.785 298.277 0.550378 775.44 304.76 0.880387 0
0 111 13 0 0 0 789.566 335.207 0.920657 813.054 328.686 0.800819 828.045 344.455 0.797758 818.999 319.894 0.665102 767.824 342.387 0.840031 741.743 361.751 0.824372 731.449 328.999 0.840893 793.487 426.729 0.767903 783.509 481.553 0.827847 778.908 533.683 0.687043 766.937 428.699 0.780546 761.507 483.275 0.788668 763.039 545.872 0.76374 0 0 0 0 0 0 798.041 292.392 0.474039 768.482 299.322 0.856615 0
0 111 14 0 0 0 785.002 328.469 0.920562 814.367 320.872 0.798846 835.671 333.803 0.801652 832.252 310.323 0.657589 757.165 335.876 0.834637 730.871 352.61 0.824523 731.344 318.89 0.841062 794.572 421.07 0.770539 786.121 477.632 0.82554 790.435 528.692 0.677901 760.845 422.828 0.782105 753.255 477.831 0.788765 753.032 541.095 0.761005 0 0 0 0 0 0 795.217 286.739 0.468186 758.482 294.76 0.861729 0
0 111 15 0 0 0 781.306 321.516 0.919609 810.895 315.21 0.87023 839.578 327.17 0.833489 840.613 303.914 0.797734 752.388 328.493 0.759129 728.258 342.173 0.750284 731.991 309.537 0.834744 793.045 414.118 0.742211 780.246 470.896 0.743638 782.686 522.247 0.600649 758.894 416.312 0.788721 752.177 475.005 0.745668 751.74 540.227 0.688875 0 0 0 0 0 0 790.233 280.431 0.433564 753.916 288.032 0.73627 0
0 111 16 0 0 0 778.692 314.569 0.888899 808.5 308.898 0.914332 839.787 324.998 0.845826 844.306 301.531 0.837412 748.709 321.543 0.765106 726.285 333.261 0.803166 732.637 301.503 0.789243 791.526 407.382 0.71954 775.893 468.073 0.715678 777.391 516.735 0.503138 757.381 410.014 0.768126 750.882 471.533 0.750781 750.455 539.572 0.71542 0 0 0 0 0 0 786.114 274.337 0.650392 750.43 282.167 0.767841 0
0 111 17 0 0 0 776.731 308.909 0.946884 806.752 302.812 0.895077 839.133 321.753 0.907197 847.359 300.016 0.904549 746.528 315.026 0.782817 725.408 326.099 0.590187 732.637 294.984 0.435419 790.654 401.732 0.735646 773.94 463.519 0.527719 775.43 508.044 0.388431 756.928 404.577 0.749067 749.141 467.4 0.728016 749.377 537.62 0.761011 0 0 0 0 0 0 782.857 267.827 0.560695 747.592 276.73 0.80557 0
0 111 18 0 0 0 774.117 302.166 0.925528 804.793 296.075 0.868743 838.264 317.193 0.904592 848.012 296.746 0.883862 743.482 308.072 0.79217 724.322 322.617 0.356778 732.414 288.033 0.181059 789.989 395.432 0.71248 772.204 457.205 0.511112 773.472 498.269 0.285374 755.418 398.066 0.746021 746.973 461.964 0.719223 747.864 533.059 0.737045 0 0 0 0 0 0 780.456 260.87 0.702652 745.207 270.422 0.893639 0
0 111 19 0 0 0 771.51 294.783 0.920949 802.62 288.474 0.921258 836.53 312.41 0.879765 848.224 292.624 0.864231 741.082 300.684 0.784692 722.578 314.133 0.560558 731.976 280.858 0.411112 789.115 388.698 0.678067 770.669 451.113 0.212985 770.646 492.185 0.1 753.912 391.11 0.727563 744.807 455.01 0.782193 746.129 526.092 0.796898 0 0 0 0 0 0 778.049 253.686 0.603027 742.596 263.471 0.857004 0
0 111 20 0 0 0 769.765 287.826 0.921459 801.301 281.957 0.921615 834.562 307.844 0.881576 846.724 287.988 0.865612 738.264 293.292 0.780846 720.628 306.748 0.58083 730.011 274.991 0.434168 788.685 381.962 0.682117 770.664 443.94 0.242988 769.557 483.496 0.1 752.388 384.371 0.730844 743.063 446.97 0.779853 743.519 516.741 0.789403 0 0 0 0 0 0 776.305 245.871 0.62022 740.422 256.083 0.85172 0
0 111 21 0 0 0 768.024 280.659 0.909105 799.556 275.219 0.87706 832.169 303.274 0.92307 845.224 283.353 0.789873 736.308 285.903 0.870794 718.236 298.701 0.545135 727.61 269.118 0.339097 788.242 375.002 0.768954 770.868 436.765 0.638857 768.25 476.321 0.203199 751.297 377.185 0.779816 741.972 438.274 0.837291 742.431 506.523 0.723082 0 0 0 0 0 0 774.129 238.688 0.679423 738.467 248.261 0.824491 0
0 111 22 0 0 0 766.511 274.996 0.922307 798.028 269.345 0.858442 830.195 299.349 0.878371 843.724 278.718 0.714542 735.435 279.601 0.856093 715.634 292.17 0.487024 724.13 263.678 0.305347 787.815 369.343 0.746947 771.949 431.103 0.352138 767.598 471.537 0.527634 750.215 371.086 0.754809 741.528 430.234 0.699905 741.553 495.872 0.1 0 0 0 0 0 0 772.61 232.172 0.613927 736.944 241.734 0.839032 0
0 111 23 0 0 0 764.987 268.266 0.846058 796.28 263.262 0.874523 826.922 294.133 0.891582 842.224 274.083 0.748874 734.145 273.073 0.847055 712.379 285.873 0.5387 719.777 258.025 0.480585 787.595 363.045 0.726886 772.594 424.805 0.664667 768.244 465.666 0.46281 749.346 364.999 0.70791 740.003 423.496 0.5543 740.9 485.43 0.317297 0 0 0 0 0 0 770.659 225.866 0.729578 735.427 234.988 0.774958 0
0 111 24 0 0 0 763.249 263.036 0.926215 794.534 258.044 0.873968 823.446 289.14 0.936784 811.959 273.897 0.075702 732.622 266.987 0.797633 709.129 280.669 0.511677 714.989 253.25 0.594152 786.286 358.7 0.744594 772.812 419.591 0.511134 768.821 462.118 0.366191 747.39 360.211 0.708641 736.731 417.185 0.413108 740.017 475.21 0.340376 0 0 0 0 0 0 768.924 220.218 0.723666 733.908 229.544 0.767983 0
0 111 25 0 0 0 760.645 257.377 0.888322 791.718 252.185 0.890569 818.454 283.06 0.85871 806.163 260.311 0.0910102 730.229 260.47 0.84854 704.144 275.229 0.717082 706.944 248.466 0.726656 784.557 353.487 0.757346 772.591 414.372 0.709659 769.116 460.45 0.510983 744.782 354.774 0.73293 729.331 404.358 0.586065 733.278 459.994 0.367601 0 0 0 0 0 0 766.954 213.925 0.712731 731.947 223.016 0.818429 0
0 111 26 0 0 0 757.406 251.506 0.888251 788.478 246.748 0.888992 813.239 277.831 0.86349 808.045 260.321 0.0950408 727.401 254.82 0.850042 699.146 269.786 0.716065 696.506 245.638 0.729788 783.025 348.267 0.757452 771.499 408.921 0.722599 768.254 460.011 0.530895 742.398 349.557 0.741183 729.979 398.703 0.580655 735 450.864 0.394026 0 0 0 0 0 0 764.564 208.475 0.712674 729.348 216.708 0.815657 0
0 111 27 0 0 0 755.017 246.301 0.954751 786.075 241.759 0.9317 806.512 274.137 0.832559 788.478 270.002 0.0751097 725.227 249.602 0.835803 694.358 261.31 0.783206 686.077 244.769 0.760203 781.074 343.052 0.748283 769.968 405.443 0.547786 768.033 461.311 0.366574 740.431 344.119 0.706433 727.372 392.825 0.365675 732.173 438.258 0.153798 0 0 0 0 0 0 761.527 204.129 0.670834 726.525 211.503 0.875138 0
0 111 28 0 0 0 752.62 241.735 0.964757 783.883 237.844 0.900171 800.65 270.663 0.815357 790.465 244.566 0.0818366 722.405 244.819 0.867205 690.229 257.836 0.860693 675.867 244.128 0.711219 779.334 338.27 0.718628 768.24 401.531 0.480302 768.679 458.92 0.35119 738.46 339.123 0.711764 724.772 388.469 0.201502 729.784 428.26 0.124936 0 0 0 0 0 0 758.497 200.213 0.659415 723.927 206.94 0.905377 0
0 111 29 0 0 0 750.225 238.048 0.880066 781.059 234.363 0.835037 795.441 267.4 0.507669 784.523 240.662 0.0513528 720.011 241.119 0.90711 685.664 254.356 0.771315 666.951 244.564 0.336404 776.51 334.357 0.786253 766.282 398.486 0.686557 768.462 458.702 0.64614 736.277 335.205 0.705041 721.947 385.422 0.443125 728.484 421.525 0.34524 0 0 0 0 0 0 755.459 197.167 0.754711 721.533 203.669 0.877123 0
0 111 30 0 0 0 746.963 234.563 0.88555 777.374 231.091 0.901457 789.872 263.783 0.416281 0 0 0 716.971 237.42 0.8941 681.53 251.969 0.774543 655.184 246.462 0.551722 773.267 330.448 0.811486 764.323 394.571 0.681471 767.602 455.441 0.655883 733.884 331.73 0.729484 719.343 382.815 0.206885 728.7 417.394 0.281784 0 0 0 0 0 0 752.412 193.904 0.669359 719.14 200.629 0.869768 0
0 111 31 0 0 0 743.487 230.229 0.958247 773.675 227.395 0.903613 783.727 259.587 0.404533 0 0 0 713.925 233.503 0.906246 677.187 249.36 0.685863 643.417 248.359 0.523798 770.222 325.457 0.776246 761.508 387.83 0.766467 766.511 448.926 0.669304 731.699 327.39 0.792804 716.312 379.12 0.478154 728.487 412.828 0.331473 0 0 0 0 0 0 749.148 190.431 0.500342 716.528 197.158 0.95833 1
0 111 32 0 0 0 739.999 226.734 0.958606 769.765 223.911 0.903518 778.303 256.325 0.423019 0 0 0 710.447 229.38 0.905017 675.439 247.398 0.683838 631.65 250.257 0.531489 766.747 320.021 0.780218 758.031 380.649 0.767922 765.422 441.32 0.671618 728.661 322.394 0.792484 713.928 372.6 0.452912 726.749 406.96 0.358485 0 0 0 0 0 0 745.455 187.387 0.493777 713.478 193.911 0.956975 1
0 111 33 0 0 0 736.307 223.053 0.921919 765.214 220.23 0.846758 773.088 253.281 0.542079 0 0 0 706.968 225.895 0.938351 675.427 246.952 0.683441 619.884 252.155 0.586465 764.357 313.931 0.759132 754.769 373.251 0.737076 763.248 432.4 0.515304 726.488 317.393 0.798534 713.939 365.432 0.625096 725.45 400.225 0.161549 0 0 0 0 0 0 741.757 184.772 0.501705 710.002 190.656 0.945704 1
0 111 34 0 0 0 733.481 219.8 0.83802 761.734 217.189 0.86503 769.389 251.322 0.1 0 0 0 704.357 222.84 0.855958 676.94 246.741 0.52331 647.587 226.908 0.0876613 762.39 308.706 0.713355 752.38 365.851 0.513385 760.853 423.483 0.387605 724.966 313.042 0.758448 718.079 364.782 0.441248 730.005 398.486 0.307272 0 0 0 0 0 0 738.294 182.8 0.372511 706.966 188.484 0.900885 1
0 111 35 0 0 0 730.862 217.191 0.858245 758.256 214.574 0.932638 765.905 249.374 0.1 0 0 0 702.177 219.807 0.825627 678.9 246.953 0.348119 0 0 0 760.446 303.699 0.751508 749.765 358.904 0.604033 758.249 414.79 0.614132 723.878 308.69 0.742788 713.959 358.483 0.454902 726.311 392.613 0.418118 0 0 0 0 0 0 735.241 180.633 0.368864 704.355 186.53 0.896857 1
0 111 36 0 0 0 728.04 215.228 0.941782 755.004 211.958 0.886409 763.931 246.98 0.318915 0 0 0 700.425 218.058 0.882098 681.296 248.039 0.289802 0 0 0 759.357 300.209 0.773035 745.416 352.818 0.809631 749.993 406.963 0.714912 723.878 305.859 0.72579 713.526 355.224 0.654566 729.127 393.261 0.654077 0 0 0 0 0 0 732.626 178.677 0.429536 702.174 185 0.825511 1
0 111 37 0 0 0 724.558 213.261 0.914797 750.671 208.914 0.877517 761.745 243.506 0.253819 0 0 0 697.166 216.317 0.898594 681.076 249.338 0.317292 0 0 0 758.489 296.51 0.790346 740.195 345.642 0.598904 744.128 398.266 0.566728 724.103 303.03 0.709672 711.78 350.01 0.569338 729.772 393.044 0.578324 0 0 0 0 0 0 728.919 176.94 0.517335 698.699 183.466 0.89038 1
0 111 38 0 0 0 721.291 211.513 0.915553 746.324 206.093 0.877309 759.566 240.375 0.257075 0 0 0 694.343 214.801 0.899347 680.861 250.641 0.294463 0 0 0 758.273 292.809 0.79169 734.326 338.247 0.61411 737.827 389.567 0.572002 725.205 299.991 0.71289 710.26 344.143 0.576355 730.423 391.086 0.587745 0 0 0 0 0 0 725.216 175.852 0.521514 695.221 181.954 0.89657 1
0 111 39 0 0 0 717.811 210.207 0.900678 742.611 203.931 0.881369 757.387 237.244 0.247281 0 0 0 691.511 214.148 0.887889 681.514 255.419 0.633748 0 0 0 758.697 288.682 0.800428 728.682 331.726 0.349079 733.915 381.306 0.280035 726.943 296.949 0.705726 707.647 338.061 0.444582 728.471 387.169 0.399702 0 0 0 0 0 0 720.876 174.983 0.623551 691.525 180.871 0.936947 1
0 111 40 0 0 0 714.546 209.545 0.900067 738.911 201.988 0.883761 755.208 234.113 0.270384 0 0 0 688.684 213.712 0.854585 682.38 259.987 0.653155 0 0 0 758.922 285.638 0.785575 723.679 328.031 0.255467 731.308 374.999 0.292057 728.681 294.776 0.785762 705.466 333.279 0.50247 727.168 383.908 0.387623 0 0 0 0 0 0 716.752 174.324 0.536135 688.051 180.216 0.863265 1
0 111 41 0 0 0 711.94 208.899 0.925674 735.644 200.461 0.833273 753.029 230.981 0.294857 0 0 0 687.369 213.712 0.839118 681.512 261.517 0.470539 0 0 0 759.365 283.902 0.740372 717.816 324.118 0.359891 723.275 372.599 0.252376 731.279 293.689 0.752086 703.713 331.11 0.511667 727.385 380.868 0.506169 0 0 0 0 0 0 713.484 173.461 0.55637 685.23 179.988 0.742381 1
0 111 42 0 0 0 709.33 208.238 0.888842 732.814 198.941 0.811406 753.184 240.615 0.0554904 0 0 0 685.851 213.5 0.76968 678.256 261.945 0.311512 0 0 0 759.799 282.173 0.700646 715.422 321.95 0.333998 722.414 367.822 0.313872 733.453 292.383 0.684293 701.751 329.804 0.488758 727.6 379.776 0.539769 0 0 0 0 0 0 710.645 173.678 0.25861 683.266 180.421 0.560159 1
0 111 43 0 0 0 706.505 207.577 0.809581 729.767 197.424 0.779234 0 0 0 0 0 0 684.324 213.287 0.756028 674.992 262.161 0.557261 678.934 338.457 0.557857 760.238 280.438 0.642689 711.943 319.993 0.308707 721.759 364.34 0.212342 735.626 291.072 0.683278 699.783 328.287 0.500067 726.291 379.547 0.507392 0 0 0 0 0 0 707.598 173.899 0.223448 681.305 180.853 0.364285 1
0 111 44 0 0 0 703.678 207.571 0.810519 726.069 196.337 0.781553 0 0 0 0 0 0 682.596 214.144 0.756448 671.73 262.391 0.528292 678.927 336.584 0.504774 760.46 278.707 0.641604 706.729 316.726 0.291147 716.753 363.249 0.200448 738.027 289.553 0.677258 698.471 325.679 0.493158 728.261 376.725 0.508906 0 0 0 0 0 0 704.089 174.289 0.238248 679.281 181.31 0.395482 1
0 111 45 0 0 0 700.415 207.57 0.700799 722.155 195.677 0.712036 0 0 0 0 0 0 680.217 214.579 0.661857 667.813 262.605 0.327329 0 0 0 760.46 276.97 0.611422 703.684 313.895 0.193028 717.839 360.638 0.151696 740.423 287.606 0.660792 696.953 322.204 0.34645 728.923 372.6 0.284155 0 0 0 0 0 0 700.58 174.68 0.236302 677.256 181.767 0.332621 1
0 111 46 0 0 0 698.024 207.576 0.709843 719.323 195.451 0.695657 0 0 0 0 0 0 679.561 215.009 0.682252 666.509 262.611 0.338593 620.214 254.326 0.0503427 760.031 275.444 0.650435 701.292 312.155 0.244698 718.703 358.906 0.342976 742.595 285.658 0.672949 696.955 320.896 0.502566 731.536 369.344 0.387795 0 0 0 0 0 0 697.071 175.07 0.182469 675.231 182.225 0.237292 1
0 111 47 0 0 0 694.99 207.586 0.711508 716.061 195.236 0.678403 0 0 0 0 0 0 678.904 215.009 0.672774 666.291 262.824 0.22546 0 0 0 760.033 273.491 0.667247 700.419 310.208 0.313814 722.407 354.124 0.310236 744.115 283.704 0.656919 696.301 318.725 0.472351 734.143 365.865 0.376285 0 0 0 0 0 0 693.562 175.461 0.21598 673.206 182.682 0.237099 1
0 111 48 0 0 0 692.815 207.596 0.618362 712.813 195.44 0.507489 0 0 0 0 0 0 677.822 215.006 0.453528 665.421 260.215 0.204066 0 0 0 759.605 272.4 0.495705 699.328 308.899 0.347401 723.918 353.691 0.245658 744.561 281.755 0.617095 696.085 317.203 0.437268 735.663 364.563 0.542081 0 0 0 0 0 0 0 0 0 673.02 191.722 0.0875867 1
0 111 49 0 0 0 690.64 207.822 0.476892 709.557 196.081 0.368874 0 0 0 0 0 0 676.849 214.679 0.342113 664.692 258.186 0.149421 0 0 0 759.162 271.523 0.461262 696.941 306.079 0.260426 721.314 355.645 0.193903 745.657 279.796 0.623654 696.304 316.113 0.475771 735.883 365.208 0.508343 0 0 0 0 0 0 0 0 0 665.178 193.632 0.0743477 1
0 111 50 0 0 0 688.043 208.253 0.476611 706.305 196.3 0.365603 0 0 0 0 0 0 675.765 214.671 0.340474 663.893 258.47 0.143676 0 0 0 759.147 270.863 0.450069 696.292 306.079 0.240988 725.866 356.95 0.213252 746.534 278.271 0.624389 696.304 315.02 0.463776 737.185 365.641 0.515559 0 0 0 0 0 0 0 0 0 665.192 193.666 0.0738868 1
0 111 51 0 0 0 685.66 208.912 0.51256 703.254 196.948 0.385893 0 0 0 0 0 0 674.888 214.888 0.355839 664.113 258.911 0.176109 0 0 0 758.721 269.984 0.509359 693.902 304.994 0.298683 726.297 358.029 0.179601 747.185 276.751 0.656363 696.076 314.15 0.477673 737.18 366.5 0.301049 0 0 0 0 0 0 0 0 0 663.263 195.63 0.0789697 1
0 111 52 0 0 0 683.49 209.777 0.52543 700.21 197.806 0.379096 0 0 0 0 0 0 673.592 215.54 0.33579 664.338 259.783 0.150927 0 0 0 758.29 269.114 0.529596 692.385 303.696 0.341816 726.52 357.812 0.201287 747.839 275.238 0.624629 695.853 313.491 0.524605 738.701 366.499 0.339384 0 0 0 0 0 0 0 0 0 661.318 191.76 0.0737727 1
0 111 53 0 0 0 681.76 209.787 0.440602 697.81 198.681 0.265383 0 0 0 0 0 0 673.589 214.458 0.1 664.774 259.999 0.1 0 0 0 758.061 268.672 0.433633 693.039 303.699 0.274334 731.746 354.771 0.169938 748.264 274.152 0.658758 695.201 313.701 0.383673 736.733 368.661 0.440927 0 0 0 0 0 0 0 0 0 0 0 0 0
0 111 54 0 0 0 680.895 209.797 0.52506 695.64 199.556 0.350376 0 0 0 0 0 0 674.24 213.432 0.360552 666.023 260.383 0.1 0 0 0 757.518 267.913 0.507109 693.587 303.265 0.447152 735.989 351.947 0.344514 748.046 273.6 0.648061 694.867 313.373 0.535594 734.337 371.585 0.373004 0 0 0 0 0 0 0 0 0 657.401 189.77 0.0788879 1
0 111 55 0 0 0 679.817 209.802 0.547597 693.467 200.427 0.355124 0 0 0 0 0 0 674.673 212.238 0.382011 667.435 260.926 0.121079 0 0 0 756.857 266.83 0.523254 694.241 303.042 0.391269 737.952 349.335 0.454251 747.611 272.934 0.668498 694.422 312.725 0.67313 731.942 374.401 0.646198 0 0 0 0 0 0 0 0 0 659.339 193.722 0.0761545 1
0 111 56 0 0 0 679.813 208.498 0.530891 692.816 200.197 0.3389 0 0 0 0 0 0 674.891 211.313 0.363931 668.789 261.637 0.11319 0 0 0 756.195 265.75 0.515983 694.252 303.043 0.383627 737.505 350.419 0.447987 746.965 272.273 0.664773 694.209 312.722 0.658957 729.12 377.661 0.635764 0 0 0 0 0 0 0 0 0 657.394 195.62 0.0713218 1
0 111 57 0 0 0 680.034 207.185 0.557115 692.814 199.543 0.334148 0 0 0 0 0 0 675.758 209.793 0.480611 670.311 262.511 0.140612 0 0 0 755.974 264.448 0.513457 695.559 303.047 0.415756 737.73 349.763 0.506581 746.745 271.179 0.692287 694.211 312.509 0.697582 727.603 378.97 0.683571 0 0 0 0 0 0 0 0 0 661.294 193.659 0.0796238 1
0 111 58 0 0 0 680.257 205.454 0.1 692.821 198.454 0.1 0 0 0 0 0 0 676.517 208.597 0.1 671.686 263.237 0.1 0 0 0 755.974 262.93 0.1 698.379 304.568 0.1 741.199 348.022 0.1 745.879 270.094 0.1 693.775 311.863 0.1 727.383 378.547 0.1 0 0 0 0 0 0 0 0 0 0 0 0 127
0 111 59 0 0 0 680.467 203.937 0.433756 692.827 196.937 0.236579 0 0 0 0 0 0 676.95 207.513 0.1 673.141 262.949 0.1 0 0 0 755.755 261.401 0.457394 700.982 304.783 0.338166 743.375 343.47 0.334563 745.233 268.361 0.679299 694.433 311.641 0.682355 726.085 379.632 0.683964 0 0 0 0 0 0 0 0 0 0 0 0 0
0 111 60 0 0 0 680.467 202.623 0.542521 692.84 195.198 0.373711 0 0 0 0 0 0 677.826 205.988 0.1 674.886 262.289 0.1 0 0 0 755.314 260.09 0.493663 699.247 303.047 0.352077 742.948 342.394 0.266408 745.234 266.621 0.683703 695.955 310.564 0.72363 726.317 378.991 0.690413 0 0 0 0 0 0 0 0 0 0 0 0 0
0 111 61 0 0 0 682.196 200.24 0.602076 693.058 193.246 0.490662 0 0 0 0 0 0 680.214 202.945 0.47219 679.014 260.003 0.305523 663.21 272.013 0.0586889 754.219 258.567 0.608049 702.507 303.046 0.489807 742.949 341.311 0.431391 745.238 264.663 0.695413 698.352 309.487 0.748998 727.839 377.483 0.739752 0 0 0 0 0 0 0 0 0 661.317 183.894 0.0782111 1
0 111 62 0 0 0 683.712 197.407 0.603743 692.624 191.074 0.498151 0 0 0 0 0 0 682.601 199.679 0.478878 684.671 256.738 0.289923 663.254 271.989 0.0506166 751.178 257.265 0.608054 705.541 303.041 0.497936 743.812 340.227 0.42353 745.455 262.699 0.697931 702.054 308.624 0.756926 729.792 376.409 0.743019 0 0 0 0 0 0 0 0 0 661.314 183.891 0.0791003 1
0 111 63 0 0 0 685.669 194.152 0.515727 694.148 188.459 0.395837 0 0 0 0 0 0 684.554 196.803 0.336027 687.775 253.962 0.189982 0 0 0 750.203 256.069 0.535128 708.253 303.914 0.295529 743.916 343.278 0.425026 745.46 261.065 0.719569 705.653 308.736 0.622354 733.267 375.226 0.677409 0 0 0 0 0 0 0 0 0 0 0 0 1
0 111 64 0 0 0 687.628 190.898 0.433571 695.458 185.848 0.1 0 0 0 0 0 0 686.511 194.09 0.339151 690.928 251.026 0.159177 665.223 256.259 0.0731184 749.337 255.199 0.456881 710.862 304.784 0.405045 744.129 346.109 0.423276 745.893 259.543 0.720671 709.349 308.955 0.664681 736.738 374.151 0.638878 0 0 0 0 0 0 0 0 0 0 0 0 1
0 111 65 0 0 0 689.151 188.943 0.541496 696.763 184.109 0.345841 0 0 0 0 0 0 688.031 191.539 0.1 693.699 248.146 0.1 0 0 0 749.552 253.891 0.49153 714.111 306.297 0.494993 743.915 348.289 0.344835 746.101 258.234 0.713242 713.265 310.034 0.639498 740.444 373.504 0.582975 0 0 0 0 0 0 0 0 0 0 0 0 0
0 111 66 0 0 0 692.197 187.216 0.498856 697.416 183.241 0.341543 0 0 0 0 0 0 691.95 189.152 0.671678 699.788 243.142 0.337848 691.329 261.853 0.127053 745.861 254.979 0.538962 715.846 308.26 0.2492 743.702 350.905 0.236496 746.092 258.022 0.71699 718.473 311.772 0.7614 745.217 373.498 0.641246 0 0 0 0 0 0 0 0 0 678.881 162.412 0.070444 1
0 111 67 0 0 0 695.454 185.901 0.720881 697.627 182.166 0.557076 697.548 228.633 0.129616 699.174 256.333 0.237265 697.17 186.984 0.68385 708.922 238.361 0.465498 703.659 260.897 0.539717 742.386 255.412 0.579076 717.151 310.214 0.555995 743.701 355.033 0.48827 746.527 257.373 0.756599 723.689 313.717 0.785691 750.206 373.93 0.721065 0 0 0 0 0 0 694.519 150.663 0.0715612 674.839 159.128 0.349681 1
0 111 68 0 0 0 699.588 184.813 0.712037 698.053 182.378 0.547622 700.467 229.586 0.136495 703.051 256.309 0.242288 704.13 185.243 0.68317 719.575 233.796 0.452448 715.988 259.942 0.505787 738.694 256.508 0.588675 718.888 312.613 0.55536 743.478 360.234 0.473856 747.392 257.59 0.751242 728.261 315.248 0.789636 754.115 374.585 0.719473 0 0 0 0 0 0 694.501 150.673 0.0662498 682.984 159.286 0.340391 1
0 111 69 0 0 0 704.794 183.94 0.705707 699.137 182.81 0.533218 703.385 230.538 0.121205 706.928 256.286 0.163477 711.091 184.157 0.627278 730.877 229.027 0.368893 728.318 258.986 0.153433 735.433 257.606 0.56109 723.014 316.52 0.590628 743.478 365.444 0.566093 748.472 258.029 0.75252 732.613 317.201 0.786506 758.022 374.803 0.773999 0 0 0 0 0 0 696.573 148.744 0.0807501 691.128 159.444 0.325435 1
0 111 70 679.771 160.354 0.450408 708.276 183.934 0.755665 700.434 183.244 0.641081 706.297 228.896 0.0788759 702.403 250.411 0.0837174 716.967 184.158 0.759591 740.006 225.669 0.426676 740.647 258.03 0.278508 732.829 258.911 0.769597 722.362 318.693 0.694501 743.25 370.658 0.684523 749.548 258.682 0.791972 736.09 319.151 0.854307 760.641 375.884 0.715758 0 0 0 684.959 155.624 0.433345 0 0 0 699.273 159.602 0.675328 1
0 111 71 687.115 163.154 0.753474 712.621 185.01 0.806231 703.263 184.109 0.730491 719.97 226.968 0.0702085 0 0 0 723.274 185.676 0.792317 748.046 223.929 0.766383 748.038 255.861 0.676211 732.404 260.651 0.845383 722.377 321.962 0.739974 742.375 377.396 0.616673 750.416 260.429 0.82697 739.349 322.188 0.886824 762.613 378.699 0.767695 681.938 158.021 0.135841 692.846 158.238 0.74149 0 0 0 707.417 159.76 0.841365 1
0 111 72 694.459 165.955 0.87098 717.174 186.53 0.782454 704.131 185.636 0.740231 696.491 209.351 0.0841734 0 0 0 730.45 187.183 0.801934 759.34 221.978 0.828392 758.687 255.639 0.845166 730.441 262.831 0.818431 722.813 324.564 0.73953 742.159 379.343 0.66323 751.934 262.39 0.800861 743.036 324.362 0.886815 763.06 381.514 0.814887 689.66 160.902 0.880036 700.733 160.852 0.885058 0 0 0 714.154 160.207 0.867008 1
0 111 73 701.803 168.756 0.720834 722.168 188.256 0.80545 705.43 187.167 0.681316 704.292 211.349 0.0662655 0 0 0 738.494 188.694 0.815944 770.648 219.37 0.829191 770.644 255.422 0.818722 728.707 265.441 0.839034 723.241 327.39 0.732059 741.943 381.083 0.668691 754.106 264.791 0.807839 746.958 326.759 0.854328 763.514 384.546 0.668848 697.382 163.783 0.627357 708.62 163.466 0.828385 0 0 0 722.19 161.937 0.833302 1
0 111 74 709.146 171.557 0.714657 727.391 190.207 0.811437 706.088 189.126 0.687553 704.323 211.348 0.06818 0 0 0 747.625 190.431 0.820969 782.399 216.975 0.828152 782.612 255.866 0.81245 725.882 269.35 0.843521 722.163 330.871 0.735545 743.463 383.69 0.675011 757.141 267.842 0.813658 751.729 330.025 0.859368 764.369 387.369 0.664585 705.104 166.664 0.620129 716.507 166.079 0.821327 0 0 0 730.878 163.898 0.833558 0
0 111 75 717.628 175.023 0.881975 731.953 192.369 0.833902 707.829 190.871 0.79331 0 0 0 0 0 0 754.803 192.815 0.890982 791.312 216.762 0.833999 788.487 255.867 0.85761 727.398 271.75 0.885179 721.302 333.693 0.801245 745.202 386.296 0.581029 760.627 270.668 0.867764 755.219 332.847 0.869356 764.804 389.542 0.723126 712.826 169.544 0.858362 725.206 168.913 0.861618 0 0 0 739.347 166.502 0.900941 0
0 111 76 725.666 178.494 0.860475 736.512 194.323 0.839122 710.22 192.822 0.795778 709.331 191.6 0.112131 0 0 0 760.889 194.981 0.87942 797.179 216.328 0.839688 793.493 255.863 0.844789 728.699 274.802 0.898671 721.301 336.517 0.802769 746.725 387.599 0.645152 763.669 273.932 0.841562 758.704 335.669 0.84173 765.022 391.284 0.721671 720.206 172.167 0.797982 732.82 171.957 0.809981 713.171 171.177 0.165718 746.314 168.684 0.771459 0
0 111 77 732.197 181.745 0.847571 740.643 196.499 0.965482 712.827 194.994 0.889022 709.845 196.85 0.1 0 0 0 766.311 197.156 0.8756 801.949 216.979 0.914075 796.755 256.301 0.839745 730.218 278.277 0.856697 719.775 341.074 0.67953 749.558 389.128 0.461926 766.286 278.056 0.796091 761.957 340.014 0.739038 766.317 392.589 0.69525 726.515 174.562 0.85955 739.129 174.793 0.858581 719.434 173.332 0.446183 751.766 171.3 0.71063 0
0 111 78 738.936 184.793 0.875851 745.431 198.888 0.881661 715.866 197.376 0.886013 710.358 202.1 0.164848 0 0 0 773.048 199.761 0.848515 805.854 220.23 0.852163 798.932 258.267 0.845406 731.96 281.098 0.830811 720.64 342.378 0.724093 747.801 385.871 0.504439 768.901 282.179 0.804844 765.217 343.918 0.73 767.392 395.193 0.573781 733.249 177.606 0.851731 746.293 178.049 0.843537 725.696 175.487 0.711473 758.704 174.771 0.699233 0
0 111 79 746.538 188.051 0.93437 750.657 201.285 0.806047 719.562 199.761 0.80274 710.872 207.349 0.232478 0 0 0 780.21 202.375 0.757655 809.549 224.789 0.815817 801.102 260.452 0.835521 733.913 284.138 0.819334 721.509 344.12 0.595439 744.985 386.089 0.489293 771.948 286.529 0.824637 768.474 347.392 0.727245 768.255 397.585 0.594359 740.422 180.862 0.807221 753.903 181.322 0.813032 731.959 177.643 0.749028 765.866 178.463 0.362188 0
0 111 80 753.496 191.314 0.932765 755.661 203.693 0.805349 723.259 201.947 0.803919 711.385 212.599 0.230569 0 0 0 786.513 205.426 0.758435 812.159 229.795 0.81117 802.626 263.492 0.83767 735.871 287.398 0.82316 722.155 346.079 0.608194 742.598 388.259 0.474851 775 290.439 0.823424 770.432 350.656 0.731993 768.895 398.247 0.613948 747.383 183.904 0.814896 761.077 184.595 0.820463 738.222 179.798 0.753041 772.608 182.164 0.375311 0
0 111 81 760.665 194.792 0.969859 760.452 206.725 0.841778 727.393 204.346 0.841884 711.826 216.738 0.467072 731.718 256.286 0.0948135 792.814 208.473 0.785078 813.903 235.226 0.841543 804.145 266.75 0.824685 737.833 290.647 0.780323 723.678 347.818 0.674679 742.59 389.346 0.668063 778.035 293.923 0.7919 771.951 353.697 0.757477 768.889 399.122 0.25027 754.138 186.95 0.810362 768.047 188.074 0.813265 744.954 182.621 0.843179 779.563 185.852 0.643642 0
0 111 82 766.743 198.06 0.897075 764.802 209.551 0.890233 731.308 206.948 0.791628 712.153 220.658 0.720755 727.494 248.867 0.707674 798.244 211.515 0.860976 815.423 241.309 0.630843 804.355 270.005 0.83151 739.781 293.466 0.8266 725.421 349.335 0.591847 742.369 390.212 0.470277 780.204 296.97 0.776233 773.032 356.517 0.764986 768.88 399.78 0.679719 759.368 189.566 0.926267 773.492 190.905 0.916532 750.388 184.796 0.679757 785.216 188.252 0.816781 0
0 111 83 772.177 201.53 0.919967 769.788 212.814 0.921082 736.292 210.219 0.800114 712.586 225.661 0.77912 726.162 255.882 0.794121 803.248 214.992 0.854232 816.928 247.405 0.731231 804.557 273.694 0.781578 742.394 296.298 0.846539 728.897 350.86 0.669975 741.721 392.818 0.43085 782.162 300.657 0.786088 773.255 358.7 0.691266 767.799 401.736 0.5164 764.809 192.833 0.885043 779.143 194.377 0.880537 755.82 187.4 0.777122 790.653 191.506 0.778208 0
0 111 84 776.1 204.364 0.897148 773.922 216.079 0.8425 740.64 213.272 0.817054 712.823 229.575 0.818964 724.829 262.897 0.758103 807.816 218.69 0.836674 817.804 254.14 0.793473 804.983 277.388 0.688073 744.351 298.898 0.814806 732.593 352.81 0.61812 739.76 396.076 0.539004 783.892 303.918 0.817068 773.247 360.873 0.685865 765.846 403.915 0.503241 769.37 196.077 0.956097 783.917 197.423 0.921948 760.178 190.433 0.711041 794.998 194.987 0.820504 0
0 111 85 781.975 208.063 0.917258 778.05 220.438 0.82414 744.777 217.841 0.767657 713.263 235.022 0.903718 723.497 269.913 0.859719 812.384 223.039 0.881999 818.896 261.957 0.768816 806.28 282.167 0.669206 746.091 303.67 0.848464 735.637 358.027 0.708298 738.236 403.248 0.395123 785.621 309.129 0.82013 773.018 365.884 0.674685 764.549 410.432 0.561576 775.669 200.63 0.861955 790.22 201.547 0.851994 765.619 194.124 0.775579 800.023 198.728 0.690624 0
0 111 86 787.621 213.057 0.918443 781.968 224.57 0.827486 749.127 221.974 0.768693 712.608 238.287 0.90143 722.165 276.928 0.86387 816.101 227.18 0.881644 819.35 269.347 0.767971 808.013 286.74 0.677183 748.272 306.937 0.851213 740.856 361.289 0.70436 736.5 410.429 0.397583 787.362 313.039 0.819049 772.582 369.572 0.676696 762.377 417.39 0.5655 781.536 205.626 0.866175 796.077 205.904 0.853315 771.063 198.913 0.78156 805.047 202.469 0.683576 0
0 111 87 793.705 218.053 0.883741 784.579 229.792 0.920031 752.392 227.424 0.873436 713.691 245.893 0.917257 723.046 286.058 0.846591 818.276 231.974 0.900514 820.441 275.655 0.821187 810.179 293.038 0.656684 750.448 313.89 0.809332 744.126 369.993 0.718185 740.212 425.421 0.543902 789.756 318.911 0.830141 775.628 375.655 0.811634 760.535 424.678 0.565155 787.624 210.199 0.850774 801.3 210.252 0.878423 775.851 204.124 0.756615 810.072 206.21 0.448366 0
0 111 88 798.925 222.832 0.812781 786.753 235.002 0.90174 754.791 232.867 0.879521 714.771 253.714 0.865043 723.918 294.326 0.847287 820.027 236.759 0.905669 821.741 280.649 0.790898 812.569 298.686 0.635625 752.413 320.627 0.813044 747.602 378.256 0.725834 744.783 436.729 0.592401 791.93 324.558 0.847778 779.112 382.173 0.791829 759.016 433.159 0.518324 793.057 214.343 0.881236 806.074 214.38 0.862124 779.781 208.69 0.671057 815.097 209.951 0.476866 0
0 111 89 803.701 227.187 0.628144 788.71 240.22 0.928644 757.177 238.944 0.891167 716.082 261.531 0.872897 725.655 301.931 0.884899 821.33 241.318 0.910625 823.047 284.987 0.829718 815.609 303.686 0.540697 754.359 326.715 0.743681 750.865 384.992 0.568346 749.138 444.992 0.629026 793.664 329.994 0.761427 783.023 387.609 0.553762 758.044 442.18 0.303583 797.4 219.336 0.646078 809.556 219.358 0.482081 784.337 213.901 0.80019 0 0 0 0
0 111 90 807.626 233.699 0.634251 790.659 246.317 0.912892 759.35 246.544 0.872779 718.042 271.737 0.859682 729.368 310.201 0.812635 821.994 246.977 0.863124 824.569 289.549 0.754101 819.08 309.556 0.569419 756.755 334.331 0.795543 754.128 394.35 0.712225 745.878 454.345 0.629418 795.411 337.169 0.743792 786.727 395.444 0.5981 757.834 452.181 0.396395 802.383 225.859 0.629444 813.463 225.653 0.510648 788.034 220.633 0.714759 819.811 223.065 0.0584655 0
0 111 91 811.765 240.864 0.5001 793.257 252.843 0.885395 762.18 254.152 0.848551 721.086 282.604 0.888826 734.599 318.688 0.823868 823.52 252.853 0.838389 826.094 294.554 0.712782 822.557 315.862 0.559749 759.58 341.515 0.793416 757.821 403.487 0.589944 749.573 460.427 0.635357 797.381 344.115 0.69022 791.075 403.488 0.221051 761.099 462.832 0.1 807.583 233.678 0.432562 818.02 233.039 0.373208 791.955 227.6 0.571851 819.774 228.915 0.0818419 0
0 111 92 816.533 249.333 0.516209 794.569 260.024 0.88167 763.934 262.843 0.845418 726.741 295.423 0.891788 743.943 326.302 0.82636 824.168 259.376 0.83484 826.543 300.2 0.703996 824.304 321.519 0.568218 761.749 349.993 0.782801 760.638 413.486 0.576256 749.145 470.861 0.61556 799.124 351.081 0.696937 794.782 411.958 0.218611 768.27 472.618 0.1 811.707 242.147 0.454991 821.93 240.648 0.430426 795.221 235.647 0.603927 819.83 228.878 0.0994798 0
0 111 93 821.09 257.37 0.305024 796.31 267.201 0.797424 766.106 271.303 0.766132 733.472 307.811 0.8866 753.739 332.609 0.895659 825.466 265.47 0.809913 827.703 304.84 0.770374 826.527 326.914 0.806853 763.714 358.042 0.758644 763.247 423.492 0.650966 752.844 481.949 0.487495 800.873 358.252 0.715133 798.706 420.664 0.324053 776.098 483.055 0.1 815.842 250.629 0.281434 825.627 249.111 0.187914 798.27 243.259 0.448617 821.734 230.909 0.0903764 0
0 111 94 823.694 264.543 0.615444 797.847 273.284 0.809962 768.278 278.245 0.769544 739.996 318.451 0.900278 763.527 337.172 0.868812 826.552 271.122 0.8266 829.372 308.252 0.763224 828.574 331.395 0.83296 765.895 363.919 0.691529 766.082 430.446 0.647634 756.321 488.912 0.599452 802.622 363.473 0.717068 802.851 426.528 0.489217 783.272 489.148 0.568168 818.24 257.803 0.614315 827.794 256.496 0.317009 800.237 250.213 0.663414 0 0 0 0
0 111 95 827.175 271.713 0.768193 799.584 280.028 0.821552 771.323 285.856 0.845913 748.696 328.886 0.839311 775.27 340.433 0.875793 827.627 277.196 0.7956 831.756 311.512 0.774322 830.671 336.039 0.811675 769.371 372.181 0.684504 769.794 438.49 0.355556 760.889 496.08 0.30653 805.658 370.218 0.67069 808.504 433.925 0.391436 791.538 496.539 0.1 821.511 264.986 0.706485 831.278 263.663 0.467899 803.055 257.384 0.738655 0 0 0 0
0 111 96 829.35 278.674 0.761561 801.32 285.262 0.787607 774.582 292.151 0.910064 758.041 337.588 0.711476 786.561 341.305 0.795831 828.275 282.406 0.716001 833.063 314.337 0.124286 833.243 338.037 0.187949 772.621 377.408 0.753044 772.621 444.138 0.708885 764.146 500.654 0.396489 807.831 375.003 0.726115 810.681 439.373 0.763913 800.13 504.248 0.501069 824.115 272.376 0.709164 834.107 270.62 0.531043 805.879 263.914 0.880002 0 0 0 0
0 111 97 833.06 286.722 0.62328 804.35 292 0.820212 779.146 298.887 0.894472 768.048 347.373 0.773485 798.953 343.473 0.840064 829.574 289.139 0.662901 833.947 320.645 0.1 836.296 340.64 0.1 776.09 383.498 0.745221 774.364 449.566 0.735506 765.223 503.695 0.612817 810.224 380.448 0.810059 813.941 445.25 0.771756 808.831 510.55 0.651711 828.682 280.641 0.61773 837.759 278.646 0.514442 810.873 272.171 0.722544 0 0 0 0
0 111 98 836.769 294.973 0.605277 807.604 298.737 0.824058 783.712 305.408 0.893755 778.687 356.29 0.771915 811.118 345.433 0.840649 831.535 295.668 0.667855 835.571 325.364 0.1 838.694 343.047 0.1 779.36 389.808 0.744815 775.877 456.516 0.737252 766.3 509.565 0.626452 813.053 386.958 0.811436 817.207 452.414 0.768275 817.845 516.524 0.648931 833.254 288.911 0.604371 841.411 286.673 0.483518 814.793 279.566 0.710658 0 0 0 0
0 111 99 841.544 302.361 0.568068 810.441 305.694 0.847564 789.353 312.152 0.871123 789.992 364.764 0.757241 822.192 347.603 0.959254 832.835 302.623 0.591464 837.195 330.084 0.124935 841.092 345.453 0.1 783.27 395.461 0.744104 776.529 460.857 0.688709 773.037 514.998 0.562758 816.315 392.609 0.677588 821.119 457.41 0.753865 826.747 521.522 0.569581 838.041 296.299 0.548412 845.063 294.7 0.306421 819.795 286.534 0.668361 0 0 0 0
0 111 100 846.105 309.092 0.550199 812.631 312.218 0.835476 794.34 318.676 0.884327 800.215 372.573 0.880813 831.75 349.552 0.91741 833.275 309.36 0.664617 838.82 334.803 0.137728 843.49 347.859 0.1 786.752 401.546 0.762377 776.752 465.418 0.61966 773.03 523.917 0.395172 819.355 398.698 0.759302 824.386 462.192 0.797715 831.972 525.649 0.517704 842.614 302.387 0.514055 848.715 302.727 0.172951 824.575 293.267 0.691962 0 0 0 0
0 111 101 850.25 314.54 0.368914 816.539 318.298 0.830714 799.559 323.899 0.893779 808.253 377.574 0.792658 839.131 352.807 0.870783 835.887 314.801 0.637679 840.444 339.523 0.110561 845.888 350.266 0.128514 790.454 406.541 0.77458 777.194 468.02 0.815417 775.414 525.435 0.487851 822.841 404.127 0.777626 828.507 466.755 0.765536 833.71 528.911 0.519285 847.831 308.042 0.416286 0 0 0 830.012 298.918 0.54461 0 0 0 0
0 111 102 856.12 321.5 0.359934 821.741 325.035 0.784044 806.07 330.649 0.87285 816.295 384.104 0.83883 847.167 357.596 0.906317 839.797 321.531 0.619596 845.225 361.935 0.0662586 0 0 0 795.878 413.056 0.827158 780.446 470.843 0.73892 776.498 524.455 0.463392 827.846 410.65 0.733992 833.501 471.749 0.840199 836.542 532.162 0.655992 854.144 315.002 0.349049 0 0 0 836.959 306.099 0.56706 0 0 0 0
0 111 103 863.291 328.031 0.555607 828.684 331.56 0.764028 812.815 337.4 0.842669 824.983 391.717 0.856076 855.64 363.69 0.870215 846.099 328.049 0.63409 851.021 367.848 0.0799271 0 0 0 802.392 420.013 0.755246 784.138 474.763 0.725602 779.333 522.496 0.471662 834.367 417.822 0.736801 839.144 476.751 0.7552 839.576 536.502 0.602831 861.537 321.53 0.567436 0 0 0 844.778 313.49 0.734891 0 0 0 0
0 111 104 871.546 334.562 0.545258 835.635 339.16 0.769428 819.774 345.008 0.838261 833.026 399.54 0.853139 863.894 371.513 0.86418 852.194 335.876 0.639356 851.024 367.843 0.0815127 0 0 0 808.259 426.74 0.757077 789.122 479.33 0.722623 784.763 524.019 0.468602 840.236 424.775 0.737213 844.578 482.183 0.755698 841.971 540.41 0.599001 870.015 328.051 0.561163 0 0 0 853.695 320.667 0.732059 0 0 0 0
0 111 105 879.806 342.166 0.366892 842.165 347.402 0.740889 826.741 352.615 0.903482 840.215 408.01 0.86124 871.302 379.122 0.8297 857.63 343.265 0.556511 855.072 371.743 0.0531122 0 0 0 815.219 435.218 0.80771 796.072 485.635 0.747587 787.809 523.147 0.504974 846.319 433.472 0.753804 849.584 489.783 0.722178 843.929 542.588 0.680488 878.284 335.654 0.403728 0 0 0 861.306 328.918 0.601206 0 0 0 0
0 111 106 886.537 348.686 0.461332 847.399 354.14 0.753097 832.401 359.782 0.860341 846.742 415.397 0.773412 877.611 385.434 0.782562 862.624 349.13 0.568232 0 0 0 0 0 0 821.957 442.833 0.712805 803.679 492.372 0.29534 793.242 523.586 0.1 851.973 441.51 0.656995 853.072 496.955 0.732129 845.666 545.194 0.70662 885.01 342.599 0.51599 0 0 0 867.173 335.659 0.627132 0 0 0 0
0 111 107 894.243 354.997 0.261858 853.267 361.533 0.72394 839.147 367.824 0.821662 853.707 423.439 0.741465 884.358 392.179 0.696192 867.186 356.08 0.51884 0 0 0 0 0 0 830.424 451.748 0.653637 812.818 500.419 0.286653 800.635 523.101 0.197462 858.059 450.429 0.586617 855.459 505.007 0.548796 848.208 546.425 0.638007 892.608 349.218 0.249405 900.002 344.365 0.086431 874.339 342.397 0.483673 0 0 0 0
0 111 108 901.631 360.434 0.209801 859.999 367.828 0.77759 844.818 373.914 0.851366 859.796 430.406 0.793861 890.882 398.707 0.802371 874.138 361.298 0.572506 896.088 406.97 0.0798759 0 0 0 837.821 460.876 0.70728 823.033 509.99 0.540039 809.986 524.949 0.201654 864.799 458.468 0.664791 861.327 510.872 0.812021 851.98 546.929 0.804417 900.002 355.51 0.233184 0 0 0 880.648 348.045 0.432454 0 0 0 0
0 111 109 909.241 367.176 0.45226 869.121 375.859 0.771409 852.003 381.517 0.900622 867.405 438.029 0.8324 899.361 405.889 0.876478 884.572 368.904 0.521988 901.952 387.424 0.0568113 0 0 0 848.257 470.438 0.694918 834.987 517.169 0.377719 821.512 528.482 0.118046 875.456 467.38 0.567582 871.107 514.563 0.445459 857.183 546.927 0.253545 907.394 362.25 0.563163 0 0 0 887.172 355.001 0.644596 0 0 0 0
0 111 110 917.271 373.903 0.462454 877.168 383.025 0.774615 859.392 388.907 0.896429 875.666 446.073 0.833048 906.985 413.501 0.87361 893.051 375.633 0.52215 900.017 387.374 0.0608052 0 0 0 856.949 478.265 0.694083 848.466 521.953 0.373142 836.075 533.923 0.117196 883.937 474.777 0.564055 884.584 515.212 0.437387 860.441 548.99 0.237574 914.358 368.994 0.575246 0 0 0 893.26 361.959 0.656491 0 0 0 0
0 111 111 924.871 380.201 0.1 883.262 389.981 0.653765 866.574 396.076 0.870658 886.528 451.279 0.804175 914.053 421.272 0.911372 896.747 382.812 0.511602 903.887 442.207 0.056797 0 0 0 866.733 485.66 0.616373 859.342 528.26 0.222886 849.985 543.82 0.1 887.849 482.171 0.470576 888.065 519.555 0.182826 860.216 552.26 0.1 921.093 375.192 0.1 0 0 0 901.959 368.687 0.378738 0 0 0 0
0 111 112 932.476 388.235 0.297067 887.617 397.366 0.718827 873.521 403.465 0.802451 895.446 456.496 0.709208 921.447 429.206 0.694437 898.06 389.991 0.484779 0 0 0 0 0 0 874.775 492.615 0.55131 869.775 533.254 0.119576 862.415 556.606 0.1 890.459 488.916 0.32229 891.112 523.469 0.1 859.789 554.435 0.1 928.053 383.017 0.327289 0 0 0 909.57 375.206 0.458557 0 0 0 0
0 111 113 939.642 396.279 0.15947 893.809 403.564 0.615036 879.933 411.509 0.80271 902.506 464.215 0.719087 927.869 437.74 0.488974 903.277 394.337 0.468948 976.221 426.532 0.0889256 0 0 0 882.277 498.493 0.45096 877.827 538.034 0.1 870.761 567.388 0.1 895.565 494.247 0.314752 894.813 528.418 0.1 861.797 558.566 0.17923 934.357 391.385 0.145359 0 0 0 915.333 382.376 0.375456 0 0 0 0
0 111 114 948.113 404.54 0.200635 902.277 409.658 0.532603 887.102 421.516 0.701528 909.228 474.441 0.651669 934.611 447.742 0.592216 913.058 397.376 0.346137 990.073 367.091 0.111286 0 0 0 889.236 503.055 0.425881 885.656 542.813 0.215027 882.408 582.041 0.250316 903.386 497.289 0.259419 900.46 534.18 0.100261 866.034 566.176 0.1 941.965 399.217 0.178838 944.987 393.256 0.100319 922.292 390.421 0.373116 0 0 0 0
0 111 115 956.911 413.667 0.1 911.722 417.924 0.278174 895.79 432.175 0.330542 916.819 485.648 0.123859 942.544 460.029 0.1 923.173 403.896 0.239291 991.903 380.346 0.1 0 0 0 897.281 510.657 0.282783 895.111 551.404 0.176276 894.325 599.037 0.172992 911.861 504.242 0.308354 907.848 542.929 0.283155 872.501 576.83 0.401954 950.022 408.134 0.1 956.248 402.562 0.1 930.123 399.223 0.144834 0 0 0 0
0 111 116 965.061 423.008 0.1 921.071 427.266 0.299122 904.48 441.963 0.440648 923.769 496.745 0.159617 950.587 473.723 0.1 933.398 412.374 0.231454 993.733 393.602 0.1 0 0 0 904.674 519.343 0.314269 904.457 561.404 0.162376 904.547 616.478 0.1 920.124 512.936 0.263103 917.851 552.493 0.224651 879.969 591.252 0.359227 957.856 417.375 0.1 967.51 411.868 0.1 937.734 408.359 0.160818 0 0 0 0
0 111 117 974.303 433.122 0.1 930.203 435.969 0.1 914.248 451.742 0.1 931.591 506.308 0.1 958.847 487.636 0.1 942.1 420.851 0.1 995.563 406.857 0.1 0 0 0 913.149 525.865 0.1 912.932 569.451 0.1 912.802 632.019 0.1 927.948 520.762 0.1 924.592 563.8 0.1 886.208 606.184 0.1 966.824 427.389 0.1 978.772 421.173 0.1 948.383 417.927 0.1 0 0 0 127
0 111 118 983.546 443.235 0.166627 936.942 443.142 0.584456 922.29 460.228 0.616083 937.677 515.652 0.620292 965.151 501.104 0.745496 947.526 426.941 0.544789 997.393 420.112 0.431837 1020.82 416.582 0.282138 918.58 532.17 0.295871 919.668 580.105 0.126612 918.883 646.096 0.1 931.855 527.721 0.127872 927.417 577.496 0.1 891.216 622.049 0.1 975.791 437.403 0.162598 990.033 430.479 0.126851 958.814 426.398 0.344601 0 0 0 0
0 111 119 992.788 453.348 0.1 946.283 450.539 0.1 932.499 468.261 0.1 943.772 521.742 0.1 972.322 513.708 0.1 956.219 435.636 0.1 999.135 416.417 0.1 1017.81 420.216 0.1 927.277 540.21 0.1 925.753 593.155 0.1 922.589 658.707 0.1 938.806 536.2 0.1 926.111 593.587 0.1 898.386 635.853 0.1 984.759 447.416 0.1 0 0 0 971.852 434.655 0.1 0 0 0 127
0 111 120 1002.03 463.461 0.22483 956.289 458.148 0.711736 946.185 475.871 0.717649 951.382 531.964 0.654071 980.685 526.657 0.833448 964.694 442.156 0.467075 998.328 418.099 0.495953 1014.81 423.851 0.596815 935.111 548.471 0.704249 932.486 604.022 0.690032 925.193 667.617 0.681352 946.628 543.157 0.608935 933.07 604.887 0.607595 907.298 648.245 0.414035 993.727 457.43 0.236275 0 0 0 981.85 442.921 0.369459 0 0 0 0
0 111 121 0 0 0 968.894 467.497 0.701189 960.104 485.87 0.59936 961.591 541.536 0.381836 990.242 539.949 0.76164 976.426 449.985 0.489386 1000.51 426.468 0.685407 1011.8 427.485 0.742247 944.888 557.381 0.694544 939.008 615.551 0.671146 927.334 674.83 0.706663 956.19 551.41 0.617273 940.459 616.848 0.628332 916.21 660.854 0.477671 0 0 0 0 0 0 993.583 453.14 0.351483 0 0 0 0
0 111 122 0 0 0 979.874 477.17 0.705243 972.17 495.003 0.609567 971.916 550.771 0.422642 1000.99 553.586 0.781882 986.422 459.774 0.485799 1005.67 441.523 0.686813 1008.79 431.119 0.745735 953.913 566.728 0.69995 944.879 625.774 0.680204 928.77 680.129 0.703948 965.863 561.518 0.61779 955.896 627.116 0.637103 931.579 671.509 0.475899 0 0 0 0 0 0 1005.86 462.054 0.353019 0 0 0 0
0 111 123 0 0 0 991.184 487.167 0.62968 987.386 503.485 0.456914 984.964 559.462 0.263089 1011.3 565.842 0.455764 994.459 471.947 0.344012 1007.89 450.1 0.392826 1005.79 434.754 0.262161 966.737 575.205 0.669223 959.01 634.684 0.654736 943.204 685.048 0.735241 972.17 570.433 0.531744 962.623 633.529 0.535066 936.033 678.029 0.522354 0 0 0 0 0 0 1020.42 470.752 0.297643 0 0 0 0
0 111 124 0 0 0 1001.3 494.999 0.762736 1000.43 512.183 0.664186 996.713 568.479 0.334721 1021.61 578.098 0.1 1001.95 480.64 0.666839 1010.11 458.676 0.18653 1002.78 438.388 0.213948 978.266 580.422 0.590587 971.52 639.355 0.613344 957.154 688.053 0.665954 977.608 575.651 0.713051 967.41 636.953 0.782577 938.258 681.505 0.686446 0 0 0 0 0 0 1033.89 478.691 0.448805 1000.8 453.609 0.275236 0
0 111 125 0 0 0 1011.96 501.52 0.692582 1014.56 518.052 0.413677 1010.09 575.101 0.196008 1031.92 590.354 0.1 1010.42 486.732 0.580393 1012.33 467.253 0.1 0 0 0 990.224 582.601 0.536052 984.123 640.66 0.384646 971.274 690.881 0.457952 983.697 576.958 0.51404 972.191 638.253 0.521976 938.471 681.942 0.605179 0 0 0 0 0 0 1047.38 486.95 0.526351 1019.37 468.294 0.215939 0
0 111 126 0 0 0 1025.21 508.899 0.751226 1030.43 525.439 0.602829 1024.65 581.187 0.487871 1042.23 602.61 0.434365 1020.86 493.905 0.607983 1014.55 475.83 0.162218 0 0 0 1003.92 588.035 0.712138 998.473 646.092 0.718833 986.715 694.149 0.738759 991.967 580.657 0.517771 978.495 641.723 0.670067 939.553 683.247 0.502695 0 0 0 0 0 0 1060.43 495.426 0.613648 1036.96 483.278 0.101387 0
0 111 127 0 0 0 1039.13 517.594 0.616795 1046.95 533.912 0.361269 1039.89 592.186 0.140263 1058.53 661.286 0.0562 1032.6 502.601 0.556973 0 0 0 0 0 0 1018.05 595.214 0.524693 1013.92 652.397 0.59148 1002.39 697.417 0.598153 1001.75 586.313 0.622056 986.11 646.721 0.763084 941.278 684.341 0.765233 0 0 0 0 0 0 1075.2 504.354 0.358608 1052.59 493.07 0.104621 0
0 111 128 0 0 0 1052.83 528.036 0.604685 1061.53 544.791 0.34529 1055.14 603.185 0.187847 1054.58 667.188 0.0911117 1044.78 511.953 0.539789 0 0 0 0 0 0 1031.53 605.433 0.509241 1026.53 661.097 0.600217 1025.05 702.154 0.59562 1012.4 595.658 0.60762 997.198 655.423 0.760991 941.444 685.35 0.767415 0 0 0 0 0 0 1089.11 514.783 0.362341 1054.47 495.032 0.0964832 0
0 111 129 0 0 0 1066.63 537.603 0.543617 1071.54 555.011 0.315482 1070.38 614.184 0.1 0 0 0 1060.65 521.519 0.435334 0 0 0 0 0 0 1043.37 614.343 0.5795 1039.25 669.802 0.580017 1047.72 706.891 0.558591 1025.98 605.326 0.585817 1010.13 664.562 0.783084 941.61 686.359 0.718552 0 0 0 0 0 0 1102.48 523.799 0.358599 1068.22 506.638 0.0685844 0
0 111 130 0 0 0 1078.37 545.428 0.64622 1081.75 562.835 0.477032 1085.62 625.183 0.225182 1081.93 631.977 0.0826512 1073.91 529.996 0.589508 0 0 0 0 0 0 1054.25 622.602 0.582275 1053.16 677.849 0.614549 1070.38 711.628 0.176394 1038.37 613.807 0.623152 1023.61 673.258 0.717919 941.776 687.369 0.640424 0 0 0 0 0 0 1115.08 530.973 0.263911 0 0 0 0
0 111 131 0 0 0 1091.92 553.844 0.576887 1093.89 570.007 0.416287 1087.87 600.652 0.0561951 0 0 0 1087.7 539.457 0.512169 0 0 0 0 0 0 1066.2 633.622 0.59519 1064.29 689.043 0.623196 1093.04 716.365 0.108141 1050.81 624.713 0.55176 1033.15 684.418 0.678637 941.941 688.378 0.68161 0 0 0 0 0 0 1128.84 538.615 0.367085 1101.59 524.315 0.0896716 0
0 111 132 0 0 0 1105.46 562.259 0.407447 1106.02 577.179 0.353999 1103.5 626.097 0.0649813 0 0 0 1101.5 548.918 0.293536 0 0 0 0 0 0 1078.15 644.642 0.336765 1075.43 700.238 0.150259 0 0 0 1063.25 635.62 0.216589 1042.68 695.578 0.162308 0 0 0 0 0 0 0 0 0 1142.61 546.258 0.249283 0 0 0 0
0 111 133 0 0 0 1119.01 570.675 0.1 1118.15 584.351 0.1 0 0 0 0 0 0 1115.29 558.38 0.1 0 0 0 0 0 0 1090.1 655.663 0.1 1086.56 711.433 0.1 0 0 0 1075.69 646.527 0.1 1052.22 706.739 0.1 0 0 0 0 0 0 0 0 0 1156.37 553.901 0.1 0 0 0 127
0 111 134 0 0 0 1132.55 579.09 0.352411 1130.28 591.523 0.306665 1111.31 620.246 0.0584156 0 0 0 1129.09 567.841 0.284722 0 0 0 0 0 0 1102.05 666.683 0.290344 1097.69 722.628 0.164435 0 0 0 1088.14 657.433 0.162614 1061.76 717.899 0.10827 0 0 0 0 0 0 0 0 0 1170.13 561.544 0.168347 0 0 0 0
0 111 135 0 0 0 0 0 0 0 0 0 0 0 0 0 0 0 0 0 0 0 0 0 0 0 0 0 0 0 0 0 0 0 0 0 0 0 0 0 0 0 0 0 0 0 0 0 0 0 0 0 0 0 0 0 0 127
0 111 136 0 0 0 0 0 0 0 0 0 0 0 0 0 0 0 0 0 0 0 0 0 0 0 0 0 0 0 0 0 0 0 0 0 0 0 0 0 0 0 0 0 0 0 0 0 0 0 0 0 0 0 0 0 0 127
0 111 137 0 0 0 0 0 0 0 0 0 0 0 0 0 0 0 0 0 0 0 0 0 0 0 0 0 0 0 0 0 0 0 0 0 0 0 0 0 0 0 0 0 0 0 0 0 0 0 0 0 0 0 0 0 0 127
0 111 138 0 0 0 0 0 0 0 0 0 0 0 0 0 0 0 0 0 0 0 0 0 0 0 0 0 0 0 0 0 0 0 0 0 0 0 0 0 0 0 0 0 0 0 0 0 0 0 0 0 0 0 0 0 0 127
0 111 139 0 0 0 0 0 0 0 0 0 0 0 0 0 0 0 0 0 0 0 0 0 0 0 0 0 0 0 0 0 0 0 0 0 0 0 0 0 0 0 0 0 0 0 0 0 0 0 0 0 0 0 0 0 0 127
0 111 140 0 0 0 0 0 0 0 0 0 0 0 0 0 0 0 0 0 0 0 0 0 0 0 0 0 0 0 0 0 0 0 0 0 0 0 0 0 0 0 0 0 0 0 0 0 0 0 0 0 0 0 0 0 0 127
0 111 141 0 0 0 0 0 0 0 0 0 0 0 0 0 0 0 0 0 0 0 0 0 0 0 0 0 0 0 0 0 0 0 0 0 0 0 0 0 0 0 0 0 0 0 0 0 0 0 0 0 0 0 0 0 0 127
0 111 142 0 0 0 0 0 0 0 0 0 0 0 0 0 0 0 0 0 0 0 0 0 0 0 0 0 0 0 0 0 0 0 0 0 0 0 0 0 0 0 0 0 0 0 0 0 0 0 0 0 0 0 0 0 0 127
0 111 143 0 0 0 0 0 0 0 0 0 0 0 0 0 0 0 0 0 0 0 0 0 0 0 0 0 0 0 0 0 0 0 0 0 0 0 0 0 0 0 0 0 0 0 0 0 0 0 0 0 0 0 0 0 0 127
0 111 144 0 0 0 0 0 0 0 0 0 0 0 0 0 0 0 0 0 0 0 0 0 0 0 0 0 0 0 0 0 0 0 0 0 0 0 0 0 0 0 0 0 0 0 0 0 0 0 0 0 0 0 0 0 0 127
0 111 145 0 0 0 0 0 0 0 0 0 0 0 0 0 0 0 0 0 0 0 0 0 0 0 0 0 0 0 0 0 0 0 0 0 0 0 0 0 0 0 0 0 0 0 0 0 0 0 0 0 0 0 0 0 0 127
0 111 146 0 0 0 0 0 0 0 0 0 0 0 0 0 0 0 0 0 0 0 0 0 0 0 0 0 0 0 0 0 0 0 0 0 0 0 0 0 0 0 0 0 0 0 0 0 0 0 0 0 0 0 0 0 0 127
0 111 147 0 0 0 0 0 0 0 0 0 0 0 0 0 0 0 0 0 0 0 0 0 0 0 0 0 0 0 0 0 0 0 0 0 0 0 0 0 0 0 0 0 0 0 0 0 0 0 0 0 0 0 0 0 0 127
0 111 148 0 0 0 0 0 0 0 0 0 0 0 0 0 0 0 0 0 0 0 0 0 0 0 0 0 0 0 0 0 0 0 0 0 0 0 0 0 0 0 0 0 0 0 0 0 0 0 0 0 0 0 0 0 0 127
0 111 149 0 0 0 0 0 0 0 0 0 0 0 0 0 0 0 0 0 0 0 0 0 0 0 0 0 0 0 0 0 0 0 0 0 0 0 0 0 0 0 0 0 0 0 0 0 0 0 0 0 0 0 0 0 0 127
0 111 150 0 0 0 0 0 0 0 0 0 0 0 0 0 0 0 0 0 0 0 0 0 0 0 0 0 0 0 0 0 0 0 0 0 0 0 0 0 0 0 0 0 0 0 0 0 0 0 0 0 0 0 0 0 0 127
0 111 151 0 0 0 0 0 0 0 0 0 0 0 0 0 0 0 0 0 0 0 0 0 0 0 0 0 0 0 0 0 0 0 0 0 0 0 0 0 0 0 0 0 0 0 0 0 0 0 0 0 0 0 0 0 0 127
0 111 152 0 0 0 0 0 0 0 0 0 0 0 0 0 0 0 0 0 0 0 0 0 0 0 0 0 0 0 0 0 0 0 0 0 0 0 0 0 0 0 0 0 0 0 0 0 0 0 0 0 0 0 0 0 0 127
0 111 153 0 0 0 0 0 0 0 0 0 0 0 0 0 0 0 0 0 0 0 0 0 0 0 0 0 0 0 0 0 0 0 0 0 0 0 0 0 0 0 0 0 0 0 0 0 0 0 0 0 0 0 0 0 0 127
0 111 154 0 0 0 0 0 0 0 0 0 0 0 0 0 0 0 0 0 0 0 0 0 0 0 0 0 0 0 0 0 0 0 0 0 0 0 0 0 0 0 0 0 0 0 0 0 0 0 0 0 0 0 0 0 0 127
0 111 155 0 0 0 0 0 0 0 0 0 0 0 0 0 0 0 0 0 0 0 0 0 0 0 0 0 0 0 0 0 0 0 0 0 0 0 0 0 0 0 0 0 0 0 0 0 0 0 0 0 0 0 0 0 0 127
0 111 156 0 0 0 0 0 0 0 0 0 0 0 0 0 0 0 0 0 0 0 0 0 0 0 0 0 0 0 0 0 0 0 0 0 0 0 0 0 0 0 0 0 0 0 0 0 0 0 0 0 0 0 0 0 0 127
0 111 157 0 0 0 0 0 0 0 0 0 0 0 0 0 0 0 0 0 0 0 0 0 0 0 0 0 0 0 0 0 0 0 0 0 0 0 0 0 0 0 0 0 0 0 0 0 0 0 0 0 0 0 0 0 0 127
0 111 158 0 0 0 0 0 0 0 0 0 0 0 0 0 0 0 0 0 0 0 0 0 0 0 0 0 0 0 0 0 0 0 0 0 0 0 0 0 0 0 0 0 0 0 0 0 0 0 0 0 0 0 0 0 0 127
0 111 159 0 0 0 0 0 0 0 0 0 0 0 0 0 0 0 0 0 0 0 0 0 0 0 0 0 0 0 0 0 0 0 0 0 0 0 0 0 0 0 0 0 0 0 0 0 0 0 0 0 0 0 0 0 0 127
0 111 160 0 0 0 0 0 0 0 0 0 0 0 0 0 0 0 0 0 0 0 0 0 0 0 0 0 0 0 0 0 0 0 0 0 0 0 0 0 0 0 0 0 0 0 0 0 0 0 0 0 0 0 0 0 0 127
0 111 161 0 0 0 0 0 0 0 0 0 0 0 0 0 0 0 0 0 0 0 0 0 0 0 0 0 0 0 0 0 0 0 0 0 0 0 0 0 0 0 0 0 0 0 0 0 0 0 0 0 0 0 0 0 0 127
0 111 162 0 0 0 0 0 0 0 0 0 0 0 0 0 0 0 0 0 0 0 0 0 0 0 0 0 0 0 0 0 0 0 0 0 0 0 0 0 0 0 0 0 0 0 0 0 0 0 0 0 0 0 0 0 0 127
0 111 163 0 0 0 0 0 0 0 0 0 0 0 0 0 0 0 0 0 0 0 0 0 0 0 0 0 0 0 0 0 0 0 0 0 0 0 0 0 0 0 0 0 0 0 0 0 0 0 0 0 0 0 0 0 0 127
0 111 164 0 0 0 0 0 0 0 0 0 0 0 0 0 0 0 0 0 0 0 0 0 0 0 0 0 0 0 0 0 0 0 0 0 0 0 0 0 0 0 0 0 0 0 0 0 0 0 0 0 0 0 0 0 0 127
0 111 165 0 0 0 0 0 0 0 0 0 0 0 0 0 0 0 0 0 0 0 0 0 0 0 0 0 0 0 0 0 0 0 0 0 0 0 0 0 0 0 0 0 0 0 0 0 0 0 0 0 0 0 0 0 0 127
0 111 166 0 0 0 0 0 0 0 0 0 0 0 0 0 0 0 0 0 0 0 0 0 0 0 0 0 0 0 0 0 0 0 0 0 0 0 0 0 0 0 0 0 0 0 0 0 0 0 0 0 0 0 0 0 0 127
0 111 167 0 0 0 0 0 0 0 0 0 0 0 0 0 0 0 0 0 0 0 0 0 0 0 0 0 0 0 0 0 0 0 0 0 0 0 0 0 0 0 0 0 0 0 0 0 0 0 0 0 0 0 0 0 0 127
0 111 168 0 0 0 0 0 0 0 0 0 0 0 0 0 0 0 0 0 0 0 0 0 0 0 0 0 0 0 0 0 0 0 0 0 0 0 0 0 0 0 0 0 0 0 0 0 0 0 0 0 0 0 0 0 0 127
0 111 169 0 0 0 0 0 0 0 0 0 0 0 0 0 0 0 0 0 0 0 0 0 0 0 0 0 0 0 0 0 0 0 0 0 0 0 0 0 0 0 0 0 0 0 0 0 0 0 0 0 0 0 0 0 0 127
0 111 170 0 0 0 0 0 0 0 0 0 0 0 0 0 0 0 0 0 0 0 0 0 0 0 0 0 0 0 0 0 0 0 0 0 0 0 0 0 0 0 0 0 0 0 0 0 0 0 0 0 0 0 0 0 0 127
0 111 171 0 0 0 0 0 0 0 0 0 0 0 0 0 0 0 0 0 0 0 0 0 0 0 0 0 0 0 0 0 0 0 0 0 0 0 0 0 0 0 0 0 0 0 0 0 0 0 0 0 0 0 0 0 0 127
0 111 172 0 0 0 0 0 0 0 0 0 0 0 0 0 0 0 0 0 0 0 0 0 0 0 0 0 0 0 0 0 0 0 0 0 0 0 0 0 0 0 0 0 0 0 0 0 0 0 0 0 0 0 0 0 0 127
0 111 173 0 0 0 0 0 0 0 0 0 0 0 0 0 0 0 0 0 0 0 0 0 0 0 0 0 0 0 0 0 0 0 0 0 0 0 0 0 0 0 0 0 0 0 0 0 0 0 0 0 0 0 0 0 0 127
0 111 174 0 0 0 0 0 0 0 0 0 0 0 0 0 0 0 0 0 0 0 0 0 0 0 0 0 0 0 0 0 0 0 0 0 0 0 0 0 0 0 0 0 0 0 0 0 0 0 0 0 0 0 0 0 0 127
0 111 175 0 0 0 0 0 0 0 0 0 0 0 0 0 0 0 0 0 0 0 0 0 0 0 0 0 0 0 0 0 0 0 0 0 0 0 0 0 0 0 0 0 0 0 0 0 0 0 0 0 0 0 0 0 0 127
0 111 176 0 0 0 0 0 0 0 0 0 0 0 0 0 0 0 0 0 0 0 0 0 0 0 0 0 0 0 0 0 0 0 0 0 0 0 0 0 0 0 0 0 0 0 0 0 0 0 0 0 0 0 0 0 0 127
0 111 177 0 0 0 0 0 0 0 0 0 0 0 0 0 0 0 0 0 0 0 0 0 0 0 0 0 0 0 0 0 0 0 0 0 0 0 0 0 0 0 0 0 0 0 0 0 0 0 0 0 0 0 0 0 0 127
0 111 178 0 0 0 0 0 0 0 0 0 0 0 0 0 0 0 0 0 0 0 0 0 0 0 0 0 0 0 0 0 0 0 0 0 0 0 0 0 0 0 0 0 0 0 0 0 0 0 0 0 0 0 0 0 0 127
0 111 179 0 0 0 0 0 0 0 0 0 0 0 0 0 0 0 0 0 0 0 0 0 0 0 0 0 0 0 0 0 0 0 0 0 0 0 0 0 0 0 0 0 0 0 0 0 0 0 0 0 0 0 0 0 0 127
0 111 180 0 0 0 0 0 0 0 0 0 0 0 0 0 0 0 0 0 0 0 0 0 0 0 0 0 0 0 0 0 0 0 0 0 0 0 0 0 0 0 0 0 0 0 0 0 0 0 0 0 0 0 0 0 0 127
0 111 181 0 0 0 0 0 0 0 0 0 0 0 0 0 0 0 0 0 0 0 0 0 0 0 0 0 0 0 0 0 0 0 0 0 0 0 0 0 0 0 0 0 0 0 0 0 0 0 0 0 0 0 0 0 0 127
0 111 182 0 0 0 0 0 0 0 0 0 0 0 0 0 0 0 0 0 0 0 0 0 0 0 0 0 0 0 0 0 0 0 0 0 0 0 0 0 0 0 0 0 0 0 0 0 0 0 0 0 0 0 0 0 0 127
0 111 183 0 0 0 0 0 0 0 0 0 0 0 0 0 0 0 0 0 0 0 0 0 0 0 0 0 0 0 0 0 0 0 0 0 0 0 0 0 0 0 0 0 0 0 0 0 0 0 0 0 0 0 0 0 0 127
0 111 184 0 0 0 0 0 0 0 0 0 0 0 0 0 0 0 0 0 0 0 0 0 0 0 0 0 0 0 0 0 0 0 0 0 0 0 0 0 0 0 0 0 0 0 0 0 0 0 0 0 0 0 0 0 0 127
0 111 185 0 0 0 0 0 0 0 0 0 0 0 0 0 0 0 0 0 0 0 0 0 0 0 0 0 0 0 0 0 0 0 0 0 0 0 0 0 0 0 0 0 0 0 0 0 0 0 0 0 0 0 0 0 0 127
0 111 186 0 0 0 0 0 0 0 0 0 0 0 0 0 0 0 0 0 0 0 0 0 0 0 0 0 0 0 0 0 0 0 0 0 0 0 0 0 0 0 0 0 0 0 0 0 0 0 0 0 0 0 0 0 0 127
0 111 187 0 0 0 0 0 0 0 0 0 0 0 0 0 0 0 0 0 0 0 0 0 0 0 0 0 0 0 0 0 0 0 0 0 0 0 0 0 0 0 0 0 0 0 0 0 0 0 0 0 0 0 0 0 0 127
0 111 188 0 0 0 0 0 0 0 0 0 0 0 0 0 0 0 0 0 0 0 0 0 0 0 0 0 0 0 0 0 0 0 0 0 0 0 0 0 0 0 0 0 0 0 0 0 0 0 0 0 0 0 0 0 0 127
0 111 189 0 0 0 0 0 0 0 0 0 0 0 0 0 0 0 0 0 0 0 0 0 0 0 0 0 0 0 0 0 0 0 0 0 0 0 0 0 0 0 0 0 0 0 0 0 0 0 0 0 0 0 0 0 0 127
0 111 190 0 0 0 0 0 0 0 0 0 0 0 0 0 0 0 0 0 0 0 0 0 0 0 0 0 0 0 0 0 0 0 0 0 0 0 0 0 0 0 0 0 0 0 0 0 0 0 0 0 0 0 0 0 0 127
0 111 191 0 0 0 0 0 0 0 0 0 0 0 0 0 0 0 0 0 0 0 0 0 0 0 0 0 0 0 0 0 0 0 0 0 0 0 0 0 0 0 0 0 0 0 0 0 0 0 0 0 0 0 0 0 0 127
0 111 192 0 0 0 0 0 0 0 0 0 0 0 0 0 0 0 0 0 0 0 0 0 0 0 0 0 0 0 0 0 0 0 0 0 0 0 0 0 0 0 0 0 0 0 0 0 0 0 0 0 0 0 0 0 0 127
0 111 193 0 0 0 0 0 0 0 0 0 0 0 0 0 0 0 0 0 0 0 0 0 0 0 0 0 0 0 0 0 0 0 0 0 0 0 0 0 0 0 0 0 0 0 0 0 0 0 0 0 0 0 0 0 0 127
0 111 194 0 0 0 0 0 0 0 0 0 0 0 0 0 0 0 0 0 0 0 0 0 0 0 0 0 0 0 0 0 0 0 0 0 0 0 0 0 0 0 0 0 0 0 0 0 0 0 0 0 0 0 0 0 0 127
0 111 195 0 0 0 0 0 0 0 0 0 0 0 0 0 0 0 0 0 0 0 0 0 0 0 0 0 0 0 0 0 0 0 0 0 0 0 0 0 0 0 0 0 0 0 0 0 0 0 0 0 0 0 0 0 0 127
0 111 196 0 0 0 0 0 0 0 0 0 0 0 0 0 0 0 0 0 0 0 0 0 0 0 0 0 0 0 0 0 0 0 0 0 0 0 0 0 0 0 0 0 0 0 0 0 0 0 0 0 0 0 0 0 0 127
0 111 197 0 0 0 0 0 0 0 0 0 0 0 0 0 0 0 0 0 0 0 0 0 0 0 0 0 0 0 0 0 0 0 0 0 0 0 0 0 0 0 0 0 0 0 0 0 0 0 0 0 0 0 0 0 0 127
0 111 198 0 0 0 0 0 0 0 0 0 0 0 0 0 0 0 0 0 0 0 0 0 0 0 0 0 0 0 0 0 0 0 0 0 0 0 0 0 0 0 0 0 0 0 0 0 0 0 0 0 0 0 0 0 0 127
0 111 199 0 0 0 0 0 0 0 0 0 0 0 0 0 0 0 0 0 0 0 0 0 0 0 0 0 0 0 0 0 0 0 0 0 0 0 0 0 0 0 0 0 0 0 0 0 0 0 0 0 0 0 0 0 0 127
0 111 200 0 0 0 0 0 0 0 0 0 0 0 0 0 0 0 0 0 0 0 0 0 0 0 0 0 0 0 0 0 0 0 0 0 0 0 0 0 0 0 0 0 0 0 0 0 0 0 0 0 0 0 0 0 0 127
0 111 201 0 0 0 0 0 0 0 0 0 0 0 0 0 0 0 0 0 0 0 0 0 0 0 0 0 0 0 0 0 0 0 0 0 0 0 0 0 0 0 0 0 0 0 0 0 0 0 0 0 0 0 0 0 0 127
0 111 202 0 0 0 0 0 0 0 0 0 0 0 0 0 0 0 0 0 0 0 0 0 0 0 0 0 0 0 0 0 0 0 0 0 0 0 0 0 0 0 0 0 0 0 0 0 0 0 0 0 0 0 0 0 0 127
0 111 203 0 0 0 0 0 0 0 0 0 0 0 0 0 0 0 0 0 0 0 0 0 0 0 0 0 0 0 0 0 0 0 0 0 0 0 0 0 0 0 0 0 0 0 0 0 0 0 0 0 0 0 0 0 0 127
0 111 204 0 0 0 0 0 0 0 0 0 0 0 0 0 0 0 0 0 0 0 0 0 0 0 0 0 0 0 0 0 0 0 0 0 0 0 0 0 0 0 0 0 0 0 0 0 0 0 0 0 0 0 0 0 0 127
0 111 205 0 0 0 0 0 0 0 0 0 0 0 0 0 0 0 0 0 0 0 0 0 0 0 0 0 0 0 0 0 0 0 0 0 0 0 0 0 0 0 0 0 0 0 0 0 0 0 0 0 0 0 0 0 0 127
0 111 206 0 0 0 0 0 0 0 0 0 0 0 0 0 0 0 0 0 0 0 0 0 0 0 0 0 0 0 0 0 0 0 0 0 0 0 0 0 0 0 0 0 0 0 0 0 0 0 0 0 0 0 0 0 0 127
0 111 207 0 0 0 0 0 0 0 0 0 0 0 0 0 0 0 0 0 0 0 0 0 0 0 0 0 0 0 0 0 0 0 0 0 0 0 0 0 0 0 0 0 0 0 0 0 0 0 0 0 0 0 0 0 0 127
0 111 208 0 0 0 0 0 0 0 0 0 0 0 0 0 0 0 0 0 0 0 0 0 0 0 0 0 0 0 0 0 0 0 0 0 0 0 0 0 0 0 0 0 0 0 0 0 0 0 0 0 0 0 0 0 0 127
0 111 209 0 0 0 0 0 0 0 0 0 0 0 0 0 0 0 0 0 0 0 0 0 0 0 0 0 0 0 0 0 0 0 0 0 0 0 0 0 0 0 0 0 0 0 0 0 0 0 0 0 0 0 0 0 0 127
0 111 210 0 0 0 0 0 0 0 0 0 0 0 0 0 0 0 0 0 0 0 0 0 0 0 0 0 0 0 0 0 0 0 0 0 0 0 0 0 0 0 0 0 0 0 0 0 0 0 0 0 0 0 0 0 0 127
0 111 211 0 0 0 0 0 0 0 0 0 0 0 0 0 0 0 0 0 0 0 0 0 0 0 0 0 0 0 0 0 0 0 0 0 0 0 0 0 0 0 0 0 0 0 0 0 0 0 0 0 0 0 0 0 0 127
0 111 212 0 0 0 0 0 0 0 0 0 0 0 0 0 0 0 0 0 0 0 0 0 0 0 0 0 0 0 0 0 0 0 0 0 0 0 0 0 0 0 0 0 0 0 0 0 0 0 0 0 0 0 0 0 0 127
0 111 213 0 0 0 0 0 0 0 0 0 0 0 0 0 0 0 0 0 0 0 0 0 0 0 0 0 0 0 0 0 0 0 0 0 0 0 0 0 0 0 0 0 0 0 0 0 0 0 0 0 0 0 0 0 0 127
0 111 214 0 0 0 0 0 0 0 0 0 0 0 0 0 0 0 0 0 0 0 0 0 0 0 0 0 0 0 0 0 0 0 0 0 0 0 0 0 0 0 0 0 0 0 0 0 0 0 0 0 0 0 0 0 0 127
0 111 215 0 0 0 0 0 0 0 0 0 0 0 0 0 0 0 0 0 0 0 0 0 0 0 0 0 0 0 0 0 0 0 0 0 0 0 0 0 0 0 0 0 0 0 0 0 0 0 0 0 0 0 0 0 0 127
0 111 216 0 0 0 0 0 0 0 0 0 0 0 0 0 0 0 0 0 0 0 0 0 0 0 0 0 0 0 0 0 0 0 0 0 0 0 0 0 0 0 0 0 0 0 0 0 0 0 0 0 0 0 0 0 0 127
0 111 217 0 0 0 0 0 0 0 0 0 0 0 0 0 0 0 0 0 0 0 0 0 0 0 0 0 0 0 0 0 0 0 0 0 0 0 0 0 0 0 0 0 0 0 0 0 0 0 0 0 0 0 0 0 0 127
0 111 218 0 0 0 0 0 0 0 0 0 0 0 0 0 0 0 0 0 0 0 0 0 0 0 0 0 0 0 0 0 0 0 0 0 0 0 0 0 0 0 0 0 0 0 0 0 0 0 0 0 0 0 0 0 0 127
0 111 219 0 0 0 0 0 0 0 0 0 0 0 0 0 0 0 0 0 0 0 0 0 0 0 0 0 0 0 0 0 0 0 0 0 0 0 0 0 0 0 0 0 0 0 0 0 0 0 0 0 0 0 0 0 0 127
0 111 220 0 0 0 0 0 0 0 0 0 0 0 0 0 0 0 0 0 0 0 0 0 0 0 0 0 0 0 0 0 0 0 0 0 0 0 0 0 0 0 0 0 0 0 0 0 0 0 0 0 0 0 0 0 0 127
0 111 221 0 0 0 0 0 0 0 0 0 0 0 0 0 0 0 0 0 0 0 0 0 0 0 0 0 0 0 0 0 0 0 0 0 0 0 0 0 0 0 0 0 0 0 0 0 0 0 0 0 0 0 0 0 0 127
0 111 222 0 0 0 0 0 0 0 0 0 0 0 0 0 0 0 0 0 0 0 0 0 0 0 0 0 0 0 0 0 0 0 0 0 0 0 0 0 0 0 0 0 0 0 0 0 0 0 0 0 0 0 0 0 0 127
0 111 223 0 0 0 0 0 0 0 0 0 0 0 0 0 0 0 0 0 0 0 0 0 0 0 0 0 0 0 0 0 0 0 0 0 0 0 0 0 0 0 0 0 0 0 0 0 0 0 0 0 0 0 0 0 0 127
0 111 224 0 0 0 0 0 0 0 0 0 0 0 0 0 0 0 0 0 0 0 0 0 0 0 0 0 0 0 0 0 0 0 0 0 0 0 0 0 0 0 0 0 0 0 0 0 0 0 0 0 0 0 0 0 0 127
0 111 225 0 0 0 0 0 0 0 0 0 0 0 0 0 0 0 0 0 0 0 0 0 0 0 0 0 0 0 0 0 0 0 0 0 0 0 0 0 0 0 0 0 0 0 0 0 0 0 0 0 0 0 0 0 0 127
0 111 226 0 0 0 0 0 0 0 0 0 0 0 0 0 0 0 0 0 0 0 0 0 0 0 0 0 0 0 0 0 0 0 0 0 0 0 0 0 0 0 0 0 0 0 0 0 0 0 0 0 0 0 0 0 0 127
0 111 227 0 0 0 0 0 0 0 0 0 0 0 0 0 0 0 0 0 0 0 0 0 0 0 0 0 0 0 0 0 0 0 0 0 0 0 0 0 0 0 0 0 0 0 0 0 0 0 0 0 0 0 0 0 0 127
0 111 228 0 0 0 0 0 0 0 0 0 0 0 0 0 0 0 0 0 0 0 0 0 0 0 0 0 0 0 0 0 0 0 0 0 0 0 0 0 0 0 0 0 0 0 0 0 0 0 0 0 0 0 0 0 0 127
0 111 229 0 0 0 0 0 0 0 0 0 0 0 0 0 0 0 0 0 0 0 0 0 0 0 0 0 0 0 0 0 0 0 0 0 0 0 0 0 0 0 0 0 0 0 0 0 0 0 0 0 0 0 0 0 0 127
0 111 230 0 0 0 0 0 0 0 0 0 0 0 0 0 0 0 0 0 0 0 0 0 0 0 0 0 0 0 0 0 0 0 0 0 0 0 0 0 0 0 0 0 0 0 0 0 0 0 0 0 0 0 0 0 0 127
0 111 231 0 0 0 0 0 0 0 0 0 0 0 0 0 0 0 0 0 0 0 0 0 0 0 0 0 0 0 0 0 0 0 0 0 0 0 0 0 0 0 0 0 0 0 0 0 0 0 0 0 0 0 0 0 0 127
0 111 232 0 0 0 0 0 0 0 0 0 0 0 0 0 0 0 0 0 0 0 0 0 0 0 0 0 0 0 0 0 0 0 0 0 0 0 0 0 0 0 0 0 0 0 0 0 0 0 0 0 0 0 0 0 0 127
0 111 233 0 0 0 0 0 0 0 0 0 0 0 0 0 0 0 0 0 0 0 0 0 0 0 0 0 0 0 0 0 0 0 0 0 0 0 0 0 0 0 0 0 0 0 0 0 0 0 0 0 0 0 0 0 0 127
0 111 234 0 0 0 0 0 0 0 0 0 0 0 0 0 0 0 0 0 0 0 0 0 0 0 0 0 0 0 0 0 0 0 0 0 0 0 0 0 0 0 0 0 0 0 0 0 0 0 0 0 0 0 0 0 0 127
0 111 235 0 0 0 0 0 0 0 0 0 0 0 0 0 0 0 0 0 0 0 0 0 0 0 0 0 0 0 0 0 0 0 0 0 0 0 0 0 0 0 0 0 0 0 0 0 0 0 0 0 0 0 0 0 0 127
0 111 236 0 0 0 0 0 0 0 0 0 0 0 0 0 0 0 0 0 0 0 0 0 0 0 0 0 0 0 0 0 0 0 0 0 0 0 0 0 0 0 0 0 0 0 0 0 0 0 0 0 0 0 0 0 0 127
0 111 237 0 0 0 0 0 0 0 0 0 0 0 0 0 0 0 0 0 0 0 0 0 0 0 0 0 0 0 0 0 0 0 0 0 0 0 0 0 0 0 0 0 0 0 0 0 0 0 0 0 0 0 0 0 0 127
0 111 238 0 0 0 0 0 0 0 0 0 0 0 0 0 0 0 0 0 0 0 0 0 0 0 0 0 0 0 0 0 0 0 0 0 0 0 0 0 0 0 0 0 0 0 0 0 0 0 0 0 0 0 0 0 0 127
0 111 239 0 0 0 0 0 0 0 0 0 0 0 0 0 0 0 0 0 0 0 0 0 0 0 0 0 0 0 0 0 0 0 0 0 0 0 0 0 0 0 0 0 0 0 0 0 0 0 0 0 0 0 0 0 0 127
0 111 240 0 0 0 0 0 0 0 0 0 0 0 0 0 0 0 0 0 0 0 0 0 0 0 0 0 0 0 0 0 0 0 0 0 0 0 0 0 0 0 0 0 0 0 0 0 0 0 0 0 0 0 0 0 0 127
0 111 241 0 0 0 0 0 0 0 0 0 0 0 0 0 0 0 0 0 0 0 0 0 0 0 0 0 0 0 0 0 0 0 0 0 0 0 0 0 0 0 0 0 0 0 0 0 0 0 0 0 0 0 0 0 0 127
0 111 242 0 0 0 0 0 0 0 0 0 0 0 0 0 0 0 0 0 0 0 0 0 0 0 0 0 0 0 0 0 0 0 0 0 0 0 0 0 0 0 0 0 0 0 0 0 0 0 0 0 0 0 0 0 0 127
0 111 243 0 0 0 0 0 0 0 0 0 0 0 0 0 0 0 0 0 0 0 0 0 0 0 0 0 0 0 0 0 0 0 0 0 0 0 0 0 0 0 0 0 0 0 0 0 0 0 0 0 0 0 0 0 0 127
0 111 244 0 0 0 0 0 0 0 0 0 0 0 0 0 0 0 0 0 0 0 0 0 0 0 0 0 0 0 0 0 0 0 0 0 0 0 0 0 0 0 0 0 0 0 0 0 0 0 0 0 0 0 0 0 0 127
0 111 245 0 0 0 0 0 0 0 0 0 0 0 0 0 0 0 0 0 0 0 0 0 0 0 0 0 0 0 0 0 0 0 0 0 0 0 0 0 0 0 0 0 0 0 0 0 0 0 0 0 0 0 0 0 0 127
0 111 246 0 0 0 0 0 0 0 0 0 0 0 0 0 0 0 0 0 0 0 0 0 0 0 0 0 0 0 0 0 0 0 0 0 0 0 0 0 0 0 0 0 0 0 0 0 0 0 0 0 0 0 0 0 0 127
0 111 247 0 0 0 0 0 0 0 0 0 0 0 0 0 0 0 0 0 0 0 0 0 0 0 0 0 0 0 0 0 0 0 0 0 0 0 0 0 0 0 0 0 0 0 0 0 0 0 0 0 0 0 0 0 0 127
0 111 248 0 0 0 0 0 0 0 0 0 0 0 0 0 0 0 0 0 0 0 0 0 0 0 0 0 0 0 0 0 0 0 0 0 0 0 0 0 0 0 0 0 0 0 0 0 0 0 0 0 0 0 0 0 0 127
0 111 249 0 0 0 0 0 0 0 0 0 0 0 0 0 0 0 0 0 0 0 0 0 0 0 0 0 0 0 0 0 0 0 0 0 0 0 0 0 0 0 0 0 0 0 0 0 0 0 0 0 0 0 0 0 0 127
0 111 250 0 0 0 0 0 0 0 0 0 0 0 0 0 0 0 0 0 0 0 0 0 0 0 0 0 0 0 0 0 0 0 0 0 0 0 0 0 0 0 0 0 0 0 0 0 0 0 0 0 0 0 0 0 0 127
0 111 251 0 0 0 0 0 0 0 0 0 0 0 0 0 0 0 0 0 0 0 0 0 0 0 0 0 0 0 0 0 0 0 0 0 0 0 0 0 0 0 0 0 0 0 0 0 0 0 0 0 0 0 0 0 0 127
0 111 252 0 0 0 0 0 0 0 0 0 0 0 0 0 0 0 0 0 0 0 0 0 0 0 0 0 0 0 0 0 0 0 0 0 0 0 0 0 0 0 0 0 0 0 0 0 0 0 0 0 0 0 0 0 0 127
0 111 253 0 0 0 0 0 0 0 0 0 0 0 0 0 0 0 0 0 0 0 0 0 0 0 0 0 0 0 0 0 0 0 0 0 0 0 0 0 0 0 0 0 0 0 0 0 0 0 0 0 0 0 0 0 0 127
0 111 254 0 0 0 0 0 0 0 0 0 0 0 0 0 0 0 0 0 0 0 0 0 0 0 0 0 0 0 0 0 0 0 0 0 0 0 0 0 0 0 0 0 0 0 0 0 0 0 0 0 0 0 0 0 0 127
0 111 255 0 0 0 0 0 0 0 0 0 0 0 0 0 0 0 0 0 0 0 0 0 0 0 0 0 0 0 0 0 0 0 0 0 0 0 0 0 0 0 0 0 0 0 0 0 0 0 0 0 0 0 0 0 0 127
0 111 256 0 0 0 0 0 0 0 0 0 0 0 0 0 0 0 0 0 0 0 0 0 0 0 0 0 0 0 0 0 0 0 0 0 0 0 0 0 0 0 0 0 0 0 0 0 0 0 0 0 0 0 0 0 0 127
0 111 257 0 0 0 0 0 0 0 0 0 0 0 0 0 0 0 0 0 0 0 0 0 0 0 0 0 0 0 0 0 0 0 0 0 0 0 0 0 0 0 0 0 0 0 0 0 0 0 0 0 0 0 0 0 0 127
0 111 258 0 0 0 0 0 0 0 0 0 0 0 0 0 0 0 0 0 0 0 0 0 0 0 0 0 0 0 0 0 0 0 0 0 0 0 0 0 0 0 0 0 0 0 0 0 0 0 0 0 0 0 0 0 0 127
0 111 259 0 0 0 0 0 0 0 0 0 0 0 0 0 0 0 0 0 0 0 0 0 0 0 0 0 0 0 0 0 0 0 0 0 0 0 0 0 0 0 0 0 0 0 0 0 0 0 0 0 0 0 0 0 0 127
0 111 260 0 0 0 0 0 0 0 0 0 0 0 0 0 0 0 0 0 0 0 0 0 0 0 0 0 0 0 0 0 0 0 0 0 0 0 0 0 0 0 0 0 0 0 0 0 0 0 0 0 0 0 0 0 0 127
0 111 261 0 0 0 0 0 0 0 0 0 0 0 0 0 0 0 0 0 0 0 0 0 0 0 0 0 0 0 0 0 0 0 0 0 0 0 0 0 0 0 0 0 0 0 0 0 0 0 0 0 0 0 0 0 0 127
0 111 262 0 0 0 0 0 0 0 0 0 0 0 0 0 0 0 0 0 0 0 0 0 0 0 0 0 0 0 0 0 0 0 0 0 0 0 0 0 0 0 0 0 0 0 0 0 0 0 0 0 0 0 0 0 0 127
0 111 263 0 0 0 0 0 0 0 0 0 0 0 0 0 0 0 0 0 0 0 0 0 0 0 0 0 0 0 0 0 0 0 0 0 0 0 0 0 0 0 0 0 0 0 0 0 0 0 0 0 0 0 0 0 0 127
0 111 264 0 0 0 0 0 0 0 0 0 0 0 0 0 0 0 0 0 0 0 0 0 0 0 0 0 0 0 0 0 0 0 0 0 0 0 0 0 0 0 0 0 0 0 0 0 0 0 0 0 0 0 0 0 0 127
0 111 265 0 0 0 0 0 0 0 0 0 0 0 0 0 0 0 0 0 0 0 0 0 0 0 0 0 0 0 0 0 0 0 0 0 0 0 0 0 0 0 0 0 0 0 0 0 0 0 0 0 0 0 0 0 0 127
0 111 266 0 0 0 0 0 0 0 0 0 0 0 0 0 0 0 0 0 0 0 0 0 0 0 0 0 0 0 0 0 0 0 0 0 0 0 0 0 0 0 0 0 0 0 0 0 0 0 0 0 0 0 0 0 0 127
0 111 267 0 0 0 0 0 0 0 0 0 0 0 0 0 0 0 0 0 0 0 0 0 0 0 0 0 0 0 0 0 0 0 0 0 0 0 0 0 0 0 0 0 0 0 0 0 0 0 0 0 0 0 0 0 0 127
0 111 268 0 0 0 0 0 0 0 0 0 0 0 0 0 0 0 0 0 0 0 0 0 0 0 0 0 0 0 0 0 0 0 0 0 0 0 0 0 0 0 0 0 0 0 0 0 0 0 0 0 0 0 0 0 0 127
0 111 269 0 0 0 0 0 0 0 0 0 0 0 0 0 0 0 0 0 0 0 0 0 0 0 0 0 0 0 0 0 0 0 0 0 0 0 0 0 0 0 0 0 0 0 0 0 0 0 0 0 0 0 0 0 0 127
0 111 270 0 0 0 0 0 0 0 0 0 0 0 0 0 0 0 0 0 0 0 0 0 0 0 0 0 0 0 0 0 0 0 0 0 0 0 0 0 0 0 0 0 0 0 0 0 0 0 0 0 0 0 0 0 0 127
0 111 271 0 0 0 0 0 0 0 0 0 0 0 0 0 0 0 0 0 0 0 0 0 0 0 0 0 0 0 0 0 0 0 0 0 0 0 0 0 0 0 0 0 0 0 0 0 0 0 0 0 0 0 0 0 0 127
0 111 272 0 0 0 0 0 0 0 0 0 0 0 0 0 0 0 0 0 0 0 0 0 0 0 0 0 0 0 0 0 0 0 0 0 0 0 0 0 0 0 0 0 0 0 0 0 0 0 0 0 0 0 0 0 0 127
0 111 273 0 0 0 0 0 0 0 0 0 0 0 0 0 0 0 0 0 0 0 0 0 0 0 0 0 0 0 0 0 0 0 0 0 0 0 0 0 0 0 0 0 0 0 0 0 0 0 0 0 0 0 0 0 0 127
0 111 274 0 0 0 0 0 0 0 0 0 0 0 0 0 0 0 0 0 0 0 0 0 0 0 0 0 0 0 0 0 0 0 0 0 0 0 0 0 0 0 0 0 0 0 0 0 0 0 0 0 0 0 0 0 0 127
0 111 275 0 0 0 0 0 0 0 0 0 0 0 0 0 0 0 0 0 0 0 0 0 0 0 0 0 0 0 0 0 0 0 0 0 0 0 0 0 0 0 0 0 0 0 0 0 0 0 0 0 0 0 0 0 0 127
0 111 276 0 0 0 0 0 0 0 0 0 0 0 0 0 0 0 0 0 0 0 0 0 0 0 0 0 0 0 0 0 0 0 0 0 0 0 0 0 0 0 0 0 0 0 0 0 0 0 0 0 0 0 0 0 0 127
0 111 277 0 0 0 0 0 0 0 0 0 0 0 0 0 0 0 0 0 0 0 0 0 0 0 0 0 0 0 0 0 0 0 0 0 0 0 0 0 0 0 0 0 0 0 0 0 0 0 0 0 0 0 0 0 0 127
0 111 278 0 0 0 0 0 0 0 0 0 0 0 0 0 0 0 0 0 0 0 0 0 0 0 0 0 0 0 0 0 0 0 0 0 0 0 0 0 0 0 0 0 0 0 0 0 0 0 0 0 0 0 0 0 0 127
0 111 279 0 0 0 0 0 0 0 0 0 0 0 0 0 0 0 0 0 0 0 0 0 0 0 0 0 0 0 0 0 0 0 0 0 0 0 0 0 0 0 0 0 0 0 0 0 0 0 0 0 0 0 0 0 0 127
0 111 280 0 0 0 0 0 0 0 0 0 0 0 0 0 0 0 0 0 0 0 0 0 0 0 0 0 0 0 0 0 0 0 0 0 0 0 0 0 0 0 0 0 0 0 0 0 0 0 0 0 0 0 0 0 0 127
0 111 281 0 0 0 0 0 0 0 0 0 0 0 0 0 0 0 0 0 0 0 0 0 0 0 0 0 0 0 0 0 0 0 0 0 0 0 0 0 0 0 0 0 0 0 0 0 0 0 0 0 0 0 0 0 0 127
0 111 282 0 0 0 0 0 0 0 0 0 0 0 0 0 0 0 0 0 0 0 0 0 0 0 0 0 0 0 0 0 0 0 0 0 0 0 0 0 0 0 0 0 0 0 0 0 0 0 0 0 0 0 0 0 0 127
0 111 283 0 0 0 0 0 0 0 0 0 0 0 0 0 0 0 0 0 0 0 0 0 0 0 0 0 0 0 0 0 0 0 0 0 0 0 0 0 0 0 0 0 0 0 0 0 0 0 0 0 0 0 0 0 0 127
0 111 284 0 0 0 0 0 0 0 0 0 0 0 0 0 0 0 0 0 0 0 0 0 0 0 0 0 0 0 0 0 0 0 0 0 0 0 0 0 0 0 0 0 0 0 0 0 0 0 0 0 0 0 0 0 0 127
0 111 285 0 0 0 0 0 0 0 0 0 0 0 0 0 0 0 0 0 0 0 0 0 0 0 0 0 0 0 0 0 0 0 0 0 0 0 0 0 0 0 0 0 0 0 0 0 0 0 0 0 0 0 0 0 0 127
0 111 286 0 0 0 0 0 0 0 0 0 0 0 0 0 0 0 0 0 0 0 0 0 0 0 0 0 0 0 0 0 0 0 0 0 0 0 0 0 0 0 0 0 0 0 0 0 0 0 0 0 0 0 0 0 0 127
0 111 287 0 0 0 0 0 0 0 0 0 0 0 0 0 0 0 0 0 0 0 0 0 0 0 0 0 0 0 0 0 0 0 0 0 0 0 0 0 0 0 0 0 0 0 0 0 0 0 0 0 0 0 0 0 0 127
0 111 288 0 0 0 0 0 0 0 0 0 0 0 0 0 0 0 0 0 0 0 0 0 0 0 0 0 0 0 0 0 0 0 0 0 0 0 0 0 0 0 0 0 0 0 0 0 0 0 0 0 0 0 0 0 0 127
0 111 289 0 0 0 0 0 0 0 0 0 0 0 0 0 0 0 0 0 0 0 0 0 0 0 0 0 0 0 0 0 0 0 0 0 0 0 0 0 0 0 0 0 0 0 0 0 0 0 0 0 0 0 0 0 0 127
0 111 290 0 0 0 0 0 0 0 0 0 0 0 0 0 0 0 0 0 0 0 0 0 0 0 0 0 0 0 0 0 0 0 0 0 0 0 0 0 0 0 0 0 0 0 0 0 0 0 0 0 0 0 0 0 0 127
0 111 291 0 0 0 0 0 0 0 0 0 0 0 0 0 0 0 0 0 0 0 0 0 0 0 0 0 0 0 0 0 0 0 0 0 0 0 0 0 0 0 0 0 0 0 0 0 0 0 0 0 0 0 0 0 0 127
0 111 292 0 0 0 0 0 0 0 0 0 0 0 0 0 0 0 0 0 0 0 0 0 0 0 0 0 0 0 0 0 0 0 0 0 0 0 0 0 0 0 0 0 0 0 0 0 0 0 0 0 0 0 0 0 0 127
0 111 293 0 0 0 0 0 0 0 0 0 0 0 0 0 0 0 0 0 0 0 0 0 0 0 0 0 0 0 0 0 0 0 0 0 0 0 0 0 0 0 0 0 0 0 0 0 0 0 0 0 0 0 0 0 0 127
0 111 294 0 0 0 0 0 0 0 0 0 0 0 0 0 0 0 0 0 0 0 0 0 0 0 0 0 0 0 0 0 0 0 0 0 0 0 0 0 0 0 0 0 0 0 0 0 0 0 0 0 0 0 0 0 0 127
0 111 295 0 0 0 0 0 0 0 0 0 0 0 0 0 0 0 0 0 0 0 0 0 0 0 0 0 0 0 0 0 0 0 0 0 0 0 0 0 0 0 0 0 0 0 0 0 0 0 0 0 0 0 0 0 0 127
0 111 296 0 0 0 0 0 0 0 0 0 0 0 0 0 0 0 0 0 0 0 0 0 0 0 0 0 0 0 0 0 0 0 0 0 0 0 0 0 0 0 0 0 0 0 0 0 0 0 0 0 0 0 0 0 0 127
0 111 297 0 0 0 0 0 0 0 0 0 0 0 0 0 0 0 0 0 0 0 0 0 0 0 0 0 0 0 0 0 0 0 0 0 0 0 0 0 0 0 0 0 0 0 0 0 0 0 0 0 0 0 0 0 0 127
0 111 298 0 0 0 0 0 0 0 0 0 0 0 0 0 0 0 0 0 0 0 0 0 0 0 0 0 0 0 0 0 0 0 0 0 0 0 0 0 0 0 0 0 0 0 0 0 0 0 0 0 0 0 0 0 0 127
0 111 299 0 0 0 0 0 0 0 0 0 0 0 0 0 0 0 0 0 0 0 0 0 0 0 0 0 0 0 0 0 0 0 0 0 0 0 0 0 0 0 0 0 0 0 0 0 0 0 0 0 0 0 0 0 0 127
0 111 300 0 0 0 0 0 0 0 0 0 0 0 0 0 0 0 0 0 0 0 0 0 0 0 0 0 0 0 0 0 0 0 0 0 0 0 0 0 0 0 0 0 0 0 0 0 0 0 0 0 0 0 0 0 0 127
0 111 301 0 0 0 0 0 0 0 0 0 0 0 0 0 0 0 0 0 0 0 0 0 0 0 0 0 0 0 0 0 0 0 0 0 0 0 0 0 0 0 0 0 0 0 0 0 0 0 0 0 0 0 0 0 0 127
0 111 302 0 0 0 0 0 0 0 0 0 0 0 0 0 0 0 0 0 0 0 0 0 0 0 0 0 0 0 0 0 0 0 0 0 0 0 0 0 0 0 0 0 0 0 0 0 0 0 0 0 0 0 0 0 0 127
0 111 303 0 0 0 0 0 0 0 0 0 0 0 0 0 0 0 0 0 0 0 0 0 0 0 0 0 0 0 0 0 0 0 0 0 0 0 0 0 0 0 0 0 0 0 0 0 0 0 0 0 0 0 0 0 0 127
0 111 304 0 0 0 0 0 0 0 0 0 0 0 0 0 0 0 0 0 0 0 0 0 0 0 0 0 0 0 0 0 0 0 0 0 0 0 0 0 0 0 0 0 0 0 0 0 0 0 0 0 0 0 0 0 0 127
0 111 305 0 0 0 0 0 0 0 0 0 0 0 0 0 0 0 0 0 0 0 0 0 0 0 0 0 0 0 0 0 0 0 0 0 0 0 0 0 0 0 0 0 0 0 0 0 0 0 0 0 0 0 0 0 0 127
0 111 306 0 0 0 0 0 0 0 0 0 0 0 0 0 0 0 0 0 0 0 0 0 0 0 0 0 0 0 0 0 0 0 0 0 0 0 0 0 0 0 0 0 0 0 0 0 0 0 0 0 0 0 0 0 0 127
0 111 307 0 0 0 0 0 0 0 0 0 0 0 0 0 0 0 0 0 0 0 0 0 0 0 0 0 0 0 0 0 0 0 0 0 0 0 0 0 0 0 0 0 0 0 0 0 0 0 0 0 0 0 0 0 0 127
0 111 308 0 0 0 0 0 0 0 0 0 0 0 0 0 0 0 0 0 0 0 0 0 0 0 0 0 0 0 0 0 0 0 0 0 0 0 0 0 0 0 0 0 0 0 0 0 0 0 0 0 0 0 0 0 0 127
0 111 309 0 0 0 0 0 0 0 0 0 0 0 0 0 0 0 0 0 0 0 0 0 0 0 0 0 0 0 0 0 0 0 0 0 0 0 0 0 0 0 0 0 0 0 0 0 0 0 0 0 0 0 0 0 0 127
0 111 310 0 0 0 0 0 0 0 0 0 0 0 0 0 0 0 0 0 0 0 0 0 0 0 0 0 0 0 0 0 0 0 0 0 0 0 0 0 0 0 0 0 0 0 0 0 0 0 0 0 0 0 0 0 0 127
0 111 311 0 0 0 0 0 0 0 0 0 0 0 0 0 0 0 0 0 0 0 0 0 0 0 0 0 0 0 0 0 0 0 0 0 0 0 0 0 0 0 0 0 0 0 0 0 0 0 0 0 0 0 0 0 0 127
0 111 312 0 0 0 0 0 0 0 0 0 0 0 0 0 0 0 0 0 0 0 0 0 0 0 0 0 0 0 0 0 0 0 0 0 0 0 0 0 0 0 0 0 0 0 0 0 0 0 0 0 0 0 0 0 0 127
0 111 313 0 0 0 0 0 0 0 0 0 0 0 0 0 0 0 0 0 0 0 0 0 0 0 0 0 0 0 0 0 0 0 0 0 0 0 0 0 0 0 0 0 0 0 0 0 0 0 0 0 0 0 0 0 0 127
0 111 314 1015.52 558.733 0.250865 1041.3 625.265 0.39596 1064.21 611.074 0.228067 0 0 0 0 0 0 1015.87 633.246 0.379988 970.409 714.154 0.0884268 0 0 0 1007.58 714.158 0.0783353 0 0 0 0 0 0 967.973 727.49 0.107443 0 0 0 0 0 0 0 0 0 1023.39 555.188 0.23231 0 0 0 1033.5 567.735 0.310225 0
0 111 315 1007.89 550.736 0.241791 1034.13 616.558 0.401573 1057.94 602.167 0.239462 0 0 0 0 0 0 1008.7 626.077 0.396083 970.405 714.155 0.09386 0 0 0 1007.58 714.155 0.0727914 0 0 0 0 0 0 965.329 716.817 0.103548 0 0 0 0 0 0 0 0 0 1016.08 547.587 0.227239 0 0 0 1026.26 561.022 0.319323 0
0 111 316 1000.26 542.74 0.291009 1026.96 607.852 0.547048 1051.67 593.26 0.379204 0 0 0 0 0 0 1001.52 618.909 0.512882 973.53 686.651 0.145122 0 0 0 999.77 714.163 0.0895654 0 0 0 0 0 0 962.685 706.143 0.153874 0 0 0 0 0 0 0 0 0 1008.77 539.986 0.352966 0 0 0 1019.02 554.31 0.637473 0
0 111 317 992.625 534.743 0.480272 1019.79 599.145 0.603991 1045.4 584.353 0.438587 1013.48 571.322 0.0519757 0 0 0 994.35 611.74 0.515443 962.864 675.691 0.114818 0 0 0 984.802 694.751 0.232643 0 0 0 0 0 0 960.041 695.469 0.309935 0 0 0 0 0 0 0 0 0 1001.46 532.386 0.517875 0 0 0 1011.78 547.597 0.58144 0
0 111 318 984.995 526.746 0.267186 1012.62 590.438 0.666881 1039.13 575.445 0.537883 1009.57 559.636 0.0581638 0 0 0 987.175 604.572 0.570064 952.199 664.731 0.410384 914.226 677.894 0.505361 980.011 684.704 0.337408 0 0 0 0 0 0 957.397 684.795 0.446364 939.117 714.192 0.0537728 0 0 0 0 0 0 994.146 524.785 0.414042 0 0 0 1004.54 540.885 0.577761 0
0 111 319 977.822 519.992 0.581875 1005.66 583.487 0.661904 1033.25 568.274 0.577746 995.882 553.624 0.0562154 0 0 0 979.996 598.693 0.491893 941.534 653.771 0.34151 904.473 667.551 0.429186 975.22 674.657 0.23612 954.299 699.864 0.170871 0 0 0 953.051 677.618 0.435314 942.275 697.259 0.464724 0 0 0 0 0 0 987.18 518.052 0.603289 0 0 0 996.931 534.799 0.580009 0
0 111 320 969.132 511.939 0.528937 997.181 574.564 0.637994 1025.2 559.578 0.627819 960.666 469.58 0.0526341 0 0 0 971.301 590.864 0.523895 930.869 642.811 0.45739 894.721 657.208 0.537493 970.429 664.61 0.325132 942.071 694.273 0.245313 0 0 0 948.261 668.913 0.478329 938.989 693.843 0.491935 935.258 714.186 0.0614458 0 0 0 979.021 510.337 0.573096 0 0 0 988.661 527.189 0.510591 0
0 111 321 960.644 503.677 0.507249 988.917 565.432 0.631133 1016.72 551.53 0.62284 960.665 471.516 0.0625425 0 0 0 962.827 581.094 0.516029 922.386 629.762 0.438633 884.968 646.865 0.519843 965.638 654.563 0.318923 929.844 688.682 0.244386 0 0 0 943.91 659.338 0.473345 935.703 690.427 0.491419 935.266 714.187 0.0595779 0 0 0 970.967 502.294 0.546803 0 0 0 979.976 519.573 0.495599 0
0 111 322 952.175 495.648 0.51187 980.662 555.87 0.688369 1008.24 543.705 0.653309 914.061 469.588 0.118843 0 0 0 955.22 570.879 0.59372 912.605 619.325 0.689798 875.215 636.523 0.80222 960.431 642.167 0.362499 917.617 683.091 0.3071 914.032 714.145 0.113835 940.423 647.167 0.478796 932.417 687.011 0.569532 944.991 714.186 0.12078 0 0 0 963.543 495.632 0.560538 0 0 0 971.508 510.663 0.59289 0
0 111 323 944.056 488.344 0.348282 972.318 547.361 0.76407 999.349 537.051 0.677447 910.738 475.448 0.1 0 0 0 947.361 561.68 0.739735 903.247 610.883 0.810927 865.463 626.18 0.795597 954.107 633.621 0.443242 909.237 678.339 0.480071 913.069 714.157 0.1 935.361 638.822 0.582591 926.538 683.378 0.435914 939.713 714.184 0.121674 0 0 0 956.118 488.971 0.41783 0 0 0 962.873 502.307 0.744284 0
0 111 324 935.937 481.04 0.293243 963.973 538.852 0.736043 990.456 530.397 0.59182 907.415 481.309 0.222169 0 0 0 939.502 552.481 0.595129 893.889 602.44 0.764468 855.71 615.837 0.842777 947.784 625.074 0.436003 898.056 673.036 0.68602 912.106 714.168 0.13196 930.3 630.477 0.645027 921.013 680.109 0.613201 934.436 714.183 0.206499 0 0 0 948.694 482.31 0.1 0 0 0 954.238 493.952 0.470088 0
0 111 325 927.817 473.736 0.43982 955.629 530.344 0.692138 981.563 523.743 0.628082 904.092 487.169 0.134558 909.749 410.799 0.166467 931.643 543.282 0.652046 884.53 593.997 0.689489 845.957 605.494 0.84321 941.461 616.527 0.487929 886.875 667.733 0.678952 911.143 714.179 0.142045 925.238 622.133 0.61914 915.488 676.839 0.560314 929.159 714.181 0.266215 0 0 0 941.269 475.649 0.45014 0 0 0 945.603 485.596 0.582646 0
0 111 326 919.698 466.432 0.217913 947.285 521.835 0.724981 972.67 517.089 0.613057 900.769 493.03 0.187449 896.088 465.632 0.154023 923.783 534.083 0.644257 875.172 585.554 0.683532 836.205 595.151 0.779801 935.137 607.981 0.507404 875.694 662.431 0.569627 910.18 714.19 0.148601 920.177 613.788 0.698821 909.963 673.569 0.690486 923.882 714.179 0.221337 0 0 0 0 0 0 0 0 0 936.968 477.24 0.53402 0
0 111 327 915.726 461.802 0.239752 946.964 514.567 0.729711 970.419 512.629 0.609503 896.077 504.806 0.211208 896.097 465.643 0.161902 925.464 522.376 0.638399 884.331 575.222 0.681475 845.19 598.644 0.78019 929.35 602.615 0.500462 888.276 665.243 0.573194 907.823 714.175 0.153496 913.759 606.507 0.694369 899.935 673.06 0.68963 919.608 714.169 0.2302 0 0 0 0 0 0 0 0 0 933.322 465.675 0.54331 0
2 1 194 0 0 0 1202.51 492.351 0.88195 1238.09 515.343 0.863893 1235.88 573.289 0.684595 1224.86 636.099 0.753611 1168.18 474.337 0.773638 1125.03 510.15 0.797761 1139.95 549.572 0.64025 1190.69 601.473 0.735313 1152.77 668.649 0.856281 1183.45 703.566 0.190289 1148.89 581.589 0.678935 1109.09 636.713 0.786149 1060.48 703.804 0.610274 0 0 0 0 0 0 1248.95 457.84 0.60832 1211.11 434.9 0.651432 0
2 1 195 0 0 0 1211.45 482.093 0.878135 1245.33 502.04 0.864262 1239.79 567.392 0.69357 1230.69 623.428 0.753669 1175.87 465.15 0.772249 1131.97 502.117 0.796798 1146.81 540.381 0.641446 1198.67 591.756 0.733939 1159.52 657.798 0.85551 1178.78 696.158 0.186566 1156.45 572.33 0.678413 1121.16 629.112 0.784848 1080.53 692.583 0.607131 0 0 0 0 0 0 1252.85 451.986 0.605955 1217.9 426.771 0.654217 0
2 1 196 0 0 0 1220.39 471.835 0.863991 1252.56 488.736 0.77241 1246.97 551.727 0.691307 1239.8 603.881 0.681672 1183.55 455.963 0.842302 1138.92 494.083 0.825928 1153.67 531.191 0.639369 1206.65 582.038 0.68655 1166.28 646.946 0.610045 1174.11 688.749 0.329618 1164.01 563.07 0.685111 1133.24 621.512 0.720248 1100.57 681.361 0.618979 0 0 0 0 0 0 1261.97 440.239 0.569625 1224.69 418.642 0.695406 0
2 1 197 0 0 0 1229.34 461.576 0.732261 1259.61 476.221 0.636708 1256.79 528.243 0.448349 1253.47 574.566 0.36144 1191.24 446.776 0.728503 1145.86 486.05 0.71386 1160.52 522 0.524932 1214.62 572.321 0.680528 1173.03 636.095 0.812262 1169.45 681.34 0.691203 1171.58 553.81 0.644666 1145.31 613.911 0.736698 1120.61 670.14 0.656393 0 0 0 0 0 0 1275.65 422.627 0.228459 1231.47 410.513 0.342227 0
2 1 198 0 0 0 1238.28 451.318 0.538751 1268.82 460.347 0.282567 0 0 0 0 0 0 1198.93 437.589 0.665599 1152.8 478.017 0.628627 1167.38 512.81 0.44888 1222.6 562.604 0.680888 1179.78 625.243 0.772697 1164.78 673.931 0.709037 1179.14 544.55 0.644228 1157.38 606.31 0.696886 1140.66 658.918 0.687788 0 0 0 0 0 0 0 0 0 1238.26 402.384 0.321887 0
2 1 199 0 0 0 1245.89 442.627 0.287484 1278.02 444.473 0.145089 0 0 0 0 0 0 1205.23 429.554 0.523303 1158.9 471.268 0.632966 1173.9 505.197 0.36533 1229.77 552.819 0.600052 1186.53 615.027 0.371179 1160.22 666.977 0.297068 1186.31 535.422 0.459994 1169.13 599.79 0.408795 1162.61 653.265 0.456904 0 0 0 0 0 0 0 0 0 1243.7 395.427 0.193123 0
2 1 200 0 0 0 1253.51 432.85 0.34757 1277.67 444.098 0.0937272 0 0 0 0 0 0 1211.97 420.868 0.65325 1166.72 463.873 0.673609 1181.95 495.853 0.335481 1238.9 542.597 0.588908 1195.23 603.498 0.431735 1165.44 652.41 0.511988 1194.56 525.644 0.508305 1180.44 591.746 0.301654 1171.95 645.868 0.251011 0 0 0 0 0 0 0 0 0 1248.93 388.021 0.375132 0
2 1 201 0 0 0 1260.68 423.927 0.328839 1277.67 444.079 0.0875034 0 0 0 0 0 0 1218.71 412.61 0.641544 1173.91 456.058 0.666831 1190.66 486.071 0.317253 1247.44 533.168 0.568516 1201.43 595.479 0.41235 1172.81 645.208 0.486944 1202.18 517.382 0.490508 1190 586.31 0.307518 1180.41 641.306 0.235067 0 0 0 0 0 0 0 0 0 1255.23 379.548 0.366799 0
2 1 202 0 0 0 1267.11 417.142 0.382196 1277.68 420.653 0.0529362 0 0 0 0 0 0 1224.36 404.999 0.690849 1180.88 448.664 0.763259 1198.33 477.926 0.504928 1255.98 523.738 0.525894 1207.62 587.461 0.605984 1180.18 638.006 0.715713 1209.36 507.6 0.548065 1199.14 581.533 0.538596 1187.14 638.478 0.268867 0 0 0 0 0 0 0 0 0 1259.61 373.848 0.248211 0
2 1 203 0 0 0 1273.55 410.358 0.487677 1277.69 414.894 0.0505452 0 0 0 0 0 0 1229.37 398.774 0.766992 1187.67 442.283 0.773012 1206 469.782 0.448641 1264.52 514.309 0.564862 1213.82 579.443 0.642557 1187.55 630.805 0.711843 1216.86 499.024 0.593441 1207.59 578.863 0.531598 1192.1 640.954 0.381369 0 0 0 0 0 0 0 0 0 1263.98 368.148 0.285151 0
2 1 204 0 0 0 1279.99 403.573 0.311596 0 0 0 0 0 0 0 0 0 1234.39 392.548 0.762462 1194.47 435.902 0.776982 1213.68 461.637 0.276189 1273.06 504.88 0.328309 1220.01 571.425 0.158572 1194.91 623.603 0.12898 1224.37 490.448 0.578664 1216.04 576.194 0.621399 1197.06 643.429 0.701325 0 0 0 0 0 0 0 0 0 1268.35 362.448 0.180709 0
2 1 205 0 0 0 1286.42 396.789 0.284221 0 0 0 0 0 0 0 0 0 1239.41 386.323 0.737553 1201.27 429.52 0.746962 1221.35 453.492 0.211665 0 0 0 0 0 0 0 0 0 1231.87 481.872 0.51898 1224.48 573.524 0.619859 1202.01 645.905 0.615688 0 0 0 0 0 0 0 0 0 1272.72 356.748 0.111918 0
2 1 206 0 0 0 1277.66 381.482 0.0933136 0 0 0 0 0 0 0 0 0 1244.43 380.097 0.474431 1208.06 423.139 0.524502 1230.71 428.384 0.0726234 0 0 0 0 0 0 0 0 0 1239.38 473.296 0.43847 1232.93 570.855 0.646641 1206.97 648.38 0.639201 0 0 0 0 0 0 0 0 0 0 0 0 0
2 1 207 0 0 0 1277.66 381.503 0.0910513 0 0 0 0 0 0 0 0 0 1246.29 373.695 0.462462 1213.14 414.729 0.514549 1230.71 428.387 0.0701319 0 0 0 0 0 0 0 0 0 1242.41 461.702 0.425299 1230.68 557.622 0.626006 1181.79 624.146 0.612776 0 0 0 0 0 0 0 0 0 0 0 0 0
