0 111 59 82.859 515.342 0.505555 66.36 544.532 0.718007 65.7879 553.243 0.656795 102.578 578.923 0.550571 136.356 560.913 0.447999 68.8969 539.079 0.609658 112.44 530.795 0.322237 126.868 530.571 0.59309 94.9659 612.662 0.639342 139.763 587.275 0.506754 164.079 636.607 0.333329 97.1286 601.529 0.492269 158.604 574.547 0.297745 177.595 620.889 0.394528 76.3632 513.277 0.548999 0 0 0 62.4245 521.856 0.635755 0 0 0 0
0 111 60 90.4009 513.513 0.469537 74.2848 543.023 0.766908 75.6388 549.821 0.679801 111.711 576.148 0.639887 143.736 558.852 0.747715 74.7636 538.878 0.634451 114.329 536.467 0.342202 131.454 532.171 0.444449 106.878 610.418 0.622105 149.06 587.138 0.430028 176.049 633.551 0.351714 105.291 602.177 0.492874 160.47 579.445 0.298987 177.111 623.007 0.422224 84.4657 510.848 0.513365 0 0 0 71.4909 518.887 0.624932 0 0 0 0
0 111 61 97.9428 511.683 0.690076 82.2097 541.514 0.727514 85.4897 546.399 0.743776 120.845 573.374 0.738014 151.116 556.792 0.812722 80.6303 538.678 0.56166 116.219 542.139 0.299906 136.039 533.772 0.331424 118.79 608.175 0.64465 158.357 587.001 0.553568 188.02 630.495 0.558785 113.453 602.825 0.523673 162.335 584.344 0.453824 176.627 625.126 0.439352 92.5681 508.419 0.677734 0 0 0 80.5572 515.919 0.650907 0 0 0 0
0 111 62 105.485 509.853 0.612027 90.1345 540.006 0.725932 95.3406 542.978 0.728231 129.979 570.599 0.703222 158.497 554.731 0.785122 86.497 538.477 0.572454 118.108 547.811 0.293678 140.624 535.373 0.30962 130.701 605.931 0.635203 167.654 586.863 0.639654 199.99 627.439 0.732497 121.616 603.473 0.547711 164.201 589.242 0.346074 176.142 627.244 0.178191 100.671 505.99 0.674155 0 0 0 89.6236 512.951 0.663647 0 0 0 0
0 111 63 113.027 508.023 0.592647 98.0594 538.497 0.831405 105.192 539.556 0.693818 139.113 567.825 0.711193 165.877 552.671 0.74209 92.3637 538.277 0.621567 119.997 553.484 0.488143 145.21 536.974 0.661509 142.613 603.687 0.635245 176.951 586.726 0.652562 211.961 624.383 0.700842 129.778 604.121 0.528761 166.067 594.141 0.362161 175.658 629.362 0.280526 108.773 503.561 0.586501 0 0 0 98.69 509.982 0.657069 0 0 0 0
0 111 64 120.643 505.639 0.338534 106.316 536.755 0.725488 115.622 536.078 0.704011 148.032 563.481 0.564188 173.057 549.732 0.54182 97.8032 538.279 0.538632 122.611 560.002 0.399914 147.818 543.06 0.528465 155.011 601.298 0.576393 185.656 585.431 0.616743 224.574 620.033 0.696238 138.488 605.421 0.456997 164.756 603.053 0.291371 173.914 633.06 0.219783 116.744 501.316 0.372008 0 0 0 107.174 506.943 0.553801 0 0 0 0
0 111 65 129.108 503.687 0.270634 114.788 534.788 0.753309 124.977 532.605 0.660179 156.738 559.352 0.493038 180.027 546.632 0.336811 104.758 537.402 0.623467 125.641 564.784 0.401151 150.107 548.059 0.634137 166.745 598.252 0.611513 194.574 584.117 0.684377 231.535 618.946 0.723527 147.405 604.549 0.531615 169.549 606.97 0.182426 176.294 632.834 0.171446 124.79 499.153 0.316458 0 0 0 115.86 504.557 0.621708 0 0 0 0
0 111 66 136.511 501.289 0.122097 122.194 532.178 0.83455 134.55 527.825 0.759393 165.009 555.219 0.434861 187.203 542.924 0.189205 110.412 536.099 0.838732 126.731 568.475 0.569659 153.148 552.619 0.1 177.172 593.912 0.655624 203.706 582.816 0.508759 235.659 618.727 0.775871 154.794 602.816 0.665541 173.462 610.66 0.304036 171.522 635.879 0.587852 132.837 496.759 0.173774 0 0 0 125.207 501.296 0.662797 101.404 511.344 0.184241 0
0 111 67 144.337 498.458 0.1 130.24 529.131 0.764856 142.161 524.781 0.670817 172.39 550.863 0.278944 195.018 538.584 0.1 117.807 533.703 0.718717 134.119 563.921 0.394868 162.052 548.706 0.1 185.216 590.654 0.537006 211.108 580.645 0.366989 237.832 618.709 0.695947 163.269 599.983 0.606068 178.901 611.966 0.320673 167.826 638.265 0.586689 140.657 493.709 0.1 0 0 0 133.69 498.035 0.459869 108.941 508.9 0.167056 0
0 111 68 151.733 495.644 0.1 137.637 526.513 0.829605 151.506 520.87 0.760343 181.301 545.644 0.241609 203.064 533.582 0.1 123.463 532.61 0.86443 142.169 562.612 0.742756 170.965 546.966 0.10342 193.27 587.829 0.615694 218.935 578.047 0.329612 238.91 618.491 0.755697 170.002 598.462 0.782883 183.899 612.832 0.503934 170.212 638.271 0.160533 148.481 490.675 0.1 0 0 0 141.52 495.423 0.494062 116.479 506.455 0.369093 0
0 111 69 159.766 493.038 0.173624 144.814 523.479 0.925744 159.987 517.399 0.753964 189.782 540.431 0.343461 210.895 528.574 0.1 128.903 531.088 0.826198 149.998 560.434 0.508197 178.143 545.442 0.1 200.442 585.223 0.599971 228.283 576.31 0.548287 238.473 618.057 0.751799 176.308 596.728 0.655839 189.779 611.523 0.535745 171.737 638.269 0.671849 155.878 487.642 0.185328 0 0 0 148.696 492.822 0.64997 124.016 504.011 0.205664 0
0 111 70 166.948 490.222 0.350129 152.415 520.648 0.857898 166.293 515.014 0.746078 195.868 539.346 0.549766 217.845 526.836 0.322043 138.906 527.393 0.810618 158.697 558.481 0.649713 187.698 544.13 0.195425 205.005 582.4 0.680524 236.763 574.147 0.62762 238.693 617.618 0.71057 183.921 592.593 0.682106 197.822 606.959 0.542823 174.991 638.048 0.6004 163.06 485.251 0.3701 0 0 0 155.433 490.216 0.649796 131.554 501.567 0.104153 0
0 111 71 175.409 487.624 0.300853 160.017 517.613 0.705198 173.256 512.61 0.646427 203.042 534.562 0.528664 225.448 522.917 0.401689 146.086 525.217 0.573489 165.639 555.218 0.321966 198.741 540.431 0.410394 211.744 580.005 0.598563 245.457 571.981 0.52727 241.079 617.176 0.602261 191.313 589.986 0.544363 211.403 598.916 0.32331 187.391 633.907 0.441432 171.314 483.295 0.330077 0 0 0 162.819 487.828 0.566957 138.948 499.61 0.1 0
0 111 72 183.452 485.018 0.308426 167.189 514.787 0.797424 179.124 510.649 0.711389 206.955 533.269 0.58629 232.4 522.647 0.564755 154.352 521.515 0.758765 179.553 545.867 0.270931 211.271 534.343 0.344282 215.436 577.612 0.687529 253.716 569.373 0.61315 244.779 616.518 0.574188 197.827 586.069 0.651881 224.223 590.867 0.320163 202.926 629.01 0.345372 179.289 481.257 0.353026 0 0 0 171.074 485.432 0.595066 146.158 497.074 0.1 0
0 111 73 190.85 482.834 0.413998 174.568 512.172 0.732361 182.824 509.351 0.694707 210 534.789 0.544006 239.567 523.403 0.516165 165.655 516.289 0.605627 194.117 535.644 0.166419 226.279 526.072 0.138755 217.18 575.44 0.620057 261.529 567.852 0.677395 251.082 615.87 0.605293 205.216 579.335 0.521347 241.832 580.003 0.142695 220.75 623.137 0.38129 186.321 479.152 0.441411 0 0 0 177.379 483.478 0.616512 153.369 494.538 0.1 0
0 111 74 199.122 481.301 0.416492 181.524 510.423 0.813151 189.568 508.037 0.694683 216.733 535.223 0.687383 247.174 524.325 0.617844 172.827 513.69 0.67629 207.715 526.941 0.584723 240.092 517.695 0.556001 221.313 574.136 0.598874 268.919 566.984 0.689773 259.992 614.14 0.699669 210.002 577.375 0.56671 247.473 577.176 0.256741 231.188 619.656 0.5546 194.583 477.618 0.443212 0 0 0 185.637 481.724 0.492416 160.579 492.002 0.1 0
0 111 75 207.592 479.785 0.264654 189.34 508.887 0.832629 196.737 507.161 0.758883 223.675 535.446 0.602376 255.423 524.767 0.679418 180.657 511.516 0.775708 221.407 518.463 0.170017 252.708 509.213 0.1 226.758 573.696 0.598126 276.093 566.763 0.525614 272.385 612.623 0.584375 215.875 576.497 0.629312 258.123 571.528 0.1 240.963 616.495 0.303061 203.058 476.31 0.312166 0 0 0 193.251 479.999 0.684022 167.79 489.466 0.162092 0
0 111 76 216.499 478.691 0.254607 196.742 507.581 0.752873 205.433 505.424 0.685413 231.297 535.459 0.663124 263.689 526.504 0.658973 188.047 509.782 0.553252 229.015 517.809 0.443054 259.459 508.991 0.5871 232.198 572.826 0.625941 284.13 566.982 0.663404 286.735 610.895 0.580888 219.792 575.196 0.4756 260.09 569.571 0.199618 249.222 614.104 0.1 212.194 475.647 0.28189 0 0 0 202.168 478.484 0.556017 0 0 0 0
0 111 77 225.414 478.029 0.303305 205.204 505.414 0.784023 213.043 504.549 0.80967 238.481 536.336 0.70234 271.505 528.461 0.667625 196.527 506.744 0.731582 237.048 516.069 0.691552 267.072 508.76 0.594536 235.453 570.654 0.615441 290.653 567.192 0.441324 299.791 609.357 0.404246 222.409 572.154 0.585083 262.486 566.745 0.381781 249.443 614.1 0.380987 220.901 475.201 0.303144 0 0 0 211.508 477.185 0.461649 0 0 0 0
0 111 78 234.542 477.374 0.354277 213.473 503.683 0.861999 221.51 504.109 0.812594 246.522 538.065 0.646792 279.767 531.288 0.572129 205.866 503.916 0.746562 244.654 513.903 0.1 275.557 507.673 0.1 238.712 569.126 0.668973 295.869 566.104 0.602728 313.705 607.617 0.575932 225.662 569.542 0.628716 264.019 565.666 0.16758 250.753 614.091 0.499286 230.671 474.969 0.383114 0 0 0 220.854 476.316 0.668725 195.675 481.289 0.0712875 0
0 111 79 244.321 476.934 0.491996 221.959 502.38 0.756887 231.947 502.803 0.736176 256.093 536.976 0.579212 289.117 531.065 0.60745 212.381 503.048 0.647525 252.046 513.03 0.325379 282.736 507.242 0.493883 245.232 568.034 0.625566 301.738 566.317 0.738656 327.394 606.092 0.597933 229.572 568.892 0.517607 269.677 565.88 0.15266 256.738 612.685 0.1 240.017 474.531 0.528344 0 0 0 230.855 475.657 0.670578 0 0 0 0
0 111 80 253.467 476.493 0.541221 231.314 500.859 0.805984 239.333 502.591 0.80781 261.534 539.797 0.631548 297.381 534.325 0.604297 223.905 500.001 0.680857 267.271 505.855 0.345803 289.807 506.374 0.583118 250.017 566.949 0.644904 307.393 565.235 0.740065 338.054 604.569 0.604854 235.883 566.281 0.597776 276.958 566.525 0.179236 268.472 609.444 0.572542 249.363 474.299 0.557005 0 0 0 240.214 475.421 0.763711 0 0 0 0
0 111 81 262.816 476.486 0.334421 240.007 499.779 0.689794 247.165 502.594 0.710916 270.664 539.566 0.572568 306.95 533.887 0.535305 233.256 498.272 0.507658 274.668 504.771 0.308057 297.633 505.932 0.533037 255.449 566.079 0.515344 313.263 564.365 0.612508 347.614 603.258 0.457874 241.53 564.763 0.544307 282.831 566.957 0.343855 272.279 607.609 0.647171 258.481 474.084 0.401438 0 0 0 248.479 475.42 0.637907 0 0 0 0
0 111 82 272.596 476.487 0.592209 248.705 498.48 0.744694 257.388 501.292 0.715124 282.619 538.268 0.572006 316.31 531.939 0.496003 240.212 497.841 0.590039 282.054 504.993 0.387292 304.591 504.861 0.597838 260.012 564.55 0.614225 320.432 563.055 0.632896 343.263 602.172 0.593737 243.054 564.538 0.583852 286.754 566.522 0.388927 268.159 607.178 0.742295 268.902 474.083 0.631529 0 0 0 258.698 475.196 0.759945 0 0 0 0
0 111 83 280.213 476.278 0.57698 257.193 496.963 0.798379 264.343 501.075 0.740313 290.015 537.612 0.752688 325.435 530.427 0.713813 250.439 495.868 0.653364 289.771 505.212 0.370135 311.549 503.457 0.645162 263.928 562.807 0.611295 326.951 561.316 0.746799 337.831 601.725 0.727983 248.923 561.281 0.494619 299.155 560.216 0.212153 281.422 603.921 0.1 276.947 474.082 0.587909 0 0 0 266.097 474.983 0.739141 0 0 0 0
0 111 84 288.91 475.844 0.466139 266.323 494.802 0.760924 271.956 499.997 0.74329 297.844 536.521 0.709437 334.137 529.773 0.704477 261.303 492.82 0.656067 298.026 504.131 0.508552 319.377 501.514 0.826002 267.189 560.419 0.607677 333.466 558.704 0.711241 330.872 599.76 0.712014 254.573 556.932 0.484259 306.974 556.735 0.269518 294.251 601.21 0.239958 285.643 473.644 0.547905 0 0 0 275.435 473.892 0.76047 0 0 0 0
0 111 85 296.745 474.985 0.512991 275.006 493.499 0.783159 279.567 499.344 0.710667 306.323 535.213 0.697519 343.046 527.598 0.657423 271.08 490.649 0.623329 306.072 502.391 0.488938 327.203 499.34 0.798985 273.71 559.113 0.579352 338.901 554.786 0.695884 329.56 599.103 0.730561 263.265 554.756 0.41805 321.312 549.125 0.249572 306.644 597.724 0.1 293.26 472.354 0.556673 0 0 0 283.046 473.018 0.709411 0 0 0 0
0 111 86 304.569 473.254 0.385939 283.055 492.842 0.771834 287.394 498.474 0.692289 314.572 533.898 0.626075 351.537 525.426 0.61849 279.776 489.348 0.604962 314.124 501.744 0.308185 334.802 497.606 0.642958 283.707 558.893 0.654864 346.287 551.083 0.549655 329.336 597.594 0.685895 274.785 553.889 0.504105 336.09 542.607 0.34352 318.386 593.81 0.446091 301.078 470.63 0.445535 0 0 0 290.226 471.498 0.62021 0 0 0 0
0 111 87 311.545 471.515 0.23835 291.304 492.396 0.650153 295.874 496.961 0.579267 322.401 532.157 0.558627 359.151 522.158 0.663409 286.951 489.133 0.472513 322.175 501.09 0.183599 341.974 495.652 0.393932 295.452 558.683 0.569575 354.111 548.478 0.504721 329.984 596.297 0.801656 286.527 554.325 0.378616 349.775 536.301 0.326193 330.768 589.974 0.431999 308.254 468.894 0.260546 0 0 0 297.409 469.97 0.41467 0 0 0 0
0 111 88 317.847 469.778 0.222179 298.476 491.094 0.658945 303.264 495.226 0.672645 330.435 530.197 0.663999 366.971 518.687 0.794088 293.912 488.047 0.53465 330.212 499.36 0.330593 348.71 493.473 0.802002 305.016 557.596 0.593268 360.857 544.352 0.623358 330.205 594.568 0.827285 296.095 553.455 0.385247 357.382 531.523 0.400876 337.828 587.832 0.603592 314.785 467.158 0.266525 0 0 0 304.151 468.236 0.447137 0 0 0 0
0 111 89 324.808 468.037 0.445345 305.428 489.563 0.759293 310.878 493.706 0.645797 339.128 528.249 0.701708 373.934 514.996 0.703117 299.997 486.311 0.561971 337.61 498.055 0.431005 355.652 491.517 0.732861 312.626 556.071 0.548402 367.597 540.647 0.51743 333.674 592.288 0.626416 303.482 551.938 0.362993 367.384 525.655 0.273724 339.565 587.383 0.281143 321.741 465.419 0.541427 0 0 0 311.103 466.502 0.590214 0 0 0 0
0 111 90 331.543 465.648 0.320833 312.609 487.813 0.68104 319.129 491.099 0.725648 346.306 526.293 0.820201 379.799 511.955 0.780394 306.731 484.786 0.545031 344.788 497.184 0.304366 362.257 489.526 0.621279 322.4 554.986 0.565196 374.556 537.608 0.52875 339.321 589.251 0.723051 312.4 551.284 0.394852 375.867 521.094 0.293007 351.512 583.261 0.29495 328.485 462.815 0.401283 0 0 0 318.491 463.905 0.616447 0 0 0 0
0 111 91 338.066 463.477 0.374706 319.565 486.083 0.796102 326.308 489.138 0.719474 352.175 524.114 0.804391 386.304 509.782 0.863637 312.825 483.486 0.65494 351.775 495.229 0.156024 368.862 487.536 0.379357 334.569 554.126 0.606114 380.007 536.528 0.62603 357.797 585.698 0.719092 324.135 550.641 0.523263 380.427 521.967 0.179123 362.378 581.742 0.1 334.796 460.21 0.460446 0 0 0 325.006 461.514 0.714819 0 0 0 0
0 111 92 346.319 460.649 0.194384 326.946 484.136 0.658826 334.79 486.968 0.712686 359.352 522.163 0.768931 392.608 507.6 0.792418 319.126 481.747 0.532953 358.763 493.274 0.144068 375.468 485.545 0.268712 346.088 553.697 0.599115 388.706 536.744 0.442029 376.274 582.3 0.659734 334.129 551.07 0.455656 382.389 523.928 0.19199 362.812 581.313 0.1 342.837 456.967 0.257691 0 0 0 333.269 458.698 0.593962 0 0 0 0
0 111 93 353.285 457.606 0.406783 333.904 482.822 0.658451 342.183 485.436 0.666215 366.953 520.635 0.716584 399.346 505.422 0.753783 325 480.877 0.511078 365.75 491.32 0.112435 382.073 483.554 0.221706 357.816 553.916 0.58781 394.794 533.92 0.293481 394.32 579.912 0.1 344.564 551.727 0.408918 388.046 521.756 0.196746 372.593 576.97 0.292189 349.805 453.925 0.501308 0 0 0 340.444 456.515 0.664395 0 0 0 0
0 111 94 360.463 454.996 0.24462 341.657 480.643 0.629412 349.65 483.335 0.662596 374.117 519.105 0.708926 405.366 503.972 0.721318 331.962 479.134 0.535131 372.738 489.365 0.138364 0 0 0 367.3 552.83 0.534251 401.897 532.249 0.30605 405.267 576.506 0.18538 353.909 550.718 0.390492 390.2 525.507 0.155119 383.388 573.652 0.215777 357.263 451.813 0.309903 0 0 0 348.555 454.119 0.517878 0 0 0 0
0 111 95 367.859 453.26 0.203944 349.555 478.249 0.568672 357.19 481.305 0.633368 380.864 517.365 0.65821 411.736 502.806 0.70131 339.782 477.175 0.407003 381.562 492.956 0.0800156 0 0 0 375.849 551.525 0.424122 408.279 530.009 0.130948 416.722 574.035 0.1 362.823 549.557 0.313393 392.353 529.258 0.112308 395.418 570.904 0.389322 364.585 450.206 0.228202 0 0 0 356.524 452.373 0.442358 0 0 0 0
0 111 96 375.671 451.531 0.214205 357.816 475.206 0.627597 364.153 479.34 0.724207 387.385 515.626 0.64569 418.251 501.729 0.720096 348.699 473.914 0.488432 381.6 491.059 0.0967482 0 0 0 382.802 549.346 0.476662 414.806 527.397 0.104986 427.6 571.634 0.1 371.523 546.517 0.376502 394.506 533.009 0.108735 407.377 568.229 0.396022 371.765 448.679 0.274641 0 0 0 364.566 450.633 0.543877 0 0 0 0
0 111 97 383.933 449.795 0.250489 366.435 472.667 0.567475 371.619 477.452 0.58791 394.347 513.599 0.60714 424.269 500.133 0.539428 357.609 471.157 0.411215 397.156 491.061 0.0865862 0 0 0 390.336 546.955 0.382684 422.703 525.369 0.227586 438.258 569.089 0.24239 380.725 543.693 0.263086 396.659 536.761 0.115026 418.756 565.409 0.184958 379.944 446.937 0.298149 0 0 0 372.465 448.751 0.512609 0 0 0 0
0 111 98 391.54 447.842 0.1 374.546 470.423 0.1 378.936 475.202 0.1 401.304 511.282 0.1 430.643 497.816 0.1 366.523 468.905 0.1 0 0 0 0 0 0 397.797 544.127 0.1 430.89 523.71 0.1 446.313 566.949 0.1 389.999 540.213 0.1 0 0 0 429.552 562.442 0.1 387.41 444.766 0.1 0 0 0 379.789 446.511 0.1 0 0 0 127
0 111 99 399.378 446.32 0.1 382.801 468.256 0.1 386.113 473.245 0.1 408.912 508.47 0.1 437.388 494.769 0.1 375.438 466.718 0.1 0 0 0 0 0 0 404.543 540.643 0.1 439.579 521.754 0.1 451.763 565.213 0.1 398.472 535.864 0.1 0 0 0 434.99 562.426 0.1 395.673 443.241 0.1 0 0 0 387.186 444.77 0.1 0 0 0 127
0 111 100 408.064 443.713 0.165808 391.286 466.506 0.332039 394.807 471.291 0.384656 418.042 505.428 0.385745 444.578 491.501 0.271423 383.902 465.408 0.220407 426.525 475.393 0.0840351 0 0 0 414.976 538.464 0.25241 448.569 519.668 0.206897 455.55 563.965 0.236344 407.598 534.985 0.158875 446.082 506.729 0.0988827 447.347 559.182 0.12957 403.934 441.066 0.208208 0 0 0 395.454 442.381 0.370522 0 0 0 0
0 111 101 415.017 441.318 0.1 399.331 463.89 0.1 401.976 469.113 0.1 425.209 502.813 0.1 452.835 489.761 0.1 391.728 462.155 0.1 0 0 0 0 0 0 424.54 535.643 0.1 454.178 517.456 0.1 459.337 562.717 0.1 416.519 533.03 0.1 0 0 0 459.705 555.938 0.1 410.887 438.879 0.1 0 0 0 402.618 440.195 0.1 0 0 0 127
0 111 102 422.505 439.036 0.1 407.043 461.394 0.1 410.341 466.723 0.1 433.477 499.19 0.1 461.018 487.441 0.1 398.574 459.658 0.1 0 0 0 0 0 0 434.112 533.037 0.1 460.961 519.678 0.1 463.124 561.469 0.1 424.454 532.051 0.1 0 0 0 472.062 552.694 0.1 418.266 436.379 0.1 0 0 0 409.578 438.025 0.1 0 0 0 127
0 111 103 430.103 436.427 0.360172 414.717 459.439 0.626012 419.39 464.264 0.649882 443.48 494.773 0.455895 469.852 484.471 0.417297 404.66 458.136 0.414358 457.377 462.708 0.155315 0 0 0 444.192 531.297 0.436692 466.815 523.652 0.470328 466.912 560.22 0.450901 432.058 531.763 0.323772 459.763 528.903 0.200152 484.42 549.45 0.23644 426.01 433.266 0.421063 0 0 0 416.688 435.638 0.563446 0 0 0 0
0 111 104 437.493 433.596 0.150667 421.601 457.27 0.458438 428.371 461.295 0.389624 455.22 489.56 0.163089 479.337 480.851 0.24313 409.876 456.186 0.356194 449.049 467.602 0.1 0 0 0 454.121 529.125 0.365408 471.739 529.379 0.1 0 0 0 438.582 531.184 0.340133 466.246 527.6 0.1 0 0 0 433.687 429.869 0.178701 0 0 0 424.574 432.598 0.464126 0 0 0 0
0 111 105 445.097 430.765 0.232563 427.691 455.104 0.348024 435.762 458.253 0.36125 464.13 485.652 0.11322 487.809 477.806 0.139038 415.096 454.235 0.213747 440.72 472.497 0.1 0 0 0 462.386 527.166 0.259838 480.425 528.512 0.1 0 0 0 444.233 529.886 0.195342 472.728 526.296 0.1 0 0 0 441.727 426.402 0.253774 0 0 0 431.752 429.341 0.383646 0 0 0 0
0 111 106 452.374 427.424 0.1 432.767 450.466 0.1 439.827 453.399 0.1 468.26 481.922 0.1 490.705 476.794 0.1 421.185 449.058 0.1 432.391 477.391 0.1 0 0 0 468.659 523.581 0.1 488.174 525.868 0.1 0 0 0 450.899 525.868 0.1 479.21 524.993 0.1 0 0 0 449.326 422.706 0.1 0 0 0 439.434 426.101 0.1 0 0 0 127
0 111 107 459.652 424.083 0.135707 436.829 443.355 0.359434 440.563 446.733 0.353865 467.608 478.37 0.1 488.026 477.815 0.1 428.142 440.657 0.236415 424.063 482.286 0.1 0 0 0 472.939 518.368 0.335123 494.985 521.444 0.1 0 0 0 458.579 519.13 0.338309 485.692 523.689 0.1 0 0 0 456.925 419.009 0.162964 0 0 0 447.115 422.86 0.330043 0 0 0 0
0 111 108 466.93 420.742 0.133459 441.778 437.693 0.428669 443.128 441.515 0.377795 468.859 475.756 0.172961 488.297 479.017 0.212302 435.043 434.085 0.324356 415.734 487.18 0.17332 412.854 506.72 0.0829032 477.887 514.678 0.317743 501.345 518.287 0.115642 0 0 0 465.808 514.568 0.370755 492.866 521.462 0.175365 0 0 0 464.524 415.313 0.161749 0 0 0 454.797 419.62 0.346438 0 0 0 0
0 111 109 474.207 417.401 0.255918 447.107 433.129 0.559909 446.276 437.6 0.515749 470.272 474.237 0.206986 490.359 480.112 0.167583 443.199 428.318 0.431848 407.405 492.075 0.106041 0 0 0 478.874 511.203 0.405748 508.325 514.716 0.327977 520.685 554.125 0.361475 471.569 508.492 0.356277 500.733 518.31 0.1 522.168 552.458 0.108769 472.123 411.617 0.294081 0 0 0 462.478 416.379 0.554672 0 0 0 0
0 111 110 0 0 0 454.122 430.954 0.1 452.197 435.21 0.1 475.761 472.938 0.1 494.229 479.14 0.1 452.165 426.408 0.1 0 0 0 0 0 0 481.325 509.025 0.1 515.925 510.733 0.1 530.46 552.167 0.1 477.598 504.15 0.1 509.291 514.235 0.1 530.402 549.131 0.1 0 0 0 0 0 0 0 0 0 0 0 0 127
0 111 111 0 0 0 461.847 429.978 0.288098 459.041 434.124 0.311962 481.629 473.087 0.21063 500.399 478.42 0.179355 461.837 425.639 0.203154 494.989 418.675 0.067967 0 0 0 483.937 507.284 0.206447 524.144 506.338 0.157457 540.234 550.208 0.183512 483.143 500.784 0.205273 518.542 509.235 0.203725 538.637 545.804 0.264452 0 0 0 0 0 0 0 0 0 0 0 0 0
0 111 112 0 0 0 469.039 428.456 0.1 464.486 433.036 0.1 485.54 474.248 0.1 506.417 478.702 0.1 471.843 423.25 0.1 0 0 0 0 0 0 486.108 504.456 0.1 532.49 499.254 0.1 550.009 548.25 0.1 488.803 496.215 0.1 528.284 501.405 0.1 546.872 542.478 0.1 0 0 0 0 0 0 0 0 0 0 0 0 127
0 111 113 0 0 0 477.297 426.936 0.1 470.794 432.381 0.1 488.375 476.426 0.1 512.512 479.782 0.1 481.408 421.284 0.1 0 0 0 0 0 0 488.939 502.494 0.1 541.406 490.995 0.1 559.784 546.291 0.1 494.239 492.73 0.1 539.586 491.615 0.1 555.106 539.151 0.1 0 0 0 0 0 0 0 0 0 0 0 0 127
0 111 114 0 0 0 486.316 425.626 0.1 479.381 431.406 0.1 495.012 477.08 0.1 519.692 480.325 0.1 490.648 419.753 0.1 0 0 0 0 0 0 494.697 500.429 0.1 547.067 489.362 0.1 568.909 544.335 0.1 500.438 490.438 0.1 544.947 487.915 0.1 557.502 537.522 0.1 0 0 0 0 0 0 0 0 0 0 0 0 127
0 111 115 522.293 417.947 0.229016 496.533 426.71 0.596087 492.205 432.066 0.607525 507.189 477.622 0.571965 532.519 479.457 0.570735 498.695 421.593 0.393319 533.664 462.699 0.133385 548.107 462.114 0.146806 503.712 500.318 0.514502 554.032 489.467 0.536676 575.97 542.915 0.598804 505.879 491.846 0.334738 544.368 490.303 0.23505 552.074 537.522 0.236469 520.461 416.565 0.266028 0 0 0 510.705 416.162 0.548518 0 0 0 0
0 111 116 531.45 416.612 0.304129 507.946 430.307 0.606351 507.96 435.005 0.652512 523.712 478.597 0.610397 551.858 476.632 0.665054 506.524 426.483 0.465402 542.254 461.78 0.189837 558.443 461.76 0.194522 512.728 501.835 0.537037 560.774 491.854 0.619464 580.75 542.149 0.647887 509.147 495.54 0.345347 542.954 496.389 0.262038 545.444 537.411 0.314424 528.992 415.134 0.363461 0 0 0 519.816 415.285 0.510953 0 0 0 0
0 111 117 540.607 415.277 0.310308 518.653 432.494 0.677859 521.488 436.962 0.716469 537.898 479.247 0.654385 569.186 473.701 0.70769 515.059 429.366 0.571347 550.845 460.861 0.184939 568.779 461.406 0.189918 519.081 501.829 0.582444 566.807 493.479 0.56543 584.501 541.657 0.72863 511.706 496.623 0.389713 542.959 500.791 0.260614 539.081 537.191 0.310531 537.522 413.703 0.388301 0 0 0 528.926 414.407 0.61382 0 0 0 0
0 111 118 549.764 413.941 0.1 527.668 432.714 0.1 533.555 437.401 0.1 550.407 479.235 0.1 583.854 471.089 0.1 521.032 429.267 0.1 559.436 459.941 0.1 579.114 461.053 0.1 525.487 501.173 0.1 573.434 493.914 0.1 587.005 541.124 0.1 514.42 496.403 0.1 546.217 501.991 0.1 533.543 537.179 0.1 546.053 412.272 0.1 0 0 0 538.037 413.529 0.1 0 0 0 127
0 111 119 558.921 412.606 0.1 535.764 431.304 0.38734 544.044 436.535 0.324458 561.011 478.251 0.137515 595.43 468.912 0.124439 526.738 427.478 0.32387 568.027 459.022 0.1 589.45 460.699 0.1 531.403 499.538 0.291944 580.224 493.368 0.28903 588.475 540.75 0.497477 517.734 494.659 0.309392 550.785 501.394 0.18107 530.233 536.731 0.384141 554.584 410.841 0.1 0 0 0 547.148 412.652 0.225301 0 0 0 0
0 111 120 567.181 410.88 0.1 542.939 428.262 0.1 552.957 434.363 0.1 569.71 476.295 0.1 603.914 467.17 0.1 532.178 423.999 0.1 576.618 458.103 0.1 599.786 460.345 0.1 536.828 496.924 0.1 587.175 491.84 0.1 588.908 540.533 0.1 521.647 491.392 0.1 556.662 499.001 0.1 529.15 535.847 0.1 562.632 409.113 0.1 0 0 0 555.624 411.124 0.1 0 0 0 127
0 111 121 576.312 409.349 0.260253 550.755 425.873 0.661798 561.871 432.405 0.669704 579.059 474.127 0.743726 612.616 464.998 0.866936 537.825 421.601 0.437387 585.209 457.184 0.126228 610.122 459.991 0.162206 543.788 495.4 0.581554 594.133 490.747 0.570757 589.143 540.313 0.658397 526.859 490.086 0.489087 563.394 498.35 0.442092 531.537 535.634 0.740742 571.554 407.374 0.320945 0 0 0 564.756 409.599 0.560887 0 0 0 0
0 111 122 584.788 407.823 0.201197 557.942 424.566 0.78164 570.13 431.099 0.710203 587.751 471.739 0.761122 620.439 462.176 0.88723 544.564 419.434 0.695621 581.076 446.171 0.068348 616.272 459.785 0.0971409 549.875 493.446 0.683756 600.431 488.79 0.638381 590.451 539.877 0.746521 532.291 487.481 0.554905 567.74 497.919 0.28374 533.71 535.852 0.69403 580.017 405.64 0.272481 0 0 0 572.362 408.505 0.64671 0 0 0 0
0 111 123 591.768 405.977 0.1 564.885 423.264 0.1 576.845 429.94 0.1 595.41 469.512 0.1 628.661 459.285 0.1 551.932 417.399 0.1 0 0 0 0 0 0 555.247 491.601 0.1 604.208 486.899 0.1 590.818 539.553 0.1 538.397 484.896 0.1 575.432 496.009 0.1 541.53 535.046 0.1 587.916 403.335 0.1 0 0 0 579.198 406.819 0.1 0 0 0 127
0 111 124 597.25 403.809 0.282028 571.584 421.967 0.730454 582.015 428.93 0.738528 603.069 467.286 0.777388 636.882 456.393 0.880663 559.929 415.496 0.643614 0 0 0 0 0 0 559.904 489.865 0.666692 605.462 485.075 0.662718 591.184 539.229 0.763903 545.175 482.332 0.534338 586.47 492.62 0.301914 554.997 533.217 0.435018 595.816 401.03 0.354414 0 0 0 586.034 405.134 0.610821 0 0 0 0
0 111 125 601.235 401.32 0.288406 578.042 420.557 0.597968 586.948 427.422 0.615292 610.728 465.059 0.650989 645.103 453.502 0.640674 567.58 414.047 0.518279 0 0 0 0 0 0 567.103 488.566 0.441396 605.721 482.773 0.371454 591.55 538.905 0.557709 554.042 481.202 0.340537 595.746 490.144 0.182858 567.49 532.106 0.272452 603.715 398.725 0.373492 0 0 0 592.869 403.448 0.539657 0 0 0 0
0 111 126 603.724 398.509 0.565054 584.258 419.033 0.60897 591.645 425.418 0.636515 618.388 462.833 0.651543 653.325 450.61 0.611492 574.886 413.051 0.518886 0 0 0 0 0 0 576.843 487.704 0.47547 604.985 479.993 0.339792 591.917 538.582 0.529211 564.998 481.507 0.409798 603.261 488.579 0.185856 579.007 531.712 0.351673 611.615 396.42 0.609808 0 0 0 599.705 401.762 0.637514 0 0 0 0
0 111 127 605.905 395.905 0.1 591.219 417.955 0.1 595.341 423.454 0.1 0 0 0 0 0 0 585.115 413.486 0.1 0 0 0 0 0 0 586.412 486.404 0.1 601.949 477.163 0.1 0 0 0 577.178 481.939 0.1 607.178 489.444 0.1 588.993 531.717 0.1 0 0 0 0 0 0 0 0 0 0 0 0 127
0 111 128 607.646 393.718 0.1 598.716 417.199 0.1 599.15 421.487 0.1 0 0 0 0 0 0 596.092 413.931 0.1 0 0 0 0 0 0 595.869 484.994 0.1 598.476 473.694 0.1 0 0 0 590.22 482.81 0.1 611.091 491.506 0.1 596.276 531.94 0.1 0 0 0 0 0 0 0 0 0 0 0 0 127
0 111 129 609.816 392.838 0.1 606.105 416.757 0.1 603.505 419.311 0.1 0 0 0 0 0 0 606.738 414.163 0.1 0 0 0 0 0 0 605.658 483.913 0.1 595.225 470.658 0.1 0 0 0 602.61 484.116 0.1 609.788 498.248 0.1 600.7 533.18 0.1 0 0 0 0 0 0 0 0 0 0 0 0 127
0 111 130 613.505 390.992 0.1 612.954 415.559 0.1 609.587 417.351 0.1 0 0 0 0 0 0 615.434 413.524 0.1 0 0 0 0 0 0 614.57 482.29 0.1 594.145 470.152 0.1 0 0 0 612.831 483.79 0.1 609.573 502.492 0.1 601.503 533.902 0.1 0 0 0 0 0 0 0 0 0 0 0 0 127
0 111 131 618.504 388.171 0.244584 619.685 413.384 0.410926 616.545 415.174 0.255147 0 0 0 0 0 0 622.177 412.224 0.337074 647.657 446.065 0.0795997 0 0 0 624.57 480.992 0.234397 595.457 471.963 0.143962 620.227 510.664 0.0962304 623.049 483.79 0.296878 612.616 504.89 0.162103 601.946 534.559 0.404902 0 0 0 613.981 383.212 0.235181 0 0 0 629.378 396.106 0.256855 0
0 111 132 624.513 385.888 0.301836 626.332 410.992 0.51518 624.064 412.528 0.418237 613.819 437.454 0.211727 596.896 444.552 0.128343 627.971 410.561 0.470198 661.309 457.825 0.129564 0 0 0 633.005 478.818 0.341041 600.158 475.703 0.337225 626.746 518.555 0.153278 630.308 481.704 0.416469 617.318 506.804 0.114489 603.255 535.249 0.378673 614.295 375.657 0.0880142 618.892 384.175 0.318323 0 0 0 633.215 393.186 0.375117 0
0 111 133 631.532 384.144 0.248305 632.676 408.604 0.479381 632.151 409.841 0.284793 628.002 436.838 0.113045 616.855 442.36 0.137124 632.586 408.766 0.474589 665.236 449.985 0.194639 618.236 446.093 0.142758 641.612 476.423 0.253746 610.63 479.267 0.225339 633.647 518.205 0.158886 637.219 479.49 0.392064 623.454 508.024 0.224796 605.225 535.554 0.1 618.281 383.411 0.0940879 623.803 385.138 0.252842 0 0 0 637.052 390.266 0.355709 0
0 111 134 639.561 382.938 0.1 639.363 406.207 0.1 641.024 407.32 0.1 642.184 436.223 0.1 636.814 440.168 0.1 637.103 406.197 0.1 0 0 0 0 0 0 649.735 474.026 0.1 623.63 478.31 0.1 640.548 517.855 0.1 642.702 476.927 0.1 631.237 508.11 0.1 608.702 534.604 0.1 0 0 0 0 0 0 0 0 0 640.889 387.347 0.1 127
0 111 135 648.601 382.271 0.12052 645.967 403.376 0.480309 649.799 404.969 0.361385 656.367 435.607 0.251077 656.773 437.977 0.233742 641.533 402.848 0.354041 0 0 0 0 0 0 656.73 471.194 0.290965 635.668 481.093 0.1 647.449 517.504 0.1 648.269 473.361 0.268349 643.059 505.547 0.10298 619.133 531.309 0.205872 658.204 375.16 0.132437 0 0 0 657.386 381.641 0.290155 645.64 383.442 0.1 0
0 111 136 658.814 382.035 0.1 652.481 401.191 0.817188 659.572 403.235 0.736569 670.549 434.991 0.57532 676.732 435.785 0.578488 644.571 399.361 0.744936 0 0 0 0 0 0 662.816 469.669 0.572889 652.84 480.655 0.338292 654.349 517.154 0.525904 650.66 470.535 0.548157 655.663 499.678 0.571316 629.567 528.058 0.508821 665.551 373.952 0.1 0 0 0 663.448 379.271 0.522929 648.854 380.032 0.18501 0
0 111 137 670.122 381.598 0.1 658.362 399.225 0.786191 668.919 401.722 0.717893 682.726 434.986 0.494984 696.086 433.821 0.421989 647.401 396.096 0.720243 0 0 0 0 0 0 671.953 469.23 0.490717 669.354 480.656 0.157486 662.658 516.61 0.272069 655.662 468.793 0.561265 663.274 496.635 0.488713 639.77 525.676 0.614083 672.898 372.744 0.1 0 0 0 669.511 376.9 0.433002 652.068 376.622 0.156877 0
0 111 138 680.338 379 0.1 664.66 396.406 0.74381 676.24 400.054 0.695878 693.24 434.26 0.444407 710.211 432.221 0.40343 651.754 392.834 0.604955 645.618 420.628 0.0833056 0 0 0 679.124 467.708 0.50975 681.523 486.522 0.168102 665.366 515.96 0.240614 661.75 466.185 0.507834 674.58 494.24 0.326507 651.572 522.927 0.317216 680.245 371.536 0.1 0 0 0 675.574 374.53 0.432325 655.282 373.212 0.200599 0
0 111 139 688.924 377.05 0.13132 670.961 393.804 0.67827 681.096 397.589 0.62223 698.499 432.164 0.441534 719.119 431.097 0.468841 659.145 390.334 0.540234 0 0 0 0 0 0 682.925 464.985 0.647988 691.191 487.567 0.406454 669.87 514.408 0.691038 667.513 462.927 0.492451 686.539 490.215 0.337027 664.972 519.81 0.34954 687.593 370.328 0.148939 0 0 0 681.636 372.16 0.508627 669.136 369.791 0.0712769 0
0 111 140 695.879 375.748 0.115825 677.265 391.422 0.694428 683.489 394.325 0.698818 698.504 428.699 0.554507 722.808 430.448 0.650442 669.574 388.596 0.605509 0 0 0 0 0 0 683.355 461.061 0.475634 698.361 483.792 0.436292 676.169 511.954 0.309405 672.951 459.02 0.367742 699.15 484.56 0.18022 679.969 516.326 0.1 694.549 368.809 0.1 0 0 0 688.147 369.563 0.577511 667.253 367.827 0.0965446 0
0 111 141 702.572 374.561 0.195625 683.351 389.675 0.716538 689.578 392.375 0.748644 703.07 427.17 0.556671 728.244 429.781 0.591786 675.653 386.648 0.589129 0 0 0 0 0 0 687.267 458.669 0.584835 710.102 477.27 0.158569 692.908 508.053 0.1 676.652 457.059 0.521469 704.144 479.996 0.294365 687.799 512.86 0.453065 701.45 367.991 0.231513 0 0 0 694.44 367.833 0.581755 0 0 0 0
0 111 142 709.85 373.478 0.147946 689.651 387.935 0.601768 695.664 391.282 0.1 708.283 426.516 0.1 733.906 428.691 0.1 682.377 384.265 0.378459 721.925 418.71 0.0880222 0 0 0 689.662 456.496 0.453978 716.417 470.964 0.225992 701.817 505.875 0.1 679.262 454.666 0.351713 707.841 475.648 0.217975 694.969 509.816 0.1 708.518 367.229 0.153432 0 0 0 700.752 366.536 0.421246 0 0 0 0
0 111 143 716.854 372.284 0.1 695.305 386.417 0.1 700.883 390.195 0.1 713.711 426.09 0.1 740.647 427.172 0.1 688.463 382.523 0.1 0 0 0 0 0 0 691.627 454.549 0.1 721.855 469.439 0.1 710.944 503.914 0.1 682.297 452.703 0.1 710.665 471.959 0.1 700.847 507.851 0.1 715.528 366.514 0.1 0 0 0 706.633 365.879 0.1 0 0 0 127
0 111 144 724.018 370.879 0.256761 701.387 385.762 0.790338 707.839 389.98 0.794408 719.587 426.295 0.56311 746.071 426.086 0.502079 693.463 381.437 0.724522 729.846 420.628 0.392028 750.117 432.414 0.2854 696.631 454.335 0.608793 729.476 464.218 0.496153 726.164 500.219 0.548667 685.117 452.054 0.620696 709.79 470.655 0.646713 699.776 508.061 0.381285 722.697 365.851 0.228733 0 0 0 713.369 365.65 0.43281 0 0 0 0
0 111 145 731.179 369.371 0.213142 707.051 384.47 0.831455 713.931 389.329 0.737977 726.33 425.424 0.724404 752.591 423.476 0.685855 699.325 380.139 0.74613 680.795 399.242 0.0614093 754.193 427.709 0.1 701.635 452.815 0.625374 733.825 462.269 0.65742 735.73 498.7 0.521365 690.114 450.539 0.598788 708.704 471.961 0.33785 699.563 507.611 0.648503 729.434 365.297 0.283787 0 0 0 719.459 365.212 0.706687 700.461 363.835 0.0757027 0
0 111 146 737.262 368.077 0.142424 712.911 383.161 0.903335 720.444 388.459 0.786683 733.289 424.773 0.775603 759.333 421.518 0.681134 704.111 378.829 0.799534 686.797 401.075 0.0695832 758.27 423.003 0.1 704.457 450.862 0.686702 739.054 460.303 0.583184 746.111 497.063 0.63305 691.853 447.932 0.645605 711.315 470.007 0.618235 699.356 506.737 0.758834 735.308 364.852 0.180363 0 0 0 725.762 364.774 0.683541 710.297 361.969 0.0983135 0
0 111 147 743.791 368.058 0.209505 719.434 382.948 0.838917 724.648 387.308 0.729626 735.821 420.285 0.67347 767.487 419.629 0.633547 713.241 379.689 0.68196 745.434 414.779 0.0945525 762.347 418.298 0.138689 707.072 448.691 0.694391 742.304 454.216 0.636571 746.223 497.268 0.741804 697.729 445.767 0.651616 720.015 462.188 0.611556 708.125 504.555 0.747643 741.618 364.852 0.256164 0 0 0 732.495 364.776 0.649788 0 0 0 0
0 111 148 750.203 367.953 0.1 726.288 383.269 0.876684 734.795 388.034 0.779013 748.061 419.994 0.718969 777.052 417.811 0.252324 716.723 379.359 0.781061 696.551 397.195 0.0866192 766.423 413.593 0.1 716.76 449.338 0.612706 752.619 451.285 0.7004 757.586 495.632 0.802356 702.622 445.659 0.658729 720.447 459.374 0.514356 704.784 504.121 0.704633 748.039 365.168 0.1 0 0 0 739.994 365.217 0.707197 728.065 369.573 0.156273 0
0 111 149 756.793 367.885 0.265688 732.604 383.044 0.895733 746.094 388.481 0.736887 761.316 420.862 0.64631 787.049 416.073 0.335682 718.466 377.619 0.83761 757.187 406.956 0.0834573 770.5 408.888 0.1 725.02 449.345 0.62251 763.278 449.113 0.68592 769.336 493.881 0.775384 704.573 444.355 0.639467 719.8 459.799 0.279322 700.008 503.471 0.673465 754.495 365.377 0.321853 0 0 0 747.613 365.86 0.763377 734.717 367.479 0.1 0
0 111 150 763.884 367.52 0.248103 739.993 382.401 0.855081 753.705 388.046 0.769884 769.57 419.353 0.753845 794.003 414.548 0.55204 724.985 376.319 0.79237 714.157 393.242 0.0691333 774.577 404.182 0.1 733.491 449.135 0.60291 767.623 448.465 0.633725 772.825 492.792 0.819977 712.396 443.491 0.641604 725.229 459.579 0.3831 702.396 502.165 0.723238 761.095 364.506 0.322845 0 0 0 755.001 364.776 0.74503 741.37 365.384 0.1 0
0 111 151 770.625 366.87 0.217912 746.947 381.742 0.655003 760.665 387.389 0.550108 777.835 417.616 0.32746 800.743 412.591 0.1 731.512 375.444 0.611245 747.476 397.049 0.375793 778.653 399.477 0.372576 739.575 447.835 0.439713 768.496 449.334 0.358433 766.095 492.572 0.544114 719.572 442.182 0.460195 736.739 457.411 0.359668 714.139 500.218 0.533534 767.617 363.203 0.210378 0 0 0 761.734 363.69 0.40824 748.022 363.29 0.104057 0
0 111 152 775.626 366.217 0.106658 753.69 380.441 0.840603 764.131 385.209 0.753877 776.761 412.605 0.623473 798.138 411.929 0.435236 742.599 375.883 0.688771 748.004 394.087 0.531104 782.73 394.772 0.243392 745.008 446.092 0.69412 770.445 448.908 0.224845 760.663 491.922 0.596038 730.002 441.099 0.640818 747.834 455.663 0.725108 725.868 498.265 0.76015 772.828 361.901 0.138838 0 0 0 767.167 362.184 0.633768 754.675 361.196 0.301985 0
0 111 153 781.361 365.543 0.1 760.22 378.709 0.846007 771.086 383.257 0.783211 784.149 409.788 0.547296 804.885 409.097 0.52602 748.689 374.578 0.787306 748.531 391.125 0.261455 0 0 0 750.221 443.483 0.606223 775.428 448.905 0.619139 755.663 490.416 0.813536 735.871 438.919 0.630694 757.406 453.488 0.675298 737.601 496.312 0.783453 778.419 360.21 0.1 0 0 0 773.911 360.446 0.54633 760.341 359.455 0.171589 0
0 111 154 787.097 364.869 0.1 767.17 376.967 0.870064 778.258 381.08 0.86922 790.455 407.174 0.753229 810.534 407.578 0.623929 755.212 372.837 0.784528 749.058 388.163 0.437115 0 0 0 757.389 440.866 0.610856 779.122 449.555 0.628367 756.523 491.063 0.781614 742.615 435.871 0.6296 764.155 451.973 0.687703 744.562 493.054 0.756892 784.009 358.519 0.1 0 0 0 780.659 358.491 0.534787 766.069 357.213 0.231643 0
0 111 155 792.833 364.195 0.10034 773.269 375.018 0.780321 785.217 379.118 0.677145 797.399 404.139 0.681862 815.527 404.536 0.392883 761.512 370.457 0.591129 749.586 385.201 0.147119 0 0 0 763.262 437.826 0.601599 782.595 449.99 0.456242 756.963 491.292 0.866463 748.267 432.831 0.50014 771.107 450.452 0.708576 752.169 489.789 0.764781 789.599 356.828 0.112934 0 0 0 787.182 356.527 0.471302 770.786 354.036 0.1 0
0 111 156 798.568 363.521 0.143841 778.056 372.618 0.702189 794.997 377.595 0.647558 810.006 405.66 0.513195 819.122 399.765 0.213268 761.94 366.11 0.578659 745.897 379.996 0.341621 0 0 0 770.217 435.862 0.628631 791.529 448.036 0.464936 768.056 489.565 0.76019 748.48 430.43 0.522393 772.839 450.446 0.674603 750.658 486.974 0.787361 795.189 355.137 0.147642 790.401 354.183 0.103418 793.914 353.926 0.320981 774.481 350.562 0.103955 0
0 111 157 0 0 0 782.834 370.01 0.818372 799.992 374.782 0.727142 814.357 403.707 0.635904 822.168 396.295 0.246947 766.064 363.064 0.743051 750.022 378.91 0.371608 764.993 399.076 0.0855938 773.027 432.609 0.589382 793.717 446.303 0.520486 768.274 489.13 0.515172 750.22 427.6 0.570962 780.451 448.916 0.366051 761.313 485.885 0.42103 0 0 0 0 0 0 799.56 351.313 0.510249 779.263 347.294 0.232977 0
0 111 158 0 0 0 787.827 368.262 0.883888 804.78 372.822 0.791073 819.575 401.097 0.709333 822.387 394.556 0.376176 770.192 361.529 0.734113 753.724 377.402 0.612746 764.523 378.634 0.109394 781.287 432.39 0.643207 797.408 446.525 0.624359 769.782 487.397 0.758236 756.529 427.379 0.653185 785.663 445.444 0.490027 771.736 484.578 0.66616 0 0 0 0 0 0 804.349 348.93 0.420873 783.621 344.9 0.226196 0
0 111 159 0 0 0 791.749 366.298 0.899312 809.781 371.08 0.809648 824.788 399.13 0.799038 829.564 391.095 0.317141 774.539 359.785 0.81922 757.408 376.102 0.653996 768.391 381.146 0.156956 785.64 431.732 0.659965 801.745 445.652 0.675394 770.428 485.88 0.802317 760.01 426.726 0.713328 792.848 443.268 0.444462 781.31 482.404 0.704208 0 0 0 0 0 0 809.131 346.977 0.508978 788.401 342.94 0.307444 0
0 111 160 0 0 0 795.883 364.127 0.834166 814.991 368.918 0.785194 828.932 397.174 0.806839 837.17 388.493 0.435284 778.019 358.055 0.85431 761.315 374.594 0.670296 772.259 383.658 0.1 793.027 431.294 0.681619 810.441 443.915 0.504816 780.866 484.364 0.671035 764.353 426.081 0.76615 793.509 443.263 0.344312 781.523 481.524 0.512327 0 0 0 0 0 0 813.917 345.018 0.515949 791.769 340.875 0.304234 0
0 111 161 0 0 0 800.017 362.597 0.842439 823.698 368.487 0.746134 841.537 398.909 0.628104 851.727 385.447 0.150609 776.493 355.013 0.817055 755.879 370.46 0.565961 776.126 386.17 0.1 801.723 431.299 0.610764 818.049 443.256 0.306637 789.786 483.283 0.384665 765.877 425.215 0.720227 793.94 443.048 0.476923 781.755 480.224 0.614581 0 0 0 0 0 0 819.784 343.483 0.467882 793.931 338.703 0.272807 0
0 111 162 0 0 0 803.496 361.074 0.850541 827.398 366.963 0.756488 845.879 398.029 0.724449 857.382 384.146 0.160582 779.756 353.705 0.775672 759.576 371.323 0.603731 779.994 388.682 0.153463 807.377 430.86 0.598822 823.274 441.739 0.200134 798.923 482.191 0.202801 770.663 424.567 0.573859 797.201 443.039 0.187098 782.625 478.699 0.424142 0 0 0 0 0 0 823.468 341.753 0.475818 797.404 336.976 0.296609 0
0 111 163 0 0 0 806.54 359.772 0.827496 830.667 365.665 0.821964 850.432 397.375 0.726082 862.611 383.058 0.248173 781.726 353.056 0.825127 763.266 373.277 0.720891 783.678 393.89 0.1 812.387 431.082 0.613707 829.142 439.356 0.508039 803.931 478.492 0.556537 774.791 425.434 0.703636 803.495 440.206 0.112143 787.41 479.141 0.241828 0 0 0 0 0 0 826.711 340.447 0.473054 799.582 335.677 0.362987 0
0 111 164 0 0 0 810.012 358.477 0.814828 834.149 364.364 0.791067 854.133 395.843 0.714382 869.794 382.404 0.129816 784.559 352.831 0.837179 767.833 373.061 0.526347 791.722 393.898 0.146264 817.605 430.863 0.629321 835.015 437.614 0.456499 808.056 475.443 0.42286 779.796 425.648 0.672628 809.362 439.769 0.275723 791.544 480.012 0.5097 0 0 0 0 0 0 829.329 338.94 0.485926 801.969 335.24 0.361303 0
0 111 165 0 0 0 813.271 357.182 0.832143 832.617 362.616 0.801981 849.14 393.448 0.74532 867.397 385.005 0.222578 793.041 353.05 0.870458 780.657 374.568 0.460863 804.479 392.819 0.127727 819.13 429.117 0.65435 840.654 436.308 0.503195 809.355 474.132 0.412963 788.485 424.557 0.65155 817.401 438.254 0.244368 794.8 481.743 0.438229 0 0 0 0 0 0 829.554 338.068 0.527039 806.968 335.231 0.319919 0
0 111 166 0 0 0 815.882 355.872 0.865089 835.873 361.085 0.796407 852.62 391.27 0.72872 864.246 385.76 0.324777 796.092 352.612 0.908127 784.353 374.571 0.560684 813.469 391.85 0.17244 823.045 427.379 0.6821 847.604 434.344 0.556739 815.004 471.09 0.378941 793.045 422.819 0.69954 822.183 437.813 0.243542 796.544 480.435 0.401234 0 0 0 0 0 0 831.733 337.186 0.625811 810.003 334.79 0.320533 0
0 111 167 0 0 0 818.924 354.568 0.861791 833.484 359.136 0.774446 847.183 388.01 0.707166 863.598 384.231 0.257103 804.793 352.616 0.892242 796.742 375.654 0.409204 818.693 390.991 0.103159 824.135 424.117 0.606688 844.564 430.863 0.345972 818.92 468.049 0.269242 801.952 420.86 0.607529 827.616 437.377 0.10428 801.325 477.618 0.1 0 0 0 0 0 0 831.725 336.096 0.580117 814.358 334.565 0.314947 0
0 111 168 0 0 0 822.18 353.699 0.81029 836.742 357.831 0.696278 850.237 386.493 0.500735 860.117 383.027 0.158678 807.408 352.392 0.74643 801.305 375.644 0.335921 829.389 390.067 0.1 829.139 421.726 0.520044 848.923 429.984 0.38219 823.914 465.865 0.207989 806.733 418.896 0.537544 831.524 435.645 0.27844 805.015 477.606 0.4795 0 0 0 0 0 0 833.899 335.646 0.478842 816.529 334.339 0.28866 0
0 111 169 831.484 336.625 0.269495 824.799 352.824 0.66174 839.567 356.309 0.619621 853.487 384.972 0.451041 859.9 380.415 0.23182 809.807 351.3 0.55376 805.214 374.988 0.276615 840.085 389.143 0.135285 833.491 420.204 0.528504 853.264 428.671 0.447126 828.044 464.131 0.409132 811.302 417.804 0.401226 835.217 433.687 0.298309 809.999 476.309 0.450708 823.729 334.603 0.27983 833.509 334.617 0.249333 836.072 334.558 0.374755 818.71 333.031 0.175541 0
0 111 170 827.595 336.549 0.1 827.402 351.52 0.752581 842.602 354.575 0.62732 856.747 382.811 0.28817 861.856 378.25 0.1 812.42 349.989 0.720261 808.693 374.12 0.317079 850.781 388.22 0.1 836.747 418.238 0.437856 857.391 426.069 0.307365 833.036 462.601 0.191262 814.999 416.276 0.583656 838.688 431.511 0.268171 814.779 474.781 0.362135 822.72 333.573 0.1 831.546 333.585 0.1 838.248 332.828 0.373076 821.108 331.501 0.238427 0
0 111 171 823.706 336.474 0.219175 830.012 350.215 0.495781 845.859 353.05 0.470732 859.361 380.648 0.300742 863.38 376.729 0.171358 815.462 348.474 0.465426 811.946 371.081 0.231392 861.478 387.296 0.217016 840.661 416.505 0.335574 860.867 424.115 0.363163 836.947 461.941 0.38347 818.695 414.978 0.390676 840.204 429.775 0.165503 818.903 473.693 0.353216 821.711 332.543 0.188496 829.584 332.553 0.222526 840.432 331.297 0.137429 824.142 329.973 0.265912 0
0 111 172 0 0 0 832.837 348.902 0.741542 849.121 351.526 0.646486 862.408 378.261 0.398831 865.766 374.989 0.1 818.712 346.95 0.601657 814.986 367.389 0.248519 0 0 0 843.913 414.332 0.447673 864.335 422.378 0.290482 840.433 461.945 0.237198 822.175 413.238 0.488914 840.649 430.649 0.33742 823.028 472.821 0.531045 0 0 0 0 0 0 842.831 329.566 0.327705 827.183 328.442 0.231201 0
0 111 173 0 0 0 835.869 347.159 0.849758 851.727 349.782 0.760832 865.669 376.959 0.665073 867.291 373.469 0.22193 821.319 345.216 0.737654 817.153 365.438 0.349998 0 0 0 846.302 412.374 0.571212 867.377 420.211 0.417224 845.005 461.719 0.360886 824.563 411.503 0.627131 841.082 428.477 0.382572 827.153 470.871 0.53286 0 0 0 0 0 0 846.081 328.033 0.561177 830.216 326.695 0.33544 0
0 111 174 0 0 0 838.907 345.424 0.877698 859.781 348.478 0.806589 877.616 376.091 0.691546 878.599 370.431 0.29439 818.057 343.04 0.791038 810.195 362.833 0.447425 819.741 373.676 0.0999633 853.042 411.947 0.652197 870.43 418.027 0.622735 853.912 459.768 0.680081 823.699 411.068 0.709212 838.257 427.816 0.423104 830.838 469.784 0.625575 0 0 0 0 0 0 851.299 326.297 0.592381 830.438 324.735 0.359385 0
0 111 175 0 0 0 841.735 343.701 0.862371 862.828 346.739 0.826028 880.877 375.006 0.674115 891.535 369.454 0.127369 820.227 341.52 0.831825 811.938 362.17 0.48733 821.645 369.804 0.0941532 856.75 411.079 0.688787 872.388 415.205 0.761214 859.126 459.763 0.825015 827.387 410.854 0.738998 838.255 425.862 0.535746 834.106 468.7 0.651113 0 0 0 0 0 0 854.135 324.567 0.605235 832.62 323 0.408907 0
0 111 176 0 0 0 844.125 341.966 0.84542 871.303 345.216 0.832646 892.617 375.009 0.668406 902.628 367.936 0.1 816.962 339.354 0.853807 804.98 360.645 0.461407 821.773 367.867 0.0786843 862.183 410.428 0.691287 882.602 415.203 0.766134 865.869 460.198 0.842811 825.646 410.205 0.727904 838.251 426.071 0.499445 834.337 469.566 0.716365 0 0 0 0 0 0 859.352 322.83 0.562074 833.266 320.836 0.425685 0
0 111 177 0 0 0 846.083 340.224 0.867176 873.476 343.252 0.797821 896.091 373.27 0.740049 909.808 367.837 0.203163 819.131 337.63 0.876619 805.851 360.42 0.545446 823.661 371.716 0.0937186 864.781 409.125 0.652092 884.771 413.466 0.76462 872.611 459.33 0.807892 828.044 409.779 0.73247 837.596 425.854 0.429102 835.647 469.142 0.725395 0 0 0 0 0 0 861.322 320.884 0.64733 836.085 319.096 0.430755 0
0 111 178 0 0 0 849.122 338.715 0.935633 876.311 341.717 0.818934 899.782 371.538 0.842779 912.744 369.143 0.319712 822.155 336.769 0.906577 807.161 360.853 0.713733 837.541 364.098 0.131881 867.82 407.819 0.736854 887.153 411.951 0.728626 879.126 457.593 0.767479 830.44 408.915 0.771823 837.373 426.063 0.443822 835.666 468.92 0.752642 0 0 0 0 0 0 864.149 319.364 0.68181 839.117 318.219 0.427939 1
0 111 179 0 0 0 852.377 337.631 0.97266 879.357 340.196 0.895808 903.252 370.223 0.858286 914.488 369.79 0.480795 824.773 336.124 0.937284 808.892 361.507 0.779723 834.841 366.012 0.127381 871.302 406.733 0.745565 889.109 411.509 0.730738 884.782 455.856 0.723878 833.49 408.048 0.787658 837.161 426.285 0.564268 835.671 469.355 0.825316 0 0 0 0 0 0 867.4 318.485 0.732074 841.941 317.349 0.455877 1
0 111 180 0 0 0 855.628 336.761 0.961343 882.619 338.674 0.927103 906.948 368.263 0.817288 915.569 369.349 0.450362 827.172 335.694 0.903506 810.207 363.246 0.816549 832.141 367.925 0.155677 874.351 405.648 0.744239 890.85 410.204 0.674176 890.217 453.905 0.744293 836.527 407.395 0.768676 837.164 426.292 0.67572 835.687 469.571 0.827767 0 0 0 0 0 0 870.652 317.405 0.765745 844.343 316.269 0.418297 1
0 111 181 0 0 0 858.892 335.884 0.929709 886.087 337.154 0.920407 910.427 366.521 0.830994 916.428 369.133 0.414443 830.648 335.259 0.893517 812.173 364.543 0.810069 829.441 369.838 0.180424 876.961 404.342 0.74413 892.389 409.98 0.652608 894.131 451.955 0.768081 839.353 406.096 0.763694 837.598 426.501 0.656325 835.701 469.135 0.825018 0 0 0 0 0 0 873.706 316.526 0.786491 847.813 315.193 0.3452 1
0 111 182 0 0 0 862.379 335.231 0.929852 889.567 335.851 0.894385 913.687 364.563 0.779935 916.429 369.128 0.1 834.131 335.031 0.923008 814.569 365.629 0.839807 826.741 371.751 0.156788 880.225 403.045 0.760863 893.919 409.978 0.582291 898.039 450.007 0.710393 842.406 405.226 0.741948 838.034 427.362 0.667538 835.713 469.344 0.828608 0 0 0 0 0 0 876.965 315.444 0.547754 851.289 314.329 0.507388 1
0 111 183 0 0 0 866.073 334.571 0.977034 893.478 334.555 0.894567 916.949 363.044 0.80744 916.204 368.903 0.232124 837.837 334.596 0.968318 817.821 366.283 0.909371 824.787 373.483 0.258096 883.481 401.524 0.758048 895.65 409.768 0.58838 900.657 448.045 0.746845 845.237 403.71 0.724416 838.686 427.577 0.714575 835.513 468.7 0.839719 0 0 0 0 0 0 880.442 314.142 0.608144 854.977 313.038 0.542973 1
0 111 184 0 0 0 869.777 333.693 0.96941 897.174 333.252 0.892506 919.991 361.088 0.72871 914.246 365.86 0.15471 842.403 333.95 0.935546 821.298 366.515 0.778915 823.047 375.445 0.310524 886.741 400.001 0.714086 896.959 410.845 0.492952 902.62 446.321 0.708206 848.075 401.966 0.729027 839.559 427.578 0.732033 835.513 468.049 0.846192 0 0 0 0 0 0 884.133 312.846 0.586532 859.535 311.954 0.520734 1
0 111 185 0 0 0 873.902 332.612 0.89903 900.865 332.162 0.892098 922.807 359.129 0.75502 913.159 362.601 0.169148 846.961 333.508 0.923707 824.995 366.735 0.756242 821.963 377.183 0.755028 889.355 398.911 0.745338 898.273 411.06 0.55369 903.701 445.455 0.730136 851.329 400.661 0.806124 840.864 427.157 0.759088 835.711 467.611 0.859055 0 0 0 0 0 0 887.839 311.551 0.560021 864.092 310.864 0.519748 1
0 111 186 0 0 0 878.681 331.097 0.919163 904.997 330.647 0.864923 924.988 357.184 0.748537 913.301 360.929 0.147818 851.321 332.41 0.960107 829.549 366.533 0.794473 821.738 378.921 0.817235 892.407 397.388 0.734226 899.146 410.849 0.58013 904.572 444.577 0.722906 854.807 398.706 0.817478 842.381 426.715 0.752943 835.911 466.742 0.871595 0 0 0 0 0 0 892.392 310.031 0.493181 868.017 309.351 0.574 1
0 111 187 0 0 0 882.809 329.575 0.92036 909.335 328.929 0.852099 927.167 355.648 0.809995 915.005 360.856 0.161091 855.9 330.893 0.882444 833.689 366.308 0.874578 821.947 380.669 0.837983 895.237 396.082 0.741586 899.81 410.632 0.580864 905.444 444.361 0.741588 858.28 396.961 0.80274 843.91 425.857 0.777269 836.118 466.097 0.861024 0 0 0 0 0 0 896.519 308.714 0.513238 872.152 307.827 0.615452 1
0 111 188 0 0 0 886.524 328.052 0.866872 913.247 327.407 0.844435 929.567 354.141 0.78933 918.272 362.382 0.115356 860.892 329.372 0.854592 837.831 365.438 0.925288 822.599 382.404 0.867273 898.499 394.349 0.728254 900.682 411.065 0.666257 906.311 444.356 0.790996 861.973 395.003 0.749696 845.644 425.419 0.808187 836.327 465.664 0.845646 0 0 0 0 0 0 900.007 307.197 0.53246 876.072 306.311 0.481123 1
0 111 189 0 0 0 890.447 326.529 0.829564 916.727 325.901 0.821672 931.524 353.713 0.745453 922.517 364.457 0.111256 865.891 327.84 0.887469 843.264 364.569 0.868649 826.07 383.713 0.863994 901.764 393.045 0.735087 901.556 412.373 0.63813 906.957 444.36 0.774938 865.89 393.261 0.76778 847.397 424.763 0.843321 836.548 465.451 0.851062 0 0 0 0 0 0 903.5 306.103 0.450231 880.194 305.008 0.593453 1
0 111 190 0 0 0 893.925 325.015 0.931626 919.981 324.59 0.811231 933.262 353.714 0.588333 926.221 366.636 0.1 869.6 326.323 0.883924 848.249 364.357 0.888548 830.632 385.448 0.836414 905.022 391.741 0.698399 902.846 412.805 0.60995 907.605 444.358 0.768687 870.014 391.734 0.728433 849.35 423.684 0.848968 836.975 465.882 0.825301 0 0 0 0 0 0 906.756 304.797 0.436636 882.807 303.915 0.551052 1
0 111 191 0 0 0 896.747 323.495 0.951902 922.588 323.067 0.863725 934.351 353.059 0.587531 930.344 368.676 0.1 873.296 324.805 0.854023 852.811 364.342 0.849508 835.196 386.975 0.872642 909.146 390 0.721068 903.708 412.802 0.587544 908.467 444.345 0.764083 875.215 389.987 0.761757 851.743 421.954 0.871878 838.274 465.46 0.815878 0 0 0 0 0 0 908.927 303.703 0.524095 884.994 302.83 0.57976 1
0 111 192 0 0 0 899.151 322.185 0.949628 924.321 321.966 0.886175 935.225 352.835 0.607914 934.907 370.782 0.148578 876.772 323.292 0.877278 856.952 364.332 0.807047 839.764 388.485 0.810869 911.756 388.471 0.760239 904.579 413.016 0.607727 909.109 444.342 0.741741 879.983 388.244 0.76047 854.344 420.45 0.877525 839.994 465.462 0.819794 0 0 0 0 0 0 910.774 303.038 0.456279 887.603 302.171 0.487395 1
0 111 193 0 0 0 902.176 321.101 0.885154 926.057 321.1 0.838604 936.524 353.267 0.337293 939.898 374.045 0.1 879.595 322.193 0.904738 860.865 364.105 0.807171 843.691 389.778 0.808933 914.138 387.378 0.710292 905.658 413.025 0.521559 909.536 444.113 0.7075 883.891 386.937 0.697668 856.727 419.363 0.832708 841.734 465.679 0.770763 0 0 0 0 0 0 912.515 302.373 0.221015 889.351 301.3 0.308798 1
0 111 194 0 0 0 904.357 320.235 0.876263 927.58 320.23 0.840444 937.621 353.484 0.404142 945.549 378.614 0.148864 881.783 321.106 0.881651 864.561 364.094 0.811583 847.386 391.082 0.825274 916.959 385.865 0.683537 906.73 413.034 0.495528 909.973 443.883 0.686361 887.381 385.629 0.674791 858.9 418.491 0.811113 843.486 465.682 0.797659 0 0 0 0 0 0 914.035 301.926 0.187357 890.66 300.862 0.27973 1
0 111 195 0 0 0 905.872 319.805 0.842324 928.45 319.792 0.78717 938.701 353.262 0.197609 949.806 380.993 0.1 883.734 320.671 0.830223 867.178 364.296 0.808582 849.996 392.373 0.825974 918.259 384.991 0.664975 907.818 413.251 0.49994 910.402 443.675 0.637002 890.196 384.753 0.737525 860.866 417.85 0.802019 845.667 466.111 0.823994 0 0 0 0 0 0 914.91 301.705 0.118912 892.17 300.636 0.278063 1
0 111 196 0 0 0 907.178 319.585 0.727329 928.682 319.564 0.637192 939.352 353.045 0.156472 954.063 383.371 0.1 885.257 320.656 0.727283 869.56 364.514 0.583899 851.745 393.24 0.665567 920.217 384.126 0.55146 908.465 413.247 0.372807 910.405 443.45 0.419916 893.238 384.107 0.622102 862.816 416.968 0.726239 848.926 465.886 0.76189 0 0 0 0 0 0 915.347 301.498 0.1 893.253 300.638 0.162073 1
0 111 197 0 0 0 908.47 319.368 0.872279 928.895 319.34 0.819625 939.131 352.173 0.327123 958.32 385.75 0.158599 886.561 320.643 0.817322 871.733 364.946 0.771717 853.275 393.247 0.828572 921.085 383.693 0.682415 909.119 412.808 0.446067 910.617 443.023 0.547853 894.976 383.887 0.711196 864.551 415.667 0.797391 852.413 465.455 0.825031 0 0 0 0 0 0 915.781 301.703 0.136247 894.334 300.856 0.254338 1
0 111 198 0 0 0 909.548 319.153 0.883994 928.905 319.116 0.847379 938.486 351.515 0.344282 962.577 388.128 0.108692 888.068 320.432 0.814931 873.038 364.946 0.801666 853.721 392.384 0.814724 921.947 382.825 0.677735 909.12 412.155 0.465127 909.975 442.15 0.549335 896.282 383.445 0.754463 866.271 414.789 0.842716 856.312 465.018 0.83861 0 0 0 0 0 0 917.076 301.703 0.179461 895.2 301.071 0.28396 1
0 111 199 0 0 0 910.419 319.148 0.884175 928.913 318.905 0.831543 938.269 350.209 0.371655 0 0 0 889.363 320.429 0.814551 874.557 365.152 0.8002 854.373 391.732 0.796904 923.254 382.181 0.71729 908.906 411.498 0.46012 909.755 441.714 0.616234 897.368 383.231 0.695481 867.364 414.134 0.856453 860.868 464.807 0.784203 0 0 0 0 0 0 917.506 301.925 0.202185 896.28 301.29 0.289811 1
0 111 200 0 0 0 911.281 319.366 0.888539 929.132 319.122 0.803843 938.27 350.212 0.257861 0 0 0 890.664 320.651 0.783186 876.077 365.171 0.807499 855.03 391.08 0.744651 923.469 382.392 0.649415 908.684 411.719 0.349795 908.895 441.501 0.548488 897.589 383.247 0.685782 868.017 414.346 0.817771 864.781 465.448 0.856087 0 0 0 0 0 0 918.49 302.155 0.153423 897.363 301.717 0.271026 1
0 111 201 0 0 0 911.933 319.599 0.791691 929.357 319.355 0.670077 938.268 350.213 0.189163 0 0 0 891.741 321.083 0.738022 877.167 365.189 0.688362 855.462 390.876 0.595311 924.547 382.62 0.566347 907.818 411.722 0.360516 908.036 441.075 0.549232 897.812 383.689 0.622767 868.243 414.342 0.847314 868.489 465.871 0.850646 0 0 0 0 0 0 919.897 302.387 0.123057 897.802 301.944 0.222944 1
0 111 202 0 0 0 911.935 320.252 0.811455 929.14 319.791 0.704736 937.622 350.214 0.248211 0 0 0 892.395 321.964 0.765693 878.255 365.625 0.686418 856.326 391.089 0.620436 925.415 382.631 0.57231 906.954 411.724 0.272566 907.822 441.082 0.483822 898.244 384.351 0.635427 868.462 414.557 0.877446 872.4 465.873 0.78031 0 0 0 0 0 0 920.435 302.831 0.164823 898.021 302.597 0.198034 1
0 111 203 0 0 0 911.718 321.114 0.838725 928.492 320.232 0.739583 936.97 350.431 0.173063 0 0 0 892.825 323.263 0.753442 879.131 366.071 0.762074 857.63 391.31 0.673031 925.418 383.495 0.577157 906.093 413.022 0.349242 907.604 441.518 0.57627 898.46 385.659 0.682969 868.468 415.21 0.894304 876.099 466.089 0.768805 0 0 0 0 0 0 920.217 303.482 0.140613 898.019 303.257 0.270316 1
0 111 204 0 0 0 911.074 322.625 0.852484 927.625 321.322 0.723449 935.899 351.089 0.119793 0 0 0 893.036 324.788 0.758524 880.21 366.954 0.828681 858.939 391.764 0.732324 924.992 385.014 0.590755 905.007 414.752 0.357385 907.175 441.965 0.568723 898.891 387.187 0.683611 868.475 416.282 0.876716 879.575 466.093 0.814628 0 0 0 0 0 0 919.77 304.136 0.1 897.375 304.135 0.279494 1
0 111 205 0 0 0 909.992 324.35 0.794613 926.312 322.628 0.662114 934.752 352.046 0.151927 0 0 0 892.819 326.53 0.713787 881.09 368.046 0.746678 861.102 393.062 0.662794 923.903 386.974 0.535982 903.709 416.501 0.242531 906.308 442.623 0.487965 898.883 389.359 0.621453 868.484 417.601 0.841668 881.761 466.747 0.76709 0 0 0 0 0 0 919.251 305.219 0.158914 896.08 305.44 0.255863 1
0 111 206 0 0 0 908.697 326.091 0.664363 924.794 324.377 0.538652 934.179 354.153 0.12337 0 0 0 891.96 328.273 0.629803 881.522 369.35 0.616046 862.944 395.01 0.556158 923.025 390.449 0.479082 902.181 418.472 0.260926 905.443 443.061 0.456063 897.585 392.627 0.559789 868.496 419.339 0.774163 883.716 467.395 0.711343 0 0 0 0 0 0 918.662 306.527 0.1 895.43 306.525 0.18105 1
0 111 207 0 0 0 907.182 328.05 0.769361 923.272 326.335 0.670899 933.956 356.118 0.153485 0 0 0 890.658 330.439 0.711989 881.301 371.086 0.719363 864.683 397.177 0.732501 922.153 393.056 0.575583 901.521 420.65 0.335958 905.441 444.153 0.522087 896.288 395.243 0.691788 868.504 421.083 0.81269 885.247 467.611 0.768603 0 0 0 0 0 0 916.917 308.257 0.101496 893.708 308.049 0.225929 1
0 111 208 0 0 0 905.661 330.02 0.817738 921.542 328.727 0.704756 932.864 359.594 0.190352 0 0 0 889.349 332.609 0.771662 880.013 372.607 0.733742 865.99 398.917 0.760495 920.19 396.096 0.716789 900.443 423.04 0.371919 905.004 445.018 0.549362 894.342 397.855 0.736939 868.704 422.831 0.802056 886.124 467.175 0.779732 0 0 0 0 0 0 916.044 310.001 0.103947 892.2 309.792 0.251487 1
0 111 209 0 0 0 903.716 332.623 0.753685 919.585 331.126 0.645309 931.34 361.559 0.1 0 0 0 887.605 335.424 0.714462 878.925 374.771 0.619105 866.868 401.749 0.531995 918.449 399.144 0.610337 899.575 424.786 0.308589 905.002 445.672 0.440885 892.614 401.108 0.627386 868.491 424.566 0.706309 886.771 467.175 0.750671 0 0 0 0 0 0 913.34 311.955 0.1 890.24 311.54 0.208997 1
0 111 210 0 0 0 901.542 335.647 0.549355 917.189 333.732 0.399294 927.645 363.811 0.1 0 0 0 885.655 338.457 0.562816 877.617 377.585 0.134574 868.17 404.574 0.1 916.498 401.754 0.519106 899.134 426.528 0.173006 905.217 446.333 0.398992 891.75 404.137 0.511028 868.269 426.299 0.639823 886.99 466.965 0.705917 0 0 0 0 0 0 910.764 314.33 0.1 888.057 313.705 0.109045 1
0 111 211 0 0 0 898.94 338.465 0.781214 914.585 336.544 0.645032 921.992 366.568 0.287749 0 0 0 883.27 341.064 0.745142 875.885 380.625 0.421872 868.608 407.841 0.232264 914.548 404.784 0.594026 898.48 428.259 0.21162 905.002 446.77 0.395605 890.456 406.748 0.599897 867.619 427.598 0.731562 886.987 466.75 0.716051 0 0 0 0 0 0 908.188 316.704 0.160221 885.664 315.885 0.261579 1
0 111 212 0 0 0 896.326 341.3 0.753212 909.584 339.587 0.593387 914.169 370.264 0.27143 0 0 0 882.838 343.466 0.713391 877.18 383.668 0.479209 870.348 411.097 0.257825 909.765 407.605 0.515853 894.129 428.911 0.244816 903.048 447.431 0.447114 889.368 408.923 0.591974 867.393 428.472 0.724336 886.976 466.528 0.686923 0 0 0 0 0 0 905.611 319.079 0.183926 883.929 318.71 0.271387 1
0 111 213 870.129 329.135 0.212214 893.932 343.703 0.741374 904.797 342.196 0.614011 906.76 373.733 0.101344 0 0 0 882.839 346.077 0.73394 878.487 386.274 0.58102 872.085 413.91 0.484393 905.843 409.577 0.535902 888.916 428.917 0.175994 900.441 448.723 0.325552 888.288 411.529 0.586323 866.301 428.912 0.657639 886.758 466.093 0.647459 0 0 0 871.093 322.119 0.253151 903.035 321.454 0.101746 882.621 321.535 0.608454 1
0 111 214 867.974 330.276 0.471586 891.963 345.89 0.684216 900.447 344.588 0.555935 899.426 376.695 0.1 0 0 0 882.837 348.473 0.74516 879.782 388.666 0.606256 873.174 416.301 0.532194 901.927 411.104 0.465645 884.137 428.913 0.177055 898.484 449.806 0.306306 887.209 413.485 0.579194 865.213 429.558 0.609705 886.543 465.662 0.626743 0 0 0 869.299 324.029 0.534055 0 0 0 881.958 323.932 0.686054 1
0 111 215 865.819 331.417 0.544402 890.004 347.845 0.754734 896.967 346.326 0.626152 891.951 379.153 0.1 0 0 0 881.956 350.436 0.72815 879.139 389.977 0.625319 874.372 418.904 0.451583 899.979 411.754 0.48368 879.367 428.898 0.153747 897.181 451.312 0.261052 886.994 414.133 0.580548 863.684 429.986 0.500666 886.537 465.448 0.559165 0 0 0 867.504 325.938 0.575306 0 0 0 879.784 326.527 0.674559 1
0 111 216 863.665 332.559 0.624874 887.829 349.583 0.573455 891.748 348.057 0.442701 884.333 381.107 0.157931 0 0 0 881.967 351.971 0.507968 880.879 391.504 0.288754 875.679 421.718 0.180286 895.197 412.838 0.301043 874.151 429.331 0.274145 894.569 452.828 0.229581 887.417 415.654 0.318902 862.167 430.425 0.352182 886.532 465.232 0.40261 866.727 326.713 0.076476 865.71 327.847 0.629733 0 0 0 878.249 328.483 0.631611 1
0 111 217 861.51 333.7 0.731478 885.647 351.315 0.621311 886.515 349.363 0.504644 876.082 381.985 0.158146 0 0 0 882.623 353.711 0.507955 882.824 393.246 0.2584 876.112 423.889 0.127663 890.424 413.275 0.347374 868.928 429.342 0.293199 892.18 454.142 0.2669 888.064 416.528 0.379271 863.26 431.72 0.34916 886.317 465.451 0.408631 864.777 332.59 0.0816188 863.915 329.757 0.775163 0 0 0 876.512 330.21 0.711589 1
0 111 218 859.547 335.328 0.726093 883.254 352.512 0.61439 882.49 350.454 0.499494 868.111 383.938 0.152603 0 0 0 881.973 354.806 0.503099 882.501 394.225 0.241335 874.907 423.34 0.115967 886.736 413.491 0.341678 865.559 429.771 0.285733 889.57 455.671 0.263724 887.839 416.748 0.372499 862.385 432.055 0.333305 886.176 465.523 0.393649 864.755 332.592 0.0805681 862.166 331.49 0.768199 0 0 0 874.889 331.939 0.705708 0
0 111 219 857.586 337.28 0.754882 880.862 353.389 0.632693 879.882 351.329 0.493419 861.949 385.168 0.1 0 0 0 880.018 355.901 0.536415 880.547 394.449 0.131124 871.645 420.735 0.1 884.562 414.141 0.337092 863.822 430.424 0.199015 886.744 457.617 0.254153 886.533 416.973 0.416625 859.349 431.623 0.499745 886.318 465.881 0.445019 0 0 0 860.215 333.434 0.700448 0 0 0 873.155 333.677 0.688686 0
0 111 220 855.207 339.02 0.801342 878.471 354.698 0.696298 874.226 353.072 0.646478 857.596 385.676 0.241599 845.628 391.087 0.157405 881.092 357.197 0.64321 884.019 393.152 0.432187 875.337 417.479 0.219137 879.559 414.357 0.514045 857.076 429.56 0.404454 880.65 459.123 0.339129 886.092 416.968 0.543266 861.738 432.498 0.330339 886.534 466.311 0.510649 853.025 332.538 0.0841722 858.464 335.393 0.739375 0 0 0 871.845 335.417 0.70413 0
0 111 221 852.173 340.97 0.668061 876.524 356.205 0.663993 874.871 354.589 0.660432 862.588 386.544 0.325276 843.346 394.79 0.25338 877.385 358.493 0.600503 879.014 393.363 0.401635 870.331 414.653 0.220548 880.001 414.581 0.502576 859.687 431.303 0.406015 880.216 461.076 0.352285 883.711 417.619 0.511795 857.828 431.84 0.260088 880.881 465.665 0.442319 851.135 332.646 0.0957987 855.421 337.35 0.632341 0 0 0 868.797 337.147 0.611866 0
0 111 222 849.135 342.933 0.1 874.57 357.718 0.1 875.299 356.114 0.1 867.591 387.85 0.1 841.064 398.493 0.1 873.474 359.578 0.1 872.492 393.588 0.1 865.118 412.265 0.1 880.441 416.088 0.1 857.504 429.789 0.1 873.266 461.289 0.1 881.541 418.488 0.1 854.344 430.323 0.1 873.708 465.448 0.1 0 0 0 852.163 339.103 0.1 0 0 0 865.748 338.882 0.1 127
0 111 223 845.447 344.888 0.657597 871.318 359.46 0.687185 870.743 358.283 0.557467 864.121 390.459 0.1 838.782 402.196 0.1 872.381 360.883 0.645948 873.58 393.596 0.458347 867.078 410.524 0.424314 877.407 417.382 0.445985 853.796 429.567 0.197302 866.081 462.596 0.314163 880.879 419.353 0.510709 857.596 434.889 0.314185 873.7 466.741 0.1 847.747 336.197 0.111698 848.681 340.855 0.708221 0 0 0 862.276 340.62 0.641119 0
0 111 224 842.189 347.928 0.660758 868.058 361.847 0.776563 865.525 361.105 0.68741 860.214 392.415 0.326166 835.988 408.057 0.315023 871.949 362.623 0.681432 876.615 394.9 0.314142 868.164 407.706 0.141008 872.414 418.034 0.671169 849.655 429.577 0.680266 856.518 464.34 0.642846 880.44 420.226 0.755091 861.296 438.591 0.54521 873.492 467.394 0.602421 842.796 339.061 0.227286 845.422 343.261 0.657643 0 0 0 859.45 342.802 0.638193 0
0 111 225 838.705 351.188 0.5983 865.007 364.234 0.906991 862.045 363.719 0.815567 855.882 392.411 0.399 832.739 414.914 0.1 870.197 364.573 0.808716 877.475 395.334 0.635147 869.029 404.674 0.324069 870.019 418.254 0.632802 844.871 429.794 0.393674 847.172 466.514 0.440321 878.483 420.441 0.644291 863.027 438.381 0.493161 873.485 468.262 0.514209 837.845 341.925 0.1 841.94 345.883 0.567509 0 0 0 856.193 345.408 0.663788 0
0 111 226 834.58 354.657 0.778552 861.966 367.06 0.800386 861.616 366.103 0.605998 860.669 393.927 0.311862 829.49 421.772 0.1 865.848 367.185 0.578327 873.776 397.511 0.397036 865.873 406.416 0.119982 871.32 421.729 0.569052 839.871 430.006 0.261227 837.394 468.462 0.189802 875.874 423.699 0.547478 854.999 438.162 0.613521 863.266 470.003 0.721796 832.894 344.789 0.1 838.017 348.932 0.811748 0 0 0 852.274 348.239 0.736424 0
0 111 227 829.583 357.582 0.702104 858.277 369.999 0.774796 859.775 368.923 0.75746 864.506 396.745 0.599359 826.24 428.629 0.147113 860.85 370.663 0.692602 866.93 401.75 0.503905 859.46 413.694 0.18394 871.533 425.858 0.615655 836.503 429.678 0.680309 832.615 469.653 0.75739 872.619 427.827 0.699543 849.131 438.704 0.449068 853.188 471.668 0.389688 827.943 347.653 0.124033 833.017 351.764 0.727373 0 0 0 847.593 351.069 0.728273 0
0 111 228 823.929 359.988 0.67632 854.581 372.831 0.783207 856.306 371.95 0.737861 868.483 399.782 0.412311 823.703 412.853 0.0559108 856.936 373.278 0.736871 862.578 404.142 0.604185 856.42 419.556 0.243408 869.146 428.901 0.645125 834.766 428.81 0.797467 832.837 470.087 0.827998 869.57 430.87 0.722795 845.228 438.919 0.374161 842.399 473.266 0.515969 822.408 350.11 0.145213 827.588 354.809 0.67434 0 0 0 842.805 354.109 0.674258 0
0 111 229 818.057 361.949 0.787732 849.36 374.996 0.692482 851.099 373.688 0.589915 862.182 401.078 0.242533 0 0 0 851.072 375.453 0.734258 855.839 407.396 0.386135 848.377 422.592 0.180507 864.146 430.212 0.509775 829.767 431.414 0.77732 826.109 472.488 0.709995 865.005 432.385 0.641248 835.012 439.565 0.381625 831.755 475.433 0.606456 816.97 352.705 0.123911 821.941 357.405 0.711771 0 0 0 836.722 356.715 0.666605 0
0 111 230 812.82 363.488 0.699166 842.625 376.521 0.710433 841.106 375.207 0.501457 847.404 401.291 0.202859 0 0 0 847.608 377.185 0.1 854.537 408.707 0.1 842.231 429.334 0.1 855.663 430.434 0.50884 818.887 431.415 0.517128 815.25 474.658 0.510149 861.522 432.165 0.593629 836.753 439.997 0.661146 835.45 476.298 0.627555 811.612 355.227 0.1 816.715 359.353 0.687546 0 0 0 831.512 358.465 0.689953 0
0 111 231 807.375 365.004 0.755766 835.889 378.04 0.826643 831.336 376.714 0.722987 831.972 401.503 0.350233 0 0 0 843.036 379.142 0.672358 850.851 411.522 0.531048 836.085 436.077 0.335334 848.707 430.443 0.660828 812.59 434.663 0.1 811.767 477.055 0.1 857.819 432.39 0.646424 832.185 443.043 0.657433 832.202 479.336 0.645148 806.098 357.252 0.1 811.286 361.079 0.694726 0 0 0 826.077 359.99 0.724377 0
0 111 232 801.51 366.53 0.721042 829.796 379.118 0.753425 825.243 377.15 0.615734 824.575 399.979 0.302731 0 0 0 836.083 380.449 0.586458 841.732 413.259 0.1484 829.938 442.819 0.1 843.266 429.136 0.538582 807.818 436.835 0.121678 808.509 479.003 0.582019 852.61 430.44 0.581432 821.542 440.212 0.740617 822.849 480.644 0.8303 800.233 358.784 0.1 805.853 362.816 0.76876 0 0 0 820.426 361.721 0.738427 0
0 111 233 795.644 367.181 0.679427 823.052 379.766 0.835998 818.295 377.151 0.744205 816.964 398.887 0.650136 780.325 392.749 0.410532 829.34 381.754 0.73366 832.831 414.769 0.204271 823.792 449.561 0.105303 837.609 428.06 0.496313 803.258 438.789 0.637706 806.768 480.529 0.629296 846.954 429.348 0.543894 812.192 439.553 0.662949 817.628 479.56 0.640518 794.363 360.289 0.10495 799.561 364.116 0.666552 0 0 0 814.13 363.024 0.728183 0
0 111 234 789.782 367.41 0.802626 816.106 380.624 0.839387 811.117 377.36 0.797999 809.13 400.181 0.791461 770.684 397.438 0.630747 822.827 383.272 0.757395 827.401 416.51 0.162857 0 0 0 831.747 428.71 0.675131 799.349 439.865 0.7915 806.108 481.398 0.733669 841.53 429.785 0.612521 804.794 440.851 0.304869 810.239 481.507 0.51871 788.265 361.383 0.327018 793.906 364.985 0.788811 0 0 0 808.264 364.101 0.765223 0
0 111 235 783.693 367.633 0.804108 809.149 380.832 0.835096 800.252 377.579 0.650756 791.948 399.969 0.58037 761.044 402.128 0.611458 818.261 383.707 0.703128 826.536 416.296 0.120468 0 0 0 822.182 426.748 0.439169 795.866 440.951 0.494103 805.893 482.483 0.543628 836.964 428.252 0.551182 804.555 439.772 0.710114 813.068 481.935 0.69416 782.281 362.529 0.308214 788.049 365.627 0.820336 0 0 0 802.825 364.762 0.774297 0
0 111 236 778.263 367.654 0.748694 802.837 380.832 0.834579 789.171 378.005 0.787698 775.854 398.667 0.773874 751.403 406.818 0.853567 815.648 383.056 0.752021 830.016 414.114 0.171142 0 0 0 811.74 425.662 0.649145 789.123 442.582 0.779125 800.24 483.459 0.681596 832.608 427.382 0.569472 802.818 440.418 0.434649 813.728 482.803 0.540918 776.853 363.504 0.393849 782.626 366.066 0.754911 0 0 0 797.61 365.207 0.718228 0
0 111 237 773.48 368.077 0.733991 796.102 380.823 0.860687 778.501 378.015 0.811459 759.12 397.362 0.823401 741.762 411.507 0.883989 813.261 383.045 0.771887 832.621 413.893 0.286167 0 0 0 802.382 426.096 0.715441 778.906 446.501 0.850525 788.286 485.849 0.808801 828.692 427.817 0.650252 801.071 443.679 0.581716 813.729 484.108 0.500721 771.531 364.325 0.268401 777.633 366.282 0.720199 0 0 0 792.618 365.424 0.788917 0
0 111 238 769.131 369.593 0.719157 791.103 381.051 0.903279 772.187 378.247 0.79412 752.386 398.233 0.813985 733.071 416.063 0.870411 810.217 383.275 0.793817 832.18 413.675 0.179343 0 0 0 797.154 428.923 0.625899 776.732 450.851 0.857821 785.024 490.405 0.83192 823.906 430.864 0.569115 800.637 448.896 0.409514 811.985 487.815 0.563697 766.751 365.42 0.239026 772.852 366.947 0.789289 0 0 0 788.489 365.867 0.840941 0
0 111 239 763.917 371.107 0.653504 786.961 381.495 0.904368 766.325 378.908 0.779634 746.512 399.758 0.913404 725.25 419.321 0.817353 806.948 383.513 0.83136 830.455 413.882 0.27728 0 0 0 791.934 431.967 0.599034 773.262 454.979 0.826043 780.445 494.323 0.837807 818.903 434.124 0.597161 794.328 454.555 0.498469 803.295 491.082 0.762067 761.735 366.731 0.240697 767.635 367.822 0.676525 0 0 0 783.701 366.523 0.782926 0
0 111 240 758.917 372.634 0.815837 782.391 382.37 0.893084 760.44 379.787 0.885166 740.427 401.492 0.8984 717.647 423.014 0.870785 804.566 384.374 0.917265 832.402 412.802 0.6744 843.079 431.705 0.46889 785.188 435.224 0.615343 771.078 458.467 0.442973 778.482 495.417 0.580354 813.901 437.377 0.675845 791.068 458.024 0.492509 797.41 494.777 0.568177 756.961 368.468 0.200925 762.626 369.342 0.843094 0 0 0 778.714 367.822 0.881398 0
0 111 241 754.34 374.38 0.793472 778.05 384.322 0.902756 755.659 381.529 0.875501 734.559 403.663 0.853938 711.988 425.631 0.9198 801.53 386.327 0.900056 831.089 415.625 0.663588 837.63 435.03 0.231155 779.975 440.441 0.679628 767.167 462.609 0.391257 772.184 499.324 0.313557 808.47 443.467 0.732857 786.278 461.516 0.51954 789.369 499.131 0.501544 751.952 370.415 0.292939 757.626 371.079 0.881031 0 0 0 774.151 369.353 0.863003 0
0 111 242 749.339 376.55 0.74264 774.139 386.274 0.929874 750.445 383.699 0.873329 729.13 406.067 0.836919 706.544 429.101 0.915758 798.703 388.273 0.823847 829.556 418.671 0.535842 832.182 438.356 0.341819 774.756 445.437 0.704937 763.248 467.173 0.416259 765.005 503.679 0.371608 803.471 448.475 0.671659 783.674 462.608 0.489808 783.926 502.379 0.275008 746.944 372.379 0.274637 753.048 373.027 0.725076 0 0 0 770.016 371.098 0.784921 0
0 111 243 744.55 378.937 0.798129 769.789 388.234 0.880254 745.223 385.882 0.924027 724.337 408.897 0.864697 701.755 432.367 0.906818 795.011 390.018 0.87716 824.569 420.627 0.694233 826.733 441.681 0.357793 769.102 449.787 0.743738 758.903 471.749 0.590453 757.823 508.458 0.500608 798.461 452.612 0.758131 779.049 466.301 0.501503 778.054 504.048 0.330923 742.592 374.556 0.20154 748.053 374.986 0.73315 0 0 0 765.236 373.06 0.788448 0
0 111 244 740.2 381.55 0.818002 764.798 390.21 0.832711 740.434 388.495 0.892219 719.561 411.933 0.88281 697.404 435.197 0.91237 791.094 391.972 0.841572 819.784 422.363 0.723326 821.284 445.007 0.549117 763.448 453.699 0.699411 753.698 476.966 0.264173 750.424 513.242 0.205596 793.02 455.88 0.787873 772.396 472.38 0.617948 769.784 507.384 0.573523 738.028 376.521 0.235995 743.487 376.953 0.739874 0 0 0 760.675 375.021 0.754272 0
0 111 245 735.416 384.578 0.815959 760.019 392.812 0.88765 735.861 390.465 0.81785 714.582 414.759 0.906135 693.701 437.584 0.893969 786.311 395.016 0.843771 814.338 424.337 0.432835 814.759 449.128 0.212204 757.16 456.097 0.69522 747.835 482.183 0.376168 743.246 518.251 0.340541 786.72 458.49 0.717569 765.225 477.599 0.728152 761.078 511.738 0.74177 733.029 378.708 0.269876 739.344 379.341 0.88298 0 0 0 756.754 377.402 0.860062 0
0 111 246 730.634 387.392 0.868363 755.881 395.426 0.934558 730.873 392.648 0.893214 710.448 417.155 0.900823 690.212 439.56 0.897613 781.529 398.274 0.885601 808.916 427.596 0.583327 808.247 453.7 0.349051 750.645 458.705 0.706902 741.313 485.221 0.781449 737.152 522.384 0.815249 779.99 461.755 0.685409 757.83 481.075 0.246087 753.463 515.648 0.449492 728.465 381.095 0.352255 734.56 381.735 0.862102 0 0 0 752.618 379.804 0.843937 0
0 111 247 725.633 389.338 0.837253 750.888 398.246 0.874352 726.311 394.812 0.939586 706.523 419.337 0.835459 686.729 441.536 0.909765 776.528 401.521 0.846559 802.613 431.729 0.554325 801.082 461.31 0.237788 745.22 460.442 0.735001 734.797 485.656 0.725892 732.585 522.616 0.792898 774.559 464.146 0.69052 750.226 480.863 0.1 747.372 516.73 0.1 723.9 383.044 0.272957 729.558 383.909 0.886237 0 0 0 747.832 382.83 0.879978 0
0 111 248 720.857 391.293 0.838944 746.112 401.068 0.925758 722.172 396.766 0.879246 702.399 421.289 0.844114 683.467 443.289 0.937163 771.75 404.78 0.871501 796.953 435.442 0.558842 793.475 467.832 0.182817 739.571 462.171 0.819032 729.572 486.313 0.767407 729.546 522.399 0.816226 768.907 466.539 0.703127 741.972 482.159 0.1 739.762 520.425 0.1 718.917 385.005 0.433695 725.427 386.301 0.863479 0 0 0 743.696 385.646 0.860904 0
0 111 249 715.865 393.036 0.856035 741.761 403.462 0.871917 717.618 398.721 0.845535 698.916 422.596 0.867102 680.635 444.382 0.923319 766.74 407.18 0.848428 791.307 438.917 0.445864 785.655 471.743 0.210508 735.443 463.69 0.699933 722.624 486.531 0.595016 723.891 525.003 0.550155 764.347 468.492 0.709421 737.196 482.812 0.700329 738.029 521.085 0.675004 714.129 386.752 0.306946 720.652 388.048 0.79761 0 0 0 739.346 387.827 0.838141 0
0 111 250 711.304 394.549 0.892248 736.544 404.988 0.852692 712.615 400.239 0.9128 694.999 424.345 0.858962 677.821 445.242 0.888044 761.506 408.707 0.857518 785.66 439.567 0.636478 777.832 473.911 0.391511 730.002 463.702 0.675925 716.313 485.878 0.530834 721.935 523.495 0.569717 759.124 469.566 0.744079 733.07 482.583 0.614213 737.595 521.301 0.695549 710.214 387.845 0.385731 715.669 389.561 0.798529 0 0 0 734.56 389.563 0.782876 0
0 111 251 707.376 395.641 0.854086 731.761 406.731 0.851008 709.12 401.982 0.872047 690.641 427.38 0.821648 676.531 441.772 0.863884 756.07 410.242 0.902111 780.003 440.221 0.688125 771.745 472.387 0.702588 724.566 464.566 0.660775 709.58 484.794 0.526523 720.859 521.754 0.571067 753.474 471.077 0.692001 725.46 483.448 0.562874 730.427 525.436 0.675087 706.307 388.722 0.359955 711.325 390.87 0.821287 0 0 0 729.78 390.872 0.859095 0
0 111 252 702.599 396.515 0.810352 727.418 408.269 0.89861 705.868 403.722 0.844569 685.877 429.55 0.882009 675.861 437.419 0.845984 750.853 411.971 0.879645 773.266 442.4 0.683501 764.358 474.118 0.558288 720.434 465.651 0.704439 703.055 483.7 0.553658 718.912 519.801 0.52112 749.124 472.378 0.654951 718.135 483.233 0.621261 725.86 527.691 0.727798 701.86 389.797 0.226787 706.974 392.165 0.787484 0 0 0 725.207 392.178 0.834871 0
0 111 253 697.822 397.164 0.820865 723.712 410.003 0.887742 702.615 405.459 0.783585 681.968 431.293 0.746485 674.779 433.287 0.828949 745.852 413.708 0.854914 766.528 445.66 0.424721 756.11 477.816 0.208916 715.875 466.526 0.595512 696.955 481.314 0.588845 714.789 518.279 0.503114 744.566 474.112 0.662137 713.925 481.713 0.473867 723.683 528.491 0.730148 697.518 391.082 0.241784 702.186 393.461 0.733503 0 0 0 720.422 393.689 0.778406 0
0 111 254 693.468 398.041 0.81422 719.8 411.529 0.854251 699.574 407.627 0.869062 678.485 433.035 0.690221 673.257 429.377 0.71182 741.499 414.365 0.899525 761.751 447.397 0.491773 752.413 474.994 0.205953 711.959 468.035 0.641293 690.869 478.049 0.514311 708.709 516.538 0.390765 740.867 474.985 0.634075 710.661 478.894 0.560118 723.687 528.057 0.763228 693.377 392.588 0.377126 697.402 394.766 0.743864 0 0 0 715.425 394.995 0.767368 0
0 111 255 688.254 398.706 0.789505 715.455 413.268 0.869297 697.618 409.364 0.817871 675.011 434.56 0.763328 672.581 423.365 0.461294 735.625 416.099 0.85421 753.483 449.794 0.574916 744.578 477.162 0.273268 708.92 468.897 0.62979 683.91 478.044 0.545978 702.183 516.104 0.424139 736.085 475.42 0.65022 703.703 478.894 0.614723 717.371 527.617 0.76125 688.366 393.682 0.1675 692.397 395.855 0.776982 0 0 0 710.212 396.299 0.769295 0
0 111 256 683.245 400.442 0.765165 711.752 415.231 0.902464 695.222 411.536 0.829204 671.746 436.296 0.854154 671.904 417.352 0.658816 729.542 417.838 0.865011 746.537 452.406 0.619897 736.102 478.469 0.308648 706.314 470.858 0.607788 676.959 477.823 0.554211 694.139 516.096 0.685837 731.744 477.165 0.719711 696.312 478.889 0.578647 708.673 528.485 0.831691 682.837 395.12 0.1 687.178 397.159 0.715087 0 0 0 704.786 397.605 0.750258 0
0 111 257 677.596 402.179 0.813865 707.833 417.62 0.885203 692.182 414.566 0.766409 668.051 438.266 0.771544 671.228 411.339 0.619332 724.318 419.795 0.881612 740.013 455.655 0.602602 728.496 480.636 0.232456 704.793 474.127 0.603444 671.524 474.996 0.668203 684.353 517.185 0.759478 728.699 480.21 0.668134 690.881 475.854 0.619474 698.679 529.563 0.880791 677.648 396.248 0.21146 681.096 398.464 0.786021 0 0 0 699.357 399.349 0.788146 0
0 111 258 672.151 404.131 0.693457 703.055 419.798 0.762219 689.572 417.178 0.685887 664.792 442.182 0.534752 670.552 405.326 0.489837 718.447 421.755 0.760884 732.84 459.566 0.352317 719.805 483.475 0.172735 701.751 477.828 0.53067 665 478.254 0.527126 672.839 521.517 0.527169 724.126 483.692 0.593946 683.7 481.508 0.425194 687.166 532.387 0.662972 671.945 397.506 0.173858 675.434 400.206 0.805825 0 0 0 693.275 401.293 0.753327 0
0 111 259 665.85 406.088 0.870296 698.483 421.981 0.705386 685.221 420 0.572523 661.306 445.442 0.252637 0 0 0 713.02 423.922 0.743503 726.745 463.482 0.536046 712.408 487.827 0.515559 698.496 480.647 0.40276 659.344 480.861 0.457348 661.754 526.726 0.384641 720.004 485.653 0.527039 676.958 485.206 0.468314 675.644 535.219 0.47059 665.718 399.546 0.10934 669.769 402.161 0.836877 0 0 0 687.612 403.244 0.784097 0
0 111 260 659.116 408.254 0.861062 692.834 423.951 0.781675 680.015 422.175 0.49919 657.399 447.184 0.295684 0 0 0 706.495 425.88 0.730694 720.021 466.736 0.643594 705.666 493.053 0.641978 694.369 481.737 0.343894 653.689 484.343 0.294178 650.66 531.73 0.37801 715.875 486.748 0.509826 674.782 486.957 0.438749 675.634 535.001 0.68208 658.971 401.924 0.1 663.026 404.123 0.847508 0 0 0 680.87 405.414 0.766262 0
0 111 261 651.95 410.202 0.921192 686.09 426.118 0.732682 673.052 424.137 0.540658 652.82 448.93 0.255076 0 0 0 700.397 427.844 0.670077 715.877 468.046 0.58451 698.708 496.753 0.543696 685.889 483.9 0.301755 647.823 489.565 0.403186 640.444 537.378 0.486214 706.746 488.704 0.43982 668.048 492.616 0.268841 664.77 538.913 0.534136 652.111 404.092 0.1 656.071 406.079 0.811785 0 0 0 674.342 407.377 0.803018 0
0 111 262 644.776 411.95 0.917988 679.132 428.724 0.74813 666.086 426.526 0.555761 647.812 451.316 0.120517 0 0 0 693.446 430.668 0.687929 711.746 468.917 0.653245 692.397 500.233 0.690787 678.059 486.732 0.39029 641.749 495.656 0.542809 632.619 542.813 0.56498 699.14 491.962 0.520304 670.002 499.14 0.259556 659.127 540.429 0.322412 645.14 406.049 0.1 648.898 407.83 0.889812 0 0 0 666.955 409.334 0.83932 0
0 111 263 636.953 413.467 0.857074 671.303 431.117 0.772626 658.262 428.91 0.710809 641.503 453.709 0.3318 0 0 0 684.974 433.697 0.736909 704.573 471.519 0.646147 684.244 506.215 0.720798 669.362 488.698 0.463471 635.869 501.746 0.571032 626.957 548.029 0.645921 690.658 495.649 0.477553 661.526 505.008 0.155981 647.824 543.908 0.305052 638.057 408.251 0.1 641.507 409.56 0.840595 0 0 0 659.562 411.29 0.818401 0
0 111 264 629.567 415.423 0.833542 663.699 433.723 0.801517 649.999 431.945 0.658832 634.338 457.18 0.182565 628.447 460.199 0.160192 676.712 435.665 0.761205 700.444 472.601 0.503922 679.906 507.741 0.56557 663.924 493.706 0.431322 630.43 502.839 0.615124 622.17 551.501 0.671036 682.613 500.208 0.5201 655.226 506.966 0.213136 642.606 547.393 0.342818 630.974 410.453 0.122659 634.109 411.3 0.839405 0 0 0 651.74 413.242 0.80452 0
0 111 265 621.103 416.526 0.866664 656.091 435.674 0.79394 641.301 434.343 0.802137 627.171 460.653 0.225796 620.41 461.945 0.12716 670.622 437.202 0.754076 696.745 473.042 0.453581 676.754 509.588 0.41728 656.311 497.617 0.665958 624.773 505.672 0.688244 618.697 554.977 0.695874 675.654 503.25 0.573837 649.36 509.148 0.387633 639.774 549.568 0.370489 623.891 412.655 0.1 625.858 412.819 0.784506 0 0 0 644.333 414.557 0.738285 0
0 111 266 613.915 418.255 0.900899 648.038 437.192 0.796358 632.385 435.873 0.736871 620.314 463.253 0.329554 612.374 463.69 0.333986 664.102 438.922 0.75336 692.395 473.264 0.473821 673.715 511.118 0.143129 646.961 499.789 0.508866 616.742 511.323 0.547633 616.746 557.594 0.551335 668.042 505.639 0.49427 641.317 514.579 0.479577 638.247 551.313 0.190094 616.808 414.857 0.102192 618.459 414.127 0.903835 0 0 0 636.509 415.638 0.807837 0
0 111 267 605.665 419.335 0.80134 639.774 438.709 0.71741 622.383 437.599 0.537541 612.477 463.907 0.208092 604.338 465.435 0.23487 657.372 440.435 0.656237 687.619 472.833 0.183412 672.19 512.855 0.1 636.525 500.216 0.418394 610.866 513.05 0.438549 616.527 557.821 0.586485 659.577 505.856 0.426406 637.631 512.407 0.270132 643.674 549.792 0.333141 0 0 0 610.851 414.775 0.826799 0 0 0 629.317 416.301 0.786231 0
0 111 268 598.049 420.645 0.785201 631.737 440.215 0.707993 614.335 438.904 0.405481 603.798 462.385 0.145698 596.302 467.18 0.135036 649.337 441.949 0.478573 682.402 472.611 0.141784 670.236 513.941 0.1 627.6 502.382 0.349947 604.135 515.655 0.235211 616.522 557.82 0.306721 650.662 507.599 0.346105 633.711 513.712 0.413081 648.24 548.7 0.619544 600.625 414.712 0.0964158 602.593 415.439 0.861143 0 0 0 621.07 417.181 0.717411 0
0 111 269 590.226 421.941 0.796744 624.558 441.948 0.733882 605.851 440.432 0.623605 596.622 464.121 0.250304 0 0 0 642.821 443.894 0.72824 677.399 473.057 0.43522 668.06 515.014 0.1 618.908 506.514 0.368396 598.482 517.605 0.314591 616.524 557.382 0.431227 642.617 511.289 0.473494 624.579 516.751 0.418454 639.55 551.313 0.548256 587.041 414.775 0.0755693 595.198 416.3 0.774083 0 0 0 613.901 418.27 0.717566 0
0 111 270 583.251 423.464 0.852706 617.608 443.471 0.760587 599.114 442.16 0.567104 590.528 465.857 0.1 0 0 0 635.431 445.409 0.627935 670.443 475.222 0.257856 665.236 515.885 0.177958 614.566 509.131 0.415302 592.829 517.821 0.323162 616.529 556.29 0.538856 638.497 514.111 0.473748 620.013 516.523 0.184474 638.676 551.09 0.231038 584.925 414.92 0.0968829 587.584 417.177 0.838381 0 0 0 606.3 419.349 0.702184 0
0 111 271 576.073 425.185 0.833794 610.651 444.554 0.811875 591.082 443.256 0.801868 582.482 464.558 0.136628 0 0 0 628.692 446.07 0.848485 662.835 476.742 0.620742 662.405 516.316 0.430788 609.125 512.175 0.633627 587.604 519.339 0.521795 614.784 555.427 0.7472 632.629 516.285 0.671329 606.107 517.611 0.378926 631.94 554.565 0.387553 573.269 414.702 0.0829663 580.408 418.69 0.803587 0 0 0 599.329 420.658 0.77326 0
0 111 272 568.897 426.702 0.868963 603.702 446.068 0.821691 583.473 444.781 0.708975 572.479 463.687 0.129384 0 0 0 623.474 447.16 0.787474 657.402 478.047 0.497761 658.39 517.291 0.221238 603.905 516.087 0.617804 582.392 521.299 0.658825 610.441 556.734 0.774163 627.63 518.894 0.668172 605.667 523.043 0.494602 628.465 556.303 0.700038 569.295 416.711 0.117173 572.802 419.999 0.828744 0 0 0 591.947 421.964 0.728954 0
0 111 273 561.501 427.799 0.73996 596.513 446.939 0.796503 574.775 445.867 0.769814 563.783 461.738 0.103056 0 0 0 618.255 448.026 0.767884 650.884 478.49 0.537957 654.472 517.287 0.24736 594.118 516.3 0.554684 577.397 527.599 0.426574 603.713 560.649 0.55602 622.625 519.104 0.630013 607.186 529.562 0.273993 627.819 558.912 0.523368 557.594 414.759 0.0745807 565.629 421.523 0.710054 0 0 0 584.759 423.269 0.770054 0
0 111 274 554.55 429.317 0.729453 588.909 448.468 0.787267 567.173 447.602 0.735386 554.224 460.873 0.208064 0 0 0 611.293 449.754 0.779906 643.925 480 0.582126 650.081 516.233 0.355572 585.653 517.39 0.50637 571.309 532.603 0.301126 595.002 565.87 0.414319 615.667 520.188 0.631488 608.927 534.782 0.43951 627.605 559.782 0.662318 553.723 416.707 0.0764962 558.888 423.057 0.662829 0 0 0 577.591 424.79 0.666079 0
0 111 275 547.594 430.628 0.78737 582.182 450.205 0.811639 565.218 449.124 0.745549 556.947 463.049 0.114857 0 0 0 599.99 451.507 0.771381 636.863 481.52 0.65173 645.218 514.129 0.529295 583.045 520.211 0.562249 574.13 536.949 0.267454 595.002 566.299 0.303854 606.108 522.367 0.659692 602.605 540.432 0.338409 615.648 565.222 0.518226 0 0 0 551.728 424.574 0.78695 0 0 0 569.991 426.317 0.799874 0
0 111 276 541.074 432.801 0.907956 576.093 452.154 0.795354 559.785 451.084 0.843395 555.216 465.549 0.608165 469.005 437.072 0.579576 593.025 453.246 0.782392 629.897 483.264 0.714192 639.78 510.862 0.671578 577.834 523.261 0.593115 567.833 541.523 0.299484 583.059 571.29 0.397736 599.359 525.411 0.67402 593.032 545.644 0.426459 597.6 572.177 0.194015 0 0 0 544.776 426.535 0.798382 0 0 0 562.396 428.275 0.799104 0
0 111 277 534.12 434.763 0.794242 569.785 454.344 0.798855 553.701 453.911 0.768891 549.992 470.543 0.339197 500.493 450.776 0.26555 586.498 455.213 0.801485 623.159 486.519 0.702754 633.698 514.55 0.602996 572.843 526.309 0.713901 561.967 545.656 0.456103 570.895 576.291 0.444395 594.143 528.454 0.721137 582.833 549.782 0.526803 580.204 578.71 0.162821 0 0 0 537.815 428.923 0.845613 0 0 0 555.211 430.659 0.8275 0
0 111 278 527.379 436.945 0.750031 563.272 456.519 0.791581 552.398 455.857 0.798556 553.25 473.584 0.426495 531.98 464.481 0.312204 575.636 458.256 0.802049 606.415 487.169 0.435506 615.876 508.044 0.1 572.624 528.916 0.576442 560.56 548.917 0.399249 570.459 576.517 0.350193 586.526 531.069 0.615866 573.042 554.127 0.28233 564.551 584.793 0.177701 0 0 0 530.859 431.539 0.754101 0 0 0 547.813 433.26 0.720944 0
0 111 279 520.423 440.201 0.620665 557.395 459.34 0.798353 550.444 457.817 0.696911 556.298 477.281 0.506984 536.665 472.708 0.227212 564.769 461.52 0.686839 589.248 485.864 0.1 596.75 500.212 0.1 570.45 532.398 0.607154 564.685 551.742 0.223574 569.589 576.754 0.367088 577.388 534.984 0.691887 563.691 558.052 0.622385 551.079 589.803 0.497448 0 0 0 523.694 434.368 0.695835 0 0 0 540.429 436.089 0.73609 0
0 111 280 513.466 443.243 0.561432 550.23 462.378 0.735071 548.478 460.848 0.561202 558.469 484.671 0.1 546.545 484.433 0.1 552.82 464.567 0.637279 572.941 483.894 0.431557 577.898 494.222 0.206931 567.41 535.652 0.416085 568.376 553.334 0.300804 569.8 576.535 0.262975 567.385 538.466 0.609765 553.036 560.442 0.704342 538.896 593.07 0.652242 0 0 0 516.735 436.557 0.582309 0 0 0 533.258 438.912 0.659648 0
0 111 281 506.078 445.429 0.672518 543.05 464.777 0.777495 541.95 463.246 0.683048 563.684 491.301 0.272546 556.424 496.158 0.160034 544.12 467.177 0.696599 564.466 487.16 0.580636 559.047 488.232 0.392481 563.496 538.037 0.530679 571.853 555.214 0.461345 574.689 573.086 0.453585 559.342 540.209 0.653222 539.995 558.484 0.785443 529.115 596.109 0.655547 0 0 0 509.341 438.727 0.634993 0 0 0 525.656 441.3 0.730412 0
0 111 282 498.684 448.248 0.496881 536.317 467.602 0.819821 539.991 466.064 0.801289 568.244 498.038 0.585546 0 0 0 533.255 470.003 0.757898 548.289 487.152 0.103034 540.196 482.242 0.115422 560.459 541.737 0.673438 575.761 554.78 0.1 579.578 569.637 0.454932 549.122 544.353 0.678247 525.451 557.41 0.776444 516.508 598.059 0.69124 0 0 0 502.161 440.891 0.576406 0 0 0 518.275 443.908 0.740742 0
0 111 283 491.71 450.633 0.616261 529.357 469.56 0.837857 537.817 468.014 0.804625 574.329 504.125 0.675676 0 0 0 521.31 472.183 0.795841 532.111 487.145 0.533696 521.345 476.252 0.480815 558.057 544.554 0.630205 579.322 555.077 0.137782 584.467 566.188 0.462932 539.125 547.398 0.663254 510.907 556.335 0.563069 503.902 601.76 0.646613 0 0 0 494.77 442.84 0.709957 0 0 0 510.664 445.858 0.744943 0
0 111 284 484.102 452.48 0.621778 522.176 471.423 0.643207 530.644 470.402 0.558382 568.131 507.598 0.115345 0 0 0 513.378 474.135 0.622626 515.934 487.138 0.146674 489.072 446.094 0.0864451 550.772 547.377 0.387869 573.188 556.339 0.1 589.356 562.738 0.345054 531.515 550.11 0.464938 496.363 555.261 0.218538 502.922 601.133 0.419931 485.225 444.229 0.105639 487.369 444.477 0.698981 0 0 0 503.59 447.486 0.67397 0
0 111 285 476.482 453.788 0.683375 515.005 473.179 0.452489 527.385 472.37 0.306521 566.388 511.174 0.1 0 0 0 501.643 476.095 0.381711 499.757 487.13 0.132244 0 0 0 546.418 551.069 0.203044 574.748 557.256 0.1 0 0 0 521.947 553.581 0.240473 481.82 554.186 0.212267 501.943 600.505 0.345858 475.416 444.176 0.0980388 479.541 445.783 0.72122 0 0 0 496.416 448.787 0.550586 0
0 111 286 469.303 455.517 0.747181 508.265 474.912 0.706033 525.005 473.472 0.64811 568.779 514.437 0.193509 0 0 0 490.339 478.263 0.620757 0 0 0 0 0 0 542.283 554.55 0.498145 575.083 559.127 0.144004 0 0 0 511.073 556.624 0.462441 493.039 581.088 0.0947881 500.964 599.878 0.183728 0 0 0 472.371 447.303 0.76862 0 0 0 489.253 450.313 0.715712 0
0 111 287 461.695 456.611 0.423933 501.292 476.434 0.399088 518.697 475.441 0.34832 562.035 516.829 0.202152 538.098 465.707 0.0984958 482.287 478.915 0.370787 477.386 522.352 0.0510555 0 0 0 533.153 557.588 0.266575 568.663 562.391 0.1 0 0 0 500.855 559.014 0.287889 496.969 590.857 0.0934019 499.985 599.251 0.117509 0 0 0 464.549 447.947 0.405894 0 0 0 481.864 450.969 0.390708 0
0 111 288 454.515 456.836 0.1 493.685 477.102 0.1 511.525 476.968 0.1 554.645 518.563 0.1 0 0 0 474.906 479.568 0.1 0 0 0 0 0 0 525.322 559.324 0.1 555.488 567.046 0.1 0 0 0 492.812 560.322 0.1 0 0 0 0 0 0 0 0 0 457.376 448.814 0.1 0 0 0 474.467 451.616 0.1 127
0 111 289 447.496 457.46 0.553981 487.681 477.538 0.627878 508.075 477.505 0.598024 550.012 519.778 0.616065 536.382 481.98 0.284799 466.56 480.282 0.54427 475.384 508.736 0.0531972 0 0 0 519.291 561.347 0.406952 542.313 571.701 0.1 0 0 0 484.266 562.115 0.413081 0 0 0 0 0 0 0 0 0 449.822 449.692 0.555658 0 0 0 466.938 451.876 0.512351 0
0 111 290 440.476 458.085 0.584047 481.678 477.974 0.778364 504.625 478.043 0.781676 545.378 520.993 0.753851 531.521 485.884 0.21529 458.215 480.997 0.738826 0 0 0 0 0 0 513.26 563.37 0.68035 529.138 576.357 0.1 0 0 0 475.72 563.908 0.618675 450.051 557.6 0.0522459 0 0 0 0 0 0 442.268 450.569 0.588588 0 0 0 459.409 452.135 0.625305 0
0 111 291 433.457 458.71 0.394803 475.674 478.41 0.849883 501.175 478.581 0.751933 540.745 522.208 0.773204 526.66 489.788 0.200037 449.87 481.712 0.785846 446.076 520.445 0.0632722 0 0 0 507.228 565.393 0.628174 515.962 581.012 0.160314 504.753 610.464 0.130948 467.174 565.701 0.647754 0 0 0 0 0 0 0 0 0 434.714 451.447 0.403982 489.092 448.077 0.0809903 451.879 452.395 0.500442 0
0 111 292 426.438 459.334 0.282416 469.67 478.846 0.547423 497.726 479.118 0.503655 536.112 523.423 0.256128 0 0 0 441.524 482.426 0.575341 442.196 536.083 0.0694812 0 0 0 501.197 567.416 0.344293 0 0 0 0 0 0 458.628 567.494 0.367502 0 0 0 0 0 0 0 0 0 427.161 452.324 0.262134 0 0 0 444.35 452.654 0.359701 0
0 111 293 0 0 0 0 0 0 0 0 0 0 0 0 0 0 0 0 0 0 0 0 0 0 0 0 0 0 0 0 0 0 0 0 0 0 0 0 0 0 0 0 0 0 0 0 0 0 0 0 0 0 0 0 0 0 127
0 111 294 0 0 0 0 0 0 0 0 0 0 0 0 0 0 0 0 0 0 0 0 0 0 0 0 0 0 0 0 0 0 0 0 0 0 0 0 0 0 0 0 0 0 0 0 0 0 0 0 0 0 0 0 0 0 127
0 111 295 0 0 0 0 0 0 0 0 0 0 0 0 0 0 0 0 0 0 0 0 0 0 0 0 0 0 0 0 0 0 0 0 0 0 0 0 0 0 0 0 0 0 0 0 0 0 0 0 0 0 0 0 0 0 127
0 111 296 0 0 0 0 0 0 0 0 0 0 0 0 0 0 0 0 0 0 0 0 0 0 0 0 0 0 0 0 0 0 0 0 0 0 0 0 0 0 0 0 0 0 0 0 0 0 0 0 0 0 0 0 0 0 127
0 111 297 0 0 0 0 0 0 0 0 0 0 0 0 0 0 0 0 0 0 0 0 0 0 0 0 0 0 0 0 0 0 0 0 0 0 0 0 0 0 0 0 0 0 0 0 0 0 0 0 0 0 0 0 0 0 127
0 111 298 387.293 479.737 0.193266 419.928 498.409 0.271897 415.847 497.847 0.143799 0 0 0 0 0 0 423.645 505.249 0.294887 424.572 548.814 0.304197 389.493 571.629 0.379364 442.169 569.336 0.0864277 0 0 0 0 0 0 447.607 575.227 0.129587 0 0 0 0 0 0 0 0 0 393.065 471.087 0.17446 0 0 0 404.789 474.266 0.229868 0
0 111 299 377.891 481.742 0.259906 411.987 499.966 0.482772 406.503 499.499 0.363195 397.158 538.068 0.141144 385.488 567.391 0.0987201 416.742 506.101 0.49598 418.769 551.213 0.422065 388.068 575.89 0.483974 424.392 567.219 0.262862 397.103 586.961 0.147545 385.519 624.132 0.165578 441.3 576.916 0.294792 399.093 579.152 0.133437 393.25 626.056 0.119297 381.548 477.38 0.0681759 383.237 473.673 0.253364 0 0 0 395.784 475.917 0.326496 0
0 111 300 368.488 483.747 0.1 404.045 501.523 0.410097 397.159 501.151 0.251419 0 0 0 0 0 0 409.839 506.953 0.321832 412.966 553.611 0.289453 386.643 580.151 0.337319 436.622 575.531 0.227196 0 0 0 0 0 0 434.994 578.605 0.25191 387.419 586.927 0.10729 387.392 620.228 0.224805 0 0 0 373.408 476.26 0.1 0 0 0 386.778 477.567 0.148426 0
0 111 301 359.085 485.753 0.1 396.104 503.08 0.1 387.815 502.804 0.1 0 0 0 0 0 0 402.936 507.805 0.1 407.163 556.009 0.1 385.219 584.412 0.1 441.194 582.057 0.1 0 0 0 0 0 0 428.688 580.293 0.1 0 0 0 0 0 0 0 0 0 363.58 478.846 0.1 0 0 0 377.773 479.218 0.1 127
0 111 302 349.683 487.758 0.168554 388.163 504.637 0.460535 378.47 504.456 0.277475 0 0 0 0 0 0 396.034 508.657 0.489893 401.36 558.407 0.533499 383.794 588.673 0.401977 430.452 585.008 0.257072 0 0 0 0 0 0 422.381 581.982 0.333049 420.621 649.551 0.0620891 0 0 0 0 0 0 353.751 481.432 0.157568 0 0 0 368.767 480.868 0.260776 0
0 111 303 340.781 490.256 0.1 380.551 506.59 0.1 370.644 506.635 0.1 0 0 0 0 0 0 388.752 509.636 0.1 395.82 560.257 0.1 382.056 592.32 0.1 0 0 0 0 0 0 0 0 0 415.298 584.503 0.1 0 0 0 0 0 0 0 0 0 344.088 484.147 0.1 0 0 0 359.96 482.398 0.1 127
0 111 304 331.44 491.075 0.241868 372.729 507.569 0.249192 362.825 507.62 0.1 0 0 0 0 0 0 380.869 510.561 0.201682 391.196 561.506 0.164791 381.402 595.672 0.255376 401.111 573.287 0.0855397 0 0 0 0 0 0 407.083 587.508 0.135896 0 0 0 0 0 0 0 0 0 335.112 485.39 0.239287 0 0 0 351.423 483.593 0.291814 0
0 111 305 322.57 492.169 0.267487 364.951 508.577 0.318528 352.039 508.584 0.192943 0 0 0 0 0 0 375.989 511.546 0.258251 386.509 562.898 0.10536 381.35 598.971 0.1 379.557 585.004 0.0897316 0 0 0 0 0 0 400.357 588.343 0.1 0 0 0 0 0 0 0 0 0 326.526 487.272 0.277712 0 0 0 343.917 485.602 0.323326 0
0 111 306 313.7 493.263 0.1 357.174 509.586 0.1 341.253 509.547 0.1 0 0 0 0 0 0 371.109 512.531 0.1 381.822 564.289 0.1 381.298 602.269 0.1 0 0 0 0 0 0 0 0 0 393.63 589.178 0.1 0 0 0 0 0 0 0 0 0 317.939 489.153 0.1 0 0 0 336.411 487.61 0.1 127
0 111 307 304.83 494.357 0.1 349.397 510.595 0.1 330.467 510.51 0.1 0 0 0 0 0 0 366.229 513.516 0.1 377.135 565.681 0.1 381.245 605.568 0.1 0 0 0 0 0 0 0 0 0 386.903 590.013 0.1 0 0 0 0 0 0 0 0 0 309.352 491.035 0.1 0 0 0 328.905 489.619 0.1 127
0 111 308 295.96 495.451 0.1 341.619 511.604 0.1 319.681 511.474 0.1 0 0 0 0 0 0 361.349 514.501 0.1 372.447 567.072 0.1 381.193 608.867 0.1 0 0 0 0 0 0 0 0 0 380.176 590.847 0.1 0 0 0 0 0 0 0 0 0 300.766 492.917 0.1 0 0 0 321.399 491.628 0.1 127
0 111 309 289.674 495.038 0.51742 334.61 512.6 0.636986 318.91 512.615 0.50528 0 0 0 0 0 0 350.253 516.526 0.640417 371.778 561.529 0.530677 381.545 606.536 0.564904 342.415 596.739 0.303079 0 0 0 0 0 0 363.914 600.672 0.362579 338.527 616.228 0.059904 0 0 0 0 0 0 295.452 491.111 0.54268 0 0 0 315.001 491.125 0.628627 0
