2 111 81 1215.73 79.0871 0.899749 1225.07 92.3371 0.857665 1195.77 83.7506 0.897795 1177.53 119.374 0.71402 1178.06 157.304 0.519379 1253.39 99.8782 0.830404 1260.81 145.067 0.891544 1253.14 180.165 0.883188 1183.75 162.575 0.899109 1172.85 211.986 0.661118 1184.66 251.258 0.268835 1215.78 176.25 0.840947 1192.91 225.375 0.918761 1166.15 282.793 0.884628 1214.38 70.4016 0.944891 1225.6 72.891 0.885597 0 0 0 1242.5 72.6735 0.855562 0
2 111 82 1213.21 79.3167 0.933375 1222.56 93.3858 0.827303 1192.97 84.2728 0.882299 1175.48 120.997 0.737742 1175.56 158.576 0.594698 1251.23 101.433 0.816709 1258.59 146.791 0.918887 1250.56 181.919 0.870718 1180.85 163.945 0.873719 1168.72 212.474 0.670566 1179.26 250.998 0.31797 1213.19 177.462 0.852399 1191.32 226.912 0.905881 1166.14 282.958 0.879492 1211.92 70.4103 0.955095 1222.89 73.2546 0.850338 1212.99 54.785 0.0817778 1239.64 73.7454 0.829095 0
2 111 83 1210.7 79.5464 0.927694 1220.04 94.4345 0.806362 1190.17 84.795 0.852404 1173.43 122.62 0.675576 1173.05 159.847 0.496141 1249.08 102.988 0.819428 1256.38 148.515 0.882333 1247.99 183.674 0.862556 1177.96 165.315 0.862631 1164.58 212.962 0.777576 1173.86 250.738 0.268988 1210.6 178.674 0.85894 1189.73 228.449 0.887801 1166.13 283.122 0.895345 1209.47 70.4189 0.917781 1220.18 73.6183 0.837794 0 0 0 1236.78 74.8172 0.835802 0
2 111 84 1208.18 79.776 0.90227 1217.52 95.4832 0.827877 1187.37 85.3172 0.844667 1171.38 124.243 0.671056 1170.55 161.119 0.562245 1246.92 104.543 0.843378 1254.16 150.238 0.8622 1245.41 185.429 0.864254 1175.06 166.684 0.800744 1160.45 213.45 0.728341 1168.46 250.478 0.327944 1208.02 179.885 0.834296 1188.14 229.986 0.809722 1166.11 283.286 0.875671 1207.01 70.4275 0.882269 1217.47 73.9819 0.848125 0 0 0 1233.92 75.8891 0.850865 0
2 111 85 1205.66 80.0057 0.856421 1215 96.5318 0.876396 1184.56 85.8394 0.8886 1169.33 125.865 0.729178 1168.04 162.39 0.593629 1244.76 106.098 0.846946 1251.94 151.962 0.805911 1242.83 187.183 0.859062 1172.16 168.054 0.75582 1156.32 213.938 0.713 1163.05 250.218 0.531506 1205.43 181.097 0.799094 1186.54 231.523 0.806805 1166.1 283.451 0.841501 1204.55 70.4361 0.858496 1214.76 74.3456 0.888536 0 0 0 1231.06 76.9609 0.843812 0
2 111 86 1203.04 80.6663 0.825078 1211.97 97.6218 0.897203 1181.31 86.4973 0.929687 1166.73 126.949 0.742808 1165 163.588 0.607433 1241.95 107.613 0.84526 1249.99 153.491 0.830215 1240 188.923 0.874131 1168.91 169.582 0.783 1152.4 215.445 0.826282 1157.4 251.734 0.767542 1203.03 182.629 0.783923 1185.25 233.05 0.816754 1165.88 284.097 0.809814 1201.51 70.8847 0.875597 1211.7 75.434 0.896251 0 0 0 1227.82 78.2536 0.858508 0
2 111 87 1199.78 81.316 0.907117 1208.93 98.93 0.895368 1178.27 88.0227 0.920256 1164.13 128.466 0.554658 1161.96 164.68 0.248096 1239.34 109.336 0.820792 1247.59 155.231 0.832047 1237.4 190.662 0.861868 1165.65 171.308 0.819735 1148.26 216.751 0.841244 1150.45 253.916 0.78273 1199.99 184.367 0.787328 1183.94 234.575 0.841931 1165.86 284.748 0.807513 1198.24 71.9738 0.936441 1208.44 76.5173 0.883057 0 0 0 1224.56 79.133 0.841994 0
2 111 88 1196.3 82.1866 0.900555 1205.88 100.668 0.891762 1175.22 89.7585 0.876371 1161.1 130.42 0.768076 1157.83 166.633 0.576103 1236.52 111.077 0.8176 1244.35 157.177 0.851524 1235.01 192.836 0.869215 1162.17 173.268 0.809347 1144.14 218.711 0.829251 1142.41 257.178 0.804564 1196.94 186.33 0.805623 1182.86 236.32 0.876136 1165.65 285.181 0.819777 1194.76 73.4847 0.915239 1204.75 77.8186 0.839704 0 0 0 1221.31 80.4437 0.833555 0
2 111 89 1192.39 83.4943 0.934879 1202.41 102.408 0.897585 1171.96 91.2915 0.8567 1156.96 131.508 0.647608 1151.96 168.158 0.398157 1233.04 113.035 0.822246 1241.09 159.131 0.886696 1231.96 195.227 0.910225 1158.69 175.651 0.803998 1139.58 221.099 0.879763 1135.01 262.613 0.823964 1193.68 188.292 0.806714 1181.56 237.636 0.898266 1165.44 285.412 0.83434 1190.42 75.2103 0.893981 1201.05 79.3401 0.8393 0 0 0 1217.61 81.9701 0.834857 0
2 111 90 1187.83 85.4428 0.910526 1198.92 104.363 0.918562 1168.26 93.0385 0.862089 1153.7 132.39 0.463105 1147.07 169.577 0.1 1229.55 115.633 0.867967 1237.84 161.307 0.873205 1228.69 197.628 0.897723 1154.57 178.473 0.823991 1135.03 224.356 0.952546 1126.31 269.13 0.820864 1190.42 191.11 0.788464 1179.81 239.371 0.947928 1165.22 285.848 0.89244 1186.08 76.9487 0.808099 1197.14 81.0833 0.930576 0 0 0 1213.71 83.9249 0.908238 0
2 111 91 1183.27 87.8261 0.922951 1195.21 106.539 0.884751 1164.57 95.2191 0.874421 1150.22 134.352 0.450573 1142.94 171.538 0.169309 1225.64 118.655 0.900199 1234.15 164.13 0.852986 1225.21 200.45 0.886549 1150.87 181.516 0.858412 1131.31 227.845 0.920464 1118.06 275.657 0.888387 1187.15 193.938 0.80549 1177.65 241.33 0.968872 1165.22 286.279 0.883783 1181.94 78.9067 0.912212 1192.37 83.6908 0.943604 0 0 0 1209.58 86.3139 0.926588 0
2 111 92 1178.7 89.9984 0.927538 1190.44 108.715 0.856613 1160.22 97.83 0.914629 1146.52 136.303 0.585894 1137.51 173.279 0.36531 1220.86 121.042 0.838929 1230.45 166.525 0.867966 1221.31 202.646 0.853695 1147.16 184.136 0.845543 1127.6 231.323 0.847591 1110.66 281.956 0.84756 1183.67 196.752 0.805532 1175.9 242.423 0.917068 1165 286.719 0.874285 1177.16 80.8701 0.857837 1187.17 86.0864 0.884982 0 0 0 1204.59 88.4811 0.874009 0
2 111 93 1173.27 92.383 0.845389 1185.65 110.891 0.832779 1155.44 100.657 0.833598 1142.82 137.835 0.386799 1132.13 175.224 0.24734 1216.08 123.013 0.822452 1226.75 168.702 0.87635 1217.4 204.826 0.854808 1142.61 186.754 0.797183 1123.04 235.661 0.868419 1103.71 287.613 0.869641 1179.98 199.572 0.810837 1173.94 243.944 0.832387 1164.78 287.592 0.856703 1171.74 83.2655 0.837169 1181.53 88.9026 0.93186 0 0 0 1199.37 90.6581 0.884303 0
2 111 94 1167.83 94.5501 0.907305 1180.65 113.271 0.938251 1150.65 103.484 0.931955 1136.73 139.569 0.317623 1126.8 177.18 0.1 1211.3 125.182 0.85177 1222.4 170.665 0.835016 1213.7 207.207 0.935986 1137.83 189.368 0.82045 1119.32 239.351 0.933995 1098.04 292.602 0.83056 1175.42 201.963 0.774453 1171.76 245.898 0.772908 1164.57 288.466 0.844877 1166.09 85.8612 0.914189 1176.09 91.2812 0.883341 0 0 0 1194.37 92.6151 0.859554 0
2 111 95 1161.76 96.4941 0.937396 1175.43 115.443 0.898822 1145.42 106.307 0.877611 1130.87 140.874 0.574823 1121.74 179.674 0.370596 1206.08 126.933 0.84351 1217.61 172.826 0.846066 1210 210.019 0.934877 1133.69 192.194 0.877362 1115.41 242.616 0.9051 1093.27 296.3 0.892222 1171.07 204.138 0.734001 1168.71 248.071 0.795347 1164.34 289.346 0.848364 1160.45 88.0256 0.842866 1170.66 93.2293 0.852164 0 0 0 1189.13 94.3666 0.863111 0
2 111 96 1156.11 98.2332 0.900532 1170.2 117.824 0.89371 1139.98 108.471 0.816685 1125.21 142.837 0.530126 1116.96 182.706 0.169019 1200.86 128.674 0.856679 1213.05 174.78 0.916691 1206.08 212.842 0.884725 1128.9 195.243 0.869705 1111.06 245.878 0.869334 1089.56 299.555 0.915674 1166.95 206.319 0.788993 1165.23 250.891 0.830683 1162.6 290.652 0.891455 1155 89.7583 0.784868 1164.36 94.9687 0.917012 0 0 0 1183.48 96.1054 0.929808 0
2 111 97 1150.66 99.75 0.996902 1164.76 119.348 0.885057 1134.54 110.217 0.90081 1119.77 144.145 0.449328 1111.31 180.973 0.1 1195.64 130.192 0.906132 1209.12 176.314 0.937298 1201.53 215.218 0.898567 1123.9 197.629 0.825827 1106.52 248.702 0.881388 1086.95 301.731 0.899696 1162.39 208.058 0.804376 1160.88 253.278 0.770635 1160.86 292.175 0.866603 1149.13 90.8577 0.800062 1158.5 96.485 0.908527 0 0 0 1177.61 97.6199 0.950245 0
2 111 98 1144.8 100.826 0.956452 1159.34 120.44 0.820848 1129.33 111.954 0.780735 1116.08 146.098 0.177097 1108.27 183.136 0.1 1190.42 131.488 0.846977 1204.34 177.836 0.89555 1197.61 216.957 0.912272 1118.92 199.802 0.87493 1103.03 251.085 0.933283 1085.21 303.474 0.90857 1157.6 210.008 0.777209 1156.09 256.311 0.728694 1157.58 294.13 0.752234 1143.69 91.5235 0.817288 1153.07 97.7808 0.931265 0 0 0 1172.17 98.921 0.916796 0
2 111 99 1139.57 101.264 0.942267 1154.13 121.526 0.865981 1124.32 113.684 0.799753 1110.87 148.266 0.114218 1104.68 184.978 0.1 1185.22 131.935 0.900873 1199.55 178.701 0.92933 1193.9 218.259 0.885124 1114.99 201.332 0.8226 1099.75 253.037 0.884043 1084.56 304.564 0.903393 1152.62 211.311 0.81579 1151.52 258.703 0.787171 1153.23 296.085 0.697484 1138.47 92.3929 0.833503 1147.84 98.8583 0.9622 0 0 0 1166.95 99.5811 0.998817 0
2 111 100 1134.36 101.493 0.9943 1148.93 122.401 0.876265 1119.32 114.989 0.879207 1105.87 149.992 0.315271 1100.11 186.502 0.124217 1180.23 132.16 0.925127 1195.41 179.152 0.918985 1189.56 219.769 0.846488 1111.08 202.845 0.834611 1096.5 254.547 0.900058 1084.54 304.991 0.906161 1148.49 212.183 0.810418 1146.5 260.871 0.79881 1148.23 298.26 0.693408 1133.25 93.2672 0.776379 1142.84 99.2916 0.909352 0 0 0 1161.95 99.8066 0.930898 0
2 111 101 1129.8 101.718 0.933704 1144.8 123.264 0.841415 1114.96 115.654 0.876798 1100.65 150.653 0.638518 1095.77 186.071 0.386085 1176.09 132.381 0.86508 1191.28 179.801 0.88749 1185.43 221.269 0.870492 1106.51 204.139 0.853879 1093.46 255.861 0.919036 1084.53 305.219 0.913025 1144.35 212.84 0.756248 1140.64 263.041 0.739142 1142.57 300.655 0.704897 1128.68 94.3431 0.801047 1138.05 99.7214 0.956158 0 0 0 1157.38 99.8237 0.93015 0
2 111 102 1125.23 101.942 0.923156 1140.23 124.348 0.836675 1110.4 116.103 0.842705 1095.44 152.6 0.523578 1092.24 187.597 0.22817 1171.32 132.807 0.880099 1186.72 180.665 0.876673 1181.73 222.573 0.876997 1102.6 205.437 0.862345 1091.28 256.52 0.936927 1084.32 305.434 0.892321 1140.43 213.495 0.751868 1134.55 265.218 0.80049 1135.61 303.694 0.617121 1123.89 95.1988 0.809402 1133.49 99.7343 0.968665 0 0 0 1152.61 100.028 0.995144 0
2 111 103 1120.45 102.38 0.972579 1136.1 125.426 0.867634 1106.06 116.533 0.886815 1091.53 151.3 0.51748 1088.54 189.124 0.445492 1166.98 133.466 0.914894 1182.59 181.961 0.920375 1178.02 223.872 0.870071 1099.12 206.516 0.846131 1089.12 257.824 0.928112 1084.1 306.529 0.882073 1136.52 214.583 0.784017 1127.6 266.958 0.769547 1127.57 306.953 0.746328 1119.33 95.8505 0.766944 1129.57 99.9623 0.918559 0 0 0 1148.27 100.463 0.999654 0
2 111 104 1116.75 102.822 0.987089 1132.4 126.72 0.889293 1102.37 117.834 0.933505 1088.27 154.345 0.760571 1084.69 190.653 0.63407 1163.27 134.328 0.917643 1178.88 183.266 0.888281 1173.67 224.537 0.839306 1095.21 207.395 0.814439 1086.3 259.772 0.906404 1083.23 308.047 0.898197 1132.39 216.092 0.799725 1120.43 268.478 0.788848 1118.45 310.214 0.771122 1115.63 96.5076 0.834117 1125.01 100.193 0.904545 0 0 0 1144.14 100.901 0.960279 0
2 111 105 1112.83 104.335 0.945122 1128.28 127.604 0.84876 1098.46 119.359 0.8693 1084.79 156.732 0.486781 1081 191.965 0.203464 1159.14 135.637 0.874402 1174.76 184.572 0.856294 1169.13 225.411 0.888018 1091.32 208.051 0.802051 1083.04 261.291 0.86673 1081.94 308.475 0.86662 1128.03 217.392 0.772506 1112.6 269.558 0.746156 1109.54 313.476 0.688329 1111.29 97.3828 0.840383 1121.1 101.066 0.954033 0 0 0 1139.8 102.194 0.932675 0
2 111 106 1108.28 105.857 0.897666 1124.15 129.342 0.831949 1094.77 121.31 0.775061 1081.52 159.764 0.386525 1077.74 197.178 0.197438 1154.59 137.165 0.83565 1170.2 186.302 0.814501 1165.2 226.944 0.912285 1087.84 209.576 0.842851 1080.86 263.466 0.80421 1082.16 308.487 0.755834 1123.7 219.129 0.772943 1104.98 271.512 0.767982 1099.11 317.389 0.773644 1106.95 98.6841 0.914223 1117.39 102.379 1.0118 0 0 0 1135.67 103.918 0.957268 0
2 111 107 1104.15 107.6 0.916909 1120.22 131.296 0.861813 1090.2 123.259 0.770699 1075.42 162.16 0.305978 1073.07 198.703 0.1 1150.67 138.705 0.834365 1166.28 188.038 0.859271 1160.63 228.69 0.897203 1084.13 211.316 0.883054 1077.16 265.645 0.725864 1077.81 310.875 0.734032 1119.58 220.869 0.811607 1097.6 273.251 0.817136 1088.69 321.292 0.750021 1103.03 100.853 0.942553 1113.04 104.126 0.957884 0 0 0 1131.76 105.865 0.94183 0
2 111 108 1100.24 109.561 0.904509 1116.08 133.477 0.912545 1085.85 125.009 0.855467 1069.78 164.119 0.669171 1067.43 200.216 0.423692 1146.54 140.869 0.825229 1162.16 190.218 0.861714 1155.65 230.868 0.843235 1079.36 213.055 0.788373 1073.69 268.257 0.689883 1077.81 311.089 0.595275 1115 222.612 0.812446 1089.57 275.423 0.909438 1078.25 325.648 0.734947 1098.9 103.234 0.885059 1108.48 106.079 0.890047 0 0 0 1127.41 107.822 0.874663 0
2 111 109 1095.46 112.381 0.900063 1111.3 135.859 0.832108 1080.86 126.746 0.802597 1062.82 162.82 0.312648 1062.16 203.432 0.184563 1141.75 143.479 0.793722 1157.38 193.251 0.833595 1151.29 233.06 0.857833 1074.36 215.227 0.805644 1069.99 271.518 0.479265 1077.39 311.105 0.256615 1109.79 225.644 0.797382 1082.39 277.815 0.862195 1067.4 330.215 0.830358 1093.92 105.617 0.855738 1104.14 108.256 0.903908 0 0 0 1122.64 110.208 0.871418 0
2 111 110 1090.68 115.631 0.938371 1106.51 138.477 0.791455 1075.88 129.784 0.753293 1059.13 166.513 0.178668 1056.9 206.647 0.178213 1136.76 146.733 0.876199 1152.59 196.3 0.871943 1146.5 235.894 0.889786 1070.22 218.269 0.789502 1065.01 274.992 0.34412 1076.08 311.756 0.338643 1104.78 228.909 0.796837 1075.65 281.07 0.919221 1057.19 334.551 0.883834 1089.34 108.014 0.838993 1100.01 111.299 0.92791 0 0 0 1118.29 113.463 0.973975 0
2 111 111 1086.33 118.683 0.958496 1102.16 141.082 0.825416 1071.53 132.599 0.794792 1055.07 169.056 0.166244 1051.63 209.862 0.1 1132.41 149.999 0.895194 1148.24 199.343 0.890474 1141.29 239.364 0.847832 1065 220.88 0.798992 1059.79 278.462 0.440257 1075.21 311.547 0.270106 1098.49 232.172 0.791261 1068.26 284.326 0.908433 1047.41 338.457 0.862029 1085.21 110.421 0.818773 1095.22 114.557 0.893427 0 0 0 1114.15 116.737 0.957359 0
2 111 112 1082.18 121.73 0.898447 1097.6 143.92 0.814298 1067.39 135.86 0.730354 1051.94 174.782 0.180799 1046.36 213.077 0.160855 1127.62 152.838 0.822829 1143.24 202.174 0.827264 1135.87 242.844 0.900009 1060 223.927 0.806981 1056.97 278.899 0.312932 1073.92 310.896 0.493334 1093.06 234.999 0.755313 1061.73 287.367 0.913238 1038.3 341.941 0.805458 1080.43 113.471 0.858417 1090.23 117.817 0.946207 0 0 0 1109.37 119.997 0.916394 0
2 111 113 1077.19 124.988 0.892398 1092.82 146.757 0.845064 1063.05 138.035 0.734996 1048.02 176.525 0.114341 0 0 0 1122.63 156.101 0.788749 1138.04 205.653 0.872334 1130.23 246.526 0.859266 1055 226.955 0.824299 1055.45 281.514 0.13031 1073.27 310.251 0.409167 1087.19 237.834 0.819663 1056.28 290.411 0.940087 1030.48 344.978 0.855167 1075.44 116.733 0.948658 1086.1 121.282 0.960472 0 0 0 1104.8 123.463 0.905556 0
2 111 114 1072.62 127.387 0.958276 1088.26 149.791 0.888786 1058.48 139.787 0.773133 1043.24 177.61 0.132833 0 0 0 1118.06 159.357 0.865025 1133.04 209.122 0.894357 1124.99 249.579 0.79179 1049.77 229.566 0.747613 1050.01 283.475 0.306054 1071.52 311.122 0.297752 1081.33 240.875 0.797477 1051.5 293.46 0.860822 1023.96 347.59 0.848404 1071.1 119.771 0.947221 1081.97 124.112 0.895276 0 0 0 1100.88 126.085 0.937359 0
2 111 115 1068.7 129.784 0.986073 1083.9 152.386 0.842053 1053.48 141.308 0.807983 1036.28 176.529 0.1 0 0 0 1113.92 162.402 0.854251 1127.82 212.376 0.85867 1119.56 252.626 0.878101 1044.34 231.738 0.756607 1043.48 285.001 0.159371 1064.56 313.719 0.41367 1076.11 243.69 0.76958 1047.38 295.861 0.861099 1018.96 349.337 0.859489 1067.19 122.597 0.849906 1077.41 126.511 0.923475 0 0 0 1096.95 128.486 0.91332 0
2 111 116 1064.35 132.397 0.941074 1079.34 154.772 0.780409 1049.57 142.834 0.756766 1033.67 177.828 0.1 0 0 0 1109.14 165.648 0.828799 1122.61 215.643 0.841514 1114.13 256.093 0.870053 1039.13 233.479 0.757613 1038.04 286.3 0.178361 1062.17 314.587 0.1 1070.89 246.301 0.745987 1043.47 298.035 0.868156 1015.49 350.655 0.859915 1062.42 124.982 0.860049 1073.27 128.692 0.998669 0 0 0 1092.39 130.669 0.924518 0
2 111 117 1059.57 134.788 0.942561 1074.78 156.716 0.821422 1045.22 144.348 0.733756 1030.41 178.047 0.101061 0 0 0 1104.57 168.682 0.832011 1117.82 218.678 0.867127 1108.91 258.698 0.838684 1034.57 235.429 0.701007 1031.73 287.161 0.211157 1056.95 316.328 0.596237 1066.33 248.9 0.728364 1039.99 299.988 0.866934 1013.09 351.748 0.883514 1057.86 126.737 0.959306 1069.35 130.663 1.00229 0 0 0 1088.26 133.055 0.944889 0
2 111 118 1055.65 136.098 0.937928 1070.86 158.46 0.866313 1041.3 145.87 0.817509 1028.24 178.047 0.118765 0 0 0 1100.65 171.079 0.808112 1113.25 220.851 0.845073 1103.7 261.509 0.890664 1029.79 236.966 0.783535 1025 287.59 0.23528 1051.08 319.141 0.178055 1061.98 250.649 0.755823 1036.74 301.73 0.869023 1011.56 352.395 0.87821 1054.15 128.269 0.90418 1065 132.399 0.914748 0 0 0 1084.33 135.013 0.897345 0
2 111 119 1051.52 137.406 0.90933 1066.52 159.974 0.823796 1037.16 146.309 0.791713 1021.73 175.437 0.23605 0 0 0 1096.29 172.825 0.78476 1108.26 222.799 0.865567 1098.92 263.682 0.818638 1024.8 238.278 0.828649 1019.34 288.019 0.762537 1043.25 320.228 0.261086 1057.42 252.394 0.772945 1033.7 303.257 0.863131 1010.25 352.844 0.866801 1049.59 129.785 0.884238 1060.22 133.278 0.898823 0 0 0 1079.99 136.095 0.884026 0
2 111 120 1046.95 138.706 0.855445 1061.96 161.059 0.82834 1033.03 146.749 0.777742 1015.91 173.549 0.217633 1009.58 222.967 0.190434 1091.72 174.337 0.795819 1103.28 224.541 0.892181 1093.92 265.425 0.814056 1020.89 239.801 0.788394 1013.04 288.017 0.753143 1034.11 322.399 0.215014 1053.93 254.132 0.798526 1031.74 304.996 0.822243 1009.81 353.071 0.866282 1044.82 131.083 0.863397 1056.3 134.147 0.955674 0 0 0 1075.42 137.395 0.860375 0
2 111 121 1042.18 140.003 0.915756 1057.6 161.714 0.870221 1028.25 146.971 0.826842 1010.77 172.385 0.138087 0 0 0 1087.6 175.627 0.843579 1099.14 225.846 0.87669 1089.14 266.953 0.825102 1016.11 240.667 0.802003 1004.12 290.624 0.78959 1023.47 325.657 0.172342 1050.23 255.439 0.79299 1029.78 305.874 0.850891 1009.58 353.292 0.885261 1040.7 131.732 0.897795 1052.16 135.021 0.942909 0 0 0 1071.29 138.701 0.913739 0
2 111 122 1038.04 141.306 0.922658 1053.47 162.583 0.897108 1023.67 147.628 0.870576 1005.78 171.721 0.275891 0 0 0 1083.47 176.936 0.874011 1094.79 226.941 0.852333 1085.01 268.692 0.850901 1011.34 241.757 0.830819 994.543 290.408 0.876863 1011.5 329.351 0.410511 1046.32 256.742 0.777365 1027.84 307.185 0.833767 1008.7 353.952 0.839777 1036.35 132.386 0.895128 1047.17 136.325 0.884112 0 0 0 1066.94 140.006 0.897863 0
2 111 123 1033.05 142.614 0.868649 1048.9 164.098 0.853955 1019.33 149.137 0.80662 1002.51 169.992 0.110198 0 0 0 1078.69 178.029 0.822901 1090.22 228.678 0.886074 1080.45 270.859 0.832282 1007.63 243.705 0.821584 988.896 291.923 0.827135 999.547 333.272 0.647426 1042.84 258.478 0.79721 1025.88 308.486 0.787853 1008.27 354.17 0.760311 1031.35 133.478 0.818355 1042.38 137.841 0.929304 0 0 0 1061.95 141.516 0.837624 0
2 111 124 1027.84 144.133 0.911048 1044.12 165.844 0.873655 1014.55 151.106 0.80447 1000.99 174.34 0.1 0 0 0 1073.91 179.547 0.832994 1086.09 230.208 0.867229 1075.67 272.59 0.88189 1002.85 246.087 0.804496 983.465 293.661 0.834411 990.425 337.181 0.786457 1039.13 260.651 0.827339 1023.92 310.22 0.819072 1008.05 355.25 0.80936 1026.34 135.001 0.844833 1037.6 139.565 0.928038 0 0 0 1057.18 142.832 0.915885 0
2 111 125 1023.05 146.086 0.937193 1039.76 167.6 0.911976 1009.77 153.28 0.902669 997.299 176.952 0.176621 0 0 0 1069.56 181.29 0.822 1081.3 231.939 0.849029 1071.53 274.549 0.900997 998.055 248.268 0.812652 978.248 295.847 0.906657 979.986 340.881 0.821326 1034.56 262.609 0.803784 1022.39 311.74 0.786253 1007.82 356.547 0.839181 1021.76 136.743 0.86338 1032.39 141.308 0.848748 0 0 0 1052.39 144.79 0.895325 0
2 111 126 1017.83 148.256 0.944041 1034.54 169.574 0.861121 1004.55 155.888 0.822339 993.382 180.658 0.140058 0 0 0 1064.35 183.039 0.816053 1076.09 233.911 0.816674 1066.53 277.37 0.874306 993.274 250.662 0.813678 973.035 298.684 0.879188 966.948 346.315 0.868108 1029.79 264.582 0.771905 1020.87 314.138 0.802609 1007.59 358.068 0.76849 1016.54 138.692 0.812032 1026.97 143.477 0.914404 0 0 0 1046.97 147.173 0.897644 0
2 111 127 1012.39 150.869 0.948329 1029.32 171.963 0.822909 999.35 159.141 0.776812 989.677 187.618 0.229657 0 0 0 1058.7 184.993 0.81849 1070.88 236.733 0.858859 1061.32 279.989 0.81367 988.066 253.477 0.835057 967.803 302.165 0.877911 954.341 351.539 0.882551 1025.44 266.971 0.798887 1018.91 317.404 0.774011 1006.94 360.896 0.839078 1010.89 141.081 0.837061 1021.31 146.301 0.995046 0 0 0 1041.1 149.771 0.983108 0
2 111 128 1006.1 153.268 0.949216 1023.46 174.567 0.899832 993.7 162.609 0.90871 987.055 193.709 0.423996 978.201 240.579 0.131882 1052.84 186.953 0.827852 1065.65 239.779 0.855464 1055.67 282.819 0.862776 982.847 256.292 0.820066 962.369 305.646 0.895855 944.349 358.272 0.84147 1020.44 269.139 0.781176 1016.52 320.227 0.701114 1005.2 363.936 0.728719 1005.01 144.12 0.837832 1015.86 149.336 0.908275 0 0 0 1035.02 152.389 0.945527 0
2 111 129 1000.23 155.667 0.854828 1017.59 177.831 0.871627 987.606 166.295 0.858048 983.464 199.147 0.247005 972.358 248.423 0.1 1046.97 189.354 0.794483 1060.21 242.824 0.850118 1050.24 285.863 0.876656 977.194 259.545 0.837654 957.373 309.345 0.819943 935.866 364.577 0.883636 1015.24 271.967 0.737428 1015 321.533 0.764465 1003.25 366.756 0.839492 998.92 147.165 0.848738 1009.34 152.162 0.89955 0 0 0 1028.72 154.781 0.825399 0
2 111 130 993.489 158.073 0.918393 1011.51 181.302 0.908547 981.96 169.779 0.849477 978.895 203.713 0.516638 966.514 256.268 0.213223 1040.45 192.396 0.889995 1054.13 246.081 0.844934 1044.8 288.908 0.883066 971.551 262.805 0.783824 952.153 312.617 0.811009 928.904 369.573 0.81681 1010.02 275.011 0.797907 1011.97 324.345 0.737078 1000.43 369.782 0.738993 992.171 150.421 0.911567 1002.61 154.984 0.876803 0 0 0 1021.98 157.17 0.856699 0
2 111 131 986.528 160.685 0.964356 1004.99 184.331 0.883521 975.878 172.825 0.877625 973.748 209.19 0.342193 958.716 256.277 0.0879173 1033.93 194.353 0.85872 1048.04 248.69 0.814675 1038.93 291.732 0.864206 966.317 265.421 0.756951 946.944 316.742 0.896742 923.477 373.703 0.857305 1004.8 277.405 0.77481 1007.62 326.738 0.781781 997.818 372.602 0.653912 984.997 153.468 0.803018 995.641 157.172 0.906866 0 0 0 1014.81 159.343 0.827163 0
2 111 132 979.571 163.726 0.939924 999.114 186.514 0.818945 969.782 175.228 0.840583 968.601 214.667 0.272863 0 0 0 1027.84 196.527 0.854768 1042.17 250.873 0.837793 1033.07 294.56 0.801386 959.811 267.6 0.810687 942.592 320.216 0.823822 919.562 377.18 0.880131 999.356 279.362 0.714829 1003.05 329.132 0.675634 994.344 376.077 0.713614 978.035 156.084 0.880863 988.674 159.356 0.955097 0 0 0 1007.85 161.304 0.913448 0
2 111 133 972.614 166.759 0.919978 992.607 188.468 0.890888 963.916 177.396 0.895407 963.454 220.143 0.200333 0 0 0 1021.32 198.485 0.80619 1035.88 252.835 0.883031 1027.85 296.962 0.871204 954.365 269.998 0.77527 937.817 323.469 0.750326 916.514 379.364 0.858541 993.492 281.322 0.792721 996.971 331.96 0.751377 989.774 378.69 0.782947 971.075 158.47 0.82532 981.289 161.971 0.95984 0 0 0 1000.88 163.9 0.898014 0
2 111 134 965.874 168.933 0.917319 986.526 190.42 0.852663 958.911 180.213 0.785622 958.307 225.62 0.248172 0 0 0 1015.01 200.223 0.778666 1030.43 254.789 0.857646 1022.42 298.916 0.859674 948.943 273.028 0.812038 933.255 326.498 0.846564 914.783 381.105 0.880173 988.052 283.712 0.75338 990.669 335.005 0.758729 985.641 381.294 0.701232 964.341 160.44 0.81209 974.332 164.57 0.926386 0 0 0 994.132 166.067 0.933435 0
2 111 135 959.561 170.899 0.860417 981.079 191.941 0.879559 953.466 181.737 0.740718 956.727 226.899 0.0618881 0 0 0 1009.14 201.307 0.824337 1025.01 256.093 0.875056 1017.42 300.657 0.765039 943.288 274.984 0.827928 929.117 328.667 0.833647 914.129 382.417 0.895113 982.608 285.448 0.734615 983.928 337.398 0.746698 980.661 383.457 0.795092 957.606 162.613 0.660269 967.799 166.747 0.978087 0 0 0 987.608 167.383 0.876454 0
2 111 136 953.048 172.855 0.914283 975.428 193.252 0.889466 948.026 183.479 0.78305 945.047 221.066 0.0676707 0 0 0 1003.27 202.612 0.762649 1019.78 256.757 0.833927 1012.63 301.959 0.865479 937.852 276.077 0.808143 925.425 330.182 0.840402 913.916 383.067 0.911102 976.094 286.541 0.748892 976.533 338.049 0.741644 974.143 383.899 0.749162 951.297 165.004 0.729898 961.934 168.704 0.90527 0 0 0 981.532 169.117 0.92067 0
2 111 137 947.601 174.592 0.933628 970.207 194.353 0.871847 942.59 184.789 0.785772 935.241 224.991 0.0815767 0 0 0 998.056 204.13 0.807121 1014.58 257.201 0.852152 1008.49 303.26 0.900485 932.632 276.953 0.845657 921.948 331.477 0.870839 913.694 383.286 0.90334 970.659 287.846 0.778856 968.484 339.132 0.830657 966.972 384.988 0.675934 945.651 166.32 0.704606 955.852 170.441 0.853483 0 0 0 976.292 170.846 0.909397 0
2 111 138 942.167 176.755 0.929243 965.2 195.014 0.847216 937.174 185.883 0.726476 941.061 228.936 0.0594323 0 0 0 993.274 205.427 0.839882 1009.57 258.067 0.891845 1004.56 304.784 0.872275 927.63 278.26 0.826787 917.82 334.087 0.875194 913.492 384.149 0.88008 965.437 289.144 0.750532 957.842 341.753 0.732885 958.927 387.168 0.691536 939.998 168.273 0.589706 950.421 172.391 0.918673 0 0 0 971.075 172.37 0.861625 0
2 111 139 936.956 179.576 0.917114 960.421 196.532 0.890365 931.955 187.61 0.735333 929.338 226.946 0.0788296 0 0 0 989.143 206.524 0.782518 1005.22 259.803 0.879038 999.999 306.738 0.852161 922.629 279.997 0.746301 914.345 337.122 0.90664 912.835 385.671 0.920935 960.216 291.091 0.788544 948.91 344.155 0.708603 950.663 390.431 0.69946 934.781 170.242 0.827036 945.211 174.565 0.912791 0 0 0 966.07 173.903 0.86768 0
2 111 140 932.174 182.177 0.972327 955.425 198.272 0.843522 926.522 189.342 0.783719 923.315 221.918 0.244886 907.8 256.33 0.0828597 984.576 209.121 0.800089 1000.88 261.549 0.835615 995.872 308.706 0.854259 917.647 282.382 0.803953 909.777 339.301 0.849821 914.352 386.544 0.847578 955.65 293.473 0.774448 939.998 347.405 0.70648 941.53 394.137 0.723331 930.216 172.203 0.861437 940.644 177.169 0.967316 0 0 0 961.716 175.864 0.974788 0
2 111 141 927.611 184.366 0.96841 950.22 200.225 0.849249 921.096 191.085 0.778885 918.045 226.059 0.35795 903.899 258.244 0.0943867 979.806 211.514 0.840529 996.305 263.504 0.837819 992.158 310.654 0.872792 913.727 284.991 0.822463 907.171 342.348 0.795225 915.797 387.552 0.744195 950.876 295.871 0.793216 931.316 350.673 0.807134 931.1 398.928 0.708337 925.219 175.232 0.781012 935.655 180.205 0.917904 0 0 0 957.151 178.692 0.965958 0
2 111 142 922.824 187.201 0.883109 945.869 202.628 0.865106 916.092 193.9 0.803142 912.776 230.2 0.345246 898.021 260.216 0.123822 975.678 214.124 0.882412 992.165 266.75 0.84693 987.375 313.254 0.810601 910.026 287.605 0.792975 906.077 345.396 0.706284 917.175 388.703 0.589 946.317 298.91 0.801508 924.132 353.288 0.846597 920.45 404.364 0.717135 920.225 178.28 0.822101 931.516 182.818 0.982686 0 0 0 952.377 181.093 0.936214 0
2 111 143 918.041 190.689 0.937147 940.228 205.88 0.84171 909.363 196.735 0.800729 907.506 234.34 0.45381 898.001 268.022 0.203528 970.475 216.525 0.831381 987.389 269.793 0.870173 982.591 316.301 0.816184 905.242 290.434 0.803631 905.855 350.404 0.662283 918.484 389.995 0.531425 941.321 301.946 0.811883 915.647 356.975 0.862896 908.922 410.444 0.742527 915.435 181.968 0.847146 927.589 186.296 0.908818 0 0 0 947.821 183.499 0.950131 0
2 111 144 913.695 194.391 0.946032 935.006 209.57 0.863933 903.72 201.29 0.872836 902.236 238.481 0.150683 0 0 0 965.684 220.002 0.784995 982.606 273.484 0.855454 978.236 319.778 0.902762 900.671 293.916 0.818007 905.651 354.974 0.486855 919.142 390.203 0.399605 936.317 305.42 0.814654 907.823 360.879 0.910232 896.747 416.978 0.833958 911.081 186.314 0.832515 923.031 190.199 0.853679 0 0 0 943.469 186.977 0.910233 0
2 111 145 909.77 198.731 0.92395 929.787 213.269 0.893793 898.065 204.774 0.782419 896.95 242.178 0.1 0 0 0 960.9 223.905 0.87317 977.823 277.82 0.862048 972.817 323.912 0.870056 896.958 298.471 0.775205 905.002 358.246 0.121146 920.653 391.504 0.1 932.183 309.325 0.801778 900.872 365.666 0.960988 886.521 424.363 0.856984 906.1 190.232 0.818637 918.46 193.901 1.00669 0 0 0 938.683 190.464 0.906464 0
2 111 146 905.856 203.721 0.910179 924.354 217.826 0.831782 892.408 208.905 0.756078 891.521 246.1 0.271571 0 0 0 955.682 227.612 0.857301 972.822 282.588 0.86412 967.39 328.482 0.814277 892.823 303.474 0.735652 903.706 362.168 0.14803 921.302 392.806 0.1 927.615 313.889 0.794806 893.928 371.534 0.893033 877.826 431.104 0.809184 901.528 194.796 0.92339 914.336 198.039 0.998799 0 0 0 933.688 194.157 0.978712 0
2 111 147 901.518 208.499 0.956264 918.93 222.598 0.857866 887.17 213.256 0.743984 886.09 250.871 0.114407 0 0 0 950.46 231.531 0.853619 967.617 287.151 0.838188 961.522 332.82 0.872055 887.82 307.382 0.711799 898.49 363.693 0.32871 922.255 392.945 0.541825 922.393 318.021 0.805901 888.487 376.74 0.840934 870.202 437.188 0.821582 897.407 199.362 0.915514 910.64 202.608 0.876307 0 0 0 929.331 198.065 0.958787 0
2 111 148 898.034 212.421 0.944151 913.701 226.513 0.86735 881.515 217.609 0.783049 880.225 255.22 0.1 0 0 0 945.448 235.868 0.813701 962.188 291.07 0.886272 955.873 336.741 0.868942 882.372 310.859 0.716069 888.065 363.697 0.19833 923.208 393.083 0.597188 916.741 321.716 0.826455 883.277 381.726 0.888311 863.888 441.977 0.842826 893.704 204.135 0.89679 907.156 207.166 0.893423 0 0 0 924.982 202.405 0.831985 0
2 111 149 894.56 216.556 0.898783 908.699 230.431 0.817253 876.297 222.392 0.731902 874.789 260.649 0.1 0 0 0 940.665 239.782 0.820648 956.541 295.84 0.84167 950.214 341.083 0.834758 876.918 314.776 0.687199 880.781 365.222 0.218086 924.161 393.222 0.625748 910.868 325.852 0.750127 879.348 385.647 0.843767 858.881 446.317 0.829065 889.79 209.119 0.982567 903.68 211.302 0.964216 883.869 202.858 0.164444 920.003 206.745 0.933234 0
2 111 150 891.299 220.671 0.913399 903.692 233.915 0.860394 871.075 226.517 0.875623 869.139 265.646 0.217226 0 0 0 935.874 243.251 0.859337 951.123 300.402 0.833535 943.71 345.645 0.877302 870.833 318.681 0.680359 873.378 367.184 0.22753 925.113 393.361 0.59472 905.432 329.98 0.733751 875.856 389.55 0.84873 855.174 449.573 0.833807 886.305 212.821 0.975607 900.21 214.992 0.905862 879.527 205.458 0.508093 915.665 210.218 0.906948 0
2 111 151 887.824 224.15 0.948563 898.683 236.961 0.904209 865.854 229.993 0.846254 862.627 269.993 0.159737 0 0 0 930.882 246.295 0.870221 945.905 303.886 0.89873 938.061 349.772 0.855303 864.112 321.935 0.707357 864.892 368.923 0.1 0 0 0 899.995 333.246 0.790133 872.172 393.456 0.895308 852.777 452.178 0.821303 882.614 216.309 0.976866 896.732 218.464 0.947477 875.185 208.058 0.546658 911.535 213.476 0.8533 0
2 111 152 884.345 226.971 0.971176 894.32 239.579 0.868449 860.85 232.604 0.800752 857.188 273.034 0.216998 0 0 0 926.961 249.552 0.826754 940.903 307.796 0.829758 932.406 353.478 0.861137 858.231 324.333 0.712748 852.074 366.752 0.121179 0 0 0 894.771 336.503 0.756476 869.989 395.648 0.880526 850.822 453.926 0.829283 878.917 219.344 0.95367 893.044 220.855 0.947343 870.843 210.658 0.594314 906.964 216.51 0.796121 0
2 111 153 880.646 230.001 0.937246 889.338 242.405 0.826437 856.059 234.562 0.809343 851.9 275.204 0.104958 0 0 0 922.403 252.386 0.835377 935.684 311.28 0.818884 926.11 356.961 0.831694 853.011 327.15 0.716706 841.628 367.409 0.1 0 0 0 889.781 339.76 0.760986 867.375 397.609 0.86785 850.155 455.43 0.83942 874.577 221.523 0.931061 889.131 222.832 0.917371 866.501 213.258 0.611286 902.4 218.893 0.821964 0
2 111 154 876.307 232.39 0.864287 884.559 245.009 0.892892 851.058 236.734 0.806572 846.333 278.002 0.102866 0 0 0 918.055 254.14 0.833395 930.675 313.901 0.877003 920.665 359.998 0.822182 847.363 329.764 0.735664 830.765 369.797 0.329925 0 0 0 884.785 343.021 0.780704 864.326 400.207 0.836892 849.721 456.51 0.856674 870.868 223.691 0.972579 885.229 225.001 0.939018 861.941 216.079 0.63689 898.477 220.638 0.841197 0
2 111 155 871.741 234.343 0.89401 879.992 247.175 0.86707 846.056 238.481 0.825183 840.766 280.801 0.208792 0 0 0 914.134 256.527 0.880481 925.671 316.948 0.850535 915.009 362.822 0.861104 841.266 331.508 0.780186 820.32 371.328 0.394352 837.354 381.461 0.0837046 879.783 345.413 0.763899 862.369 401.948 0.791282 849.285 457.38 0.84281 866.733 225.861 0.995507 881.307 227.383 0.962003 856.936 217.82 0.460717 894.135 222.384 0.848865 0
2 111 156 867.602 236.091 0.919223 875.001 249.138 0.798082 841.065 240.867 0.841262 835.198 283.599 0.134344 0 0 0 909.358 259.343 0.862403 920.654 320.205 0.854076 909.142 366.082 0.879775 836.054 334.341 0.740294 814.008 374.809 0.125341 0 0 0 875.001 347.811 0.760365 860.63 403.905 0.823312 847.995 458.249 0.833417 861.941 227.82 0.909157 876.525 229.337 0.905973 852.788 219.772 0.596426 889.154 224.338 0.824663 0
2 111 157 862.394 238.466 0.910143 870.011 251.1 0.860719 836.496 243.037 0.872601 829.631 286.397 0.129485 0 0 0 904.359 261.518 0.824304 915.652 323.462 0.901599 903.472 369.549 0.867737 831.708 337.6 0.825721 812.479 380.027 0.815803 845.165 411.792 0.322548 870.668 350.862 0.793074 858.886 405.872 0.752996 846.27 459.342 0.807248 856.733 229.779 0.950247 871.52 231.092 0.907067 847.783 221.947 0.498198 884.578 226.505 0.906749 0
2 111 158 856.957 241.074 0.901431 865.012 253.921 0.873865 831.498 245.004 0.792327 811.976 283.713 0.0823614 0 0 0 899.359 263.699 0.899526 910.218 326.075 0.881251 896.957 372.591 0.91166 826.939 339.987 0.781691 808.9 384.156 0.803983 832.189 421.674 0.693828 866.977 353.25 0.824488 857.372 407.613 0.811612 844.755 461.508 0.749099 850.865 231.736 0.926381 866.08 233.051 0.887951 842.556 224.33 0.500795 879.786 228.464 0.901962 0
2 111 159 850.66 243.894 0.990231 859.794 256.953 0.850784 826.285 247.382 0.77465 0 0 0 0 0 0 894.141 266.534 0.813201 904.98 328.905 0.806464 891.08 375.854 0.821212 822.578 342.382 0.796167 803.469 388.07 0.877559 819.213 431.556 0.836146 862.627 355.857 0.748754 854.125 410.664 0.849616 842.366 464.115 0.764818 845.209 234.129 0.864126 860.628 235.878 0.875039 836.26 226.721 0.545536 874.567 230.642 0.80071 0
2 111 160 844.782 246.511 0.933968 854.361 259.988 0.87285 820.852 249.352 0.746504 804.128 277.868 0.090518 0 0 0 888.905 269.788 0.819375 899.11 332.381 0.875771 884.129 379.553 0.857149 818.438 345.641 0.814514 797.396 392.418 0.814893 806.237 441.437 0.832916 858.065 358.683 0.740518 851.295 413.491 0.853629 839.331 466.94 0.745993 838.688 237.164 0.921641 854.109 239.135 0.880504 830.431 228.849 0.432444 868.697 233.463 0.791714 0
2 111 161 837.829 249.769 0.908278 848.502 262.819 0.866548 815.418 251.315 0.738504 792.435 287.612 0.0818791 0 0 0 883.463 273.479 0.873196 893.029 335.862 0.87198 877.177 383.245 0.898906 813.449 349.339 0.778319 794.35 399.592 0.836959 793.26 451.319 0.835774 853.072 362.167 0.777741 846.091 417.614 0.679263 834.568 470.631 0.627309 831.952 240.428 1.01937 847.368 242.615 0.982815 824.603 230.978 0.238521 862.835 237.146 0.861707 0
2 111 162 830.006 253.245 0.920783 843.055 265.429 0.783103 809.985 253.28 0.674768 0 0 0 0 0 0 877.801 277.171 0.791168 886.938 339.555 0.853 870.008 387.375 0.916451 807.807 353.691 0.787757 788.054 405.021 0.865702 781.74 460.009 0.882153 847.635 366.295 0.743195 840.227 422.613 0.79952 829.787 475.638 0.823502 824.781 243.897 0.974656 839.987 246.303 0.906238 818.775 233.107 0.255422 856.311 240.632 0.876266 0
2 111 163 822.181 256.737 0.947146 836.969 269.117 0.865614 804.549 256.534 0.763699 766.806 260.869 0.146174 747.393 258.815 0.106852 871.28 281.727 0.792808 879.991 344.115 0.836801 862.827 391.948 0.866879 801.729 357.167 0.80679 782.614 410.034 0.852033 771.745 468.48 0.866297 842.196 369.78 0.75236 833.714 426.527 0.659799 823.267 480.213 0.579321 816.96 247.588 0.917905 831.937 250.647 0.912407 812.946 235.235 0.180878 849.357 244.336 0.964473 0
2 111 164 813.709 260.44 0.910707 830.871 272.605 0.85425 798.894 260.006 0.734133 761.627 264.371 0.1 741.524 263.1 0.1 864.538 286.066 0.815771 873.028 348.251 0.820411 854.791 396.519 0.920827 796.299 361.51 0.743963 777.185 415.465 0.824096 762.839 475.862 0.868822 836.334 373.474 0.748543 828.491 428.709 0.627816 815.442 485.21 0.602385 808.696 251.715 0.876561 823.461 254.564 0.94083 804.243 238.67 0.0881849 841.538 248.897 0.832125 0
2 111 165 804.794 264.134 0.875556 824.342 276.087 0.849523 793.026 263.486 0.732833 756.448 267.872 0.111404 735.656 267.384 0.1 857.367 289.558 0.806208 865.858 352.168 0.916058 846.967 400.444 0.887757 790.858 365.412 0.809332 772.187 420.033 0.86081 756.095 481.732 0.806415 830.685 376.944 0.733993 822.399 430.669 0.671639 808.265 489.123 0.591997 800.007 255.405 0.907372 814.548 258.266 0.947221 0 0 0 833.92 253.246 0.956322 0
2 111 166 796.307 268.045 0.885713 817.391 279.565 0.840726 786.287 266.53 0.619057 751.269 271.374 0.1 729.788 271.669 0.1 850.21 293.264 0.813191 857.823 356.52 0.831319 838.709 404.794 0.899689 784.784 368.888 0.740214 766.973 424.807 0.794021 751.085 486.732 0.836947 825.013 379.986 0.768368 815.666 433.934 0.726905 801.742 495.203 0.651083 791.522 258.886 0.886228 805.855 261.956 0.968323 0 0 0 825.671 256.726 0.949478 0
2 111 167 787.814 271.731 0.928579 811.077 281.964 0.799674 780.199 269.351 0.647944 746.091 274.876 0.290302 723.92 275.954 0.16935 843.25 296.531 0.769199 850.631 361.085 0.820024 830.232 409.354 0.809487 779.133 371.936 0.743032 761.964 428.935 0.837524 747.6 490.64 0.865141 818.49 383.033 0.787997 808.274 437.191 0.613524 794.583 498.69 0.565978 783.036 262.374 0.765545 796.738 265.65 0.892895 0 0 0 817.837 260.212 0.991198 0
2 111 168 779.55 275.213 0.890204 804.135 284.58 0.896606 773.468 272.181 0.682451 741.528 276.184 0.357725 718.057 280.075 0.250095 836.084 300.006 0.858919 842.386 365.217 0.851572 821.968 413.478 0.905852 772.626 374.979 0.815867 756.974 431.974 0.850792 745.428 492.825 0.836508 811.752 386.076 0.753572 801.313 439.142 0.48941 788.493 500.646 0.36935 774.562 265.854 0.829429 788.052 269.131 0.978216 0 0 0 809.565 263.678 0.887793 0
2 111 169 771.288 278.689 0.864809 797.394 287.187 0.796309 766.736 274.57 0.636343 736.749 277.055 0.350512 713.059 283.169 0.286972 829.136 303.481 0.83028 834.564 368.92 0.816546 813.487 417.173 0.779728 766.102 377.372 0.775119 752.836 435.01 0.809312 750.643 491.302 0.838715 804.574 388.9 0.754011 790.88 440.876 0.639221 779.352 503.035 0.244163 766.949 269.108 0.66795 780.23 272.609 0.953915 0 0 0 801.752 266.721 0.847144 0
2 111 170 763.245 281.737 0.849478 790.434 290.217 0.852202 759.785 277.812 0.615083 731.532 282.277 0.365031 708.709 285.342 0.264164 821.753 306.304 0.835056 826.952 372.193 0.786176 805.003 420.862 0.865506 759.143 379.321 0.781252 749.8 436.958 0.812007 755 489.998 0.806682 797.396 390.862 0.708769 783.266 441.964 0.744421 770.87 504.56 0.57634 758.485 272.162 0.831148 771.758 275.878 0.938223 0 0 0 793.49 269.561 0.843144 0
2 111 171 755.85 284.349 0.853815 783.489 293.038 0.82525 752.827 280.632 0.612325 725.452 284.562 0.462826 705.008 286.594 0.406504 814.808 309.121 0.80286 819.138 375.67 0.789448 796.733 424.118 0.759145 751.092 379.98 0.767352 747.19 438.403 0.862226 757.538 489.863 0.808314 789.997 392.176 0.710095 776.522 442.189 0.670243 767.383 503.255 0.200481 751.294 274.998 0.59648 764.359 279.128 0.83258 0 0 0 786.108 272.821 0.890074 0
2 111 172 748.893 287.595 0.887797 777.398 295.002 0.820828 746.521 282.381 0.558878 719.153 287.175 0.53064 701.857 291.164 0.566329 808.926 311.515 0.798204 812.18 378.498 0.809308 788.257 426.942 0.862057 744.134 381.06 0.754337 744.146 439.769 0.825359 758.046 491.098 0.786504 783.035 394.131 0.714364 770.87 442.842 0.678768 763.47 503.687 0.258171 744.335 278.039 0.733629 756.978 281.525 0.920126 727.959 258.152 0.0816118 779.14 276.066 0.92887 0
2 111 173 741.946 290.629 0.888545 770.883 296.962 0.819147 740.004 285.196 0.553607 715.242 293.257 0.451604 700.991 300.078 0.582515 802.401 313.267 0.835737 805.44 380.888 0.831287 779.991 429.762 0.834007 739.143 381.705 0.7533 740.879 440.851 0.48088 756.517 493.926 0.617559 777.815 395.432 0.745331 764.12 445.013 0.58954 759.776 505.866 0.418175 737.39 280.432 0.680196 750.018 283.919 0.909141 0 0 0 772.399 278.25 0.910359 0
2 111 174 735.64 293.886 0.834273 765.019 299.347 0.822518 733.7 287.583 0.622486 711.981 298.041 0.248912 697.88 308.382 0.1 796.738 315.657 0.779129 798.492 383.498 0.802304 771.949 432.588 0.796621 734.359 382.148 0.618011 739.791 441.281 0.280877 757.387 493.928 0.659311 772.601 396.519 0.689767 758.026 446.099 0.541721 754.776 505.427 0.405614 731.514 283.267 0.629683 744.142 287.177 0.963789 0 0 0 766.096 280.438 0.796166 0
2 111 175 729.545 296.501 0.818626 759.572 302.17 0.850026 728.274 289.98 0.613448 708.718 301.958 0.33592 694.769 316.686 0.478376 790.208 318.902 0.837848 792.179 385.897 0.839426 763.476 435.195 0.778647 730.43 382.591 0.628469 739.567 441.712 0.1 758.043 493.932 0.1 767.608 397.391 0.682479 752.154 446.087 0.573868 749.989 502.602 0.340326 724.788 286.303 0.557162 737.41 290.438 0.893267 0 0 0 760.001 283.487 0.85169 0
2 111 176 722.825 299.764 0.857387 753.271 305.434 0.819226 722.192 293.454 0.525054 704.794 306.318 0.300291 691.658 324.989 0.1 783.692 322.371 0.792929 785.46 388.286 0.800236 756.081 437.814 0.825097 725.645 384.111 0.536911 739.135 442.359 0.1 758.482 493.709 0.1 762.609 398.697 0.656559 745.856 446.954 0.534824 744.767 501.089 0.394178 718.926 289.567 0.533938 731.951 293.696 0.884133 0 0 0 753.702 286.96 0.901255 0
2 111 177 717.166 303.022 0.88975 747.817 309.134 0.810567 716.962 297.369 0.628655 698.488 313.053 0.372293 688.547 333.293 0.122047 776.948 326.28 0.799928 779.37 391.763 0.740923 747.606 440.869 0.81731 721.943 386.069 0.618794 738.476 443.021 0.352834 758.916 493.705 0.166675 758.262 400.655 0.619578 740.195 448.476 0.60797 738.253 500.659 0.599455 713.483 292.614 0.654115 726.513 296.313 0.88296 0 0 0 748.267 290.442 0.922843 0
2 111 178 711.733 306.493 0.93547 741.952 313.475 0.771081 711.525 301.723 0.587087 692.619 318.708 0.264994 0 0 0 770.221 329.768 0.763256 772.64 395.453 0.728082 740.212 444.13 0.892862 718.03 389.112 0.621921 736.959 443.241 0.437995 752.19 496.754 0.713956 754.561 402.837 0.591004 736.496 451.957 0.532474 731.295 506.318 0.330341 707.398 295.878 0.629553 720.862 299.364 0.870587 0 0 0 743.036 293.923 0.942789 0
2 111 179 707.161 310.186 0.875284 736.734 317.174 0.740765 707.383 305.428 0.48814 687.33 319.288 0.260314 0 0 0 764.12 333.471 0.759909 765.903 399.149 0.736158 732.394 447.18 0.931321 714.773 392.155 0.603083 733.479 443.9 0.502298 747.195 498.494 0.742142 750.866 405.659 0.586836 731.498 456.948 0.536257 725.414 512.626 0.33617 702.384 299.778 0.635195 715.866 302.836 0.972749 0 0 0 738.031 296.97 0.859313 0
2 111 180 702.172 314.319 0.941947 731.504 321.086 0.761673 702.385 309.567 0.468657 682.181 322.842 0.245607 0 0 0 758.029 337.181 0.750286 759.156 403.273 0.742661 725.004 450.442 0.923527 712.6 395.842 0.557193 730.438 445.495 0.509136 744.44 498.858 0.801486 747.609 408.909 0.491779 726.282 462.163 0.525908 714.554 521.102 0.191384 697.186 303.696 0.834911 711.084 306.318 0.946203 0 0 0 732.811 300.225 0.969428 0
2 111 181 697.173 318.018 0.976283 726.07 325.214 0.759504 696.956 314.133 0.537835 676.525 326.105 0.236702 0 0 0 751.732 341.529 0.707783 751.976 407.83 0.728125 716.746 454.568 0.848161 708.903 400.202 0.603404 727.612 447.595 0.493557 742.85 497.19 0.792576 743.485 412.599 0.544751 720.629 468.681 0.561964 705.648 528.49 0.143373 691.974 307.396 0.897836 706.721 310.011 0.893981 0 0 0 727.604 303.706 1.00488 0
2 111 182 692.816 321.723 0.974131 720.638 329.555 0.771009 691.738 317.613 0.578852 668.646 325.567 0.173709 0 0 0 746.091 346.517 0.76501 744.376 412.614 0.774894 709.144 458.474 0.873639 703.462 405.199 0.653837 723.923 449.983 0.41806 742.854 494.146 0.814895 737.834 417.166 0.557798 714.114 475.202 0.599935 697.388 533.708 0.655673 686.763 311.314 0.872132 701.736 314.136 0.86689 675 303.192 0.0747332 722.815 307.183 0.944496 0
2 111 183 687.824 325.416 0.880075 715.191 333.892 0.773896 686.294 321.305 0.515131 660.768 325.028 0.1 0 0 0 740.228 351.07 0.783827 737.407 416.964 0.750413 701.316 462.176 0.869347 697.383 409.99 0.665076 717.399 453.031 0.359248 735.905 498.274 0.818558 732.179 422.169 0.560002 707.384 482.597 0.631172 690.226 542.416 0.72043 681.764 315.435 0.896489 696.957 317.613 0.952901 0 0 0 717.598 310.653 0.832275 0
2 111 184 683.254 329.107 0.894359 709.329 337.802 0.813974 680.641 325.221 0.558588 652.889 324.49 0.1 0 0 0 735.007 354.563 0.744366 730.878 420.875 0.72928 694.154 465.435 0.877723 690.87 415.213 0.659943 707.185 459.345 0.405381 724.822 506.527 0.789436 726.092 427.387 0.57853 700.869 489.778 0.707323 683.27 551.119 0.793085 677.62 319.344 0.961041 692.819 321.086 0.972156 0 0 0 712.809 313.476 0.846016 0
2 111 185 679.116 331.943 0.973896 703.889 341.285 0.772302 674.989 328.05 0.55562 645.01 323.951 0.234395 0 0 0 729.568 358.258 0.760521 723.91 425.437 0.792649 686.752 468.481 0.946158 685.203 420.426 0.729897 696.531 465.655 0.286672 710.474 514.797 0.740807 720.436 432.386 0.565111 695.206 496.519 0.732578 677.607 559.808 0.827394 672.625 322.818 0.871731 687.836 324.347 0.853181 0 0 0 707.6 315.661 0.961771 0
2 111 186 673.909 334.993 0.928327 698.467 344.118 0.787383 669.771 331.097 0.595759 643.68 326.751 0.056313 0 0 0 724.354 360.657 0.817311 717.168 428.911 0.775507 679.571 471.52 0.887151 678.907 424.557 0.741363 683.715 470.643 0.254452 696.116 521.315 0.800095 714.997 436.297 0.616468 690.203 502.391 0.799516 673.035 568.283 0.807469 667.403 326.082 0.947201 682.622 327.593 0.93577 661.313 311.074 0.0613731 702.174 317.842 0.872018 0
2 111 187 668.482 338.038 0.910378 692.599 346.517 0.804899 663.905 334.347 0.639126 631.913 336.549 0.0964352 0 0 0 719.12 363.26 0.759497 710.856 432.175 0.763194 671.743 474.131 0.860651 672.39 427.604 0.734404 671.538 475.651 0.229377 680.459 528.259 0.1 709.564 439.984 0.633298 686.295 507.393 0.794031 672.824 570.028 0.825047 661.968 328.913 0.945869 676.97 329.988 0.962621 649.621 318.875 0.0682177 696.311 320.237 0.898319 0
2 111 188 662.191 340.856 0.940787 686.938 348.915 0.809387 657.595 337.174 0.636869 632.004 342.393 0.0907632 0 0 0 713.264 366.299 0.810414 704.332 435.65 0.727276 664.139 476.949 0.968548 666.959 431.3 0.827967 661.755 480.436 0.577281 668.707 532.604 0.52525 704.785 443.466 0.689697 682.819 510.663 0.795066 672.822 571.117 0.714229 656.323 330.891 0.939513 671.529 331.958 0.946096 647.553 318.829 0.0681282 690.656 322.837 0.879809 0
2 111 189 656.53 343.02 0.870976 681.501 351.311 0.823099 652.378 340.43 0.578272 0 0 0 0 0 0 707.182 368.47 0.762294 698.668 438.271 0.767655 656.964 478.903 0.872009 661.744 434.568 0.789453 651.322 484.352 0.52252 656.311 537.39 0.428354 700.002 446.515 0.690607 679.994 513.49 0.810235 673.039 571.343 0.794318 650.226 332.852 0.980694 665.226 333.71 1.00078 0 0 0 685.001 324.795 0.859444 0
2 111 190 650.01 344.975 0.925544 674.995 353.49 0.817484 646.507 342.386 0.584515 631.934 383.443 0.0961427 0 0 0 701.092 370.643 0.747382 692.59 440.448 0.785121 650.223 480.642 0.997486 657.395 437.171 0.758522 641.107 487.83 0.608572 643.267 544.132 0.682015 695.444 449.126 0.711857 677.168 515.016 0.81715 672.824 571.344 0.809075 643.925 334.816 0.966724 658.924 335.669 0.990541 631.996 320.784 0.105676 678.478 326.531 0.922566 0
2 111 191 643.499 346.727 0.916904 669.767 355.66 0.761057 641.732 344.779 0.56762 623.813 389.243 0.260616 616.292 473.449 0.263719 694.78 372.383 0.766978 686.929 442.407 0.755451 643.258 482.381 0.905431 652.613 438.92 0.7487 630.665 491.309 0.573732 628.702 551.529 0.588797 691.53 451.305 0.69439 675.005 516.543 0.825814 673.261 571.33 0.813406 638.043 337.2 0.965859 652.827 337.619 0.947539 0 0 0 672.392 328.273 0.858831 0
2 111 192 636.753 348.692 0.92806 663.682 357.404 0.780361 636.518 346.521 0.560067 618.892 386.007 0.130191 0 0 0 688.474 374.13 0.712008 680.413 444.365 0.7667 636.09 484.322 0.904131 648.256 440.876 0.750476 620.233 495.217 0.49399 615.666 555.886 0.519024 687.178 453.473 0.687612 673.261 518.064 0.767116 673.897 571.113 0.777973 631.091 339.158 0.976486 645.866 339.571 0.981178 622.192 322.817 0.0521549 665.447 330.013 0.982628 0
2 111 193 629.575 351.297 0.984886 657.814 359.147 0.738586 631.3 348.257 0.547562 613.971 382.771 0.176778 0 0 0 682.175 376.082 0.753608 673.032 447.182 0.743363 628.905 486.5 0.935866 643.687 443.046 0.72755 612.838 495.868 0.525167 606.737 556.33 0.540243 682.837 455.434 0.715656 671.515 519.801 0.761853 674.114 570.895 0.793964 623.274 341.113 0.92895 637.837 341.529 0.908555 0 0 0 658.493 331.976 0.903453 0
2 111 194 621.529 353.691 0.948495 652.174 360.661 0.733479 627.602 348.472 0.460904 609.049 379.535 0.111637 0 0 0 675.649 378.035 0.715965 666.297 448.704 0.752243 622.166 488.237 0.933199 638.698 443.924 0.682668 605.887 496.526 0.533875 600.433 557.195 0.686447 678.493 456.966 0.724565 669.13 521.54 0.799994 674.114 570.677 0.78508 616.077 343.062 0.910583 629.786 343.696 0.915107 0 0 0 651.311 334.789 0.974649 0
2 111 195 613.042 355.864 0.98413 645.867 362.394 0.775566 622.822 348.686 0.455841 604.128 376.299 0.150537 0 0 0 669.557 380.857 0.723 659.12 450.673 0.7411 615.219 490.625 0.957712 634.126 446.099 0.685321 600.231 498.484 0.569176 593.695 560.449 0.447039 673.291 459.574 0.71751 666.096 523.063 0.834844 674.553 570.456 0.812581 607.179 344.799 0.847621 621.079 345.88 0.859181 0 0 0 643.262 337.608 1.01985 0
2 111 196 604.125 357.827 0.876769 640.214 363.71 0.750638 618.691 348.474 0.476305 598.469 372.814 0.281663 0 0 0 662.821 383.462 0.734442 651.942 452.638 0.72913 608.92 493.022 0.93219 629.775 448.272 0.645084 594.579 500.219 0.55337 587.823 562.63 0.688894 668.301 462.398 0.721739 663.043 524.798 0.830273 674.773 570.224 0.843129 598.043 346.537 0.836498 611.944 348.485 0.958243 0 0 0 634.781 340.004 0.960415 0
2 111 197 595.208 359.782 0.933595 633.915 365.233 0.806346 614.135 348.91 0.505934 593.258 370.206 0.258042 0 0 0 656.292 385.422 0.713975 644.76 454.589 0.772448 602.605 495.424 0.930434 624.554 450.238 0.591098 587.624 503.039 0.541411 578.253 568.281 0.628839 662.861 464.787 0.718135 659.775 526.962 0.746121 674.775 569.785 0.813859 589.129 348.268 0.604776 602.162 351.298 0.960129 0 0 0 626.081 342.182 0.891197 0
2 111 198 585.647 361.751 0.897639 627.177 366.536 0.766024 608.704 348.042 0.484534 587.606 364.553 0.187838 0 0 0 649.324 388.024 0.69274 636.733 456.332 0.772936 595.863 498.478 0.963478 618.908 451.978 0.635822 580.879 506.085 0.530285 568.046 573.701 0.547931 657.429 466.96 0.697703 655.426 529.359 0.716864 674.773 568.908 0.830252 580.072 350.578 0.287052 592.59 354.546 0.853616 0 0 0 615.429 345.224 0.890504 0
2 111 199 576.726 364.794 0.884551 620.424 367.838 0.762114 603.703 347.393 0.460625 581.086 361.291 0.132642 0 0 0 641.506 390.192 0.666692 629.131 458.077 0.775585 589.774 500.873 0.973583 612.827 453.934 0.563517 574.147 509.34 0.516291 559.355 577.399 0.630036 651.555 469.128 0.718271 650.64 532.829 0.769131 674.768 567.606 0.852681 570.86 353.042 0.265824 582.38 357.386 0.841862 0 0 0 605.649 348.271 0.810027 0
2 111 200 567.155 368.036 0.76581 613.036 369.147 0.780133 597.605 346.96 0.534469 572.393 361.507 0.146369 0 0 0 634.115 392.37 0.711209 621.961 460.891 0.785911 583.035 503.491 0.966054 606.74 455.675 0.593906 568.066 512.383 0.471982 552.825 580.226 0.485365 645.248 471.086 0.730003 645.205 536.303 0.77631 674.334 566.1 0.839143 561.074 355.227 0.108871 572.385 360.001 0.77394 0 0 0 595.654 351.305 0.714719 0
2 111 201 558.022 370.861 0.771369 605.655 370.236 0.732423 592.173 346.095 0.542897 564.139 362.379 0.144671 0 0 0 625.858 394.766 0.699967 614.795 463.284 0.744072 577.158 506.535 0.878137 601.31 457.404 0.63541 563.065 515.203 0.542053 549.342 580.441 0.590986 639.59 472.825 0.747285 638.906 540.002 0.772953 673.468 564.795 0.817687 551.438 357.144 0.100588 562.388 362.617 0.732812 0 0 0 586.505 354.557 0.689327 0
2 111 202 549.121 373.259 0.452008 598.255 370.675 0.772663 585.869 344.136 0.567084 556.736 351.505 0.172596 0 0 0 617.822 396.936 0.73663 608.494 465.024 0.774604 571.29 508.925 0.904162 596.093 458.266 0.606232 559.158 516.938 0.561798 546.312 580.657 0.730751 634.151 473.689 0.748615 631.961 543.259 0.800838 670.869 564.788 0.833177 541.803 359.062 0.1 553.469 365.883 0.532795 0 0 0 576.515 357.819 0.557192 0
2 111 203 540.865 375.863 0.640759 590.217 371.764 0.709063 578.902 344.79 0.54178 549.883 348.137 0.211297 549.394 271.293 0.397826 609.788 399.112 0.683333 601.541 466.985 0.759358 564.99 511.958 0.908392 591.092 459.568 0.570171 554.598 518.672 0.57801 544.138 580.657 0.734573 628.927 474.98 0.704143 625.006 546.305 0.752418 667.182 565.009 0.819949 532.167 360.979 0.1 544.998 369.138 0.717033 0 0 0 566.735 361.08 0.576227 0
2 111 204 533.468 378.693 0.79228 583.034 373.063 0.689387 572.817 345.011 0.489814 543.578 350.316 0.100015 542.956 284.417 0.1 601.735 401.063 0.678399 595.233 468.501 0.769757 559.773 513.708 0.939554 586.748 459.997 0.578401 552.636 520.633 0.430471 543.927 579.369 0.50552 624.786 474.762 0.728392 617.834 549.353 0.879078 662.181 566.536 0.846584 522.531 362.897 0.150225 536.535 372.185 0.850126 0 0 0 557.598 364.555 0.721142 0
2 111 205 526.731 382.165 0.774932 575.858 374.575 0.64473 566.941 345.449 0.485813 537.278 352.93 0.107076 536.519 297.541 0.1 593.476 403.029 0.652875 588.927 470.021 0.793526 554.554 515.445 0.882571 582.838 459.562 0.47211 549.81 522.158 0.361855 544.142 579.152 0.374727 620.43 473.251 0.702381 610.453 551.092 0.768106 655.449 569.153 0.860974 518.497 371.756 0.0797222 529.575 375.449 0.776728 0 0 0 549.34 368.028 0.697876 0
2 111 206 520.425 385.65 0.498214 568.473 375.879 0.647188 560.845 345.658 0.449396 529.888 356.186 0.191246 530.082 310.665 0.208696 585.434 404.978 0.659075 582.845 471.54 0.779344 549.123 517.179 0.870791 579.353 458.466 0.494873 546.977 522.591 0.554604 543.713 577.849 0.640652 616.733 471.515 0.682064 603.502 552.186 0.837358 647.191 573.078 0.887438 0 0 0 523.047 379.138 0.63029 0 0 0 541.955 371.282 0.556741 0
2 111 207 515.21 389.773 0.453133 561.517 377.396 0.635331 555.415 346.745 0.497492 526.839 355.535 0.1 522.82 326.039 0.1 577.612 406.945 0.635311 577.181 473.27 0.796279 543.904 518.9 0.890771 576.962 457.592 0.470874 545.023 522.373 0.415018 544.791 576.127 0.36605 613.26 469.78 0.683264 597.201 553.26 0.783076 637.415 578.943 0.839993 0 0 0 517.179 382.835 0.566922 0 0 0 535.644 374.333 0.536705 0
2 111 208 509.989 392.824 0.471747 555.649 378.702 0.701387 550.414 348.263 0.601746 521.187 363.144 0.122571 513.91 345.911 0.1 571.304 408.693 0.677486 571.735 475 0.80411 538.467 520.42 0.901804 575.003 456.289 0.431466 541.101 521.512 0.481046 545.65 574.603 0.648888 610.644 468.047 0.64779 591.551 553.266 0.799758 627.202 585.47 0.84184 0 0 0 511.95 386.306 0.644194 0 0 0 529.345 376.952 0.676279 0
2 111 209 505.422 396.302 0.543121 549.137 380.002 0.714687 545.204 348.916 0.635085 516.404 366.405 0.154039 505 365.783 0.1 564.997 410.654 0.677169 566.08 476.095 0.832806 533.684 521.512 0.850108 572.395 454.541 0.425285 538.271 520.212 0.471874 546.963 573.086 0.610681 608.469 466.303 0.718227 586.553 553.253 0.764499 616.336 592.64 0.825237 0 0 0 506.735 389.789 0.630902 0 0 0 523.033 380.859 0.751365 0
2 111 210 500.43 399.779 0.578641 543.901 381.745 0.680028 540.2 350.222 0.55941 511.402 368.586 0.155667 496.09 385.655 0.186028 559.558 413.039 0.67322 560.857 478.041 0.804454 528.687 522.18 0.85309 569.574 452.809 0.429897 534.574 519.13 0.3571 547.386 573.083 0.599013 606.298 464.566 0.738235 582.425 553.023 0.768781 606.109 600.02 0.860352 0 0 0 501.734 393.479 0.65437 0 0 0 516.951 384.332 0.800916 1
2 111 211 496.3 403.041 0.281498 538.909 384.137 0.768817 536.279 352.614 0.626339 508.038 380.281 0.171671 0 0 0 554.335 415.647 0.683048 555.63 479.782 0.861231 524.11 523.486 0.893917 568.486 452.598 0.412706 533.273 518.914 0.367393 547.386 572.437 0.590513 604.552 464.13 0.734382 579.148 552.812 0.754844 597.193 605.894 0.831508 0 0 0 497.17 396.945 0.395414 0 0 0 511.734 387.58 0.736487 1
2 111 212 492.172 406.52 0.471451 534.986 386.531 0.709895 532.592 354.572 0.639335 508.803 385.938 0.135399 0 0 0 549.769 418.253 0.702961 550.842 481.948 0.83655 519.548 525.008 0.816593 567.834 452.593 0.369706 530.876 517.397 0.188221 548.039 572.004 0.229937 602.602 463.703 0.7537 576.309 552.805 0.780663 589.146 611.764 0.801759 0 0 0 492.816 400.424 0.636053 0 0 0 507.601 389.985 0.755375 1
2 111 213 488.697 409.781 0.268855 531.077 388.712 0.643765 529.11 356.527 0.518591 513.695 385.555 0.103135 0 0 0 544.995 420.433 0.608298 545.638 484.345 0.766393 514.328 526.949 0.812484 567.18 452.599 0.383059 528.052 516.205 0.188743 546.954 571.999 0.307417 600.425 464.35 0.741859 574.127 553.023 0.801662 582.192 616.329 0.818013 0 0 0 489.329 403.901 0.362922 0 0 0 503.912 392.177 0.717215 1
2 111 214 485.441 412.819 0.405023 527.598 390.669 0.702982 526.071 358.268 0.608599 522.166 384.028 0.131904 0 0 0 540.873 422.384 0.667699 540.859 486.302 0.808762 509.323 528.903 0.824041 566.961 453.691 0.37578 527.397 516.421 0.207511 545.651 571.569 0.204916 598.473 466.076 0.743324 571.518 553.683 0.832135 576.97 619.591 0.819817 0 0 0 485.854 406.735 0.496695 0 0 0 500.215 394.564 0.780119 1
2 111 215 482.612 415.863 0.322676 524.981 392.627 0.717986 524.122 360.007 0.607176 531.73 381.426 0.1 0 0 0 536.961 424.785 0.730932 536.292 488.484 0.782373 504.966 530.642 0.78572 570.222 454.998 0.386015 527.182 516.42 0.344901 544.786 571.344 0.592931 596.952 468.032 0.684452 568.69 555.199 0.815973 573.284 621.972 0.799641 0 0 0 482.164 409.136 0.405218 0 0 0 495.651 397.824 0.741176 1
2 111 216 479.785 418.465 0.287421 522.814 394.802 0.724667 522.599 361.525 0.625158 538.044 385.556 0.1 0 0 0 534.14 427.173 0.729863 531.514 490.659 0.806247 500.411 532.382 0.726894 573.257 456.954 0.335268 526.959 516.847 0.146521 543.921 571.342 0.335747 595.418 470.855 0.684108 566.302 556.941 0.793003 571.317 622.635 0.767063 0 0 0 478.471 411.315 0.410373 0 0 0 492.185 400.431 0.807678 1
2 111 217 477.398 420.857 0.268859 520.209 397.187 0.739545 521.302 363.052 0.615111 549.346 382.514 0.1 0 0 0 530.664 430.21 0.719617 526.728 493.488 0.829247 495.855 534.116 0.816857 576.954 459.128 0.345672 528.917 517.722 0.1 543.711 572.21 0.1 593.681 474.11 0.707351 564.343 558.676 0.810593 570.219 623.285 0.795754 0 0 0 475.219 413.92 0.385017 0 0 0 488.918 403.458 0.800498 1
2 111 218 474.131 422.608 0.32762 518.685 399.364 0.776867 521.304 364.582 0.670422 560.867 379.69 0.121667 586.932 367.797 0.0931075 526.975 433.25 0.749199 522.378 496.101 0.812052 491.718 535.847 0.861703 582.176 461.743 0.385676 533.05 519.249 0.32237 543.06 573.507 0.24065 592.156 477.807 0.706389 562.593 560.211 0.741008 570.203 623.713 0.807363 0 0 0 471.948 416.088 0.425384 0 0 0 486.099 405.199 0.81126 1
2 111 219 471.739 424.349 0.279176 517.167 401.537 0.786313 521.305 366.101 0.689208 573.037 376.426 0.218155 584.921 365.766 0.21351 523.508 435.644 0.714577 518.245 498.28 0.726975 487.371 537.366 0.80098 587.389 464.35 0.330098 538.053 520.551 0.221027 543.064 574.798 0.244106 590.638 481.51 0.678803 560.847 561.947 0.751749 570.203 623.719 0.789061 0 0 0 469.337 417.613 0.359456 0 0 0 483.7 406.953 0.791889 1
2 111 220 468.262 426.085 0.219338 515.863 403.06 0.76585 521.519 367.197 0.734281 582.056 375.163 0.353809 585.103 366.097 0.375559 520.683 437.605 0.747978 513.902 500.24 0.738323 483.249 538.676 0.796162 591.52 465.655 0.380691 540.007 524.029 0.545258 543.061 576.316 0.526724 589.124 484.342 0.665324 559.109 563.691 0.70181 570.408 624.149 0.766414 0 0 0 465.857 418.926 0.27839 0 0 0 481.085 408.706 0.812415 1
2 111 221 465.004 427.609 0.244143 514.562 404.142 0.792977 521.726 367.848 0.725255 587.707 374.829 0.38355 585.285 366.428 0.327905 517.854 438.906 0.721291 509.988 501.778 0.827271 479.121 539.343 0.860463 595.651 467.181 0.468306 544.134 528.363 0.40224 542.193 577.616 0.466425 588.034 487.165 0.660588 557.391 565.222 0.710914 570.618 623.927 0.758781 0 0 0 462.386 420.446 0.300883 0 0 0 478.258 410.656 0.832088 1
2 111 222 461.743 428.923 0.393381 513.269 405.223 0.816684 521.735 368.284 0.715355 590.646 374.125 0.405765 585.467 366.758 0.34203 515.673 439.998 0.745543 506.503 503.074 0.835451 475.644 539.583 0.850161 599.559 468.699 0.458825 547.383 533.03 0.127731 541.761 579.144 0.156468 587.158 489.78 0.67257 555.876 566.944 0.786061 570.828 623.709 0.780817 0 0 0 459.121 421.962 0.440993 0 0 0 475.212 412.604 0.85904 1
2 111 223 458.263 430.235 0.351062 511.754 406.53 0.789383 521.515 368.714 0.67247 590.651 374.774 0.327129 585.649 367.089 0.264686 513.715 441.747 0.754334 503.02 505.021 0.82241 472.162 540.241 0.79451 603.253 469.778 0.476824 549.766 536.725 0.168519 541.767 580.886 0.191822 586.496 491.961 0.639129 555.22 568.248 0.775675 570.83 623.701 0.773744 0 0 0 455.858 423.482 0.399707 0 0 0 472.389 414.56 0.840745 1
2 111 224 455.222 431.752 0.441783 510.671 408.038 0.800023 521.508 369.151 0.715435 590.434 375.858 0.374224 585.424 367.309 0.144046 511.979 443.265 0.690759 499.969 506.323 0.800657 468.689 540.892 0.8414 603.904 470.864 0.447735 551.718 541.51 0.15947 541.988 582.853 0.248646 585.627 494.134 0.645985 554.574 568.915 0.815015 570.833 623.487 0.80576 0 0 0 453.459 425.01 0.513289 0 0 0 470.427 416.302 0.809572 1
2 111 225 451.955 433.497 0.404241 509.359 409.13 0.785234 520.857 369.589 0.723604 589.57 376.936 0.277567 584.984 367.531 0.1 510.228 444.788 0.708754 497.142 507.846 0.820304 464.995 541.337 0.807195 604.341 471.297 0.461148 553.462 545.863 0.132481 544.592 587.624 0.249279 585.185 495.436 0.631161 554.129 569.142 0.808005 570.835 623.488 0.798119 0 0 0 451.066 426.75 0.532933 0 0 0 468.466 418.257 0.829051 1
2 111 226 448.477 435.235 0.353 508.481 410.006 0.78415 520.197 370.024 0.698754 588.495 378.019 0.345866 584.332 367.752 0.184026 508.697 445.66 0.727106 494.758 508.497 0.805363 462.165 541.782 0.824061 604.343 471.515 0.47842 555.199 550.202 0.155944 544.592 588.487 0.162146 584.755 495.877 0.625489 553.478 569.37 0.832686 570.837 623.058 0.81028 0 0 0 448.454 428.165 0.480706 0 0 0 466.507 420.006 0.823899 1
2 111 227 445.874 436.973 0.366704 507.606 410.881 0.790141 518.896 370.885 0.641178 587.628 378.886 0.34994 584.116 367.967 0.102961 507.607 446.747 0.749371 491.942 509.145 0.776949 459.133 542.006 0.744338 604.129 471.511 0.483672 554.763 554.322 0.162958 547.193 591.96 0.176296 584.322 495.66 0.610657 552.826 569.586 0.826016 570.836 622.624 0.80682 0 0 0 445.856 429.689 0.521173 0 0 0 464.754 421.757 0.813292 1
2 111 228 443.698 438.929 0.268519 506.737 411.318 0.772143 517.597 371.539 0.646284 587.198 379.971 0.474142 583.674 368.187 0.115048 506.944 447.4 0.735758 489.552 509.371 0.785059 456.53 542.226 0.717265 603.921 471.294 0.507966 554.549 557.579 0.25747 550.02 589.798 0.182197 584.312 495.438 0.603191 552.386 569.591 0.805019 570.637 622.19 0.806857 0 0 0 443.903 432.078 0.382216 0 0 0 463.015 423.703 0.821743 1
2 111 229 442.822 440.681 0.277229 505.866 412.183 0.781427 516.306 372.615 0.60803 586.975 379.975 0.353854 583.24 367.761 0.1 505.635 447.833 0.73424 487.597 509.801 0.724714 453.934 542.445 0.721927 603.712 471.075 0.510781 554.336 557.802 0.26329 553.764 590.504 0.11343 584.3 495.435 0.599971 551.953 569.58 0.799841 570.434 621.543 0.801795 0 0 0 442.815 434.244 0.361345 0 0 0 461.28 425.442 0.76932 1
2 111 230 442.376 442.214 0.1 504.779 413.269 0.787197 514.577 373.701 0.622251 587.191 379.545 0.444893 582.809 367.658 0.164741 504.761 449.139 0.717563 485.867 510.441 0.739736 451.978 542.648 0.69019 603.499 470.426 0.524423 554.115 558.684 0.243616 557.508 591.209 0.178022 584.297 495.213 0.604546 551.717 569.568 0.804901 570.233 621.331 0.832894 0 0 0 441.94 435.981 0.1 0 0 0 459.98 427.177 0.781463 1
2 111 231 441.947 443.738 0.280138 503.9 414.135 0.784357 513.267 374.569 0.609627 587.182 380.419 0.499766 582.594 367.876 0.211653 504.116 450.655 0.680603 484.567 510.878 0.730316 450.462 542.636 0.741303 603.289 469.56 0.514608 553.911 558.469 0.273296 561.252 591.915 0.108165 584.299 494.349 0.580341 551.492 569.35 0.777262 570.03 621.326 0.80383 0 0 0 441.297 437.716 0.359112 0 0 0 459.327 428.489 0.792564 1
2 111 232 441.505 444.829 0.260317 503.025 414.575 0.785039 511.965 375.222 0.597013 586.958 380.424 0.472577 582.156 367.872 0.216543 503.67 451.733 0.672429 483.706 510.886 0.733217 449.379 542.2 0.796151 603.071 468.692 0.490671 553.918 558.252 0.171512 564.996 592.621 0.100417 584.296 493.692 0.603108 551.271 569.334 0.81268 570.23 621.329 0.830379 0 0 0 440.432 439.436 0.3436 0 0 0 458.667 429.578 0.742078 1
2 111 233 440.42 445.487 0.274364 501.939 414.796 0.779936 510.453 375.443 0.613709 586.518 380.209 0.481878 581.724 367.872 0.273057 503.233 452.17 0.685758 483.495 510.892 0.745067 449.383 541.758 0.809629 602.852 467.822 0.494654 554.575 556.227 0.151255 569.299 567.347 0.0848064 584.506 492.825 0.607745 551.266 569.314 0.815679 570.432 621.323 0.836845 0 0 0 439.351 440.731 0.363346 0 0 0 458.236 430.008 0.695327 1
2 111 234 439.336 445.706 0.310674 501.075 415.01 0.774861 509.369 375.443 0.621663 586.287 380.217 0.376594 581.504 368.302 0.231609 503.022 452.6 0.659762 483.923 510.676 0.746964 450.465 541.324 0.824948 602.632 466.743 0.469142 555.66 553.908 0.217155 569.181 569.407 0.0872656 584.506 492.174 0.629538 551.476 569.298 0.797865 570.432 621.323 0.830796 0 0 0 438.483 441.588 0.406336 0 0 0 458.238 430.01 0.692906 1
2 111 235 438.687 445.918 0.308023 500.215 415.219 0.781915 508.495 375.436 0.631845 586.051 380.432 0.530239 581.504 368.732 0.233062 503.243 452.599 0.674715 484.359 510.237 0.741825 451.558 540.89 0.834045 602.615 465.877 0.492697 557.182 550.869 0.205547 569.281 567.4 0.0964961 584.502 491.524 0.619343 551.902 569.073 0.810304 570.232 621.747 0.829981 0 0 0 438.266 442.339 0.401187 0 0 0 458.246 430.009 0.733392 1
2 111 236 438.471 446.125 0.305968 499.567 415.215 0.783807 508.061 374.789 0.612682 585.615 380.653 0.39598 581.286 368.96 0.194727 503.674 452.162 0.663372 485.657 509.59 0.731855 453.94 540.892 0.818348 602.396 465.449 0.498635 558.485 548.048 0.154559 542.054 584.971 0.095476 584.5 491.302 0.622757 552.334 568.85 0.847154 570.232 621.97 0.840501 0 0 0 438.695 442.775 0.406653 0 0 0 458.469 430.004 0.746167 1
2 111 237 439.119 446.129 0.326053 499.137 415 0.778227 507.631 374.142 0.612458 585.389 380.858 0.498172 581.285 369.174 0.241306 504.323 451.519 0.6705 487.396 508.934 0.718142 456.975 540.88 0.848784 602.175 464.801 0.481067 560.653 544.58 0.1 573.297 541.912 0.0920885 584.295 490.648 0.612416 552.56 568.411 0.847237 570.233 622.403 0.841917 0 0 0 439.134 442.989 0.422128 0 0 0 458.698 430.005 0.771286 1
2 111 238 439.345 446.124 0.420093 498.914 415.002 0.776435 507.193 373.278 0.622189 585.169 380.641 0.47349 580.858 369.388 0.26888 505.198 451.736 0.690549 489.786 508.511 0.768489 460.226 541.088 0.877903 602.161 464.151 0.485776 561.302 541.319 0.1 0 0 0 584.296 489.993 0.615551 552.788 567.763 0.847015 570.234 622.83 0.830234 0 0 0 440 442.997 0.498871 0 0 0 459.356 430.004 0.862998 1
2 111 239 439.352 446.332 0.317826 498.265 414.791 0.763132 506.974 372.409 0.628262 584.522 380.862 0.49261 579.562 370.462 0.261786 505.855 451.306 0.697309 492.606 507.868 0.810241 463.693 541.099 0.847469 602.151 463.496 0.490204 562.611 537.833 0.105791 0 0 0 584.291 488.694 0.607347 553.019 566.903 0.840025 570.23 623.042 0.810611 0 0 0 440.654 443.015 0.399519 0 0 0 460.005 430.003 0.867978 1
2 111 240 439.783 446.757 0.383323 498.264 414.795 0.750651 506.753 372.19 0.614243 584.089 380.848 0.416163 578.266 371.11 0.250003 506.723 450.876 0.69673 495.418 507.436 0.853802 467.164 541.318 0.769069 602.142 462.844 0.49138 563.912 534.354 0.123562 0 0 0 584.085 487.6 0.612793 553.25 566.046 0.838596 570.225 623.045 0.819982 0 0 0 441.3 443.242 0.453082 0 0 0 460.439 430.647 0.886084 1
2 111 241 440.438 447.399 0.314694 498.484 415.005 0.748788 506.532 372.402 0.599679 583.871 380.845 0.359536 578.048 371.323 0.210156 507.816 450.23 0.683166 498.029 507.002 0.791603 470.863 541.53 0.863968 601.925 462.192 0.46896 564.78 531.08 0.101923 0 0 0 584.096 486.081 0.613025 553.481 565.187 0.846204 570.025 623.042 0.818782 0 0 0 442.171 443.477 0.432068 0 0 0 461.098 431.302 0.787244 1
2 111 242 442.394 448.481 0.232349 498.911 415.443 0.733881 506.091 373.053 0.592426 583.442 380.629 0.340088 577.396 371.751 0.235547 508.908 450.447 0.648562 499.992 506.995 0.785354 473.903 541.75 0.836092 601.708 461.324 0.444835 564.975 528.213 0.123692 0 0 0 584.11 484.556 0.605138 553.915 564.327 0.819935 569.818 623.044 0.796441 0 0 0 443.483 444.131 0.326073 0 0 0 461.97 431.747 0.681844 1
2 111 243 443.264 449.565 0.288216 499.344 415.883 0.729243 505.871 373.705 0.569267 583.237 379.983 0.36364 576.967 371.535 0.199038 509.783 450.664 0.678861 501.951 507.202 0.806684 477.161 541.745 0.841026 601.496 460.234 0.463794 565.17 525.346 0.137911 0 0 0 584.124 482.817 0.615269 554.143 563.254 0.828204 569.609 623.038 0.795294 0 0 0 444.358 444.584 0.428761 0 0 0 462.402 432.83 0.816084 1
2 111 244 443.914 450.655 0.145401 499.775 416.538 0.706805 505.222 374.577 0.552163 582.375 379.976 0.376924 576.155 371.56 0.201172 510.654 451.101 0.62185 504.556 507.42 0.784279 480.422 541.527 0.806615 601.064 458.712 0.458024 565.366 522.478 0.148235 0 0 0 584.562 480.859 0.59768 554.371 562.599 0.802715 569.6 622.608 0.780514 0 0 0 445.014 445.243 0.261888 0 0 0 463.048 433.486 0.702443 1
2 111 245 444.994 451.533 0.176702 499.991 416.972 0.655054 504.132 375.656 0.496197 581.177 379.969 0.232215 575.343 371.585 0.115571 511.744 451.316 0.608264 507.384 507.63 0.802987 482.822 541.078 0.782014 599.754 458.058 0.403358 565.561 519.611 0.117412 0 0 0 584.998 479.122 0.639644 554.6 561.736 0.82286 569.393 622.177 0.799324 0 0 0 445.664 445.905 0.298754 0 0 0 463.487 433.929 0.708213 1
2 111 246 446.302 451.964 0.152221 499.555 417.619 0.651058 503.257 376.516 0.47988 579.223 379.979 0.225427 574.532 371.61 0.134043 512.186 451.53 0.606444 509.997 508.057 0.77105 485.223 540.638 0.783475 598.015 457.618 0.355088 569.366 524.211 0.0954559 0 0 0 585.424 477.599 0.628005 554.819 561.089 0.825427 569.388 621.957 0.79306 0 0 0 446.319 446.135 0.255204 0 0 0 464.135 433.944 0.689082 1
2 111 247 447.388 452.172 0.181961 498.91 417.628 0.648481 501.956 377.164 0.508572 569.446 385.742 0.240825 573.72 371.636 0.155681 512.831 451.101 0.594482 512.169 508.049 0.717465 488.048 539.551 0.760715 592.584 457.619 0.381398 569.387 524.231 0.0875626 0 0 0 585.641 476.079 0.594944 555.039 560.652 0.818941 569.381 621.74 0.794187 0 0 0 446.972 446.343 0.311677 0 0 0 464.783 433.944 0.702819 1
2 111 248 450.644 451.723 0.160216 498.911 417.63 0.630916 500.866 378.029 0.503406 552.268 396.825 0.190904 0 0 0 514.134 450.449 0.604136 514.991 507.82 0.742961 491.317 539.103 0.85239 585.639 457.624 0.3197 530.255 520.394 0.0992121 543.926 584.906 0.215996 585.658 474.99 0.611471 555.256 560.431 0.824981 569.38 621.741 0.807629 0 0 0 448.387 446.222 0.272878 0 0 0 465.873 433.517 0.70801 1
2 111 249 452.174 451.285 0.20363 498.476 417.197 0.619345 499.353 378.251 0.478243 535.315 406.616 0.1 0 0 0 515.214 449.354 0.644088 517.176 506.514 0.817618 494.573 537.582 0.844056 578.693 457.623 0.264523 537.925 522.374 0.0586745 0 0 0 585.872 473.473 0.677581 555.474 560.213 0.840234 569.377 621.745 0.803002 0 0 0 449.918 445.572 0.347534 0 0 0 467.181 432.435 0.753807 1
2 111 250 453.695 450.415 0.169824 498.041 416.761 0.653676 498.054 378.253 0.483306 518.357 417.271 0.111003 0 0 0 516.3 447.4 0.653031 520.864 504.772 0.78697 497.623 535.844 0.695841 572.175 458.062 0.24044 465.63 538.047 0.0936495 432.386 606.542 0.0668505 585.872 473.037 0.681964 555.689 559.775 0.830731 569.371 621.748 0.818557 0 0 0 451.649 444.051 0.262862 0 0 0 468.697 430.69 0.746613 1
2 111 251 454.999 448.464 0.18175 497.61 415.451 0.658854 497.619 378.251 0.465577 504.764 427.703 0.1 0 0 0 516.945 444.578 0.664983 524.123 502.817 0.809023 501.743 533.899 0.659077 566.524 459.365 0.265447 493.083 508.653 0.0815257 0 0 0 585.863 472.39 0.690267 555.916 559.131 0.821211 569.37 621.538 0.823021 0 0 0 454.247 442.087 0.269994 0 0 0 470.652 428.509 0.690335 1
2 111 252 458.038 445.863 0.171154 497.612 414.574 0.671372 496.312 378.47 0.460643 494.104 437.917 0.111109 0 0 0 518.245 441.538 0.653951 528.263 499.776 0.782881 505.657 532.167 0.806538 560.435 461.322 0.356001 507.861 523.237 0.145869 0 0 0 585.859 472.394 0.710476 556.137 558.703 0.835754 569.377 621.542 0.829572 0 0 0 457.505 439.902 0.1 0 0 0 473.482 425.459 0.611477 1
2 111 253 461.736 443.034 0.432018 498.05 413.266 0.687488 495.005 378.684 0.446703 480.626 443.799 0.126912 416.739 491.09 0.0708563 520.206 438.057 0.625032 533.701 496.523 0.724072 509.786 530.638 0.729152 553.919 462.628 0.417509 511.656 524.768 0.127943 0 0 0 585.641 472.609 0.698022 556.784 558.279 0.803248 569.383 621.756 0.819962 445.063 438.714 0.120881 461.188 436.861 0.514306 0 0 0 476.527 421.976 0.728344 1
2 111 254 465.22 440.199 0.636388 499.14 411.957 0.6899 494.355 379.122 0.453286 468.13 449.244 0.136352 414.815 493.043 0.0869825 522.593 435.012 0.625801 538.698 493.704 0.828774 514.563 529.121 0.846825 548.487 463.929 0.466491 515.452 526.3 0.203777 539.901 579.335 0.199554 585.416 473.258 0.72551 557.429 558.926 0.796635 569.39 621.756 0.81378 449.621 435.119 0.243699 464.678 433.59 0.743682 0 0 0 479.785 418.488 0.822061 1
2 111 255 468.043 437.154 0.735796 500.657 411.301 0.601167 491.529 382.601 0.461838 454.216 456.419 0.1 0 0 0 525.645 431.746 0.583154 544.355 491.318 0.725819 519.775 527.605 0.808261 542.399 465.453 0.490834 519.247 527.832 0.212021 540.965 578.694 0.397053 584.766 473.919 0.707032 558.295 558.924 0.781837 569.393 621.975 0.811052 454.179 431.523 0.660589 469.023 429.891 0.921451 0 0 0 483.921 414.783 0.825772 1
2 111 256 471.945 433.675 0.829688 502.185 410.641 0.655113 489.354 386.296 0.465429 448.129 458.048 0.219818 464.476 500.125 0.165752 528.906 428.051 0.6582 550.006 488.271 0.684203 525.43 526.735 0.93027 540.665 467.184 0.543481 523.042 529.363 0.457357 542.03 578.054 0.65387 584.337 474.795 0.750559 559.806 559.146 0.806772 569.506 622.303 0.81915 458.737 427.928 0.714666 473.378 425.768 0.936206 0 0 0 488.484 410.859 0.797663 1
2 111 257 474.33 430.638 0.828398 503.917 410.201 0.678109 486.963 389.989 0.431357 449.217 455.439 0.23108 449.805 493.455 0.146216 532.165 424.781 0.579635 555.444 485.447 0.67735 530.86 525.871 0.854493 540.227 468.704 0.553686 526.958 531.318 0.283909 543.094 577.414 0.602132 584.114 475.453 0.652 561.326 559.367 0.736323 569.725 622.734 0.814647 463.295 424.333 0.666869 478.263 421.963 0.883541 0 0 0 493.263 406.944 0.799288 1
2 111 258 478.246 427.161 0.847308 506.522 410.188 0.666608 485.653 393.676 0.474801 450.951 452.833 0.338048 435.133 486.785 0.204764 535.866 421.749 0.642875 561.531 483.924 0.657144 536.949 526.735 0.7706 539.573 471.095 0.536885 530.445 534.353 0.393241 544.158 576.773 0.63558 583.247 477.844 0.623658 563.06 559.584 0.708008 569.951 623.807 0.834838 468.073 421.064 0.516174 483.468 417.827 0.874822 0 0 0 498.686 402.595 0.796931 1
2 111 259 483.46 423.693 0.838623 509.568 410.399 0.76493 485.429 397.589 0.482916 455.952 449.683 0.375154 421.041 483.646 0.239798 539.784 420.004 0.690795 566.539 482.832 0.652754 543.462 528.027 0.848654 538.702 473.27 0.584869 532.17 533.913 0.234225 544.373 576.552 0.454855 581.948 479.587 0.550998 564.796 560.666 0.722103 570.604 624.887 0.819681 473.283 417.805 0.78912 488.913 414.133 0.924377 0 0 0 503.917 398.906 0.806801 1
2 111 260 488.245 421.082 0.911649 512.83 411.063 0.733915 484.561 401.29 0.534805 461.062 447.074 0.30741 422.218 483.834 0.121784 545.003 418.49 0.742826 572.41 481.743 0.639746 549.346 529.53 0.814436 536.967 474.364 0.62039 533.69 534.781 0.469531 544.8 576.117 0.590307 581.084 481.324 0.584889 566.32 560.667 0.79135 571.689 626.186 0.1 477.85 415.408 0.821379 494.342 410.883 0.876416 0 0 0 509.353 395.872 0.734982 1
2 111 261 492.815 419.127 0.966028 515.443 411.5 0.790662 484.34 404.985 0.624839 459.763 444.899 0.386202 423.394 484.022 0.112555 549.785 417.399 0.739001 578.063 481.317 0.665456 556.082 531.038 0.782476 535.233 476.317 0.640333 534.769 534.776 0.345483 546.306 575.686 0.533208 580.214 483.061 0.58614 568.704 561.09 0.772482 572.986 627.051 0.812807 482.63 413.238 0.88753 499.772 408.276 0.868374 472.54 397.65 0.132186 514.567 393.925 0.765139 1
2 111 262 498.238 417.604 0.946455 517.838 412.16 0.758191 484.122 408.468 0.57363 458.683 446.415 0.276175 430.424 477.389 0.0607788 553.923 416.749 0.742389 582.197 481.526 0.614706 562.608 532.561 0.724812 533.498 480.007 0.621582 536.069 536.511 0.424326 547.389 575.686 0.533892 578.911 485.671 0.603269 570.876 561.087 0.733021 574.281 628.133 0.842482 487.842 411.503 0.905371 505.22 406.75 0.911865 476.742 399.271 0.176789 519.789 393.265 0.797513 1
2 111 263 503.67 416.744 1.03457 520.011 413.257 0.801919 483.681 412.161 0.575926 456.942 449.014 0.1 0 0 0 557.631 416.104 0.726274 586.556 481.52 0.671766 569.568 534.084 0.772486 531.97 483.923 0.641655 537.149 537.599 0.688302 548.47 576.114 0.762986 577.405 488.711 0.604257 572.177 561.52 0.695673 575.579 629.21 0.796188 493.269 410.849 0.934587 511.724 406.096 0.906178 480.944 400.892 0.316025 525.014 392.841 0.783126 1
2 111 264 508.888 416.747 1.04196 522.837 414.564 0.794237 485.422 413.247 0.600899 457.377 449.45 0.158806 0 0 0 561.322 416.971 0.759405 590.898 481.086 0.735256 576.093 535.82 0.822738 532.4 487.615 0.630271 538.022 539.34 0.673736 549.547 576.544 0.780541 577.408 491.529 0.608211 573.483 562.825 0.677556 576.869 630.084 0.807957 498.265 410.843 0.879809 517.157 406.084 0.891526 485.146 402.513 0.473028 529.794 393.056 0.756358 1
2 111 265 513.68 418.044 0.975292 526.082 416.513 0.804079 487.165 414.126 0.625969 457.82 450.324 0.1 0 0 0 565.454 418.489 0.767934 595.467 481.31 0.76248 581.961 537.133 0.849712 531.745 491.315 0.637956 538.005 539.556 0.77678 549.761 576.538 0.792296 576.537 495.002 0.625379 574.142 564.127 0.60723 577.627 630.842 0.754278 503.257 411.071 0.894915 522.379 406.73 0.914301 489.348 404.135 0.481789 534.798 393.711 0.770619 1
2 111 266 518.905 419.363 0.957885 529.137 418.463 0.806161 489.56 415.65 0.691428 459.56 450.11 0.33525 430.482 487.179 0.0601484 569.157 420.02 0.802329 599.591 482.183 0.79038 588.052 538.009 0.77871 531.308 495.234 0.656892 537.795 539.117 0.624794 549.329 576.101 0.763329 575.665 498.692 0.66286 575.44 565.863 0.634909 578.707 631.495 0.765515 508.476 411.739 0.969673 528.032 407.394 0.864805 493.272 405.658 0.555797 539.58 395.013 0.809464 1
2 111 267 523.909 421.107 0.934191 531.319 420.213 0.770823 491.085 417.178 0.689041 460.433 451.409 0.386926 428.406 491.047 0.102016 572.848 421.748 0.794025 603.712 482.616 0.789503 593.925 538.23 0.764925 530.435 498.284 0.629068 536.928 538.682 0.607922 549.974 576.526 0.691241 575.662 501.296 0.673236 576.745 568.464 0.543423 579.784 631.511 0.723666 513.257 413.267 0.948609 533.251 408.92 0.911194 497.187 407.402 0.659813 543.936 397.404 0.717497 1
2 111 268 528.263 423.068 0.881784 533.271 421.748 0.777559 491.954 418.698 0.682688 460 452.06 0.304962 0 0 0 576.319 423.271 0.774022 607.618 483.485 0.767462 599.363 538.456 0.854404 529.567 501.979 0.626787 535.637 538.683 0.669792 550.623 575.874 0.687139 576.091 504.773 0.639697 578.262 570.424 0.610524 580.436 631.517 0.764355 518.243 415.655 0.925648 538.245 411.085 0.962392 501.533 409.139 0.723993 548.709 400.011 0.71325 0
2 111 269 532.607 425.458 0.88678 535.443 423.483 0.797509 493.04 420 0.688823 458.261 452.063 0.234525 0 0 0 579.365 425.217 0.78431 611.53 484.346 0.79792 604.365 538.472 0.831535 528.702 506.749 0.636 534.56 539.563 0.566129 550.62 575.879 0.6789 576.306 509.119 0.669992 579.765 574.547 0.670907 580.86 631.516 0.769038 522.593 417.825 0.947843 542.167 413.905 0.936347 505.444 410.452 0.61909 552.841 402.838 0.673192 0
2 111 270 537.386 428.06 0.954047 538.051 425.442 0.821924 494.565 421.733 0.682286 459.565 452.07 0.130958 0 0 0 582.838 427.613 0.811984 615.005 485.431 0.797017 608.506 538.484 0.777923 528.268 510.657 0.625252 533.48 541.521 0.616913 549.324 575.877 0.757859 576.521 513.468 0.676713 580.408 577.812 0.577899 581.069 631.731 0.744074 526.733 420.005 0.854203 546.305 416.717 0.923137 509.346 412.407 0.82567 556.765 405.22 0.474113 0
2 111 271 541.084 430.882 0.921891 540.876 427.397 0.821139 496.523 423.252 0.694535 464.567 451.859 0.107909 0 0 0 586.303 430.219 0.819234 618.466 486.517 0.790247 613.068 538.49 0.852707 528.27 513.71 0.65046 532.18 543.916 0.512787 548.011 576.523 0.737899 577.172 517.38 0.668417 580.835 581.066 0.672447 581.28 631.734 0.769218 530.437 422.177 0.85033 550.645 419.108 0.929984 512.821 414.58 0.788159 560.459 407.181 0.555758 0
2 111 272 544.567 433.053 0.870188 543.691 429.344 0.80985 498.697 424.555 0.693621 470.001 452.506 0.1 0 0 0 589.551 432.605 0.793721 621.709 487.383 0.797097 616.966 538.489 0.881681 528.27 515.884 0.655486 530.665 547.392 0.466904 546.278 577.384 0.774832 578.033 519.78 0.692106 582.141 582.593 0.726106 581.486 631.944 0.76225 534.133 424.125 0.897853 554.13 421.06 0.930183 515.874 416.108 0.747127 564.146 409.122 0.462724 0
2 111 273 547.62 435.215 0.826807 545.873 430.652 0.771347 500.66 425.862 0.713078 475.01 453.593 0.10118 0 0 0 592.593 434.132 0.742798 624.093 488.036 0.785211 620.437 538.284 0.860926 527.409 518.28 0.677323 529.128 551.297 0.508335 544.541 578.686 0.700366 578.032 522.827 0.70161 583.223 584.12 0.72871 581.705 631.721 0.710316 536.968 425.869 0.932449 557.393 422.808 0.920147 518.483 417.634 0.723531 567.194 410.862 0.61502 0
2 111 274 550.225 436.75 0.877681 547.626 431.961 0.738557 502.399 427.378 0.726557 480.009 455.762 0.158529 0 0 0 594.982 435.864 0.736648 626.05 489.113 0.823019 623.49 538.488 0.850801 526.551 520.67 0.733355 527.396 555.866 0.455647 542.807 581.286 0.653183 578.47 525.222 0.71487 584.296 585.431 0.71843 582.349 631.506 0.715003 539.79 427.602 0.972493 560.638 424.343 0.872129 520.879 419.157 0.809225 570.23 412.395 0.624631 0
2 111 275 552.186 438.479 0.878631 549.57 433.488 0.779163 503.707 428.252 0.733806 484.575 457.718 0.51096 500.847 461.77 0.0898091 597.155 437.597 0.778932 627.8 489.553 0.870441 626.091 538.696 0.85927 525.688 523.489 0.750473 525.863 561.09 0.468507 541.072 584.328 0.620383 578.906 528.268 0.712937 584.723 586.525 0.754034 582.568 631.293 0.746852 542.177 429.123 0.877889 562.595 426.073 0.864894 523.042 420.883 0.870291 572.623 413.495 0.568369 0
2 111 276 554.135 440.209 0.892026 551.305 435.232 0.78318 505.223 430.204 0.772009 488.924 460.11 0.458079 499.264 489.225 0.20479 598.901 439.336 0.772179 629.541 490.421 0.856941 628.047 539.13 0.868881 525.468 526.743 0.747525 525.004 566.965 0.624681 539.55 589.111 0.599323 579.119 531.322 0.705365 584.927 587.403 0.791392 582.777 631.29 0.741717 544.134 430.43 0.882258 564.343 427.606 0.916544 524.781 422.605 0.816364 574.799 414.372 0.518432 0
2 111 277 555.439 442.151 0.894857 552.827 437.191 0.783879 506.103 432.164 0.768997 491.328 464.348 0.416679 496.897 492.682 0.138383 600.428 441.295 0.792879 631.064 491.084 0.85251 629.784 539.791 0.896604 525.247 529.784 0.733741 524.57 574.14 0.689763 538.027 595.851 0.631521 579.336 534.58 0.727033 584.707 588.929 0.82519 582.983 631.297 0.713077 545.451 432.169 0.878921 565.867 429.562 0.932589 526.086 424.124 0.811761 576.314 415.889 0.546608 0
2 111 278 556.532 444.323 0.909131 553.909 439.792 0.786477 506.758 434.56 0.780719 491.55 468.91 0.467601 494.531 496.139 0.264026 601.516 443.473 0.805552 631.938 492.178 0.874096 631.297 541.091 0.908203 525.017 532.401 0.739201 524.335 581.097 0.747158 536.511 603.896 0.545954 578.905 537.404 0.714678 584.497 589.791 0.80059 582.992 631.516 0.722358 546.754 433.925 0.879631 567.386 431.51 0.962109 526.955 426.507 0.73238 577.608 417.623 0.52685 0
2 111 279 556.971 446.702 0.917736 554.553 442.825 0.798838 506.975 437.391 0.76936 491.987 473.689 0.430871 492.165 499.596 0.151758 601.959 445.856 0.825468 632.583 493.906 0.886408 632.59 542.817 0.920869 524.585 535.671 0.744964 523.468 587.619 0.71189 535.428 613.028 0.69022 578.477 540.235 0.713111 584.285 591.962 0.777634 583.004 631.739 0.704369 547.615 435.883 0.863125 568.463 433.265 0.97902 527.184 429.318 0.825742 578.253 419.366 0.544854 0
2 111 280 556.989 448.885 0.923481 554.758 445.87 0.827911 506.968 441.082 0.77079 492.194 479.99 0.38639 489.799 503.053 0.188979 601.968 448.032 0.833625 632.594 495.64 0.881046 633.03 544.554 0.902594 524.365 539.366 0.767755 523.035 594.36 0.684651 534.133 622.604 0.777969 578.04 543.065 0.710248 583.861 593.923 0.764494 583.014 631.962 0.725868 548.259 438.707 0.833487 568.887 435.445 0.955665 527.401 431.928 0.853502 578.468 421.763 0.529575 0
2 111 281 556.985 452.144 0.90201 554.553 449.13 0.831965 506.75 444.566 0.826205 491.971 484.129 0.522622 487.84 506.094 0.236755 601.967 450.644 0.817657 632.595 497.611 0.842889 633.047 546.516 0.875444 523.93 543.714 0.780273 522.603 600.873 0.824989 532.829 633.274 0.852955 577.397 547.409 0.726204 583.64 596.322 0.778282 583.021 632.198 0.749251 548.044 441.983 0.868238 568.674 438.715 0.911251 527.396 434.967 0.81546 578.253 425.027 0.53366 0
2 111 282 556.759 455.628 0.881269 554.111 452.606 0.800208 505.873 448.263 0.750384 491.094 487.389 0.316581 485.806 508.699 0.1 601.742 453.688 0.803648 632.386 500.43 0.833424 633.049 548.898 0.879227 523.27 548.275 0.778449 522.171 607.186 0.846715 531.322 645.008 0.854665 576.531 551.324 0.726499 583.429 599.144 0.784663 583.024 632.637 0.779644 547.397 445.465 0.896262 567.8 442.197 0.968984 526.969 438.229 0.776819 577.807 428.501 0.549673 0
2 111 283 556.114 459.536 0.897282 552.794 456.737 0.821674 504.351 453.259 0.750183 489.574 490.006 0.365157 483.483 511.309 0.1 600.442 457.384 0.83675 632.164 503.481 0.844232 633.03 551.735 0.914776 522.82 552.841 0.807556 521.738 612.839 0.864771 530.025 656.112 0.803836 575.877 555.454 0.730456 583.428 601.097 0.676855 583.027 633.064 0.668172 546.525 450.025 0.876257 566.297 446.104 0.971267 526.102 442.36 0.845135 576.504 432.619 0.539262 0
2 111 284 555.426 463.937 0.922334 551.426 460.838 0.823433 502.88 457.826 0.77696 488.005 492.488 0.484991 479.978 514.206 0.254569 599.36 461.201 0.811942 631.769 506.967 0.860984 632.704 554.705 0.921451 522.262 557.731 0.792803 521.279 619.785 0.851765 528.566 668.216 0.792014 574.999 559.725 0.711929 583.305 603.28 0.655183 583.031 633.482 0.676688 545.156 454.684 0.813026 564.769 450.569 0.911539 525.062 446.575 0.911522 575.004 437.333 0.522951 0
2 111 285 554.738 468.338 0.89243 550.057 464.94 0.793544 501.409 462.392 0.744237 486.437 494.971 0.37903 476.473 517.103 0.30657 598.279 465.017 0.780499 631.374 510.453 0.850558 632.378 557.675 0.924035 521.704 562.622 0.759488 520.82 626.731 0.861452 527.107 680.321 0.826034 574.12 563.995 0.737443 583.182 605.463 0.624463 583.035 633.9 0.670329 543.786 459.343 0.916775 563.242 455.035 0.914242 524.023 450.791 0.868994 573.503 442.047 0.599276 0
2 111 286 554.05 472.74 0.914509 548.689 469.042 0.732385 499.938 466.958 0.727473 484.868 497.454 0.160857 472.968 520 0.1 597.197 468.834 0.754261 630.98 513.939 0.818616 632.052 560.644 0.873889 521.146 567.512 0.759316 520.361 633.677 0.861348 525.648 692.425 0.76496 573.242 568.265 0.749072 583.059 607.647 0.609454 583.04 634.318 0.669029 542.417 464.003 0.982276 561.714 459.501 0.938975 522.984 455.007 0.812367 572.002 446.76 0.660832 0
2 111 287 553.362 477.141 0.908027 547.321 473.143 0.823655 498.466 471.524 0.77813 483.299 499.937 0.224355 469.463 522.897 0.1 596.116 472.65 0.781046 630.585 517.425 0.833319 631.726 563.614 0.866015 520.588 572.403 0.772809 519.902 640.623 0.83527 524.19 704.529 0.683621 572.363 572.535 0.743095 582.936 609.83 0.439858 583.044 634.736 0.780844 541.047 468.662 0.881556 560.187 463.966 0.908248 521.944 459.222 0.932588 570.501 451.474 0.495181 0
2 111 288 549.769 485.212 0.825363 539.93 477.442 0.858424 491.057 479.367 0.758051 459.826 522.353 0.188179 457.789 538.037 0.128878 587.015 475.486 0.81905 624.152 520.437 0.804974 630.035 569.254 0.889125 520.384 577.173 0.755738 522.281 645.646 0.87758 524.369 714.158 0.696146 571.391 571.362 0.761873 582.991 610.406 0.485796 582.969 633.933 0.709273 538.038 477.306 0.974747 555.633 473.443 0.923749 516.524 467.641 0.837861 567.363 457.858 0.488745 0
