0 1 64 1066.31 437.8 0.639196 1104.4 470.31 0.82164 1083.67 460.478 0.79178 1044.11 469.403 0.743317 1003.88 487.22 0.933383 1123.53 477.486 0.813119 1138.25 540.042 0.888641 1137.27 589.961 0.871775 1086.91 575.027 0.597511 1090.9 656.826 0.76783 1144.62 712.861 0.385276 1103.66 580.19 0.700976 1055.19 635.992 0.755928 1024.15 707.839 0.562851 0 0 0 1071.65 430.678 0.813026 0 0 0 1087.78 437.668 0.870218 0
0 1 65 1055.06 438.783 0.635924 1093.89 470.828 0.822095 1073.24 460.694 0.791046 1038.79 473.578 0.740178 1001.56 490.849 0.936592 1112.76 477.962 0.813542 1127.05 540.532 0.887492 1126.63 591.16 0.875368 1073.87 573.822 0.594719 1072.85 652.727 0.760116 1120.69 710.412 0.385217 1092.31 579.545 0.704525 1048.45 638.083 0.754585 1029.04 708.332 0.553311 0 0 0 1059.71 431.433 0.81114 0 0 0 1075.62 438.246 0.869765 0
0 1 66 1043.81 439.765 0.775833 1083.39 471.346 0.804297 1062.81 460.911 0.79992 1033.48 477.753 0.670396 999.233 494.478 0.930372 1102 478.439 0.859556 1115.86 541.021 0.8713 1116 592.359 0.812651 1060.84 572.616 0.680464 1054.81 648.628 0.769036 1096.76 707.963 0.423131 1080.96 578.9 0.694161 1041.71 640.173 0.747976 1033.92 708.825 0.627036 0 0 0 1047.78 432.188 0.821215 0 0 0 1063.46 438.824 0.846744 0
0 1 67 1032.56 440.747 0.599975 1072.89 471.864 0.836747 1052.38 461.127 0.789917 1028.17 481.928 0.698665 996.91 498.107 0.918603 1091.23 478.916 0.79948 1104.67 541.511 0.865148 1105.37 593.559 0.87443 1047.8 571.41 0.643049 1036.76 644.529 0.6609 1072.83 705.514 0.435809 1069.61 578.256 0.722298 1034.98 642.264 0.678313 1038.81 709.318 0.592232 0 0 0 1035.84 432.943 0.734521 0 0 0 1051.29 439.402 0.908293 0
0 1 68 1021.31 441.73 0.623318 1062.38 472.383 0.87263 1041.95 461.343 0.799263 1022.86 486.103 0.726917 994.587 501.736 0.842799 1080.47 479.393 0.798725 1093.47 542 0.854541 1094.74 594.758 0.845088 1034.76 570.205 0.70088 1018.71 640.43 0.715051 1048.9 703.065 0.547038 1058.26 577.611 0.723776 1028.24 644.354 0.615417 1043.69 709.811 0.466994 0 0 0 1023.91 433.697 0.674781 0 0 0 1039.13 439.98 0.879945 0
0 1 69 1009.99 442.604 0.540818 1051.51 473.029 0.82501 1030.66 461.985 0.750093 1017.54 490.278 0.646861 992.263 505.365 0.869373 1069.59 479.606 0.814811 1081.94 542.427 0.811644 1083.87 595.623 0.800714 1022.8 569.563 0.73992 1003.26 637.613 0.768579 1024.56 700.879 0.620871 1047.6 577.399 0.702546 1022.59 646.09 0.764475 1043.7 709.814 0.449758 0 0 0 1011.95 434.781 0.629177 0 0 0 1027.16 440.839 0.899086 0
0 1 70 997.162 443.48 0.436895 1039.33 473.686 0.791638 1018.92 462.846 0.737327 1012.23 494.453 0.527614 989.94 508.994 0.7805 1057.19 480.464 0.83818 1069.33 543.071 0.800297 1071.49 596.485 0.824848 1009.56 569.351 0.755718 986.953 635.23 0.799965 998.693 698.705 0.571017 1035.65 577.615 0.738678 1016.07 647.828 0.850247 1043.48 709.815 0.476774 0 0 0 998.684 435.656 0.464646 0 0 0 1013.69 441.701 0.891963 0
0 1 71 984.76 443.705 0.425915 1026.51 474.333 0.790913 1007.18 464.136 0.734651 1006.92 498.628 0.530217 987.616 512.623 0.785244 1043.71 480.894 0.837609 1055.65 543.289 0.799121 1058.89 597.142 0.825265 996.942 569.787 0.757852 971.516 634.36 0.799816 975.643 698.06 0.559904 1023.48 578.27 0.740312 1010 649.354 0.84881 1043.04 711.339 0.482995 0 0 0 985.862 436.312 0.458442 0 0 0 1000.64 442.123 0.893276 0
0 1 72 971.282 443.926 0.444453 1013.9 474.765 0.835827 994.994 465.225 0.717765 1001.61 502.803 0.166759 985.293 516.252 0.236657 1030.23 481.103 0.856861 1041.95 543.716 0.812408 1046.48 597.79 0.844899 983.681 570.223 0.772899 956.083 633.921 0.802155 951.959 696.541 0.65464 1011.3 579.13 0.687419 1003.69 651.532 0.808046 1043.47 712.862 0.355899 0 0 0 972.381 437.177 0.487405 0 0 0 986.952 442.342 0.880982 0
0 1 73 959.763 443.932 0.523395 1003.03 475.191 0.806087 984.563 466.306 0.705467 0 0 0 0 0 0 1018.92 481.311 0.839883 1030.21 543.934 0.812449 1035.83 598.653 0.835734 972.812 571.098 0.75415 946.304 636.092 0.830361 936.532 696.979 0.736949 1000.64 580.424 0.675025 998.254 653.489 0.722828 1038.25 712.865 0.377475 0 0 0 960.854 437.612 0.58448 0 0 0 975.222 442.77 0.919786 0
0 1 74 947.581 443.93 0.549384 990.217 475.621 0.847666 973.256 467.599 0.713558 0 0 0 0 0 0 1005.23 481.53 0.824069 1016.75 544.359 0.824387 1022.79 599.521 0.83711 960.855 573.267 0.708347 935.221 638.702 0.780742 921.967 699.806 0.742634 988.04 581.939 0.725905 989.574 656.093 0.709511 1030.64 714.173 0.308629 0 0 0 948.468 437.613 0.593542 0 0 0 962.621 442.768 0.973782 0
0 1 75 935.626 443.699 0.390803 978.26 475.846 0.784422 962.175 468.903 0.702841 0 0 0 0 0 0 992.62 481.108 0.805961 1004.35 544.785 0.831737 1010.63 599.743 0.818512 949.996 575.006 0.739718 925.883 640.662 0.76762 911.539 701.111 0.663506 976.952 583.028 0.708472 979.787 657.387 0.719714 1016.96 714.174 0.504298 0 0 0 936.731 436.757 0.475093 0 0 0 950.677 442.551 0.908911 0
0 1 76 921.719 443.694 0.620561 964.554 476.074 0.816385 949.353 470.205 0.721227 0 0 0 0 0 0 977.622 480.899 0.802962 990.001 544.999 0.786986 996.071 599.956 0.859302 937.817 576.971 0.756167 916.322 643.267 0.801246 901.539 702.418 0.623356 963.254 584.548 0.728777 966.081 658.252 0.666144 1002.83 714.174 0.352923 0 0 0 922.827 436.75 0.646366 0 0 0 936.972 442.335 0.943095 0
0 1 77 908.237 443.691 0.607865 950.867 476.282 0.8168 936.742 470.853 0.721582 0 0 0 0 0 0 963.485 480.689 0.804974 975.874 544.783 0.785099 982.145 599.525 0.858549 925.869 578.921 0.752451 907.409 645.651 0.799515 895.888 704.809 0.622767 949.563 585.633 0.728355 950.433 657.608 0.662953 987.615 714.169 0.359382 0 0 0 909.137 436.538 0.635926 0 0 0 923.269 441.909 0.942989 0
0 1 78 894.77 443.677 0.462201 937.603 475.855 0.771438 924.994 470.645 0.739396 0 0 0 0 0 0 949.566 480.254 0.798966 962.177 544.359 0.849011 968.013 598.663 0.835039 914.135 580.433 0.706548 896.977 647.382 0.672617 892.624 705.907 0.353263 935.86 586.287 0.708525 931.96 656.959 0.661837 971.309 714.166 0.162273 0 0 0 895.663 435.674 0.574537 0 0 0 909.594 440.618 0.887525 0
0 1 79 882.812 443.661 0.555783 925.644 475.418 0.799113 913.685 470.426 0.715062 0 0 0 0 0 0 937.171 479.175 0.795799 949.563 543.716 0.788075 955.399 597.804 0.844366 903.7 581.512 0.712573 887.41 648.68 0.673204 890.886 706.993 0.339544 923.457 586.512 0.67763 914.358 656.093 0.570694 955.436 714.166 0.184601 0 0 0 883.495 435.018 0.636142 0 0 0 897.422 439.324 0.861385 0
0 1 80 872.379 443.657 0.552032 915.212 474.551 0.749074 904.121 469.341 0.691506 0 0 0 0 0 0 926.3 478.527 0.813243 938.9 543.281 0.797473 943.66 596.932 0.831 894.579 582.373 0.639919 878.493 649.555 0.431282 887.843 707.421 0.135922 911.939 586.939 0.678865 896.529 655.87 0.662054 936.959 714.164 0.253326 0 0 0 873.055 434.585 0.608585 0 0 0 886.983 438.245 0.922341 0
0 1 81 861.296 443.438 0.531421 903.691 474.331 0.792163 893.259 468.473 0.649565 0 0 0 0 0 0 914.559 478.311 0.805363 927.595 542.856 0.795104 931.271 596.499 0.804604 885.019 583.678 0.592592 869.581 650.431 0.451787 881.747 708.941 0.182399 899.778 587.596 0.694755 878.056 654.996 0.745975 911.743 714.163 0.265279 0 0 0 861.758 433.721 0.578843 0 0 0 875.235 436.954 0.852093 0
0 1 82 848.909 443.43 0.563382 891.298 473.903 0.828608 881.097 467.6 0.727043 869.69 491.317 0.390231 845.158 505.865 0.7109 901.51 478.092 0.835067 914.779 542.636 0.780257 917.369 596.279 0.796691 874.367 584.981 0.586738 861.314 652.179 0.532769 882.828 710.463 0.290512 886.303 588.469 0.741124 858.935 654.133 0.87059 884.784 714.162 0.436135 0 0 0 849.159 433.071 0.606256 0 0 0 862.824 436.085 0.892419 0
0 1 83 836.729 443.656 0.581071 878.692 473.688 0.829331 868.486 466.949 0.726615 855.8 490.392 0.392158 830.287 503.751 0.71804 889.125 478.088 0.838564 902.16 543.074 0.782311 903.89 596.272 0.797143 863.936 585.413 0.585577 851.962 652.175 0.532018 881.636 710.462 0.288923 873.907 588.691 0.745238 841.534 652.404 0.872647 859.992 714.16 0.440608 0 0 0 836.972 433.933 0.620262 0 0 0 850.208 436.09 0.892943 0
0 1 84 824.543 443.893 0.527305 866.299 473.686 0.760789 856.307 466.728 0.755049 841.91 489.468 0.68439 815.416 501.636 0.81135 876.302 478.508 0.843427 889.334 543.073 0.863878 890.188 596.268 0.813768 853.273 585.627 0.524577 843.252 652.606 0.412977 876.857 710.462 0.184441 860.867 588.905 0.795289 825.449 650.453 0.776015 840.425 714.155 0.380345 0 0 0 824.572 435.005 0.574868 0 0 0 837.803 436.099 0.885862 0
0 1 85 814.311 444.104 0.480001 855.654 473.68 0.815999 845.868 466.301 0.68551 828.02 488.543 0.711934 800.545 499.522 0.890251 865.864 478.717 0.861663 878.463 543.284 0.817612 878.883 596.272 0.796242 844.135 585.41 0.54564 834.559 652.178 0.414117 871.859 710.46 0.137323 850.438 588.686 0.774931 813.283 648.93 0.715604 821.296 714.151 0.393063 0 0 0 814.341 435.44 0.56308 0 0 0 827.363 436.104 0.848952 0
0 1 86 803.218 444.33 0.494336 843.908 473.908 0.773937 834.339 466.95 0.723048 814.129 487.618 0.661114 785.673 497.407 0.91857 853.913 479.578 0.823768 865.646 544.144 0.832083 865.63 596.711 0.821386 833.258 585.637 0.528153 822.83 653.483 0.307829 864.576 710.46 0.109157 838.265 589.337 0.718812 799.802 649.791 0.648101 803.47 714.153 0.26309 0 0 0 803.035 436.516 0.565585 0 0 0 815.194 436.745 0.888249 0
0 1 87 792.57 444.56 0.413949 833.043 474.558 0.810312 823.264 468.03 0.666504 802.609 487.401 0.64527 773.07 496.538 0.863426 842.394 480.66 0.819349 853.912 545.433 0.781008 853.669 597.798 0.796171 822.16 586.51 0.527055 813.921 655.445 0.351133 858.706 711.547 0.1 826.314 590.636 0.780929 789.154 651.744 0.7395 789.993 714.156 0.408564 0 0 0 792.379 437.6 0.468483 0 0 0 804.315 437.614 0.816713 0
0 1 88 779.955 444.795 0.37365 819.572 474.988 0.806579 810.223 468.466 0.698157 789.13 488.481 0.680753 760.459 496.321 0.846968 828.704 481.309 0.816883 840.223 546.728 0.80891 839.101 598.886 0.826048 808.243 586.95 0.585319 801.315 656.536 0.455299 850.013 712.635 0.142411 812.4 591.287 0.728292 777.199 652.83 0.649041 776.951 714.16 0.452829 0 0 0 779.759 438.681 0.453182 0 0 0 791.475 438.696 0.866358 0
0 1 89 766.263 445.019 0.388153 806.525 475.635 0.805968 797.4 468.899 0.697075 776.573 489.75 0.680496 748.76 496.483 0.843525 814.795 481.743 0.817891 826.524 546.951 0.810524 825.18 599.751 0.82697 794.543 587.82 0.585257 791.098 658.278 0.444756 843.998 713.549 0.140691 798.487 592.159 0.727658 768.071 654.789 0.640295 764.885 714.164 0.445674 0 0 0 766.067 439.116 0.465411 0 0 0 777.791 439.354 0.86836 0
0 1 90 753.002 445.017 0.20316 793.905 474.564 0.826862 785.224 468.68 0.705464 764.016 491.02 0.703976 737.06 496.645 0.853296 800.889 481.296 0.815943 812.82 546.73 0.778361 810.84 599.321 0.868572 780.846 587.817 0.505532 779.14 659.362 0.39734 837.983 714.463 0.1 784.787 591.945 0.717005 758.714 656.308 0.657336 757.706 714.166 0.191757 0 0 0 752.799 438.898 0.30384 0 0 0 764.955 439.342 0.849372 0
0 1 91 741.044 444.804 0.225669 782.156 473.911 0.812166 774.348 468.466 0.738563 751.459 492.289 0.594794 725.361 496.807 0.795112 788.289 480.857 0.791295 800.625 546.513 0.809847 798.015 598.675 0.843238 768.24 587.815 0.527645 766.319 659.574 0.337769 831.969 715.377 0.102608 772.402 591.514 0.743209 750.006 657.613 0.619503 752.275 714.168 0.1 0 0 0 740.833 438.467 0.339057 0 0 0 752.782 438.909 0.856145 0
0 1 92 729.75 444.358 0.405108 771.493 473.043 0.751224 763.699 467.812 0.668521 738.902 493.558 0.32436 713.662 496.969 0.58632 777.198 479.992 0.785655 789.114 545.421 0.809697 786.49 597.593 0.855183 756.068 588.041 0.551673 755.668 661.313 0.319914 825.954 716.292 0.127687 761.103 591.945 0.711316 741.753 659.781 0.606178 749.234 714.171 0.105605 0 0 0 729.321 437.385 0.447042 0 0 0 741.493 437.825 0.878874 0
0 1 93 717.594 443.476 0.200841 759.963 471.955 0.719975 752.826 466.73 0.599719 755.174 512.66 0.0583068 0 0 0 765.019 479.126 0.833208 776.951 544.548 0.835179 774.101 596.086 0.835726 744.116 587.823 0.51565 741.982 660.885 0.325664 790.428 714.194 0.0976544 749.36 591.52 0.705165 731.968 661.731 0.517147 747.273 714.178 0.1 0 0 0 717.158 436.085 0.304 0 0 0 729.54 436.522 0.951962 0
0 1 94 705.216 441.964 0.206961 748 470.441 0.649775 742.392 465.639 0.528481 0 0 0 0 0 0 751.541 478.04 0.826062 763.479 543.679 0.816528 760.2 594.579 0.760167 731.95 587.599 0.54796 726.979 660.442 0.359876 739.572 714.154 0.0757461 736.743 591.087 0.722717 720.657 663.254 0.580971 743.031 714.186 0.146412 0 0 0 703.908 434.526 0.322348 0 0 0 716.295 435.21 0.962792 0
0 1 95 693.483 440.33 0.203022 736.694 468.703 0.649001 732.398 463.899 0.528921 0 0 0 0 0 0 737.845 476.296 0.828626 750.654 541.726 0.818704 747.363 592.84 0.757986 721.518 586.937 0.546298 718.283 660.22 0.35022 737.614 714.149 0.0716798 724.998 589.994 0.722934 709.783 662.605 0.575372 736.94 714.19 0.153851 0 0 0 691.737 432.489 0.319328 0 0 0 704.113 433.479 0.959503 0
0 1 96 681.956 438.588 0.179004 724.961 466.957 0.71163 723.685 461.728 0.579667 0 0 0 0 0 0 724.158 474.554 0.812294 737.397 539.776 0.823017 733.881 591.31 0.810567 713.049 585.202 0.58046 709.367 659.344 0.385595 729.805 714.162 0.0683795 713.694 588.043 0.641406 698.908 661.086 0.552672 728.461 714.193 0.159807 0 0 0 679.784 430.193 0.304566 0 0 0 692.151 431.948 0.965607 0
0 1 97 671.091 436.731 0.18953 715.836 465.432 0.717657 716.94 459.993 0.592285 710.155 514.607 0.0501535 0 0 0 712.639 473.245 0.826301 726.095 537.822 0.820561 723.005 589.781 0.800041 707.609 583.684 0.544372 704.36 659.125 0.231185 751.319 714.173 0.0941067 704.352 586.525 0.693899 688.905 660.211 0.476967 719.333 714.194 0.120533 0 0 0 668.71 427.638 0.323732 0 0 0 682.149 430.201 0.973759 0
0 1 98 660.431 434.767 0.121455 705.176 463.701 0.706827 707.593 458.473 0.610455 712.113 510.617 0.0689219 0 0 0 700.472 471.933 0.747224 713.936 535.872 0.799172 710.624 587.825 0.837332 698.483 581.946 0.460927 690.006 656.514 0.164659 0 0 0 694.131 585.002 0.707487 678.469 658.692 0.423954 709.879 714.195 0.1 0 0 0 658.062 425.252 0.1 698.457 422.638 0.0990965 671.703 428.026 0.930175 0
0 1 99 650.314 432.861 0.1 695.187 462.822 0.771924 699.342 456.946 0.636808 744.179 476.107 0.585038 732.074 509.082 0.567385 689.598 470.429 0.787098 702.429 535.214 0.688743 699.108 586.738 0.829278 691.738 579.993 0.469334 683.258 654.78 0.263453 758.091 720.118 0.23923 684.565 583.049 0.701703 666.305 656.958 0.533711 700.1 714.196 0.108381 0 0 0 647.244 423.396 0.1 680.87 422.601 0.0864761 661.506 426.297 0.947045 0
0 1 100 639.003 430.573 0.1 683.465 461.086 0.839418 689.57 454.994 0.741473 729.635 477.627 0.680687 724.268 508.585 0.659902 676.333 468.907 0.740308 688.315 533.696 0.746722 685.631 585.004 0.852001 683.694 577.384 0.4964 675.212 653.041 0.308873 742.165 714.167 0.166389 673.26 580.87 0.636652 653.913 654.993 0.630107 688.141 714.194 0.151108 0 0 0 636.426 421.541 0.1 680.013 419.45 0.168091 649.565 424.13 0.906426 0
0 1 101 627.591 428.127 0.1 672.813 458.914 0.842241 681.731 453.037 0.741276 715.092 479.147 0.683578 716.462 508.088 0.659337 663.069 467.155 0.744288 674.397 531.749 0.753766 671.94 582.839 0.848998 676.516 573.688 0.510951 666.731 648.909 0.351197 726.24 708.216 0.207603 661.742 577.174 0.635692 641.302 651.076 0.684856 673.794 714.19 0.176258 0 0 0 625.608 419.686 0.1 670.113 417.242 0.161749 638.893 422.167 0.903355 0
0 1 102 617.366 425.735 0.204019 662.164 456.524 0.700404 673.038 450 0.589683 700.548 480.667 0.1 708.657 507.591 0.1 650.683 464.98 0.750892 660.699 529.802 0.738948 658.461 580.88 0.782042 668.471 569.559 0.36497 657.813 644.776 0.120689 710.315 702.265 0.1 650.652 573.691 0.600857 628.04 645.214 0.24369 657.279 711.79 0.1 0 0 0 614.79 417.83 0.317696 660.212 415.033 0.1 628.24 419.775 0.841346 0
0 1 103 607.365 423.776 0.1 651.949 454.56 0.762289 663.908 447.18 0.744282 686.004 482.188 0.305757 700.851 507.094 0.412343 639.597 463.024 0.761712 648.31 527.849 0.689167 646.492 578.922 0.821406 660.641 565.65 0.460188 650.417 641.085 0.192523 694.39 696.315 0.1 640.435 570.221 0.618444 616.301 640.214 0.41066 643.045 709.602 0.144436 0 0 0 0 0 0 650.312 412.825 0.1 618.878 417.601 0.848616 0
0 1 104 596.999 421.395 0.1 642.172 452.169 0.801304 655.002 444.149 0.793094 671.005 482.183 0.1 0 0 0 629.594 460.419 0.796759 637.433 525.682 0.722781 635.843 576.959 0.767254 652.818 561.304 0.568327 639.4 634.787 0.172957 678.464 690.364 0.1 631.31 566.74 0.639072 606.306 634.35 0.393725 628.919 705.027 0.114636 0 0 0 0 0 0 640.411 410.617 0.130908 609.976 414.988 0.957189 0
0 1 105 586.633 419.014 0.1 632.381 449.785 0.865762 645.659 441.531 0.844887 653.738 482.986 0.144117 0 0 0 619.154 457.822 0.826432 626.117 523.079 0.781964 624.544 573.926 0.847546 644.554 557.179 0.661948 628.678 628.052 0.39215 662.539 684.413 0.251738 622.615 563.688 0.689652 595.214 628.694 0.56598 615.441 700.452 0.259516 0 0 0 0 0 0 630.641 408.444 0.223132 599.771 411.957 0.900787 0
0 1 106 576.266 416.632 0.101492 621.933 446.965 0.831694 635.24 438.697 0.684867 636.472 483.789 0.1 0 0 0 608.059 455.224 0.814362 613.513 520.262 0.778417 612.168 570.678 0.881407 635.643 552.395 0.4969 617.384 620.664 0.135878 0 0 0 613.264 559.554 0.656654 585.861 622.83 0.560354 608.696 693.051 0.401907 0 0 0 0 0 0 620.213 406.26 0.1 589.33 408.928 0.892917 0
0 1 107 565.9 414.251 0.100392 611.733 444.787 0.832712 626.542 436.08 0.68685 619.206 484.592 0.1 0 0 0 597.182 453.049 0.815174 600.895 518.525 0.781074 600.211 568.076 0.87816 629.124 548.27 0.501143 615.868 618.057 0.148639 0 0 0 604.137 556.076 0.65902 574.991 617.829 0.540522 598.258 687.177 0.402239 0 0 0 0 0 0 610.078 404.227 0.1 578.688 406.539 0.895091 0
0 1 108 0 0 0 601.519 442.614 0.803631 617.401 433.907 0.746684 601.94 485.395 0.100225 0 0 0 585.872 451.301 0.800652 588.288 515.708 0.726386 588.258 565.248 0.802107 620.876 545.229 0.544178 608.482 615.443 0.1 0 0 0 595.226 554.116 0.645167 567.162 614.57 0.611522 588.908 681.373 0.138754 0 0 0 0 0 0 600.226 402.342 0.18756 568.46 404.578 0.917777 0
0 1 109 0 0 0 593.039 441.09 0.818458 609.78 432.158 0.765082 0 0 0 0 0 0 576.752 449.571 0.795657 578.289 513.752 0.75657 578.263 563.069 0.786336 613.93 543.057 0.580343 602.611 612.838 0.1 0 0 0 588.053 552.386 0.646359 559.559 611.965 0.51829 581.305 675.641 0.372223 0 0 0 0 0 0 591.966 400.606 0.276218 559.976 403.054 0.978917 0
0 1 110 0 0 0 582.838 440.006 0.872053 600.005 430.428 0.834955 0 0 0 0 0 0 566.524 448.063 0.833813 567.856 512.217 0.833563 567.833 561.321 0.855216 605.674 540.879 0.629375 597.18 609.363 0.19371 616.306 643.681 0.0837704 580.217 550.862 0.684398 554.121 609.145 0.395089 575.007 669.983 0.198544 0 0 0 0 0 0 581.978 399.091 0.269272 549.981 401.546 0.949039 0
0 1 111 0 0 0 573.709 439.352 0.888892 591.525 429.773 0.793817 0 0 0 0 0 0 556.74 447.411 0.824483 558.071 510.911 0.791745 558.704 559.794 0.850885 598.064 538.927 0.651207 591.525 607.406 0.106297 0 0 0 572.605 549.338 0.648196 549.336 608.487 0.276361 575.869 664.764 0.116937 0 0 0 0 0 0 571.693 398.004 0.733357 541.074 400.679 0.943035 0
0 1 112 0 0 0 563.054 438.693 0.802711 581.514 429.119 0.792938 0 0 0 0 0 0 545.431 446.548 0.829064 546.117 509.595 0.808045 547.189 558.059 0.868851 588.727 536.33 0.643439 582.83 604.799 0.122258 602.568 647.634 0.0692463 563.263 547.596 0.626669 542.822 607.401 0.275947 569.344 661.073 0.1 0 0 0 0 0 0 561.544 397.347 0.258062 530.427 399.593 0.965282 0
0 1 113 0 0 0 552.415 437.611 0.804741 571.508 428.464 0.792628 0 0 0 0 0 0 534.556 446.321 0.83364 534.376 508.286 0.805916 535.453 556.324 0.863579 579.37 533.931 0.640567 574.057 602.626 0.118043 602.572 647.626 0.0600132 553.479 545.211 0.624652 537.166 607.168 0.256329 569.996 654.336 0.1 0 0 0 0 0 0 551.108 396.914 0.258471 519.992 398.942 0.965343 0
0 1 114 0 0 0 541.978 436.309 0.850829 561.508 426.953 0.800499 0 0 0 0 0 0 523.688 445.655 0.85876 522.864 506.539 0.825952 524.15 554.58 0.89698 568.713 531.741 0.663479 564.348 599.589 0.234784 584.07 665.385 0.211352 543.041 542.181 0.664875 531.737 605.649 0.392813 570.578 646.803 0.116909 0 0 0 0 0 0 540.884 395.604 0.31616 509.981 398.5 0.930674 0
0 1 115 0 0 0 532.199 435.441 0.805223 552.583 425.659 0.858731 0 0 0 0 0 0 513.475 444.989 0.753601 512.643 505.006 0.764586 513.925 553.053 0.86539 558.495 530.218 0.712609 554.996 597.42 0.410559 570.823 657.822 0.219685 533.26 540.447 0.692058 525.003 604.562 0.493317 563.267 641.3 0.245799 0 0 0 0 0 0 531.319 394.305 0.292952 500.207 398.058 0.907395 0
0 1 116 0 0 0 523.503 433.922 0.8124 544.105 423.926 0.846852 0 0 0 0 0 0 504.776 443.906 0.790358 503.73 503.471 0.792494 505.01 551.307 0.863161 549.577 526.959 0.726945 543.043 591.548 0.264741 557.575 650.259 0.1 524.562 537.407 0.716096 516.746 601.084 0.672565 559.795 633.473 0.379381 0 0 0 0 0 0 522.402 392.571 0.364485 491.727 396.967 0.915551 0
0 1 117 0 0 0 514.585 431.755 0.884616 535.411 422.187 0.762796 0 0 0 0 0 0 495.656 442.171 0.836749 494.819 501.502 0.791581 496.09 549.127 0.872067 540.866 522.825 0.73661 529.566 584.375 0.301809 544.328 642.695 0.148239 515.647 532.63 0.701702 508.911 595.215 0.573005 555.666 625.14 0.222276 0 0 0 0 0 0 513.495 390.827 0.325317 483.034 395.444 0.955791 0
0 1 118 0 0 0 505.228 429.368 0.885531 525.644 420.236 0.863359 541.423 454.426 0.554891 0 0 0 485.862 440.218 0.835251 485.034 498.887 0.815924 486.301 546.523 0.872623 531.723 518.476 0.712506 516.96 576.551 0.138984 531.081 635.132 0.1 506.29 527.842 0.688882 499.571 589.131 0.516656 546.755 620.223 0.1 0 0 0 0 0 0 504.139 389.082 0.371064 473.904 393.71 0.911883 0
0 1 119 0 0 0 496.527 426.75 0.885704 517.389 417.842 0.859919 536.18 451.687 0.54514 0 0 0 476.956 437.82 0.834685 476.104 495.638 0.815587 477.162 543.489 0.869425 522.81 514.132 0.709422 505.008 571.116 0.14281 521.292 627.044 0.1 497.377 523.706 0.692268 489.35 583.485 0.531431 537.841 615.008 0.1 0 0 0 0 0 0 495.658 387.117 0.370589 465.002 391.737 0.910168 0
0 1 120 0 0 0 488.258 423.926 0.906805 509.343 415.019 0.864457 530.936 448.948 0.780169 530.629 471.909 0.48753 467.83 434.774 0.799245 466.97 492.154 0.77012 467.379 540.227 0.844604 514.338 510.43 0.683624 496.75 566.551 0.168718 511.507 620.434 0.1 488.904 520.005 0.706078 481.957 579.568 0.544131 524.58 612.182 0.126205 0 0 0 0 0 0 488.041 384.948 0.515821 456.534 389.559 0.857107 0
0 1 121 0 0 0 481.515 421.107 0.860005 502.826 412.197 0.851595 525.692 446.209 0.851886 527.429 470.022 0.808188 460.229 431.939 0.851795 460.004 488.68 0.847079 459.983 537.174 0.890228 507.596 507.157 0.789148 491.537 562.417 0.256196 505.633 613.455 0.20736 482.162 516.518 0.729826 476.295 575.645 0.65054 518.707 607.407 0.232394 0 0 0 0 0 0 481.3 382.783 0.38243 449.806 387.393 0.927576 0
0 1 122 0 0 0 474.762 418.704 0.905034 496.739 409.38 0.867086 520.448 443.47 0.842711 524.228 468.134 0.848148 453.061 428.476 0.812663 452.181 485.204 0.796118 451.948 533.914 0.831275 500.637 503.914 0.74429 486.319 558.284 0.219832 503.671 606.106 0.131858 474.979 513.47 0.784516 469.331 570.877 0.681263 507.622 607.407 0.468212 0 0 0 0 0 0 474.773 379.751 0.431218 443.066 385.432 0.906921 0
0 1 123 0 0 0 468.674 416.527 0.949241 490.439 407.42 0.787962 515.243 441.075 0.710901 521.027 466.247 0.886948 446.327 425.653 0.852938 445.434 482.593 0.822121 444.996 531.3 0.826484 494.124 500.873 0.74403 482.186 556.097 0.202053 501.821 600.019 0.1 468.461 510.854 0.687103 463.24 567.615 0.628808 498.343 609.074 0.338696 0 0 0 0 0 0 469.12 377.796 0.262372 437.42 383.045 0.933554 0
0 1 124 0 0 0 461.075 413.912 0.931998 483.479 405.453 0.834812 508.72 438.472 0.782562 517.827 464.359 0.908776 438.716 422.622 0.805543 437.818 479.549 0.872144 436.739 528.036 0.918941 486.946 497.821 0.761476 475.664 553.264 0.24979 499.575 594.581 0.1 460.639 507.592 0.72591 455.849 564.355 0.651431 489.784 611.969 0.326754 0 0 0 0 0 0 463.031 375.613 0.294592 431.339 380.004 0.9232 0
0 1 125 0 0 0 454.113 410.876 0.932592 476.957 403.501 0.833039 502.195 435.429 0.786338 514.35 462.616 0.902142 430.888 419.147 0.805363 429.776 475.641 0.87194 428.273 524.353 0.920547 479.122 495.85 0.759348 470.441 551.523 0.241943 496.931 589.793 0.1 452.597 504.553 0.727664 448.886 561.962 0.650829 476.954 614.357 0.307937 0 0 0 0 0 0 456.941 373.651 0.292475 425.256 377.399 0.920281 0
0 1 126 0 0 0 447.164 408.488 0.865657 470.444 401.539 0.862763 496.102 433.696 0.75261 508.703 460.448 0.858995 423.71 415.891 0.870554 422.164 471.953 0.794293 420.226 520.659 0.862786 471.948 493.24 0.735668 466.306 549.136 0.200732 493.89 585.655 0.1 444.988 502.374 0.738691 441.719 560.429 0.643147 466.732 617.396 0.286388 0 0 0 0 0 0 451.289 370.837 0.526032 419.602 374.785 0.921746 0
0 1 127 0 0 0 440.654 406.319 0.906929 465.004 399.789 0.874955 490.23 431.97 0.880059 503.056 459.139 0.976216 417.407 412.849 0.841063 415.425 468.911 0.837793 412.842 517.39 0.909449 465.205 490.637 0.756718 461.306 547.401 0.412272 487.156 585.002 0.174986 437.821 500.206 0.685941 436.054 558.903 0.667732 461.295 616.955 0.377342 0 0 0 0 0 0 446.086 368.026 0.638477 414.386 372.382 0.912725 0
0 1 128 0 0 0 435.424 404.366 0.869768 460.219 397.828 0.895571 484.798 430.449 0.840321 496.321 457.383 0.881517 411.109 410.245 0.837775 408.911 466.506 0.766217 406.104 513.909 0.834057 459.553 489.111 0.762535 456.956 546.316 0.172671 478.028 586.999 0.1 431.515 498.469 0.736111 429.316 558.241 0.700522 454.33 615.867 0.350355 0 0 0 0 0 0 441.949 365.003 0.704354 410.459 369.562 0.992434 0
0 1 129 0 0 0 429.786 401.756 0.944778 454.786 395.648 0.850713 478.927 428.501 0.83099 487.406 454.112 0.898155 405.67 407.635 0.810476 403.257 463.033 0.881429 399.154 510.204 0.944381 453.9 488.031 0.753772 450.866 545.443 0.310628 467.598 589.262 0.1 424.773 496.737 0.704815 421.924 556.508 0.548354 445.417 614.784 0.141003 0 0 0 0 0 0 437.168 361.954 0.626861 405.457 366.302 0.93182 0
0 1 130 0 0 0 423.272 398.502 0.90463 448.922 393.249 0.861504 472.405 425.892 0.838858 478.271 450.645 0.82281 399.799 404.59 0.864554 396.304 459.335 0.812609 391.774 506.073 0.877766 448.022 486.083 0.739675 444.124 543.914 0.38985 457.813 590.912 0.2138 417.594 494.135 0.778325 413.454 553.695 0.630446 434.998 613.047 0.315175 0 0 0 0 0 0 431.959 358.481 0.582797 400.231 362.821 0.908956 0
0 1 131 0 0 0 417.607 395.471 0.904283 442.621 390.845 0.863163 466.093 423.278 0.838743 468.712 445.225 0.823188 393.063 401.545 0.863317 389.996 455.641 0.812999 384.6 501.506 0.880336 441.303 484.119 0.734504 437.606 542.605 0.383792 448.693 592.391 0.215831 410.64 491.107 0.778482 406.292 551.726 0.636937 423.255 611.524 0.325194 0 0 0 0 0 0 426.96 356.079 0.581145 395.655 359.342 0.911272 0
0 1 132 0 0 0 411.745 392.423 0.954667 436.98 388.234 0.828905 460.428 421.312 0.808591 459.442 438.851 0.797032 387.406 398.069 0.846048 383.259 451.513 0.8297 377.633 496.943 0.918092 435.212 481.729 0.716498 431.082 539.784 0.533679 440.21 592.176 0.263058 403.681 488.063 0.705263 399.119 549.111 0.652904 411.08 607.823 0.430085 0 0 0 0 0 0 421.752 353.037 0.618123 390.648 355.648 0.90769 0
0 1 133 0 0 0 407.394 389.811 0.829991 431.998 385.629 0.868177 456.082 419.556 0.729977 451.544 431.536 0.232396 382.625 394.801 0.876084 377.39 447.82 0.832232 371.971 493.03 0.907253 429.786 479.35 0.749523 426.952 537.608 0.529788 432.887 592.392 0.52747 398.024 485.666 0.771323 392.818 546.494 0.628539 399.343 603.692 0.520605 0 0 0 0 0 0 416.979 350.223 0.659844 386.076 352.608 0.961663 0
0 1 134 0 0 0 402.175 387.413 0.902852 426.993 382.59 0.853399 451.087 416.305 0.777959 443.936 422.629 0.518793 377.19 391.979 0.862116 371.954 444.567 0.85511 365.872 489.534 0.91483 424.784 476.533 0.737828 421.736 536.085 0.577825 426.733 594.564 0.520955 392.382 483.481 0.699178 388.904 544.537 0.71425 398.251 602.171 0.640535 0 0 0 0 0 0 412.413 347.191 0.644521 381.509 349.779 0.9534 0
0 1 135 0 0 0 398.033 385.227 0.935058 422.21 379.769 0.843127 446.728 412.833 0.775262 436.534 416.104 0.224315 372.396 389.797 0.886208 367.167 441.527 0.848597 360.233 486.284 0.853406 419.79 475.01 0.76398 417.395 535.861 0.743734 421.733 597.175 0.773493 387.168 481.731 0.804552 384.127 542.59 0.726834 391.296 599.351 0.514318 0 0 0 0 0 0 408.058 345.007 0.726213 377.59 346.968 0.921714 0
0 1 136 0 0 0 392.591 382.827 0.880617 416.99 376.743 0.839334 442.149 409.344 0.746525 429.135 406.544 0.1 366.306 387.614 0.940685 361.073 438.273 0.796775 354.357 482.812 0.904899 414.145 473.055 0.73373 412.827 534.331 0.680142 416.512 599.13 0.620669 380.653 479.767 0.731304 378.48 540.198 0.611365 384.338 594.134 0.360734 0 0 0 0 0 0 402.831 342.829 0.62084 372.379 344.157 0.928344 0
0 1 137 0 0 0 387.165 380.223 0.880268 411.77 374.355 0.839632 438.23 406.514 0.746894 421.96 401.111 0.1 360.658 385.428 0.942204 355.412 435.019 0.797289 348.485 479.981 0.906983 408.067 470.885 0.733225 407.174 531.287 0.694041 412.812 593.482 0.649434 374.358 477.164 0.73095 373.266 537.368 0.622167 379.124 589.57 0.391349 0 0 0 0 0 0 397.397 341.072 0.617565 367.172 341.985 0.926887 0
0 1 138 0 0 0 381.296 377.837 0.916539 406.558 372.405 0.828169 433.874 404.334 0.793961 418.706 398.286 0.101945 355.209 382.825 0.904637 348.685 432.412 0.84998 342.83 476.524 0.920895 402.836 467.617 0.734349 403.05 527.157 0.607247 411.504 588.692 0.53326 368.921 473.688 0.758792 368.711 533.669 0.548899 375.428 585.002 0.327392 0 0 0 0 0 0 391.96 339.339 0.715068 362.166 340.246 0.917206 0
0 1 139 0 0 0 376.304 376.095 0.862892 401.778 370.673 0.827863 430.169 402.81 0.789212 415.673 395.669 0.111257 350.193 380.658 0.930527 343.257 430.03 0.840325 337.606 473.494 0.927951 397.832 465.217 0.751764 399.576 523.686 0.678282 410.206 584.343 0.699083 363.921 471.082 0.773704 365.234 531.05 0.653269 373.239 581.298 0.372012 0 0 0 0 0 0 386.951 338.03 0.72059 357.383 338.725 0.887823 0
0 1 140 0 0 0 371.324 374.556 0.906144 397.869 369.154 0.894835 426.695 401.5 0.785601 414.361 395.217 0.20173 345.621 378.915 0.870406 338.256 427.647 0.868399 333.257 471.311 0.898288 393.692 462.392 0.732467 395.884 519.997 0.472865 408.235 579.128 0.41153 359.574 468.894 0.724041 361.967 527.793 0.463478 372.801 577.822 0.207046 0 0 0 0 0 0 382.604 336.511 0.825397 353.036 336.996 0.99834 0
0 1 141 0 0 0 365.883 372.574 0.90629 393.137 367.725 0.900982 422.943 399.903 0.775216 412.623 397.73 0.187005 340.529 377.251 0.878697 332.944 425.595 0.876378 328.343 468.675 0.831799 389.056 459.848 0.779851 391.716 516.413 0.559655 405.822 573.486 0.27446 355.003 466.289 0.768486 357.958 524.371 0.596217 370.615 574.27 0.188622 0 0 0 0 0 0 377.704 335.625 0.687682 348.178 335.981 1.02548 0
0 1 142 0 0 0 360.443 370.591 0.862392 388.405 366.295 0.921284 419.191 398.305 0.88897 410.885 400.243 0.107222 335.436 375.586 0.842522 327.632 423.543 0.826079 323.429 466.039 0.927866 384.419 457.304 0.818888 387.547 512.83 0.807484 403.41 567.844 0.71341 350.431 463.685 0.775057 353.949 520.948 0.727069 368.43 570.719 0.589712 0 0 0 0 0 0 372.803 334.739 0.772857 343.321 334.966 0.963918 0
0 1 143 0 0 0 355.002 368.608 0.860433 383.674 364.866 0.918571 415.44 396.708 0.884675 409.147 402.756 0.104522 330.344 373.922 0.841124 322.321 421.491 0.825986 318.515 463.404 0.926377 379.783 454.759 0.815872 383.379 509.246 0.807509 400.998 562.202 0.720832 345.859 461.08 0.777121 349.94 517.526 0.725698 366.244 567.167 0.580613 0 0 0 0 0 0 367.902 333.853 0.770423 338.464 333.951 0.963426 0
0 1 144 0 0 0 349.561 366.626 0.931866 378.942 363.437 0.898884 411.688 395.11 0.866458 407.409 405.27 0.300866 325.252 372.257 0.842278 317.009 419.438 0.870623 313.601 460.768 0.936532 375.147 452.215 0.783696 379.211 505.662 0.800848 398.585 556.56 0.77837 341.288 458.476 0.733647 345.931 514.103 0.79837 364.058 563.616 0.690609 0 0 0 0 0 0 363.001 332.967 0.796352 333.606 332.936 1.01146 0
0 1 145 0 0 0 350.169 360.002 0.891579 377.612 354.128 0.84529 408.926 391.271 0.767801 414.72 408.947 0.663254 320.867 365.82 0.901416 316.97 412.885 0.876582 309.133 455.835 0.859151 369.835 444.095 0.829708 369.756 494.995 0.797604 381.567 551.743 0.728984 336.573 446.169 0.840402 342.384 506.701 0.762499 352.244 557.664 0.719875 0 0 0 0 0 0 361.973 320.944 0.844443 332.597 322.837 0.982024 0
