0 1 253 1069.47 121.453 0.329855 1123.16 149.466 0.422615 1128.86 146.387 0.264144 0 0 0 0 0 0 0 0 0 0 0 0 0 0 0 1109.94 311.572 0.289712 1096.97 417.854 0.460372 1090.15 515.601 0.663302 1110.73 315.298 0.45453 1081.38 414.179 0.437753 1106.4 513.232 0.553453 1074.14 109.57 0.221155 1078.13 113.526 0.343583 0 0 0 1093.3 107.865 0.462643 0
0 1 254 1055.63 119.464 0.475299 1110.9 151.558 0.544119 1116.37 149.196 0.38833 1064.32 180.07 0.112761 0 0 0 0 0 0 0 0 0 0 0 0 1098.6 311.345 0.329392 1083.7 415.022 0.449142 1077.06 512.079 0.424222 1100.17 314.677 0.509638 1072.5 413.129 0.682186 1093.82 511.172 0.570894 0 0 0 1063.66 111.639 0.533862 0 0 0 1081.66 110.246 0.723233 0
0 1 255 1041.8 117.474 0.594101 1098.64 153.649 0.663299 1103.88 152.006 0.522861 0 0 0 0 0 0 1097.8 153.15 0.65148 1058.61 179.866 0.562596 1011.65 203.367 0.559178 1087.26 311.117 0.525402 1070.44 412.19 0.653319 1063.98 508.557 0.678209 1089.6 314.056 0.567925 1063.62 412.078 0.794055 1081.24 509.112 0.637466 0 0 0 1049.18 109.753 0.65644 0 0 0 1070.02 112.626 0.796126 0
0 1 256 1027.96 115.484 0.463353 1086.39 155.74 0.545081 1091.39 154.816 0.424363 0 0 0 0 0 0 1083.79 153.832 0.512121 1048.96 185.551 0.463759 1005.88 199.253 0.535085 1075.92 310.889 0.311049 1057.17 409.358 0.596891 1050.89 505.035 0.543624 1079.04 313.436 0.482626 1054.73 411.028 0.658189 1068.66 507.052 0.64727 0 0 0 1034.7 107.866 0.625574 0 0 0 1058.38 115.007 0.724987 0
0 1 257 1014.13 113.495 0.389062 1074.13 157.831 0.502731 1078.9 157.626 0.326261 0 0 0 0 0 0 1069.77 154.514 0.547772 1039.31 191.236 0.403613 1000.11 195.138 0.448649 1064.58 310.661 0.563378 1043.91 406.527 0.827471 1037.81 501.513 0.634499 1068.48 312.815 0.640974 1045.85 409.977 0.782325 1056.08 504.992 0.721769 0 0 0 1020.22 105.98 0.506187 0 0 0 1046.74 117.387 0.557466 0
0 1 258 998.251 111.749 0.442454 1060.87 155.219 0.561298 1064.34 154.368 0.415421 0 0 0 0 0 0 1055.76 155.196 0.561778 1029.65 196.921 0.225119 994.334 191.024 0.218011 1055.23 309.571 0.517457 1034.78 405.014 0.708544 1034.33 499.773 0.700974 1056.3 311.508 0.551772 1028.24 407.804 0.763994 1035.65 502.601 0.644045 0 0 0 1003.27 104.024 0.523822 0 0 0 1030.65 115.207 0.68966 0
0 1 259 984.328 110.451 0.272781 1048.27 155.449 0.694649 1056.08 154.366 0.548362 993.919 205.434 0.0707436 0 0 0 1041.74 155.879 0.727374 1020 202.606 0.737952 988.561 186.909 0.4861 1044.79 310.004 0.576235 1024.56 402.848 0.725502 1030.21 496.298 0.748597 1041.73 311.503 0.621539 1016.51 405.851 0.831382 1016.52 499.125 0.784271 0 0 0 989.142 102.946 0.252696 0 0 0 1015.88 113.901 0.397995 0
0 1 260 970.416 107.623 0.193817 1032.61 152.843 0.600277 1036.08 152.409 0.377128 0 0 0 0 0 0 1029.57 153.052 0.5299 1011.09 203.919 0.289044 981.059 190.709 0.148384 1028.06 308.043 0.577358 1011.3 399.587 0.705888 1023.69 491.285 0.708315 1028.91 309.554 0.598118 1005.64 404.973 0.822814 1002.39 497.6 0.766202 0 0 0 975.013 100.987 0.187896 0 0 0 1000.88 112.165 0.322536 0
0 1 261 957.82 106.967 0.1 1018.04 150.461 0.769774 1022.6 150.45 0.756077 1069.44 286.153 0.613316 0 0 0 1013.92 150.883 0.608002 997.187 203.272 0.264377 972.407 198.045 0.1 1017.19 307.283 0.646264 1007.28 398.502 0.776377 1026.2 487.807 0.742451 1011.95 298.254 0.656035 987.043 401.715 0.766085 981.855 493.898 0.722175 0 0 0 962.401 100.616 0.1 1060.44 177.958 0.091804 990.454 110.211 0.219569 0
0 1 262 944.784 105.664 0.781751 1005.65 157.629 0.512425 1014.12 158.274 0.385398 1058.88 276.903 0.1 0 0 0 996.97 157.626 0.553216 984.353 210.016 0.298227 962.837 208.913 0.375455 1008.27 307.062 0.430317 1003.8 397.628 0.79759 1031.43 483.027 0.764562 994.782 297.386 0.525864 968.14 398.887 0.766881 961.211 490.204 0.697223 0 0 0 949.355 99.8846 0.7762 0 0 0 979.041 108.684 0.61865 0
0 1 263 932.618 103.702 0.156421 994.121 154.586 0.363387 1002.59 155.654 0.252932 1048.31 267.652 0.1 0 0 0 984.789 154.373 0.317757 975.225 208.933 0.169729 951.97 219.566 0.1 995.665 303.588 0.504352 987.281 393.49 0.794911 1020.78 476.721 0.707783 982.392 293.906 0.545758 959.891 397.148 0.740892 956.432 489.993 0.712844 0 0 0 937.396 97.7171 0.187871 0 0 0 966.861 106.939 0.264673 0
0 1 264 919.457 103.106 0.254626 982.602 162.852 0.44061 996.508 163.468 0.29421 1037.74 258.402 0.1 0 0 0 968.699 163.277 0.38242 954.13 220.446 0.109254 936.537 233.483 0.1 989.141 303.586 0.397726 980.33 392.397 0.727844 1024.47 473.243 0.699501 966.299 294.132 0.548245 942.079 394.113 0.748044 936.22 487.814 0.749827 0 0 0 924.807 97.0205 0.295602 0 0 0 955.124 115.627 0.512322 0
0 1 265 906.295 102.51 0.1 971.947 169.376 0.47844 991.068 169.561 0.408854 1027.18 249.151 0.1 0 0 0 952.827 170.241 0.476842 933.554 227.832 0.10519 919.655 242.393 0.1 982.829 302.718 0.1 973.805 391.525 0.1 1024.48 471.941 0.1 949.569 293.701 0.136384 924.909 391.302 0.1 916.867 485.865 0.1 0 0 0 912.219 96.3239 0.1 993.193 121.163 0.15738 943.603 123.121 0.111981 0
0 1 265 893.134 101.914 0.1 956.733 168.288 0.294146 975.417 168.463 0.285712 1017.61 240.678 0.121853 0 0 0 938.044 169.152 0.311728 921.086 219.786 0.113267 905.992 245.978 0.173124 967.171 302.274 0.506056 959.015 390.876 0.713643 1005.36 469.77 0.738692 936.315 293.481 0.543577 918.39 391.526 0.772331 915.346 485.65 0.706709 0 0 0 899.63 95.6272 0.1 981.222 122.988 0.1 928.607 122.255 0.1 0
0 1 266 879.972 101.317 0.308206 947.162 166.55 0.622377 964.332 167.593 0.534057 1007.52 232.442 0.1 0 0 0 929.782 167.419 0.607343 910.213 215.435 0.135414 895.55 244.237 0.1 951.947 299.45 0.48434 941.611 388.695 0.657383 984.272 466.511 0.68945 925.449 291.093 0.547833 913.162 390.439 0.76887 914.479 485.209 0.733055 0 0 0 887.041 94.9306 0.368356 969.251 124.813 0.1 923.608 119.435 0.577132 0
0 1 267 0 0 0 935.642 163.935 0.502292 948.899 165.528 0.379247 996.909 224.44 0.1 1052.55 166.37 0.0809357 921.193 164.81 0.53661 899.287 206.518 0.150137 884.772 241.355 0.167585 936.952 296.405 0.429821 927.269 387.491 0.673144 966.654 465.314 0.742262 915.669 288.488 0.548069 908.919 389.688 0.724499 914.038 485.094 0.747571 0 0 0 0 0 0 957.281 126.638 0.1 916.102 116.724 0.123452 0
0 1 268 0 0 0 925.86 163.275 0.361626 942.81 164.866 0.357867 985.781 216.675 0.23344 1033.04 179.957 0.330055 907.933 164.376 0.357173 886.134 202.605 0.1 873.66 237.332 0.1 925.866 295.322 0.465551 917.49 387.706 0.62294 952.503 465.328 0.451 905.448 287.618 0.580791 905.224 389.691 0.674892 913.828 484.01 0.68404 0 0 0 0 0 0 945.31 128.463 0.1 906.53 114.775 0.1 0
0 1 269 0 0 0 914.78 163.042 0.525898 931.934 164.213 0.402133 974.133 209.144 0.141028 1027.16 185.851 0.176788 896.845 164.141 0.506515 876.174 201.083 0.1 862.212 232.168 0.1 914.998 293.48 0.505399 900.865 386.615 0.569987 925.44 462.947 0.454142 897.399 295.876 0.56329 900.985 389.256 0.688257 913.712 482.486 0.694189 0 0 0 0 0 0 933.133 126.722 0.161588 892.827 113.686 0.132286 0
0 1 270 0 0 0 902.62 153.042 0.446941 920.639 153.559 0.249388 961.745 201.522 0.1 0 0 0 884.663 154.567 0.41185 864.655 192.389 0.124796 850.43 225.864 0.239306 903.695 287.617 0.500616 890.442 384.232 0.664482 913.255 463.599 0.504616 886.311 289.789 0.551347 895.549 384.907 0.736436 912.83 479.88 0.727767 0 0 0 0 0 0 920.913 123.154 0.1 880.112 112.159 0.110326 0
0 111 271 0 0 0 890.016 152.815 0.1 908.033 152.267 0.1 948.16 194.778 0.1 0 0 0 872.706 154.56 0.1 852.916 192.827 0.1 838.254 222.387 0.1 891.082 286.523 0.1 882.611 383.147 0.1 901.514 463.164 0.1 875.869 289.138 0.1 889.671 383.177 0.1 911.085 476.397 0.1 0 0 0 0 0 0 908.422 115.326 0.1 868.373 110.429 0.1 127
0 1 272 827.591 88.048 0.136075 878.062 142.375 0.450748 896.303 141.843 0.300198 933.379 188.913 0.1 0 0 0 860.742 143.905 0.382489 840.746 181.082 0.1 826.147 218.693 0.1 876.515 275.216 0.375401 875 382.502 0.266564 892.393 463.815 0.280965 865.433 287.832 0.48157 883.138 382.727 0.44463 908.039 471.833 0.526578 0 0 0 827.211 86.3935 0.174076 895.931 107.497 0.1 855.759 99.1344 0.39999 0
0 1 273 814.52 88.0735 0.1 867.617 143.461 0.663992 882.73 133.357 0.600323 918.888 188.338 0.133901 0 0 0 853.138 144.554 0.625313 829.807 175.43 0.1 814.259 220.65 0.1 863.466 275.221 0.440191 867.831 382.067 0.705019 887.393 461.646 0.581925 855.531 285.656 0.499126 874.111 380.44 0.680378 897.924 466.721 0.726989 0 0 0 817.244 84.3841 0.1 883.439 99.6684 0.133077 843.582 88.4849 0.231875 0
0 1 274 801.449 88.0989 0.1 857.401 134.11 0.725254 870.996 123.364 0.664714 904.473 190.223 0.162102 0 0 0 844.437 136.07 0.622274 820.101 175.871 0.197104 802.59 228.257 0.1 854.333 269.57 0.464073 858.271 378.795 0.390839 883.908 458.388 0.546836 846.608 280.437 0.485863 861.941 375.228 0.192123 880.75 461.067 0.1 0 0 0 807.277 82.3748 0.1 870.948 91.8397 0.14635 831.842 78.4808 0.296651 0
0 1 275 788.378 88.1244 0.633726 846.535 141.062 0.627199 866.649 130.76 0.498267 891.652 195.11 0.1 0 0 0 828.639 137.588 0.658605 809.598 181.021 0.371507 791.177 241.192 0.216713 846.515 270.651 0.437102 849.582 376.406 0.327215 870.209 454.691 0.407864 834.868 280.869 0.568368 850.206 372.398 0.396638 863.57 455.852 0.355155 0 0 0 797.309 80.3655 0.703005 0 0 0 815.896 80.72 0.693229 0
0 1 276 0 0 0 835.452 146.499 0.540862 859.259 136.42 0.482993 879.155 198.805 0.202361 0 0 0 814.764 140.198 0.504458 798.861 186.532 0.110333 780.266 250.757 0.1 838.474 270.318 0.21517 838.605 372.928 0.1 854.774 450.344 0.1 823.564 279.996 0.550178 837.274 368.703 0.401689 850.736 450.415 0.351523 0 0 0 787.342 78.3561 0.1 837.432 74.3214 0.0891345 802.6 84.6672 0.156314 0
0 1 276 0 0 0 824.154 150.421 0.215499 848.825 140.344 0.1 866.98 201.308 0.1 0 0 0 802.809 143.902 0.172774 787.889 192.404 0.1 769.856 256.953 0.1 830.211 268.572 0.513864 825.339 368.358 0.456969 837.602 445.349 0.459664 812.696 277.818 0.1 823.144 364.143 0.1 842.248 444.757 0.1 0 0 0 775.814 77.1712 0.1 0 0 0 791.953 90.3226 0.1 0
0 1 277 772.908 84.0941 0.0892618 813.5 147.605 0.525969 837.745 137.518 0.387049 855.566 199.354 0.1 0 0 0 792.595 141.09 0.637917 778.273 194.576 0.524408 759.948 259.779 0.496321 821.086 264.44 0.477821 819.68 363.58 0.651271 834.331 443.383 0.740153 801.611 273.687 0.577776 807.708 358.275 0.71743 830.077 437.811 0.76078 0 0 0 764.069 76.0942 0.137819 0 0 0 780.003 88.3745 0.66751 0
0 1 278 0 0 0 801.534 146.735 0.195561 824.045 136.642 0.247204 845.132 193.274 0.170836 852.998 277.796 0.173882 782.166 140.012 0.1 768.635 198.827 0.1 750.709 258.178 0.1 811.085 263.564 0.48576 809.009 359.868 0.639222 818.033 435.987 0.469468 791.608 272.597 0.557229 792.055 354.797 0.595464 814 430.64 0.508813 0 0 0 752.981 74.256 0.1 831.504 131.04 0.0890319 769.339 86.6463 0.1 0
0 111 279 0 0 0 790.225 143.706 0.1 811.007 135.335 0.1 835.243 188.601 0.1 0 0 0 771.733 136.532 0.1 758.998 203.077 0.1 741.469 256.578 0.1 801.955 260.087 0.1 798.57 355.736 0.1 802.82 430.772 0.1 781.394 268.684 0.1 774.876 349.139 0.1 796.827 422.605 0.1 0 0 0 742.55 71.6564 0.1 0 0 0 759.34 84.0369 0.1 127
0 1 280 0 0 0 779.354 142.179 0.565948 797.737 133.6 0.450308 825.897 185.335 0.115091 0 0 0 761.961 134.798 0.472429 749.361 207.328 0.20208 732.23 254.977 0.1 794.785 264.87 0.568726 788.139 351.165 0.738064 788.035 428.384 0.780085 770.532 262.596 0.60878 757.484 340.679 0.704406 778.348 416.737 0.795008 0 0 0 731.837 68.7982 0.1 775.982 105.77 0.128828 748.905 81.9639 0.108292 0
0 1 281 729.624 82.9173 0.43174 766.97 130.222 0.539558 786.748 131.421 0.379807 820.062 178.955 0.1 0 0 0 748.05 123.279 0.593063 739.724 211.579 0.46927 722.99 253.376 0.494236 786.1 258.776 0.545184 777.918 345.95 0.70989 773.901 426.64 0.77448 758.906 257.816 0.578264 741.948 333.83 0.747372 764.322 410.325 0.736357 704.361 74.3559 0.0740651 720.841 65.6814 0.404401 770.383 96.8578 0.1 738.464 79.4589 0.456775 0
0 1 282 727.149 74.3177 0.1 765.885 128.699 0.629481 785.657 129.691 0.588589 817.739 169.459 0.354976 0 0 0 746.744 121.537 0.524427 0 0 0 0 0 0 785.881 247.257 0.56389 770.845 342.258 0.731114 760.209 425.117 0.621046 758.476 245.865 0.591845 729.125 328.493 0.802606 755.73 405 0.522935 0 0 0 724.099 67.1976 0.1 764.784 87.9458 0.148367 739.986 80.9847 0.155904 0
0 1 283 724.675 65.7182 0.1 756.309 117.398 0.436221 774.566 116.86 0.1 813.122 153.629 0.1 0 0 0 737.105 116.755 0.374949 725.836 180.011 0.050962 0 0 0 780.224 241.829 0.429407 767.142 339.424 0.501203 760.204 425.555 0.534755 748.263 240.861 0.454031 715.434 322.4 0.656523 745.518 399.788 0.629518 0 0 0 722.417 65.8878 0.1 759.184 79.0338 0.1 729.842 75.913 0.184096 0
0 1 284 743.448 65.7254 0.128501 747.172 108.052 0.632285 764.784 106.535 0.627993 808.505 137.8 0.438566 778.71 93.8748 0.249661 728.05 110.886 0.53037 0 0 0 0 0 0 773.912 237.158 0.608143 763.558 336.054 0.763862 760.205 425.439 0.765108 738.474 236.295 0.608941 702.615 316.419 0.821213 729.005 394.472 0.649093 757.151 43.0437 0.173469 720.735 64.578 0.1 753.585 70.1218 0.4546 719.337 69.0245 0.1 0
0 1 285 752.5 67.2944 0.101548 738.039 100.225 0.57251 754.783 98.2691 0.493987 803.888 121.97 0.1 0 0 0 719.566 103.704 0.612158 706.299 166.334 0.0875328 0 0 0 766.954 232.816 0.641755 760.094 332.372 0.86822 760.205 423.688 0.769871 728.262 231.952 0.65358 690.011 311.201 0.833989 705.748 389.485 0.720548 779.64 63.5701 0.1 719.052 63.2682 0.145995 743.365 59.9085 0.1 709.328 60.1065 0.50812 0
0 1 285 761.551 68.8634 0.161585 729.342 98.4814 0.386083 745.437 96.0948 0.356481 799.27 106.141 0.147978 0 0 0 710.657 103.04 0.29354 0 0 0 0 0 0 759.989 230.641 0.187083 756.184 329.974 0.1 759.984 419.999 0.1 718.91 229.995 0.182153 679.359 307.508 0.1 684.883 386 0.1 802.13 84.0965 0.16402 717.37 61.9585 0.119589 734.668 53.0616 0.293321 700.413 58.3551 0.122077 0
0 1 286 0 0 0 722.172 95.2177 0.681599 739.782 91.7557 0.49527 0 0 0 0 0 0 702.174 101.074 0.68292 695.207 172.081 0.220046 682.814 226.959 0.0684627 753.037 228.253 0.604701 750.971 327.371 0.799893 758.469 419.13 0.731937 710.212 228.256 0.597478 669.576 305.322 0.804394 668.786 383.604 0.706482 0 0 0 0 0 0 727.047 49.5803 0.275498 690.856 56.3942 0.705777 0
0 1 287 0 0 0 714.128 93.2424 0.685704 733.905 87.6328 0.494501 0 0 0 0 0 0 692.825 99.7708 0.726181 684.15 169.303 0.280626 674.22 229.811 0.199796 745.86 226.299 0.633727 744.674 324.547 0.735077 756.733 416.091 0.730046 700.431 226.732 0.614504 661.316 303.578 0.832519 654.229 383.375 0.722487 0 0 0 0 0 0 718.34 46.1016 0.448457 680.419 54.4445 0.679485 0
0 1 288 0 0 0 704.345 91.5108 0.633753 724.564 86.1028 0.480995 755.224 154.57 0.0594845 0 0 0 683.258 98.2508 0.686424 673.094 166.524 0.119595 663.653 226.407 0.1 736.949 223.693 0.601217 737.281 321.079 0.820873 754.773 410.653 0.638043 691.731 224.341 0.642574 652.855 303.126 0.818706 642.272 381.422 0.700105 0 0 0 0 0 0 708.766 43.2743 0.401217 669.985 52.5938 0.70377 0
0 1 289 0 0 0 695.649 88.6822 0.711471 716.525 82.4114 0.617763 0 0 0 0 0 0 673.687 96.5122 0.77605 662.038 163.745 0.285234 653.087 223.003 0.159739 728.243 220.435 0.633578 728.579 317.161 0.785069 750.852 403.479 0.751801 683.476 221.511 0.614264 645.456 302.043 0.8373 631.849 381.421 0.732001 0 0 0 0 0 0 694.529 38.0411 0.260588 659.554 51.0719 0.84382 0
0 1 290 631.924 56.7824 0.0943192 676.514 84.9866 0.796335 698.484 78.4902 0.662286 737.594 146.75 0.0615903 0 0 0 653.039 93.2504 0.753313 650.982 160.967 0.467286 642.521 219.599 0.159153 710.865 225.432 0.624931 718.044 312.174 0.789218 744.331 394.568 0.701547 663.036 226.938 0.669628 638.059 301.067 0.808341 623.271 380.66 0.704507 0 0 0 0 0 0 675.839 30.6388 0.147429 637.381 45.4157 0.724127 0
0 1 291 0 0 0 664.783 84.5543 0.771536 687.392 79.3618 0.680088 725.912 140.887 0.0870767 0 0 0 641.737 91.2963 0.732585 639.677 159.231 0.263509 631.955 216.194 0.1 699.78 221.082 0.591352 705.88 306.526 0.807582 736.289 385.222 0.640307 653.693 223.03 0.630987 630.672 299.545 0.780714 616.534 379.354 0.67464 0 0 0 0 0 0 666.921 31.4004 0.335713 626.292 43.6769 0.687165 0
0 1 292 0 0 0 654.355 85.4192 0.69666 677.398 81.0982 0.674859 690.576 150.298 0.339495 708.231 132.996 0.233451 631.515 90.8613 0.713857 628.808 158.362 0.1 619.786 211.958 0.1 689.14 216.958 0.591205 692.622 300.881 0.837015 726.725 376.522 0.70014 644.352 219.339 0.610891 623.92 298.018 0.778306 611.746 378.041 0.62356 0 0 0 0 0 0 659.96 35.0968 0.342421 618.889 45.4119 0.553751 0
0 1 293 0 0 0 642.616 80.8416 0.758834 666.971 75.2298 0.621099 684.021 143.992 0.1 0 0 0 618.471 86.7309 0.758796 613.385 154.229 0.322989 605.878 205.983 0.1 678.706 211.525 0.612532 679.14 295.877 0.824922 715.209 369.353 0.723642 635.215 214.988 0.632391 618.266 296.052 0.778148 609.355 376.083 0.640276 0 0 0 0 0 0 647.58 31.3959 0.342909 606.717 41.4977 0.712492 0
0 1 294 0 0 0 630.881 76.4882 0.638163 656.097 69.7969 0.481023 677.465 137.685 0.138789 0 0 0 607.383 82.3892 0.752418 599.26 148.582 0.326967 593.914 198.599 0.1 667.186 204.569 0.61974 664.577 289.143 0.848515 699.128 364.135 0.761927 624.564 208.895 0.658252 609.574 289.303 0.777597 603.27 367.395 0.595205 0 0 0 0 0 0 635.843 27.803 0.155705 595.839 37.3667 0.369533 0
0 1 295 0 0 0 620.011 72.3592 0.647542 644.358 65.4371 0.534114 670.91 131.379 0.15688 0 0 0 596.524 78.2654 0.751495 586.43 144.664 0.497283 582.392 191.206 0.233394 656.537 196.526 0.609538 650.877 280.885 0.82518 682.38 354.143 0.794538 614.784 201.503 0.653675 602.62 281.484 0.797796 598.066 358.922 0.632738 0 0 0 0 0 0 624.979 24.2143 0.1 584.545 34.1065 0.364245 0
0 1 296 0 0 0 610.233 68.8835 0.763189 634.147 61.9585 0.673334 664.354 125.073 0.385745 0 0 0 586.302 75.2197 0.588804 575.347 141.634 0.327953 570.135 189.556 0.1 647.188 189.351 0.651997 639.789 271.758 0.799498 666.28 343.917 0.813328 606.094 194.774 0.660778 597.399 274.103 0.73557 593.72 350.235 0.640934 0 0 0 0 0 0 614.448 21.4928 0.207216 574.98 31.0558 0.206949 0
0 1 297 0 0 0 602.402 64.7555 0.778974 627.838 56.5242 0.712155 658.487 120.554 0.114678 0 0 0 576.527 72.6059 0.725611 564.367 139.142 0.563192 557.571 188.211 0.510162 639.579 181.087 0.555355 627.395 265.667 0.725491 649.542 338.265 0.770896 597.84 189.125 0.5892 592.175 268.888 0.774132 589.161 345.23 0.666477 0 0 0 0 0 0 604.03 18.9898 0.483266 564.975 29.0938 0.513564 0
0 1 298 0 0 0 593.274 62.7954 0.757841 620.227 54.3525 0.724727 652.184 116.32 0.1 0 0 0 566.529 70.6425 0.673374 552.844 137.839 0.258407 545.57 186.954 0.159055 632.407 176.09 0.504667 616.097 261.103 0.547151 630.845 333.267 0.452022 590.44 185.647 0.531655 587.388 264.762 0.59972 588.714 340.019 0.626873 0 0 0 0 0 0 594.246 17.1491 0.395329 554.985 27.3529 0.505289 0
0 1 299 0 0 0 584.144 60.4044 0.674802 611.529 51.0962 0.62812 643.478 111.541 0.1 0 0 0 557.187 68.6888 0.659797 541.985 136.319 0.385951 533.696 183.825 0.129426 623.921 172.395 0.563469 605.007 258.051 0.659452 612.58 329.568 0.611216 583.275 182.39 0.545179 581.743 260.851 0.624682 588.489 336.108 0.738056 0 0 0 0 0 0 583.813 15.7339 0.246322 545.421 25.8219 0.527712 0
0 1 300 520.504 27.2271 0.281772 575.234 57.1395 0.736733 602.836 46.0946 0.652117 634.563 106.324 0.1 0 0 0 547.619 66.9475 0.748528 531.979 134.366 0.59821 522.172 182.745 0.459082 616.094 170.44 0.504201 593.262 256.319 0.327605 594.312 325.433 0.279387 575.444 180.648 0.514189 578.257 259.116 0.482031 587.838 332.192 0.301905 0 0 0 0 0 0 572.293 11.5973 0.1 537.159 24.5065 0.502603 0
0 1 301 514.368 25.0154 0.1 575.011 54.3178 0.79396 600.65 42.8312 0.678106 625.764 100.569 0.1 0 0 0 548.713 65.4184 0.784865 534.152 128.712 0.666754 513.034 183.29 0.606886 614.783 164.566 0.516269 594.992 249.573 0.568601 592.789 316.959 0.476086 576.103 174.351 0.592728 578.259 250.649 0.679839 586.961 320.455 0.563168 0 0 0 0 0 0 559.263 4.74093 0.26441 537.385 21.4668 0.655972 0
0 1 302 508.231 22.8038 0.1 568.921 54.5446 0.834504 594.56 44.35 0.733693 619.897 100.36 0.62344 632.029 156.535 0.613431 542.413 65.4201 0.786748 528.709 129.584 0.707269 506.283 185.46 0.766333 607.61 163.478 0.639994 588.468 248.699 0.540175 586.053 315.438 0.386568 568.925 172.837 0.681848 570.22 248.695 0.677322 575.879 317.407 0.52341 0 0 0 0 0 0 552.306 4.84834 0.32144 530.65 21.2507 0.668681 0
0 1 303 502.094 20.5921 0.1 571.52 55.6369 0.791223 596.078 47.3901 0.695026 613.593 100.624 0.110061 0 0 0 545.024 65.2074 0.790831 523.383 131.207 0.615602 498.564 188.499 0.304112 609.137 161.958 0.551716 593.469 244.784 0.465285 591.483 306.965 0.411177 572.402 170.454 0.564003 574.131 246.092 0.552939 579.352 313.923 0.425793 0 0 0 0 0 0 556.431 7.78707 0.295965 536.097 22.1325 0.668299 0
0 1 304 495.958 18.3804 0.344411 564.992 55.8619 0.792817 590.637 47.8316 0.645725 606.854 101.36 0.118711 0 0 0 537.847 64.7716 0.804244 517.729 131.207 0.680447 491.39 192.415 0.652967 602.831 164.347 0.499058 586.957 247.607 0.345048 589.749 309.567 0.203166 566.532 172.411 0.541933 568.265 250.003 0.462034 572.602 318.053 0.343942 0 0 0 491.136 21.4302 0.365053 549.915 7.78612 0.139692 536.197 22.1363 0.648318 0
0 1 304 489.821 16.1687 0.1 557.385 57.8224 0.584689 583.678 51.9525 0.544081 599.235 103.446 0.1 0 0 0 529.809 64.3408 0.610175 510.758 130.984 0.18812 486.385 189.802 0.1 594.139 166.522 0.624771 576.961 250.651 0.6426 579.55 311.965 0.688259 559.136 174.142 0.683964 561.526 251.954 0.49564 572.389 319.571 0.293035 0 0 0 588.88 56.7584 0.106466 546.318 11.3658 0.1 529.674 22.5709 0.341783 0
0 1 305 483.685 13.957 0.1 549.997 59.5552 0.793201 576.939 55.2124 0.64601 591.328 104.271 0.305794 0 0 0 522.622 64.1259 0.763612 504.157 129.675 0.781598 482.241 188.035 0.801934 585.436 169.349 0.573366 568.915 251.307 0.38097 571.934 310.878 0.265147 552.385 175.435 0.611883 554.789 252.173 0.548267 572.821 317.83 0.45862 0 0 0 0 0 0 546.146 14.3944 0.19032 531.16 22.4554 0.555738 0
0 1 305 477.548 11.7453 0.1 541.295 60.8651 0.671588 568.134 55.1047 0.608233 583.133 103.835 0.1 0 0 0 515.667 62.825 0.606612 498.573 126.63 0.1 478.098 186.267 0.1 574.353 170.436 0.595973 560.881 251.088 0.721611 569.766 309.786 0.668452 544.563 175.002 0.597253 546.104 251.955 0.57635 568.047 314.784 0.488019 631.86 29.3802 0.0996613 0 0 0 545.975 17.423 0.487416 532.647 22.34 0.200992 0
0 1 306 471.411 9.53366 0.132388 533.906 57.8217 0.82674 560.738 53.1521 0.657421 576.616 102.964 0.149587 0 0 0 508.924 59.354 0.834551 493.35 123.152 0.7306 473.954 184.5 0.728828 566.963 167.833 0.60114 554.794 248.045 0.497702 568.46 307.833 0.397414 537.606 172.181 0.679989 538.491 249.996 0.67273 560.222 310.429 0.547909 0 0 0 0 0 0 545.803 20.4517 0.16488 534.133 22.2245 0.1 0
0 1 307 0 0 0 526.589 56.2992 0.531803 552.771 52.5763 0.476909 569.438 102.46 0.279509 0 0 0 502.55 57.401 0.508506 482.841 120.52 0.375863 469.81 182.732 0.4137 559.136 164.214 0.621527 550.884 243.769 0.64979 568.1 305.808 0.480947 530.941 168.201 0.604071 529.432 245.577 0.598195 551.233 305.429 0.397002 0 0 0 0 0 0 545.631 23.4803 0.117947 535.619 22.1091 0.200693 0
0 1 308 0 0 0 509.998 53.9006 0.217891 537.271 50.1115 0.15864 561.282 102.205 0.1 0 0 0 485.007 54.7993 0.143211 472.332 117.888 0.1 0 0 0 545.003 164.148 0.303109 535.239 244.787 0.328964 551.936 306.975 0.169156 515.869 168.485 0.365243 516.968 247.164 0.492186 541.097 307.388 0.615209 0 0 0 0 0 0 0 0 0 0 0 0 0
0 1 309 0 0 0 501.739 55.1976 0.375865 527.709 51.6308 0.1 552.147 102.201 0.1 0 0 0 478.267 55.6712 0.195872 461.823 115.256 0.1 0 0 0 537.173 160.891 0.536528 528.715 239.353 0.646472 542.364 300.241 0.301828 509.359 164.788 0.528035 512.827 241.296 0.663247 539.791 300 0.631139 0 0 0 0 0 0 0 0 0 0 0 0 0
0 1 310 0 0 0 487.257 53.9842 0.551308 512.48 49.9941 0.486759 543.189 99.9002 0.217022 540.011 133.066 0.0911264 464.937 55.7357 0.583524 451.314 112.624 0.132902 475.415 136.984 0.0510758 524.547 157.723 0.534976 516.389 236.248 0.655337 528.913 297.22 0.408994 497.068 161.609 0.574581 502.148 238.211 0.632644 530.77 295.959 0.419152 0 0 0 0 0 0 0 0 0 459.828 4.86071 0.0925134 0
0 111 311 0 0 0 472.775 52.7707 0.1 497.251 48.3574 0.1 534.232 97.599 0.1 0 0 0 451.607 55.8002 0.1 0 0 0 0 0 0 511.921 154.555 0.1 504.064 233.143 0.1 515.461 294.199 0.1 484.777 158.43 0.1 491.469 235.127 0.1 521.749 291.917 0.1 0 0 0 0 0 0 0 0 0 0 0 0 127
0 111 312 0 0 0 458.293 51.5573 0.1 482.022 46.7207 0.1 525.274 95.2977 0.1 0 0 0 438.278 55.8646 0.1 0 0 0 0 0 0 499.295 151.387 0.1 491.738 230.038 0.1 502.01 291.178 0.1 472.486 155.252 0.1 480.79 232.043 0.1 512.728 287.876 0.1 0 0 0 0 0 0 0 0 0 0 0 0 127
0 1 313 0 0 0 443.811 50.3438 0.374111 466.793 45.0841 0.398468 516.316 92.9965 0.566078 508.777 66.5435 0.430321 424.948 55.9291 0.277781 0 0 0 0 0 0 486.669 148.219 0.612219 479.412 226.933 0.590219 488.558 288.157 0.505523 460.196 152.073 0.558839 470.111 228.959 0.49779 503.707 283.835 0.367358 0 0 0 0 0 0 479.328 23.5206 0.159085 0 0 0 0
0 1 314 0 0 0 446.142 68.4705 0.669845 469.563 68.4545 0.577065 506.793 99.8491 0.428949 495 60.6575 0.164682 428.428 70.4341 0.566761 0 0 0 0 0 0 493.001 154.594 0.654549 494.99 223.049 0.723118 506.658 273.944 0.587083 461.666 160.383 0.586405 461.72 223.062 0.475149 463.675 283.692 0.211764 0 0 0 0 0 0 461.678 29.326 0.297589 428.389 37.1156 0.061313 0
1 111 291 537.091 24.121 0.195914 510.677 54.4066 0.599627 505.129 55.9584 0.505306 498.249 105.321 0.191032 494.941 151.963 0.215621 520.039 52.8845 0.465287 0 0 0 0 0 0 516.141 161.205 0.629553 543.156 225.378 0.697491 559.605 284.849 0.697459 522.72 159.619 0.605092 505.207 221.825 0.518444 493.812 270.364 0.281829 534.459 21.4556 0.233478 0 0 0 513.818 20.3535 0.398697 0 0 0 0
1 111 292 541.967 24.1637 0.635456 521.052 57.7427 0.713198 520.414 59.6683 0.73328 504.146 112.139 0.559837 502.825 157.813 0.563429 523.564 56.5778 0.621194 0 0 0 0 0 0 529.454 161.393 0.66629 550.196 225.782 0.607584 562.309 286.421 0.586768 528.613 160.217 0.543425 513.215 222.808 0.363812 504.191 274.277 0.210013 537.363 21.4861 0.672392 540.036 19.4643 0.229213 525.932 23.6766 0.652057 0 0 0 0
1 111 293 546.843 24.2064 0.664937 531.428 61.0789 0.707224 535.699 63.3782 0.756308 510.043 118.957 0.658341 510.709 163.663 0.62397 527.089 60.2711 0.642583 0 0 0 0 0 0 542.766 161.582 0.682626 557.236 226.186 0.600559 565.013 287.992 0.678156 534.505 160.815 0.570172 521.223 223.791 0.347301 514.57 278.19 0.25186 540.268 21.5167 0.766975 549.787 17.6219 0.296867 538.045 26.9998 0.61437 0 0 0 0
1 111 294 0 0 0 540.428 63.0348 0.77265 548.225 66.1077 0.642086 0 0 0 0 0 0 533.344 62.2186 0.834269 520.777 118.037 0.683041 512.899 165.255 0.557398 552.941 160.4 0.692219 563.866 226.183 0.72439 567.75 288.389 0.792423 541.178 159.645 0.688137 530.61 224.19 0.664613 525.927 281.338 0.423898 0 0 0 0 0 0 547.81 27.4148 0.338321 526.599 29.0574 0.183131 0
1 111 295 0 0 0 549.426 65.1906 0.858368 568.383 68.2599 0.698344 592.829 121.32 0.0821381 0 0 0 531.979 65.1185 0.835242 523.726 116.085 0.773441 519.777 160.416 0.726523 566.23 158.84 0.716197 568.971 225.999 0.714212 568.55 288.196 0.764956 540.806 158.875 0.724034 539.798 225.176 0.532985 539.832 285.259 0.242722 0 0 0 0 0 0 561.899 29.3654 0.404291 535.434 28.0377 0.418595 0
1 111 296 0 0 0 558.424 67.3465 0.666638 588.541 70.4122 0.546909 0 0 0 0 0 0 530.615 68.0184 0.618572 526.675 114.133 0.450497 526.655 155.578 0.445425 579.52 157.281 0.56876 574.075 225.814 0.405995 569.35 288.002 0.363288 540.435 158.105 0.574475 548.986 226.162 0.313345 553.737 289.18 0.238758 0 0 0 0 0 0 575.987 31.316 0.343441 544.268 27.0181 0.377401 0
1 111 297 0 0 0 0 0 0 0 0 0 0 0 0 0 0 0 0 0 0 0 0 0 0 0 0 0 0 0 0 0 0 0 0 0 0 0 0 0 0 0 0 0 0 0 0 0 0 0 0 0 0 0 0 0 0 127
1 111 298 0 0 0 0 0 0 0 0 0 0 0 0 0 0 0 0 0 0 0 0 0 0 0 0 0 0 0 0 0 0 0 0 0 0 0 0 0 0 0 0 0 0 0 0 0 0 0 0 0 0 0 0 0 0 127
1 111 299 0 0 0 0 0 0 0 0 0 0 0 0 0 0 0 0 0 0 0 0 0 0 0 0 0 0 0 0 0 0 0 0 0 0 0 0 0 0 0 0 0 0 0 0 0 0 0 0 0 0 0 0 0 0 127
1 111 300 0 0 0 0 0 0 0 0 0 0 0 0 0 0 0 0 0 0 0 0 0 0 0 0 0 0 0 0 0 0 0 0 0 0 0 0 0 0 0 0 0 0 0 0 0 0 0 0 0 0 0 0 0 0 127
1 111 301 0 0 0 0 0 0 0 0 0 0 0 0 0 0 0 0 0 0 0 0 0 0 0 0 0 0 0 0 0 0 0 0 0 0 0 0 0 0 0 0 0 0 0 0 0 0 0 0 0 0 0 0 0 0 127
1 111 302 0 0 0 0 0 0 0 0 0 0 0 0 0 0 0 0 0 0 0 0 0 0 0 0 0 0 0 0 0 0 0 0 0 0 0 0 0 0 0 0 0 0 0 0 0 0 0 0 0 0 0 0 0 0 127
1 111 303 0 0 0 0 0 0 0 0 0 0 0 0 0 0 0 0 0 0 0 0 0 0 0 0 0 0 0 0 0 0 0 0 0 0 0 0 0 0 0 0 0 0 0 0 0 0 0 0 0 0 0 0 0 0 127
1 111 304 0 0 0 0 0 0 0 0 0 0 0 0 0 0 0 0 0 0 0 0 0 0 0 0 0 0 0 0 0 0 0 0 0 0 0 0 0 0 0 0 0 0 0 0 0 0 0 0 0 0 0 0 0 0 127
1 111 305 0 0 0 0 0 0 0 0 0 0 0 0 0 0 0 0 0 0 0 0 0 0 0 0 0 0 0 0 0 0 0 0 0 0 0 0 0 0 0 0 0 0 0 0 0 0 0 0 0 0 0 0 0 0 127
1 111 306 0 0 0 618.819 70.2897 0.917948 639.103 70.5921 0.784185 644.699 122.129 0.226879 0 0 0 601.748 72.9519 0.805035 605.711 127.63 0.631065 605.652 172.909 0.385967 647.436 171.755 0.771355 660.13 237.457 0.773192 652.556 297.94 0.779432 619.018 172.494 0.714607 613.311 234.736 0.681349 598.828 285.064 0.452488 0 0 0 0 0 0 629.148 35.3476 0.690427 606.843 31.3085 0.358111 0
1 111 307 0 0 0 624.818 70.7681 0.805275 641.065 71.2103 0.781419 645.099 123.502 0.355436 625.359 170.027 0.100007 611.414 72.9214 0.791684 614.227 127.732 0.669588 614.614 172.779 0.594859 649.976 173.162 0.711831 661.076 238.96 0.803669 652.949 300.254 0.791165 625.406 173.501 0.773562 620.09 236.161 0.662091 607.304 287.576 0.413992 0 0 0 0 0 0 635.176 35.6361 0.583652 613.096 31.8221 0.313317 0
1 111 308 0 0 0 630.817 71.2465 0.806352 643.027 71.8285 0.759575 645.5 124.874 0.374007 630.958 171.024 0.1 621.08 72.8908 0.698748 622.744 127.833 0.667669 623.576 172.648 0.740805 652.515 174.569 0.751551 662.021 240.463 0.752981 653.342 302.567 0.771711 631.795 174.508 0.736261 626.869 237.587 0.630413 615.78 290.087 0.1 0 0 0 0 0 0 641.205 35.9246 0.605462 619.35 32.3356 0.401876 0
1 111 309 655.715 42.291 0.728501 636.816 71.7249 0.785982 644.989 72.4466 0.776363 645.9 126.247 0.78336 636.557 172.021 0.747647 630.746 72.8603 0.794874 631.26 127.934 0.337983 632.538 172.518 0.303641 655.054 175.976 0.709495 662.966 241.966 0.587275 653.735 304.881 0.363652 638.183 175.515 0.686879 633.649 239.012 0.673358 624.256 292.599 0.740988 650.804 35.9018 0.825546 659.349 37.2535 0.748719 647.234 36.213 0.728102 625.603 32.8491 0.1 0
1 111 310 661.784 43.1854 0.648969 642.815 72.2033 0.756679 646.951 73.0648 0.555629 646.3 127.619 0.536235 642.156 173.018 0.537567 640.412 72.8298 0.533784 639.776 128.035 0.1 641.501 172.388 0.1 657.594 177.383 0.547496 663.912 243.469 0.601674 654.128 307.194 0.66744 644.571 176.522 0.451449 640.428 240.437 0.408401 632.732 295.111 0.416798 656.798 36.9807 0.699981 665.224 37.2196 0.675017 653.262 36.5015 0.661629 631.857 33.3627 0.1 0
1 111 311 667.854 44.0797 0.672593 648.262 73.2761 0.871981 652.601 74.3691 0.767185 652.818 129.791 0.77394 647.754 174.015 0.730501 646.28 73.0501 0.834246 643.47 128.477 0.280346 645.198 173.044 0.182071 661.059 179.564 0.738698 665.224 246.507 0.681411 654.355 309.593 0.575188 648.924 178.472 0.734936 647.606 243.475 0.694103 641.21 299.686 0.737561 662.791 38.0596 0.730946 671.099 37.1856 0.663043 659.784 36.935 0.756204 638.372 34.001 0.1 0
1 111 312 673.923 44.974 0.1 654.349 74.3637 0.873474 658.261 75.6683 0.886776 658.054 132.18 0.56171 652.319 176.198 0.245981 651.918 73.9149 0.83529 647.384 128.494 0.824613 649.109 174.124 0.762157 664.113 180.653 0.701601 666.739 247.6 0.636495 655.664 311.328 0.547715 652.843 178.912 0.666666 653.695 244.772 0.554578 650.341 304.249 0.469278 668.785 39.1385 0.1 0 0 0 665.655 37.3779 0.687519 643.799 34.8678 0.415848 0
1 111 313 679.992 45.8684 0.1 659.778 75.6632 0.841607 657.185 76.9614 0.773273 653.917 133.699 0.663313 651.986 178.7 0.466848 663.858 74.9969 0.841881 660.432 128.928 0.775137 661.289 174.131 0.719336 663.888 181.945 0.700337 668.258 248.034 0.676616 659.36 313.057 0.801192 661.088 179.997 0.674321 659.779 246.294 0.477259 654.8 307.412 0.266088 674.779 40.2174 0.1 0 0 0 669.137 38.4666 0.637954 649.656 35.9562 0.376289 0
1 111 314 686.073 46.9643 0.231584 664.775 77.4039 0.761452 661.759 78.4684 0.534957 657.625 135.224 0.579239 655.241 180.449 0.54382 669.074 76.9661 0.526765 665.215 132.407 0.357728 664.761 178.26 0.328826 666.927 184.552 0.569821 670.434 253.247 0.604317 667.841 320.008 0.710987 663.913 183.255 0.492433 661.083 251.506 0.420909 660.232 313.716 0.416488 680.429 41.5251 0.261997 0 0 0 674.57 39.9789 0.563911 655.409 37.4787 0.1 0
1 111 315 691.508 48.485 0.1 669.346 79.5785 0.804139 666.737 80.4187 0.806435 661.973 137.189 0.672423 658.065 183.056 0.496966 674.075 79.785 0.718201 670.215 136.755 0.717567 667.589 182.826 0.683019 668.014 187.605 0.649869 669.786 258.245 0.645384 670.876 321.967 0.679297 668.477 186.522 0.575436 667.604 257.59 0.590786 670.666 320.24 0.619131 686.298 43.051 0.1 0 0 0 682.17 41.7185 0.668064 661.061 39.4351 0.319832 0
1 111 316 696.715 50.7723 0.1 673.913 81.97 0.890968 671.076 82.6918 0.840187 665.995 139.582 0.762053 661.099 185.23 0.605636 678.535 82.6037 0.846246 675 140.347 0.843467 670.638 186.954 0.744911 670.742 190.54 0.700252 672.294 262.045 0.655051 675.877 323.92 0.658681 670.985 189.571 0.688131 670.11 262.048 0.600587 676.096 325.89 0.63449 691.412 45.6484 0.1 0 0 0 687.938 44.1057 0.643604 666.213 41.6525 0.545956 0
1 111 317 700.919 53.9659 0.336223 678.489 85.0068 0.878543 669.553 85.9461 0.800216 660.999 143.272 0.825386 656.307 190.665 0.846411 689.177 85.6297 0.838609 687.402 142.306 0.672499 683.038 188.691 0.696537 670.966 193.37 0.695651 673.817 264.866 0.711447 678.055 324.571 0.782725 678.807 192.182 0.676807 675.331 265.747 0.656517 682.622 331.752 0.694706 695.838 49.1178 0.319699 704.12 52.9278 0.212828 689.899 47.1556 0.527149 670.866 44.1308 0.1 0
1 111 318 705.404 57.7333 0.361164 682.19 88.4829 0.846796 668.47 89.2074 0.813262 656.423 146.745 0.833209 651.095 195.658 0.853351 698.316 88.899 0.817233 699.58 144.273 0.687801 696.511 189.338 0.700967 672.707 196.619 0.698516 677.073 267.262 0.45663 683.052 326.965 0.307316 686.854 195.014 0.672867 680.986 268.143 0.467523 690.656 339.795 0.465504 700.33 52.8042 0.365071 706.976 54.2343 0.263049 692.292 50.6448 0.555303 675.353 46.6575 0.1 0
1 111 319 708.67 60.9987 0.136397 685.892 91.0993 0.754885 673.024 91.6115 0.755735 660.546 150 0.74051 654.568 198.702 0.711823 702.018 91.3025 0.745847 703.923 146.223 0.5638 701.513 191.079 0.568051 676.398 199.23 0.669298 680.551 269.434 0.489797 688.269 330.001 0.404122 692.066 198.046 0.633638 685.341 270.752 0.532381 694.356 341.747 0.533659 703.38 56.0628 0.135321 709.833 55.5408 0.1 695.118 54.1091 0.488888 679.341 49.341 0.190533 0
1 111 320 711.826 63.646 0.1 690.658 93.4944 0.1 677.38 93.7821 0.1 664.46 151.961 0.1 659.561 200.229 0.1 705.716 94.1302 0.1 707.616 149.701 0.1 704.988 194.131 0.1 682.057 201.841 0.1 684.463 271.399 0.1 692.605 332.17 0.1 697.062 201.087 0.1 688.382 272.926 0.1 698.704 344.774 0.1 706.173 58.5633 0.1 712.69 56.8473 0.1 698.816 57.155 0.1 682.831 52.181 0.1 127
1 111 321 714.87 65.6751 0.502493 694.359 95.4531 0.821053 674.99 95.7417 0.820979 659.229 154.128 0.768906 654.119 203.491 0.725377 715.935 96.0888 0.773501 720.879 151.426 0.570982 718.686 194.346 0.486512 683.571 204.23 0.631299 687.509 273.791 0.42206 696.513 334.343 0.339667 706.405 203.689 0.616434 696.424 275.091 0.362433 703.488 341.514 0.30764 708.71 60.3055 0.528575 715.547 58.1538 0.225554 699.466 59.5403 0.645795 686.372 55.0103 0.1 0
1 111 322 718.349 66.9736 0.381937 697.85 97.4091 0.733663 678.68 97.7158 0.702213 662.718 156.529 0.680912 657.385 205.457 0.656574 719.635 97.6241 0.574443 725.65 152.089 0.231036 723.678 195.208 0.172315 687.493 206.195 0.555094 690.546 275.975 0.555223 698.049 335.224 0.539165 711.41 205.645 0.570939 704.912 276.612 0.515091 709.135 339.545 0.483306 712.185 60.9684 0.43765 719.236 59.1365 0.1 702.726 61.061 0.600418 689.528 57.6233 0.1 0
1 111 323 721.398 68.2742 0.134227 701.331 99.1506 0.715193 681.936 100.116 0.752785 665.985 158.703 0.753435 660.651 208.054 0.749211 723.128 98.9299 0.656629 730.214 152.305 0.135727 728.25 195.418 0.121936 691.414 207.29 0.678087 694.235 275.98 0.647878 701.09 336.964 0.728007 716.84 206.511 0.628773 712.952 275.101 0.589341 710.213 334.756 0.495542 715.44 61.6305 0.144538 722.286 59.587 0.1 705.978 62.5826 0.347929 692.297 60.02 0.1 0
1 111 324 722.385 69.2562 0.1 705.245 100.67 0.782864 692.159 101.423 0.67702 679.245 159.996 0.29848 673.905 207.389 0.190033 720.737 100.456 0.773853 724.125 153.39 0.734066 722.824 198.23 0.670883 700.11 207.718 0.655775 704.447 274.896 0.568778 705.224 336.959 0.518463 717.497 206.938 0.660006 714.69 274.654 0.667602 710.214 334.105 0.673077 716.098 62.2878 0.1 723.704 59.7762 0.1 709.452 64.5443 0.290735 694.68 62.2004 0.383315 0
1 111 325 721.953 69.5839 0.458019 708.931 102.192 0.876261 695.205 103.275 0.864958 681.964 161.519 0.846674 676.308 209.341 0.720465 724.764 101.332 0.822108 728.468 154.799 0.531046 726.736 199.098 0.52032 703.481 208.696 0.733608 708.674 276.095 0.74101 708.259 340.442 0.803568 722.388 207.809 0.686549 721.748 275.196 0.761478 713.687 333.889 0.405482 715.126 62.2897 0.417255 723.491 59.704 0.318596 709.342 65.6332 0.509485 698.977 63.8924 0.1 0
1 111 326 721.736 69.1542 0.196056 712.402 103.718 0.84328 698.253 105.015 0.777911 684.788 163.04 0.864772 678.265 210.87 0.744937 728.258 102.204 0.767661 733.45 158.274 0.501194 728.248 199.967 0.513119 706.309 210 0.751938 711.929 278.479 0.705971 711.948 345.003 0.750675 726.31 209.326 0.736041 728.705 276.714 0.879646 718.246 333.243 0.706898 714.692 62.0687 0.21805 723.062 59.6979 0.1 709.569 66.0807 0.463524 702.798 65.469 0.1 0
1 111 327 720.113 68.8348 0.236216 716.098 105.238 0.782141 700.649 106.748 0.740466 687.174 164.134 0.799545 680.207 212.403 0.759024 733.256 103.719 0.736898 738.67 163.046 0.393075 728.69 201.277 0.429451 708.266 211.309 0.728634 713.242 280.655 0.754853 712.383 346.525 0.770544 730.869 211.063 0.760116 735.66 279.327 0.832335 724.123 334.34 0.7192 712.96 61.8578 0.250613 722.246 60.186 0.103725 711.316 66.5189 0.463019 706.143 66.9303 0.1 0
1 111 328 718.584 69.7014 0.1 719.362 106.968 0.754663 702.829 108.488 0.722415 689.349 165.866 0.278291 681.934 214.131 0.155954 737.389 105.448 0.747506 743.449 165.655 0.775098 731.521 203.678 0.817672 710.215 212.827 0.745094 714.114 282.402 0.781137 712.596 348.272 0.690284 734.561 212.592 0.746215 741.755 281.715 0.782151 731.511 337.387 0.794648 711.44 62.3017 0.1 721.043 61.1685 0.1 715.232 67.3992 0.330809 709.012 68.2762 0.408049 0
1 111 329 717.385 71.0007 0.250639 722.842 108.497 0.760451 706.96 110.221 0.761786 693.691 168.465 0.793973 683.891 216.517 0.853263 740.639 107.176 0.725091 745.199 167.388 0.587187 733.049 205.411 0.562307 713.48 214.997 0.719286 720.197 285.658 0.863117 719.992 350.88 0.822977 736.518 214.325 0.746672 743.289 284.102 0.876493 732.16 339.344 0.813716 710.465 63.1779 0.216765 719.899 62.5249 0.203456 719.142 68.9183 0.229106 711.401 69.7926 0.155778 0
1 111 330 716.516 72.7327 0.358158 726.089 110.886 0.769459 709.992 112.613 0.781889 695.649 170.211 0.779211 685.42 218.251 0.864898 744.122 109.358 0.678311 749.112 170.216 0.598712 735.877 207.813 0.565008 716.086 217.172 0.7163 721.066 288.05 0.834314 720.004 352.833 0.81642 739.351 216.714 0.723647 746.547 287.587 0.862082 739.323 347.605 0.732219 710.037 64.4861 0.307919 718.813 64.2554 0.227624 720.02 71.0863 0.293853 714.392 70.8738 0.1 0
1 111 331 714.112 75.0778 0.1 729.572 113.923 0.840181 720.432 115.641 0.800179 709.99 172.16 0.763886 699.768 218.679 0.842623 740.652 112.602 0.74051 741.505 173.692 0.686633 726.972 212.168 0.530713 724.549 219.996 0.722239 728.449 291.308 0.830775 726.955 356.958 0.799838 737.834 219.543 0.718054 743.71 290.852 0.856876 739.096 353.696 0.75396 707.342 66.9175 0.1 716.041 66.7403 0.1 725.461 74.7797 0.1 717.334 73.0444 0.1 0
1 111 332 711.707 77.4228 0.300102 733.913 117.181 0.83198 731.518 118.254 0.811431 724.974 174.981 0.846578 713.465 219.338 0.868401 738.036 116.082 0.749273 734.119 177.385 0.695953 718.712 216.309 0.633965 733.019 223.25 0.78092 735.64 293.706 0.853386 733.698 360.433 0.84707 736.318 222.591 0.752379 740.237 294.108 0.809234 738.008 358.699 0.742961 704.648 69.3489 0.246889 713.269 69.2251 0.329311 731.336 78.9125 0.1 720.212 75.6499 0.303669 0
1 111 333 709.303 79.7679 0.1 737.613 120.442 0.861362 735.222 121.735 0.852357 729.546 178.902 0.689555 717.382 223.261 0.479797 741.725 118.904 0.819422 737.156 179.557 0.838861 720.664 217.62 0.804155 736.502 226.735 0.745328 738.249 298.052 0.823308 738.923 367.388 0.742708 739.788 225.854 0.703413 742.197 296.08 0.792959 738.01 359.781 0.871517 701.954 71.7802 0.1 710.497 71.71 0.1 733.95 82.181 0.205615 722.614 78.9043 0.411593 0
1 111 334 706.899 82.1129 0.208352 741.529 123.272 0.751781 746.315 124.136 0.776416 744.555 181.945 0.863398 733.026 223.71 0.808135 738.468 122.163 0.728614 729.557 182.171 0.652429 712.833 221.312 0.574779 744.769 230.217 0.707363 746.518 301.738 0.812425 745.882 372.377 0.832428 738.481 229.325 0.759699 739.375 298.912 0.802235 734.756 360.861 0.803572 699.26 74.2116 0.203478 707.725 74.1949 0.184324 743.081 85.6597 0.260589 724.573 82.3836 0.203469 0
1 111 335 0 0 0 746.09 125.664 0.852703 758.266 126.313 0.78666 759.997 184.553 0.652124 748.462 224.359 0.501796 735.635 125.208 0.82714 721.527 183.474 0.829832 707.616 225.436 0.809528 753.895 234.13 0.737955 755.206 305.444 0.810059 752.839 377.383 0.791537 738.036 232.595 0.721167 737.626 302.178 0.797936 731.705 362.384 0.840682 0 0 0 0 0 0 753.284 88.2627 0.249165 727.19 85.4991 0.422303 0
1 111 336 0 0 0 750.652 127.413 0.836233 770.002 128.267 0.828268 775.661 186.724 0.618875 763.255 225.883 0.355224 732.814 127.17 0.789797 714.566 183.689 0.798054 702.617 230.217 0.801264 762.804 237.824 0.736334 763.89 309.143 0.810525 759.797 382.382 0.824809 737.167 235.428 0.747183 735.896 305.658 0.832264 728.658 365.851 0.85537 0 0 0 0 0 0 758.06 91.0838 0.180975 730.02 88.6812 0.36765 0
1 111 337 0 0 0 755.64 129.165 0.847779 774.565 129.998 0.80675 779.347 188.248 0.641177 766.53 227.198 0.32042 737.383 129.139 0.795947 719.343 184.779 0.805041 708.262 231.742 0.803087 766.516 239.999 0.722908 768.453 312.404 0.761165 763.051 384.556 0.765982 740.882 237.816 0.732243 739.143 308.715 0.836723 729.967 369.989 0.801407 0 0 0 0 0 0 760.232 93.4715 0.246936 738.716 91.0758 0.424759 0
1 111 338 0 0 0 759.132 131.545 0.875814 771.075 131.966 0.784056 771.091 189.775 0.656121 759.363 229.806 0.4835 748.266 131.537 0.836186 735.209 186.3 0.782471 724.125 232.612 0.771209 765.645 242.394 0.711236 767.796 314.359 0.811115 760.005 386.517 0.872757 749.576 240.861 0.710266 747.611 311.766 0.791513 736.928 373.686 0.731527 0 0 0 0 0 0 759.799 95.642 0.296942 748.283 93.2524 0.416414 0
1 111 339 0 0 0 763.051 133.929 0.800194 774.779 133.709 0.774507 774.347 191.503 0.587505 762.191 231.108 0.400862 752.398 134.358 0.749895 739.34 188.692 0.648982 726.951 235.65 0.65048 769.342 245.225 0.698641 772.796 317.836 0.824983 764.782 391.304 0.85622 753.055 243.911 0.718424 749.788 314.812 0.831783 736.941 377.603 0.695764 0 0 0 0 0 0 765.453 97.8219 0.282713 756.97 96.2938 0.35071 0
1 111 340 0 0 0 766.738 135.89 0.69125 770.857 135.448 0.621454 765.217 193.025 0.549781 751.763 233.922 0.359675 763.914 136.536 0.513831 754.342 191.723 0.288011 741.298 236.729 0.167383 767.393 247.609 0.644642 771.293 320.439 0.828951 763.046 393.702 0.813656 760.881 246.303 0.648581 757.618 318.076 0.885865 743.895 382.171 0.695794 0 0 0 0 0 0 766.961 98.6908 0.20688 768.179 97.3334 0.189199 0
1 111 341 779.113 97.2919 0.313428 769.355 137.835 0.838299 766.075 137.182 0.809078 755.445 193.462 0.840922 741.978 235.652 0.855433 774.776 138.485 0.777561 769.127 193.894 0.710644 756.732 237.601 0.609438 765.225 249.565 0.745204 769.986 323.48 0.843523 762.175 397.183 0.801643 768.27 248.486 0.754001 764.792 321.769 0.863414 750.634 387.611 0.805224 773.746 91.7459 0.287897 788.423 92.8294 0.287074 768.262 98.9111 0.358688 779.389 98.373 0.202898 0
1 111 342 782.921 100.586 0.517702 771.745 139.566 0.824987 761.063 138.711 0.829433 745.441 193.468 0.882181 732.629 236.742 0.851335 785.004 140.016 0.785066 784.137 194.99 0.724975 772.172 238.265 0.579762 763.264 251.956 0.69178 768.247 326.739 0.822584 761.514 399.582 0.819489 776.092 251.312 0.744424 771.528 326.327 0.83222 757.159 393.483 0.821641 777.266 94.6213 0.469746 791.421 95.3817 0.455108 769.786 99.3462 0.591068 790.598 99.4127 0.303171 0
1 111 343 786.729 103.88 0.290221 774.141 141.307 0.816325 755.636 140.44 0.793855 735.863 193.895 0.867334 721.977 238.466 0.843787 795.428 141.763 0.764938 799.344 196.944 0.69852 787.184 240.442 0.608021 761.08 254.122 0.677307 766.51 329.134 0.767732 761.298 401.332 0.698456 783.482 254.14 0.726493 777.833 330.233 0.823019 763.242 398.492 0.792814 780.785 97.4968 0.273603 794.418 97.934 0.248292 769.128 100.439 0.411991 801.808 100.452 0.134602 0
1 111 344 790.537 107.173 0.418282 776.101 143.053 0.844571 749.336 141.975 0.830372 725.853 195.413 0.904921 711.547 240.21 0.867457 805.214 143.513 0.803582 814.124 198.907 0.611948 801.315 242.841 0.501255 758.036 256.295 0.724707 764.773 332.383 0.776889 761.301 404.585 0.730709 790.436 257.389 0.729331 783.062 333.933 0.823676 767.168 405.005 0.828357 784.305 100.372 0.418706 797.416 100.486 0.372877 767.611 102.818 0.477855 806.132 101.724 0.0974168 0
1 111 345 794.345 110.467 0.122935 778.267 145.438 0.781018 743.68 144.581 0.774922 715.412 197.369 0.84095 701.77 241.725 0.828613 814.776 145.684 0.730639 827.822 200.662 0.406842 815.445 245.01 0.365053 755.215 258.474 0.695648 763.045 336.074 0.740887 762.604 408.28 0.648584 797.185 260.429 0.674728 788.709 337.622 0.77212 770.869 410.226 0.711164 787.824 103.248 0.135616 800.414 103.039 0.106118 769.133 104.998 0.214535 798.26 113.465 0.078877 0
1 111 346 797.169 113.934 0.184347 779.998 148.259 0.829407 744.99 147.829 0.826018 717.153 199.541 0.80826 703.714 243.465 0.839164 816.513 148.495 0.755314 829.36 203.495 0.583177 815.892 248.267 0.51929 756.954 261.952 0.704204 765.432 339.769 0.693472 767.826 413.934 0.607647 799.129 263.693 0.666959 790.449 340.868 0.680903 770.429 413.262 0.617574 790.22 106.725 0.19298 802.384 106.085 0.13436 770.874 107.185 0.303581 786.53 115.378 0.0742491 0
1 111 347 800.215 116.757 0.477844 781.737 150.874 0.841503 746.517 150.868 0.864514 719.102 201.938 0.804149 705.672 245.641 0.874192 818.255 150.879 0.806947 831.093 205.665 0.707466 818.494 250.872 0.683936 758.694 264.565 0.731874 767.616 343.044 0.742682 772.173 418.711 0.673038 801.304 265.864 0.705356 793.919 343.898 0.788579 770.425 412.395 0.595996 793.688 109.116 0.42337 804.99 108.477 0.221589 773.701 108.935 0.618205 0 0 0 0
1 111 348 802.164 120.452 0.463846 783.26 153.05 0.828124 748.029 153.69 0.818254 720.845 204.338 0.786062 708.274 247.824 0.859226 819.571 152.612 0.834643 832.607 207.399 0.71093 821.751 252.621 0.624121 760.221 266.953 0.720166 769.577 345.864 0.736123 775.434 421.315 0.692905 803.689 267.816 0.747422 797.832 346.075 0.785809 771.504 410.869 0.545557 795.637 112.815 0.39552 806.725 112.167 0.238538 775.211 112.186 0.58998 0 0 0 0
1 111 349 803.033 124.142 0.634033 784.776 155.008 0.824488 749.339 155.876 0.768988 722.593 207.597 0.852175 711.313 250.656 0.883212 820.878 154.144 0.841149 834.141 208.063 0.739823 825.218 254.802 0.605652 761.099 268.923 0.691908 771.744 348.473 0.762984 778.907 426.526 0.71997 806.07 269.768 0.736292 802.612 348.467 0.694706 772.817 410.214 0.562866 795.86 116.079 0.566295 806.954 115.431 0.363602 775.433 114.796 0.724342 0 0 0 0
1 111 350 804.771 126.748 0.578505 786.507 156.759 0.830878 750.868 157.839 0.795089 724.551 210.854 0.892263 714.346 253.917 0.907584 822.402 155.891 0.822377 835.872 211.977 0.747661 824.999 258.055 0.630917 762.62 271.534 0.696791 773.483 351.732 0.747427 781.513 430.002 0.760271 808.676 272.368 0.71684 807.825 350.64 0.712295 774.996 409.131 0.466932 797.381 118.255 0.515271 808.041 117.391 0.346888 776.521 116.538 0.660185 0 0 0 0
1 111 351 806.08 129.576 0.378455 788.252 158.72 0.872522 752.612 160.219 0.804942 726.511 214.315 0.833023 716.52 257.4 0.882943 824.351 157.842 0.797099 836.745 214.795 0.763701 826.944 261.301 0.649113 764.136 274.133 0.697689 775.221 353.688 0.788576 782.602 433.037 0.518781 810.844 274.54 0.711696 813.247 352.382 0.848154 778.686 409.348 0.563644 799.112 121.519 0.380756 809.57 120.642 0.244748 777.387 119.351 0.52073 0 0 0 0
1 111 352 806.297 131.538 0.378755 789.769 160.889 0.87504 754.34 162.828 0.817516 728.255 217.584 0.825316 718.482 260.883 0.846647 825.875 159.587 0.764772 837.403 216.97 0.752411 828.884 263.479 0.68436 765.663 276.75 0.701527 776.088 356.303 0.789338 782.824 436.078 0.448059 813.012 276.714 0.728627 818.033 354.342 0.91089 782.814 413.034 0.602806 799.539 124.116 0.394913 809.141 123.03 0.295849 778.045 120.867 0.526793 806.102 115.483 0.0621884 0
1 111 353 806.516 133.493 0.225256 791.07 163.914 0.917462 755.859 165.862 0.828486 729.786 219.985 0.856802 720.44 264.358 0.864846 827.604 162.189 0.759697 838.705 219.145 0.697172 830.628 265.434 0.707291 767.191 279.147 0.710417 776.534 358.276 0.746722 783.047 437.822 0.525894 814.969 278.677 0.733605 822.379 356.299 0.861695 789.115 415.218 0.633678 799.968 126.073 0.214073 809.143 125.195 0.211303 778.486 122.613 0.306731 812.306 114.184 0.17868 0
1 111 354 806.307 135.003 0.185717 792.38 166.311 0.843591 756.74 168.045 0.838212 731.735 223.035 0.851055 722.396 267.621 0.881265 829.131 164.581 0.751861 840.221 221.311 0.572126 833.015 266.968 0.513662 768.49 281.327 0.686294 776.97 360.88 0.725457 781.973 439.123 0.632707 816.708 280.846 0.701212 825.852 358.903 0.831109 795.195 417.178 0.664371 800.296 126.94 0.176115 809.578 126.493 0.164548 779.791 124.129 0.277782 814.064 117.599 0.202553 0
1 111 355 807.827 136.308 0.376552 793.911 168.691 0.846038 758.045 170.018 0.832369 733.481 225.87 0.840666 724.15 270.444 0.914594 830.867 166.76 0.803521 842.165 223.915 0.674712 836.486 269.357 0.659685 770.009 284.365 0.752226 777.408 364.145 0.759329 781.107 440.858 0.645457 818.45 283.456 0.756135 828.027 362.393 0.833099 800.844 420.438 0.758686 801.378 127.599 0.376327 810.657 127.583 0.366945 781.306 125.65 0.460192 815.823 121.014 0.117643 0
1 111 356 806.081 138.704 0.187898 795.642 171.087 0.805184 759.132 172.629 0.800986 735.222 228.911 0.799293 725.888 273.481 0.915689 832.812 168.95 0.7951 843.92 226.53 0.691661 838.89 271.537 0.637629 770.884 287.829 0.756696 778.27 367.827 0.80178 781.109 443.47 0.743043 819.758 286.716 0.764976 828.686 366.099 0.830277 806.06 427.833 0.787952 799.863 129.995 0.179204 809.569 130.41 0.167515 782.175 128.474 0.309894 817.581 124.429 0.227964 0
1 111 357 804.56 140.663 0.169287 797.602 173.913 0.81125 761.091 175.237 0.846748 737.184 231.736 0.798741 726.978 276.514 0.906969 835.41 172.001 0.756729 845.893 230.015 0.685501 841.283 275.661 0.66629 771.972 291.303 0.758505 779.139 372.398 0.767634 781.534 447.596 0.756849 821.065 290.41 0.772183 828.905 370.879 0.796982 810.203 436.316 0.774661 799.213 131.73 0.171031 808.917 132.162 0.155808 783.921 130.437 0.288165 819.34 127.844 0.187192 0
1 111 358 805.647 143.481 0.102587 799.781 176.737 0.819655 763.272 177.842 0.871726 739.357 233.691 0.818209 727.633 278.905 0.874714 837.801 175.036 0.767164 848.49 233.494 0.718641 843.472 280.659 0.649808 774.359 294.989 0.762851 780.233 376.747 0.777099 781.526 449.554 0.75417 822.807 294.111 0.768317 828.903 375.868 0.785009 813.896 444.79 0.795829 800.734 134.122 0.1 810.654 134.35 0.1 785.881 133.257 0.256172 822.365 130.881 0.138911 0
1 111 359 806.736 146.956 0.139985 801.739 179.978 0.842979 765.226 181.087 0.807181 741.304 235.659 0.806318 728.082 280.872 0.846293 839.758 178.071 0.781828 851.094 234.143 0.611554 848.472 283.707 0.538024 776.525 298.248 0.736691 781.965 380.003 0.784634 781.521 451.737 0.721996 824.756 297.369 0.70992 828.908 380.22 0.836607 816.946 452.178 0.796585 801.396 137.599 0.142456 812.613 138.257 0.114069 786.755 136.512 0.266845 824.324 134.137 0.185976 0
1 111 360 806.737 149.782 0.253523 803.907 183.029 0.850001 766.966 183.923 0.798853 743.038 237.621 0.874637 728.527 282.608 0.883948 841.722 181.335 0.791514 854.129 236.97 0.71561 851.301 287.195 0.668587 778.491 301.298 0.7454 784.142 382.616 0.781596 782.604 453.701 0.714235 826.717 300.844 0.727003 828.909 384.124 0.810417 818.693 457.831 0.80635 801.4 139.767 0.22614 813.271 140.656 0.222687 787.852 138.687 0.155343 826.288 137.609 0.30976 0
1 111 361 805.861 153.029 0.333892 806.08 186.067 0.840586 768.497 186.526 0.774966 744.132 239.578 0.806521 728.966 284.34 0.859881 843.893 184.797 0.729962 857.174 239.796 0.756363 854.345 290.022 0.737712 780.452 304.772 0.727762 786.748 386.084 0.768041 784.127 456.522 0.676126 828.684 304.325 0.73454 829.332 387.82 0.781979 820.223 460.878 0.759386 800.327 142.158 0.308987 813.275 143.268 0.307753 788.456 141.516 0.110641 828.247 140.873 0.416692 0
1 111 362 804.56 156.074 0.404938 808.038 188.254 0.789722 770.022 188.701 0.75639 745.003 241.536 0.793831 729.182 285.861 0.870776 845.858 187.408 0.752036 859.566 242.84 0.704963 856.301 293.938 0.764861 782.397 308.461 0.712321 789.356 389.772 0.816166 785.207 460.213 0.715288 830.425 308.021 0.722445 829.984 392.596 0.821273 820.219 464.358 0.716142 799.463 144.343 0.430826 813.275 145.888 0.42396 788.777 143.693 0.380261 830.421 143.7 0.371306 0
1 111 363 802.822 158.257 0.384073 808.915 190.211 0.819765 771.759 190.44 0.814409 745.229 242.402 0.793499 728.965 286.95 0.869106 846.937 189.572 0.752629 861.092 245.017 0.652837 857.166 297.188 0.585393 784.577 311.28 0.71177 792.18 391.955 0.823617 786.506 463.259 0.754252 831.285 310.852 0.739538 830.2 394.986 0.833443 819.357 466.965 0.723916 797.512 146.737 0.370761 812.078 148.5 0.351822 787.742 145.657 0.491781 828.034 145.449 0.218778 0
1 111 364 798.912 160.655 0.404536 807.619 191.749 0.833375 771.324 191.953 0.856868 743.708 242.619 0.790638 726.777 287.819 0.872949 845.425 191.523 0.825867 860.658 246.532 0.700196 855.433 299.142 0.67554 784.572 311.944 0.734037 792.83 392.173 0.773769 785.632 464.122 0.75113 829.985 312.59 0.766692 828.022 395.631 0.847377 815.888 467.397 0.739265 794.473 149.341 0.427987 809.685 151.104 0.409337 785.999 147.615 0.493645 827.168 148.49 0.452598 0
1 111 365 795.656 162.827 0.544842 805.661 193.264 0.83623 769.375 192.827 0.880965 741.322 242.624 0.792938 723.293 288.263 0.879703 843.258 193.263 0.823609 858.696 248.918 0.680902 851.725 303.052 0.596835 782.829 314.343 0.74329 790.439 394.142 0.805672 782.156 467.159 0.689014 828.015 315.637 0.755695 824.761 398.883 0.852134 811.763 469.79 0.704179 791.431 151.726 0.522591 806.646 152.842 0.528495 783.692 148.247 0.1 824.784 151.303 0.677955 0
1 111 366 790.876 163.918 0.50778 803.263 194.356 0.823609 766.77 193.701 0.890927 738.493 242.848 0.800938 719.604 288.701 0.880017 840.422 194.566 0.821404 856.507 250.654 0.680141 848.038 305.444 0.59457 780.871 316.523 0.707377 788.048 395.234 0.732563 777.603 469.124 0.588286 825.62 318.467 0.734984 821.277 401.051 0.739221 806.533 471.962 0.539085 788.066 152.819 0.492757 801.645 154.36 0.476171 781.385 148.878 0.1 817.393 153.042 0.634411 0
1 111 367 784.57 164.36 0.1 800.646 195.235 0.731893 764.155 194.576 0.624491 735.444 243.508 0.696772 715.895 289.359 0.767751 837.155 195.869 0.531149 853.685 252.39 0.220157 844.985 307.178 0.224297 778.044 318.263 0.500373 784.998 396.543 0.567568 772.394 471.734 0.40552 822.793 320.425 0.55139 818.015 402.799 0.50824 801.975 474.348 0.377654 782.637 153.257 0.1 795.121 155.655 0.1 779.078 149.51 0.1 813.275 154.781 0.225209 0
1 111 368 778.267 165.675 0.179643 798.041 195.898 0.813564 761.764 194.808 0.763969 732.831 243.725 0.758171 712.186 290.005 0.719418 833.895 197.393 0.760782 850.435 255.215 0.639836 841.511 309.792 0.5532 774.797 319.357 0.645932 781.523 397.85 0.644225 767.188 474.338 0.532333 819.546 321.95 0.638395 814.753 404.532 0.593998 797.181 476.518 0.542938 777.416 154.35 0.163803 789.466 156.964 0.160774 776.772 150.141 0.236918 809.798 156.733 0.311551 0
1 111 369 772.187 167.403 0.170839 794.777 196.982 0.818239 758.724 195.887 0.759411 729.356 244.597 0.787657 708.268 291.083 0.830247 830.194 198.693 0.798415 846.95 257.386 0.598615 836.953 311.528 0.420147 771.53 320.444 0.671089 777.389 399.804 0.720406 761.979 476.732 0.53557 816.079 323.042 0.677493 811.719 405.848 0.687763 793.26 478.47 0.507369 772.2 155.662 0.179536 783.808 158.279 0.1 0 0 0 805.878 158.466 0.365773 1
1 111 370 767.19 169.139 0.273322 791.302 197.639 0.751203 756.109 195.903 0.729076 726.736 244.813 0.730496 704.347 291.74 0.828741 826.286 200.001 0.713415 843.244 259.562 0.466131 831.965 313.479 0.289438 768.258 321.099 0.638292 772.84 401.114 0.607841 756.763 479.119 0.407086 812.602 323.912 0.650793 809.767 406.714 0.566535 789.775 479.782 0.341986 768.285 157.186 0.1 778.584 160.022 0.25024 0 0 0 801.961 159.998 0.381612 1
1 111 371 762.188 170.656 0.534908 788.044 198.507 0.774074 753.934 196.337 0.725633 724.342 244.594 0.718026 700.434 291.958 0.818283 822.37 201.298 0.758874 839.331 261.079 0.651915 828.049 313.916 0.591285 764.793 321.319 0.693909 768.488 401.552 0.748061 751.987 479.337 0.726942 809.341 324.13 0.717315 808.454 405.416 0.794264 786.727 479.559 0.614703 764.376 158.805 0.261386 772.933 161.537 0.470273 0 0 0 797.39 161.306 0.559995 1
1 111 372 758.707 172.181 0.464063 785.432 199.586 0.768529 751.532 196.983 0.68947 722.17 244.599 0.731719 696.948 292.397 0.822254 819.329 202.612 0.757296 835.633 262.813 0.638697 824.575 315.44 0.579014 761.098 321.967 0.694641 763.707 403.064 0.763168 746.772 480.863 0.710188 807.39 324.569 0.719965 808.029 405.852 0.830279 783.893 479.999 0.61364 761.227 160.101 0.413499 768.914 163.489 0.438245 0 0 0 798.472 163.689 0.651028 1
1 111 373 756.098 173.7 0.275999 784.982 200.446 0.735978 750.881 197.422 0.704019 721.738 245.043 0.747688 695.423 293.481 0.819697 818.669 203.702 0.735282 833.89 264.775 0.567496 823.048 318.042 0.579239 759.798 323.918 0.703961 760.89 406.323 0.773659 743.301 484.562 0.701291 807.606 325.658 0.71259 810.862 407.372 0.827186 783.679 481.959 0.60837 759.052 160.98 0.255537 766.522 165.23 0.246578 0 0 0 797.375 164.992 0.421093 1
1 111 374 756.313 175.435 0.341694 785.2 201.972 0.737376 758.917 198.721 0.680707 734.357 248.076 0.713273 695.268 294.78 0.785245 811.701 205.655 0.752274 820.624 265.434 0.611586 808.7 317.171 0.574638 766.75 323.919 0.706823 768.715 406.323 0.797026 748.081 485.868 0.721211 803.703 325.662 0.703362 806.741 407.589 0.790148 778.907 483.478 0.633892 758.691 161.927 0.242237 766.664 167.115 0.294828 0 0 0 792.147 165.222 0.40498 1
1 111 375 758.488 178.042 0.356396 785.643 203.492 0.757029 766.737 199.806 0.686285 740.986 250.569 0.745839 695.183 296.519 0.805384 804.969 208.043 0.760937 807.373 266.305 0.571356 794.555 316.09 0.56597 773.706 324.568 0.698662 776.751 406.967 0.790021 754.604 486.949 0.684743 800.22 326.093 0.695341 802.834 407.818 0.893342 775.866 484.998 0.700396 758.728 163.81 0.1 769.34 169.145 0.324273 0 0 0 791.935 166.089 0.352392 1
1 111 376 760.225 181.085 0.427365 785.871 205.004 0.747822 767.386 201.548 0.697048 741.415 252.301 0.737684 695.185 298.26 0.796818 804.985 208.916 0.735601 807.374 267.598 0.419241 795.213 316.091 0.338983 775.01 325.877 0.692025 776.539 408.701 0.817105 754.823 488.899 0.689017 801.754 327.173 0.6988 806.741 407.596 0.84439 779.339 485.226 0.644641 759.163 166.629 0.335743 771.514 171.535 0.342653 0 0 0 792.799 167.821 0.449586 1
1 111 377 761.312 182.929 0.324561 786.295 206.317 0.72493 774.995 203.055 0.662843 754.243 255.773 0.714417 710.626 299.998 0.760507 798.031 210.654 0.709134 794.974 267.818 0.397053 780.219 315.868 0.401677 781.957 326.955 0.646479 785.014 409.352 0.822417 763.735 489.557 0.645448 797.831 327.823 0.675021 801.749 408.902 0.7978 775.653 486.751 0.605212 759.921 168.361 0.271622 772.963 173.629 0.255421 0 0 0 788.009 169.348 0.368727 1
1 111 378 763.051 184.672 0.1 787.163 206.744 0.807879 776.08 203.484 0.787752 755.541 257.291 0.125342 710.846 302.601 0.1 798.479 210.874 0.752373 795.203 267.604 0.716532 781.739 315.645 0.767465 783.257 326.735 0.701544 785.231 410.877 0.820857 764.169 491.51 0.615871 799.357 327.388 0.655978 805.02 409.551 0.823098 781.087 488.928 0.663822 761.653 170.098 0.1 775.644 176.299 0.1 807.399 169.164 0.487168 788.67 170.651 0.694354 1
1 111 379 767.613 186.862 0.1 788.037 207.623 0.771353 776.951 205.216 0.718587 756.201 259.898 0.1 711.28 305.441 0.1 799.351 211.094 0.701415 795.65 267.597 0.660354 783.685 315.645 0.703591 784.773 327.596 0.661749 785.659 412.619 0.7786 765.682 493.476 0.532003 801.094 327.82 0.656773 807.635 411.295 0.746592 786.526 491.533 0.434847 765.117 173.362 0.1 780.427 179.118 0.1 802.897 170.729 0.315769 790.627 172.172 0.578552 1
1 111 380 773.267 189.043 0.54548 789.34 207.402 0.801613 777.608 204.787 0.676855 757.503 262.283 0.664398 711.931 308.713 0.802762 801.092 211.098 0.796671 796.516 267.81 0.438074 785.649 315.868 0.395351 786.292 328.461 0.695995 786.316 414.792 0.775039 766.983 496.087 0.602563 802.628 328.686 0.718713 810.464 413.687 0.838713 792.623 493.928 0.596935 768.816 176.301 0.54066 785.871 181.938 0.539404 798.394 172.294 0.1 793.461 173.484 0.648955 1
1 111 381 778.478 190.996 0.1 791.075 208.492 0.821426 778.7 206.959 0.806026 758.376 265.546 0.484698 713.021 312.185 0.193219 803.04 211.743 0.756936 797.609 270.197 0.782197 787.393 318.046 0.856184 787.821 330.207 0.712358 787.609 416.533 0.816648 768.713 498.038 0.619879 803.936 330.639 0.651656 813.495 416.079 0.8155 799.807 496.313 0.593122 773.922 178.917 0.1 790.655 183.898 0.1 793.892 173.859 0.41924 795.86 175.01 0.754864 1
1 111 382 785.429 192.524 0.199307 793.043 209.36 0.833756 780.863 208.264 0.693645 760.318 269.015 0.714183 714.771 315.88 0.839069 805.214 212.177 0.788309 798.702 271.504 0.655201 789.354 319.577 0.54406 789.563 331.507 0.67978 789.114 418.05 0.777454 770.449 499.345 0.576466 805.674 332.153 0.715855 816.098 418.035 0.773738 808.271 498.049 0.562142 780.222 181.302 0.156926 796.529 185.201 0.1 789.389 175.424 0.164048 797.395 176.175 0.294394 1
1 111 383 792.823 193.606 0.31177 795 210.002 0.855192 775.657 210.003 0.746401 750.087 269.677 0.765807 717.098 318.927 0.831304 814.348 211.952 0.781445 813.699 273.676 0.63711 806.316 322.624 0.548446 785.655 332.815 0.703462 782.375 420.864 0.756601 767.623 501.74 0.627631 812.844 333.027 0.707153 826.742 418.696 0.716522 822.397 498.046 0.535902 787.107 182.966 0.282642 803.116 185.715 0.322915 787.873 177.16 0.36003 803.269 177.845 0.415537 1
1 111 384 798.478 194.254 0.314002 798.035 210.871 0.790181 778.056 211.521 0.782551 758.015 272.184 0.710309 720.329 321.86 0.80641 817.827 212.176 0.813286 818.254 274.332 0.682 823.608 325.227 0.60924 787.386 334.555 0.716753 785.427 422.819 0.767593 775.008 501.963 0.546123 815.027 333.9 0.717036 828.259 419.778 0.724112 820.004 496.963 0.533793 793.156 183.907 0.261943 809.77 186.113 0.301787 791.336 178.026 0.379908 808.48 178.724 0.364505 1
1 111 385 802.392 194.469 0.177605 801.509 210.882 0.753961 781.53 211.509 0.694401 761.723 273.273 0.755961 724.464 324.68 0.796193 821.301 212.607 0.804778 820.216 274.341 0.665468 825.997 325.882 0.638705 790.212 334.776 0.69742 787.165 423.471 0.789511 772.834 500.222 0.505658 818.059 334.344 0.69923 831.311 421.517 0.736015 827.828 496.952 0.521415 798.367 184.126 0.1 816.423 186.512 0.183884 795.89 178.685 0.260481 812.614 179.163 0.421562 1
1 111 386 808.084 194.663 0.399595 805.214 211.307 0.853775 785.004 211.956 0.746494 758.685 273.818 0.778226 714.725 327.895 0.840138 826.083 211.955 0.847438 824.132 276.082 0.652676 831.439 327.626 0.606094 792.608 336.732 0.692737 790.633 425.212 0.823294 779.568 500.437 0.33133 821.752 335.651 0.705187 833.256 421.516 0.72877 826.302 495.208 0.545429 804.563 184.643 0.322766 823.076 186.91 0.296986 801.535 179.135 0.36186 819.361 179.16 0.1 1
1 111 387 815.552 194.838 0.345259 810.211 212.614 0.801639 796.958 212.622 0.755651 774.12 276.427 0.823099 721.981 330.204 0.781329 824.115 213.687 0.784921 816.088 278.695 0.592385 822.957 330.895 0.516813 801.747 339.559 0.722875 802.373 426.294 0.83827 794.992 500.439 0.255152 820.226 338.262 0.748274 827.158 422.383 0.716859 814.353 493.464 0.637294 811.742 185.46 0.311307 829.73 187.308 0.238748 813.267 180 0.375942 820.67 179.169 0.1 1
1 111 388 822.853 194.656 0.1 815.641 213.473 0.568614 809.347 213.27 0.371795 786.793 278.744 0.182805 730.59 332.883 0.1 822.593 215.202 0.348145 809.117 281.739 0.130958 816.013 333.719 0.1 811.318 341.518 0.532937 814.324 426.719 0.552783 809.35 500 0.441299 819.574 340.428 0.569652 821.282 422.166 0.659365 802.177 490.853 0.483381 819.141 185.06 0.1 802.157 180.04 0.0585147 825.01 180.002 0.212145 822.202 179.16 0.18216 1
1 111 389 831.496 194.776 0.137791 821.941 216.077 0.739322 822.821 216.515 0.655576 795.848 281.645 0.779119 740.544 335.952 0.805546 821.512 217.369 0.688536 803.252 284.784 0.244636 810.797 336.75 0.153286 821.962 343.912 0.644818 826.928 427.374 0.846733 824.137 500.652 0.686384 819.786 342.603 0.658241 814.763 422.808 0.68753 789.353 489.762 0.59768 828.044 185.181 0.120428 0 0 0 836.969 181.304 0.1 825.023 179.364 0.17629 1
1 111 390 841.712 194.988 0.1 827.825 217.384 0.553147 829.35 217.385 0.52938 802.58 283.813 0.1 751.624 338.99 0.1 827.175 218.888 0.399947 809.117 283.703 0.206189 817.746 333.924 0.145585 828.039 344.342 0.580257 830.635 426.073 0.708492 822.624 497.394 0.650026 825.868 343.25 0.585231 818.464 421.947 0.67031 793.048 489.55 0.546829 837.278 185.821 0.1 0 0 0 847.401 181.739 0.323283 827.893 178.987 0.127787 1
1 111 391 850.417 195.191 0.1 834.999 218.902 0.656411 836.537 219.114 0.641607 809.539 285.774 0.111869 763.144 341.601 0.1 834.128 220.405 0.614457 815.209 283.48 0.490994 824.265 332.619 0.678542 834.564 344.122 0.658596 835.425 424.763 0.811923 823.06 493.914 0.72596 832.175 343.039 0.651461 823.035 422.166 0.765848 795.663 490.854 0.713373 846.406 185.82 0.1 0 0 0 857.392 181.754 0.379346 830.764 178.61 0.198838 1
1 111 392 859.325 195.407 0.1 842.399 220.214 0.591644 845 220.201 0.548301 817.372 288.592 0.1 775.099 344.208 0.1 841.087 221.926 0.442155 821.159 283.26 0.356552 831.654 333.704 0.368184 841.955 345.415 0.629194 840.641 424.766 0.768945 821.983 489.995 0.745317 838.919 344.333 0.601631 827.82 423.027 0.767836 797.836 492.589 0.624674 855.098 186.037 0.1 0 0 0 867.165 182.186 0.259274 833.635 178.232 0.1 1
1 111 393 871.492 195.416 0.1 850.017 221.079 0.650146 846.526 221.081 0.546486 814.113 289.236 0.1 787.6 345.841 0.1 854.793 222.354 0.47974 838.267 284.782 0.307815 839.474 335.331 0.295762 843.7 345.417 0.656386 837.596 424.551 0.736723 810.889 488.245 0.589548 850.874 344.983 0.604786 841.955 423.247 0.756892 816.101 494.767 0.544389 866.294 186.473 0.1 0 0 0 875.212 182.194 0.355045 836.505 177.855 0.199413 1
1 111 394 885.844 195.633 0.136298 858.491 222.806 0.728587 855.23 222.82 0.713818 822.579 291.844 0.750714 800.645 347.147 0.76603 862.4 223.666 0.638162 845.431 286.955 0.30676 847.725 337.502 0.307698 851.314 346.72 0.602776 846.067 424.762 0.819885 820.666 489.121 0.604058 857.831 346.285 0.635768 846.093 423.69 0.750321 816.763 496.513 0.710892 879.99 187.345 0.127696 0 0 0 883.257 182.203 0.222472 0 0 0 1
1 111 395 899.21 195.689 0.199522 867.183 223.456 0.705149 863.272 223.895 0.710089 834.106 292.826 0.696038 821.047 347.844 0.716241 871.316 224.743 0.640335 854.133 287.388 0.151315 859.882 337.49 0.101748 858.052 346.942 0.636494 850.205 425.19 0.779384 821.533 490.414 0.521229 865.009 346.717 0.664683 855.661 424.338 0.713671 828.941 498.684 0.73199 892.89 187.77 0.1926 903.89 183.892 0.105409 892.603 181.982 0.300149 0 0 0 0
1 111 396 911.589 195.585 0.149567 875.452 223.893 0.615341 868.599 225.191 0.634424 836.613 292.716 0.651633 836.728 347.499 0.664547 883.164 224.851 0.551 863.266 287.451 0.1 875.099 337.054 0.114293 863.376 347.272 0.566038 854.552 425.517 0.762995 821.974 491.059 0.491865 874.348 347.15 0.618931 866.533 425.096 0.679877 843.829 500.095 0.636948 904.995 187.748 0.144416 911.684 181.965 0.102826 901.402 181.339 0.191842 911.718 178.058 0.0521149 0
1 111 397 922.982 195.32 0.126974 884.151 224.769 0.685311 872.073 226.285 0.693423 838.938 292.347 0.700227 847.69 346.111 0.645191 897.512 224.856 0.58993 872.403 286.293 0.1 893.356 337.498 0.1 867.732 347.496 0.627785 858.901 425.964 0.792889 822.193 491.489 0.578395 884.996 347.593 0.68255 878.715 426.179 0.773363 860.78 501.183 0.739489 916.303 187.279 0.117839 0 0 0 909.23 181.121 0.237567 913.647 179.983 0.0658945 0
1 111 398 933.137 194.644 0.205683 891.98 225.643 0.722835 879.458 227.379 0.724526 853.137 294.011 0.631235 865.135 347.379 0.594694 905.774 225.948 0.624148 881.313 284.988 0.141156 902.258 335.974 0.264368 872.963 347.718 0.625414 862.822 426.174 0.735272 822.193 490.839 0.367881 892.17 347.379 0.620448 891.755 426.406 0.697891 877.514 501.619 0.595529 926.845 186.181 0.193783 937.169 185.85 0.098063 918.137 180.693 0.312637 0 0 0 0
1 111 399 942.054 193.559 0.1 901.101 225.424 0.611517 889.884 227.156 0.535431 862.49 292.927 0.184671 874.059 345.428 0.229339 913.81 225.739 0.492777 879.286 286.002 0.277326 899.649 337.923 0.249618 882.312 348.802 0.575855 876.298 427.694 0.726129 839.143 492.798 0.696258 898.044 348.249 0.578193 895.241 427.7 0.713518 878.378 501.181 0.558041 936.622 184.455 0.1 0 0 0 927.05 179.819 0.477284 909.216 163.034 0.164485 0
1 111 400 952.702 192.484 0.1 909.351 225.866 0.1 899.445 227.391 0.1 871.192 292.477 0.1 883.403 343.472 0.1 920.556 225.966 0.1 877.401 286.944 0.1 897.692 338.137 0.1 892.515 351.853 0.1 887.607 430.091 0.1 853.926 495.844 0.1 904.564 351.291 0.1 901.543 428.786 0.1 882.288 499.658 0.1 946.841 183.591 0.1 0 0 0 936.402 179.588 0.1 913.702 167.492 0.1 127
1 111 401 952.056 193.793 0.164354 917.395 226.732 0.610368 912.066 227.605 0.635666 879.669 291.167 0.40012 892.64 341.186 0.267563 923.602 227.056 0.516957 875.593 286.944 0.1 895.087 335.313 0.13158 904.032 351.857 0.5818 903.7 430.095 0.664781 874.136 497.595 0.640342 908.696 351.296 0.468253 903.501 429.004 0.604202 882.291 499.224 0.107011 957.818 183.161 0.154352 0 0 0 947.168 179.152 0.30559 918.187 171.949 0.1 0
1 111 402 961.845 194.004 0.1 925.647 227.608 0.632758 921.847 228.897 0.631967 888.152 290.512 0.357898 901.333 339.009 0.407792 930.553 227.715 0.567459 874.075 286.22 0.349449 893.175 329.482 0.223957 914.251 353.163 0.631267 919.569 432.05 0.722459 895.227 502.819 0.610664 915.002 352.605 0.543118 905.235 429.657 0.564134 882.07 499.212 0.309795 968.034 183.165 0.1 0 0 0 956.514 179.369 0.272775 922.673 176.406 0.146391 0
1 111 403 968.963 194.766 0.292169 933.91 228.702 0.670637 933.797 230.305 0.711895 891.184 289.786 0.589117 904.407 337.036 0.578533 936.095 228.903 0.586727 872.846 284.772 0.1 891.958 320.646 0.1 925.014 354.68 0.62995 934.466 434.014 0.51982 914.359 505.864 0.430695 919.79 353.905 0.57481 906.965 430.196 0.412048 881.957 498.988 0.35004 977.752 182.476 0.324121 0 0 0 966.183 179.69 0.411928 927.158 180.863 0.1 0
1 111 404 973.275 196.362 0.104837 942.824 230.656 0.575161 942.706 232.259 0.623626 894.215 289.06 0.520166 907.482 335.064 0.488957 945.225 230.427 0.476444 881.538 283.256 0.1 900.88 309.999 0.1 933.284 356.418 0.579191 944.042 436.195 0.384363 927.407 508.046 0.282774 928.714 355.861 0.48846 913.265 431.289 0.347858 886.963 498.989 0.167317 987.471 181.786 0.122045 0 0 0 974.872 180.342 0.2329 934.771 182.386 0.1 0
1 111 405 974.782 198.794 0.118066 952.173 232.393 0.596752 953.479 233.992 0.458889 897.247 288.334 0.1 910.557 333.091 0.1 952.729 232.059 0.550254 890.664 282.535 0.295893 905.884 299.999 0.109348 943.603 357.612 0.469446 953.614 437.174 0.29858 942.19 508.272 0.251277 936.984 356.73 0.562971 918.703 431.408 0.369183 889.9 499.53 0.390663 997.189 181.096 0.1 917.146 193.198 0.123154 983.469 181.42 0.1 942.241 183.689 0.321367 0
1 111 406 973.484 202.06 0.109466 961.518 234.568 0.507763 966.955 235.732 0.431313 900.278 287.607 0.207321 913.631 331.119 0.15068 957.512 235.315 0.404992 898.93 284.568 0.1 906.967 290.646 0.1 954.903 360.65 0.525305 966.002 441.295 0.420665 959.138 511.976 0.284757 943.291 358.903 0.449634 922.392 432.71 0.364525 890.78 500.615 0.440097 1006.91 180.407 0.111034 927.201 194.793 0.1 993.471 183.146 0.160124 949.995 186.733 0.1 0
1 111 407 972.509 205.435 0.1 971.517 236.743 0.1 975.439 237.256 0.1 0 0 0 0 0 0 970.116 237.485 0.1 915.67 288.27 0.1 917.621 290.872 0.1 965.109 362.17 0.1 978.164 443.47 0.1 975.879 514.152 0.1 954.805 360.861 0.1 926.954 433.147 0.1 892.302 501.266 0.1 0 0 0 937.257 196.387 0.1 1003.17 184.354 0.1 956.313 191.732 0.1 127
1 111 408 974.248 207.392 0.1 981.51 240.223 0.689179 989.356 240.519 0.645499 0 0 0 0 0 0 975.777 241.18 0.668616 926.828 290.738 0.504916 928.49 285.881 0.125309 977.276 365.438 0.597129 990.766 447.381 0.652233 992.835 520.02 0.414872 961.324 363.476 0.624644 931.943 434.674 0.700034 892.956 501.478 0.757469 0 0 0 947.312 197.982 0.1 1015.82 186.566 0.205474 966.826 193.332 0.340655 0
1 111 409 973.376 211.946 0.1 991.946 243.7 0.632393 1003.7 243.773 0.563323 0 0 0 0 0 0 982.732 244.882 0.544422 939.363 294.792 0.346974 938.93 283.932 0.1 989.46 368.912 0.574708 1005.98 451.512 0.64421 1010.66 525.019 0.562127 968.935 366.521 0.607539 933.252 435.114 0.758404 891.438 500.83 0.706805 0 0 0 957.367 199.576 0.1 1028.17 188.7 0.302211 976.317 196.301 0.20272 0
1 111 410 975.98 214.584 0.133657 1003.89 246.196 0.579206 1015.43 246.491 0.522287 0 0 0 0 0 0 994.908 247.381 0.50208 952.401 298.269 0.339348 950.344 283.172 0.104449 999.574 373.149 0.544399 1016.84 455.965 0.603789 1023.37 531.1 0.323434 979.149 370.109 0.560651 941.835 436.206 0.716101 895.781 497.687 0.661125 0 0 0 967.423 201.171 0.104426 1040.33 190.744 0.182149 988.921 196.63 0.277719 0
1 111 411 978.584 217.223 0.380832 1016.07 248.579 0.53165 1031.08 248.665 0.386023 0 0 0 0 0 0 1003.61 249.981 0.498945 965.73 300.952 0.18662 961.716 285.852 0.152395 1011.97 375.538 0.473598 1027.05 457.925 0.566934 1034.02 533.924 0.451829 988.059 371.416 0.574113 953.789 437.718 0.710625 902.307 493.347 0.633668 0 0 0 977.478 202.765 0.388372 1052.29 192.699 0.1 1002.32 196.491 0.35725 0
1 111 412 981.187 219.861 0.136716 1028.02 250.643 0.638704 1044.35 250.624 0.55497 0 0 0 0 0 0 1014.04 252.262 0.575576 979.35 303.813 0.259434 972.579 292.735 0.169088 1023.81 377.598 0.658786 1036.72 459.558 0.773013 1042.06 536.205 0.560002 998.599 372.832 0.606948 967.486 439.237 0.786312 911.758 490.2 0.765165 0 0 0 987.534 204.36 0.129191 1063.82 194.324 0.1 1014.89 196.639 0.318839 0
1 111 413 983.791 222.5 0.325739 1039.76 252.39 0.567271 1055.23 252.367 0.471672 0 0 0 0 0 0 1026.22 254.223 0.534238 993.261 306.852 0.262578 982.932 303.822 0.273645 1035.11 379.331 0.475845 1045.84 460.865 0.389997 1047.49 537.943 0.256872 1010.77 374.354 0.508922 982.925 440.762 0.488401 924.136 488.244 0.489684 0 0 0 997.589 205.954 0.294168 1074.92 195.619 0.1 1026.62 197.074 0.334385 0
1 111 414 0 0 0 1051.49 253.908 0.1 1067.17 253.68 0.1 0 0 0 0 0 0 1037.95 255.964 0.1 1007.39 310.112 0.1 993.581 314.693 0.1 1046.86 381.498 0.1 1055.19 463.694 0.1 1051.4 541.427 0.1 1022.72 376.745 0.1 998.578 444.23 0.1 942.831 491.949 0.1 0 0 0 0 0 0 1087.09 196.497 0.1 1038.36 197.945 0.1 127
1 111 415 0 0 0 1063.02 255.2 0.579136 1077.83 255.19 0.486984 1034.97 303.232 0.0562314 0 0 0 1051 256.402 0.48803 1022.16 311.856 0.190889 1003.15 322.517 0.107669 1058.6 383.45 0.609503 1062.15 464.576 0.741112 1053.35 541.859 0.60017 1035.76 379.133 0.539151 1014.03 448.142 0.608363 960.655 496.95 0.379311 0 0 0 0 0 0 1097.73 196.72 0.190366 1049.89 197.291 0.187832 0
1 111 416 0 0 0 1074.75 255.199 0.1 1090.21 255.626 0.1 0 0 0 0 0 0 1062.3 256.404 0.1 1029.99 311.636 0.1 1016.19 317.071 0.1 1069.04 385.19 0.1 1068.68 466.967 0.1 1055.08 543.158 0.1 1048.59 381.303 0.1 1035.99 449.439 0.1 983.475 496.947 0.1 0 0 0 0 0 0 1108.72 196.694 0.1 1062.93 194.896 0.1 127
1 111 417 0 0 0 1084.97 256.287 0.627372 1095.21 257.584 0.562757 0 0 0 0 0 0 1077.08 256.838 0.4975 1046.08 313.156 0.206999 1029.02 318.587 0.1 1077.3 386.27 0.578991 1073.9 467.186 0.705702 1055.96 541.64 0.662203 1064.89 382.601 0.566502 1057.29 450.528 0.640777 1008.69 500.435 0.548076 0 0 0 0 0 0 1119.72 196.667 0.187977 1071.63 198.157 0.310674 0
1 111 418 0 0 0 1094.33 257.816 0.601828 1099.35 259.542 0.575741 0 0 0 0 0 0 1091.42 258.342 0.497851 1063.47 313.375 0.249265 1042.71 320.1 0.130631 1084.47 386.493 0.535291 1077.6 466.75 0.578592 1055.97 540.987 0.518627 1079.89 383.036 0.562996 1079.46 453.572 0.610545 1035.66 506.516 0.28924 0 0 0 0 0 0 1130.71 196.64 0.19049 1084.46 199.897 0.256336 0
1 111 419 1113.25 198.833 0.293216 1103.46 259.675 0.601309 1103.26 261.828 0.546178 1087.84 318.872 0.0865232 0 0 0 1105.54 260.19 0.435762 1081.08 315.771 0.177845 1056.51 321.08 0.151626 1091.75 387.69 0.527284 1081.52 467.074 0.559284 1056.09 540.125 0.388739 1094.24 384.877 0.547012 1098.71 457.052 0.613145 1063.92 514.877 0.351882 1148.4 193.723 0.341072 0 0 0 1141.71 196.614 0.43921 1096.13 201.741 0.1 0
1 111 420 1105.83 214.474 0.245023 1113.9 260.332 0.573235 1113.48 262.482 0.455649 0 0 0 0 0 0 1118.36 262.373 0.475159 1096.96 319.249 0.163074 1069.77 321.299 0.194632 1101.96 389.432 0.446605 1093.7 468.375 0.501977 1072.4 540.996 0.246167 1105.1 387.481 0.447205 1107.63 460.094 0.512098 1076.33 522.485 0.422105 0 0 0 1080.94 199.538 0.247338 0 0 0 1106.64 203.69 0.435974 0
1 111 421 1098.4 230.116 0.172763 1125.2 262.405 0.562664 1124.79 264.341 0.47129 1033.65 341.685 0.38072 1084.94 285.992 0.201785 1130.64 264.77 0.615055 1111.09 322.837 0.314428 1082.96 319.991 0.221968 1114.13 392.589 0.610379 1107.18 470.44 0.76779 1089.57 541.98 0.615129 1116.08 390.849 0.635943 1115.89 463.029 0.685637 1086.12 528.898 0.670415 0 0 0 1089.76 221.087 0.130796 0 0 0 1117.63 204.989 0.147114 0
1 111 422 1090.98 245.757 0.214012 1136.08 264.139 0.710264 1135.88 267.064 0.64132 1065.51 342.667 0.480655 1099.57 296.744 0.255077 1145.85 266.506 0.687809 1130.01 326.968 0.34263 1103.69 326.508 0.259231 1125.21 394.991 0.712106 1121.31 473.264 0.808204 1106.96 544.804 0.740247 1128.26 393.894 0.710063 1123.71 466.068 0.797197 1093.51 534.337 0.785992 1087.89 226.968 0.0955186 1098.58 242.637 0.190683 0 0 0 1128.42 206.874 0.241288 0
1 111 423 1083.56 261.398 0.109372 1146.73 268.058 0.561611 1146.31 270.971 0.51237 1097.37 343.65 0.354269 1114.2 307.496 0.342073 1155.41 271.504 0.530812 1148.08 330.325 0.281851 1122.22 329.9 0.202458 1135.86 399.345 0.635885 1136.31 477.606 0.756516 1125.45 549.575 0.706138 1139.35 398.027 0.641644 1131.32 468.899 0.758981 1095.47 533.684 0.765689 0 0 0 1115.23 256.294 0.0677171 0 0 0 1139.58 208.253 0.1 0
1 111 424 0 0 0 1158.46 268.278 0.506926 1158.5 271.41 0.306023 1129.23 344.632 0.1 0 0 0 1165.63 271.503 0.1 1166.15 333.681 0.1 1140.75 333.292 0.1 1148.03 401.089 0.495972 1152.4 479.11 0.580066 1144.37 552.61 0.676256 1150.01 399.768 0.536416 1141.95 470.436 0.690882 1100.69 531.076 0.621958 0 0 0 0 0 0 0 0 0 1150.89 209.13 0.1 0
1 111 425 0 0 0 1171.4 269.771 0.44719 1176.21 272.875 0.399905 1154.94 344.909 0.103505 0 0 0 1174.37 273.527 0.298714 1184.22 337.038 0.139153 1159.27 336.684 0.178684 1164.11 404.839 0.575416 1173.8 482.985 0.696175 1172.01 558.863 0.724193 1157.25 403.322 0.579283 1140.74 476.079 0.806025 1092.64 532.968 0.645219 0 0 0 0 0 0 0 0 0 1163.89 206.473 0.118965 0
1 111 426 1226.72 222.978 0.0619649 1184.34 271.265 0.527656 1193.92 274.34 0.1 1185.95 345.543 0.1 0 0 0 1183.11 275.55 0.447781 1202.3 340.394 0.205511 1177.8 340.076 0.364752 1180.19 408.588 0.522373 1195.2 486.861 0.573019 1199.65 565.116 0.565903 1164.48 406.877 0.487796 1139.53 481.723 0.765182 1084.59 534.859 0.689096 1222.83 209.252 0.0760245 0 0 0 1221.18 212.978 0.321911 1176.89 203.815 0.1 0
1 111 427 0 0 0 1197.29 272.758 0.422727 1211.64 275.805 0.27439 1216.97 346.178 0.108883 1216.95 422.613 0.0781811 1191.85 277.574 0.157156 1136.74 369.786 0.050034 0 0 0 1196.26 412.337 0.532521 1216.59 490.736 0.567343 1227.3 571.369 0.532457 1171.72 410.432 0.492368 1138.32 487.367 0.684649 1076.54 536.751 0.640141 0 0 0 0 0 0 1231.95 211.99 0.206458 1189.89 201.157 0.1 0
1 111 428 0 0 0 1210.23 274.251 0.569828 1229.35 277.27 0.512954 1247.99 346.812 0.233694 0 0 0 1200.59 279.597 0.366371 1156.28 342.398 0.0884742 0 0 0 1212.34 416.086 0.584699 1237.99 494.612 0.734238 1254.94 577.622 0.803055 1178.96 413.987 0.593023 1137.11 493.011 0.84897 1068.49 538.642 0.631799 0 0 0 0 0 0 1242.73 211.001 0.54574 1202.89 198.499 0.143385 0
1 111 429 1211.07 199.607 0.0726295 1234.54 258.281 0.403054 1258.06 260.266 0.182022 0 0 0 0 0 0 1205.24 258.227 0.140061 0 0 0 0 0 0 1220.88 412.826 0.417984 1242.32 496.983 0.46225 1226.67 569.405 0.523631 1201.32 410.847 0.330551 1183.7 500.895 0.604635 1113.27 524.4 0.594513 0 0 0 1214.98 193.735 0.0751774 1258.06 209.32 0.111715 0 0 0 0
