4 1 27 0 0 0 273.921 434.064 0.879647 315.245 428.489 0.85891 349.537 476.897 0.896645 335.433 495.908 0.421967 238.206 441.432 0.848138 232.322 505.152 0.774314 235.372 545.618 0.834572 320.719 531.993 0.760913 336.299 597.763 0.712236 332.433 671.228 0.729397 274.746 537.137 0.739187 311.016 589.867 0.568223 320.032 608.535 0.140323 0 0 0 0 0 0 281.208 387.304 0.869206 247.861 398.936 0.536663 0
4 1 28 0 0 0 273.926 426.036 0.927693 315.017 420.442 0.816116 348.183 468.597 0.867378 334.288 486.712 0.456779 238.427 432.764 0.832253 232.558 494.133 0.825742 238.39 528.646 0.839572 320.981 522.963 0.820122 336.359 585.93 0.756955 334.162 655.703 0.839968 275.197 528.886 0.738817 308.963 582.234 0.57094 319.76 606.671 0.367725 0 0 0 0 0 0 281.723 379.768 0.911496 248.612 390.566 0.480788 0
4 1 29 0 0 0 273.93 418.008 0.908322 314.789 412.395 0.832157 346.829 460.297 0.860638 333.143 477.516 0.359859 238.648 424.097 0.841673 232.795 483.114 0.688391 241.408 511.673 0.583455 321.243 513.932 0.773252 336.419 574.096 0.777231 335.89 640.178 0.794782 275.648 520.635 0.768376 306.91 574.6 0.613068 319.489 604.807 0.663545 0 0 0 0 0 0 282.238 372.232 0.897722 249.364 382.196 0.512041 0
4 1 30 0 0 0 273.934 409.979 0.92483 314.561 404.348 0.813989 345.475 451.997 0.828755 331.999 468.321 0.261266 238.869 415.429 0.850548 233.032 472.095 0.652961 244.426 494.701 0.3547 321.505 504.901 0.769059 336.479 562.263 0.849408 337.618 624.653 0.767606 276.099 512.385 0.77871 304.858 566.967 0.735622 319.218 602.943 0.744763 0 0 0 0 0 0 282.752 364.696 0.917732 250.115 373.826 0.549941 0
4 1 31 0 0 0 273.938 401.951 0.947022 314.333 396.302 0.81103 344.122 443.697 0.844829 330.854 459.125 0.205723 239.09 406.761 0.868112 233.269 461.077 0.869153 247.443 477.728 0.134434 321.767 495.87 0.783542 336.539 550.43 0.647747 339.346 609.128 0.68986 276.55 504.134 0.753548 302.805 559.333 0.651394 318.946 601.079 0.71668 0 0 0 0 0 0 283.267 357.16 0.943783 250.866 365.457 0.483879 0
4 1 32 0 0 0 274.367 394.549 0.94475 314.339 389.118 0.81226 343.691 436.098 0.844664 330.417 450.213 0.212166 239.316 398.496 0.871742 233.271 449.992 0.867804 248.805 460.659 0.134779 322.409 487.39 0.775239 336.536 536.733 0.595392 340.872 590.659 0.697351 277.414 496.083 0.752539 300.632 552.157 0.647148 318.705 598.689 0.718175 0 0 0 0 0 0 283.906 349.983 0.942595 251.941 357.848 0.479996 0
4 1 33 0 0 0 275.662 387.364 0.927793 314.784 381.522 0.838137 343.476 428.496 0.897315 330.185 442.172 0.176462 239.971 391.095 0.843726 233.059 439.12 0.85038 249.676 441.756 0.158234 323.276 479.567 0.74423 337.841 527.602 0.705657 342.619 574.135 0.809932 278.503 488.485 0.78626 300.185 546.498 0.777242 318.484 597.609 0.83567 0 0 0 0 0 0 284.999 342.802 0.875716 252.817 349.809 0.47233 0
4 1 34 0 0 0 276.958 381.489 0.901052 315.23 375.23 0.813064 343.686 422.416 0.852883 330.183 435.871 0.202242 240.623 384.358 0.904563 232.844 429.335 0.776785 249.684 425.453 0.1 324.144 472.824 0.726425 338.923 520.658 0.782061 344.152 561.522 0.790084 279.589 481.759 0.815731 299.964 542.8 0.809633 318.269 596.516 0.79579 0 0 0 0 0 0 286.091 337.147 0.901461 253.911 343.297 0.44767 0
4 1 35 0 0 0 278.471 374.756 0.9204 316.101 369.358 0.842837 344.336 416.548 0.866798 330.183 429.125 0.14002 241.713 377.403 0.882031 233.72 418.906 0.740812 251.209 411.757 0.1 325.238 466.522 0.71271 338.91 511.749 0.661017 345.44 549.571 0.763735 281.093 475.893 0.794644 299.966 538.454 0.779838 317.83 594.56 0.782666 0 0 0 0 0 0 287.398 330.855 0.876736 255.873 337.208 0.429633 0
4 1 36 0 0 0 280.2 369.533 0.929385 317.195 364.575 0.853666 345.211 411.758 0.83454 331.047 423.689 0.189688 243.454 371.958 0.970161 234.157 410.23 0.688007 252.733 402.416 0.1 326.536 461.078 0.700148 338.908 502.404 0.462976 346.625 540.007 0.800873 282.403 470.026 0.766758 299.326 533.46 0.802001 317.387 591.949 0.792845 0 0 0 0 0 0 289.348 325.656 0.899148 258.044 332.204 0.316493 0
4 1 37 0 0 0 281.942 362.797 0.901882 318.93 358.484 0.857615 346.289 405.443 0.833626 331.918 416.514 0.214714 245.411 365.21 0.909377 235.46 401.322 0.708813 255.122 393.06 0.135272 327.835 453.903 0.718188 339.134 493.707 0.667301 347.917 530.656 0.237946 283.925 462.63 0.78052 298.459 525.859 0.782722 316.079 585.423 0.781619 0 0 0 0 0 0 291.519 319.147 0.92336 260.429 325.9 0.466176 0
4 1 38 0 0 0 283.687 356.714 0.901725 320.456 352.175 0.860312 347.585 398.497 0.832652 333.002 408.911 0.20911 247.368 358.896 0.905657 237.842 394.358 0.714384 257.077 385.879 0.150579 329.125 446.941 0.719257 339.356 485.453 0.667766 348.998 522.17 0.235986 285.44 455.452 0.780788 298.452 517.812 0.778733 314.78 576.958 0.779472 0 0 0 0 0 0 293.476 313.486 0.918897 262.391 319.596 0.452994 0
4 1 39 0 0 0 285.42 350.189 0.972178 321.974 345.863 0.859971 348.674 391.961 0.908563 333.011 401.086 0.127651 249.106 352.372 0.877929 239.794 389.354 0.764391 259.299 381.857 0.1 330.202 440.636 0.768922 339.572 480.016 0.414651 349.206 516.096 0.75163 286.311 448.489 0.811771 298.88 509.342 0.789067 313.913 567.184 0.856794 0 0 0 0 0 0 295.21 306.973 0.864239 264.342 313.719 0.355028 0
4 1 40 0 0 0 287.154 344.53 0.954043 323.282 339.78 0.821096 349.762 385.435 0.873651 333.449 393.697 0.156595 250.848 346.499 0.916774 242.395 384.789 0.831253 262.01 380.114 0.115896 331.276 434.555 0.781268 339.791 475.24 0.328337 348.99 511.542 0.1 287.61 441.751 0.838437 299.743 501.296 0.798219 313.047 557.839 0.79774 0 0 0 0 0 0 296.734 300.685 0.875127 266.29 308.061 0.348188 0
4 1 41 0 0 0 288.458 338.228 0.958456 324.149 333.256 0.824508 350.208 378.911 0.898979 333.659 386.96 0.228925 252.573 340.855 0.911618 244.57 381.317 0.845788 264.995 380.44 0.136088 331.922 428.464 0.761358 340.232 473.289 0.685832 348.774 511.533 0.777838 288.257 435.229 0.816138 300.183 492.61 0.733056 312.403 547.837 0.837142 0 0 0 0 0 0 297.832 295.036 0.875934 267.81 302.189 0.488719 0
4 1 42 0 0 0 288.902 331.494 0.918391 324.79 326.512 0.814099 350.433 371.515 0.933511 333.878 379.349 0.226128 253.877 334.341 0.923369 246.954 377.835 0.881449 266.964 382.616 0.228173 332.346 421.507 0.712405 338.937 466.552 0.730264 348.116 510.671 0.798293 288.683 428.045 0.784783 300.412 482.175 0.739041 312.404 535.663 0.847757 0 0 0 0 0 0 298.478 288.517 0.907602 269.112 296.318 0.459234 0
4 1 43 0 0 0 289.343 324.535 0.955623 325.22 319.125 0.817314 350.662 363.688 0.909857 334.101 371.744 0.186769 255.179 327.604 0.931224 249.126 373.282 0.834035 268.704 384.791 0.599823 332.348 413.906 0.738579 337.643 459.585 0.825585 347.242 509.576 0.789718 288.908 420.855 0.825817 300.627 470.443 0.81876 312.611 521.965 0.842645 0 0 0 0 0 0 299.124 281.783 0.887537 270.411 290.226 0.413713 0
4 1 44 0 0 0 289.558 317.802 0.955704 325.227 312.174 0.816926 350.67 356.51 0.90917 334.317 365.873 0.189406 256.048 321.734 0.932361 250.206 369.148 0.832208 267.62 386.306 0.58424 332.132 406.738 0.737677 337.87 455.893 0.826677 346.81 509.137 0.789836 289.134 413.25 0.824713 301.931 462.178 0.811324 313.261 506.961 0.843386 0 0 0 0 0 0 299.338 275.909 0.886125 270.843 283.712 0.406858 0
4 1 45 0 0 0 289.559 311.083 0.918317 325.012 305.639 0.840449 350.666 349.122 0.969518 334.541 360.64 0.248408 256.266 316.083 0.888226 251.288 365.438 0.83433 264.573 386.74 0.641253 331.703 400.003 0.773967 338.097 452.847 0.831298 346.056 508.478 0.769706 289.35 406.722 0.798688 304.319 454.991 0.766446 314.35 493.053 0.777475 0 0 0 0 0 0 298.69 270.453 0.912671 270.841 277.627 0.439513 0
4 1 46 0 0 0 289.546 305.878 0.968309 324.154 300.213 0.8191 350.458 343.259 0.916969 334.545 356.938 0.391502 256.27 311.738 0.881458 251.503 361.962 0.755618 260.662 387.19 0.753783 331.273 394.999 0.747968 338.096 449.585 0.83789 345.197 507.822 0.798952 289.355 401.724 0.812117 307.137 450.419 0.732205 316.307 483.062 0.831311 0 0 0 0 0 0 297.823 266.307 0.892272 270.624 272.845 0.509913 0
4 1 47 0 0 0 289.332 301.093 0.930279 323.283 295.214 0.845002 350.028 338.033 0.937011 334.538 353.461 0.589479 256.273 306.968 0.893807 251.285 358.273 0.792496 256.958 387.843 0.832519 330.628 389.784 0.7511 338.104 446.535 0.778646 344.547 506.525 0.752436 289.363 396.934 0.766675 309.528 446.942 0.567089 318.04 474.356 0.776083 0 0 0 0 0 0 296.742 261.528 0.906221 269.965 268.71 0.511012 0
4 1 48 0 0 0 289.104 297.181 0.926182 322.412 290.868 0.863849 349.371 333.69 0.925525 334.746 350.641 0.509244 256.059 303.494 0.872738 250.854 355.012 0.840955 253.476 386.974 0.774109 329.764 385.225 0.778393 337.898 441.965 0.781332 343.68 503.905 0.850782 289.357 393.027 0.779835 309.973 442.808 0.613883 318.909 466.963 0.321637 0 0 0 0 0 0 295.446 258.043 0.919517 268.663 265.437 0.458558 0
4 1 49 0 0 0 288.67 292.179 0.947566 321.533 285.869 0.855558 348.067 328.049 0.910868 334.311 347.159 0.670976 255.847 298.926 0.852605 250.424 350.009 0.841451 250.227 383.927 0.863147 328.472 379.355 0.778691 337.672 435.869 0.748676 342.823 498.672 0.78432 289.137 387.808 0.77417 309.971 436.722 0.662063 319.998 459.782 0.251559 0 0 0 0 0 0 294.14 254.11 0.911811 267.37 260.866 0.46564 0
4 1 50 0 0 0 288.228 287.833 0.947372 320.655 280.88 0.853906 346.76 322.824 0.909581 333.234 342.816 0.65367 255.418 294.148 0.852378 249.773 344.577 0.840017 247.408 379.793 0.860621 326.965 373.49 0.776845 337.225 428.479 0.746467 341.959 491.726 0.781512 288.277 381.729 0.774179 308.886 429.977 0.664462 320.649 453.254 0.253801 0 0 0 0 0 0 292.841 249.337 0.91112 265.869 256.943 0.468499 0
4 1 51 0 0 0 286.926 282.824 0.952103 319.351 276.094 0.828789 345.232 317.611 0.915445 331.718 338.474 0.576436 254.328 289.147 0.869775 248.92 339.8 0.829637 247.611 373.921 0.876703 325.44 367.623 0.743743 336.345 421.303 0.77117 341.095 483.243 0.780576 286.977 376.297 0.810897 307.8 424.541 0.671896 320.644 448.036 0.320679 0 0 0 0 0 0 291.753 244.986 0.909921 264.566 252.151 0.551338 0
4 1 52 0 0 0 285.627 278.042 0.887688 318.257 271.951 0.88265 343.702 312.83 0.865962 329.995 334.336 0.628136 253.241 284.37 0.867116 248.279 336.096 0.798788 248.043 368.257 0.869222 324.338 362.405 0.77778 335.464 414.562 0.834463 340.44 474.774 0.84399 285.879 371.079 0.782301 306.94 420.62 0.519664 320.432 444.344 0.632103 0 0 0 0 0 0 290.666 240.849 0.977022 263.267 247.579 0.579458 0
4 1 53 0 0 0 284.329 273.904 0.946165 317.374 267.173 0.858092 342.171 308.05 0.892323 328.48 329.55 0.592611 251.941 279.586 0.846813 247.411 331.316 0.79153 249.782 360.862 0.807397 323.24 357.394 0.77823 334.156 408.038 0.871367 339.566 466.072 0.817129 284.569 366.073 0.769213 305.202 415.188 0.645039 320.205 443.256 0.81751 0 0 0 0 0 0 289.792 236.07 0.945426 261.961 243.441 0.399262 0
4 1 54 0 0 0 282.817 268.681 0.889531 316.062 261.964 0.853948 340.437 303.054 0.923352 326.743 323.903 0.682045 250.432 273.715 0.85724 246.322 324.585 0.878303 252.604 350.429 0.892295 321.929 351.31 0.790486 332.627 401.081 0.857623 338.912 456.518 0.818343 283.045 360.203 0.732652 302.816 408.892 0.736501 319.341 441.953 0.8725 0 0 0 0 0 0 289.128 230.862 0.930171 260.66 238.223 0.531949 0
4 1 55 0 0 0 281.304 263.446 0.932914 314.541 256.739 0.832861 338.699 297.84 0.926932 324.785 317.182 0.417884 248.924 267.624 0.853187 245.234 317.62 0.87127 255.213 339.548 0.29197 320.623 345.659 0.744079 331.535 394.775 0.763322 338.257 446.3 0.84258 281.733 354.553 0.765657 300.864 403.675 0.71277 318.685 440.866 0.866146 0 0 0 0 0 0 288.464 225.647 0.87449 259.365 232.797 0.49819 0
4 1 56 0 0 0 279.996 258.224 0.933434 313.238 251.739 0.83505 337.175 292.839 0.927097 322.841 311.094 0.408797 247.418 262.176 0.852348 243.926 309.374 0.876411 258.13 327.851 0.298841 319.746 340.656 0.742478 330.877 389.778 0.754593 337.497 438.471 0.841851 280.639 349.131 0.768806 299.116 399.327 0.707971 318.685 442.397 0.861273 0 0 0 0 0 0 288.023 220.861 0.872095 258.714 227.576 0.487947 0
4 1 57 0 0 0 278.708 253.231 0.882082 312.158 247.174 0.820832 336.085 288.268 0.948983 320.674 305.657 0.356469 246.334 256.74 0.901859 243.049 301.758 0.877241 261.133 316.411 0.339212 319.087 335.872 0.784939 329.994 385.868 0.756429 336.85 433.475 0.85559 279.348 344.339 0.758439 298.459 396.279 0.771835 317.168 441.962 0.839666 0 0 0 0 0 0 287.795 216.076 0.898324 258.494 222.371 0.612996 0
4 1 58 0 0 0 277.626 249.328 0.9486 311.085 243.261 0.847439 335.64 284.995 0.913953 319.148 300.879 0.328263 245.25 252.398 0.881418 242.17 295.884 0.937731 263.989 306.761 0.225056 318.856 332.399 0.747862 329.133 383.486 0.747231 336.196 431.095 0.831475 278.273 340.859 0.776334 298.25 395.186 0.755736 315.64 441.531 0.602502 0 0 0 0 0 0 287.58 211.738 0.919874 258.264 218.465 0.484002 0
4 1 59 0 0 0 276.769 244.977 0.95402 310.229 239.566 0.840831 335.194 281.51 0.884235 318.278 296.744 0.178597 244.598 248.261 0.90398 241.945 290.651 0.908649 266.717 298.02 0.173491 318.843 329.144 0.76691 327.626 381.964 0.547697 334.223 425.877 0.556843 278.054 338.029 0.771003 298.9 394.098 0.777538 314.339 439.801 0.384065 0 0 0 0 0 0 287.578 208.033 0.897568 258.253 214.128 0.496757 0
4 1 60 0 0 0 276.769 241.514 0.934764 309.795 236.524 0.817871 334.977 278.464 0.91816 317.628 293.049 0.178412 244.816 244.779 0.913877 241.928 285.208 0.850597 268.014 291.06 0.1 318.845 326.535 0.776139 326.763 380.655 0.726389 332.494 420.659 0.1 278.273 334.983 0.781138 298.894 392.792 0.824393 313.046 437.624 0.267957 0 0 0 0 0 0 287.582 204.99 0.866028 258.255 210.67 0.53056 0
4 1 61 0 0 0 276.768 237.387 0.903768 309.148 232.181 0.806812 334.547 274.538 0.906421 316.966 288.268 0.164287 245.253 240.638 0.914846 241.911 279.116 0.863342 269.104 284.108 0.1 318.639 322.618 0.780355 325.894 377.621 0.694175 330.762 416.746 0.148861 278.278 330.214 0.776026 298.036 389.314 0.789656 311.957 434.794 0.242705 0 0 0 0 0 0 287.581 200.861 0.905353 258.469 206.763 0.589606 0
4 1 62 0 0 0 276.554 232.823 0.903 308.291 228.26 0.807128 334.116 269.546 0.90819 316.308 284.141 0.16343 245.468 236.507 0.913268 241.912 274.55 0.864362 269.75 278.677 0.1 318.21 317.844 0.779747 325.234 372.616 0.692522 329.248 411.753 0.151546 278.069 325.651 0.774456 296.731 383.446 0.791345 310.236 429.572 0.238292 0 0 0 0 0 0 287.575 197.167 0.907036 258.475 202.633 0.599559 0
4 1 63 0 0 0 276.555 228.908 0.873378 307.866 223.488 0.83343 333.886 264.762 0.940112 315.003 278.707 0.195657 245.891 232.595 0.855809 241.918 271.506 0.877032 268.454 276.284 0.1 317.354 313.486 0.820489 324.589 368.048 0.751703 327.728 407.832 0.18645 277.85 320.658 0.726852 295.205 377.354 0.70222 308.491 422.826 0.375807 0 0 0 0 0 0 287.154 192.608 0.976216 258.471 198.504 0.693643 0
4 1 64 0 0 0 276.556 225.005 0.911961 307.649 218.931 0.8461 333.66 260.195 0.914091 313.921 274.346 0.344137 246.314 228.904 0.855537 241.925 268.694 0.8834 267.373 274.539 0.149083 316.493 308.697 0.778418 323.507 362.837 0.678018 326.209 404.574 0.410659 277.42 315.447 0.765348 293.245 370.184 0.688267 306.535 415.864 0.465192 0 0 0 0 0 0 286.939 188.057 0.992152 258.461 194.581 0.541283 0
4 1 65 0 0 0 276.343 220.443 0.855035 307.215 214.57 0.82372 333.227 255.193 0.928397 313.704 269.999 0.483837 246.734 225.204 0.861876 242.142 266.072 0.900729 264.894 273.408 0.409696 315.411 303.046 0.787907 321.983 355.875 0.738486 324.804 399.142 0.510448 276.771 309.788 0.760202 290.653 361.494 0.790324 303.493 405.86 0.654248 0 0 0 0 0 0 286.072 183.714 0.931778 258.244 190.667 0.592728 0
4 1 66 0 0 0 276.118 215.649 0.905359 306.566 209.781 0.868648 332.58 249.546 0.9119 313.489 265.003 0.537553 246.735 220.851 0.830889 242.152 262.607 0.887869 261.689 272.443 0.394573 314.113 297.601 0.706744 320.888 348.702 0.726322 323.502 391.095 0.693814 276.327 303.706 0.744529 288.263 352.804 0.771976 301.972 397.379 0.824634 0 0 0 0 0 0 284.775 179.571 0.943956 257.818 186.095 0.618944 0
4 1 67 0 0 0 275.883 210.649 0.89226 305.902 204.558 0.847556 331.494 243.683 0.918321 313.484 260.007 0.249778 246.73 216.282 0.871843 242.162 259.13 0.843802 258.389 271.874 0.331056 312.604 291.72 0.750523 319.794 341.302 0.873907 322.41 383.054 0.807434 275.679 296.974 0.751753 285.445 343.679 0.732301 300.233 387.817 0.850095 0 0 0 0 0 0 283.47 175.214 0.795194 257.174 181.307 0.61104 0
4 1 68 0 0 0 275.225 206.509 0.89238 304.811 199.554 0.846099 329.982 238.045 0.916906 312.614 255.437 0.240678 246.292 211.931 0.87098 241.944 255.873 0.84209 254.14 272.139 0.339173 311.086 286.281 0.755676 319.563 335.434 0.869668 322.422 380.865 0.803704 274.803 291.32 0.748182 283.055 337.817 0.730448 297.836 379.556 0.847051 0 0 0 0 0 0 281.94 170.862 0.793423 256.092 176.96 0.609609 0
4 1 69 0 0 0 274.564 202.59 0.881476 303.722 194.564 0.900092 328.461 233.473 0.900208 311.534 251.094 0.490249 245.638 208.031 0.840883 241.723 252.832 0.821472 249.588 273.007 0.767528 309.569 280.848 0.733939 319.121 330.004 0.842319 322.411 380.212 0.776283 273.926 286.104 0.754592 281.1 331.951 0.782168 295.657 370.429 0.915797 0 0 0 0 0 0 280.406 166.728 0.896608 254.999 173.253 0.630879 0
4 1 70 0 0 0 273.904 199.333 0.946149 302.637 190.874 0.845389 327.149 229.573 0.916411 310.674 247.83 0.647945 244.762 204.787 0.823714 241.5 250.44 0.85614 245.245 273.665 0.78232 308.26 276.717 0.760169 318.687 326.092 0.806067 322.404 378.253 0.72202 273.262 282.402 0.738527 279.785 328.041 0.725235 293.273 361.956 0.873727 0 0 0 0 0 0 278.877 163.679 0.927492 253.695 169.994 0.587391 0
4 1 71 0 0 0 272.596 196.291 0.941938 301.102 187.607 0.826297 325.623 226.524 0.877703 309.586 244.783 0.701389 243.891 201.752 0.83674 241.055 247.615 0.871031 241.119 273.891 0.82808 306.948 273.242 0.773104 318.253 324.147 0.826944 322.187 377.163 0.726876 272.384 279.146 0.788194 279.568 326.95 0.773129 291.738 355.653 0.951836 0 0 0 0 0 0 276.929 160.413 0.862209 251.947 167.171 0.633975 0
4 1 72 0 0 0 270.864 193.472 0.918127 299.354 185.429 0.834787 323.668 223.488 0.886742 309.148 243.473 0.710756 243.019 199.787 0.875764 240.188 244.566 0.899231 237.856 273.452 0.802702 305.427 269.983 0.826826 317.159 320.892 0.844184 321.965 375.203 0.811445 271.292 276.317 0.803247 278.485 323.476 0.762064 290.21 350.661 0.197772 0 0 0 0 0 0 274.97 158.236 0.85976 250.005 165.427 0.640487 0
4 1 73 0 0 0 268.906 190.212 0.910893 297.38 182.377 0.842837 320.636 220.006 0.891768 308.699 240.872 0.567758 241.715 196.958 0.888051 238.672 240.647 0.895223 234.383 271.951 0.789286 303.247 265.641 0.814465 315.413 316.112 0.840376 321.309 371.071 0.880374 269.549 272.615 0.840294 276.958 319.344 0.601029 288.682 345.871 0.484508 0 0 0 0 0 0 272.159 155.617 0.811859 248.045 162.39 0.64477 0
4 1 74 0 0 0 266.948 187.605 0.909672 295.202 178.918 0.841824 317.597 216.961 0.887891 306.957 238.049 0.585945 239.764 193.925 0.890083 236.954 237.822 0.892197 232.219 270.211 0.787194 301.069 261.947 0.813398 313.025 311.986 0.846306 320.217 366.5 0.884323 267.598 268.918 0.838461 275.432 315.861 0.597828 287.588 341.739 0.493374 0 0 0 0 0 0 269.774 152.573 0.808176 245.436 159.353 0.645508 0
4 1 75 0 0 0 264.774 184.14 0.827637 292.368 175.666 0.891962 314.555 213.485 0.883267 304.35 235.648 0.484445 237.596 190.881 0.860735 235.211 234.773 0.839198 230.685 266.958 0.764546 298.671 258.246 0.794047 309.989 307.416 0.8327 318.471 361.51 0.878928 265.213 264.797 0.797768 273.261 312.378 0.713733 286.71 338.258 0.238826 0 0 0 0 0 0 267.604 149.105 0.829358 242.615 155.885 0.658028 0
4 1 76 0 0 0 262.61 180.882 0.849732 289.551 172.847 0.920163 311.95 210.223 0.885941 301.534 233.249 0.541976 235.435 188.053 0.863278 233.466 231.736 0.785019 229.162 263.698 0.786069 296.483 254.979 0.797174 306.953 303.068 0.862752 316.517 356.511 0.956704 263.031 261.325 0.751633 271.517 309.328 0.542591 286.053 335.641 0.783175 0 0 0 0 0 0 265.44 145.85 0.790814 240.011 152.633 0.64259 0
4 1 77 0 0 0 260.435 177.422 0.948438 286.939 170.027 0.866204 309.556 207.169 0.914058 299.364 230.423 0.552229 233.477 184.792 0.782187 231.298 228.479 0.86455 228.513 259.134 0.856545 294.089 251.283 0.763819 303.706 297.413 0.885843 314.768 349.775 0.781346 260.856 257.624 0.812477 269.564 304.112 0.773194 285.622 333.244 0.843867 0 0 0 0 0 0 263.489 142.814 0.751047 237.832 149.371 0.590735 0
4 1 78 0 0 0 257.4 173.723 0.919428 284.117 166.55 0.880306 306.521 202.832 0.883649 297.176 227.151 0.558232 231.091 181.295 0.831069 228.479 224.776 0.902358 228.507 251.74 0.87499 291.271 247.156 0.838801 300.654 291.977 0.877698 312.372 343.025 0.827618 258.254 253.716 0.800681 267.833 299.756 0.762693 284.967 333.017 0.828631 0 0 0 0 0 0 261.322 139.124 0.884711 235.444 145.677 0.706885 0
4 1 79 0 0 0 254.154 169.376 0.906636 281.295 163.061 0.844039 303.268 198.697 0.914296 294.554 223.464 0.563422 228.485 177.58 0.853204 225.237 219.999 0.834817 228.508 244.125 0.712134 288.231 242.815 0.781404 297.597 286.533 0.858483 309.328 335.636 0.848721 255.219 249.371 0.775644 266.092 294.971 0.780052 284.309 332.579 0.838984 0 0 0 0 0 0 258.934 135.004 0.973834 233.043 141.976 0.607032 0
4 1 80 0 0 0 251.766 165.46 0.905836 279.125 159.379 0.843756 300.024 195.004 0.910402 292.6 220.21 0.566792 225.879 173.659 0.851668 222.199 214.988 0.837435 228.938 235.201 0.724422 285.419 238.902 0.778294 294.331 281.964 0.861184 305.417 329.768 0.850341 252.614 245.451 0.774527 263.483 289.756 0.781946 283.227 331.715 0.841035 0 0 0 0 0 0 256.329 131.317 0.973421 231.098 138.275 0.60561 0
4 1 81 0 0 0 249.802 161.765 0.891328 277.168 155.9 0.846139 297.205 191.737 0.849576 290.425 216.95 0.415776 223.276 169.534 0.869663 219.376 210.414 0.823319 229.324 226.85 0.523127 283.027 235.432 0.747837 290.853 279.133 0.850118 300.861 324.992 0.886892 250.232 242.184 0.78097 261.735 287.798 0.780042 282.145 331.059 0.811729 0 0 0 0 0 0 254.158 127.844 0.934531 229.356 134.582 0.668738 0
4 1 82 0 0 0 248.065 158.51 0.848432 275.436 153.294 0.903075 295.462 188.917 0.789448 288.469 214.983 0.325397 221.106 166.273 0.853414 217.201 206.71 0.86908 229.659 219.057 0.183499 281.297 233.039 0.730566 288.03 277.611 0.831477 296.74 322.385 0.800065 248.501 239.575 0.757579 260.435 286.494 0.762193 281.068 330.201 0.741134 0 0 0 0 0 0 252.634 124.811 0.82847 227.631 132.182 0.685273 0
4 1 83 0 0 0 246.53 155.464 0.883229 273.912 151.317 0.923222 293.935 186.319 0.841991 286.299 211.94 0.332084 219.37 162.801 0.839903 215.224 202.579 0.874192 229.739 210.977 0.306452 279.784 231.082 0.759598 285.849 276.095 0.796852 293.472 320.433 0.747145 246.982 237.189 0.767015 259.561 285.192 0.766467 279.989 329.115 0.709425 0 0 0 0 0 0 251.112 122.428 0.841743 226.754 129.567 0.725443 0
4 1 84 0 0 0 245.019 153.506 0.923959 273.043 149.566 0.924507 292.623 184.587 0.856972 284.561 208.465 0.439991 218.056 159.983 0.826139 213.475 199.317 0.942014 229.567 204.331 0.143531 278.492 229.132 0.766942 284.114 275.45 0.717471 290.432 319.981 0.487103 245.89 235.447 0.75669 259.131 283.898 0.723706 278.911 328.029 0.640865 0 0 0 0 0 0 249.801 120.689 0.840536 226.095 127.823 0.654694 0
4 1 85 0 0 0 243.491 151.111 0.939851 271.524 146.737 0.925472 291.091 182.626 0.865488 283.032 205.209 0.325668 216.52 156.944 0.814271 211.726 196.269 0.876036 229.136 197.383 0.1 277.188 226.104 0.785447 282.373 273.279 0.709676 287.387 317.583 0.548087 244.588 233.477 0.740555 257.825 281.727 0.731707 276.737 324.987 0.660734 0 0 0 0 0 0 248.278 118.296 0.809281 224.999 125.645 0.670699 0
4 1 86 0 0 0 241.971 148.066 0.940246 270.005 144.118 0.925489 289.351 179.812 0.863333 282.158 202.818 0.341398 214.79 154.329 0.813966 210.209 193.008 0.873405 228.689 191.516 0.1 275.874 223.286 0.783465 280.417 270.669 0.70208 283.91 313.894 0.541454 243.068 230.873 0.74219 255.859 278.245 0.732166 274.139 320.423 0.668298 0 0 0 0 0 0 246.543 115.681 0.810841 223.267 123.474 0.674189 0
4 1 87 0 0 0 240.879 145.027 0.959232 268.273 141.286 0.899287 287.392 177.415 0.860128 280.859 200.858 0.174271 213.48 151.079 0.837665 209.117 189.753 0.829429 226.74 189.349 0.1 274.128 220.456 0.790164 278.244 267.189 0.672355 280.873 309.773 0.511632 241.112 227.601 0.777831 253.027 273.035 0.721866 271.311 314.343 0.673705 0 0 0 0 0 0 245.015 113.066 0.89761 221.53 120.438 0.651768 0
4 1 88 0 0 0 239.999 142.636 0.960397 266.749 138.467 0.871476 285.65 175.022 0.895808 279.786 199.111 0.136017 212.391 148.049 0.875929 208.452 187.576 0.85184 224.785 187.603 0.1 272.394 217.841 0.783383 276.075 263.716 0.707688 278.483 306.078 0.550145 239.588 224.764 0.815099 250.206 268.255 0.747817 268.486 308.471 0.761047 0 0 0 0 0 0 243.707 110.881 0.865705 219.805 117.41 0.669824 0
4 1 89 0 0 0 238.692 140.246 0.892695 265.218 135.418 0.835984 283.902 172.191 0.833286 278.275 196.285 0.182998 211.723 145.229 0.920855 207.581 185.627 0.877086 221.964 187.606 0.177691 270.229 214.362 0.79849 273.476 259.15 0.75617 276.957 301.949 0.543515 237.845 220.636 0.826186 246.942 263.038 0.691133 264.792 302.599 0.644423 0 0 0 0 0 0 242.617 108.483 0.809447 218.273 114.577 0.669116 0
4 1 90 0 0 0 236.959 137.191 0.867168 263.477 131.949 0.860381 282.151 168.708 0.745597 277.195 193.253 0.483206 210.421 142.398 0.885384 206.278 183.46 0.857818 219.175 188.122 0.200559 268.484 210.671 0.776879 272.604 254.802 0.721306 276.093 298.045 0.655937 236.105 216.513 0.709328 243.481 257.39 0.709955 260.874 296.737 0.699096 0 0 0 0 0 0 240.872 105.219 0.841371 216.527 111.528 0.759641 0
4 1 91 0 0 0 235.216 133.922 0.893587 261.522 128.472 0.867447 280.201 164.795 0.828221 276.116 190.002 0.598373 208.899 139.355 0.892887 204.763 180.423 0.871221 215.788 188.734 0.467626 266.524 206.975 0.727422 271.299 250.453 0.76405 275.229 294.14 0.71598 234.353 212.389 0.734451 240.009 251.525 0.736041 256.306 290.436 0.850048 0 0 0 0 0 0 238.911 101.949 0.846013 214.569 108.267 0.815215 0
4 1 92 0 0 0 233.261 130.454 0.893728 258.701 124.994 0.865672 278.027 161.088 0.830551 275.237 187.814 0.606932 207.16 136.527 0.891422 203.253 177.812 0.871181 212.219 189.652 0.456053 264.343 203.061 0.728081 269.569 246.529 0.754341 273.933 290.665 0.720197 232.387 208.474 0.732149 236.326 245.874 0.736166 250.858 283.272 0.851041 0 0 0 0 0 0 236.739 98.6846 0.843692 211.756 105.439 0.814738 0
4 1 93 0 0 0 231.292 127.192 0.855791 255.668 121.524 0.900822 275.638 157.59 0.85651 274.789 186.286 0.771978 205.21 133.91 0.879388 201.74 175.422 0.809881 208.709 191.079 0.659458 262.164 198.714 0.770982 267.822 242.178 0.776218 273.061 287.192 0.836777 230.421 204.552 0.727506 232.845 240.442 0.785716 245.625 276.311 0.861591 0 0 0 0 0 0 234.557 95.4283 0.708526 208.926 102.825 0.825768 0
4 1 94 0 0 0 229.339 124.367 0.883032 253.284 119.133 0.92666 273.47 154.321 0.84708 274.141 184.542 0.738888 203.482 131.515 0.828586 200.228 172.819 0.699919 205.656 192.807 0.778194 259.999 195.445 0.768354 266.081 239.357 0.800681 272.193 285.667 0.824899 228.667 200.859 0.759352 230.239 235.886 0.717837 241.488 271.305 0.85869 0 0 0 0 0 0 232.587 92.8263 0.781378 206.534 100.646 0.799526 0
4 1 95 0 0 0 226.514 122.402 0.916769 250.885 116.961 0.894582 270.651 151.495 0.886034 270.88 180.632 0.754987 201.734 129.561 0.799951 198.488 170.435 0.781437 202.176 194.097 0.795891 257.4 191.953 0.772952 264.769 236.303 0.760579 271.973 284.364 0.833569 226.063 197.377 0.795907 228.072 231.972 0.69964 238.004 267.397 0.748511 0 0 0 0 0 0 229.97 90.6567 0.749008 204.364 98.4735 0.777888 0
4 1 96 0 0 0 223.912 120.87 0.947707 248.702 115.439 0.885682 268.484 149.108 0.884214 268.054 177.149 0.578076 199.779 128.47 0.799465 196.535 168.489 0.859399 198.914 194.313 0.680861 255.231 189.343 0.787528 263.254 234.55 0.809641 271.743 283.283 0.877722 223.902 194.997 0.832385 226.552 230.229 0.665169 234.96 265.217 0.710672 0 0 0 0 0 0 226.942 89.134 0.822193 202.401 97.5943 0.759809 0
4 1 97 0 0 0 221.079 118.908 0.913183 245.432 113.051 0.902332 265.881 145.846 0.844269 264.789 173.237 0.582869 196.749 126.52 0.830549 193.934 165.882 0.851169 195.424 193.022 0.764673 252.824 186.078 0.758993 260.436 231.286 0.803483 270.23 280.448 0.847761 221.515 191.536 0.791777 223.949 227.624 0.702702 231.919 262.827 0.710147 0 0 0 0 0 0 223.473 87.182 0.801025 199.35 95.8516 0.780583 0
4 1 98 0 0 0 218.473 116.736 0.912422 241.972 111.09 0.902991 263.492 143.017 0.846215 261.302 169.324 0.623286 193.513 124.566 0.828682 191.331 163.058 0.850372 192.159 191.509 0.775258 250.64 183.245 0.761236 258.056 228.234 0.805746 268.71 276.107 0.851538 219.332 189.14 0.792568 221.782 225.014 0.70256 229.747 260.649 0.716457 0 0 0 0 0 0 220.424 85.2211 0.803442 196.099 93.9114 0.780717 0
4 1 99 0 0 0 215.644 114.565 0.930252 238.705 109.127 0.905713 260.241 140.835 0.884204 257.813 165.622 0.315366 190.691 122.179 0.855238 188.931 160.023 0.782286 188.911 188.478 0.605352 247.171 179.975 0.765868 254.801 223.666 0.805916 266.743 270.877 0.79176 216.285 186.095 0.75197 220.029 222.619 0.676175 228.008 258.675 0.863348 0 0 0 0 0 0 217.814 83.2657 0.733566 192.851 91.5336 0.720428 0
4 1 100 0 0 0 212.825 112.608 0.953853 235.653 107.173 0.847616 257.189 139.082 0.875478 254.115 162.137 0.452221 188.089 120.004 0.82263 186.743 157.858 0.74596 186.52 185.653 0.626754 243.915 176.713 0.762092 251.974 219.312 0.858087 264.775 265.65 0.835822 213.457 183.264 0.77089 218.283 220.443 0.68481 226.916 257.138 0.833818 0 0 0 0 0 0 215.422 81.3173 0.75926 189.815 89.5764 0.71695 0
4 1 101 0 0 0 210.004 110.857 0.897848 233.274 105.223 0.880902 254.151 137.342 0.858143 250.647 158.666 0.584319 185.903 118.047 0.824448 184.35 156.121 0.723919 184.78 182.171 0.795684 240.879 173.894 0.72494 249.571 214.971 0.861691 262.383 260.42 0.841611 210.63 180.875 0.84899 216.756 218.492 0.824487 226.712 256.905 0.917053 0 0 0 0 0 0 213.241 79.3636 0.681429 187.631 86.9766 0.726299 0
4 1 102 0 0 0 206.97 108.89 0.84971 231.299 103.049 0.919264 251.328 135.606 0.875507 248.481 155.398 0.368054 183.509 115.448 0.849668 181.097 153.725 0.733371 183.248 176.952 0.710314 237.836 171.512 0.739799 247.176 211.274 0.864359 259.129 255.202 0.859773 207.394 178.059 0.836506 215.235 216.744 0.808106 226.51 256.475 0.910248 0 0 0 0 0 0 210.638 77.1854 0.756567 185.465 84.1541 0.790761 0
4 1 103 0 0 0 203.93 106.499 0.876563 229.116 100.438 0.909075 248.297 133.443 0.877162 245.656 151.706 0.539605 181.106 112.631 0.854906 177.632 150.463 0.766786 181.735 170.65 0.683714 234.797 169.127 0.772408 244.565 207.572 0.845857 255.652 249.55 0.874742 204.155 175.243 0.741237 213.705 214.994 0.87089 226.31 256.041 0.873257 0 0 0 0 0 0 207.819 74.7934 0.736266 183.294 81.3259 0.75732 0
4 1 104 0 0 0 201.964 103.681 0.875629 226.948 97.6146 0.910273 246.542 131.704 0.874204 245.868 149.969 0.55341 178.503 109.378 0.853236 174.589 146.972 0.764686 179.135 160.666 0.677276 232.405 167.175 0.769509 241.083 205.841 0.85038 251.091 246.939 0.876607 201.985 172.853 0.739278 212.389 213.914 0.866283 226.092 255.821 0.869733 0 0 0 0 0 0 205.645 72.3987 0.737644 181.536 78.5053 0.758382 0
4 1 105 0 0 0 200.013 100.863 0.894856 224.778 95.0122 0.90532 244.801 130.391 0.884013 245.869 148.026 0.35428 176.118 106.337 0.849899 171.977 143.475 0.809494 177.39 150.667 0.44067 230.441 165.218 0.751545 237.611 204.324 0.740545 246.535 244.975 0.810229 200.241 170.459 0.738069 211.289 212.619 0.827097 226.086 255.608 0.791167 0 0 0 0 0 0 203.895 70.0104 0.736838 179.787 75.6858 0.823916 0
4 1 106 0 0 0 198.292 98.4747 0.910467 223.694 93.2752 0.86489 243.498 129.747 0.858077 246.08 146.508 0.405686 174.809 104.156 0.85006 170.013 140.637 0.845822 175.872 141.972 0.236646 228.924 163.918 0.788831 235.642 204.322 0.711481 243.264 244.98 0.790856 198.722 169.146 0.781684 211.074 212.187 0.844279 226.077 255.607 0.780362 0 0 0 0 0 0 202.586 68.051 0.733963 179.126 73.7295 0.812829 0
4 1 107 0 0 0 196.974 96.3005 0.900391 223.025 91.5443 0.854124 242.191 129.093 0.841118 246.732 145.421 0.423342 173.924 101.977 0.849176 168.262 137.804 0.881853 174.354 133.282 0.16011 227.405 163.041 0.80514 233.675 204.114 0.694954 239.781 245.189 0.780017 197.209 167.631 0.798113 210.848 211.753 0.888405 225.858 255.172 0.825945 0 0 0 0 0 0 201.285 66.3135 0.74232 178.675 71.9884 0.805627 0
4 1 108 0 0 0 196.108 94.7774 0.899297 221.95 90.2286 0.855517 241.54 127.585 0.823537 247.172 144.336 0.376408 173.047 100.239 0.819094 166.956 135.626 0.916695 173.478 126.328 0.141487 226.961 162.179 0.82215 231.936 204.12 0.787494 236.529 245.192 0.670619 196.76 166.762 0.818312 210.407 211.316 0.802451 225.423 253.667 0.744201 0 0 0 0 0 0 199.991 65.2208 0.769045 178.438 70.8912 0.792665 0
4 1 109 0 0 0 195.233 92.8281 0.904835 220.65 88.4892 0.856784 240.237 125.848 0.82116 246.963 142.608 0.331385 171.742 97.6367 0.812812 165.646 133.232 0.893044 173.47 121.542 0.147131 226.087 160.446 0.831793 229.979 202.598 0.808121 233.265 243.448 0.628493 195.888 164.589 0.827675 208.669 209.144 0.815862 223.688 250.425 0.799049 0 0 0 0 0 0 198.686 63.4833 0.777889 177.993 68.7247 0.802506 0
4 1 110 0 0 0 194.57 90.8717 0.904997 219.333 86.5375 0.856572 238.713 123.89 0.822985 246.964 141.098 0.334877 170.441 95.2352 0.813099 164.55 130.837 0.893156 173.249 117.847 0.147677 224.999 158.695 0.830014 228.022 200.418 0.809339 230.424 240.63 0.629365 195.227 161.98 0.828021 206.713 206.093 0.81913 221.947 246.732 0.79847 0 0 0 0 0 0 197.594 61.9472 0.778023 177.346 66.7699 0.806442 0
4 1 111 0 0 0 194.126 88.4874 0.914408 217.824 83.9392 0.869388 236.978 120.647 0.784282 244.359 138.937 0.252635 169.567 93.0554 0.791737 164.115 128.007 0.860905 172.166 116.329 0.174591 223.474 155.65 0.790693 225.634 197.807 0.757382 228.247 237.597 0.554434 194.345 159.145 0.819647 204.744 202.395 0.772936 219.553 242.167 0.759588 0 0 0 0 0 0 196.729 60.2035 0.73705 176.473 64.8188 0.752097 0
4 1 112 0 0 0 193.686 86.313 0.932202 216.522 81.7757 0.870166 235.447 117.826 0.828322 242.178 136.76 0.505387 168.698 91.0895 0.797592 163.89 126.043 0.902124 171.076 115.689 0.155127 221.943 152.606 0.779724 223.46 195.2 0.767711 226.495 234.994 0.611062 193.465 156.101 0.819879 202.786 198.701 0.744772 217.158 237.608 0.756114 0 0 0 0 0 0 196.079 58.6734 0.749347 175.604 62.8726 0.769891 0
4 1 113 0 0 0 192.825 84.1338 0.968268 215.428 79.6127 0.876005 233.721 114.78 0.813713 239.142 133.929 0.563336 168.045 89.126 0.889582 163.666 124.31 0.914672 170.854 118.938 0.177596 220.219 149.353 0.797572 221.944 191.505 0.754196 225.835 231.082 0.764854 192.369 153.054 0.766548 200.622 194.988 0.813115 214.118 232.83 0.703384 0 0 0 0 0 0 195.429 56.5041 0.746365 174.316 61.1163 0.650473 0
4 1 114 0 0 0 191.52 81.7342 0.931439 214.332 77.42 0.870256 232.186 110.876 0.840206 236.529 130.669 0.621258 167.38 86.5218 0.908817 163.234 122.146 0.884738 170.202 122.194 0.191059 218.483 145.881 0.774395 220.632 186.734 0.789788 224.964 226.956 0.781559 190.636 149.367 0.740996 197.379 190.2 0.816545 210.645 227.612 0.727214 0 0 0 0 0 0 194.346 53.6887 0.731834 172.813 58.7141 0.640731 0
4 1 115 0 0 0 190.213 79.1322 0.858039 213.235 75.0214 0.902273 230.653 107.177 0.836302 234.141 127.401 0.443843 166.516 83.7004 0.869513 162.797 119.98 0.887966 169.331 125.455 0.500072 216.75 142.41 0.78806 219.126 181.961 0.858198 224.305 222.827 0.860966 189.104 145.887 0.715546 194.331 185.629 0.81373 206.957 222.181 0.856467 0 0 0 0 0 0 193.26 50.8688 0.703382 171.311 56.0934 0.668427 0
4 1 116 0 0 0 188.487 76.7408 0.852731 211.495 72.6216 0.907637 228.91 103.048 0.841058 230.879 124.352 0.361679 165.422 81.0886 0.870864 162.15 117.808 0.888714 168.241 128.918 0.465196 215.01 138.932 0.792905 218.043 177.179 0.849906 223.873 219.135 0.858686 187.366 142.399 0.72024 191.294 180.418 0.813089 203.259 215.886 0.854048 0 0 0 0 0 0 191.529 48.2642 0.685899 169.793 53.4779 0.651092 0
4 1 117 0 0 0 186.956 74.5598 0.846105 209.753 70.0201 0.930344 227.378 99.7887 0.87549 227.833 121.312 0.494149 164.541 78.4882 0.8582 160.853 115.413 0.848586 165.852 131.962 0.520119 213.266 135.67 0.802335 216.734 173.053 0.840282 223.429 215.879 0.868766 185.629 138.921 0.707051 188.473 175.636 0.789108 199.574 210.45 0.843989 0 0 0 0 0 0 189.996 45.8761 0.668157 168.07 50.6619 0.733172 0
4 1 118 0 0 0 185.433 72.8043 0.893622 208.237 67.8419 0.883159 226.497 96.7588 0.850136 225.22 119.123 0.580539 164.087 76.7507 0.849595 159.561 113.236 0.744117 162.596 132.835 0.695692 211.951 133.278 0.807855 215.643 170.454 0.820903 222.996 214.369 0.845919 184.104 136.748 0.784198 186.95 172.588 0.74907 197.396 206.956 0.898027 0 0 0 0 0 0 188.473 44.1329 0.603984 166.556 48.7074 0.642451 0
4 1 119 0 0 0 183.693 71.0611 0.899202 206.283 65.4534 0.887572 225.62 93.7323 0.812638 221.963 116.932 0.467066 162.573 75.0293 0.872353 158.051 111.064 0.71847 159.343 133.269 0.635766 210.634 130.68 0.800874 214.348 168.712 0.784073 222.569 213.946 0.816664 182.38 134.79 0.793993 185.641 170.192 0.714189 195.644 203.701 0.805734 0 0 0 0 0 0 186.527 42.1808 0.565137 164.599 46.7555 0.590859 0
4 1 120 0 0 0 181.949 69.7499 0.937931 204.327 63.9236 0.831052 224.311 91.7737 0.769076 220.009 114.539 0.426138 161.051 73.5125 0.851833 156.74 109.341 0.688781 156.949 132.835 0.517023 209.331 128.726 0.790335 213.7 166.964 0.77904 222.135 213.29 0.746196 181.287 133.266 0.869926 184.135 168.235 0.684161 194.339 201.536 0.776919 0 0 0 0 0 0 184.783 40.6574 0.590455 162.855 45.2215 0.614615 0
4 1 121 0 0 0 179.561 67.5812 0.941699 202.357 62.1674 0.840227 222.361 89.5971 0.795727 217.624 112.156 0.472405 159.105 71.7716 0.862685 155.217 107.395 0.739596 154.335 132.385 0.647298 207.381 126.547 0.780236 212.401 163.932 0.89173 220.844 211.104 0.818219 179.335 131.087 0.890572 182.613 165.848 0.708945 193.243 199.36 0.782724 0 0 0 0 0 0 182.821 38.7046 0.600601 160.901 43.4683 0.642149 0
4 1 122 0 0 0 177.386 66.058 0.943118 200.191 60.6347 0.841938 220.182 87.8566 0.798158 214.149 110.208 0.471486 157.365 70.2514 0.8653 153.69 105.66 0.738999 152.171 131.082 0.651459 205.42 124.587 0.77947 210.88 160.896 0.894408 219.553 208.054 0.823036 177.163 128.92 0.888716 181.084 163.468 0.713586 192.789 197.393 0.791707 0 0 0 0 0 0 180.648 37.3958 0.594271 159.152 41.7362 0.642441 0
4 1 123 0 0 0 175.633 64.3223 0.918213 198.022 58.9081 0.89452 217.799 86.3288 0.774734 210.461 108.247 0.438775 155.428 68.5081 0.830455 151.955 104.14 0.735668 150.659 128.91 0.758681 203.455 122.622 0.722626 209.139 158.496 0.899863 218.457 203.926 0.836672 175.418 127.168 0.845539 180.425 161.946 0.685665 192.353 195.653 0.829183 0 0 0 0 0 0 178.694 35.6496 0.632153 157.404 39.5633 0.589327 0
4 1 124 0 0 0 173.602 62.4931 0.856242 195.646 57.147 0.911892 214.81 84.8604 0.811738 206.553 106.041 0.491202 153.092 67.1318 0.867175 150.263 102.586 0.852645 149.395 126.848 0.810183 200.909 120.112 0.746136 207.115 155.786 0.875696 216.894 199.618 0.829545 173.211 124.854 0.794659 179.737 160.184 0.75815 192.444 194.601 0.840329 0 0 0 0 0 0 176.771 34.0779 0.630919 155.214 37.7345 0.676513 0
4 1 125 0 0 0 171.571 60.6639 0.848035 193.27 55.3859 0.932664 211.822 83.3921 0.886787 202.645 103.836 0.634259 150.756 65.7554 0.868435 148.57 101.031 0.796026 148.13 124.786 0.611068 198.364 117.601 0.774016 205.091 153.075 0.875061 215.331 195.31 0.829187 171.003 122.54 0.711316 179.048 158.423 0.809145 192.534 193.549 0.849676 0 0 0 0 0 0 174.848 32.5062 0.502415 153.024 35.9057 0.502067 0
4 1 126 0 0 0 169.54 58.8347 0.858273 190.893 53.6248 0.920381 208.834 81.9237 0.89006 198.737 101.63 0.424001 148.421 64.3791 0.888733 146.878 99.4758 0.808562 146.866 122.724 0.637484 195.818 115.091 0.812222 203.067 150.365 0.863757 213.768 191.002 0.802256 168.796 120.225 0.74948 178.36 156.661 0.809103 192.625 192.497 0.862805 0 0 0 0 0 0 172.925 30.9345 0.397954 150.833 34.0769 0.46965 0
4 1 127 0 0 0 167.509 57.0056 0.951717 188.517 51.8637 0.87663 205.845 80.4553 0.864285 194.829 99.4242 0.411472 146.085 63.0027 0.860119 145.185 97.921 0.732683 145.602 120.662 0.440875 193.272 112.58 0.758249 201.042 147.654 0.84268 212.206 186.694 0.887038 166.589 117.911 0.793245 177.672 154.9 0.763301 192.716 191.444 0.830219 0 0 0 0 0 0 171.002 29.3628 0.288286 148.643 32.2481 0.30378 0
4 1 128 0 0 0 166.269 54.7427 0.949537 189.749 50.9086 0.874364 205.441 80.185 0.860281 193.727 97.8198 0.40603 146.827 58.7207 0.853778 146.638 97.8193 0.723996 148.792 113.477 0.432436 193.591 113.463 0.758298 197.603 146.711 0.837429 211.219 180.049 0.883987 164.4 117.364 0.792788 176.11 156.521 0.764881 191.705 193.652 0.83159 0 0 0 0 0 0 170.255 23.4875 0.280079 148.703 27.3885 0.290823 0
6 111 63 0 0 0 319.166 491.083 0.925194 351.401 496.484 0.759694 396.952 529.212 0.765077 385.126 491.031 0.848227 283.241 479.83 0.81593 316.731 488.593 0.151639 0 0 0 361.36 605.053 0.618349 366.47 634.675 0.189592 355.737 673.846 0.19339 323.717 602.004 0.567602 365.911 624.154 0.0977235 0 0 0 0 0 0 0 0 0 342.292 448.989 0.762977 306.392 443.858 0.395972 0
6 111 64 0 0 0 323.664 483.197 0.855318 355.348 489.214 0.772273 400.6 523.051 0.846861 392.27 485.069 0.766255 288.628 472.264 0.859673 323.747 480.247 0.182937 0 0 0 365.697 594.876 0.622864 373.765 627.202 0.455329 360.882 671.041 0.1 328.603 592.644 0.514898 374.032 655.626 0.141769 0 0 0 0 0 0 0 0 0 347.375 442.402 0.811727 311.698 436.753 0.312921 0
6 111 65 0 0 0 328.162 475.312 0.878198 359.294 481.944 0.761366 404.249 516.891 0.741179 399.414 479.107 0.834547 294.014 464.698 0.836782 330.762 471.901 0.121978 0 0 0 370.035 584.699 0.716542 381.06 619.729 0.698748 366.026 668.236 0.290604 333.49 583.284 0.536172 375.465 644.38 0.353564 358.073 714.169 0.0609827 0 0 0 0 0 0 352.459 435.815 0.774943 317.004 429.648 0.41326 0
6 111 66 0 0 0 332.66 467.426 0.866983 363.241 474.674 0.795528 407.897 510.73 0.805386 406.558 473.145 0.786047 299.401 457.131 0.872121 337.778 463.556 0.108026 0 0 0 374.372 574.522 0.691293 388.355 612.257 0.73394 371.17 665.431 0.695275 338.377 573.924 0.569061 376.898 633.134 0.261808 359.98 700.449 0.0911121 0 0 0 0 0 0 357.543 429.227 0.825361 322.311 422.543 0.244079 0
6 111 67 0 0 0 337.158 459.54 0.807132 367.187 467.404 0.763175 411.546 504.57 0.78392 413.702 467.183 0.80175 304.787 449.565 0.835469 344.794 455.21 0.107457 0 0 0 378.709 564.345 0.69833 395.65 604.784 0.565352 376.315 662.626 0.660867 343.264 564.564 0.636464 378.331 621.887 0.479797 379.812 659.893 0.286865 0 0 0 0 0 0 362.626 422.64 0.789266 327.617 415.438 0.278334 0
6 111 68 0 0 0 342.588 451.714 0.807926 372.391 460.226 0.759543 415.675 498.475 0.781853 421.737 460.883 0.806064 310.871 442.157 0.836061 352.618 446.514 0.10601 0 0 0 383.922 554.336 0.694498 400.432 604.786 0.565267 381.309 662.618 0.65845 348.268 555.213 0.633532 379.764 610.641 0.476612 381.758 655.961 0.283816 0 0 0 0 0 0 368.275 416.115 0.786496 334.119 408.477 0.280858 0
6 111 69 0 0 0 348.452 443.886 0.858319 378.473 451.763 0.730492 420.679 491.958 0.8208 430.011 454.366 0.856365 316.537 434.123 0.796279 359.142 438.383 0.111089 0 0 0 389.573 544.11 0.665802 409.985 589.783 0.65818 390.225 655.437 0.743777 353.274 545.644 0.650407 382.812 599.775 0.508373 383.703 652.028 0.433057 0 0 0 0 0 0 374.367 408.94 0.755675 340.843 401.514 0.25951 0
6 111 70 0 0 0 352.81 436.934 0.880078 382.83 444.804 0.80491 425.251 486.087 0.80138 436.541 448.929 0.866165 321.542 427.392 0.83438 363.926 432.552 0.19698 397.082 428.481 0.377117 394.35 535.412 0.637593 417.158 577.826 0.77819 401.318 642.82 0.838087 356.76 537.384 0.662502 382.811 591.091 0.753906 385.648 648.096 0.616964 0 0 0 0 0 0 379.579 403.064 0.784898 346.279 395.214 0.18951 0
6 111 71 0 0 0 358.253 430.411 0.868205 388.276 438.06 0.750903 430.246 480.644 0.864844 444.574 443.713 0.88431 326.985 420.862 0.804514 366.976 426.427 0.141476 0 0 0 400.003 527.588 0.720524 423.452 567.168 0.762706 413.93 628.683 0.834972 361.547 530.425 0.719932 382.593 584.578 0.838361 387.594 644.163 0.751828 0 0 0 0 0 0 385.657 396.756 0.809585 352.578 388.48 0.29909 0
6 111 72 0 0 0 364.551 424.543 0.815169 395.002 432.838 0.769936 435.669 475.86 0.826232 451.531 438.72 0.923446 332.635 415.217 0.767763 369.157 422.163 0.120305 0 0 0 405.003 521.715 0.685622 428.454 559.123 0.784268 425.005 616.945 0.812931 365.249 524.563 0.738396 383.898 580.448 0.798423 389.114 640.913 0.798051 0 0 0 0 0 0 391.523 391.536 0.748246 358.02 383.468 0.208591 0
6 111 73 0 0 0 371.727 417.81 0.869928 402.825 426.747 0.726131 442.398 469.994 0.83758 459.573 433.486 0.908267 339.594 408.266 0.770021 370.678 418.032 0.1 0 0 0 411.302 514.976 0.732913 434.111 549.767 0.764474 436.515 604.559 0.88042 370.473 517.825 0.769587 385.863 574.799 0.832463 391.059 637.219 0.81642 0 0 0 0 0 0 398.689 385.869 0.791948 364.986 377.157 0.28402 0
6 111 74 0 0 0 379.335 412.16 0.870012 410.87 420.661 0.72572 449.354 464.559 0.840583 467.839 427.402 0.90423 346.553 402.395 0.769751 371.553 414.114 0.1 0 0 0 418.258 508.879 0.73095 439.561 542.152 0.765157 446.731 594.122 0.880552 376.136 511.095 0.768879 389.123 569.802 0.832956 392.589 634.168 0.815851 0 0 0 0 0 0 406.078 380.223 0.799569 372.15 371.724 0.28138 0
6 111 75 0 0 0 387.167 406.718 0.83828 419.128 415.003 0.718135 456.522 458.053 0.826556 475.661 422.837 0.895742 354.367 396.74 0.856421 371.12 411.938 0.1 0 0 0 425.649 503.007 0.695314 445.634 535.427 0.605779 454.988 586.292 0.818685 383.085 505.013 0.77025 393.474 564.152 0.784555 394.764 629.597 0.814169 0 0 0 0 0 0 413.476 374.781 0.729156 380.192 365.639 0.384353 0
6 111 76 0 0 0 394.345 401.705 0.851993 426.519 409.996 0.796935 463.049 452.836 0.844918 482.831 418.485 0.812185 361.541 391.739 0.810021 369.597 410.631 0.1 0 0 0 431.957 497.786 0.678324 450.214 529.566 0.578255 461.51 578.895 0.762513 388.964 499.574 0.785758 398.036 557.856 0.763433 396.721 624.169 0.80656 0 0 0 0 0 0 420.442 369.775 0.813234 387.373 360.848 0.372812 0
6 111 77 0 0 0 400.877 397.145 0.863369 433.259 404.996 0.729995 469.36 447.634 0.825146 488.927 414.355 0.918049 368.274 386.975 0.849636 367.425 409.554 0.574916 0 0 0 437.607 492.789 0.662866 454.777 524.778 0.573724 466.286 573.461 0.782727 395.267 494.136 0.745392 403.04 551.987 0.749553 398.902 618.08 0.781669 0 0 0 0 0 0 426.755 365.215 0.876857 393.254 355.854 0.328655 0
6 111 78 0 0 0 407.619 392.149 0.859229 439.786 400.64 0.78926 475.654 442.197 0.874214 495.643 409.571 0.828456 375.227 382.407 0.825729 367.424 407.471 0.53566 0 0 0 443.909 487.806 0.700373 458.912 521.091 0.666119 468.46 569.985 0.812706 402.214 488.925 0.758676 409.552 545.251 0.744312 402.809 609.81 0.825034 0 0 0 0 0 0 433.7 360.208 0.776166 399.992 350.855 0.336422 0
6 111 79 0 0 0 415.011 386.925 0.877001 447.179 395.417 0.769413 482.387 436.326 0.84069 502.583 404.348 0.893501 382.827 376.971 0.794751 368.302 404.604 0.719728 408.93 406.937 0.0898046 450.431 482.59 0.738219 463.044 517.186 0.743815 470.629 566.507 0.796356 409.378 483.274 0.802398 416.508 537.64 0.790816 407.162 600.886 0.836825 0 0 0 0 0 0 440.873 354.558 0.922511 406.951 345.207 0.390331 0
6 111 80 0 0 0 421.534 380.841 0.877113 453.695 389.759 0.767204 488.485 429.379 0.843938 509.111 398.044 0.890917 389.771 371.32 0.7963 371.563 401.176 0.714195 408.92 406.953 0.0943797 456.084 475.853 0.736973 466.749 513.484 0.749246 471.494 565.428 0.797054 416.115 476.104 0.802129 424.557 529.154 0.792509 413.477 590.661 0.827595 0 0 0 0 0 0 447.618 348.693 0.922773 413.683 339.56 0.398632 0
6 111 81 0 0 0 427.407 374.972 0.878099 459.146 383.031 0.819692 494.793 422.421 0.927861 515.408 392.602 0.794367 396.295 365.234 0.879288 375.908 397.6 0.769631 405.013 412.817 0.173161 461.528 469.331 0.723451 470.444 509.574 0.85374 472.366 564.117 0.81988 423.066 469.145 0.716069 432.383 520.465 0.858992 421.948 581.52 0.808186 0 0 0 0 0 0 453.928 342.823 0.862403 420.416 333.046 0.38355 0
6 111 82 0 0 0 432.401 369.967 0.894668 463.499 377.171 0.806687 499.799 416.545 0.878006 520.62 387.604 0.877491 401.512 360.452 0.82613 381.119 393.892 0.661646 0 0 0 465.872 463.681 0.72492 473.481 507.19 0.757125 472.804 563.455 0.786165 428.496 463.063 0.792443 439.55 513.506 0.739565 429.995 573.032 0.809533 0 0 0 0 0 0 458.939 337.6 0.982781 425.624 327.83 0.437732 0
6 111 83 0 0 0 437.824 364.103 0.869484 468.708 371.521 0.817305 505.026 409.796 0.926004 525.619 382.385 0.944779 406.943 355.23 0.820764 386.77 389.55 0.646274 0 0 0 470.432 458.251 0.745327 475.869 504.8 0.791963 472.803 563.023 0.826848 434.146 457.613 0.720086 448.03 507.199 0.721874 439.988 564.119 0.824189 0 0 0 0 0 0 463.937 331.52 0.864642 430.847 322.398 0.501614 0
6 111 84 0 0 0 442.169 359.111 0.893429 473.05 366.518 0.8601 509.385 404.348 0.88153 530.617 376.949 0.878655 411.294 350.884 0.877446 391.974 385.858 0.718004 422.558 412.812 0.0629469 474.336 453.909 0.736344 477.612 503.065 0.779838 473.021 562.156 0.788181 438.5 453.048 0.741376 455.632 502.846 0.706266 448.477 558.685 0.660211 0 0 0 0 0 0 468.706 326.312 0.855522 435.624 318.045 0.368029 0
6 111 85 0 0 0 448.029 353.897 0.911876 478.911 360.874 0.82351 515.252 397.6 0.835983 536.269 370.86 0.918763 416.947 345.89 0.848224 397.835 381.735 0.743383 430.47 383.498 0.05986 478.682 448.92 0.750636 479.995 501.316 0.705152 473.023 561.283 0.823847 443.492 447.829 0.768295 463.238 498.279 0.696084 457.172 552.384 0.595306 0 0 0 0 0 0 474.131 320.875 0.845992 441.055 313.039 0.385001 0
6 111 86 0 0 0 453.453 348.884 0.913024 484.135 355.447 0.8218 520.686 390.854 0.836965 541.489 365.635 0.920225 422.169 340.888 0.847528 403.926 378.248 0.730955 430.474 383.488 0.056099 483.041 445.003 0.754367 481.962 499.363 0.707981 473.032 559.977 0.821416 448.27 443.483 0.765817 471.279 493.713 0.694361 464.996 547.592 0.601124 0 0 0 0 0 0 479.347 315.438 0.849211 446.28 307.825 0.390261 0
6 111 87 490.964 314.953 0.0978817 459.315 343.675 0.876258 489.564 350.013 0.854498 526.121 385.404 0.943436 546.929 361.5 0.823853 428.249 336.11 0.921515 409.148 374.547 0.751626 436.313 381.528 0.135422 487.395 439.782 0.742226 485.66 495.45 0.72303 474.337 556.711 0.841123 453.273 438.262 0.697513 478.687 489.36 0.594215 471.095 543.68 0.539879 491.006 307.168 0.169974 0 0 0 484.357 310.23 0.821243 451.498 303.473 0.295904 0
6 111 88 0 0 0 464.526 338.696 0.92031 494.127 345.449 0.831592 531.119 380.181 0.898711 552.146 357.805 0.852481 433.682 332.202 0.929748 414.357 371.499 0.812811 440.224 356.078 0.0668274 491.532 434.793 0.737034 489.362 491.757 0.653429 475.647 553.446 0.765489 458.059 433.483 0.694548 485.858 486.092 0.518247 476.747 540.423 0.414226 0 0 0 0 0 0 489.14 305.665 0.838403 456.495 299.769 0.394551 0
6 111 89 0 0 0 469.303 334.998 0.927547 498.693 340.898 0.802832 535.685 376.258 0.902429 556.493 354.978 0.853856 438.26 328.934 0.825628 418.701 368.88 0.791543 449.978 371.742 0.0702263 495.451 431.092 0.748869 493.488 488.497 0.781341 476.525 550.615 0.828078 462.186 429.788 0.744279 491.724 483.048 0.491383 483.699 534.774 0.369065 0 0 0 0 0 0 493.051 301.967 0.868486 460.423 296.074 0.470093 0
6 111 90 0 0 0 474.306 330.432 0.919072 503.903 336.538 0.846396 539.818 371.478 0.916256 561.059 351.5 0.808787 443.256 325.024 0.896525 423.697 365.418 0.802662 455.86 369.777 0.0641148 500.436 425.664 0.73844 498.707 483.713 0.799378 479.131 545.405 0.82589 466.961 424.783 0.702126 497.814 478.037 0.368822 489.349 527.821 0.225844 0 0 0 0 0 0 497.175 297.613 0.831123 465.207 292.391 0.4907 0
6 111 91 0 0 0 479.317 325.439 0.886064 509.114 331.535 0.80682 544.168 366.475 0.858684 566.066 347.807 0.900834 448.472 321.098 0.87705 428.913 361.517 0.794718 469.547 363.881 0.0868561 505.441 419.795 0.777036 505.224 477.616 0.826343 482.603 538.677 0.830643 471.962 419.338 0.761435 503.251 472.162 0.510022 494.137 521.092 0.197637 0 0 0 0 0 0 501.306 292.842 0.845451 469.777 288.693 0.543596 0
6 111 92 0 0 0 484.115 320.879 0.884246 514.113 326.529 0.808426 549.158 361.272 0.860582 570.42 345.19 0.89504 453.473 316.754 0.875994 433.48 357.183 0.792806 469.558 363.868 0.085822 510.66 413.282 0.775056 512.824 470.012 0.827114 488.04 530.847 0.829314 476.531 412.834 0.760006 506.081 465.427 0.505613 496.528 515.007 0.19297 0 0 0 0 0 0 505.881 288.486 0.848674 474.768 283.915 0.539427 0
6 111 93 0 0 0 489.111 316.099 0.903187 518.905 321.534 0.795729 554.144 356.275 0.885033 574.549 341.715 0.815017 458.466 311.763 0.866817 438.264 353.272 0.777672 469.537 356.085 0.0885476 515.665 406.983 0.760784 520.001 462.396 0.806529 494.779 522.59 0.790961 480.88 406.959 0.742561 508.915 458.471 0.52072 501.293 506.974 0.221009 0 0 0 0 0 0 510.017 283.483 0.891839 479.332 278.921 0.460296 0
6 111 94 0 0 0 492.806 311.543 0.906861 522.392 317.182 0.844656 557.619 352.58 0.923411 578.026 338.895 0.807675 462.369 307.624 0.921417 442.392 349.792 0.865341 465.657 358.007 0.0970218 520.233 401.535 0.787801 526.745 455.003 0.73021 501.734 514.336 0.775927 484.798 401.742 0.752519 511.533 451.951 0.637044 505.849 500.016 0.478778 0 0 0 0 0 0 513.497 278.707 0.694373 483.036 274.79 0.502498 0
6 111 95 0 0 0 496.726 306.556 0.901445 526.52 312.391 0.791678 561.522 348.665 0.837573 581.937 335.643 0.840163 466.28 303.707 0.896441 446.3 345.666 0.780395 475.316 342.388 0.0564695 524.573 395.454 0.743182 534.134 446.302 0.813398 510.855 505.42 0.810864 488.715 396.301 0.760892 513.486 445.642 0.721145 510.417 493.286 0.541919 0 0 0 0 0 0 517.625 274.14 0.421863 487.803 271.072 0.216638 0
6 111 96 0 0 0 499.992 302.858 0.849664 530.221 308.054 0.809132 565.212 344.546 0.825243 585.2 332.386 0.82204 469.323 300.007 0.832549 449.786 342.188 0.791119 485.193 338.552 0.0813372 528.058 390.664 0.708453 540.221 438.904 0.842944 519.976 496.945 0.89799 491.966 391.74 0.753712 514.566 440.204 0.786333 514.758 488.066 0.606024 0 0 0 0 0 0 521.322 270.437 0.656135 491.726 266.735 0.258631 0
6 111 97 537.579 268.747 0.100116 504.133 298.719 0.866631 534.794 303.49 0.845894 569.343 339.567 0.893027 588.681 328.694 0.819684 473.244 295.65 0.901583 454.775 338.499 0.830916 478.877 345.728 0.107603 532.836 385.873 0.738257 546.962 430.42 0.801603 532.141 486.515 0.802444 495.661 387.177 0.774846 515.655 434.554 0.754974 519.1 482.847 0.692292 0 0 0 0 0 0 526.097 265.865 0.735494 496.731 261.74 0.240199 0
6 111 98 542.297 265.328 0.1 508.703 294.159 0.868202 540.01 299.35 0.845562 573.9 335 0.892899 591.947 325.434 0.81899 477.59 290.881 0.900735 459.129 334.381 0.833748 483.568 341.793 0.1 537.611 380.878 0.74323 553.263 421.728 0.803081 544.968 475.648 0.803933 499.141 382.605 0.773814 516.733 429.339 0.751822 519.973 481.322 0.689491 0 0 0 0 0 0 531.313 260.868 0.727728 501.935 256.949 0.243054 0
6 111 99 547.014 261.908 0.264331 513.917 290.249 0.912999 545.444 295.011 0.810605 579.11 331.31 0.82405 595.644 321.737 0.818146 482.584 287.186 0.90676 463.689 330.901 0.859101 488.259 337.858 0.1 541.965 377.396 0.726322 558.489 414.771 0.844532 556.267 466.304 0.930366 502.831 378.916 0.765075 517.172 426.084 0.811927 520.188 480.007 0.932819 543.918 256.33 0.35617 0 0 0 537.609 256.952 0.873726 507.157 253.019 0.168111 0
6 111 100 551.731 258.488 0.273875 519.123 286.765 0.909171 550.876 291.315 0.836734 584.102 327.842 0.819678 598.9 318.256 0.866479 487.359 283.506 0.862357 468.032 327.86 0.825424 492.951 333.922 0.104245 546.096 374.348 0.732329 562.626 409.122 0.768574 566.701 458.686 0.872329 506.294 375.662 0.754412 518.264 423.478 0.831416 521.263 478.258 0.925217 553.589 256.172 0.363051 0 0 0 543.898 253.253 0.891548 512.593 249.105 0.165399 0
6 111 101 556.448 255.069 0.194971 523.9 283.715 0.904584 555.882 288.273 0.883448 588.235 325.865 0.855178 602.153 313.152 0.679912 491.501 280.676 0.857641 472.374 325.679 0.83437 497.642 329.987 0.1 549.36 371.951 0.679263 566.109 404.987 0.786786 575.402 452.164 0.889496 509.338 373.476 0.769991 519.784 421.735 0.80826 522.994 477.383 0.901304 0 0 0 0 0 0 549.327 250.428 0.779316 517.815 246.705 0.208517 0
6 111 102 0 0 0 529.342 281.099 0.855153 561.535 285.012 0.833221 593.467 322.384 0.830836 605.194 307.275 0.521902 496.937 278.489 0.86602 476.509 323.279 0.877664 501.598 325.916 0.1 553.281 369.552 0.704332 570.011 401.937 0.803942 582.807 446.284 0.812819 513.466 370.87 0.778421 521.524 419.993 0.827557 523.221 477.152 0.90929 0 0 0 0 0 0 555.858 248.245 0.905515 524.123 243.662 0.319663 0
6 111 103 0 0 0 535.22 278.475 0.956349 567.836 281.743 0.827601 598.685 319.774 0.85589 609.759 303.795 0.290513 502.6 275.885 0.900854 481.731 320.887 0.851261 505.029 321.612 0.115745 557.844 366.953 0.694178 574.148 398.683 0.65503 590.423 440.412 0.708695 518.238 368.045 0.812877 523.905 418.24 0.83853 523.448 476.924 0.93396 0 0 0 0 0 0 562.604 245.633 0.817991 531.082 240.198 0.294544 0
6 111 104 0 0 0 541.955 275.217 0.955875 574.58 278.914 0.828957 604.126 316.74 0.854813 613.565 301.403 0.282659 509.132 272.622 0.902392 487.171 318.068 0.852137 507.936 317.074 0.117198 563.07 364.336 0.692176 578.915 397.161 0.65894 596.08 435.638 0.705812 522.804 364.793 0.812963 526.091 416.714 0.841757 523.876 476.264 0.932683 0 0 0 0 0 0 569.78 242.379 0.817779 538.253 236.722 0.288485 0
6 111 105 0 0 0 548.906 271.951 0.89619 581.319 275.864 0.812943 609.573 314.135 0.783016 617.049 299.879 0.1 515.88 269.355 0.862149 493.463 315.46 0.872195 510.317 312.303 0.116898 568.492 361.945 0.656781 583.041 396.08 0.63972 601.948 433.247 0.69372 527.808 361.962 0.795341 528.478 414.55 0.879629 524.315 474.747 0.934021 0 0 0 0 0 0 576.741 239.339 0.885032 545.208 233.885 0.303983 0
6 111 106 0 0 0 554.774 269.124 0.907368 587.185 273.038 0.885338 614.577 312.389 0.822823 620.311 298.794 0.443402 521.749 266.744 0.860637 498.254 313.063 0.812035 511.839 308.036 0.1 572.619 359.555 0.68678 586.512 396.082 0.748328 604.771 432.81 0.723356 532.368 359.132 0.735527 530.647 412.384 0.865282 524.751 473.227 0.9207 0 0 0 0 0 0 582.624 237.165 0.663851 551.08 231.706 0.428507 0
6 111 107 0 0 0 561.285 266.501 0.875036 593.265 269.793 0.845157 619.581 310.645 0.765785 625.962 297.705 0.266898 528.48 263.481 0.822294 503.473 310.447 0.831868 513.571 304.049 0.1 576.752 357.375 0.693031 589.768 395.433 0.642985 605.641 431.734 0.614484 537.153 356.304 0.770038 532.615 409.994 0.834666 525.616 471.275 0.900229 0 0 0 0 0 0 589.143 235.192 0.907086 558.029 228.675 0.329338 0
6 111 108 0 0 0 566.72 263.889 0.890799 598.483 267.61 0.841143 624.146 308.68 0.780596 631.182 297.709 0.1 534.135 260.222 0.882958 507.829 307.406 0.837294 514.873 299.483 0.1 581.093 354.555 0.759946 593.011 394.568 0.738857 606.086 432.161 0.584332 540.863 353.252 0.778044 534.79 407.378 0.868867 526.923 468.892 0.840375 0 0 0 0 0 0 594.376 233.023 0.901284 563.682 225.641 0.442451 1
6 111 109 0 0 0 572.812 260.633 0.884926 604.354 265.424 0.827847 629.153 306.726 0.864481 636.403 297.494 0.158152 540.445 256.738 0.847455 512.618 304.135 0.836458 516.284 295.239 0.181607 585.658 351.949 0.772654 596.055 394.135 0.807741 606.317 432.388 0.510544 544.796 349.987 0.749169 537.394 404.553 0.889009 528.665 466.294 0.856074 0 0 0 0 0 0 600.253 230.632 0.882281 569.772 222.387 0.441924 1
6 111 110 0 0 0 578.892 257.166 0.885924 610.008 262.816 0.828398 633.717 304.772 0.861464 641.837 299.13 0.147902 546.954 253.252 0.85142 517.187 300.869 0.838239 517.587 291.317 0.18373 590.217 349.342 0.774072 598.234 394.14 0.808673 606.544 432.614 0.530292 549.354 346.726 0.752054 540.22 401.724 0.890402 530.422 463.478 0.863132 0 0 0 0 0 0 606.336 228.243 0.882558 576.3 219.337 0.43851 1
6 111 111 618.229 227.017 0.146279 583.9 253.903 0.930508 615.001 260.426 0.901969 636.968 304.118 0.815583 647.497 302.832 0.510669 552.174 249.338 0.853215 521.96 297.184 0.837116 518.841 287.999 0.220706 593.691 346.512 0.726617 599.976 392.399 0.676852 606.538 432.616 0.715281 552.826 343.248 0.758019 542.833 398.478 0.912646 533.25 460.217 0.844424 619.341 223.521 0.201903 0 0 0 611.324 224.99 0.763425 581.526 216.296 0.266967 1
6 111 112 0 0 0 588.469 250.647 0.871024 619.346 258.046 0.873729 640.228 302.384 0.780105 651.63 304.137 0.613918 557.166 245.64 0.890679 525.647 293.49 0.847125 520.038 285.279 0.245462 596.522 343.678 0.709179 601.483 390.656 0.753201 606.32 432.611 0.752867 555.653 339.986 0.752144 544.805 395.444 0.829413 536.08 456.958 0.82807 622.017 221.07 0.1 0 0 0 616.099 222.166 0.650182 586.308 213.675 0.369378 1
6 111 113 0 0 0 591.741 248.677 0.847862 622.603 256.304 0.854503 643.044 301.51 0.802709 655.868 305.011 0.202879 560.852 242.813 0.860055 528.685 290.658 0.834905 522.161 283.7 0.1 598.264 341.721 0.748653 601.709 388.695 0.735454 605.895 432.39 0.772005 557.824 337.372 0.732578 546.547 392.622 0.78752 538.904 453.917 0.84964 624.693 218.619 0.1 0 0 0 619.143 219.995 0.669898 589.784 211.07 0.324004 1
6 111 114 0 0 0 594.571 246.716 0.907798 625.434 254.563 0.863506 644.995 299.981 0.804196 660.216 305.666 0.30135 564.109 239.778 0.881785 530.862 287.832 0.843899 525.21 283.262 0.182918 599.789 339.334 0.761119 601.922 386.517 0.775906 604.817 431.08 0.768004 559.562 334.554 0.719521 548.284 390.659 0.783954 541.734 451.517 0.805447 627.369 216.167 0.1 0 0 0 622.395 218.035 0.71175 593.046 208.688 0.454878 1
6 111 115 632.062 213.352 0.0977102 597.617 244.751 0.941797 628.472 252.82 0.868106 646.95 298.237 0.826628 664.351 306.744 0.685653 567.372 236.74 0.860933 533.042 284.798 0.82347 529.119 282.603 0.180483 601.315 336.945 0.778143 602.135 384.332 0.782044 603.733 429.568 0.859463 561.298 331.73 0.714577 550.025 388.486 0.879044 544.775 448.901 0.825736 630.045 213.716 0.181307 0 0 0 625.857 216.073 0.787166 596.317 206.303 0.415124 1
6 111 116 632.032 213.34 0.0834761 599.579 242.808 0.941804 630.219 251.29 0.868558 648.043 296.292 0.832583 666.09 308.056 0.724111 569.765 234.574 0.862213 534.985 282.191 0.828303 530.647 280.863 0.192955 602.621 334.128 0.783466 602.153 383.024 0.799673 603.508 429.779 0.86979 562.814 328.909 0.720837 551.768 386.524 0.883178 547.389 446.286 0.82694 632.721 211.265 0.161994 0 0 0 628.036 214.351 0.791938 598.499 204.78 0.425995 1
6 111 117 633.967 215.207 0.222917 601.117 241.506 0.936361 631.744 249.986 0.861029 648.7 294.775 0.826925 667.175 309.364 0.677826 571.728 232.836 0.854721 536.717 280.233 0.841433 532.604 280.212 0.1 602.849 332.387 0.778312 601.953 382.791 0.787362 603.071 430.216 0.861591 564.12 326.954 0.723914 553.29 385 0.904132 549.564 444.328 0.839732 635.397 208.814 0.319077 0 0 0 629.984 212.836 0.802168 600.468 203.47 0.277427 1
6 111 118 0 0 0 601.999 240.85 0.934482 632.616 248.685 0.875569 648.914 293.247 0.852555 668.257 310.889 0.805498 573.035 231.322 0.863299 538.014 278.506 0.850747 534.453 279.239 0.115712 602.854 330.435 0.782231 601.744 381.913 0.827242 602.843 430.641 0.877219 565.204 325.216 0.742888 554.383 383.688 0.920036 551.303 442.587 0.848238 0 0 0 0 0 0 631.288 211.541 0.807406 602 202.174 0.480619 1
6 111 119 0 0 0 602.439 240.398 0.923839 633.056 247.392 0.87296 649.123 291.739 0.865879 668.484 312.405 0.855743 573.695 229.814 0.871429 538.892 276.98 0.867565 536.41 279.103 0.113097 602.648 329.124 0.770579 601.947 380.828 0.815585 602.399 431.073 0.879007 565.638 323.693 0.752038 555.042 382.38 0.928476 552.813 440.185 0.867692 0 0 0 0 0 0 632.158 210.021 0.755934 602.44 200.454 0.537993 1
6 111 120 0 0 0 602.66 239.962 0.899895 633.284 246.311 0.889003 649.128 290.442 0.87238 668.057 313.708 0.894362 573.918 228.95 0.874764 539.124 276.107 0.861942 538.58 280.336 0.147056 602.655 328.256 0.778931 601.949 380.61 0.843985 602.387 431.074 0.86436 566.075 322.827 0.786739 555.259 381.713 0.911154 553.255 438.018 0.891505 0 0 0 0 0 0 632.593 209.586 0.734011 602.65 199.596 0.484523 1
6 111 121 0 0 0 603.096 239.316 0.892942 633.726 245.23 0.885002 649.341 290.438 0.873623 666.758 315.009 0.899987 574.361 228.076 0.869086 539.566 275.235 0.861578 540.97 282.946 0.133301 602.664 328.041 0.788724 601.959 380.825 0.874067 602.39 431.296 0.848826 566.511 322.177 0.805264 555.482 381.275 0.899233 553.695 436.499 0.877894 0 0 0 0 0 0 633.028 208.928 0.835408 602.861 198.722 0.401226 1
6 111 122 0 0 0 603.523 238.46 0.891686 634.163 244.149 0.882986 649.337 290.864 0.87197 664.58 316.087 0.899308 574.585 227.414 0.869823 540 274.575 0.858641 542.218 284.141 0.129816 602.668 327.829 0.788083 601.963 380.836 0.874656 602.393 431.519 0.8475 566.939 321.744 0.804136 555.7 381.06 0.900362 554.138 435.203 0.877695 0 0 0 0 0 0 633.669 208.27 0.8308 602.867 198.065 0.399003 1
6 111 123 0 0 0 603.535 238.022 0.88568 634.59 243.714 0.899737 648.9 292.159 0.818405 660.225 316.083 0.917687 574.583 227.184 0.880381 540.427 273.924 0.843673 542.325 283.923 0.1 602.888 328.259 0.781822 601.971 381.272 0.814022 602.178 431.528 0.693644 567.155 321.529 0.792423 555.713 380.841 0.853223 554.354 433.903 0.883322 0 0 0 0 0 0 633.671 206.974 0.780741 602.654 197.197 0.419113 1
6 111 124 0 0 0 603.539 237.588 0.889681 634.809 243.282 0.899995 648.456 293.67 0.801525 656.086 315.87 0.925645 574.577 226.958 0.881357 540.851 273.483 0.867665 541.621 282.839 0.1 603.106 328.693 0.761811 601.98 381.721 0.775873 601.967 431.741 0.754794 567.371 321.32 0.78792 555.722 380.837 0.813491 554.358 432.827 0.83457 0 0 0 0 0 0 633.465 205.68 0.798145 602.433 196.333 0.422319 1
6 111 125 0 0 0 603.33 236.937 0.854199 634.813 242.854 0.880947 647.364 294.531 0.772684 651.736 314.786 0.678655 573.939 226.943 0.854426 541.07 273.259 0.854315 542.275 281.97 0.112732 603.318 329.336 0.763669 602.185 382.373 0.753362 601.749 431.956 0.570467 567.376 321.321 0.752805 555.722 380.842 0.790631 554.356 432.39 0.585236 0 0 0 0 0 0 633.238 204.373 0.79785 601.993 195.683 0.531578 1
6 111 126 0 0 0 603.314 236.284 0.856263 634.809 242.42 0.891035 645.845 294.761 0.800627 645.862 313.263 0.508605 573.496 226.93 0.867268 541.069 272.821 0.872146 541.628 279.899 0.1 603.531 330.201 0.76339 602.396 384.344 0.752518 601.746 435.654 0.551679 567.154 321.538 0.749796 555.715 382.373 0.799174 553.275 434.783 0.548371 0 0 0 0 0 0 632.588 203.061 0.821563 601.323 195.04 0.605098 1
6 111 127 0 0 0 603.181 235.538 0.867635 634.869 242.058 0.88339 644.318 295.9 0.827959 639.136 311.637 0.241514 573.006 226.917 0.89076 541.226 272.363 0.89067 541.014 276.785 0.1 603.846 331.11 0.773504 602.528 385.855 0.741511 601.65 437.743 0.411547 567.021 321.642 0.747871 555.71 383.525 0.792132 552.623 436.419 0.453864 0 0 0 0 0 0 632.001 201.428 0.777418 600.721 194.576 0.600247 1
6 111 128 0 0 0 603.047 234.791 0.868963 634.929 241.697 0.883579 642.79 297.039 0.823903 632.41 310.012 0.23861 572.515 226.903 0.890894 541.382 271.905 0.889961 540.4 273.671 0.1 604.162 332.02 0.776007 602.66 387.366 0.73255 601.554 439.833 0.382734 566.888 321.746 0.745999 555.705 384.676 0.795699 551.971 438.055 0.43382 0 0 0 0 0 0 631.414 199.795 0.778646 600.118 194.112 0.606648 1
6 111 129 0 0 0 602.914 234.045 0.883204 634.989 241.335 0.911129 641.262 298.178 0.797096 625.684 308.386 0.233881 572.025 226.889 0.914154 541.538 271.446 0.909011 539.787 270.557 0.145158 604.478 332.93 0.770561 602.792 388.877 0.725992 601.458 441.922 0.357765 566.755 321.85 0.769382 555.7 385.828 0.812697 551.319 439.691 0.408388 0 0 0 0 0 0 630.828 198.162 0.725726 599.516 193.649 0.589973 1
6 111 130 0 0 0 602.78 233.299 0.893717 635.049 240.974 0.905803 639.734 299.316 0.817345 618.958 306.76 0.241717 571.535 226.876 0.915244 541.695 270.988 0.823158 539.173 267.442 0.1 604.793 333.84 0.773058 602.924 390.388 0.700299 601.362 444.011 0.120801 566.622 321.954 0.714358 555.696 386.979 0.688228 550.667 441.326 0.148998 0 0 0 0 0 0 630.241 196.529 0.71106 598.913 193.185 0.608074 1
6 111 131 0 0 0 602.533 232.811 0.893572 631.994 240.62 0.9299 633.852 289.514 0.81263 616.243 311.061 0.124048 571.271 226.919 0.897531 538.112 266.115 0.858291 528.246 242.601 0.413903 602.706 326.74 0.757787 602.569 389.366 0.640759 600.644 449.984 0.137384 563.496 320.87 0.719663 555.669 385.484 0.677177 551.718 442.173 0.135321 0 0 0 0 0 0 624.142 197.671 0.697971 588.966 193.763 0.637707 1
