5 111 0 237.485 283.548 0.242677 209.186 304.145 0.746868 200.184 312.27 0.664185 204.862 367.769 0.522883 243.51 394.405 0.300907 216.764 296.275 0.515838 0 0 0 0 0 0 224.401 386.628 0.55498 237.455 436.515 0.310637 221.763 480.698 0.289103 247.771 375.563 0.408287 260.754 420.473 0.164109 251.096 457.656 0.113964 235.824 277.165 0.323183 0 0 0 224.216 276.728 0.673664 0 0 0 0
5 111 1 244.581 282.663 0.355668 215.587 304.138 0.731579 208.726 311.817 0.665305 215.388 366.208 0.470338 251.688 394.851 0.356015 221.106 296.663 0.534485 245.813 321.964 0.127117 0 0 0 231.184 386.172 0.616508 247.275 436.677 0.38181 228.388 481.125 0.41139 250.282 376.022 0.466215 266.652 422.856 0.198737 250.934 460.306 0.180614 242.735 276.57 0.431327 0 0 0 231.096 276.299 0.635144 0 0 0 0
5 111 2 251.676 281.779 0.499644 221.987 304.132 0.813654 217.268 311.365 0.752472 225.913 364.647 0.688755 259.867 395.296 0.237188 225.447 297.051 0.629365 252.36 326.224 0.274718 291.546 415.003 0.27052 237.967 385.717 0.732419 257.095 436.839 0.692573 235.013 481.552 0.769683 252.794 376.48 0.644018 272.551 425.24 0.162094 250.771 462.957 0.125018 249.646 275.975 0.516148 0 0 0 237.977 275.871 0.549834 0 0 0 0
5 111 3 258.772 280.895 0.411941 228.388 304.125 0.762761 225.81 310.913 0.712867 236.439 363.086 0.552843 268.046 395.742 0.262738 229.789 297.439 0.639587 258.908 330.485 0.540719 289.621 394.923 0.597102 244.75 385.261 0.81023 266.915 437.002 0.660698 241.638 481.98 0.786236 255.306 376.938 0.587585 278.45 427.623 0.26607 250.609 465.607 0.1 256.557 275.381 0.423788 0 0 0 244.857 275.442 0.588191 0 0 0 0
5 111 4 265.867 280.01 0.451493 234.788 304.118 0.784266 234.352 310.46 0.804826 246.964 361.525 0.746835 276.225 396.188 0.646698 234.131 297.827 0.651548 265.456 334.745 0.115935 287.659 372.73 0.1 251.532 384.806 0.755625 276.735 437.164 0.54764 248.263 482.407 0.796171 257.818 377.396 0.694341 284.349 430.007 0.458053 250.447 468.258 0.139103 263.468 274.786 0.495763 0 0 0 251.738 275.014 0.652616 0 0 0 0
5 111 5 272.599 279.785 0.480855 241.098 303.905 0.766796 242.179 310.677 0.737138 257.172 361.309 0.685494 282.756 395.536 0.401557 239.136 297.174 0.629537 272.003 339.006 0.235804 285.622 346.31 0.215765 257.847 384.156 0.76213 287.17 435.208 0.640778 259.348 480.671 0.713548 261.516 377.187 0.616219 291.954 430.216 0.338635 253.481 467.6 0.347574 269.988 274.567 0.525088 0 0 0 258.482 274.795 0.600093 0 0 0 0
5 111 6 279.542 278.706 0.569515 247.833 303.907 0.746936 250.654 310.678 0.709239 267.171 361.099 0.636991 288.624 395.755 0.348916 243.911 297.601 0.646967 279.045 346.476 0.1 0 0 0 264.371 383.932 0.723905 295.22 434.777 0.597466 271.088 480.881 0.692835 264.995 377.408 0.617132 298.039 431.089 0.384359 264.144 468.468 0.392011 276.727 274.132 0.617875 0 0 0 264.793 274.564 0.74979 0 0 0 0
5 111 7 286.068 277.189 0.510585 253.287 303.901 0.766571 259.138 311.323 0.6713 275.001 362.833 0.341039 299.493 399.241 0.1 246.748 297.378 0.62944 283.878 345.22 0.100292 0 0 0 272.401 385.664 0.697173 302.401 436.96 0.464714 282.181 482.619 0.301603 269.557 380.664 0.558918 301.952 435.866 0.517074 269.352 476.301 0.540971 283.472 272.602 0.56768 0 0 0 273.038 273.689 0.743486 0 0 0 0
5 111 8 292.791 275.885 0.556867 258.721 303.464 0.814994 266.095 310.675 0.781718 281.736 363.276 0.644938 310.139 402.286 0.513153 250.222 296.295 0.776694 287.793 343.272 0.1 0 0 0 278.274 385.664 0.726783 308.928 438.046 0.369438 292.833 483.052 0.344532 273.681 381.094 0.619198 306.089 437.179 0.350912 277.182 480.006 0.26435 289.777 272.154 0.657651 0 0 0 279.562 273.044 0.791236 0 0 0 0
5 111 9 298.443 275.666 0.338689 264.156 303.241 0.759697 272.842 310.89 0.729138 288.898 364.795 0.518755 318.619 404.027 0.501715 253.701 295.214 0.717795 293.444 342.406 0.1 0 0 0 283.059 385.885 0.722872 314.584 438.048 0.443075 301.092 484.356 0.406612 276.734 382.609 0.642467 309.567 439.139 0.653622 287.619 480.231 0.530634 295.652 271.935 0.421224 0 0 0 285.224 272.832 0.833439 0 0 0 0
5 111 10 303.677 274.804 0.47295 269.58 302.815 0.82124 280.453 310.888 0.768892 296.081 365.226 0.669814 327.098 405.543 0.58232 256.099 293.924 0.740826 299.109 343.279 0.1 0 0 0 288.27 386.745 0.737454 321.313 438.265 0.517458 310.436 486.516 0.487418 278.69 383.905 0.683604 313.271 440.872 0.542084 297.841 481.101 0.453581 301.083 271.707 0.529429 0 0 0 291.527 272.615 0.746608 0 0 0 0
5 111 11 309.11 274.804 0.124486 274.585 302.593 0.668866 285.673 311.099 0.726846 301.518 366.528 0.660596 332.094 405.547 0.751097 261.102 292.839 0.613545 304.986 344.363 0.1 0 0 0 293.701 386.539 0.637611 326.757 438.057 0.595907 321.087 488.257 0.280868 283.688 383.696 0.381218 318.705 440.873 0.325147 308.269 482.39 0.2562 306.737 271.708 0.199287 0 0 0 297.191 272.622 0.669953 0 0 0 0
5 111 12 314.118 275.235 0.316974 279.581 302.387 0.715703 289.801 311.308 0.709196 304.999 368.266 0.638025 336.544 405.002 0.571483 267.4 292.619 0.613421 310.641 345.236 0.160478 324.059 380.526 0.104958 297.825 386.968 0.6911 328.703 439.359 0.631571 321.738 488.26 0.367139 290.434 383.259 0.452546 324.135 439.344 0.419607 319.998 482.387 0.526108 311.944 271.718 0.388051 0 0 0 302.186 272.838 0.781601 0 0 0 0
5 111 13 319.12 276.107 0.360103 284.567 302.168 0.705876 293.062 310.444 0.689865 306.735 370.011 0.621292 341.973 404.567 0.415374 273.052 291.963 0.568493 316.773 346.804 0.224588 336.278 380.743 0.209278 300.651 386.965 0.649522 330.661 440.222 0.730222 332.609 490.872 0.559777 296.96 382.817 0.452398 332.832 430.868 0.576389 333.835 478.115 0.658741 316.956 272.147 0.417856 0 0 0 307.396 273.058 0.787205 0 0 0 0
5 111 14 324.124 276.98 0.179571 289.131 302.39 0.763771 295.669 311.091 0.709219 308.468 371.965 0.43767 347.399 404.565 0.573073 280.868 292.833 0.612235 322.95 348.197 0.238984 348.497 380.959 0.156772 300.427 388.049 0.65049 331.318 441.962 0.744602 336.525 494.785 0.66664 301.308 382.809 0.448577 339.574 422.618 0.419362 351.079 471.531 0.441812 322.175 272.583 0.274434 0 0 0 312.604 273.491 0.815533 0 0 0 0
5 111 15 329.119 278.277 0.206227 293.481 302.817 0.797666 298.923 311.525 0.780892 309.991 373.916 0.551415 352.405 404.775 0.593134 286.312 293.483 0.675046 328.956 350.496 0.136288 360.715 381.176 0.1 303.684 389.362 0.690867 333.276 445.445 0.704205 341.518 498.266 0.677669 308.041 383.023 0.55713 346.536 415.005 0.48863 363.243 460.883 0.546011 327.171 273.026 0.314087 0 0 0 317.806 274.152 0.922285 0 0 0 0
5 111 16 333.898 279.794 0.427114 298.252 303.689 0.712244 302.394 311.743 0.671913 314.339 374.141 0.725698 357.633 404.985 0.554389 291.738 294.791 0.558244 335.872 353.486 0.427487 372.934 381.392 0.155931 305.868 389.58 0.625411 336.312 446.749 0.650343 347.816 500.667 0.675879 312.176 383.019 0.50995 349.356 416.527 0.28782 375.685 450.449 0.346048 331.948 274.553 0.483325 0 0 0 321.511 275.679 0.670056 0 0 0 0
5 111 17 337.833 281.749 0.532175 303.025 304.566 0.760563 305.231 313.039 0.659092 319.541 375.882 0.638285 363.934 405.642 0.678479 297.834 296.526 0.584789 342.613 356.745 0.528554 385.555 383.356 0.1 306.734 391.1 0.550756 339.786 447.183 0.598234 354.561 504.795 0.599636 315.437 383.461 0.376615 354.785 415.102 0.175242 388.396 440.884 0.1 336.3 276.298 0.603704 0 0 0 325.42 277.404 0.730658 0 0 0 0
5 111 18 342.178 284.792 0.251919 307.157 305.657 0.700738 308.707 314.343 0.614122 324.332 377.838 0.669257 369.805 407.168 0.685508 304.133 298.257 0.574268 348.484 359.354 0.713725 389.91 383.575 0.631304 311.296 392.619 0.493054 344.562 449.571 0.575235 364.766 508.272 0.564008 321.315 383.685 0.359146 361.949 409.443 0.118436 401.391 431.539 0.1 340.644 278.688 0.348067 0 0 0 329.542 279.349 0.66424 0 0 0 0
5 111 19 346.514 288.258 0.296579 311.726 307.614 0.718169 310.888 316.514 0.685821 328.671 380.886 0.698626 376.536 409.343 0.792508 310.873 300.646 0.582744 354.344 361.096 0.37823 394.476 383.686 0.105199 314.998 393.708 0.55353 348.046 449.793 0.607821 373.677 510.661 0.562891 329.137 383.906 0.369357 372.821 404.238 0.365687 414.876 421.762 0.242056 344.556 281.955 0.374997 0 0 0 332.81 281.528 0.662198 0 0 0 0
5 111 20 349.995 291.744 0.526806 316.292 309.792 0.689727 312.633 319.554 0.726656 330.199 384.145 0.703718 381.967 411.079 0.742875 318.473 303.037 0.557324 358.468 360.879 0.540842 398.501 383.467 0.667934 318.693 395.662 0.590055 352.598 450.875 0.611886 380.861 513.475 0.596659 336.745 384.123 0.418776 384.994 399.239 0.256766 431.018 409.399 0.1 347.599 285.448 0.533075 0 0 0 334.98 284.781 0.669091 0 0 0 0
5 111 21 353.905 294.142 0.400305 320.862 312.617 0.724712 316.759 322.812 0.704109 335.85 387.18 0.709741 388.268 413.032 0.655912 324.347 306.078 0.602166 362.164 361.314 0.718945 403.932 385.215 0.731364 323.472 397.618 0.538649 357.828 451.322 0.712679 387.166 515.646 0.679066 342.608 384.991 0.431682 398.462 395.327 0.1 447.16 397.036 0.1 351.308 288.265 0.458246 0 0 0 338.907 287.395 0.656872 0 0 0 0
5 111 22 357.603 296.534 0.435376 326.075 314.591 0.676563 320.459 325.642 0.710548 340.849 388.915 0.735338 392.179 413.472 0.659582 331.301 308.689 0.556974 365.865 361.745 0.480098 404.364 386.63 0.227696 329.34 399.357 0.622753 363.053 452.625 0.686652 392.154 516.079 0.721196 349.778 385.428 0.563794 407.377 398.581 0.275858 463.301 384.672 0.1 354.78 291.305 0.451929 0 0 0 341.955 290.424 0.613119 0 0 0 0
5 111 23 360.208 300.229 0.563403 331.077 317.633 0.74676 324.591 328.257 0.739926 345.856 391.304 0.733099 398.044 415.432 0.773466 336.743 310.866 0.596107 369.779 362.836 0.628803 400.888 387.93 0.1 337.594 401.093 0.587071 368.919 454.363 0.77705 395.632 516.951 0.754531 357.605 386.734 0.525629 416.503 401.409 0.22553 479.443 372.309 0.111586 357.166 294.994 0.556014 362.528 299.126 0.117186 343.69 293.69 0.580379 0 0 0 0
5 111 24 363.264 303.703 0.682533 336.291 320.898 0.847053 328.278 331.516 0.822138 350.215 393.482 0.73085 403.481 417.399 0.674029 343.7 314.128 0.616352 373.481 363.275 0.409162 406.104 390.105 0.276721 342.809 402.612 0.645286 374.56 454.349 0.694013 397.368 516.955 0.756915 363.915 387.606 0.642484 425.19 404.674 0.346639 463.741 403.028 0.0984614 359.563 298.472 0.692942 366.242 300.105 0.389049 345.662 296.736 0.622123 0 0 0 0
5 111 25 366.963 305.879 0.458537 341.502 323.281 0.749475 333.058 333.256 0.79229 354.343 393.267 0.777681 405.644 417.397 0.716844 349.786 316.298 0.661754 376.091 363.278 0.410724 401.965 390.536 0.167524 347.805 402.833 0.641222 379.782 453.263 0.744728 398.028 515.648 0.678988 369.126 387.608 0.594041 437.585 397.721 0.59188 463.717 465.666 0.0625811 363.264 300.642 0.478517 369.955 301.084 0.1 349.365 298.701 0.632105 0 0 0 0
5 111 26 371.08 308.053 0.547378 346.074 326.111 0.717983 337.409 336.089 0.736562 358.485 395 0.681795 410.861 420.646 0.585144 354.348 318.69 0.564137 378.273 363.279 0.246642 396.518 387.281 0.188124 356.724 404.352 0.687153 385.224 456.52 0.723726 398.024 514.999 0.722273 377.613 388.257 0.699262 447.373 395.436 0.641805 461.822 461.775 0.0822698 366.962 302.603 0.597285 373.869 302.267 0.170982 352.631 300.673 0.63641 0 0 0 0
5 111 27 375.206 309.571 0.677583 350.637 328.93 0.758952 341.111 339.131 0.6979 363.691 397.388 0.712373 418.689 424.562 0.703483 358.698 321.085 0.676335 381.961 363.713 0.609762 399.128 385.325 0.190788 362.387 406.091 0.634071 391.095 451.747 0.700061 397.927 514.022 0.76007 383.257 389.56 0.617445 454.117 397.398 0.275964 461.826 395.194 0.0734179 370.877 304.133 0.719626 377.496 303.553 0.454177 356.108 302.421 0.693483 0 0 0 0
5 111 28 379.546 310.007 0.508291 354.551 329.152 0.657847 346.546 339.783 0.718565 368.695 396.304 0.673594 420.211 423.915 0.725685 361.301 321.083 0.582512 384.577 364.572 0.366512 401.951 383.806 0.140532 367.387 407.184 0.642382 394.793 453.268 0.648877 397.94 513.161 0.545603 385.432 391.954 0.593416 456.72 397.281 0.36425 430.415 428.468 0.0543962 375.445 304.36 0.549953 381.124 304.839 0.250571 361.318 303.709 0.604543 0 0 0 0
5 111 29 384.119 310.437 0.338222 358.255 329.366 0.601397 352.408 340.003 0.679667 372.599 396.735 0.478917 421.515 422.829 0.5457 363.26 321.508 0.466443 387.621 365.883 0.314747 404.99 382.723 0.189871 371.093 408.481 0.536639 398.275 452.404 0.461581 397.942 512.297 0.206527 386.957 394.338 0.402921 457.81 397.275 0.48593 492.983 430.434 0.0572957 380.88 304.361 0.394765 0 0 0 368.05 303.927 0.60101 0 0 0 0
5 111 30 389.326 310.867 0.456893 361.953 328.93 0.684667 357.403 340.002 0.721338 376.079 397.176 0.516514 423.697 424.355 0.526958 365.219 320.645 0.552698 390.439 365.449 0.14523 406.074 378.808 0.195507 375.444 409.782 0.646547 400.007 453.913 0.311232 398.375 512.083 0.164967 390 396.083 0.581915 458.472 397.494 0.540618 504.788 422.603 0.0649897 386.098 304.799 0.539098 0 0 0 373.692 304.355 0.652761 0 0 0 0
5 111 31 394.337 311.306 0.50478 365.223 328.928 0.675833 361.309 340.213 0.71621 378.907 397.609 0.437453 426.299 426.087 0.326055 368.051 320.426 0.494596 392.618 364.139 0.135037 407.383 375.106 0.157938 378.71 410.655 0.480677 402.394 452.833 0.119906 398.816 511.43 0.1 393.263 397.388 0.431236 459.557 397.492 0.297531 489.976 403.305 0.10486 391.536 305.015 0.548898 0 0 0 379.774 304.361 0.603131 0 0 0 0
5 111 32 400.427 310.444 0.252305 368.708 327.627 0.58168 366.744 339.554 0.615652 382.166 395.872 0.388752 426.518 424.785 0.301214 369.137 318.907 0.423382 395.671 364.346 0.10515 409.123 373.369 0.1 382.407 410.657 0.542376 404.35 453.915 0.309209 398.824 511.641 0.405887 396.303 398.255 0.35481 461.299 397.493 0.1 480.228 416.529 0.1 397.626 304.792 0.312107 0 0 0 386.737 304.136 0.585334 0 0 0 0
5 111 33 405.861 310.014 0.205812 371.756 326.106 0.688806 371.097 338.472 0.700968 385.207 395.002 0.637869 427.597 425.22 0.430141 370.662 316.74 0.568607 399.362 364.563 0.120349 412.817 375.547 0.187548 385.888 410.872 0.618446 406.539 452.396 0.448567 399.057 510.765 0.614702 398.909 399.338 0.374404 461.962 397.484 0.182743 470.481 429.753 0.1 403.922 304.575 0.275648 0 0 0 393.256 303.915 0.732193 0 0 0 0
5 111 34 411.071 310.019 0.257653 375.237 325.892 0.668547 375.445 338.909 0.651259 388.905 396.301 0.588085 430.648 426.314 0.313657 372.625 316.087 0.560536 403.7 366.303 0.104626 415.651 375.554 0.282818 390.887 412.383 0.610771 411.969 452.612 0.40511 399.492 511.631 0.53132 401.303 401.297 0.386908 456.956 404.88 0.242108 460.734 442.977 0.1 409.343 304.574 0.337178 0 0 0 398.905 303.914 0.685409 0 0 0 0
5 111 35 416.289 310.018 0.405874 379.583 325.015 0.691563 380.003 337.818 0.644477 390.858 394.991 0.622584 425.868 423.494 0.214113 377.626 315.866 0.507953 408.684 366.733 0.129377 420.647 380.542 0.324428 393.925 412.593 0.632829 415.437 449.791 0.42059 400.367 512.064 0.596374 404.334 402.82 0.510632 454.558 410.11 0.535117 450.987 456.201 0.132085 414.775 304.57 0.473449 0 0 0 404.989 303.688 0.610334 0 0 0 0
5 111 36 421.724 309.372 0.289082 384.15 323.503 0.686278 384.773 335.647 0.669179 392.163 392.385 0.570196 419.565 420.232 0.482073 382.629 315.219 0.55518 412.391 367.16 0.213499 425.43 384.015 0.132203 397.394 412.579 0.693714 416.516 455.006 0.525312 400.704 513.038 0.568647 407.382 403.914 0.453273 452.602 416.412 0.287459 443.165 468.586 0.1 420.429 304.35 0.336825 0 0 0 411.082 303.46 0.619569 0 0 0 0
5 111 37 426.944 309.16 0.444913 389.361 323.931 0.695059 388.235 334.781 0.662104 393.031 391.937 0.596915 418.697 420.442 0.461453 390.228 316.739 0.56745 416.731 366.084 0.371566 429.782 387.173 0.20584 401.09 412.353 0.65176 419.766 454.779 0.415615 401.137 513.256 0.514042 412.816 403.265 0.469902 450.866 422.176 0.319337 435.886 479.071 0.101791 425.643 304.348 0.492538 0 0 0 415.217 303.463 0.693066 0 0 0 0
5 111 38 431.729 309.16 0.352581 394.342 323.932 0.711533 393.447 334.786 0.750596 397.383 391.723 0.615358 424.135 426.086 0.430392 393.716 315.881 0.635802 421.619 366.411 0.120115 434.455 389.459 0.124174 406.299 412.135 0.734492 422.378 456.947 0.320105 402.002 514.124 0.1 416.948 403.483 0.539544 448.477 429.357 0.47773 429.149 487.656 0.458497 430.426 304.554 0.422922 0 0 0 419.571 303.469 0.729527 0 0 0 0
5 111 39 436.515 309.167 0.435975 398.902 323.708 0.708272 398.67 334.786 0.712132 402.163 391.504 0.656547 428.039 427.613 0.432328 397.404 315.226 0.600913 426.834 368.153 0.706123 439.668 391.845 0.599956 410.651 411.928 0.701526 426.072 458.692 0.467215 402.866 515.412 0.54859 419.124 404.562 0.605963 445.651 436.747 0.170416 422.848 495.74 0.1 435.203 304.565 0.469177 0 0 0 423.923 303.472 0.610926 0 0 0 0
5 111 40 441.494 308.948 0.364545 403.686 323.05 0.749798 402.8 331.739 0.729779 404.553 384.547 0.638897 428.271 415.876 0.56543 402.839 315.66 0.61991 432.05 369.682 0.615313 445.15 394.022 0.582134 415.005 410.845 0.743356 430.197 461.736 0.583167 403.954 516.065 0.709655 422.166 405.215 0.656733 442.822 444.797 0.210861 416.762 501.823 0.1 439.981 304.361 0.383534 0 0 0 428.058 302.606 0.561307 0 0 0 0
5 111 41 445.632 309.153 0.446734 408.455 322.823 0.763401 407.147 331.302 0.757859 408.684 383.681 0.625966 430.664 414.137 0.517936 407.188 315.439 0.655917 436.392 369.323 0.566272 449.601 394.025 0.528123 420.436 409.76 0.725786 436.933 459.349 0.652374 409.275 515.631 0.708917 425.429 405.001 0.648508 440.876 451.745 0.181972 412.424 508.026 0.1 444.55 304.159 0.46779 0 0 0 432.837 302.391 0.627283 0 0 0 0
5 111 42 450.415 308.285 0.339088 413.455 322.382 0.735194 411.932 329.998 0.727156 412.384 382.151 0.627255 431.972 410.01 0.224255 411.319 315.002 0.665948 440.737 368.813 0.1 454.104 392.067 0.1 425.648 408.463 0.693319 443.673 459.789 0.409898 418.613 517.369 0.545808 428.473 404.785 0.463098 440.66 458.272 0.369464 410.692 515.208 0.385543 449.126 303.924 0.408309 0 0 0 438.262 301.741 0.693701 0 0 0 0
5 111 43 454.985 307.845 0.39923 418.671 320.431 0.772877 414.545 326.092 0.710654 414.117 375.625 0.647893 433.701 398.709 0.340888 419.789 315.223 0.710375 444.878 366.639 0.114704 459.093 390.548 0.292853 429.563 406.725 0.712688 447.802 459.353 0.669564 427.955 517.806 0.690521 434.993 403.047 0.501774 446.101 456.529 0.194678 414.819 513.476 0.14771 453.698 303.704 0.475043 0 0 0 442.605 300.434 0.746852 0 0 0 0
5 111 44 459.553 307.408 0.434985 423.449 319.786 0.576106 420.637 326.09 0.707795 421.945 374.977 0.500989 442.4 396.314 0.493193 421.738 313.486 0.389178 449.011 365.794 0.106594 463.583 387.375 0.1 435.216 405.86 0.551395 454.541 460.005 0.275394 437.3 517.158 0.412559 437.386 402.401 0.469407 449.799 456.741 0.394502 419.707 511.923 0.403597 458.479 303.486 0.473159 0 0 0 448.465 300.221 0.481613 0 0 0 0
5 111 45 463.248 306.973 0.435951 428.443 318.259 0.578127 424.547 323.48 0.647429 426.076 369.547 0.443337 448.916 386.53 0.261125 428.255 313.254 0.547993 453.143 364.949 0.1 468.074 384.203 0.1 438.698 404.131 0.629092 461.285 458.038 0.379203 448.92 515.313 0.1 441.513 401.531 0.481807 454.144 455.658 0.39659 425.355 510.55 0.403233 462.165 303.262 0.499031 0 0 0 452.375 298.923 0.663647 0 0 0 0
5 111 46 466.953 306.746 0.21348 432.362 316.518 0.593685 428.246 321.298 0.618678 431.292 364.551 0.386168 456.308 376.317 0.26591 431.959 311.734 0.470169 457.276 364.104 0.1 472.564 381.03 0.1 443.686 403.058 0.643506 469.116 456.529 0.482583 462.181 513.57 0.126371 445.21 401.312 0.484928 457.834 455.654 0.362183 431.765 509.356 0.379801 466.08 303.035 0.247331 0 0 0 457.154 297.414 0.565843 0 0 0 0
5 111 47 471.514 306.308 0.314651 436.503 314.995 0.642859 429.989 317.813 0.739717 433.691 358.036 0.583292 457.172 361.319 0.492972 438.906 311.944 0.564046 461.409 363.259 0.169418 477.054 377.857 0.205373 446.517 401.978 0.661772 476.937 454.357 0.527497 469.999 512.27 0.192004 449.774 400.661 0.585926 461.964 454.13 0.47667 438.067 509.134 0.287279 470.856 302.605 0.32294 0 0 0 461.937 296.322 0.452112 0 0 0 0
5 111 48 475.207 306.075 0.161925 441.282 313.486 0.544413 431.726 314.345 0.610784 435.439 352.381 0.287329 456.527 356.092 0.362955 447.162 313.031 0.46145 0 0 0 0 0 0 449.342 400.459 0.547719 485.422 451.095 0.367836 480.11 510.219 0.163924 455.639 399.366 0.379756 465.66 451.731 0.191337 444.587 507.405 0.1 474.547 302.161 0.224008 0 0 0 465.628 294.594 0.589627 0 0 0 0
5 111 49 479.35 305.848 0.221506 445.85 313.699 0.516296 438.25 315.869 0.693237 442.613 355.427 0.468364 463.259 363.919 0.338318 448.901 311.736 0.337304 483.247 334.56 0.0701179 471.546 334.555 0.0643012 453.899 400.454 0.435202 492.817 447.839 0.243072 492.283 508.483 0.1 458.031 399.147 0.404091 468.058 448.913 0.259874 451.11 506.102 0.1 479.108 301.287 0.196018 0 0 0 471.283 294.378 0.302353 0 0 0 0
5 111 50 484.124 305.208 0.148686 450.636 313.705 0.545771 443.906 315.66 0.713583 449.135 355.425 0.50617 469.559 363.264 0.310181 452.596 311.96 0.351465 0 0 0 0 0 0 457.378 400.671 0.58578 494.562 448.053 0.439806 495.654 506.74 0.164437 459.771 399.148 0.486936 470.22 447.827 0.381399 457.404 505.655 0.21659 483.89 300.843 0.153961 0 0 0 475.855 294.157 0.312567 0 0 0 0
5 111 51 488.579 305.101 0.18161 455.192 313.93 0.523563 449.991 316.522 0.656719 455.864 355.867 0.445091 475.858 362.821 0.226993 455.859 312.18 0.342824 0 0 0 0 0 0 461.075 401.971 0.478689 497.814 448.055 0.274037 497.83 504.566 0.242284 461.724 400.451 0.404576 470.867 447.613 0.249892 462.4 505.215 0.270144 488.445 300.64 0.203898 0 0 0 480.848 294.372 0.408181 0 0 0 0
5 111 52 493.361 305.108 0.232998 459.12 314.576 0.453624 457.166 318.91 0.609893 462.928 360.872 0.284644 483.251 370.857 0.183316 456.291 310.876 0.256852 498.909 326.756 0.0553986 0 0 0 464.124 401.766 0.403189 496.943 447.841 0.273809 496.091 502.398 0.1 462.162 400.45 0.353875 471.948 447.18 0.229168 466.524 504.129 0.245349 493.016 300.641 0.207937 0 0 0 486.278 295.455 0.332485 0 0 0 0
5 111 53 498.14 305.109 0.124688 463.257 314.359 0.527026 459.767 317.393 0.464545 464.878 360.432 0.386776 487.815 370.641 0.422192 462.816 311.96 0.451888 0 0 0 0 0 0 465.641 401.118 0.455167 494.993 446.97 0.318682 494.565 501.314 0.142107 466.293 400.438 0.362386 474.34 447.186 0.251947 473.475 502.972 0.248262 497.587 300.641 0.142375 0 0 0 489.992 295.455 0.499248 0 0 0 0
5 111 54 503.146 305.757 0.102958 466.74 315.671 0.634529 464.782 319.57 0.568223 470.098 365.422 0.212031 493.465 377.161 0.113211 463.04 311.96 0.581483 0 0 0 0 0 0 468.892 401.766 0.450523 494.126 446.972 0.21088 491.19 500.774 0.181543 467.598 400.658 0.365471 477.166 447.402 0.299203 480.21 502.824 0.42128 502.805 301.068 0.14696 0 0 0 495.425 296.758 0.610688 0 0 0 0
5 111 55 509.227 305.984 0.1 471.519 316.986 0.684054 472.395 322.829 0.685396 478.145 371.297 0.275414 497.268 385.094 0.180933 464.556 312.388 0.661999 0 0 0 0 0 0 471.072 401.758 0.534175 492.171 446.751 0.269178 485.959 500.775 0.156259 468.901 400.442 0.491221 478.476 446.75 0.351361 481.51 501.956 0.446281 508.453 301.294 0.116366 0 0 0 500.872 298.281 0.687738 0 0 0 0
5 111 56 513.578 307.289 0.215047 476.956 319.162 0.585809 478.046 325.44 0.447206 482.272 374.992 0.1 501.62 393.569 0.1 470.642 314.779 0.539019 0 0 0 0 0 0 475.198 401.974 0.410229 490.649 446.758 0.25739 485.748 499.465 0.306097 473.464 400.66 0.317966 480.216 446.751 0.21022 482.594 500.436 0.213153 512.808 301.726 0.271633 0 0 0 505.649 299.574 0.649107 0 0 0 0
5 111 57 518.687 308.487 0.190167 482.393 321.328 0.566806 482.402 328.263 0.589538 487.051 378.686 0.248478 507.266 392.703 0.155385 476.52 315.651 0.318374 0 0 0 0 0 0 479.113 401.972 0.600266 488.474 446.106 0.554222 483.241 498.483 0.584086 479.118 400.442 0.393726 482.062 446.758 0.202772 483.355 499.238 0.166813 517.864 302.734 0.221091 0 0 0 510.436 301.53 0.541466 0 0 0 0
5 111 58 523.797 309.685 0.213935 486.741 322.202 0.589463 485.013 328.699 0.665942 489.012 379.995 0.377138 510.742 393.135 0.259584 485.21 317.494 0.388103 0 0 0 0 0 0 481.721 401.759 0.581451 486.734 445.889 0.585345 478.247 498.048 0.609811 484.332 400.442 0.42665 485.104 446.315 0.249075 484.228 497.933 0.192192 522.921 303.741 0.245665 0 0 0 514.78 302.826 0.53895 0 0 0 0
5 111 59 528.906 310.882 0.117349 491.093 322.633 0.540801 486.746 328.262 0.450317 493.146 381.95 0.270791 518.127 400.309 0.1 493.249 318.794 0.502109 0 0 0 0 0 0 484.339 402.194 0.453259 488.472 446.325 0.417166 479.114 497.835 0.547896 491.29 401.091 0.31939 490.683 446.243 0.157794 487.878 496.202 0.119841 527.977 304.748 0.177082 0 0 0 519.123 303.472 0.614383 0 0 0 0
5 111 60 534.015 312.08 0.121594 496.319 322.635 0.530057 487.405 326.962 0.500505 494.449 381.516 0.197402 521.606 400.969 0.148379 503.46 320.104 0.326217 0 0 0 0 0 0 487.381 401.975 0.47048 488.48 447.843 0.27258 478.461 497.835 0.412112 501.508 401.096 0.327682 499.232 446.533 0.185241 494.515 494.033 0.241831 533.034 305.756 0.14465 0 0 0 521.09 303.905 0.398166 0 0 0 0
5 111 61 0 0 0 500.873 322.866 0.495205 488.487 326.522 0.58271 496.953 381.516 0.328443 524.443 402.061 0.179746 511.296 321.839 0.333109 0 0 0 0 0 0 491.071 403.925 0.437815 492.173 455.448 0.333291 486.292 511.527 0.547643 509.769 402.833 0.246964 509.664 448.707 0.1 504.136 492.299 0.1 0 0 0 0 0 0 524.356 304.115 0.257932 0 0 0 0
5 111 62 0 0 0 504.571 323.291 0.424443 492.614 326.741 0.450332 500.429 381.74 0.184315 526.627 402.935 0.141771 514.779 322.051 0.1 0 0 0 0 0 0 494.999 404.355 0.388178 496.084 455.015 0.278481 490.214 510.65 0.452774 514.989 402.838 0.241627 517.485 448.488 0.146423 512.831 490.345 0.159029 0 0 0 0 0 0 527.828 304.331 0.241491 0 0 0 0
5 111 63 0 0 0 508.486 323.293 0.444207 496.955 326.52 0.511919 504.129 381.741 0.227187 530.544 404.455 0.127824 518.8 322.271 0.249038 0 0 0 0 0 0 500.006 404.575 0.353262 501.953 456.975 0.198781 499.127 512.822 0.252189 519.988 403.051 0.187752 521.621 450.005 0.1 517.183 491.436 0.1 0 0 0 0 0 0 532.173 304.543 0.286674 0 0 0 0
5 111 64 0 0 0 512.177 324.154 0.365998 501.089 326.965 0.522531 508.041 383.048 0.325952 536.312 406.736 0.141979 522.287 322.709 0.17695 0 0 0 0 0 0 506.307 405.444 0.239457 509.341 458.932 0.119149 508.052 514.778 0.140984 524.342 403.92 0.112974 527.274 452.183 0.1 525.226 494.039 0.1 0 0 0 0 0 0 535.866 304.969 0.244523 0 0 0 0
5 111 65 0 0 0 515.002 323.932 0.474007 506.959 328.051 0.583729 516.294 386.095 0.465157 542.508 408.697 0.315822 521.64 321.401 0.277764 0 0 0 0 0 0 511.305 405.443 0.409678 515.001 460.671 0.294841 516.748 517.173 0.264897 526.516 404.137 0.227383 533.142 453.918 0.106282 533.49 496.865 0.1 0 0 0 0 0 0 539.999 305.412 0.279179 0 0 0 0
5 111 66 559.829 315.824 0.157589 517.184 324.364 0.515856 513.699 328.707 0.634706 523.91 388.705 0.512633 549.031 411.526 0.482494 519.684 320.971 0.356029 0 0 0 0 0 0 516.731 406.954 0.515954 522.172 463.277 0.256829 526.104 519.132 0.423095 526.291 405.863 0.29883 538.688 456.311 0.191543 541.419 499.801 0.125218 557.947 309.05 0.173789 0 0 0 544.994 305.84 0.320028 0 0 0 0
5 111 67 563.028 315.967 0.163222 520.222 324.794 0.51742 519.353 329.791 0.525834 531.303 391.09 0.341255 554.478 413.481 0.354066 518.386 320.858 0.1 0 0 0 0 0 0 521.518 408.902 0.459073 528.478 466.535 0.272668 534.143 522.392 0.215297 527.594 407.39 0.307639 544.991 459.57 0.190399 549.018 503.283 0.143537 561.41 309.13 0.191857 0 0 0 548.691 306.5 0.358785 0 0 0 0
5 111 68 566.226 316.111 0.148398 523.257 325.012 0.638885 525.438 330.656 0.649798 535.871 391.743 0.397742 558.182 413.697 0.121763 518.6 320.861 0.58473 493.006 359.977 0.082371 0 0 0 524.346 411.727 0.455299 530.65 475.876 0.332826 538.496 535.218 0.321459 526.295 409.562 0.491084 544.193 468.771 0.377894 551.023 517.414 0.387359 564.872 309.211 0.170356 0 0 0 552.601 306.511 0.488541 0 0 0 0
5 111 69 569.425 316.254 0.1 525.636 325.437 0.469709 532.389 331.96 0.43567 543.051 391.959 0.192992 562.969 414.998 0.1 516.645 320.642 0.415898 0 0 0 0 0 0 528.483 411.942 0.303769 536.082 475.884 0.254755 544.151 537.827 0.259828 523.255 409.123 0.312937 544.121 469.784 0.257238 552.002 521.751 0.283241 568.334 309.292 0.1 0 0 0 557.824 306.513 0.389809 0 0 0 0
5 111 70 572.623 316.397 0.193328 528.03 325.643 0.719746 538.697 333.045 0.705594 550.005 391.964 0.399585 568.173 415.859 0.109315 515.767 320.213 0.700274 0 0 0 0 0 0 533.048 411.074 0.546181 541.312 470.23 0.311005 545.45 527.175 0.195459 521.735 408.251 0.571392 541.73 469.786 0.399536 550.206 526.319 0.395353 571.797 309.373 0.233198 0 0 0 561.954 306.523 0.55869 0 0 0 0
5 111 71 576.819 315.743 0.34218 531.285 325.652 0.738759 544.353 334.344 0.740243 557.19 392.83 0.422862 573.603 416.938 0.188891 516.633 320.003 0.727651 0 0 0 0 0 0 537.605 412.161 0.593695 546.091 473.055 0.397076 550.44 530.221 0.32042 521.08 409.549 0.544709 538.915 472.61 0.304912 544.994 531.099 0.328315 575.85 309.236 0.392792 0 0 0 566.518 306.74 0.626593 0 0 0 0
5 111 72 580.304 315.736 0.17382 535.412 326.942 0.722848 550.665 336.3 0.712415 565.677 396.524 0.607545 583.591 423.023 0.579216 518.695 320.001 0.656359 0 0 0 0 0 0 540.212 414.552 0.497503 548.046 474.793 0.316119 549.358 530.658 0.225816 520.211 411.067 0.403877 535.003 476.961 0.245277 542.167 532.187 0.164812 579.549 309.032 0.216324 0 0 0 570.225 306.742 0.683369 0 0 0 0
5 111 73 583.786 314.444 0.118421 538.681 326.94 0.834732 554.354 336.082 0.791066 570.029 397.174 0.497512 591.84 427.16 0.390866 521.952 319.793 0.836717 506.67 360.01 0.123558 0 0 0 541.082 417.162 0.671021 549.895 476.092 0.560674 547.616 531.96 0.54343 519.562 412.805 0.60781 533.045 479.786 0.479018 538.908 532.843 0.476865 583.028 308.375 0.162394 0 0 0 573.693 306.306 0.630321 0 0 0 0
5 111 74 587.261 313.149 0.1 542.165 326.51 0.81682 558.699 335.648 0.739048 575.04 394.565 0.425598 598.031 421.938 0.354487 525.215 319.572 0.7884 504.811 356.134 0.125935 0 0 0 543.048 418.239 0.586926 554.454 476.955 0.361523 546.527 532.832 0.332103 519.566 412.803 0.593023 532.177 481.31 0.478387 534.338 533.5 0.496696 586.503 307.398 0.1 0 0 0 576.736 305.657 0.565011 549.807 295.428 0.0813212 0
5 111 75 590.728 311.851 0.1 545.64 325.857 0.696784 563.04 335.426 0.660949 580.035 393.042 0.307238 605.428 424.973 0.220521 528.265 319.348 0.676532 0 0 0 0 0 0 544.799 418.677 0.511674 559.233 477.392 0.322057 548.92 534.356 0.343426 519.788 412.375 0.487479 533.26 483.045 0.266991 533.474 533.936 0.223606 589.975 306.101 0.1 0 0 0 579.57 304.999 0.661656 0 0 0 0
5 111 76 593.994 310.335 0.12467 548.691 325.214 0.801528 566.949 335.213 0.711876 585.468 393.042 0.705258 614.115 428.23 0.6877 531.312 319.127 0.756339 0 0 0 0 0 0 548.28 421.074 0.517258 563.686 477.935 0.270779 553.049 533.661 0.291788 521.745 414.329 0.50113 533.003 482.166 0.208387 531.454 529.436 0.1 593.451 304.372 0.228524 0 0 0 582.83 303.91 0.824336 555.696 293.462 0.113463 0
5 111 77 597.542 308.677 0.187279 552.177 325.436 0.682053 571.083 335.44 0.656444 590.684 392.396 0.4775 620.638 426.494 0.58382 533.929 319.121 0.651872 0 0 0 0 0 0 554.79 421.508 0.337379 571.074 472.507 0.1 560.216 522.273 0.107249 526.091 414.547 0.268622 532.746 481.288 0.1 529.433 524.937 0.1 596.717 303.212 0.27691 0 0 0 586.101 303.038 0.802108 0 0 0 0
5 111 78 600.731 307.082 0.1 555.447 325.01 0.795565 574.783 335.009 0.691783 596.337 393.914 0.356618 629.553 429.753 0.210553 536.97 319.106 0.804494 514.54 356.056 0.0772685 0 0 0 559.358 423.464 0.567751 574.554 476.197 0.230898 565.21 520.406 0.179133 529.135 415.642 0.518201 532.49 480.41 0.187906 527.413 520.437 0.135036 599.766 301.975 0.1 0 0 0 589.573 301.31 0.831183 0 0 0 0
5 111 79 603.841 305.344 0.154613 558.931 324.792 0.776083 578.915 334.146 0.721261 601.781 394.127 0.435509 638.479 433.45 0.288732 540.232 319.093 0.816957 0 0 0 0 0 0 563.71 424.329 0.545639 579.009 477.287 0.324023 570.423 518.057 0.170144 533.048 416.297 0.452911 532.233 479.531 0.131496 525.393 515.937 0.107286 602.736 300.306 0.263439 0 0 0 592.623 299.784 0.798323 0 0 0 0
5 111 80 606.243 303.98 0.214501 562.197 324.351 0.680626 583.051 332.844 0.652251 606.776 392.178 0.48801 643.687 430.63 0.363569 543.065 318.868 0.655853 0 0 0 0 0 0 567.848 423.679 0.352312 584.669 475.114 0.1 576.071 515.232 0.1 536.318 415.217 0.300413 510.634 518.467 0.0609856 0 0 0 605.684 298.65 0.324761 0 0 0 595.448 298.046 0.766896 0 0 0 0
5 111 81 608.645 302.615 0.1 564.809 322.617 0.683897 586.302 330.678 0.68041 611.328 388.482 0.549073 643.911 422.264 0.474892 545.668 317.785 0.65054 0 0 0 0 0 0 572.629 420.855 0.405494 591.309 472.398 0.115422 582.7 512.403 0.1 540.66 413.05 0.352443 555.699 516.52 0.0762905 0 0 0 608.609 297.009 0.1 0 0 0 598.705 296.309 0.766003 571.309 287.618 0.0854593 0
5 111 82 611.048 301.251 0.1 568.071 321.314 0.736463 589.792 328.934 0.639617 615.675 385.221 0.496872 643.915 414.003 0.449496 548.063 317.131 0.668516 0 0 0 0 0 0 578.933 418.243 0.388288 597.079 470.442 0.137928 589.881 509.363 0.1 547.173 411.524 0.299195 571.324 496.94 0.0674911 0 0 0 611.808 295.327 0.1 0 0 0 602.178 294.57 0.739739 573.255 283.718 0.0753276 0
5 111 83 613.45 299.887 0.124218 571.33 320.006 0.827084 592.626 326.981 0.678008 619.365 385.65 0.441999 649.355 419.219 0.171662 551.313 315.834 0.759981 0 0 0 0 0 0 583.495 417.818 0.446546 602.081 469.351 0.1 597.71 506.318 0.1 552.164 411.528 0.362451 585.047 475.445 0.072086 0 0 0 615.279 293.581 0.208694 0 0 0 605.655 292.391 0.767695 0 0 0 0
5 111 84 0 0 0 574.808 318.059 0.850543 595.886 325.015 0.735194 621.534 383.045 0.497668 650.216 412.27 0.304086 554.791 314.315 0.805491 539.987 352.205 0.0656468 0 0 0 588.27 415.871 0.541221 605.995 467.175 0.152939 600.103 503.917 0.169531 557.384 410.435 0.491844 584.951 453.925 0.0664412 586.974 504.797 0.0863838 619.162 291.349 0.1 0 0 0 609.78 289.791 0.773398 581.542 275.849 0.103803 0
5 111 85 0 0 0 579.364 316.535 0.726284 600.67 323.28 0.701844 626.107 381.094 0.352755 655.211 409.665 0.1 558.26 312.8 0.698191 539.997 352.176 0.080743 0 0 0 591.966 412.606 0.284819 611.542 463.596 0.1 603.367 501.995 0.1 561.091 407.174 0.271202 0 0 0 0 0 0 623.045 289.118 0.1 0 0 0 613.911 287.614 0.760228 585.473 275.071 0.155041 0
5 111 86 0 0 0 583.053 314.575 0.831253 604.372 321.309 0.770402 629.805 377.602 0.524314 657.819 405.53 0.109654 561.733 311.274 0.773671 545.623 349.993 0.286186 555.733 369.768 0.0696751 594.585 408.263 0.605105 617.418 458.81 0.392095 606.631 501.203 0.353949 565.212 403.703 0.601416 591.798 457.529 0.363742 593.205 497.585 0.292833 626.928 286.887 0.1 0 0 0 617.602 285.438 0.870479 589.405 274.292 0.261311 0
5 111 87 629.967 291.517 0.0923413 586.75 313.696 0.802139 608.925 320.01 0.716762 634.151 374.128 0.379168 661.077 401.834 0.169557 565.211 309.766 0.74792 548.182 349.721 0.181507 0 0 0 597.622 405.23 0.541055 624.362 452.945 0.241102 610.761 500.901 0.182819 568.688 401.958 0.477899 593.522 458.311 0.114799 594.474 498.952 0.1 630.811 284.656 0.167606 0 0 0 621.302 284.34 0.746272 593.336 273.514 0.1 0
5 111 88 0 0 0 590.438 312.179 0.785008 612.833 319.139 0.654142 639.138 372.176 0.4072 664.553 397.272 0.141652 568.689 308.044 0.801795 550.741 349.449 0.255547 555.715 367.925 0.0787197 599.792 403.498 0.58715 630.341 449.689 0.390041 614.691 501.726 0.45023 571.075 400.654 0.562821 595.246 459.092 0.211512 595.742 500.318 0.228853 0 0 0 0 0 0 625.646 282.824 0.728429 597.267 272.736 0.111136 0
5 111 89 0 0 0 594.782 310.873 0.794266 616.966 318.486 0.787463 644.794 371.726 0.75102 672.164 399.235 0.577192 572.373 306.538 0.838312 553.299 349.177 0.210402 0 0 0 604.13 402.847 0.688031 635.334 450.781 0.549436 619.708 503.903 0.576227 574.759 400.439 0.547292 596.971 459.874 0.137862 597.01 501.685 0.176617 0 0 0 0 0 0 629.996 281.303 0.797241 600.974 271.857 0.239298 0
5 111 90 0 0 0 599.131 310.001 0.813287 621.316 318.048 0.782622 650.226 369.99 0.646097 680.422 401.525 0.220626 576.293 305.893 0.794062 555.858 348.905 0.388897 567.918 377.025 0.153471 609.139 402.638 0.674511 639.579 451.541 0.536062 626.117 505.425 0.643428 579.542 400.66 0.657049 598.695 460.656 0.548387 598.278 503.051 0.393109 0 0 0 0 0 0 633.906 279.786 0.774683 604.68 271.407 0.248508 0
5 111 91 0 0 0 603.262 308.916 0.832407 626.308 317.182 0.81946 655.445 368.463 0.77708 689.116 404.785 0.375682 580.854 305.027 0.819047 559.123 348.685 0.399625 570.885 375.759 0.120215 612.626 401.769 0.689003 643.269 451.545 0.797011 632.852 506.511 0.848316 582.808 399.575 0.701382 600.645 460.878 0.523762 599.577 505.44 0.48209 0 0 0 0 0 0 637.832 278.484 0.828113 609.032 271.18 0.309484 0
5 111 92 0 0 0 608.47 308.484 0.823111 632.389 316.959 0.771044 661.531 366.942 0.809426 694.11 403.27 0.649212 584.775 304.811 0.819175 561.522 348.253 0.305312 573.853 374.493 0.117259 617.19 400.688 0.712582 646.316 451.54 0.78692 638.509 507.599 0.803719 586.509 398.702 0.69952 601.958 460.216 0.439752 600.443 506.304 0.477735 0 0 0 0 0 0 642.624 277.616 0.772732 613.274 270.85 0.180657 0
5 111 93 0 0 0 613.473 308.478 0.818584 638.255 316.534 0.812966 669.356 366.069 0.774222 701.943 404.355 0.638728 589.332 304.808 0.837917 563.709 347.381 0.413001 576.82 373.227 0.11568 621.538 400.683 0.678765 649.146 452.623 0.760724 645.459 507.822 0.677103 589.988 398.488 0.690414 602.396 461.307 0.577812 600.867 508.48 0.512515 0 0 0 0 0 0 646.758 277.174 0.813603 616.973 270.632 0.260833 0
5 111 94 0 0 0 618.262 308.476 0.847448 643.048 316.519 0.771851 674.558 364.113 0.799757 705.651 401.749 0.719793 594.33 304.805 0.809548 566.755 346.295 0.543966 579.788 371.961 0.141674 626.311 399.82 0.734922 651.314 454.134 0.70915 650.897 508.484 0.576784 593.68 398.269 0.743681 602.177 463.699 0.68121 600.652 511.957 0.570281 0 0 0 0 0 0 651.107 276.527 0.813468 621.314 270.625 0.285271 0
5 111 95 0 0 0 623.475 308.477 0.838258 648.908 316.311 0.83229 680.208 363.252 0.82851 710.431 399.794 0.739482 598.894 304.81 0.823326 570.021 346.511 0.572831 583.049 371.311 0.156454 630.866 399.819 0.746129 653.696 455.435 0.739315 655.9 508.486 0.738685 596.729 398.048 0.745168 603.278 462.612 0.720985 601.515 510.65 0.532431 0 0 0 0 0 0 656.107 276.096 0.822011 626.091 270.622 0.319446 0
5 111 96 0 0 0 628.694 308.483 0.879575 654.356 316.512 0.780331 686.067 363.026 0.789827 714.57 397.181 0.679211 603.245 304.81 0.878651 573.49 346.297 0.672151 585.866 370.44 0.123167 634.998 399.604 0.718185 655.004 456.944 0.713827 659.608 508.695 0.774776 600.2 397.396 0.746507 604.583 461.09 0.645302 602.807 510.649 0.528415 0 0 0 0 0 0 661.108 275.452 0.786127 630.662 270.414 0.493431 0
5 111 97 0 0 0 634.564 309.352 0.871086 660.665 316.944 0.832565 691.289 362.154 0.816268 718.043 393.052 0.456873 608.031 305.03 0.857153 576.97 346.292 0.68362 589.352 368.916 0.2557 640.215 399.61 0.748342 656.51 458.023 0.732122 663.079 508.26 0.772559 603.91 396.96 0.794712 606.305 458.693 0.701103 604.112 509.783 0.472695 0 0 0 0 0 0 665.893 275.237 0.823824 634.373 270.418 0.625965 0
5 111 98 0 0 0 640.21 310.003 0.816437 667.184 317.385 0.847898 694.551 362.815 0.839397 715.658 391.96 0.713409 613.034 305.233 0.916689 580.885 346.075 0.765438 592.177 368.261 0.396995 643.908 400.044 0.736833 658.034 457.583 0.77827 665.032 507.173 0.75552 607.171 396.732 0.78283 607.832 457.167 0.6359 605.191 509.134 0.316917 0 0 0 0 0 0 670.456 275.023 0.823734 638.503 270.419 0.580714 1
5 111 99 0 0 0 645.638 309.788 0.863741 673.273 317.384 0.808321 698.689 361.733 0.769276 716.54 388.913 0.536255 617.827 305.007 0.927252 584.568 345.219 0.795561 594.786 367.178 0.299594 647.385 400.04 0.777955 659.549 456.501 0.761853 665.474 506.735 0.805664 609.57 396.071 0.769436 609.349 454.777 0.685127 606.283 507.607 0.646723 0 0 0 0 0 0 675.449 274.799 0.821459 643.275 270.206 0.592137 1
5 111 100 0 0 0 651.067 309.575 0.857282 679.576 316.949 0.867919 703.903 360 0.777469 720.896 383.266 0.445469 622.179 304.776 0.886463 588.051 344.995 0.816513 596.959 366.31 0.42821 651.084 400.044 0.771797 660.862 456.277 0.783386 665.476 506.52 0.841937 612.832 395.637 0.795137 610.882 452.381 0.718593 607.585 504.357 0.719167 0 0 0 0 0 0 680.666 274.572 0.86345 647.401 269.988 0.578653 1
5 111 101 0 0 0 655.849 309.346 0.814328 684.793 316.298 0.80005 708.255 357.829 0.598162 725.687 377.182 0.135982 626.959 304.125 0.843858 592.608 344.129 0.743056 599.576 365.439 0.2778 654.351 399.595 0.736934 661.951 454.983 0.72656 665.477 506.522 0.822408 616.093 394.121 0.770787 612.618 450.43 0.757707 608.671 502.624 0.712239 0 0 0 0 0 0 684.794 274.141 0.799443 651.09 269.77 0.614623 1
5 111 102 0 0 0 659.975 308.915 0.83647 689.579 315.857 0.778881 713.898 356.738 0.440792 730.687 371.966 0.134892 630.877 303.26 0.883595 597.384 343.915 0.749012 603.044 365.006 0.220203 657.406 399.155 0.671906 662.608 454.117 0.673325 665.479 506.74 0.798116 619.355 392.82 0.76811 614.348 448.476 0.715033 609.552 500.445 0.667768 0 0 0 0 0 0 688.918 273.715 0.761247 654.367 269.547 0.491228 1
5 111 103 0 0 0 663.235 308.266 0.879125 693.481 314.559 0.773019 718.683 354.128 0.427821 733.943 364.358 0.1 634.143 302.607 0.842417 601.296 344.345 0.730998 606.079 364.996 0.244465 659.81 398.722 0.674233 662.836 453.467 0.68361 665.691 506.735 0.837522 622.403 391.738 0.660667 615.867 445.644 0.661808 610.42 497.406 0.623051 0 0 0 0 0 0 691.959 273.277 0.6788 656.977 269.115 0.596245 1
5 111 104 0 0 0 665.852 307.618 0.885316 696.527 313.263 0.839109 723.236 351.311 0.798197 737.862 356.748 0.385815 637.196 301.954 0.828128 604.78 344.124 0.740911 608.034 363.471 0.233527 662.421 398.289 0.745337 663.279 452.609 0.679978 665.901 506.747 0.853422 625.018 390.863 0.6704 616.745 444.995 0.5929 610.637 497.62 0.703334 0 0 0 0 0 0 694.137 272.842 0.782841 658.939 268.895 0.653894 1
5 111 105 0 0 0 668.239 306.528 0.908565 698.699 311.538 0.849151 726.714 348.052 0.717294 742.639 350.231 0.419414 640.022 301.299 0.844708 608.274 344.552 0.690044 609.99 363.043 0.206817 664.593 397.626 0.752213 663.718 451.53 0.689893 666.112 506.756 0.815774 627.201 389.567 0.723635 617.4 444.567 0.6464 610.642 498.706 0.707064 0 0 0 0 0 0 695.871 272.398 0.805486 660.684 268.886 0.65976 1
5 111 106 0 0 0 670.41 305.225 0.906559 701.086 310.013 0.886532 730.185 345.443 0.74678 746.336 345.225 0.347253 642.191 300.845 0.83974 611.746 344.55 0.64626 611.712 362.829 0.150444 666.991 396.962 0.774612 663.951 450.665 0.723385 666.324 507.195 0.855806 629.801 388.478 0.76061 617.633 444.345 0.789264 610.855 499.78 0.700185 0 0 0 0 0 0 697.178 272.163 0.754753 662.202 268.881 0.737346 1
5 111 107 0 0 0 671.939 304.144 0.914822 702.608 308.272 0.848918 734.955 341.321 0.755569 754.815 337.396 0.322472 643.927 300.419 0.870157 614.357 344.992 0.687703 613.012 362.613 0.237216 669.166 395.657 0.766905 664.382 449.584 0.707956 666.534 507.624 0.830798 632.412 387.184 0.723549 617.849 444.121 0.728634 611.495 500.427 0.689911 0 0 0 0 0 0 698.258 271.714 0.67183 663.278 268.884 0.774473 1
5 111 108 0 0 0 673.027 303.705 0.899784 703.473 306.965 0.87051 737.558 339.352 0.844439 755.03 329.777 0.55353 645.425 300.201 0.872946 616.533 345.854 0.657278 614.318 362.829 0.225199 670.908 394.785 0.740436 665.032 449.362 0.765079 666.54 507.851 0.871234 635.228 386.325 0.741049 618.08 444.121 0.774089 612.14 501.517 0.711119 0 0 0 0 0 0 697.827 271.068 0.47951 663.276 269.095 0.798157 1
5 111 109 0 0 0 673.899 303.476 0.910623 703.901 306.315 0.875447 737.564 338.695 0.820104 751.043 326.36 0.576664 646.501 300.197 0.883622 619.35 346.297 0.66308 615.188 363.045 0.3382 672.649 393.476 0.766591 665.674 448.488 0.820425 666.759 507.843 0.873933 637.4 385.243 0.796349 618.506 444.122 0.858317 612.574 503.244 0.789164 0 0 0 0 0 0 696.735 269.776 0.510192 662.838 269.097 0.796347 1
5 111 110 0 0 0 674.114 303.268 0.903239 704.119 305.87 0.834901 737.352 339.125 0.858983 746.112 325.848 0.529187 646.501 300.625 0.871771 620.881 347.813 0.672609 616.054 363.702 0.437559 674.377 392.83 0.770307 666.324 448.487 0.831379 666.971 508.049 0.860625 639.141 385.455 0.71885 618.94 444.564 0.834347 613.436 505.418 0.801501 0 0 0 0 0 0 695.209 269.122 0.52422 661.759 269.316 0.816496 1
5 111 111 0 0 0 674.765 303.265 0.911233 704.333 305.223 0.852637 735.405 339.127 0.80713 740.676 327.589 0.340602 646.707 301.272 0.90108 622.403 349.333 0.721383 616.281 364.139 0.316604 676.32 391.751 0.789377 667.186 448.053 0.791204 667.192 507.392 0.852842 640.885 385.241 0.714277 619.814 444.782 0.828031 614.522 507.159 0.822171 0 0 0 0 0 0 693.044 268.465 0.523768 660.45 269.745 0.828387 1
5 111 112 0 0 0 675.635 303.472 0.875022 705.419 304.796 0.819224 733.891 340.435 0.710092 733.944 332.154 0.125101 646.928 301.926 0.867857 624.139 350.205 0.625426 616.296 364.363 0.292626 678.266 391.306 0.769288 667.838 447.403 0.765276 667.199 506.737 0.83928 642.834 385.021 0.750667 620.468 445.441 0.84743 615.605 509.976 0.840181 0 0 0 0 0 0 691.305 268.242 0.527379 658.928 270.189 0.580912 1
5 111 113 0 0 0 676.506 303.474 0.880501 706.505 304.575 0.831685 731.939 342.376 0.532414 726.111 338.889 0.1 647.146 302.363 0.883849 625.874 350.866 0.686033 616.745 366.972 0.328973 679.368 391.298 0.739923 668.06 447.833 0.720498 667.201 506.944 0.823445 644.565 385.027 0.754945 621.328 446.737 0.748755 616.479 512.798 0.763244 0 0 0 0 0 0 689.354 268.231 0.503032 657.391 270.626 0.665026 1
5 111 114 0 0 0 677.597 303.477 0.874161 708.023 304.564 0.836968 729.127 344.342 0.576191 717.634 345.405 0.1 647.577 302.798 0.86909 627.388 351.308 0.671868 617.193 369.136 0.315047 680.894 391.509 0.740661 668.716 448.484 0.731974 667.414 506.948 0.826092 646.306 385.455 0.733566 622.412 447.817 0.753375 617.134 514.752 0.750984 0 0 0 0 0 0 691.308 269.321 0.450562 655.645 271.076 0.596667 1
5 111 115 0 0 0 677.386 303.684 0.866404 708.242 304.136 0.824421 726.309 346.306 0.455474 710.248 352.37 0.130872 647.361 303.456 0.863848 628.261 353.268 0.61796 617.423 371.095 0.316622 681.541 391.944 0.776815 669.143 449.996 0.735044 667.637 506.939 0.765396 647.393 386.759 0.742182 623.486 449.781 0.749601 617.575 516.938 0.76632 0 0 0 0 0 0 688.48 269.114 0.37363 653.249 271.735 0.672569 1
5 111 116 0 0 0 676.522 304.123 0.915698 707.374 304.135 0.894394 723.056 348.692 0.776268 703.289 359.762 0.232782 647.149 304.979 0.867929 629.344 355.219 0.637911 617.432 373.266 0.377668 681.551 392.593 0.777661 669.153 451.514 0.647277 667.859 506.724 0.710325 648.257 388.274 0.749941 624.356 451.528 0.750771 617.806 519.121 0.878826 0 0 0 0 0 0 685.447 269.328 0.33494 650.219 272.611 0.739663 1
5 111 117 0 0 0 676.525 305.21 0.912851 707.596 304.147 0.871647 720.235 351.095 0.72826 700.463 368.684 0.441391 647.155 306.937 0.872524 630.214 357.831 0.761001 617.419 374.788 0.464448 681.773 393.681 0.781398 669.155 453.028 0.734554 668.077 506.5 0.748008 648.695 390.229 0.759636 625.218 453.498 0.746735 618.038 521.941 0.886709 0 0 0 0 0 0 682.838 269.755 0.234239 647.18 274.134 0.7215 1
5 111 118 637.861 283.654 0.10636 675.438 306.516 0.874723 706.517 304.372 0.833456 718.498 352.189 0.664765 697.923 375.572 0.286949 646.728 308.694 0.85691 629.996 360.22 0.703494 617.633 376.96 0.492719 681.76 394.994 0.762045 668.935 454.554 0.717508 668.285 506.502 0.751224 648.907 392.394 0.749534 625.87 455.895 0.754919 618.264 524.555 0.910694 0 0 0 637.867 274.014 0.150273 679.788 270.841 0.297241 644.13 275.877 0.694631 1
5 111 119 0 0 0 673.913 308.039 0.824633 704.128 304.601 0.78439 716.75 352.191 0.533673 695.349 380.645 0.246624 645.647 310.659 0.793622 629.344 362.825 0.708617 617.196 376.089 0.396831 681.539 396.083 0.763619 668.502 455.855 0.747621 668.716 506.286 0.743623 649.331 394.35 0.768465 626.3 457.638 0.786195 618.28 526.293 0.883929 0 0 0 0 0 0 676.309 272.142 0.237887 641.089 277.834 0.679819 1
5 111 120 0 0 0 671.955 309.986 0.77914 701.741 305.472 0.738685 715.006 352.844 0.409665 692.741 383.903 0.124113 644.13 313.481 0.786029 628.256 365.647 0.71427 616.537 375.003 0.357478 680.894 398.473 0.775576 667.852 457.594 0.764451 668.711 506.733 0.770728 649.317 397.598 0.782096 626.295 460.238 0.809338 618.496 528.245 0.861296 0 0 0 0 0 0 672.61 274.099 0.284777 637.821 280.018 0.701286 1
5 111 121 0 0 0 659.995 313.905 0.785088 688.914 310.027 0.79242 701.299 355.661 0.480157 691.43 386.292 0.187253 632.606 317.181 0.843332 626.744 368.583 0.692168 615.439 373.154 0.45989 669.806 399.994 0.729833 667.411 459.116 0.732621 668.918 507.175 0.797637 638.23 399.558 0.744116 617.164 459.366 0.792605 610.026 523.468 0.865507 0 0 0 0 0 0 668.917 275.838 0.376606 634.664 282.404 0.784538 1
5 111 122 0 0 0 656.952 316.288 0.77789 685.436 311.76 0.764275 698.261 356.75 0.366294 690.345 387.6 0.115426 630.855 320.657 0.768857 625.007 372.055 0.695298 613.908 369.674 0.27446 668.492 401.739 0.745245 667.185 459.994 0.779078 669.134 506.96 0.81818 637.576 402.593 0.738751 616.732 461.532 0.781182 610.244 524.772 0.862745 0 0 0 0 0 0 665.43 277.789 0.263545 631.406 285.012 0.690191 1
5 111 123 0 0 0 653.469 318.89 0.814951 681.517 313.277 0.685184 695.872 357.616 0.122237 688.894 388.835 0.1 628.459 324.357 0.80732 623.259 376.186 0.716035 612.164 370.769 0.22404 666.974 403.485 0.745317 666.322 460.858 0.803624 669.136 506.946 0.784382 636.915 405.638 0.741895 616.079 463.7 0.781852 610.461 526.075 0.824697 0 0 0 0 0 0 657.817 278.659 0.227698 628.143 287.828 0.703539 1
5 111 124 0 0 0 649.559 322.159 0.799339 676.519 315.666 0.670363 693.372 358.802 0.294272 687.298 390.207 0.111651 625.417 328.708 0.781867 621.299 379.676 0.741398 610.856 372.294 0.161559 665.029 405.226 0.705987 665.68 461.089 0.763227 668.918 506.948 0.773693 635.398 408.036 0.736657 615.652 465.219 0.726222 610.682 527.368 0.820699 0 0 0 0 0 0 654.116 281.27 0.23944 625.099 290.876 0.661584 1
5 111 124 0 0 0 645.86 325.197 0.372441 672.602 317.836 0.447486 691.191 359.88 0.103267 685.563 391.074 0.1 622.153 331.748 0.257615 619.336 382.287 0.1 609.333 375.125 0.1 663.287 406.758 0.305457 665.235 461.517 0.1 668.695 506.732 0.1 633.456 410.213 0.238949 614.78 466.742 0.115696 610.69 528.445 0.110487 0 0 0 0 0 0 650.193 283.676 0.1 621.407 293.909 0.1 1
5 111 125 616.28 303.273 0.0803299 641.514 327.592 0.849684 668.034 319.999 0.832151 689.015 360.527 0.456901 683.817 392.588 0.185111 618.67 334.362 0.819418 616.518 383.595 0.811586 607.818 378.603 0.459003 661.324 408.062 0.742642 664.363 461.529 0.762854 668.481 506.725 0.779519 631.5 411.948 0.727397 613.91 468.248 0.782172 610.899 528.882 0.846505 0 0 0 0 0 0 645.845 286.941 0.28233 617.924 296.528 0.725314 1
5 111 126 604.657 305.166 0.184022 637.6 329.98 0.846381 662.82 322.599 0.768818 685.746 361.828 0.223031 680.993 394.108 0.1 614.76 337.4 0.801608 613.908 385.114 0.738666 606.296 382.08 0.371672 658.72 409.36 0.744679 663.498 461.532 0.776018 668.058 506.504 0.787306 629.113 413.255 0.692079 612.826 469.547 0.757031 611.109 529.527 0.832048 0 0 0 606.529 299.384 0.257925 641.291 290.634 0.106944 614.457 300.009 0.824068 1
5 111 127 600.736 307.177 0.220276 633.696 332.145 0.814045 658.696 325.201 0.672851 682.045 363.791 0.1 678.06 395.417 0.1 611.06 340.22 0.814598 611.511 385.994 0.707701 604.771 388.173 0.335536 656.124 410.656 0.787123 662.193 461.744 0.774738 667.413 506.285 0.767286 626.298 414.556 0.690492 611.74 471.277 0.759466 611.316 530.615 0.858571 0 0 0 602.572 303.265 0.330302 637.385 293.896 0.104549 611.197 303.483 0.854345 1
5 111 128 0 0 0 630.218 333.9 0.870303 654.568 327.794 0.802882 677.49 365.537 0.531225 675.011 396.721 0.204362 607.578 342.611 0.765148 608.899 386.871 0.605853 602.814 394.467 0.43462 653.51 411.524 0.778927 660.672 461.737 0.694637 666.77 506.269 0.70148 623.487 415.436 0.717203 610.431 472.58 0.813286 611.318 531.06 0.864892 0 0 0 0 0 0 634.127 297.588 0.307294 608.801 306.755 0.738844 1
5 111 129 598.703 318.976 0.0630672 636.741 333.684 0.877283 660.664 326.715 0.800341 684.461 364.892 0.561696 671.966 397.81 0.320059 614.094 343.918 0.768698 606.07 388.497 0.645051 601.08 401.314 0.577758 660.681 412.398 0.782581 658.933 461.73 0.744972 665.688 506.041 0.741737 631.097 417.601 0.720319 617.395 476.716 0.815712 620.019 537.591 0.869799 0 0 0 0 0 0 632.39 300.635 0.298038 606.96 311.102 0.728837 1
5 111 130 590.865 320.901 0.0579805 634.349 334.995 0.874195 657.415 328.447 0.740793 680.986 365.55 0.361505 668.924 398.682 0.230639 610.839 345.441 0.726076 603.245 390.013 0.644382 599.557 408.925 0.628815 658.289 413.045 0.750942 656.985 461.725 0.762964 663.741 506.042 0.828804 628.269 418.261 0.707659 616.3 476.947 0.825574 620.017 537.816 0.880906 0 0 0 0 0 0 632.177 303.038 0.245665 605.01 315.443 0.639698 1
5 111 131 587.051 320.895 0.0503389 632.609 335.436 0.850613 654.602 329.971 0.769153 677.5 366.202 0.386676 665.16 399.515 0.268897 609.322 344.782 0.765403 600.209 387.403 0.602156 597.159 407.185 0.632864 655.238 413.264 0.751697 655.019 461.521 0.803967 661.558 506.049 0.867483 625.011 418.253 0.720609 614.781 477.38 0.860916 620.014 538.035 0.89407 0 0 0 0 0 0 632.837 304.999 0.258538 606.311 316.101 0.610984 1
5 111 132 0 0 0 631.946 335.004 0.816491 653.304 330.843 0.729438 673.907 366.524 0.352091 661.396 400.348 0.23452 608.886 342.609 0.777224 597.39 383.917 0.541802 594.982 408.483 0.693268 651.97 412.832 0.721206 651.752 461.298 0.838822 658.944 505.836 0.929995 622.396 417.379 0.683386 612.609 477.381 0.80684 620.017 538.036 0.886131 0 0 0 0 0 0 634.361 306.523 0.220346 608.056 316.532 0.441085 1
5 111 133 0 0 0 636.952 338.704 0.710109 657.22 335.842 0.61587 667.714 366.957 0.159094 657.632 401.182 0.1 614.325 345.655 0.675365 602.607 385.657 0.494693 600.849 409.138 0.594853 656.099 415.864 0.737276 648.382 460.757 0.78182 655.791 505.943 0.784024 627.831 419.774 0.686949 610.984 477.483 0.766817 620.336 538.041 0.858147 0 0 0 0 0 0 640.668 312.386 0.1 615.868 321.322 0.154853 1
5 111 134 0 0 0 635.43 338.478 0.788054 654.827 336.28 0.652143 658.799 368.039 0.227762 653.868 402.015 0.109701 612.821 344.773 0.666668 600.434 383.918 0.520295 598.897 407.178 0.564179 652.825 415.641 0.713369 645.113 460.316 0.805614 652.298 505.73 0.796792 625.442 419.329 0.707954 609.255 477.701 0.783285 620.556 538.042 0.85117 0 0 0 0 0 0 647.805 315.292 0.230731 623.152 325.88 0.117017 1
5 111 135 0 0 0 640.652 341.756 0.804576 659.833 340.416 0.646782 648.471 369.552 0.330756 0 0 0 618.257 347.165 0.724864 605.645 386.525 0.483344 603.894 407.388 0.131885 657.824 418.681 0.705596 637.827 458.794 0.722417 645.22 503.89 0.83683 631.094 422.157 0.724989 604.259 475.96 0.801323 616.431 534.68 0.811983 0 0 0 0 0 0 654.942 318.198 0.291268 630.11 329.356 0.165965 1
5 111 136 0 0 0 631.522 343.289 0.838209 650.259 342.809 0.674052 635.869 371.278 0.197786 0 0 0 609.78 347.826 0.740554 597.172 386.302 0.623934 607.372 407.375 0.30511 646.511 417.381 0.687821 626.957 455.76 0.844992 634.562 500.205 0.790872 621.529 420.43 0.677157 595.791 472.048 0.764644 607.958 527.942 0.800218 0 0 0 0 0 0 662.078 321.104 0.26117 637.282 332.509 0.164035 1
5 111 136 0 0 0 637.169 346.552 0.586036 655.475 346.295 0.488552 622.882 372.696 0.1 0 0 0 615.443 350.009 0.539872 603.041 388.688 0.245943 609.759 406.941 0.155365 651.951 420.207 0.481012 620.107 454.246 0.1 627.596 498.15 0.1 627.835 423.027 0.530718 591.132 469.55 0.1 603.718 524.568 0.1 0 0 0 0 0 0 669.215 324.011 0.105353 644.243 335.322 0.314496 1
5 111 137 0 0 0 635.863 346.105 0.741639 653.722 345.641 0.593993 609.894 374.114 0.1 0 0 0 615.439 348.261 0.688261 602.166 386.733 0.395421 610.621 406.285 0.182534 649.351 419.981 0.664766 617.281 454.25 0.699248 624.549 498.155 0.865494 626.313 421.727 0.643465 591.129 468.89 0.829987 603.713 524.558 0.824546 0 0 0 0 0 0 0 0 0 650.325 336.985 0.1 1
5 111 137 0 0 0 634.33 345.889 0.704081 651.532 345.426 0.563744 596.907 375.533 0.1 0 0 0 615.002 346.96 0.587509 600.855 385.431 0.443809 609.967 405.195 0.167501 646.96 419.772 0.565305 613.788 455.982 0.1 620.62 500.547 0.1 625.233 421.509 0.560253 590.054 468.892 0.1 603.505 524.55 0.1 0 0 0 0 0 0 682.882 342.365 0.0851228 656.193 338.583 0.29185 1
5 111 137 0 0 0 638.681 349.804 0.373101 656.306 348.91 0.332768 583.92 376.951 0.110853 0 0 0 618.916 351.313 0.299602 607.151 390.643 0.1127 610.399 408.998 0.1 653.268 422.166 0.370419 610.089 457.82 0.397071 616.39 502.833 0.274269 631.754 424.772 0.401822 589.404 468.899 0.405684 603.3 524.547 0.508978 0 0 0 0 0 0 0 0 0 658.592 343.577 0.1 1
5 111 138 0 0 0 636.723 350.019 0.491222 653.902 348.471 0.424529 751.29 395.211 0.0816214 0 0 0 617.184 352.178 0.411673 606.705 391.951 0.287259 610.185 409.657 0.1 651.528 422.591 0.469239 607.266 459.557 0.1 612.267 505.007 0.1 630.678 424.991 0.459171 589.176 469.115 0.1 603.088 524.547 0.1 0 0 0 0 0 0 0 0 0 657.432 347.847 0.148651 0
5 111 138 0 0 0 627.902 346.752 0.58721 644.875 343.693 0.480868 637.867 369.782 0.090136 0 0 0 608.162 349.672 0.478649 597.794 389.882 0.159435 602.248 410.309 0.1 643.267 419.654 0.545943 607.924 460.537 0.554674 608.95 507.553 0.647191 621.985 422.813 0.549571 589.055 469.657 0.707984 602.77 524.548 0.769763 0 0 0 0 0 0 0 0 0 647.944 347.049 0.1 1
5 111 139 0 0 0 623.981 348.062 0.556531 640.746 343.26 0.450325 635.871 371.743 0.0805807 0 0 0 604.453 352.506 0.426323 596.701 393.133 0.222405 602.026 414.013 0.169597 643.066 420.086 0.477349 612.064 460.761 0.536854 606.439 510.471 0.46445 621.122 424.554 0.527677 589.04 470.527 0.750651 602.346 524.55 0.835021 0 0 0 0 0 0 0 0 0 635.444 345.747 0.1 1
5 111 140 0 0 0 613.322 345.447 0.44781 630.296 338.687 0.433266 0 0 0 0 0 0 594.019 351.849 0.452872 588.024 392.269 0.361515 594.211 415.768 0.1 635.229 417.48 0.428014 620.871 462.065 0.1 607.776 515.497 0.1 612.637 423.461 0.439807 592.291 473.782 0.1 606.473 527.922 0.1 0 0 0 0 0 0 669.123 338.504 0.0811209 622.612 344.223 0.205918 0
5 111 140 0 0 0 616.142 344.572 0.562815 634.427 335.867 0.41508 633.866 369.798 0.0625309 0 0 0 595.756 352.071 0.484511 596.504 391.616 0.289519 591.179 413.389 0.216359 642.624 419.228 0.509191 633.259 464.887 0.580804 612.962 522.629 0.583095 619.593 426.714 0.583862 599.013 478.995 0.803631 614.947 534.665 0.831106 0 0 0 0 0 0 0 0 0 609.787 342.163 0.1 1
5 111 141 0 0 0 603.98 342.169 0.1 617.686 334.785 0.1 0 0 0 0 0 0 589.664 347.501 0.1 594.332 385.093 0.1 592.93 406.876 0.1 630.013 418.147 0.1 634.021 469.671 0.1 614.931 528.178 0.1 613.281 423.466 0.1 610.639 478.886 0.1 622.154 536.662 0.1 0 0 0 0 0 0 0 0 0 597.621 339.346 0.1 127
5 111 142 0 0 0 598.764 342.617 0.851472 608.345 337.389 0.779859 624.596 358.016 0.479693 637.169 364.321 0.108207 588.368 347.068 0.725399 598.578 381.833 0.59293 595.762 400.469 0.580595 625.655 419.671 0.743471 630.76 472.707 0.595042 613.625 531.876 0.1 614.577 423.461 0.779612 617.379 476.277 0.79232 628.096 533.912 0.910112 0 0 0 0 0 0 574.584 315.284 0.180757 585.667 336.277 0.393625 1
5 111 143 0 0 0 592.261 343.915 0.746186 598.134 340.22 0.74753 614.126 362.126 0.335253 620.745 376.478 0.1 586.851 346.411 0.53767 602.713 377.699 0.361609 599.676 394.169 0.238253 621.077 421.191 0.640354 628.158 474.23 0.278885 614.063 532.963 0.1 615.437 422.8 0.724815 624.104 473.882 0.773007 637.215 529.786 0.87519 0 0 0 0 0 0 568.048 316.718 0.227116 573.925 332.955 0.229819 1
5 111 144 0 0 0 579.436 341.299 0.612175 581.183 338.92 0.320377 603.655 366.236 0.182621 604.321 388.636 0.1 578.585 342.272 0.203526 598.371 370.967 0.1 601.852 391.668 0.1 610.427 419.02 0.543117 633.81 472.381 0.58753 614.823 534.049 0.1 606.742 420.63 0.593702 623.013 475.4 0.752169 637.215 529.802 0.859129 0 0 0 0 0 0 561.513 318.151 0.1 561.313 329.487 0.108574 1
5 111 145 541.938 336.515 0.0641306 572.493 341.957 0.47474 571.183 341.525 0.37836 593.185 370.346 0.10636 587.898 400.793 0.1 575.315 342.055 0.562618 598.814 370.531 0.184073 602.291 392.965 0.152249 606.727 419.895 0.653341 631.633 473.683 0.771814 615.906 535.133 0.849786 606.298 421.068 0.66955 621.498 476.922 0.541414 637.418 529.817 0.1 0 0 0 541.972 328.686 0.0621602 554.977 319.584 0.1 551.601 326.295 0.104616 1
5 111 146 553.718 324.811 0.0639265 566.953 341.96 0.386611 565.426 341.522 0.342075 582.714 374.456 0.124522 574.758 409.74 0.170405 570.201 342.818 0.380257 594.689 371.948 0.1 597.623 393.174 0.1 603.026 419.793 0.606962 626.301 474.772 0.748826 616.712 535.947 0.862924 603.464 421.291 0.578984 619.758 477.792 0.420543 637.408 529.824 0.1 545.855 320.951 0.059121 553.69 320.91 0.0659369 548.442 321.017 0.101577 543.699 324.041 0.1 1
5 111 147 534.503 333.887 0.118206 561.957 341.31 0.599742 559.998 341.517 0.563329 572.243 378.567 0.346156 562.906 417.428 0.240079 565.645 342.17 0.624545 590.991 373.04 0.292305 591.324 392.954 0.225998 598.456 419.796 0.701214 616.952 477.161 0.803215 617.052 536.506 0.874657 599.975 421.302 0.739409 616.94 478.452 0.692231 637.185 529.812 0.188682 528.247 328.695 0.11054 537.084 322.674 0.112862 524.367 328.696 0.0908004 538.271 322.088 0.159513 1
5 111 148 526.745 332.105 0.100222 556.967 341.088 0.525636 554.566 341.309 0.318533 561.773 382.677 0.1 551.054 425.115 0.1 561.288 341.523 0.447312 587.282 373.688 0.239961 585.445 392.946 0.1 593.254 419.796 0.468381 607.165 479.557 0.514729 615.829 536.369 0.1 595.847 421.094 0.574509 611.29 478.459 0.77033 636.742 529.373 0.877446 524.329 324.842 0.1 528.816 322.04 0.1 0 0 0 533.485 320.362 0.20006 1
5 111 149 518.987 330.324 0.251905 552.838 340.223 0.677504 548.264 340.655 0.52296 551.302 386.787 0.129761 539.202 432.802 0.117821 559.107 341.086 0.671632 579.018 376.3 0.363704 576.529 396.638 0.30657 587.168 419.347 0.49159 592.597 482.823 0.269005 607.166 533.362 0.281868 589.543 420.442 0.588069 606.078 478.458 0.683162 635.224 528.058 0.815871 520.412 320.99 0.166976 520.547 321.407 0.233796 0 0 0 527.838 319.267 0.354538 1
5 111 150 511.229 328.542 0.228037 548.266 339.146 0.75399 547.618 336.741 0.607055 540.831 390.897 0.29145 0 0 0 550.193 343.479 0.638043 567.278 382.394 0.45324 564.134 405.109 0.32508 585.212 416.945 0.509969 587.592 480.863 0.234174 604.978 531.839 0.21484 581.943 421.088 0.594678 590.426 480.41 0.686744 630.081 527.909 0.777872 0 0 0 512.278 320.774 0.290091 0 0 0 520.881 319.039 0.59481 1
5 111 151 503.471 326.76 0.173862 542.839 338.697 0.78003 546.095 333.051 0.648746 590.886 356.101 0.053674 0 0 0 541.071 345.435 0.695713 555.211 387.827 0.540717 551.091 411.957 0.288473 582.607 413.911 0.540255 583.023 478.692 0.209828 601.502 530.031 0.178871 573.902 421.093 0.562658 572.812 479.543 0.382048 615.015 526.096 0.639437 0 0 0 504.009 320.141 0.257185 0 0 0 513.27 318.697 0.763906 1
5 111 152 496.083 325.239 0.219395 538.268 337.181 0.826662 545.226 328.699 0.725654 0 0 0 0 0 0 532.365 347.175 0.801238 543.258 393.265 0.712488 535.228 418.256 0.595521 578.703 411.733 0.635914 577.163 477.827 0.33853 596.941 527.931 0.229807 563.697 421.97 0.592382 556.184 480.519 0.447458 598.934 526.427 0.631996 0 0 0 496.082 319.157 0.321573 524.8 302.457 0.109482 505.223 318.033 0.792898 1
5 111 153 488.915 323.713 0.421321 532.836 336.305 0.808107 542.833 325.213 0.736514 0 0 0 0 0 0 524.535 348.91 0.815594 532.611 398.265 0.657818 521.096 420 0.449222 572.174 411.511 0.590294 563.471 480.006 0.363025 591.51 525.648 0.256286 556.093 422.187 0.6149 548.141 479.869 0.590907 593.925 523.381 0.705727 0 0 0 488.372 317.955 0.515626 519.514 301.026 0.1 498.273 317.153 0.775105 1
5 111 154 481.96 322.182 0.223019 527.617 335.854 0.841102 540.231 321.527 0.732897 506.626 363.842 0.0895125 0 0 0 516.503 350.432 0.800702 523.478 401.096 0.686894 508.27 417.613 0.300136 567.179 411.075 0.549914 557.054 479.468 0.256999 584.9 523.607 0.133471 548.049 423.703 0.586618 537.923 478.792 0.223427 585.342 523.595 0.437349 0 0 0 481.405 316.642 0.330967 514.229 299.594 0.1 491.1 316.289 0.782221 1
5 111 155 475.445 321.31 0.127641 521.968 335.628 0.845902 533.926 321.526 0.755926 518.478 369.751 0.050695 0 0 0 511.5 349.774 0.765269 518.691 402.392 0.544062 499.573 416.523 0.235401 561.097 412.811 0.516835 549.444 480.337 0.190808 576.911 521.705 0.1 541.959 425.874 0.551062 525.325 477.498 0.323347 573.603 527.072 0.329863 0 0 0 474.671 315.344 0.210668 508.943 298.162 0.1255 484.799 314.995 0.764436 0
5 111 156 469.899 320.659 0.1003 516.539 335.407 0.781468 527.828 322.176 0.695606 0 0 0 0 0 0 507.366 348.906 0.727622 511.736 401.956 0.4954 493.483 414.993 0.178576 553.925 414.334 0.366792 537.48 474.674 0.100645 567.732 519.928 0.1 537.396 426.738 0.294252 514.241 471.844 0.1 563.598 524.043 0.1 0 0 0 468.804 313.832 0.1 503.657 296.73 0.176436 479.138 313.688 0.803235 0
5 111 157 464.46 320.22 0.423897 511.315 334.102 0.768912 520.875 321.946 0.646237 0 0 0 0 0 0 503.888 346.948 0.746221 505.004 400.871 0.468703 488.49 413.031 0.362254 544.788 415.092 0.338989 525.087 471.838 0.141891 558.462 518.715 0.123131 530.88 427.167 0.340698 506.09 468.474 0.169506 552.525 522.086 0.190693 0 0 0 463.37 312.523 0.472017 498.371 295.298 0.1 473.712 312.169 0.772602 0
5 111 158 459.032 319.993 0.19956 504.791 333.446 0.676202 510.875 323.245 0.543646 0 0 0 0 0 0 500.632 344.114 0.659821 503.263 398.692 0.341868 484.358 411.721 0.259011 535.22 415.533 0.180772 517.697 470.53 0.1 554.975 520.241 0.1 526.753 426.086 0.238048 497.394 467.169 0.1 541.441 521.648 0.1 0 0 0 458.162 312.081 0.283968 493.086 293.866 0.1 469.574 310.445 0.71843 0
5 111 159 453.808 319.774 0.119956 498.927 332.79 0.732533 504.025 329.007 0.593114 496.945 387.377 0.0641122 465.646 393.288 0.0767734 496.936 341.505 0.800503 501.09 396.072 0.481172 477.669 409.059 0.319656 527.824 416.19 0.330116 508.782 471.726 0.104873 544.647 520.235 0.1 521.312 425.434 0.415843 489.676 468.154 0.257549 529.702 521.754 0.127615 0 0 0 452.741 311.848 0.195893 487.8 292.434 0.218513 464.349 309.581 0.812148 0
5 111 160 448.226 319.924 0.1 493.933 341.709 0.643838 500.331 339.45 0.449937 432.001 364.665 0.182888 401.071 428.516 0.191708 491.705 348.905 0.669879 494.569 401.732 0.384486 469.295 407.206 0.1 520.216 424.885 0.203207 499.866 474.122 0.143994 535.298 520.735 0.1 512.402 432.614 0.343506 484.244 473.377 0.287268 523.607 525.234 0.257651 0 0 0 447.42 311.952 0.144291 482.514 291.002 0.154289 462.172 317.412 0.675869 0
5 111 161 442.717 320.226 0.147945 489.146 341.707 0.414372 494.899 339.457 0.267989 443.252 377.895 0.1 397.182 350.17 0.051489 486.72 348.904 0.403362 488.909 401.94 0.130377 461.408 405.088 0.1 515 424.886 0.1 495.18 474.013 0.1 528.341 519.684 0.1 509.354 431.094 0.103777 481.203 475.12 0.1 515.45 532.08 0.1 0 0 0 442.526 312.497 0.183559 0 0 0 456.959 317.849 0.430116 0
5 111 162 437.712 320.886 0.41533 484.14 341.495 0.663464 489.896 339.246 0.532845 454.503 391.124 0.169804 350.225 365.875 0.0861766 481.721 348.69 0.667384 481.517 402.148 0.346694 450.536 402.474 0.148666 510.873 424.021 0.442125 493.225 473.358 0.354815 523.775 517.084 0.37139 506.09 430.007 0.462282 480.553 473.382 0.345215 505.231 542.292 0.329012 434.34 307.192 0.0648114 437.294 313.577 0.41044 0 0 0 451.51 318.503 0.55646 0
5 111 163 432.054 322.632 0.198632 478.704 341.719 0.486848 484.028 339.676 0.1 465.754 404.353 0.1 0 0 0 477.148 349.342 0.395318 475.36 401.92 0.139895 439.816 398.97 0.1 505.44 423.807 0.152434 488.015 474.222 0.1 515.926 516.848 0.1 501.955 428.703 0.186333 478.706 474.248 0.1 503.815 537.295 0.1 0 0 0 430.999 315.105 0.229787 0 0 0 445.641 319.813 0.556921 0
5 111 164 426.937 324.26 0.1 474.58 350.42 0.669525 478.591 349.456 0.568516 477.005 417.582 0.140877 512.585 465.63 0.0625989 472.262 349.564 0.598176 470.438 399.963 0.191429 429.096 395.467 0.1 496.961 427.725 0.380505 479.548 476.605 0.127727 504.793 518.977 0.15232 495.216 431.531 0.479826 475.663 477.719 0.350573 496.207 534.026 0.382602 0 0 0 425.674 316.62 0.1 491.089 387.409 0.0751052 440.099 321.12 0.405051 0
5 111 164 421.606 325.776 0.1 469.14 350.432 0.601328 472.512 349.888 0.48642 0 0 0 0 0 0 466.826 349.778 0.520803 468.269 398.657 0.189633 418.376 391.963 0.1 491.953 426.204 0.17441 483.03 480.092 0.1 504.185 516.41 0.1 488.261 430.225 0.123919 472.187 483.361 0.1 485.558 537.28 0.1 0 0 0 420.453 318.357 0.103335 0 0 0 434.451 322.647 0.607586 0
5 111 165 415.951 327.404 0.120657 463.704 351.518 0.662823 468.816 350.114 0.540035 446.098 373.71 0.051399 0 0 0 459.648 351.512 0.661128 462.839 398.866 0.71048 407.656 388.46 0.50208 490.21 425.229 0.31708 486.938 481.185 0.112336 504.983 514.363 0.106886 482.606 429.783 0.28651 468.598 486.082 0.115837 475.764 539.458 0.135522 0 0 0 414.477 320.521 0.193774 0 0 0 428.138 324.806 0.640513 0
5 111 166 410.079 328.938 0.123979 458.709 352.395 0.484592 467.722 349.898 0.365969 428.497 391.315 0.0737772 0 0 0 452.045 354.345 0.487129 453.056 400.83 0.1 0 0 0 489.771 425.235 0.149695 490.847 479.671 0.1 506.945 511.532 0.1 476.515 431.511 0.182256 463.611 487.173 0.1 466.839 541.418 0.111279 0 0 0 407.963 322.26 0.176893 0 0 0 420.97 327.405 0.626237 0
5 111 166 404.719 331.038 0.1 453.492 353.482 0.167448 463.478 345.22 0.117128 0 0 0 0 0 0 445.095 357.387 0.1 443.493 402.584 0.1 0 0 0 485.86 425.232 0.275204 493.033 476.95 0.229343 508.8 508.486 0.209756 469.997 432.815 0.421121 459.364 487.28 0.428427 458.793 543.042 0.384478 0 0 0 402.511 324.221 0.1 0 0 0 414.884 329.788 0.1 0
5 111 167 399.576 333.571 0.137517 446.745 345.873 0.62359 455.429 335.643 0.453072 0 0 0 0 0 0 439.441 351.95 0.630752 438.705 398.668 0.365149 0 0 0 482.176 419.14 0.451099 493.692 473.469 0.280845 510.323 504.797 0.321033 466.739 428.246 0.560085 454.572 487.27 0.572521 451.626 544.133 0.648214 0 0 0 396.476 326.111 0.19687 0 0 0 405.981 323.926 0.624139 0
5 111 168 394.649 336.536 0.1 440.011 347.392 0.798723 448.904 336.726 0.673217 0 0 0 0 0 0 432.696 354.338 0.649803 435.885 400.409 0.584949 397.187 385.446 0.0943422 477.391 419.796 0.769456 489.458 470.959 0.722712 509.672 502.733 0.63397 460 431.283 0.689275 446.194 488.464 0.765831 444.348 541.095 0.793799 0 0 0 390.441 328.002 0.1 428.501 305.178 0.167503 400.54 326.103 0.642627 0
5 111 169 389.596 339.356 0.123713 433.276 349.564 0.68574 442.382 338.465 0.455254 0 0 0 0 0 0 424.878 356.947 0.484457 430.88 402.149 0.389239 385.44 383.418 0.0889367 470.429 422.403 0.567162 482.499 469.878 0.33815 506.847 502.072 0.406843 451.309 434.111 0.595002 433.594 491.065 0.593949 437.394 533.925 0.692623 0 0 0 384.406 329.893 0.135546 0 0 0 394.676 328.279 0.427983 0
5 111 170 384.71 341.096 0.1 426.757 351.298 0.772956 436.939 340.208 0.593834 409.073 405.714 0.129992 367.069 416.725 0.191516 416.846 358.257 0.596104 424.428 403.021 0.523925 407.094 406.349 0.352345 463.03 423.927 0.647114 474.124 470.206 0.682562 498.919 504.351 0.670729 441.966 435.849 0.722971 424.581 491.505 0.747151 425.221 538.706 0.790303 0 0 0 378.371 331.783 0.120082 0 0 0 390.325 329.8 0.516075 0
5 111 171 379.662 342.942 0.1 418.712 344.134 0.642982 431.285 332.167 0.559143 409.66 400.324 0.187983 374.76 420.634 0.595371 408.699 359.774 0.544522 415.66 403.895 0.251591 401.025 410.035 0.1 459.112 418.928 0.61559 470.416 466.959 0.536294 495.666 503.914 0.624889 435.008 431.499 0.635398 419.151 489.111 0.869298 422.607 538.485 0.837091 0 0 0 377.621 338.508 0.0850979 406.91 318.905 0.0877762 385.434 331.53 0.468519 0
5 111 172 374.452 344.895 0.11348 412.19 345.207 0.686634 426.071 332.17 0.549433 410.247 394.934 0.1 382.452 424.542 0.1 400.657 360.866 0.553765 405.873 405.201 0.356101 394.957 413.722 0.340511 451.714 419.583 0.48659 459.542 469.348 0.349814 483.285 508.259 0.47159 426.527 431.941 0.598677 413.704 488.902 0.788578 421.299 538.264 0.848182 0 0 0 0 0 0 0 0 0 380.868 332.826 0.45759 0
5 111 173 369.456 346.516 0.1 405.445 346.294 0.722226 419.11 333.463 0.587895 410.833 389.544 0.1 390.143 428.451 0.1 393.712 361.955 0.672068 398.912 405.64 0.468523 388.889 417.408 0.376164 443.457 420.664 0.634958 448.463 471.522 0.220492 470.89 511.738 0.328816 418.706 432.163 0.673489 408.488 489.762 0.845745 420.222 538.255 0.867464 0 0 0 365.891 336.596 0.0992142 391.272 322.813 0.070505 376.092 333.906 0.4947 0
5 111 174 363.589 346.731 0.1 398.487 347.152 0.702958 412.374 333.471 0.520628 411.42 384.154 0.121378 397.835 432.359 0.1 385.661 362.604 0.662981 391.524 405.849 0.432242 382.82 421.094 0.489343 435.635 421.093 0.581766 438.035 473.044 0.547786 459.156 515.215 0.504024 410.87 432.176 0.615182 403.915 489.759 0.768571 419.138 537.388 0.763663 0 0 0 0 0 0 0 0 0 369.784 334.551 0.250069 0
5 111 175 357.87 347.015 0.1 390.876 347.585 0.798451 405.638 333.039 0.653834 409.197 383.397 0.162399 405.526 436.268 0.1 376.748 363.477 0.714436 383.702 406.49 0.627806 379.779 426.961 0.304866 427.807 421.529 0.713665 428.034 475.224 0.5916 447.204 518.7 0.486776 402.387 432.614 0.759027 399.79 490.193 0.731054 418.487 536.746 0.7485 0 0 0 0 0 0 0 0 0 363.698 334.555 0.451564 0
5 111 176 351.204 346.939 0.526332 384.137 347.807 0.795916 398.68 334.129 0.741781 405.835 377.096 0.338712 413.217 440.176 0.258448 370.009 363.255 0.697512 376.315 405.194 0.644072 375.21 428.916 0.58552 419.1 421.96 0.711757 417.601 478.488 0.629183 435.03 522.169 0.584671 396.077 431.965 0.683187 397.625 490.188 0.726364 418.482 536.518 0.698078 0 0 0 351.073 337.287 0.558522 0 0 0 358.481 334.111 0.68682 0
5 111 177 344.471 346.502 0.48428 377.186 348.24 0.756243 389.113 336.743 0.628292 399.446 373.22 0.1 0 0 0 366.092 360.867 0.680373 370.884 403.241 0.569693 371.073 427.833 0.340334 407.144 423.917 0.703985 408.25 481.967 0.575874 424.155 526.077 0.588733 389.556 431.531 0.667413 395.023 490.182 0.723494 418.694 536.297 0.638047 348.291 336.638 0.0517088 344.551 336.989 0.554006 0 0 0 353.486 332.808 0.714065 0
5 111 178 337.786 345.854 0.180049 370.01 346.942 0.836882 379.332 338.266 0.72 390.029 371.771 0.120354 0 0 0 361.969 357.174 0.734956 368.707 399.545 0.595542 367.373 426.955 0.202454 396.928 423.908 0.70166 396.949 483.916 0.675694 414.147 530.214 0.510581 384.988 429.57 0.711286 393.058 489.75 0.678553 418.694 536.28 0.675901 0 0 0 338.029 336.69 0.244854 356.085 318.912 0.103209 348.923 331.503 0.750023 0
5 111 179 330.936 344.772 0.139613 362.83 345.646 0.788576 368.897 339.346 0.747075 378.718 372.85 0.1 0 0 0 358.045 354.345 0.696882 366.532 395.855 0.510658 364.107 423.925 0.170153 387.801 423.897 0.751195 388.897 478.705 0.572354 406.531 526.957 0.593462 381.08 428.696 0.727438 391.089 489.523 0.666646 418.48 536.263 0.675137 0 0 0 331.508 336.392 0.188531 352.122 314.948 0.208496 342.831 330.198 0.713305 0
5 111 180 323.921 343.694 0.605634 356.299 345.632 0.65821 358.898 339.784 0.498093 367.539 375.325 0.1 0 0 0 354.351 353.056 0.562049 365.22 395.643 0.296472 360.633 423.482 0.203913 377.584 425.42 0.485833 383.903 480.219 0.437137 406.526 526.521 0.387658 376.519 429.139 0.584811 389.342 489.959 0.607164 418.269 536.262 0.700943 0 0 0 324.986 336.094 0.685775 0 0 0 337.601 328.676 0.691886 0
5 111 181 316.955 343.265 0.801265 349.131 345.853 0.758107 349.105 341.091 0.628669 355.843 376.371 0.1 0 0 0 350.438 352.395 0.672915 363.039 394.999 0.414739 356.511 422.612 0.377893 367.591 426.94 0.649786 376.085 480.221 0.49394 406.308 525.652 0.472781 371.954 429.575 0.665043 386.301 490.173 0.699918 418.058 536.051 0.739011 312.717 336.96 0.129261 318.043 335.866 0.870545 0 0 0 331.3 327.588 0.813485 0
5 111 182 309.565 342.187 0.753872 341.959 346.298 0.718596 338.671 343.053 0.587343 344.17 378.588 0.193827 336.534 414.872 0.132736 346.308 351.743 0.731428 361.083 395.436 0.576719 351.947 421.529 0.509729 357.15 429.332 0.678437 364.568 483.27 0.393853 397.175 531.307 0.305533 367.813 430.881 0.649968 382.822 490.181 0.713292 417.631 536.048 0.748352 305.511 336.462 0.342232 311.296 335.626 0.81288 0 0 0 325.641 326.079 0.754438 0
5 111 183 302.832 342.179 0.808903 334.997 346.959 0.740395 328.236 345.436 0.597431 332.52 381.977 0.174312 0 0 0 342.623 351.09 0.726435 358.913 395.224 0.441562 350.21 424.999 0.561418 346.291 431.29 0.587336 353.054 484.783 0.399947 384.779 530.224 0.550179 362.819 431.306 0.678073 379.77 490.625 0.724531 417.414 536.476 0.785152 298.306 335.963 0.294723 305.002 334.983 0.855759 0 0 0 321.289 324.773 0.806064 0
5 111 184 295.871 341.531 0.719759 328.467 348.043 0.683676 318.012 348.26 0.578613 321.705 384.476 0.1 0 0 0 339.141 350.006 0.716077 357.172 394.788 0.51505 346.289 425.219 0.432539 335.859 432.817 0.538299 341.959 484.347 0.342349 372.813 528.271 0.394158 358.475 431.314 0.613173 375.202 490.849 0.684279 416.762 536.038 0.713957 291.1 335.465 0.228402 298.476 334.321 0.788989 0 0 0 316.286 323.255 0.844415 0
5 111 185 288.922 340.451 0.826264 321.079 348.262 0.745543 307.804 350.005 0.550327 311.16 386.862 0.1 0 0 0 333.934 348.26 0.812442 354.568 393.695 0.691972 340.642 424.791 0.510365 325.863 433.478 0.589375 331.527 482.826 0.338764 361.3 527.62 0.397614 352.177 431.098 0.667267 368.896 490.857 0.732575 414.807 534.75 0.767952 283.895 334.967 0.340439 291.739 333.019 0.869875 0 0 0 310.412 321.732 0.877545 0
5 111 186 282.179 339.135 0.76431 313.897 347.833 0.692905 300.632 349.564 0.615184 302.189 387.834 0.1 0 0 0 325.9 348.473 0.7225 346.73 393.482 0.697534 331.082 424.359 0.573119 319.13 433.259 0.627203 322.184 481.307 0.526711 349.341 526.096 0.290789 345.429 430.889 0.687722 363.03 491.09 0.806837 412.416 533.447 0.865249 276.506 333.452 0.459938 285.004 331.289 0.827598 0 0 0 303.894 320.21 0.931944 0
5 111 187 275.222 337.605 0.874871 306.73 348.267 0.809909 293.028 349.123 0.723623 294.137 387.396 0.1 0 0 0 318.937 349.777 0.795107 338.912 395.005 0.710567 321.95 423.494 0.496691 311.736 433.265 0.643339 315.01 481.097 0.415191 346.09 525.866 0.570019 337.384 431.327 0.705267 353.898 490.657 0.80516 399.807 531.287 0.882091 269.543 331.721 0.645828 278.262 329.545 0.774957 0 0 0 297.146 318.473 0.871375 0
5 111 188 268.48 336.511 0.874205 299.559 348.481 0.778648 285.641 348.256 0.725078 285.879 385.875 0.143187 0 0 0 311.977 350.648 0.748456 332.174 397.615 0.711998 311.956 423.487 0.571626 303.915 433.929 0.676369 310.017 486.095 0.621177 341.963 527.606 0.738553 329.762 431.989 0.723543 345.211 490.88 0.811627 394.803 529.551 0.829888 262.586 329.992 0.471756 271.746 327.806 0.846286 0 0 0 290.631 316.729 0.955276 0
5 111 189 262.386 334.345 0.899265 291.302 346.965 0.769395 276.952 347.384 0.738841 278.142 384.484 0.231678 271.904 414.768 0.277046 304.371 348.69 0.745108 326.094 393.92 0.638269 304.78 421.1 0.553031 295.872 433.271 0.646464 299.588 485.009 0.647347 330.008 526.524 0.767789 322.162 430.897 0.750549 334.783 489.799 0.807237 388.496 527.605 0.859996 255.853 328.251 0.382276 265.436 325.631 0.799098 0 0 0 283.69 314.771 0.820623 0
5 111 190 255.434 331.522 0.908956 284.116 345.88 0.723424 269.119 346.305 0.691599 270.925 383.224 0.105176 264.099 406.948 0.1 297.196 347.18 0.736186 319.362 392.827 0.660287 297.382 419.575 0.536337 288.489 432.617 0.618192 292.201 485.447 0.464066 318.269 526.311 0.568146 314.989 430.449 0.73603 325.647 489.366 0.761509 380.227 525.652 0.831303 248.69 326.272 0.674482 258.692 323.031 0.903781 0 0 0 276.952 312.606 0.818546 0
5 111 191 249.34 329.561 0.787189 276.085 344.355 0.700323 260.87 344.786 0.642784 263.685 382.092 0.103802 254.986 401.097 0.120724 290.238 345.438 0.753785 312.838 390.655 0.507099 289.994 416.096 0.446558 280.666 430.23 0.524149 288.279 483.052 0.467219 315.875 519.571 0.612164 306.959 428.274 0.671861 316.516 488.499 0.543833 371.079 523.923 0.647857 242.603 324.327 0.646038 252.186 320.436 0.863995 0 0 0 270.218 310.652 0.80082 0
5 111 192 243.677 327.613 0.846148 268.924 343.477 0.728986 253.697 343.491 0.634915 256.422 381.091 0.182756 245.22 396.23 0.231665 283.49 344.565 0.683077 306.747 390.218 0.633447 281.299 413.491 0.627375 273.491 429.356 0.597369 282.839 483.047 0.523349 315.228 519.355 0.34889 299.788 427.622 0.664147 308.25 486.966 0.663008 359.344 522.193 0.648932 235.881 322.581 0.751913 246.318 318.257 0.834909 0 0 0 263.699 308.704 0.801807 0
5 111 193 236.934 325.874 0.812243 261.32 342.393 0.820283 245.444 342.186 0.650069 249.462 380.214 0.1 0 0 0 277.183 343.909 0.783013 300.012 389.357 0.55791 273.042 410.881 0.537445 266.315 428.91 0.643495 277.832 484.777 0.57263 313.496 520.427 0.45404 292.824 426.964 0.682691 300.209 485.216 0.673893 348.254 521.101 0.60418 229.137 320.636 0.801552 239.583 316.52 0.824267 0 0 0 256.964 307.175 0.872945 0
5 111 194 231.481 324.337 0.862635 254.147 340.874 0.771506 238.044 340.446 0.711714 243.161 377.605 0.102192 238.684 406.958 0.0761194 270.441 342.612 0.754314 293.485 388.261 0.562592 265.862 408.708 0.506279 259.145 427.819 0.632025 272.61 486.081 0.565459 310.876 521.518 0.375041 285.871 425.659 0.690801 293.471 482.608 0.657965 338.033 520.005 0.521713 222.621 318.902 0.698655 234.14 314.997 0.780493 0 0 0 250.648 305.665 0.856195 0
5 111 195 224.742 322.837 0.888225 246.969 339.78 0.755969 229.787 338.927 0.697727 236.424 375.436 0.1 0 0 0 264.566 341.315 0.702152 287.834 387.394 0.458525 260.419 407.836 0.46202 251.752 426.291 0.604021 266.949 486.959 0.680481 307.185 523.262 0.475794 278.925 424.131 0.618305 286.736 479.338 0.714423 328.252 518.914 0.613724 216.526 318.45 0.79954 227.612 314.554 0.795732 0 0 0 243.906 305.007 0.803576 0
5 111 196 218.65 321.751 0.81927 240.008 338.916 0.787882 222.401 338.069 0.662878 229.689 374.132 0.109198 224.961 399.141 0.0851963 258.043 340.012 0.759707 281.954 386.1 0.573674 255.635 407.833 0.476905 244.58 424.991 0.603779 260.861 486.526 0.695958 291.744 523.704 0.484603 272.402 422.611 0.656576 283.697 476.956 0.614459 328.897 518.692 0.577632 210.011 318.007 0.7937 221.093 313.691 0.805984 206.942 314.512 0.13923 237.171 304.567 0.846868 0
5 111 197 213.219 320.661 0.837996 233.267 338.918 0.703359 215.44 338.505 0.664819 223.169 373.048 0.112833 213.259 395.196 0.0781962 251.528 339.791 0.721714 275.429 385.01 0.515545 250.206 406.53 0.432636 237.838 423.681 0.601851 254.344 484.999 0.643199 282.835 524.786 0.502549 265.667 421.3 0.605901 279.992 473.701 0.531871 321.511 517.617 0.620033 203.935 317.57 0.680685 215.452 312.607 0.807839 200.211 315.39 0.1 231.302 304.358 0.818514 0
5 111 198 206.713 321.083 0.809946 226.754 339.354 0.854462 208.911 338.725 0.703851 216.857 371.959 0.174238 213.276 395.224 0.0885623 245.865 340.874 0.791963 268.468 387.177 0.605097 243.468 406.751 0.559049 232.181 423.031 0.655109 249.337 484.779 0.756338 273.266 526.745 0.721405 260.003 420.865 0.69213 277.814 471.958 0.687687 315.419 516.744 0.768619 198.27 317.779 0.751063 209.59 312.825 0.770989 193.48 316.268 0.115452 224.99 304.582 0.845653 0
5 111 199 201.289 321.301 0.784412 219.808 339.574 0.766463 201.529 339.37 0.673003 209.896 370.87 0.164084 207.395 395.213 0.083446 239.349 341.303 0.789068 262.591 386.749 0.623934 238.031 406.53 0.444892 226.087 422.382 0.640344 243.902 483.906 0.640683 262.392 527.826 0.624643 253.917 419.787 0.68306 275.43 469.568 0.578806 311.504 515.869 0.686111 192.404 317.8 0.711074 204.366 313.254 0.735927 186.75 317.146 0.1 219.117 305.019 0.811913 0
5 111 200 194.774 322.393 0.713181 213.06 339.568 0.814628 194.556 339.366 0.697871 202.181 368.48 0.136039 199.561 399.122 0.0667903 232.828 341.087 0.720022 255.848 386.745 0.579975 233.679 407.826 0.345417 220.213 421.944 0.619238 242.391 481.074 0.667443 261.743 526.087 0.684532 247.821 419.354 0.710609 267.61 468.922 0.638983 297.591 517.604 0.715278 186.099 318.447 0.619194 198.493 314.33 0.679343 180.019 318.024 0.1 212.815 306.097 0.784563 0
5 111 201 188.042 324.118 0.827377 206.098 338.93 0.779416 186.306 338.928 0.644396 194.63 366.416 0.120638 0 0 0 226.094 340.45 0.761192 249.104 386.094 0.634268 228.897 408.913 0.545548 213.903 420.434 0.594521 240.649 478.037 0.365983 261.955 525.207 0.405608 241.514 418.051 0.683514 258.703 468.921 0.397723 286.281 518.689 0.508037 180.003 319.547 0.76994 191.966 315.858 0.777762 173.287 318.674 0.532574 206.069 307.614 0.770871 0
5 111 202 182.175 325.638 0.809785 199.144 338.499 0.767274 179.124 338.93 0.697322 186.918 364.681 0.20103 191.75 401.07 0.08761 219.359 339.576 0.759549 242.358 385.654 0.683813 223.9 410.87 0.555292 207.161 419.785 0.631868 233.696 476.519 0.55468 252.167 525.868 0.522764 235.214 416.964 0.678984 254.785 468.06 0.615186 284.764 517.385 0.720558 174.35 321.273 0.873599 186.518 316.947 0.819151 166.663 319.871 0.284413 199.979 309.133 0.767266 0
5 111 203 175.878 327.384 0.838568 192.18 339.143 0.825826 171.09 339.577 0.659397 179.254 364.356 0.133357 0 0 0 212.617 340.012 0.770342 234.973 386.313 0.661105 218.465 413.042 0.381312 199.991 419.785 0.607728 226.747 475.436 0.593704 243.043 525.657 0.627404 228.686 416.745 0.69566 249.57 468.282 0.643555 282.591 516.298 0.794495 168.694 323.222 0.849024 180.862 318.908 0.819076 160.145 321.614 0.485033 193.25 310.873 0.778071 0
5 111 204 170.006 329.116 0.811937 185.23 340.015 0.797714 164.344 340.66 0.710212 171.429 364.571 0.104324 0 0 0 205.448 341.094 0.761824 227.366 386.747 0.696037 212.17 414.341 0.457515 193.462 420.437 0.64295 224.36 474.34 0.738096 243.699 521.962 0.806756 221.076 417.4 0.689011 238.915 469.799 0.717984 270.423 517.598 0.71579 162.189 324.963 0.89722 174.992 320.435 0.877574 153.445 322.925 0.33117 186.945 312.616 0.770829 0
5 111 205 163.487 331.076 0.848259 178.281 341.308 0.852832 157.383 341.95 0.672783 164.254 365.441 0.1 0 0 0 198.927 342.611 0.792047 220.426 388.476 0.640764 204.778 415.428 0.478656 186.29 421.732 0.622883 216.754 474.988 0.677493 238.274 521.746 0.78799 213.686 418.911 0.679641 228.263 471.965 0.732492 258.472 518.687 0.706296 156.104 326.924 0.728311 168.902 322.61 0.756719 146.563 323.802 0.224104 180.213 314.359 0.800542 0
5 111 206 155.88 332.835 0.793881 171.326 341.953 0.785571 150.426 342.166 0.72443 157.293 366.528 0.1 0 0 0 191.963 343.274 0.829507 212.604 389.999 0.666449 197.819 417.82 0.462858 179.549 421.953 0.716922 212.185 474.774 0.71065 240.44 517.404 0.820373 206.51 419.56 0.739184 217.397 474.13 0.718702 246.944 519.998 0.828416 148.927 328.88 0.734642 161.711 325.215 0.771287 139.392 324.52 0.1 173.04 316.09 0.770701 0
5 111 207 148.693 334.14 0.848133 164.149 342.171 0.808383 143.261 343.027 0.628023 149.476 367.834 0.1 0 0 0 184.573 343.058 0.773224 204.993 390.654 0.687798 190.431 418.693 0.530529 172.375 422.17 0.732383 204.8 474.776 0.743483 237.407 515.226 0.823177 198.689 419.345 0.736197 206.742 475.657 0.714572 235.207 521.3 0.828823 141.328 330.196 0.856775 153.679 326.73 0.788502 132.649 325.491 0.428929 165.656 317.391 0.739724 0
5 111 208 141.719 335.442 0.824774 157.193 342.818 0.768491 136.734 343.681 0.669279 142.379 369.214 0.129986 152.589 414.78 0.0529059 177.399 343.705 0.763668 196.955 391.301 0.678713 182.398 419.346 0.54554 164.772 421.95 0.628493 197.618 474.564 0.709454 235.884 513.051 0.729484 191.075 419.127 0.688423 195.878 476.963 0.829166 223.254 522.614 0.819946 134.159 331.702 0.803152 146.499 327.393 0.811271 125.268 326.309 0.1 158.689 318.677 0.790192 0
5 111 209 134.975 335.872 0.857834 150.24 343.259 0.810314 130.003 344.763 0.676264 136.655 371.968 0.157591 144.767 414.807 0.0925502 170.22 343.921 0.746449 188.696 391.086 0.724849 174.129 419.562 0.662434 157.611 421.952 0.676213 186.086 476.082 0.61635 223.494 513.917 0.594357 184.333 418.69 0.736464 190.871 476.735 0.700098 222.395 521.094 0.674498 127.206 332.573 0.879926 139.539 327.617 0.829106 118.317 327.19 0.126785 151.513 319.118 0.823365 0
5 111 210 128.014 335.872 0.81836 143.293 343.9 0.829222 124.341 346.066 0.648979 131.383 374.471 0.151489 135.035 410.856 0.0716501 163.049 344.343 0.820091 180.649 390.653 0.707773 167.601 419.558 0.619605 150.654 422.166 0.63722 175.869 477.385 0.630975 211.327 514.574 0.688933 176.952 418.478 0.690729 186.103 476.309 0.753977 221.318 520.222 0.821211 119.821 332.789 0.783756 132.367 327.614 0.849247 111.353 327.839 0.1 144.346 319.117 0.858414 0
5 111 211 120.411 335.865 0.891654 136.764 343.898 0.77388 117.611 346.501 0.708753 126.228 376.691 0.16005 131 418.677 0.0590849 156.083 344.125 0.727199 172.826 389.998 0.647867 159.123 418.033 0.486397 143.705 421.303 0.684009 170.007 476.95 0.57466 209.154 512.613 0.380547 169.785 418.038 0.68549 176.977 476.744 0.755893 210.445 521.741 0.735201 112.639 332.58 0.756323 124.769 327.395 0.82542 104.109 327.806 0.1 136.737 318.694 0.890433 0
5 111 212 112.795 335.639 0.874633 130.024 343.469 0.796167 111.736 346.718 0.669532 121.193 378.629 0.1 0 0 0 149.13 343.687 0.783877 166.085 389.349 0.600267 152.166 417.589 0.436934 138.258 420.658 0.646889 164.793 476.732 0.594171 208.495 511.088 0.444994 163.483 417.817 0.666103 168.925 477.39 0.748669 200.659 523.692 0.713516 104.385 331.935 0.793983 116.507 326.533 0.828182 96.8651 327.772 0.1 129.347 317.814 0.792932 0
5 111 213 104.979 335.419 0.838529 123.496 343.474 0.766919 105.651 347.363 0.690468 116.275 380.286 0.1 0 0 0 142.395 342.824 0.734679 159.347 388.692 0.619664 144.774 416.291 0.487025 132.173 421.095 0.728122 155.879 477.177 0.669025 199.15 513.474 0.56893 157.833 417.38 0.698049 166.744 477.39 0.782068 200.654 523.258 0.733781 97.1981 331.296 0.847766 109.114 325.659 0.836818 89.6212 327.739 0.260361 121.957 316.94 0.721581 0
5 111 214 97.5807 334.98 0.896633 116.966 343.041 0.829553 99.3391 347.575 0.713984 110.882 381.113 0.145415 0 0 0 135.216 341.525 0.759754 152.379 386.959 0.626455 138.26 414.981 0.412642 127.176 420.876 0.659801 153.05 476.736 0.638307 199.139 512.605 0.571771 152.615 416.082 0.681897 163.7 476.729 0.768895 200.008 522.821 0.794094 89.1546 330.644 0.774634 101.283 324.569 0.827276 82.3774 327.706 0.172141 114.77 316.07 0.765549 0
5 111 215 89.975 334.744 0.87763 110.01 342.181 0.789555 92.6004 347.79 0.676971 105.23 381.769 0.1 0 0 0 128.057 340.003 0.815873 145.426 385.212 0.558768 131.517 413.457 0.300552 121.517 420.871 0.748648 145.879 477.172 0.589067 193.06 514.776 0.494498 147.184 414.787 0.713869 160.871 476.078 0.74566 199.358 522.381 0.807242 81.9691 329.989 0.807495 93.8965 323.273 0.816761 0 0 0 107.38 315.204 0.76211 0
5 111 216 82.5918 334.31 0.876512 103.266 341.743 0.838821 85.8554 347.579 0.693365 99.3619 382.199 0.1 0 0 0 121.1 339.132 0.818183 138.471 383.039 0.629216 125.21 411.931 0.409884 115.222 420.437 0.692171 140.873 476.952 0.607347 193.056 514.558 0.458514 141.525 414.353 0.708511 157.174 475.633 0.811161 198.714 521.951 0.805505 74.3609 329.118 0.770484 86.7141 322.196 0.875987 0 0 0 100.206 314.547 0.782663 0
5 111 217 75.4186 333.875 0.878504 96.3109 340.669 0.785419 78.894 347.354 0.703251 93.2846 382.609 0.1 0 0 0 114.35 337.614 0.81657 131.735 380.654 0.659669 120.634 409.55 0.429039 109.788 420.227 0.648815 134.574 477.603 0.570443 182.841 517.168 0.536775 136.309 413.917 0.676444 153.262 475.41 0.794941 198.281 521.72 0.771078 67.1859 328.046 0.776075 79.5426 321.967 0.835296 0 0 0 93.0354 313.686 0.743619 0
5 111 218 67.8195 333.229 0.857844 89.1305 339.362 0.73884 71.7114 346.061 0.720088 87.2074 383.018 0.1 0 0 0 107.183 335.227 0.77723 125.645 377.18 0.640287 115.857 406.3 0.505179 103.267 419.784 0.606293 127.624 475.872 0.558188 173.057 514.557 0.545356 129.8 412.831 0.712873 147.62 473.898 0.800071 197.626 521.5 0.791604 60.0058 327.178 0.690048 71.5071 321.743 0.85118 0 0 0 85.428 312.594 0.766672 0
5 111 219 59.7811 331.928 0.886466 82.3766 338.059 0.80659 64.7645 344.324 0.720683 81.1301 383.428 0.106238 84.1256 404.983 0.0689819 100.221 334.143 0.841941 120.21 376.738 0.711626 109.559 404.574 0.530128 97.4004 419.57 0.667701 120.455 474.786 0.542456 163.054 512.171 0.47014 124.142 412.829 0.71773 142.612 474.111 0.859141 196.314 521.064 0.772294 52.6138 326.087 0.767591 64.1053 321.297 0.851818 0 0 0 78.0359 311.304 0.761334 0
5 111 220 52.8231 330.418 0.835114 75.6437 337.631 0.796242 58.8894 343.456 0.759393 75.0529 383.837 0.170709 72.4169 401.119 0.0896576 93.2628 333.932 0.775058 113.907 376.529 0.614185 102.169 403.278 0.473351 91.3098 419.789 0.656459 115.88 476.094 0.439743 157.84 511.735 0.403943 117.397 413.264 0.743577 136.525 475.415 0.661952 194.141 520.201 0.71662 45.6649 324.782 0.665467 56.9355 320.64 0.865751 0 0 0 71.0779 310.22 0.759157 0
5 111 221 45.8669 328.696 0.793396 68.6838 336.54 0.853981 51.9328 342.143 0.744466 64.5526 381.547 0.0894298 0 0 0 86.3047 333.277 0.821391 107.381 375.872 0.582647 94.5608 401.756 0.407168 84.5672 419.131 0.694631 109.786 476.302 0.553699 154.15 511.515 0.231909 110.651 412.609 0.748404 129.359 475.631 0.792243 190.017 518.691 0.826777 39.0808 323.044 0.779698 49.9802 319.547 0.871879 0 0 0 64.1199 309.565 0.735748 0
5 111 222 38.3524 326.738 0.794747 61.5143 333.938 0.7826 45.1868 339.112 0.714469 0 0 0 0 0 0 79.1215 331.534 0.770317 100.212 374.569 0.605231 88.0366 400.664 0.558851 77.8236 416.523 0.708527 102.615 475.865 0.584291 143.933 511.3 0.685617 103.688 410.656 0.735174 121.095 475.418 0.680273 184.368 517.174 0.812066 32.014 320.645 0.743156 41.6066 317.605 0.795567 0 0 0 56.0809 308.481 0.744936 0
5 111 223 31.2926 324.783 0.789097 54.3407 331.327 0.826443 38.4477 335.861 0.692334 0 0 0 0 0 0 71.7376 329.794 0.811589 92.3882 373.263 0.645923 79.3417 398.496 0.565733 70.2148 414.139 0.66548 94.3539 475.644 0.538593 133.716 511.079 0.593268 96.5175 408.921 0.737461 112.401 475.204 0.67696 177.84 515.651 0.77097 26.2469 318.25 0.562829 34.3264 315.66 0.788703 0 0 0 48.6986 307.391 0.795551 0
5 111 224 25.5236 322.61 0.819165 47.3741 329.145 0.778268 31.3813 333.254 0.676816 37.211 377.625 0.0582673 0 0 0 64.7722 327.834 0.803127 84.9893 371.315 0.612236 71.0868 396.541 0.441702 63.2574 411.752 0.561328 86.3189 474.991 0.461136 124.144 510.208 0.117515 89.5616 406.967 0.685526 103.922 473.689 0.64081 169.14 513.911 0.689285 20.9253 315.862 0.747904 27.6948 313.91 0.752652 0 0 0 41.7363 306.292 0.796649 0
5 111 225 20.4127 320.107 0.823601 40.5746 327.077 0.787979 25.6169 330.645 0.599699 0 0 0 0 0 0 57.7153 325.876 0.760792 77.5988 370.334 0.639196 63.4815 394.911 0.46486 56.7288 409.793 0.632992 78.7167 474.554 0.536229 114.248 509.014 0.249309 83.0495 404.683 0.649894 96.9622 471.419 0.686946 160.326 512.066 0.671065 15.6113 313.279 0.1 22.3623 311.62 0.75223 0 0 0 35.2589 304.553 0.839442 0
5 111 226 15.3098 317.279 0.61136 33.5002 325.104 0.79325 20.2968 327.821 0.580929 0 0 0 0 0 0 50.7754 323.701 0.750228 70.8562 369.671 0.59568 55.6534 393.382 0.294863 49.7653 407.608 0.609901 71.9811 473.458 0.579062 114.022 505.321 0.254753 76.1037 401.858 0.666719 91.2969 468.168 0.738357 151.189 510.116 0.659217 10.2972 310.696 0.238016 17.0379 308.797 0.646472 0 0 0 28.4101 302.384 0.785081 0
5 111 227 10.931 314.841 0.425156 26.7536 323.185 0.745145 15.2545 325.696 0.520874 4.8431 360.006 0.0754867 0 0 0 43.8233 321.97 0.73648 63.3268 369.064 0.570789 47.3687 392.477 0.414454 43.5599 405.32 0.579485 65.3358 474.202 0.573694 111.878 506.939 0.321242 69.9419 398.979 0.677442 85.2507 465.416 0.719536 139.918 507.887 0.657585 4.98316 308.114 0.1 11.9768 305.693 0.549273 0 0 0 21.9421 300.845 0.800767 0
5 111 228 6.55217 312.403 0.464637 20.0069 321.266 0.765176 10.2123 323.57 0.511584 4.84466 365.866 0.0792793 0 0 0 36.8711 320.239 0.819554 55.7975 368.457 0.720802 39.0841 391.573 0.436013 37.3544 403.032 0.640202 58.6904 474.947 0.59162 109.734 508.557 0.400766 63.7801 396.1 0.687258 79.2046 462.663 0.677326 128.648 505.658 0.651996 -0.330903 305.531 0.194273 6.91563 302.588 0.582169 0 0 0 15.4741 299.306 0.670484 0
5 111 229 2.17334 309.965 0.1 13.2602 319.347 0.1 5.17002 321.444 0.1 0 0 0 0 0 0 29.919 318.507 0.1 48.2682 367.849 0.1 30.7994 390.669 0.1 31.1489 400.745 0.1 52.0451 475.691 0.1 107.59 510.174 0.1 57.6182 393.221 0.1 73.1584 459.911 0.1 117.377 503.43 0.1 0 0 0 1.85451 299.484 0.1 0 0 0 9.00615 297.767 0.1 127
5 111 230 -2.2055 307.527 0.155997 6.51355 317.428 0.73175 0.127779 319.318 0.300545 4.85435 367.85 0.14336 0 0 0 22.9668 316.776 0.733584 40.7388 367.242 0.598804 22.5147 389.764 0.314974 24.9435 398.457 0.708598 45.3997 476.435 0.735832 105.447 511.792 0.721413 51.4564 390.341 0.718047 67.1122 457.158 0.812226 106.107 501.201 0.696304 4.86308 303.273 0.0589448 -3.20661 296.379 0.21431 0 0 0 2.53818 296.228 0.477352 0
5 111 231 4.87462 297.383 0.0747133 4.84401 314.984 0.582773 0 0 0 0 0 0 0 0 0 21.4434 307.229 0.672485 37.2325 352.219 0.300899 35.2435 379.538 0.143568 19.4909 399.116 0.646805 37.0881 471.511 0.766534 80.2461 506.787 0.761778 50.8037 383.564 0.728845 76.328 444.18 0.784984 105.677 493.16 0.795734 0 0 0 4.87494 285.612 0.100564 0 0 0 4.85528 283.701 0.226536 0
