0 111 57 472.292 464.135 0.141177 500.333 505.903 0.914093 537.007 506.924 0.865595 571.523 540.108 0.889897 589.413 509.694 0.918192 462.364 505.295 0.892785 437.438 528.891 0.725546 456.149 494.626 0.343157 533.73 584.965 0.707717 541.954 639.007 0.687464 569.357 667.171 0.0510999 491.569 589.582 0.784123 495.995 650.799 0.899001 509.974 709.276 0.756069 0 0 0 473.476 460.223 0.291678 509.553 470.662 0.249386 486.543 467.01 0.887351 0
0 111 58 475.614 457.088 0.386749 501.776 499.809 0.865133 538.838 500.957 0.87481 573.048 534.917 0.843955 590.537 504.932 0.870664 464.379 499.237 0.85878 438.787 525.694 0.757565 455.342 495.974 0.356307 533.506 579.488 0.71828 541.036 629.263 0.718601 0 0 0 491.561 583.384 0.80737 495.145 641.473 0.853623 509.056 700.432 0.839569 0 0 0 476.42 452.975 0.530817 512.874 463.811 0.124001 487.789 460.423 0.967288 0
0 111 59 478.937 450.041 0.300678 503.219 493.716 0.936852 540.669 494.99 0.902928 574.572 529.726 0.799919 591.661 500.169 0.853868 466.394 493.179 0.88968 440.136 522.498 0.769409 454.536 497.321 0.310376 533.282 574.01 0.738121 540.118 619.519 0.774052 0 0 0 491.553 577.186 0.765081 494.295 632.146 0.890224 508.139 691.588 0.899379 0 0 0 479.363 445.727 0.472621 516.194 456.96 0.122502 489.035 453.836 0.941809 0
0 111 60 482.259 442.994 0.174953 504.662 487.622 0.912926 542.501 489.023 0.867263 576.097 524.535 0.825291 592.786 495.406 0.870422 468.408 487.122 0.852936 441.484 519.301 0.759308 453.729 498.668 0.22984 533.058 568.532 0.748335 539.199 609.776 0.66004 0 0 0 491.545 570.989 0.807985 493.446 622.82 0.856561 507.221 682.744 0.893763 0 0 0 482.307 438.48 0.299677 519.515 450.109 0.171494 490.281 447.25 0.997049 0
0 111 61 485.581 435.948 0.131057 506.105 481.529 0.924449 544.332 483.056 0.799218 577.622 519.344 0.814973 593.91 490.644 0.897051 470.423 481.064 0.888031 442.833 516.105 0.811859 452.922 500.015 0.117397 532.834 563.055 0.737278 538.281 600.032 0.124719 0 0 0 491.537 564.791 0.785577 492.596 613.494 0.896442 506.303 673.9 0.91087 0 0 0 485.25 431.232 0.279942 522.836 443.258 0.244089 491.527 440.663 0.934672 0
0 111 62 0 0 0 507.416 475.881 0.930679 545.644 477.616 0.838716 578.705 513.908 0.794173 594.985 485.428 0.839009 471.949 475.633 0.892669 444.142 512.628 0.827102 452.486 500.674 0.1 532.189 557.831 0.715689 537.415 593.284 0.349046 0 0 0 491.522 559.125 0.779256 491.731 604.802 0.787987 505.21 665.85 0.840499 0 0 0 0 0 0 525.653 436.52 0.316373 492.837 434.566 0.954537 0
0 111 63 0 0 0 508.296 470.016 0.888418 546.947 471.747 0.856118 579.998 508.253 0.867862 596.061 480.425 0.894096 473.457 469.979 0.858972 446.095 509.15 0.865424 451.407 503.278 0.1 531.749 552.392 0.734844 536.968 586.338 0.54495 538.5 623.699 0.69478 491.505 553.04 0.771996 491.071 596.534 0.711808 503.691 656.727 0.808948 0 0 0 0 0 0 528.042 430.207 0.383597 493.278 428.049 0.967113 0
0 111 64 0 0 0 508.729 464.795 0.914877 547.603 466.524 0.836487 581.083 502.825 0.861474 596.919 474.989 0.926948 474.533 464.767 0.908781 448.269 505.668 0.86775 449.885 506.106 0.1 531.105 547.389 0.669488 536.525 579.375 0.696031 538.27 623.049 0.788331 491.493 547.819 0.751248 490.202 588.049 0.747816 501.958 646.948 0.869734 0 0 0 0 0 0 529.561 423.695 0.436344 493.28 421.742 0.862318 0
0 111 65 0 0 0 508.942 459.795 0.913955 547.822 461.31 0.867041 582.162 497.601 0.830415 597.785 469.983 0.877961 475.172 459.771 0.912706 450.216 501.977 0.823358 448.384 508.29 0.338771 530.245 542.604 0.687189 536.093 572.626 0.75442 538.04 622.399 0.78734 491.271 542.82 0.748273 489.538 579.567 0.662508 500.217 636.515 0.901608 0 0 0 0 0 0 530.006 418.256 0.592866 493.077 416.306 0.931318 0
0 111 66 0 0 0 508.734 455.65 0.896193 547.599 456.951 0.85492 583.034 492.376 0.860002 598.442 464.554 0.927007 474.965 455.849 0.879724 451.738 498.719 0.7201 447.308 510.245 0.656949 529.378 537.831 0.700919 535.876 571.746 0.827029 537.81 621.75 0.808553 491.256 538.044 0.734638 488.889 572.172 0.691217 498.475 626.301 0.852745 0 0 0 0 0 0 530.009 413.034 0.672374 492.645 411.301 0.819693 0
0 111 67 0 0 0 508.504 451.308 0.90156 546.95 452.394 0.816485 583.695 487.159 0.855705 598.891 459.13 0.923924 473.893 451.731 0.876372 453.042 495.674 0.766619 446.501 511.763 0.826337 528.725 533.698 0.702314 535.872 570.003 0.835502 537.58 621.1 0.812539 491.037 533.912 0.71008 488.459 566.078 0.670592 496.954 617.38 0.912344 0 0 0 0 0 0 529.784 408.246 0.617266 492.199 406.52 0.783612 0
0 111 68 0 0 0 508.055 447.184 0.935098 545.649 447.834 0.849814 584.133 481.949 0.875581 599.55 454.34 0.892301 472.602 448.035 0.885798 454.125 492.409 0.792279 445.972 512.631 0.860671 527.863 529.568 0.746022 535.865 568.91 0.81796 537.363 620.661 0.795424 490.817 529.999 0.692491 488.241 560.432 0.701685 495.441 609.55 0.894639 0 0 0 0 0 0 528.915 403.904 0.696441 491.334 401.739 0.820839 0
0 111 69 0 0 0 506.968 443.703 0.931153 544.338 444.135 0.860315 584.556 476.728 0.908019 600.429 449.129 0.929652 471.092 444.768 0.889043 454.558 489.146 0.81489 445.711 513.06 0.877619 527.209 526.084 0.780318 535.862 566.957 0.827892 537.144 620.22 0.807282 490.603 526.736 0.724605 488.03 555.43 0.660292 494.136 601.728 0.934162 0 0 0 0 0 0 527.394 399.988 0.762852 490.019 397.625 0.747795 0
0 111 70 0 0 0 505.439 440.434 0.906734 542.599 440.657 0.845995 584.782 472.16 0.884737 600.87 444.559 0.890849 469.572 441.506 0.816612 454.765 485.67 0.809394 445.718 512.829 0.873819 526.563 522.607 0.804078 536.07 565.208 0.804735 536.931 619.351 0.815701 490.389 523.479 0.75608 488.245 551.511 0.680717 493.256 595.214 0.896891 0 0 0 0 0 0 524.79 396.727 0.885246 488.078 394.149 0.743311 0
0 111 71 0 0 0 503.906 437.389 0.891467 540.644 437.389 0.850802 585.214 467.378 0.895392 601.302 440.643 0.867622 468.044 438.459 0.788547 454.338 482.832 0.79425 445.93 512.172 0.887914 526.133 519.348 0.805998 536.065 563.256 0.815388 536.715 618.262 0.813221 490.179 520.44 0.756344 488.455 548.022 0.658759 492.393 589.775 0.858532 0 0 0 0 0 0 521.971 393.685 0.859486 486.334 391.111 0.767911 0
0 111 72 0 0 0 502.372 434.995 0.891795 538.69 434.78 0.887023 585.22 462.82 0.940448 601.529 435.875 0.859531 466.52 436.278 0.822301 453.479 480.428 0.809777 446.13 510.431 0.896294 525.708 516.524 0.784806 536.07 559.994 0.821289 536.282 616.294 0.807419 489.968 517.835 0.741912 488.249 544.972 0.647189 491.953 585.64 0.853756 0 0 0 0 0 0 519.577 391.07 0.848667 484.59 388.708 0.754057 0
0 111 73 0 0 0 500.645 432.394 0.88598 537.381 431.951 0.906745 585.225 458.681 0.919284 601.749 431.737 0.887098 464.799 434.103 0.863276 452.189 478.033 0.823697 446.115 508.261 0.920166 525.491 513.264 0.794395 536.284 556.306 0.866099 535.847 613.682 0.814962 489.756 515.225 0.740918 488.251 543.012 0.691677 491.729 582.6 0.881916 0 0 0 0 0 0 517.413 388.673 0.920955 482.848 386.318 0.721514 0
0 111 74 0 0 0 498.915 429.362 0.912575 536.076 428.7 0.868185 585.44 453.902 0.855047 601.762 427.389 0.882863 463.067 431.495 0.898939 450.678 476.728 0.838244 446.098 506.735 0.958466 525.478 510.007 0.816566 536.492 551.746 0.914912 535.421 610.634 0.843892 489.546 512.833 0.748197 488.251 540.84 0.691302 491.522 580.209 0.88668 0 0 0 0 0 0 515.46 386.056 0.943225 481.111 383.71 0.733113 0
0 111 75 0 0 0 497.39 426.536 0.915943 534.559 425.667 0.858707 585.443 449.118 0.864224 601.969 422.827 0.855112 461.757 428.466 0.900829 449.17 474.984 0.844189 445.878 504.339 0.948532 525.475 506.735 0.808237 536.929 546.536 0.866198 535.414 606.931 0.834185 489.544 510.219 0.741371 488.251 539.101 0.675103 491.521 579.123 0.869847 0 0 0 0 0 0 513.725 383.019 0.950282 479.592 380.888 0.762674 1
0 111 76 0 0 0 495.884 423.925 0.905421 533.471 423.052 0.841759 585.658 444.769 0.872552 602.178 418.262 0.848144 461.104 425.644 0.890512 447.866 473.679 0.797684 445.88 500.428 0.899592 525.474 503.465 0.758343 537.366 540.884 0.836282 535.419 602.586 0.831824 489.545 507.39 0.751747 488.255 537.364 0.705428 491.52 578.26 0.841261 0 0 0 0 0 0 512.211 379.978 0.935143 478.284 378.489 0.676412 1
0 111 77 0 0 0 494.795 421.533 0.893228 532.823 420.659 0.815999 585.868 440.415 0.854202 602.176 414.131 0.869924 460.668 423.249 0.874287 446.791 471.725 0.781429 445.655 494.556 0.870166 525.47 500.205 0.735689 537.811 534.807 0.83823 535.643 597.372 0.808674 489.748 504.355 0.714785 488.462 536.489 0.730609 491.515 577.611 0.851233 0 0 0 0 0 0 510.913 377.156 0.943572 477.198 376.308 0.603174 1
0 111 78 0 0 0 494.15 419.138 0.914076 532.604 418.262 0.855961 585.886 435.86 0.837217 602.163 410.219 0.82996 460.654 420.861 0.850524 446.358 469.546 0.748518 445.865 487.382 0.725627 525.477 497.381 0.69408 538.475 529.572 0.779731 536.088 591.721 0.809203 489.953 501.954 0.703233 488.67 535.615 0.703963 491.312 577.822 0.843085 0 0 0 0 0 0 510.259 374.546 0.935601 476.772 374.118 0.572122 1
0 111 79 0 0 0 494.366 416.099 0.942889 532.828 415.211 0.86532 586.11 431.308 0.863191 602.167 405.447 0.799708 460.66 418.04 0.88063 446.356 466.934 0.768295 445.215 479.784 0.776015 526.339 494.989 0.680043 539.137 524.133 0.821741 536.956 585.417 0.854296 490.168 499.777 0.725717 488.673 534.966 0.702846 491.109 578.042 0.832633 0 0 0 0 0 0 510.689 371.936 0.980229 477.195 371.506 0.604651 1
0 111 80 0 0 0 495.236 412.843 0.930952 533.481 411.964 0.840856 586.759 427.4 0.819455 602.168 400.885 0.822712 461.103 414.583 0.899549 446.998 463.678 0.792462 446.956 472.614 0.367682 527.196 492.383 0.68077 540.443 518.919 0.817833 538.912 578.894 0.852733 490.388 497.388 0.737064 488.683 533.881 0.718185 491.109 578.045 0.81865 0 0 0 0 0 0 511.771 368.895 0.98708 478.064 368.461 0.601534 1
0 111 81 0 0 0 496.329 409.586 0.910801 534.131 408.91 0.838165 587.634 423.69 0.823893 601.945 397.177 0.802396 462.408 411.12 0.893515 447.855 460.63 0.887235 448.703 465.663 0.286499 527.843 489.558 0.66065 541.745 515.218 0.885395 541.526 573.239 0.94574 490.609 494.777 0.779766 489.105 533.022 0.742743 491.113 578.257 0.809355 0 0 0 0 0 0 513.079 365.857 0.997572 479.581 365.223 0.685708 1
0 111 82 0 0 0 497.759 406.558 0.876071 535.047 406.233 0.819111 588.419 419.883 0.818563 601.782 393.266 0.770194 463.708 407.74 0.880152 448.728 456.713 0.870829 450.435 456.823 0.209995 528.72 487.536 0.659718 543.125 511.632 0.837126 544.41 567.33 0.906251 490.843 492.27 0.793147 489.555 532.213 0.753279 491.115 578.191 0.83408 0 0 0 0 0 0 514.893 362.963 0.938463 481.3 362.263 0.640065 1
0 111 83 0 0 0 499.188 403.531 0.869541 535.962 403.555 0.859654 589.204 416.077 0.871159 601.619 389.354 0.813793 465.009 404.359 0.857588 449.601 452.797 0.85341 452.167 447.983 0.313151 529.597 485.514 0.667647 544.504 508.046 0.761379 547.293 561.421 0.859932 491.077 489.763 0.833179 490.005 531.404 0.759809 491.118 578.125 0.83283 0 0 0 0 0 0 516.708 360.069 0.900126 483.018 359.303 0.556439 1
0 111 84 0 0 0 500.618 400.503 0.902601 536.877 400.878 0.921987 589.988 412.27 0.864756 601.456 385.443 0.775599 466.309 400.979 0.874226 450.474 448.88 0.888676 453.899 439.144 0.170428 530.473 483.492 0.680082 545.883 504.46 0.784259 550.176 555.512 0.902093 491.311 487.256 0.81968 490.455 530.595 0.790845 491.12 578.059 0.833981 0 0 0 0 0 0 518.523 357.175 0.922898 484.737 356.343 0.648312 1
0 111 85 0 0 0 502.048 397.475 0.925131 537.792 398.201 0.933574 590.773 408.464 0.826822 601.293 381.531 0.658809 467.61 397.599 0.902591 451.347 444.964 0.866365 455.631 430.304 0.170133 531.35 481.47 0.708526 547.262 500.875 0.777314 553.059 549.603 0.846095 491.545 484.749 0.814768 490.905 529.786 0.817833 491.122 577.993 0.8334 0 0 0 0 0 0 520.338 354.281 0.93236 486.456 353.383 0.698247 1
0 111 86 0 0 0 506.814 397.136 0.933033 540.053 397.229 0.921086 596.715 403.032 0.839509 596.699 369.775 0.55927 475.425 397.134 0.908412 455.862 438.289 0.776658 463.714 436.301 0.131102 534.107 479.337 0.731167 547.833 506.685 0.703164 563.502 541.939 0.798033 492.955 481.325 0.822204 491.026 528.287 0.831746 491.111 579.153 0.838188 0 0 0 0 0 0 524.353 352.183 0.991566 492.953 352.16 0.634237 1
