0 111 0 0 0 0 214.555 236.602 0.442446 231.374 204.349 0.57837 275.654 195.762 0.427546 312.83 192.676 0.595219 199.124 278.693 0.413992 224.986 320.844 0.0733878 0 0 0 283.002 280.019 0.375877 356.487 318.77 0.23756 420.649 367.849 0.0642931 252.035 300.614 0.222232 356.084 315.02 0.0806993 0 0 0 0 0 0 0 0 0 195.619 211.366 0.0557386 193.713 240.661 0.0661144 0
0 111 1 0 0 0 222.601 239.243 0.309253 234.077 215.496 0.42025 272.719 218.13 0.29009 308.532 222.791 0.1 211.191 269.889 0.34733 246.504 365.821 0.0752515 0 0 0 284.313 288.599 0.396978 350.842 325.876 0.336887 412.79 338.518 0.0933818 262.013 301.82 0.267179 311.27 344.755 0.125622 0 0 0 0 0 0 0 0 0 0 0 0 0 0 0 0
0 111 2 0 0 0 230.647 241.884 0.585899 236.78 226.643 0.731152 269.785 240.498 0.651059 304.233 252.906 0.755381 223.257 261.086 0.503633 246.87 280.663 0.278699 263.649 318.328 0.235528 285.625 297.179 0.629253 345.196 332.983 0.629469 366.255 309.457 0.321101 271.991 303.026 0.458617 317.472 338.27 0.171048 336.393 399.635 0.204326 0 0 0 0 0 0 213.272 209.332 0.0896271 209.34 238.686 0.0846022 0
0 111 3 0 0 0 238.693 244.526 0.54382 239.483 237.79 0.649309 266.851 262.866 0.704433 299.935 283.02 0.705961 235.323 252.283 0.444006 257.108 268.918 0.117869 276.982 300.975 0.1 286.937 305.758 0.605629 339.551 340.089 0.61143 373.684 325.847 0.393294 281.969 304.231 0.493955 323.673 331.785 0.184862 339.972 390.86 0.338968 0 0 0 0 0 0 231.248 234.904 0.114779 223.037 228.91 0.082301 0
0 111 4 261.669 244.926 0.422193 246.738 247.167 0.625496 242.186 248.937 0.637552 263.917 285.234 0.582084 295.636 313.135 0.561924 247.389 243.48 0.454034 267.346 257.173 0.13438 290.315 283.621 0.1 288.248 314.338 0.306464 333.905 347.196 0.164151 381.113 342.237 0.1 291.948 305.437 0.25301 329.875 325.3 0.183365 343.552 382.085 0.1078 252.271 243.139 0.431253 260.355 238.041 0.44296 239.383 236.624 0.402618 271.963 234.768 0.263299 0
0 111 5 270.125 244.991 0.400127 254.776 248.698 0.642338 246.309 256.541 0.689844 262.609 299.587 0.635528 293.896 332.92 0.60666 257.172 236.956 0.515567 277.583 245.428 0.576152 303.648 266.268 0.656214 291.297 320.636 0.27903 334.012 353.715 0.190925 388.542 358.627 0.145001 300.431 306.088 0.305216 336.076 318.815 0.166298 347.132 373.31 0.154616 261.632 242.868 0.385285 269.683 238.011 0.288909 247.518 238.344 0.394842 0 0 0 0
0 111 6 278.581 245.056 0.360501 261.941 250.438 0.534988 250.223 264.585 0.637209 264.135 314.588 0.606528 291.72 352.38 0.58517 265.87 230.869 0.36751 287.821 233.682 0.374627 316.981 248.914 0.410899 296.743 328.471 0.302049 340.098 362.408 0.449574 395.971 375.018 0.492841 312.388 309.562 0.211419 346.083 323.604 0.153681 350.711 364.534 0.128119 270.994 242.597 0.390182 278.841 238.63 0.1 255.652 240.064 0.394152 0 0 0 0
0 111 7 287.038 245.121 0.365213 268.89 249.999 0.58714 256.518 264.585 0.659792 268.262 314.789 0.644718 295.86 351.736 0.594435 273.05 225.868 0.387214 296.909 224.807 0.353874 328.249 235.576 0.372155 301.098 330.438 0.487415 342.631 368.778 0.162767 403.4 391.408 0.1 319.998 308.907 0.302419 360.218 320.632 0.1 355.228 360.401 0.1 280.355 242.325 0.358655 287.662 240.549 0.224801 263.787 241.784 0.363055 0 0 0 0
0 111 8 295.494 245.186 0.291928 274.761 249.67 0.68745 262.283 264.576 0.745666 273.371 314.997 0.666476 300.087 351.307 0.672357 279.031 222.928 0.601001 305.731 220.112 0.634476 335.485 231.571 0.809835 306.746 333.27 0.405216 342.275 374.137 0.375395 410.829 407.798 0.1 327.27 309.882 0.466412 365.875 318.82 0.43736 357.914 362.572 0.475178 289.717 242.054 0.309869 0 0 0 270.912 244.04 0.36923 0 0 0 0
0 111 9 303.95 245.251 0.247614 277.814 245.987 0.490622 271.195 257.178 0.563477 284.895 299.564 0.499678 309.429 330.661 0.57641 277.078 223.795 0.453515 304.732 228.504 0.530889 338.69 236.899 0.705816 313.481 330.878 0.212421 339.454 361.531 0.1 418.258 424.188 0.1 325.966 310.963 0.210356 348.707 309.248 0.1 340.958 350.833 0.1 299.078 241.782 0.235866 0 0 0 277.69 240.477 0.270288 0 0 0 0
0 111 10 312.406 245.316 0.355595 282.282 243.271 0.589641 279.458 250.11 0.638728 296.632 284.568 0.6167 318.89 310.018 0.673104 278.494 226.08 0.45581 306.084 240.193 0.556341 337.862 251.559 0.751965 321.63 331.095 0.460216 348.371 367.183 0.174051 425.687 440.578 0.114024 327.925 316.067 0.412013 348.276 311.32 0.273824 338.241 355.84 0.1 308.439 241.511 0.337232 0 0 0 283.684 236.52 0.343471 0 0 0 0
0 111 11 0 0 0 287.064 240.656 0.366824 287.494 243.155 0.264173 307.942 269.577 0.290076 328.68 289.581 0.38943 280.45 228.036 0.190063 306.086 254.544 0.1 335.035 269.614 0.1 329.24 328.274 0.141503 362.066 376.744 0.1 0 0 0 329.872 318.455 0.19697 355.664 319.15 0.1 340.416 360.405 0.1 0 0 0 0 0 0 288.673 231.738 0.1 0 0 0 0
0 111 12 0 0 0 290.536 238.916 0.1 294.879 236.635 0.1 319.244 254.144 0.1 338.031 268.924 0.1 281.322 235.861 0.1 304.794 269.762 0.1 333.072 289.174 0.1 336.853 322.838 0.1 375.758 368.272 0.1 0 0 0 330.532 317.365 0.1 365.99 328.279 0.1 346.942 364.542 0.1 0 0 0 0 0 0 292.363 227.393 0.1 0 0 0 127
0 111 13 0 0 0 295.544 241.52 0.495746 300.317 239.238 0.519321 325.544 255.872 0.37235 343.464 269.801 0.533419 285.448 237.598 0.340103 308.058 269.985 0.1 335.46 289.158 0.1 342.939 324.791 0.277485 384.459 368.054 0.122422 301.301 383.501 0.0744587 335.964 320.192 0.267684 372.951 336.318 0.233684 357.82 368.252 0.365397 0 0 0 0 0 0 297.361 229.139 0.1 0 0 0 0
0 111 14 0 0 0 300.329 242.925 0.1 305.863 241.087 0.1 331.739 256.844 0.1 349.234 270.886 0.1 290.118 239.012 0.1 312.624 270.095 0.1 338.171 289.039 0.1 347.722 324.027 0.1 388.808 365.882 0.1 0 0 0 339.656 321.064 0.1 374.367 340.009 0.1 370.083 370.872 0.1 0 0 0 0 0 0 302.035 231.1 0.1 0 0 0 127
0 111 15 0 0 0 305.549 243.576 0.487877 311.306 241.742 0.57748 337.83 256.627 0.463233 355.549 271.963 0.664793 295.552 239.885 0.399633 318.495 270.111 0.353642 341.424 288.827 0.477526 349.684 321.852 0.328586 388.805 361.754 0.264183 504.76 438.26 0.0697679 340.313 319.334 0.23572 370.238 339.352 0.104975 383.73 372.401 0.1 0 0 0 0 0 0 306.603 232.841 0.111064 0 0 0 0
0 111 16 0 0 0 312.504 243.792 0.541483 319.134 243.267 0.645455 336.494 276.861 0.486695 353.119 300.125 0.56754 300.551 240.54 0.475256 319.84 273.549 0.525837 347.496 280.23 0.644703 355.553 322.067 0.382259 390.618 359.074 0.322139 459.833 365.817 0.0848341 343.14 320.861 0.336291 365.019 339.496 0.144004 388.565 377.192 0.1 0 0 0 0 0 0 313.697 231.821 0.121251 285.61 240.631 0.07856 0
0 111 17 329.867 270.817 0.111979 320.329 243.468 0.407478 327.499 244.572 0.561252 335.158 297.096 0.579473 350.69 328.286 0.707981 307.833 239.57 0.367268 322.751 273.465 0.261051 353.569 271.632 0.487695 360.778 320.546 0.339727 396.85 358.927 0.34008 464.397 366.919 0.398272 347.81 320.323 0.327786 367.415 344.131 0.174118 396.521 381.318 0.120142 0 0 0 0 0 0 323.317 228.037 0.159262 0 0 0 0
0 111 18 345.507 256.143 0.1 327.928 243.689 0.1 335.108 246.086 0.1 333.823 317.33 0.1 348.26 356.448 0.1 314.782 239.356 0.1 326.356 271.81 0.1 359.641 263.035 0.1 366.424 319.46 0.1 408.592 362.188 0.1 462.778 367.509 0.1 353.461 320.111 0.1 377.634 353.045 0.1 407.168 384.368 0.1 0 0 0 0 0 0 332.631 225.293 0.1 0 0 0 127
0 111 19 361.147 241.469 0.192643 334.121 243.585 0.374444 341.409 247.062 0.543302 332.487 337.564 0.55259 345.83 384.609 0.629167 320.537 239.248 0.39721 331.18 262.409 0.31072 365.713 254.437 0.418793 371.745 317.721 0.364859 411.853 363.71 0.448192 461.158 368.1 0.500108 359.334 318.703 0.292094 384.371 358.807 0.135965 420.316 383.289 0.139174 348.284 260.274 0.184768 0 0 0 344.079 224.794 0.253023 0 0 0 0
0 111 20 376.786 226.795 0.1 342.112 240.061 0.28132 351.403 243.846 0.240991 0 0 0 0 0 0 325.681 239.39 0.23058 336.003 253.009 0.101419 0 0 0 375.801 315.617 0.332589 406.637 362.627 0.349555 459.538 368.691 0.50451 364.994 316.172 0.358167 385.167 360.544 0.306837 428.429 384.235 0.533294 371.755 227.962 0.1 0 0 0 355.527 224.294 0.1 0 0 0 0
0 111 21 392.426 212.121 0.415344 350.104 236.538 0.500345 361.398 240.63 0.455896 0 0 0 0 0 0 330.747 235.329 0.379336 340.827 243.608 0.214655 0 0 0 377.173 313.803 0.549028 399.902 362.186 0.66762 457.919 369.282 0.56909 368.256 313.058 0.614552 382.194 360.762 0.521802 431.508 387.208 0.590691 395.225 195.649 0.461952 397.135 195.765 0.209905 366.975 223.795 0.377279 0 0 0 0
0 111 22 0 0 0 358.095 233.014 0.359484 371.392 237.414 0.317829 0 0 0 0 0 0 332.915 237.72 0.302927 345.65 234.208 0.145294 0 0 0 379.781 310.115 0.490054 399.465 361.751 0.497457 456.402 369.931 0.53403 368.265 312.838 0.463255 381.753 361.851 0.351051 429.55 392.206 0.477036 0 0 0 0 0 0 378.423 223.296 0.178654 0 0 0 0
0 111 23 0 0 0 366.086 229.491 0.223888 381.386 234.198 0.160532 0 0 0 0 0 0 335.354 239.73 0.240547 336.555 273.935 0.0581926 0 0 0 381.949 306.805 0.311928 398.054 361.532 0.36494 455.266 371.233 0.278019 368.866 312.292 0.321962 381.641 362.722 0.309458 428.413 396.881 0.324497 0 0 0 0 0 0 0 0 0 0 0 0 0
0 111 24 0 0 0 0 0 0 0 0 0 0 0 0 0 0 0 338.067 241.359 0.1 0 0 0 0 0 0 383.678 303.875 0.1 395.668 361.532 0.1 454.51 373.186 0.1 370.06 311.417 0.1 381.858 363.377 0.1 428.096 401.23 0.1 0 0 0 0 0 0 0 0 0 0 0 0 127
0 111 25 0 0 0 0 0 0 0 0 0 0 0 0 0 0 0 343.549 241.635 0.1 0 0 0 0 0 0 382.152 304.91 0.1 395.453 363.271 0.1 454.245 375.676 0.1 374.246 310.656 0.1 389.796 366.313 0.1 438.796 400.904 0.1 0 0 0 0 0 0 0 0 0 0 0 0 127
0 111 26 0 0 0 342.398 248.48 0.094681 0 0 0 0 0 0 0 0 0 348.104 241.853 0.163372 0 0 0 0 0 0 379.963 307.742 0.127783 394.805 365.662 0.231625 454.458 378.71 0.371849 377.728 311.308 0.199092 396.752 367.839 0.352199 448.579 399.827 0.612793 0 0 0 0 0 0 0 0 0 0 0 0 0
0 111 27 0 0 0 0 0 0 0 0 0 0 0 0 0 0 0 353.104 240.113 0.1 0 0 0 0 0 0 376.496 309.486 0.1 392.192 366.527 0.1 456.2 381.74 0.1 380.996 310.871 0.1 402.619 368.492 0.1 457.712 398.311 0.1 0 0 0 0 0 0 0 0 0 0 0 0 127
0 111 28 0 0 0 0 0 0 0 0 0 0 0 0 0 0 0 357.89 239.024 0.1 0 0 0 0 0 0 375.526 314.272 0.1 389.329 367.698 0.1 458.141 385.923 0.1 382.955 313.694 0.1 406.388 368.036 0.1 460.766 401.069 0.1 0 0 0 0 0 0 0 0 0 0 0 0 127
0 111 29 0 0 0 0 0 0 0 0 0 0 0 0 0 0 0 361.881 238.439 0.1 0 0 0 0 0 0 377.995 321.811 0.1 386.466 368.869 0.1 460.083 390.106 0.1 384.038 319.702 0.1 410.157 367.579 0.1 463.819 403.826 0.1 0 0 0 0 0 0 0 0 0 0 0 0 127
0 111 30 352.145 209.366 0.0520304 365.686 244.865 0.470405 357.342 255.246 0.441665 344.365 269.985 0.0539935 0 0 0 365.95 237.067 0.390049 404.985 258.254 0.0542958 0 0 0 381.392 330.794 0.519326 383.603 370.04 0.365507 462.024 394.288 0.200696 385.553 326.511 0.497933 413.926 367.123 0.525571 466.872 406.584 0.505205 0 0 0 0 0 0 0 0 0 0 0 0 0
0 111 31 344.343 209.359 0.0625308 371.839 246.851 0.557836 367.655 261.409 0.510522 336.562 264.115 0.0738674 0 0 0 370.306 235.113 0.505856 422.933 306.31 0.193213 0 0 0 385.737 337.971 0.611717 380.74 371.211 0.46643 463.965 398.471 0.305222 387.509 331.511 0.570726 417.696 366.667 0.632673 469.926 409.342 0.643151 0 0 0 0 0 0 0 0 0 0 0 0 0
0 111 32 0 0 0 377.992 248.837 0.1 377.968 267.572 0.1 0 0 0 0 0 0 373.839 233.859 0.1 429.321 299.642 0.1 0 0 0 390.31 344 0.1 0 0 0 0 0 0 389.083 335.749 0.1 0 0 0 0 0 0 0 0 0 0 0 0 0 0 0 0 0 0 127
0 111 33 0 0 0 384.145 250.823 0.398287 388.28 273.735 0.46912 434.07 371.601 0.525638 480.822 391.599 0.48464 376.345 232.664 0.442675 435.71 292.975 0.115991 475.396 315.003 0.086832 395.204 346.498 0.252046 455.824 365.826 0.0775324 0 0 0 390.709 339.881 0.222002 455.835 334.512 0.0706574 0 0 0 0 0 0 0 0 0 430.391 234.789 0.0962864 0 0 0 0
0 111 34 0 0 0 390.298 252.809 0.616731 398.593 279.899 0.609701 435.173 368.921 0.679709 480.148 389.913 0.732603 377.605 232.171 0.654029 442.099 286.307 0.183969 476.132 283.174 0.383344 400.42 345.465 0.385015 446.114 457.821 0.0976941 0 0 0 391.303 342.163 0.285278 0 0 0 0 0 0 0 0 0 0 0 0 435.23 243.893 0.403315 0 0 0 0
0 111 35 0 0 0 395.738 253.678 0.584792 407.509 284.9 0.562162 436.276 366.24 0.655812 479.474 388.228 0.70082 378.046 231.948 0.586126 448.487 279.639 0.128849 479.188 263.386 0.188705 407.168 348.494 0.327283 444.111 446.079 0.0539104 0 0 0 391.521 343.899 0.263761 0 0 0 0 0 0 0 0 0 0 0 0 435.931 240.639 0.380043 0 0 0 0
0 111 36 459.133 226.155 0.10217 400.945 255.204 0.654501 416.422 289.463 0.578461 437.378 363.56 0.673262 478.8 386.543 0.792898 378.482 231.943 0.60169 455.662 273.117 0.1 482.244 243.597 0.1 414.553 352.407 0.338387 0 0 0 0 0 0 392.168 347.811 0.278705 475.394 313.08 0.0704656 0 0 0 0 0 0 0 0 0 436.633 237.386 0.371291 0 0 0 0
0 111 37 459.488 223.39 0.125285 404.671 254.269 0.570223 422.181 289.935 0.51618 438.481 360.88 0.513183 478.127 384.857 0.652134 379.715 230.569 0.491438 460.006 262.868 0.1 485.299 223.809 0.185944 419.439 353.276 0.1 0 0 0 0 0 0 393.833 348.174 0.19514 0 0 0 0 0 0 0 0 0 0 0 0 437.335 234.132 0.328806 0 0 0 0
0 111 38 459.843 220.625 0.1 406.918 250.872 0.33877 424.788 286.317 0.364339 439.995 358.695 0.424721 477.614 383.262 0.599433 381.745 227.825 0.31396 461.52 248.891 0.1 488.355 204.021 0.1 421.826 351.1 0.133721 0 0 0 0 0 0 396.515 344.987 0.100875 0 0 0 0 0 0 0 0 0 0 0 0 438.036 230.878 0.262002 0 0 0 0
0 111 39 460.198 217.859 0.179239 408.89 247.4 0.499972 427.61 282.4 0.504449 441.091 356.082 0.546907 476.526 381.526 0.808994 383.697 225.004 0.381664 462.383 235.208 0.1 491.182 187.505 0.1 424.223 347.189 0.168394 461.665 332.581 0.0517058 0 0 0 398.909 340.638 0.115686 0 0 0 0 0 0 0 0 0 0 0 0 439.329 227.618 0.398077 0 0 0 0
0 111 40 460.757 214.776 0.235685 411.073 245.007 0.551754 430.86 278.486 0.552886 442.395 353.688 0.588487 475.662 380.224 0.825364 385.433 222.397 0.456463 462.603 221.742 0.167392 493.359 171.206 0.24707 427.485 345.45 0.318334 0 0 0 0 0 0 401.953 338.898 0.199869 0 0 0 0 0 0 0 0 0 0 0 0 439.983 224.15 0.419775 0 0 0 0
0 111 41 460.919 212.953 0.1 413.257 242.828 0.1 434.118 275.439 0.1 443.489 350.65 0.1 475.007 378.918 0.1 386.964 219.79 0.1 462.561 211.446 0.1 494.775 163.279 0.1 429.656 343.714 0.1 0 0 0 0 0 0 403.689 336.511 0.1 0 0 0 0 0 0 0 0 0 0 0 0 441.069 221.325 0.1 0 0 0 127
0 111 42 461.082 211.13 0.1 414.776 240.662 0.1 436.286 272.402 0.1 444.365 347.398 0.1 474.571 377.614 0.1 388.273 217.831 0.1 462.47 203.667 0.1 495.423 163.503 0.1 431.513 345.234 0.1 0 0 0 0 0 0 404.346 334.984 0.1 0 0 0 0 0 0 0 0 0 0 0 0 441.513 218.495 0.1 0 0 0 127
0 111 43 461.245 209.306 0.118597 416.085 239.362 0.663743 438.462 268.925 0.616795 445.242 345.213 0.556577 474.564 376.098 0.547056 390 216.089 0.607354 461.494 199.791 0.229875 495.9 163.837 0.313304 433.912 350.227 0.459634 480.962 340.418 0.433365 464.461 377.63 0.280789 405.871 336.07 0.360656 474.27 315.396 0.114451 475.293 320.883 0.0513561 0 0 0 0 0 0 442.387 213.93 0.398173 0 0 0 0
0 111 44 0 0 0 417.596 238.49 0.672395 440.646 265.876 0.61618 447.624 343.035 0.465501 475.002 374.37 0.395503 391.296 214.57 0.618844 460.519 195.916 0.22633 496.378 164.171 0.295232 435.65 350.673 0.490788 484.283 338.656 0.607829 470.917 381.729 0.508292 406.958 337.596 0.328706 477.592 317.161 0.160322 459.765 360.032 0.0833155 0 0 0 0 0 0 443.694 210.667 0.355416 412.73 195.655 0.0717775 0
0 111 45 459.767 199.575 0.0521783 419.551 237.395 0.729975 443.477 263.48 0.691713 449.799 341.293 0.674556 476.734 372.412 0.73357 392.597 213.052 0.723339 459.544 192.041 0.242581 496.856 164.504 0.310625 435.007 350.454 0.467183 487.603 336.894 0.601258 477.372 385.827 0.311878 405.651 336.721 0.346856 480.915 318.926 0.170769 477.296 320.983 0.0667333 0 0 0 0 0 0 446.297 208.489 0.489949 413.055 191.299 0.122956 0
0 111 46 0 0 0 421.363 236.592 0.727058 446.085 261.594 0.744715 451.97 339.56 0.690239 479.054 370.163 0.748493 393.763 212.034 0.716296 458.569 188.165 0.141003 497.333 164.838 0.22161 434.798 350.455 0.510306 491.114 334.929 0.691899 483.827 389.925 0.218643 404.85 336.356 0.393436 484.051 320.095 0.168914 0 0 0 0 0 0 0 0 0 448.395 206.528 0.507292 414.517 191.292 0.189951 0
0 111 47 0 0 0 423.035 236.511 0.680231 448.689 260.002 0.708051 453.92 337.816 0.675627 481.951 367.407 0.703922 394.781 211.959 0.667101 0 0 0 0 0 0 434.589 351.102 0.475288 493.851 333.945 0.547019 490.283 394.023 0.171154 403.691 336.291 0.332271 487.763 322.041 0.141635 467.654 371.744 0.0574356 0 0 0 0 0 0 450.647 204.57 0.394705 415.978 191.285 0.13938 0
0 111 48 475.443 191.704 0.0651847 424.762 236.725 0.738956 451.073 259.127 0.736968 456.089 336.293 0.718032 485.653 364.587 0.690949 395.653 212.175 0.71912 461.774 193.756 0.0594145 0 0 0 435.248 351.752 0.495904 496.587 332.961 0.247806 0 0 0 403.258 336.516 0.356404 491.475 323.988 0.159819 0 0 0 0 0 0 0 0 0 452.398 204.343 0.454542 417.44 191.277 0.153428 0
0 111 49 0 0 0 426.287 236.934 0.771964 453.045 258.471 0.747879 458.695 334.77 0.784155 489.561 361.977 0.687777 396.52 212.825 0.741016 403.091 191.679 0.0644016 0 0 0 435.03 351.965 0.511176 461.715 377.591 0.0526046 0 0 0 401.735 335.653 0.406537 0 0 0 0 0 0 0 0 0 0 0 0 454.352 204.331 0.366411 418.902 191.27 0.17395 0
0 111 50 479.34 191.74 0.114615 427.596 237.369 0.777128 455.001 258.031 0.734325 461.947 333.894 0.793372 493.689 359.593 0.697387 397.177 213.915 0.691154 414.742 181.953 0.0615973 0 0 0 436.552 352.623 0.488479 481.318 420.657 0.0608344 0 0 0 402.601 336.742 0.386961 0 0 0 0 0 0 475.404 191.708 0.155194 0 0 0 456.096 204.115 0.434801 420.412 191.257 0.1 0
0 111 51 489.067 187.828 0.0668493 428.698 237.797 0.754277 456.966 257.813 0.767928 465.209 333.673 0.749789 498.036 357.414 0.59953 397.824 214.352 0.581863 0 0 0 0 0 0 437.628 353.275 0.436789 516.516 416.728 0.0601578 0 0 0 402.165 336.747 0.296895 0 0 0 0 0 0 0 0 0 0 0 0 458.045 204.337 0.384506 421.717 191.259 0.1 0
0 111 52 0 0 0 429.575 237.793 0.845625 458.923 257.59 0.835058 468.472 333.024 0.777987 502.822 355.236 0.861068 398.266 214.578 0.724022 397.207 197.608 0.0940852 0 0 0 439.583 352.625 0.581522 502.825 428.457 0.0734124 0 0 0 402.821 335.876 0.478596 0 0 0 0 0 0 0 0 0 0 0 0 459.781 205.205 0.629532 422.806 191.689 0.1 0
0 111 53 0 0 0 430.452 237.361 0.850906 460.87 257.372 0.826322 471.086 331.513 0.833838 507.38 353.266 0.938405 398.718 214.577 0.668189 0 0 0 0 0 0 441.102 351.536 0.590225 0 0 0 0 0 0 403.692 334.79 0.482375 0 0 0 0 0 0 0 0 0 0 0 0 461.308 205.642 0.628137 424.109 191.472 0.1 0
0 111 54 0 0 0 431.332 237.362 0.837176 462.171 257.154 0.811182 473.698 329.778 0.800712 510.863 351.309 0.911642 399.593 214.586 0.673091 0 0 0 0 0 0 444.351 350.444 0.602657 0 0 0 0 0 0 406.739 334.57 0.50557 0 0 0 0 0 0 0 0 0 0 0 0 461.966 206.074 0.658253 425.204 191.469 0.263239 0
0 111 55 0 0 0 432.637 237.15 0.815785 463.477 256.938 0.789877 476.521 328.252 0.82186 514.114 349.576 0.86548 401.102 214.596 0.714359 0 0 0 0 0 0 447.173 348.922 0.593292 0 0 0 0 0 0 409.571 333.917 0.517171 0 0 0 0 0 0 0 0 0 0 0 0 463.494 206.078 0.665953 426.549 190.734 0.304566 0
0 111 56 0 0 0 434.15 236.716 0.785697 464.784 256.928 0.736249 479.346 326.957 0.727172 516.948 348.709 0.852829 402.619 214.374 0.68106 0 0 0 0 0 0 449.773 347.189 0.551143 493.005 334.618 0.0520358 0 0 0 411.959 333.048 0.527185 0 0 0 0 0 0 0 0 0 0 0 0 465.005 206.727 0.60965 428.377 189.703 0.267817 0
0 111 57 0 0 0 435.456 235.843 0.76885 465.879 256.503 0.749839 481.522 325.664 0.744618 519.334 348.263 0.860496 404.13 214.144 0.712632 0 0 0 0 0 0 451.073 345.669 0.575714 498.893 334.627 0.0915239 0 0 0 413.267 331.741 0.473116 0 0 0 0 0 0 0 0 0 0 0 0 466.954 206.299 0.612182 430.036 188.365 0.296178 0
0 111 58 0 0 0 436.755 234.547 0.740397 466.746 255.633 0.733281 483.047 324.362 0.740669 521.079 347.822 0.836756 405.647 213.484 0.656693 414.734 189.75 0.0819081 0 0 0 452.597 344.364 0.595354 516.099 341.273 0.137933 0 0 0 414.999 331.086 0.460239 0 0 0 0 0 0 0 0 0 0 0 0 468.699 205.657 0.590275 431.947 186.933 0.235953 1
0 111 59 0 0 0 438.266 233.249 0.717258 467.827 254.981 0.6912 484.569 323.276 0.729627 522.6 347.599 0.807972 407.166 212.18 0.668987 416.731 193.701 0.0775147 0 0 0 453.463 343.269 0.581598 518.057 343.296 0.161058 0 0 0 415.221 329.78 0.435966 0 0 0 0 0 0 0 0 0 0 0 0 470.437 204.79 0.539952 433.469 185.42 0.210129 1
0 111 60 0 0 0 439.784 231.958 0.758932 468.475 254.32 0.738369 485.645 321.962 0.773338 523.685 347.588 0.792969 409.129 211.52 0.723268 0 0 0 0 0 0 454.766 341.526 0.605843 520.015 345.319 0.267342 0 0 0 416.965 328.263 0.479912 0 0 0 0 0 0 0 0 0 0 0 0 472.177 203.918 0.533284 435.063 183.833 0.338062 1
0 111 61 0 0 0 441.299 230.875 0.781434 468.91 253.672 0.734255 486.077 320.666 0.77218 523.896 347.793 0.793254 411.307 210.854 0.749292 386.604 172.287 0.113486 0 0 0 454.766 340.443 0.591905 521.973 347.342 0.302888 0 0 0 417.186 326.958 0.501585 0 0 0 0 0 0 0 0 0 0 0 0 473.698 203.265 0.614647 436.727 182.386 0.397866 1
0 111 62 0 0 0 442.604 230.229 0.806244 469.342 253.022 0.710653 486.083 320.445 0.775861 523.896 348.017 0.808977 413.905 210.847 0.80127 389.574 171.013 0.629945 365.457 122.328 0.446777 454.119 339.795 0.601914 523.931 349.365 0.343186 0 0 0 417.189 326.086 0.543272 0 0 0 0 0 0 0 0 0 0 0 0 475.431 201.737 0.557926 438.244 181.295 0.594187 1
0 111 63 0 0 0 443.698 229.143 0.780622 469.998 252.156 0.704894 485.654 320.225 0.775954 523.679 348.461 0.880215 416.073 210.184 0.72904 392.545 169.739 0.475225 366.338 120.663 0.280711 452.823 339.153 0.58731 525.876 351.538 0.152471 0 0 0 416.313 324.792 0.511341 0 0 0 0 0 0 0 0 0 0 0 0 476.961 200.222 0.368418 439.97 179.987 0.422827 1
0 111 64 0 0 0 444.36 228.272 0.749317 470.436 251.066 0.675008 484.795 320.013 0.74231 523.037 349.328 0.86123 417.809 209.523 0.661339 395.515 168.466 0.153716 367.218 118.999 0.1 451.955 339.582 0.605945 526.536 352.854 0.28866 0 0 0 415.228 324.149 0.476092 508.402 334.929 0.115189 0 0 0 0 0 0 0 0 0 477.62 199.346 0.435883 441.268 179.221 0.1 1
0 111 65 0 0 0 445.014 227.187 0.751112 470.658 249.77 0.661679 483.927 319.576 0.747817 521.942 349.985 0.836301 419.549 208.654 0.619803 398.486 167.192 0.155111 368.099 117.334 0.1 451.304 339.362 0.591817 526.096 353.508 0.34561 559.569 438.254 0.0585137 415.015 323.495 0.453068 508.741 335.555 0.1 0 0 0 0 0 0 0 0 0 478.06 198.253 0.375634 441.907 178.561 0.1 1
0 111 66 0 0 0 445.464 226.317 0.754411 470.223 248.467 0.658857 483.061 319.348 0.765438 520.208 350.639 0.898498 421.297 207.355 0.64584 399.896 164.801 0.106807 368.979 115.669 0.1 450.656 338.714 0.598245 525.867 353.726 0.339796 545.88 424.587 0.060659 415.228 322.843 0.440957 509.08 336.182 0.127554 0 0 0 0 0 0 0 0 0 478.061 196.514 0.430789 442.34 177.689 0.249337 1
0 111 67 0 0 0 446.114 225.012 0.768631 469.576 247.816 0.685675 481.978 319.132 0.803113 518.47 351.3 0.940298 423.043 205.404 0.676147 405.54 164.145 0.285497 369.675 114.013 0.143747 449.567 337.622 0.629371 524.558 353.943 0.229337 0 0 0 415.234 321.532 0.503968 509.419 336.808 0.1 0 0 0 0 0 0 0 0 0 478.053 195.421 0.470789 442.478 176.87 0.254756 1
0 111 68 0 0 0 446.555 223.705 0.790167 469.142 246.739 0.70584 480.674 318.909 0.780117 516.735 351.743 0.902781 424.771 203.668 0.679914 407.497 162.186 0.174204 370.113 111.838 0.1 448.697 336.534 0.565241 524.113 355.24 0.166795 0 0 0 415.241 320.44 0.470744 509.758 337.434 0.1 0 0 0 0 0 0 0 0 0 478.272 194.55 0.653401 442.962 176.088 0.1 1
0 111 69 0 0 0 447.197 222.397 0.787344 469.361 245.876 0.717675 479.38 318.912 0.767704 514.993 352.186 0.878441 426.063 201.927 0.706512 407.494 160.225 0.200683 370.168 109.831 0.1 448.045 335.886 0.574055 521.939 356.112 0.173374 0 0 0 415.024 319.346 0.485528 510.097 338.06 0.1 0 0 0 0 0 0 0 0 0 478.491 193.676 0.583669 443.502 175.422 0.156664 1
0 111 70 0 0 0 447.64 221.089 0.783001 469.789 245.223 0.696281 478.504 318.69 0.761007 513.468 352.629 0.852604 427.143 199.977 0.719376 408.362 158.702 0.1 370.548 107.877 0.1 446.961 335.231 0.588513 519.757 356.329 0.331533 0 0 0 414.586 318.043 0.483698 510.436 338.686 0.103313 0 0 0 0 0 0 0 0 0 478.49 193.027 0.609444 444.099 174.872 0.190258 1
0 111 71 506.692 176.101 0.151545 448.293 219.563 0.76094 470.226 244.141 0.662662 477.839 317.818 0.755152 511.739 352.849 0.860409 427.794 197.809 0.752954 409.667 156.965 0.203219 371.256 105.975 0.1 446.307 334.79 0.556783 517.795 356.219 0.233117 0 0 0 414.15 317.17 0.445961 496.992 336.472 0.08658 506.644 358.031 0.0601408 496.972 176.042 0.193755 0 0 0 478.277 193.237 0.562281 444.752 174.436 0.1 1
0 111 72 0 0 0 448.724 218.051 0.76502 470.439 243.273 0.672692 477.606 317.166 0.76275 510.225 353.067 0.877817 428.235 196.284 0.732542 412.705 155.66 0.461452 372.29 104.126 0.298507 446.304 334.345 0.551633 516.067 356.001 0.310422 0 0 0 413.943 316.078 0.443107 506.718 336.64 0.0942144 0 0 0 0 0 0 0 0 0 478.056 192.797 0.571107 444.971 173.792 0.1 1
0 111 73 0 0 0 449.365 216.529 0.757039 470.862 242.615 0.669171 477.172 316.294 0.72113 508.921 353.068 0.918161 428.465 194.547 0.732335 412.052 153.691 0.454314 373.856 102.472 0.324729 445.874 333.254 0.494316 514.326 356.213 0.126825 0 0 0 413.935 314.77 0.442083 0 0 0 0 0 0 0 0 0 0 0 0 478.051 192.364 0.61187 445.194 173.251 0.1 1
0 111 74 504.792 183.943 0.0629251 449.798 215.008 0.75109 471.066 241.963 0.674245 476.95 315.43 0.756601 508.063 353.061 0.925765 428.687 192.812 0.741506 411.186 151.515 0.1 379.594 102.357 0.1 445.449 332.602 0.510866 512.671 355.995 0.114899 0 0 0 413.933 313.898 0.430553 0 0 0 0 0 0 0 0 0 0 0 0 478.053 191.502 0.658715 445.419 172.174 0.1 1
0 111 75 0 0 0 450.874 213.714 0.755466 471.934 241.749 0.71104 476.935 314.56 0.742501 507.625 352.838 0.950725 429.121 191.727 0.750209 414.451 151.622 0.177618 389.504 103.78 0.1 445.443 332.381 0.539849 510.864 355.999 0.1 0 0 0 413.931 313.464 0.433932 0 0 0 0 0 0 0 0 0 0 0 0 478.273 191.282 0.445161 445.856 171.958 0.14297 1
0 111 76 0 0 0 451.749 213.068 0.749175 473.223 241.32 0.699118 476.922 313.687 0.753985 507.614 352.612 0.927867 429.35 191.295 0.779431 421.846 154.013 0.249752 403.585 106.742 0.1 445.656 332.379 0.538754 509.774 355.997 0.105295 0 0 0 413.924 312.816 0.464203 0 0 0 0 0 0 0 0 0 0 0 0 478.5 190.629 0.484691 446.163 171.701 0.208829 1
0 111 77 0 0 0 452.617 212.421 0.774135 473.873 241.317 0.69714 476.712 313.261 0.724399 507.607 352.597 0.927547 429.792 190.641 0.798279 432.071 157.929 0.41522 418.475 112.504 0.143994 445.661 332.594 0.53685 508.37 355.237 0.142273 0 0 0 413.922 312.602 0.478975 0 0 0 0 0 0 0 0 0 0 0 0 478.707 189.978 0.544256 446.337 171.394 0.225088 1
0 111 78 0 0 0 453.272 211.985 0.775508 474.302 241.088 0.70483 476.707 312.18 0.746994 507.401 352.372 0.92085 430.022 190.425 0.788777 442.077 162.925 0.274453 434.352 120.757 0.1 445.453 331.725 0.540951 508.594 354.806 0.1 0 0 0 414.133 312.17 0.480912 0 0 0 0 0 0 0 0 0 0 0 0 478.925 188.678 0.551903 446.171 170.404 0.257888 1
0 111 79 0 0 0 453.914 211.555 0.761882 474.729 240.438 0.706831 476.706 311.308 0.750867 507.409 351.941 0.938652 430.029 190.422 0.761454 451.42 167.053 0.1 449.737 128.905 0.1 445.665 331.288 0.546049 508.821 354.806 0.1 0 0 0 414.352 312.389 0.458369 0 0 0 0 0 0 0 0 0 0 0 0 479.365 187.16 0.527029 445.873 169.369 0.153082 1
0 111 80 0 0 0 454.125 211.331 0.756088 474.724 239.998 0.697555 476.71 310.873 0.743315 507.622 351.724 0.940209 430.039 190.417 0.743587 459.675 170.749 0.119034 464.63 137.374 0.107539 445.67 330.418 0.510461 509.255 354.914 0.103962 0 0 0 414.571 311.954 0.436945 0 0 0 0 0 0 0 0 0 0 0 0 479.365 185.657 0.522606 445.438 168.184 0.131281 1
0 111 81 0 0 0 454.125 211.106 0.732682 474.505 238.701 0.68238 476.713 309.998 0.745908 507.834 351.283 0.948124 430.252 190.419 0.725869 467.501 174.884 0.153963 478.815 145.743 0.1 445.456 329.333 0.512408 509.469 355.13 0.1 0 0 0 414.781 311.521 0.414895 0 0 0 0 0 0 0 0 0 0 0 0 479.575 184.567 0.480237 445.217 167.106 0.104774 1
0 111 82 510.631 172.179 0.083025 453.91 210.881 0.759301 474.077 237.407 0.719506 476.924 309.341 0.753558 508.261 351.056 0.893162 430.462 190.417 0.783677 475.761 178.805 0.153667 492.505 153.79 0.156914 445.45 328.466 0.567884 510.113 355.13 0.365272 0 0 0 414.785 310.874 0.474052 0 0 0 0 0 0 505.399 169.895 0.126206 0 0 0 479.784 183.27 0.585494 444.997 166.022 0.201443 1
0 111 83 510.705 174.139 0.115567 453.69 210.666 0.744521 473.651 236.325 0.697727 476.929 308.898 0.775736 509.121 350.404 0.942625 430.462 190.42 0.768324 483.91 182.828 0.135341 502.013 160.385 0.138255 445.442 327.384 0.581399 510.257 355.562 0.302389 0 0 0 415.003 310.658 0.465374 0 0 0 0 0 0 505.417 170.864 0.162879 0 0 0 479.577 182.399 0.612199 444.571 165.357 0.183328 1
0 111 84 510.65 176.109 0.198825 452.826 210.443 0.74679 473.22 235.229 0.683412 476.937 308.243 0.790824 509.771 349.323 0.925278 430.241 190.422 0.771368 487.712 185.11 0.143116 507.34 165.529 0.153566 445.447 326.296 0.585029 510.982 355.353 0.363263 0 0 0 415.014 310.004 0.460606 0 0 0 0 0 0 505.435 171.834 0.231763 0 0 0 479.366 181.312 0.614524 443.916 164.046 0.1 1
0 111 85 508.731 170.243 0.0614981 451.958 210.216 0.773517 472.793 234.142 0.702861 476.952 307.384 0.8335 510.863 348.239 0.903944 430.01 190.417 0.787027 480.1 181.184 0.154774 508.484 169.221 0.149183 445.67 325.214 0.634752 510.552 356.658 0.426173 0 0 0 415.236 309.788 0.482227 495.665 343.529 0.111134 0 0 0 0 0 0 0 0 0 479.141 180.442 0.570297 443.259 162.524 0.247043 1
0 111 86 0 0 0 451.306 209.993 0.774782 472.79 233.483 0.716386 477.38 306.084 0.828099 511.951 346.729 0.894426 429.579 190.414 0.787421 479.015 180.97 0.198118 508.81 170.2 0.135681 446.101 323.918 0.619479 510.446 356.982 0.348745 0 0 0 415.451 308.918 0.48843 496.154 343.119 0.1 0 0 0 0 0 0 0 0 0 478.928 179.347 0.523369 441.96 161.435 0.18409 1
0 111 87 0 0 0 450.436 209.77 0.758889 472.145 232.838 0.686494 478.026 305.215 0.813706 513.244 345.216 0.7807 429.349 190.201 0.771315 478.361 179.669 0.1 507.935 168.465 0.1 446.964 324.135 0.632429 510.445 356.768 0.408005 0 0 0 415.882 309.568 0.473285 496.642 342.708 0.154589 0 0 0 0 0 0 0 0 0 478.485 178.694 0.516766 441.083 160.988 0.299477 1
0 111 88 0 0 0 449.36 209.549 0.780876 471.503 231.973 0.692899 478.26 304.573 0.808309 514.542 343.699 0.787694 428.689 190.199 0.779676 477.208 179.019 0.108382 507.135 167.237 0.1 447.619 324.139 0.636211 510.438 356.766 0.437295 0 0 0 415.883 309.568 0.48655 497.131 342.298 0.145907 0 0 0 0 0 0 0 0 0 477.834 178.248 0.549877 439.775 160.11 0.359518 1
0 111 89 0 0 0 448.486 209.332 0.776265 470.638 231.108 0.68208 478.487 304.139 0.815969 516.055 342.174 0.744988 427.383 190.201 0.76619 475.981 178.583 0.173738 506.409 166.087 0.1 448.483 324.574 0.611557 510.442 356.108 0.443103 0 0 0 415.886 310.003 0.488797 497.62 341.887 0.17502 0 0 0 0 0 0 0 0 0 476.532 178.019 0.496784 438.263 159.562 0.329178 1
0 111 90 0 0 0 448.046 209.112 0.73266 469.993 231.537 0.674434 478.709 303.934 0.77625 517.564 340.655 0.760751 426.084 189.985 0.735231 475.335 177.929 0.220761 505.974 165.439 0.163755 449.133 324.146 0.574245 509.135 356.104 0.328923 0 0 0 415.882 309.565 0.451023 497.403 341.952 0.118085 0 0 0 0 0 0 0 0 0 475.011 177.803 0.46389 436.746 159.331 0.209124 1
0 111 91 493.069 156.552 0.094102 447.389 209.113 0.769133 469.127 231.967 0.635701 478.932 303.726 0.748519 518.867 338.711 0.78466 424.566 189.989 0.757902 473.812 177.925 0.252496 505.329 166.093 0.215139 449.788 324.148 0.594868 507.615 356.314 0.285697 0 0 0 415.884 309.777 0.486447 497.186 341.302 0.10603 0 0 0 0 0 0 0 0 0 473.275 178.011 0.503574 435.019 158.896 0.211529 1
0 111 92 0 0 0 446.522 209.108 0.784038 468.05 232.399 0.64262 479.162 303.512 0.761011 519.739 337.186 0.801082 423.048 189.986 0.724529 472.397 177.603 0.1 504.736 167.176 0.1 450.224 323.929 0.58523 505.874 355.445 0.249413 0 0 0 415.668 308.911 0.505887 497.113 339.858 0.101218 0 0 0 0 0 0 0 0 0 471.314 178.234 0.492191 433.271 158.9 0.313432 1
0 111 93 504.751 162.393 0.0628448 445.432 208.892 0.815453 466.97 232.188 0.669055 479.601 303.299 0.791695 520.834 335.451 0.844418 421.31 189.981 0.76428 460.659 171.953 0.1 489.41 159.13 0.1 450.876 323.929 0.59654 503.708 355.219 0.19064 0 0 0 415.658 308.701 0.540221 496.963 338.917 0.1 0 0 0 0 0 0 0 0 0 469.352 178.456 0.489671 431.316 159.34 0.275543 1
0 111 94 495.007 164.331 0.0990117 443.909 208.889 0.795146 465.673 232.835 0.634955 480.464 303.293 0.789705 521.28 333.713 0.829155 419.575 190.195 0.766637 465.016 175.882 0.155041 488.053 160.87 0.147441 451.094 323.715 0.565582 502.841 353.707 0.271554 0 0 0 415.448 308.481 0.57127 496.961 336.957 0.1 0 0 0 0 0 0 0 0 0 467.183 178.251 0.38634 428.711 160.208 0.261191 1
0 111 95 0 0 0 442.167 208.885 0.788881 464.161 233.057 0.669896 481.331 303.497 0.797973 521.939 331.973 0.8131 417.615 190.629 0.787781 454.358 171.093 0.178296 472.619 154.999 0.191175 450.88 323.272 0.579475 501.319 353.053 0.211074 0 0 0 415.448 308.048 0.550699 496.523 334.342 0.100599 0 0 0 0 0 0 0 0 0 464.792 178.255 0.516326 426.969 160.645 0.320623 1
0 111 96 487.134 177.994 0.10999 440.429 209.11 0.794517 463.072 233.494 0.658998 481.769 303.502 0.780508 522.598 330.022 0.770856 415.451 191.072 0.773172 453.706 172.4 0.300142 472.837 157.178 0.313514 451.311 322.834 0.584867 502.61 349.571 0.280016 0 0 0 415.885 308.266 0.518216 495.433 329.997 0.1 0 0 0 475.43 174.114 0.150073 0 0 0 461.968 178.685 0.493815 424.574 161.303 0.225612 1
0 111 97 0 0 0 438.676 209.543 0.787989 461.761 234.354 0.714555 481.983 303.277 0.770826 522.816 328.058 0.771454 412.855 191.515 0.805017 452.689 173.489 0.538811 471.457 159.055 0.35319 451.53 322.397 0.61728 503.912 345.656 0.260643 0 0 0 416.75 308.913 0.580947 494.558 324.133 0.1 0 0 0 0 0 0 0 0 0 459.134 178.909 0.557551 422.395 162.389 0.402573 1
0 111 98 473.513 176.036 0.0761713 436.725 210.636 0.773813 460.678 235.434 0.677578 482.194 303.268 0.763854 522.833 326.098 0.787042 410.67 192.826 0.789779 449.135 175.445 0.357961 465.955 158.409 0.347551 452.394 322.83 0.600767 503.697 342.836 0.27828 0 0 0 418.041 309.79 0.528176 493.88 318.162 0.117852 0 0 0 0 0 0 0 0 0 456.736 179.564 0.467642 419.993 164.343 0.191367 1
0 111 99 0 0 0 434.758 212.37 0.765721 459.798 236.081 0.685165 482.843 303.475 0.756218 523.06 324.352 0.775699 408.059 194.993 0.781616 447.013 177.273 0.428775 460.453 157.764 0.247442 453.475 323.913 0.572194 504.997 338.925 0.342318 489.528 352.504 0.169648 419.133 311.746 0.491797 493.201 312.191 0.1 0 0 0 0 0 0 0 0 0 454.573 179.563 0.384867 416.521 166.311 0.220734 1
0 111 100 471.547 166.28 0.0750565 432.591 214.111 0.758231 458.929 236.737 0.690764 483.707 303.678 0.742022 523.277 322.827 0.787577 405.453 197.381 0.742487 444.89 179.101 0.416102 454.952 157.119 0.307452 454.128 324.564 0.600351 505.65 336.315 0.168603 486.521 356.41 0.1 420 313.053 0.513755 492.522 306.219 0.1 0 0 0 0 0 0 0 0 0 452.407 179.356 0.446967 413.259 168.711 0.19662 1
0 111 101 0 0 0 430.416 216.082 0.793935 458.055 237.824 0.672962 484.565 303.892 0.727261 523.495 321.31 0.78321 402.403 200.206 0.806065 442.768 180.929 0.396154 449.45 156.474 0.375038 455.214 325.866 0.624018 506.733 332.834 0.361887 483.513 360.316 0.42945 421.524 315.871 0.515163 491.843 300.248 0.139576 0 0 0 0 0 0 0 0 0 450.447 179.783 0.473232 410.013 171.757 0.208364 1
0 111 102 0 0 0 428.028 219.125 0.782311 457.18 239.557 0.697814 485.212 304.109 0.752879 523.717 320.438 0.816786 399.146 204.336 0.793652 440.646 182.757 0.12488 0 0 0 456.296 327.176 0.615351 506.507 328.706 0.277012 480.506 364.221 0.301307 422.828 318.695 0.528046 0 0 0 0 0 0 0 0 0 0 0 0 447.835 181.3 0.611656 406.53 175.235 0.199544 1
0 111 103 0 0 0 426.065 222.606 0.795046 456.306 241.078 0.689582 485.642 304.321 0.769287 523.935 319.57 0.84109 395.878 208.694 0.832055 430.424 211.256 0.0921057 0 0 0 457.381 328.696 0.61096 506.067 326.308 0.373702 477.499 368.127 0.524162 424.118 321.518 0.548665 493.023 318.891 0.0647034 489.035 338.579 0.0922731 0 0 0 0 0 0 445.223 183.25 0.595316 402.845 178.715 0.412787 1
0 111 104 0 0 0 423.888 226.306 0.816469 455.214 242.601 0.709634 485.856 304.324 0.794883 524.148 319.125 0.888805 392.397 214.123 0.809674 404.963 209.306 0.0604131 0 0 0 458.468 330.215 0.635917 505.624 324.57 0.527345 474.897 373.13 0.557424 424.117 323.69 0.526411 477.55 305.19 0.0725619 0 0 0 0 0 0 0 0 0 442.398 185.858 0.569811 398.715 182.207 0.333886 0
0 111 105 0 0 0 421.72 230.215 0.789074 454.126 244.549 0.716893 486.078 304.535 0.745703 524.154 318.898 0.863416 388.915 219.553 0.748476 405.009 209.393 0.0530654 0 0 0 458.472 331.74 0.627396 501.931 326.089 0.466018 471.967 377.584 0.547684 423.244 325.862 0.522628 477.468 301.306 0.0955648 0 0 0 0 0 0 0 0 0 440.013 188.903 0.549032 395.233 186.978 0.255514 0
0 111 106 0 0 0 419.772 234.777 0.796368 453.047 246.514 0.719758 486.934 304.979 0.772899 524.386 318.89 0.872215 386.508 225.638 0.806663 367.862 269.97 0.0597633 0 0 0 458.906 333.478 0.627859 497.805 328.265 0.37078 468.928 380.633 0.369318 422.588 328.041 0.531558 473.51 305.299 0.0855599 0 0 0 0 0 0 0 0 0 437.622 192.593 0.653013 391.762 191.971 0.396652 0
0 111 107 0 0 0 417.823 238.908 0.865276 451.965 248.694 0.728759 487.156 305.209 0.80149 524.601 318.888 0.888986 383.688 231.498 0.807645 369.771 266.049 0.0709892 0 0 0 458.914 334.788 0.651847 494.113 331.079 0.635197 467.187 384.107 0.700195 421.512 330.645 0.472941 471.449 314.382 0.101066 0 0 0 0 0 0 0 0 0 435.449 195.855 0.662939 387.851 196.103 0.376622 0
0 111 108 0 0 0 415.657 242.828 0.899295 450.667 250.878 0.766515 486.941 305.207 0.812518 524.598 318.882 0.881769 380.645 236.948 0.799223 358.072 252.368 0.0885979 0 0 0 458.923 336.96 0.631188 490.423 334.557 0.686944 465.654 387.156 0.714032 420.434 333.913 0.513571 462.843 319.728 0.105456 0 0 0 0 0 0 0 0 0 432.827 200.639 0.573442 384.593 200.658 0.484079 0
0 111 109 0 0 0 413.694 246.751 0.886718 449.579 253.922 0.804218 487.369 305.22 0.828235 524.608 318.87 0.893915 377.818 242.39 0.828307 0 0 0 0 0 0 458.915 339.141 0.648006 487.389 336.952 0.688741 464.576 388.898 0.751055 419.355 337.607 0.536169 454.238 325.074 0.1 0 0 0 0 0 0 0 0 0 430.211 205.851 0.513608 381.977 205.435 0.476923 0
0 111 110 0 0 0 411.308 250.869 0.875943 448.485 256.524 0.836451 486.722 305.215 0.817038 524.391 318.656 0.888118 375.421 248.045 0.765789 361.642 286.484 0.647498 0 0 0 458.48 341.094 0.667073 484.568 341.515 0.681929 462.841 391.929 0.768688 417.179 340.221 0.596482 445.633 330.42 0.1 0 0 0 0 0 0 0 0 0 427.381 210.2 0.62106 378.926 209.563 0.514486 0
0 111 111 0 0 0 409.344 254.562 0.88146 447.172 259.137 0.821715 486.289 305.213 0.802149 524.162 318.227 0.89827 372.813 252.828 0.794558 358.781 294.157 0.749783 289.637 258.305 0.196422 456.969 343.044 0.661542 483.057 347.159 0.642371 461.321 394.753 0.729482 414.36 343.478 0.583638 437.028 335.766 0.129973 446.14 367.902 0.0797441 0 0 0 0 0 0 424.78 213.248 0.541098 376.542 213.042 0.52345 0
0 111 112 0 0 0 407.167 258.045 0.865604 445.432 261.314 0.823834 485.212 305.208 0.789301 523.924 317.794 0.888831 369.557 257.606 0.859249 355.92 301.83 0.734379 289.644 260.264 0.478128 455.666 345.656 0.665753 481.331 350.417 0.526726 461.098 395.401 0.632711 411.323 347.39 0.619675 428.78 341.409 0.1 0 0 0 0 0 0 0 0 0 422.381 216.727 0.494478 374.574 216.736 0.568878 0
0 111 113 0 0 0 404.997 261.301 0.816552 443.48 263.266 0.769158 483.912 305.209 0.763426 522.41 317.141 0.85063 366.522 261.304 0.82449 353.058 309.503 0.783614 0 0 0 454.368 348.709 0.67334 480.029 353.458 0.595041 460.662 395.837 0.686636 409.156 352.391 0.625687 421.179 345.967 0.1 0 0 0 0 0 0 0 0 0 419.986 219.548 0.613795 372.827 220.423 0.484894 0
0 111 114 0 0 0 402.159 264.34 0.829813 441.302 264.999 0.771918 482.829 305.209 0.774668 521.096 316.275 0.845382 363.267 265.213 0.81043 350.197 317.175 0.811014 0 0 0 453.935 352.191 0.68194 478.295 356.711 0.62659 460.655 395.84 0.670883 407.21 357.391 0.636372 414.645 350.954 0.134671 442.163 381.551 0.166107 0 0 0 0 0 0 416.511 221.721 0.543364 370.446 222.61 0.537733 0
0 111 115 0 0 0 398.907 266.525 0.865189 439.131 266.733 0.770587 481.967 305.416 0.780751 519.783 315.409 0.820049 359.362 268.473 0.790861 347.162 324.15 0.747297 0 0 0 452.408 356.758 0.678779 477.429 359.101 0.513763 460.437 396.491 0.550137 403.525 362.609 0.645982 408.112 355.941 0.1 434.386 383.535 0.121449 0 0 0 0 0 0 412.813 223.456 0.535383 367.188 225.659 0.478017 0
0 111 116 0 0 0 395.649 268.702 0.914765 436.948 268.25 0.806352 481.746 306.058 0.792426 518.254 314.545 0.802966 355.456 271.738 0.878222 344.347 332.189 0.769202 0 0 0 451.319 360.89 0.661153 477.207 360.195 0.529466 460.435 396.711 0.629716 401.353 368.258 0.698853 401.578 360.928 0.104077 0 0 0 0 0 0 0 0 0 408.47 225.196 0.780236 364.361 228.701 0.67146 0
0 111 117 0 0 0 392.387 271.307 0.894728 433.906 269.765 0.809381 482.394 306.503 0.810773 516.732 313.258 0.745659 351.968 274.998 0.889693 342.616 338.719 0.780135 0 0 0 450.231 365.018 0.647695 476.989 361.062 0.496247 460.437 397.04 0.61922 399.38 373.909 0.69129 395.044 365.915 0.126875 414.836 377.616 0.0899534 0 0 0 0 0 0 404.124 225.856 0.736777 361.309 231.102 0.691486 0
0 111 118 0 0 0 388.476 273.904 0.876637 430.221 270.415 0.883552 480.88 306.715 0.793141 514.764 312.184 0.733771 348.267 278.256 0.826189 340.669 345.445 0.792568 346.308 359.969 0.0849939 448.927 368.712 0.628613 476.759 361.712 0.167178 460.641 397.474 0.390781 397.628 378.917 0.675788 0 0 0 0 0 0 0 0 0 0 0 0 399.56 226.725 0.786191 356.746 233.28 0.603734 0
0 111 119 0 0 0 384.992 276.292 0.885207 426.739 271.074 0.896353 480.444 306.947 0.727473 511.939 310.888 0.733643 344.573 281.088 0.788612 338.723 350.667 0.807695 344.877 365.165 0.116172 447.625 372.848 0.626857 477.623 361.712 0.509097 460.852 397.657 0.55499 395.454 384.785 0.683033 0 0 0 0 0 0 0 0 0 0 0 0 395.217 227.814 0.684567 352.393 235.246 0.41396 0
0 111 120 0 0 0 381.296 278.456 0.859364 422.83 271.718 0.856684 479.791 307.169 0.72588 509.115 309.579 0.730629 340.438 283.913 0.809842 336.344 356.312 0.822722 342.684 369.531 0.100974 446.097 377.841 0.599354 477.404 361.71 0.333157 461.063 398.001 0.459683 393.266 390.445 0.687055 0 0 0 0 0 0 0 0 0 0 0 0 390.432 229.116 0.527059 347.606 237.421 0.567203 0
0 111 121 0 0 0 376.742 280.206 0.801876 418.688 272.152 0.838265 478.702 307.18 0.720876 503.363 306.642 0.593105 336.529 287.168 0.873052 333.734 361.3 0.849654 340.491 373.897 0.1 444.354 381.751 0.623057 477.177 361.931 0.1 461.272 398.094 0.1 390.224 395.446 0.632568 0 0 0 0 0 0 0 0 0 0 0 0 384.787 230.633 0.581517 342.379 240.457 0.611452 0
0 111 122 0 0 0 371.749 282.383 0.807236 414.335 272.813 0.873681 476.972 307.194 0.720604 495.746 302.299 0.49727 331.528 290.656 0.844446 331.13 366.085 0.808014 338.298 378.263 0.250046 442.609 385.229 0.635775 476.528 360.849 0.226657 461.482 398.14 0.236192 387.394 400.443 0.684684 399.088 397.129 0.080118 0 0 0 0 0 0 0 0 0 378.697 232.162 0.588202 335.861 243.5 0.636582 0
0 111 123 0 0 0 366.108 284.352 0.852031 408.688 273.265 0.873572 473.489 306.976 0.711897 490.311 299.907 0.194514 326.307 293.923 0.794151 328.292 368.693 0.734995 336.104 382.629 0.277986 439.564 386.738 0.627743 476.741 359.988 0.14281 461.483 398.148 0.1 384.134 403.272 0.621822 0 0 0 0 0 0 0 0 0 0 0 0 371.741 233.898 0.688706 328.905 246.545 0.696648 0
0 111 124 0 0 0 360.443 286.958 0.882255 402.168 273.921 0.806593 469.351 306.542 0.759681 484.88 297.303 0.136351 320.225 297.837 0.795402 324.591 370.422 0.737666 332.626 386.539 0.1 436.523 386.951 0.6411 476.301 360.42 0.152016 461.488 397.93 0.1 382.169 406.098 0.640408 0 0 0 0 0 0 0 0 0 0 0 0 364.569 235.639 0.722198 321.72 248.946 0.65361 0
0 111 125 0 0 0 353.694 289.564 0.858714 394.994 274.79 0.837387 463.048 305.668 0.747744 477.707 293.824 0.1 314.134 301.526 0.852415 320.447 371.301 0.732132 329.37 391.1 0.180248 431.306 385.643 0.633957 474.779 361.51 0.177728 461.497 396.409 0.1 377.378 406.751 0.620494 0 0 0 0 0 0 0 0 0 0 0 0 357.176 237.378 0.550121 313.892 251.985 0.623774 0
0 111 126 0 0 0 346.305 291.962 0.890612 387.384 276.094 0.772934 454.138 305.022 0.691231 469.882 291.495 0.103369 307.195 305.224 0.825325 315.447 372.602 0.777896 325.569 395.455 0.284356 426.083 383.683 0.634962 471.304 362.163 0.191031 461.511 394.565 0.1 372.394 406.539 0.625615 0 0 0 0 0 0 0 0 0 0 0 0 349.135 240.41 0.674033 305.632 255.458 0.681859 0
0 111 127 0 0 0 338.702 294.361 0.88189 378.902 277.832 0.796514 443.714 305.672 0.69271 461.844 289.682 0.152553 300.232 309.138 0.825698 309.796 373.7 0.69278 320.996 399.373 0.638768 420.213 381.723 0.593111 465.653 361.95 0.228521 461.303 392.605 0.180273 366.751 406.535 0.632242 0 0 0 0 0 0 0 0 0 0 0 0 340.645 243.021 0.741406 297.151 258.94 0.730964 0
0 111 128 0 0 0 331.302 296.541 0.852531 370.424 278.911 0.771566 434.804 305.232 0.670924 454.228 289.018 0.419921 292.843 313.691 0.80261 303.712 375.432 0.755132 315.776 403.283 0.781596 414.343 379.328 0.612598 457.831 361.305 0.231465 460.872 390.472 0.164908 361.962 405.668 0.632568 0 0 0 0 0 0 0 0 0 0 0 0 331.075 245.634 0.794909 288.026 263.062 0.72371 0
0 111 129 0 0 0 323.266 298.722 0.880803 361.513 279.788 0.7439 425.457 304.355 0.690372 443.574 286.414 0.258166 285.891 318.043 0.791471 297.624 376.3 0.728759 310.014 406.537 0.759302 409.123 375.634 0.629208 453.259 361.749 0.383574 460.005 388.607 0.379848 357.627 404.142 0.660012 351.968 401.786 0.122711 0 0 0 0 0 0 0 0 0 321.506 248.252 0.720731 278.897 267.622 0.508676 0
0 111 130 0 0 0 315.867 300.677 0.896773 352.831 280.01 0.789778 415.888 303.264 0.646432 437.167 285.438 0.1 278.932 321.746 0.836598 291.978 378.261 0.766029 303.276 409.147 0.853092 404.127 372.584 0.614764 450.213 362.617 0.339362 458.275 386.561 0.568155 354.145 403.063 0.651816 356.696 402.107 0.1 0 0 0 0 0 0 0 0 0 311.734 250.001 0.84035 270.209 271.102 0.641163 0
0 111 131 0 0 0 308.682 302.413 0.913266 344.353 280.22 0.796762 406.31 301.525 0.325597 432.937 285.548 0.1 272.843 325.227 0.829209 286.529 380.655 0.741261 296.53 411.532 0.805015 398.475 368.24 0.609325 446.302 364.132 0.507456 456.324 383.261 0.726226 350.234 401.535 0.62863 361.423 402.427 0.152602 376.646 418.392 0.104928 0 0 0 0 0 0 302.599 251.958 0.764491 262.382 274.788 0.641293 0
0 111 132 0 0 0 302.369 304.359 0.9053 336.527 280.646 0.808188 398.05 300.008 0.754778 425.772 283.378 0.125756 266.754 328.7 0.799116 280.671 384.344 0.738747 289.784 413.047 0.834932 393.472 366.501 0.619035 442.395 365.223 0.342497 454.373 384.999 0.694473 346.964 401.316 0.602914 366.151 402.748 0.154964 382.338 417.325 0.125421 0 0 0 0 0 0 294.337 253.705 0.781631 254.346 278.471 0.567343 0
0 111 133 0 0 0 295.849 305.439 0.858822 329.133 280.432 0.787744 389.575 298.485 0.734594 419.027 281.419 0.131191 261.524 331.103 0.823303 275.444 387.83 0.737137 284.899 414.997 0.841629 389.774 363.894 0.612943 435.88 366.967 0.30156 451.325 383.915 0.493228 345.006 400.226 0.59352 370.878 403.069 0.240143 388.031 416.257 0.140461 0 0 0 0 0 0 286.085 255.236 0.766475 247.606 281.501 0.730355 0
0 111 134 0 0 0 290.41 306.312 0.901292 322.394 280.434 0.835045 382.827 296.757 0.697633 412.906 279.031 0.114234 256.739 333.078 0.849579 270.666 391.091 0.623422 282.723 416.735 0.692819 387.161 362.158 0.607937 433.699 366.754 0.482843 447.769 385.286 0.237808 343.057 400.006 0.602258 371.101 402.839 0.1 393.723 415.19 0.1 0 0 0 0 0 0 278.477 256.757 0.812197 241.521 283.67 0.755584 0
0 111 135 0 0 0 285.413 306.527 0.88544 315.873 279.138 0.821755 376.747 295.008 0.728739 406.784 276.643 0.1 252.815 334.812 0.836533 266.097 393.269 0.66058 279.328 417.901 0.583222 384.995 360.645 0.62637 433.693 366.975 0.535788 444.213 386.658 0.131371 341.535 400.214 0.637788 373.381 403.269 0.587129 399.416 414.122 0.247827 0 0 0 0 0 0 270.88 257.188 0.784582 236.307 284.102 0.700081 0
0 111 136 0 0 0 280.841 306.301 0.841989 310.434 277.179 0.77264 373.258 291.749 0.75802 400.663 274.255 0.410551 248.908 335.901 0.820957 261.52 395.223 0.7744 274.94 418.727 0.119092 383.698 359.127 0.608229 435.649 368.275 0.357571 440.656 388.029 0.125495 340.443 400.213 0.575046 377.717 404.357 0.313489 401.943 413.214 0.114176 0 0 0 0 0 0 263.5 257.181 0.753243 231.101 284.099 0.816931 0
0 111 137 0 0 0 275.627 306.074 0.897093 304.135 275.006 0.837078 368.03 288.054 0.737201 394.542 271.867 0.175406 244.555 336.13 0.849874 257.608 396.315 0.794477 269.542 419.204 0.1 381.954 356.088 0.525778 437.823 370.446 0.129293 437.1 389.401 0.109042 338.926 399.775 0.494554 380.111 405.655 0.252838 404.191 412.392 0.133581 0 0 0 0 0 0 256.546 257.166 0.715644 226.744 283.88 0.837746 0
0 111 138 0 0 0 270.838 305.43 0.876183 298.263 273.27 0.789767 361.732 285.013 0.714751 404.994 268.056 0.0572274 240.629 336.128 0.862913 253.919 396.54 0.779082 262.715 419.557 0.172331 378.262 354.574 0.584178 431.845 371.421 0.338809 444.159 369.826 0.0801714 336.317 399.552 0.514659 366.845 407.828 0.214194 405.966 411.654 0.227248 0 0 0 0 0 0 250.032 256.724 0.6895 221.53 284.09 0.811213 0
0 111 139 198.909 289.557 0.23519 265.187 304.123 0.88159 291.301 271.317 0.816855 355.216 282.183 0.576586 0 0 0 235.641 335.477 0.814918 247.827 395.885 0.666772 254.893 419.773 0.1 372.175 351.104 0.500627 418.802 372.511 0.326744 469.557 430.425 0.053887 332.186 396.283 0.514107 360.438 406.956 0.1 403.026 409.809 0.1 0 0 0 198.954 281.757 0.356261 243.292 255.637 0.344184 215.228 283.875 0.845928 0
0 111 140 194.969 289.595 0.295989 258.891 302.169 0.865926 284.344 269.135 0.800018 349.142 279.126 0.448545 0 0 0 230.844 333.736 0.78912 242.398 391.747 0.601051 248.212 418.2 0.1 366.084 348.923 0.470974 405.758 374.258 0.406128 477.377 448.032 0.0611066 327.181 393.026 0.520545 351.75 406.521 0.126784 395.202 407.206 0.1 0 0 0 195.033 283.683 0.427839 236.35 253.902 0.231988 208.707 282.368 0.850563 0
0 111 141 191.029 289.634 0.307657 252.81 299.771 0.880322 277.391 266.312 0.723028 343.268 276.075 0.321756 0 0 0 226.066 331.556 0.805694 237.824 386.963 0.408151 243.971 415.274 0.1 359.345 345.236 0.414583 392.93 375.999 0.315715 0 0 0 321.537 389.33 0.497008 343.488 405.213 0.210399 387.375 404.595 0.1 0 0 0 191.112 285.609 0.442269 230.041 251.946 0.289837 202.178 280.424 0.763805 0
0 111 142 0 0 0 247.157 296.949 0.851708 270.646 263.261 0.795013 336.54 272.59 0.711752 0 0 0 221.288 328.935 0.820249 232.822 383.042 0.429096 239.024 409.897 0.1 351.96 342.408 0.508299 385.098 376.433 0.1 0 0 0 315.013 385.858 0.493622 338.707 405.221 0.181333 382.382 404.598 0.1 0 0 0 0 0 0 223.306 249.768 0.581256 195.228 278.259 0.749525 0
0 111 143 0 0 0 240.858 293.465 0.832529 263.477 259.138 0.835067 328.507 268.67 0.762821 338.472 256.345 0.069724 216.281 325.668 0.736267 227.816 379.551 0.358708 233.372 402.069 0.106499 344.358 339.58 0.611256 377.275 377.732 0.137887 0 0 0 309.566 382.171 0.52008 335.88 405.23 0.672418 379.125 405.023 0.45567 0 0 0 0 0 0 216.78 246.513 0.604788 188.266 275.656 0.686755 0
0 111 144 0 0 0 234.34 289.761 0.859643 256.523 255.217 0.833441 321.766 263.892 0.759274 348.734 261.828 0.150132 210.631 322.186 0.718918 222.599 376.51 0.5509 227.414 396.001 0.1 335.44 335.658 0.608251 363.147 379.034 0.117964 369.811 405.016 0.0518841 302.167 377.177 0.589357 328.269 402.851 0.66715 375.905 404.937 0.572891 0 0 0 0 0 0 210.677 243.039 0.633246 180.217 273.491 0.597592 0
0 111 145 0 0 0 227.604 285.854 0.889486 249.345 251.091 0.806248 314.377 259.319 0.784678 341.497 257.295 0.145206 204.336 318.913 0.717504 217.822 373.902 0.603483 221.151 391.693 0.1 326.741 330.87 0.616928 353.146 375.122 0.182908 365.864 408.928 0.0879183 294.989 371.743 0.614801 315.451 398.07 0.551377 371.43 404.329 0.5414 0 0 0 0 0 0 204.37 239.347 0.698523 172.6 271.311 0.547856 0
0 111 146 0 0 0 220.879 281.512 0.836653 241.963 247.187 0.806281 306.989 255.833 0.803507 334.261 252.762 0.263445 198.905 315.215 0.684831 212.822 371.726 0.728856 216.331 388.606 0.1 317.185 326.955 0.5673 344.018 369.035 0.176617 393.217 393.264 0.0501881 286.511 366.308 0.618569 306.097 394.157 0.546313 366.561 403.195 0.34465 0 0 0 0 0 0 198.714 234.792 0.675845 164.781 268.052 0.589233 0
0 111 147 0 0 0 214.577 276.946 0.850539 235.015 242.619 0.79193 300.241 251.922 0.762164 327.024 248.228 0.58356 193.264 311.518 0.765491 208.032 370.636 0.732332 213.38 384.783 0.130146 311.969 321.303 0.565633 342.169 362.841 0.153612 420.645 381.539 0.0789449 281.507 360.874 0.609114 308.501 387.192 0.478811 361.08 400.675 0.219121 0 0 0 0 0 0 192.19 230.225 0.776483 157.604 263.276 0.477567 0
0 111 148 0 0 0 208.281 272.814 0.888173 228.708 238.48 0.806716 293.931 246.932 0.804657 319.787 243.695 0.462417 188.046 308.036 0.755104 205.432 366.075 0.715447 212.302 380.862 0.1 306.096 316.522 0.611944 345.864 359.796 0.114728 0 0 0 276.289 357.401 0.647625 306.754 385.019 0.620634 354.882 396.764 0.747807 0 0 0 0 0 0 186.305 226.085 0.617034 151.079 258.281 0.6864 0
0 111 149 0 0 0 202.627 268.899 0.815512 222.187 233.704 0.812755 286.751 242.152 0.782868 311.745 246.734 0.528867 182.833 304.772 0.806416 202.382 363.904 0.717028 210.303 378.528 0.100589 300.881 311.74 0.531653 350.213 356.749 0.101418 0 0 0 272.161 353.708 0.370826 304.791 382.187 0.402965 348.134 391.114 0.21284 0 0 0 0 0 0 179.568 221.731 0.790111 144.342 253.929 0.71776 0
0 111 150 0 0 0 196.751 264.56 0.809719 215.881 228.927 0.810504 278.269 236.293 0.754526 299.141 254.126 0.518499 177.18 301.304 0.832437 199.334 361.519 0.638392 208.017 377.974 0.324181 295.885 306.96 0.6116 354.341 354.133 0.17638 387.428 346.303 0.12604 267.591 349.791 0.549591 303.702 380.451 0.621389 340.411 384.376 0.648977 0 0 0 0 0 0 172.83 217.164 0.747695 137.821 249.575 0.685123 0
0 111 151 0 0 0 190.239 260.431 0.844882 205.663 233.055 0.814903 264.142 244.994 0.606885 281.542 265.86 0.218876 175.016 290.008 0.767743 201.083 343.913 0.628348 211.335 364.443 0.536918 286.321 306.093 0.402272 348.257 351.523 0.104337 444.148 403.039 0.0510994 264.116 341.094 0.386204 296.749 370.007 0.441554 331.483 376.334 0.346788 0 0 0 0 0 0 165.865 213.252 0.720033 131.73 245.016 0.734173 0
0 111 152 0 0 0 184.362 256.523 0.804327 199.134 229.354 0.77158 255.23 238.915 0.72742 264.818 259.769 0.138093 169.588 286.742 0.755949 197.831 340.437 0.722558 207.207 366.189 0.793677 280.454 300.656 0.522716 336.087 341.309 0.145989 0 0 0 258.468 336.956 0.510148 291.531 368.262 0.242297 321.201 367.207 0.1 0 0 0 0 0 0 158.91 209.552 0.609767 125 240.677 0.752838 0
0 111 153 0 0 0 178.269 253.049 0.831752 192.181 226.306 0.803909 244.353 233.481 0.64976 250.256 254.718 0.1 163.937 283.258 0.79416 195.006 336.73 0.739384 204.821 366.078 0.832271 276.97 299.138 0.481238 329.896 331.203 0.128164 0 0 0 254.997 334.994 0.507508 287.62 373.251 0.23152 310.92 358.081 0.1 0 0 0 0 0 0 151.309 205.864 0.69123 119.131 236.54 0.743379 0
0 111 154 0 0 0 172.181 248.92 0.791649 185.67 222.39 0.78891 232.619 227.839 0.784973 240.035 252.44 0.1 158.496 279.354 0.728731 191.101 331.51 0.720007 204.396 363.899 0.788167 271.536 296.097 0.555066 319.691 326.206 0.188638 0 0 0 249.79 332.601 0.531225 286.742 376.728 0.22886 300.639 348.955 0.1 0 0 0 0 0 0 144.141 202.172 0.74755 112.822 232.844 0.622965 0
0 111 155 142.807 193.706 0.0654982 166.088 245.445 0.831933 180.005 219.127 0.692941 222.846 223.826 0.763818 231.769 252.702 0.76876 152.192 275.869 0.758448 187.178 326.077 0.563595 204.383 359.988 0.300736 266.965 294.135 0.601023 310.337 323.382 0.372349 332.599 412.818 0.0765806 245.442 329.776 0.60174 284.351 378.035 0.304278 290.357 339.828 0.191666 0 0 0 0 0 0 136.966 199.129 0.392916 106.52 229.801 0.331509 0
0 111 156 0 0 0 159.348 241.965 0.819282 174.125 215.646 0.659168 215.679 221.224 0.604719 225.897 254.002 0.130477 145.667 272.172 0.719564 182.397 319.771 0.70976 203.288 356.296 0.665177 258.916 291.303 0.530708 298.384 319.907 0.212142 289.777 325.545 0.353588 237.616 325.652 0.489312 282.604 378.919 0.150474 0 0 0 0 0 0 0 0 0 130.221 196.084 0.526777 99.9962 226.974 0.565777 0
0 111 157 0 0 0 153.258 238.49 0.746759 168.045 212.377 0.581774 208.29 219.475 0.292611 220.466 256.174 0.1 139.352 268.48 0.712982 177.824 316.288 0.586858 201.762 352.834 0.588359 252.833 287.826 0.430997 286.649 312.962 0.1 288.36 325.494 0.1 230.887 321.736 0.471386 275.866 377.616 0.129814 0 0 0 0 0 0 0 0 0 123.492 193.053 0.424739 94.1374 224.363 0.545441 0
0 111 158 0 0 0 146.741 235.231 0.786825 162.393 208.9 0.67106 202.204 218.606 0.231728 214.378 250.374 0.1 132.622 265.218 0.713946 172.622 313.029 0.667703 199.575 349.568 0.696198 246.956 284.998 0.521718 275.118 305.561 0.317064 286.943 325.443 0.418591 224.144 318.257 0.531816 268.039 376.961 0.186139 0 0 0 0 0 0 0 0 0 117.178 190.452 0.541694 88.2612 221.539 0.664069 0
0 111 159 0 0 0 140.438 232.626 0.752302 156.096 206.502 0.671952 197.215 219.252 0.1 207.631 236.603 0.1 126.527 262.175 0.670689 166.754 310.632 0.577721 195.456 346.317 0.588299 240.868 282.165 0.451497 263.161 297.732 0.14855 285.525 325.392 0.238809 217.407 315.438 0.392151 257.822 375.214 0.130493 0 0 0 0 0 0 0 0 0 110.435 188.279 0.519898 82.3859 219.143 0.635409 0
0 111 160 0 0 0 133.475 230.664 0.843332 152.622 196.505 0.702011 192.857 201.637 0.569879 200.227 214.859 0.375786 116.082 267.385 0.697111 155.88 321.94 0.673814 183.711 357.396 0.626534 238.258 274.551 0.542645 257.727 288.815 0.48486 284.108 325.341 0.4638 208.279 316.962 0.525581 251.076 382.168 0.187114 0 0 0 0 0 0 0 0 0 103.697 185.888 0.621633 75.8599 217.391 0.596912 0
0 111 161 0 0 0 126.092 228.908 0.846603 145.449 194.547 0.759003 183.177 206.415 0.591948 194.67 221.49 0.466988 108.692 264.998 0.696728 149.352 318.473 0.771459 177.404 354.996 0.704038 231.733 271.511 0.563582 254.467 287.295 0.636943 282.807 325.323 0.602676 201.32 313.703 0.626618 241.516 379.342 0.453556 248.407 416.612 0.113188 0 0 0 0 0 0 96.7365 184.141 0.571126 69.34 215.64 0.63834 0
0 111 162 0 0 0 118.482 226.958 0.823155 134.793 199.766 0.67846 173.399 218.372 0.342687 187.483 235.462 0.1 104.557 255.87 0.730551 143.698 300.652 0.787147 173.706 346.52 0.705445 219.127 271.516 0.588147 248.919 297.834 0.746442 277.378 342.165 0.668741 195.011 304.574 0.659651 236.08 362.165 0.1 248.758 399.418 0.1 0 0 0 0 0 0 88.9009 185.438 0.557153 64.5636 212.593 0.616034 0
0 111 163 0 0 0 110.658 226.084 0.851345 123.485 206.285 0.656941 164.478 230.978 0.180724 177.267 248.177 0.1 99.7753 246.952 0.75963 139.998 283.262 0.722743 172.398 332.179 0.641803 207.61 274.341 0.577207 243.039 309.136 0.690008 270.864 358.908 0.675947 190.009 297.184 0.616534 231.297 348.249 0.301203 249.109 382.225 0.166709 0 0 0 0 0 0 81.2828 184.565 0.587708 57.6189 210.635 0.591982 0
0 111 164 0 0 0 102.619 224.559 0.817199 111.529 212.585 0.621551 153.811 242.604 0.33142 165.312 259.425 0.114883 95.6401 237.394 0.81059 136.738 265.868 0.790527 166.213 324.024 0.69651 197.176 276.734 0.573573 236.518 319.134 0.600637 265.43 365.54 0.77431 186.526 290.874 0.672147 226.19 340.531 0.372557 249.46 365.031 0.127026 0 0 0 0 0 0 73.3483 183.367 0.584207 50.6622 207.592 0.573805 0
0 111 165 0 0 0 95.0064 222.818 0.772549 102.833 210.855 0.616783 144.889 237.384 0.1 149.556 268.882 0.1 87.8134 235.439 0.778606 128.917 265.437 0.73301 156.218 322.059 0.710524 191.31 275.431 0.481718 231.152 328.477 0.671046 260.225 361.193 0.788745 181.308 289.569 0.57471 222.932 339.658 0.211067 249.811 347.837 0.125099 0 0 0 0 0 0 65.7376 182.064 0.528463 44.2876 203.759 0.563621 0
0 111 166 43.2371 218.749 0.285027 86.7506 221.507 0.818928 90.6589 217.388 0.781999 130.333 248.693 0.674802 132.602 278.452 0.584073 83.6839 225.874 0.714052 126.533 248.27 0.443698 148.713 310.531 0.1 183.05 280.214 0.532791 225.859 336.727 0.316457 252.464 369.102 0.142573 179.56 285.004 0.468626 217.937 337.771 0.52418 250.162 330.643 0.637132 41.1141 211.391 0.246585 40.071 210.137 0.265473 55.1854 183.571 0.13667 37.831 199.126 0.33274 0
0 111 167 31.2421 215.329 0.1 78.2672 219.988 0.755423 77.6169 224.135 0.699679 114.018 259.137 0.572344 117.816 291.644 0.4263 79.3344 216.533 0.668945 124.571 231.538 0.612775 143.93 289.454 0.104858 174.361 283.478 0.48885 220.868 343.909 0.233619 244.702 377.011 0.106715 176.737 279.566 0.397874 212.507 334.004 0.324082 250.513 313.449 0.274833 0 0 0 29.0659 206.215 0.1 46.3198 183.45 0.229683 31.9625 194.13 0.28666 0
0 111 168 19.247 211.909 0.294053 69.5739 218.025 0.802576 69.1304 221.961 0.768734 106.404 253.697 0.649585 109.771 300.923 0.349093 70.6428 214.35 0.774739 114.137 229.801 0.712648 131.744 285.54 0.1 166.969 281.093 0.48311 214.783 341.95 0.17277 236.941 384.919 0.1 170.426 276.951 0.432062 206.644 328.357 0.1 0 0 0 0 0 0 18.0608 202.292 0.318047 39.1402 181.491 0.1 26.2009 192.397 0.568413 0
0 111 169 9.65049 206.823 0.1 62.1783 215.205 0.762639 61.9614 218.916 0.701918 105.317 252.192 0.722779 108.468 306.289 0.1 62.4339 211.738 0.709454 103.488 228.6 0.599422 121.372 274.398 0.21084 162.184 280.449 0.327324 210.985 344.36 0.1 229.18 392.828 0.116417 165.865 275.426 0.419167 205.995 327.056 0.127866 0 0 0 0 0 0 9.25658 196.419 0.1 32.4483 179.312 0.421639 20.2744 188.356 0.1 0
0 111 170 4.85223 201.916 0.186119 54.3204 212.374 0.771833 55.9005 212.594 0.70204 104.861 240.329 0.559443 103.283 301.649 0.401302 52.8125 212.29 0.796945 93.4146 234.436 0.652919 111 263.256 0.1 159.344 276.669 0.467716 207.187 346.769 0.1 0 0 0 160.032 276.078 0.378567 201.091 331.398 0.1 0 0 0 0 0 0 4.8569 190.147 0.198702 25.4525 176.07 0.155879 14.3478 184.315 0.1 0
0 111 171 0.053973 197.01 0.231412 46.4625 209.544 0.779563 49.8396 206.272 0.650348 104.406 228.465 0.499829 98.0985 297.009 0.277476 43.1912 212.842 0.784013 83.3411 240.272 0.608892 100.629 252.115 0.192943 156.504 272.888 0.471367 203.388 349.178 0.113668 0 0 0 154.199 276.729 0.430634 196.186 335.74 0.1 0 0 0 0 0 0 0.457223 183.875 0.264383 18.4568 172.828 0.1 8.42125 180.274 0.453807 0
0 111 172 0 0 0 38.6046 206.713 0.821758 43.7787 199.95 0.713581 103.95 216.601 0.748406 92.9139 292.369 0.1 33.5698 213.394 0.690565 73.2677 246.108 0.586445 90.2569 240.973 0.295203 153.664 269.108 0.461135 199.59 351.588 0.17569 273.971 301.318 0.0891963 148.366 277.38 0.498086 191.282 340.083 0.132203 0 0 0 0 0 0 0 0 0 11.461 169.586 0.275356 2.49469 176.233 0.315829 0
0 111 173 0 0 0 30.7467 203.883 0.790589 37.7178 193.628 0.698036 103.494 204.738 0.738743 87.7292 287.729 0.1 23.9484 213.946 0.1 63.1942 251.944 0.1 0 0 0 150.825 265.328 0.328891 228.921 275.894 0.0712 0 0 0 142.533 278.032 0.455181 186.378 344.425 0.126401 0 0 0 0 0 0 0 0 0 4.46523 166.344 0.1 0 0 0 0
0 111 174 0 0 0 21.4292 197.664 0.526468 43.0678 166.32 0.46528 127.171 164.415 0.405181 144.762 174.095 0.127859 4.84435 228.897 0.26834 23.4867 289.572 0.19885 0 0 0 166.307 254.363 0.188424 0 0 0 0 0 0 135.024 285.659 0.159227 0 0 0 0 0 0 0 0 0 0 0 0 4.85316 158.461 0.128811 0 0 0 0
