5 111 0 982.174 193.655 0.183123 994.738 202.646 0.801806 989.399 203.203 0.824732 986.36 226.981 0.70952 944.73 260.742 0.490026 999.79 201.672 0.739082 997.164 222.59 0.340265 984.551 237.668 0.102614 989.057 269.71 0.821299 977.597 302.533 0.74231 973.652 326.741 0.610057 998.986 270.372 0.824995 982.687 305.899 0.845827 986.096 341.886 0.799169 980.272 181.98 0.11126 986.089 182.017 0.177994 991.492 176.549 0.133647 984.331 179.151 0.370048 0
5 111 1 980.229 190.73 0.1 993.662 199.489 0.811101 992.161 199.518 0.685316 990.536 224.86 0.128603 956.894 259.721 0.1 994.578 199.781 0.725177 989.345 222.974 0.515268 977.277 237.27 0.245995 990.22 266.413 0.58242 978.631 299.723 0.470829 974.473 324.68 0.476193 995.108 266.586 0.591094 979.189 301.602 0.490006 982.123 337.287 0.599289 978.309 181.024 0.1 983.181 180.996 0.1 991.556 173.416 0.302229 981.566 176.59 0.495268 0
5 111 2 978.285 187.805 0.570284 992.587 196.331 0.82239 994.922 195.833 0.748377 994.713 222.739 0.559032 969.058 258.7 0.316669 989.366 197.889 0.709933 981.526 223.357 0.362505 970.003 236.872 0.203709 991.382 263.116 0.650798 979.665 296.914 0.680317 975.294 322.618 0.642039 991.229 262.8 0.689145 975.692 297.305 0.698063 978.151 332.688 0.716717 976.346 180.068 0.37622 980.273 179.975 0.556836 991.62 170.283 0.1 978.801 174.03 0.549124 0
5 111 3 974.343 183.872 0.0741333 991.512 193.174 0.902142 997.683 192.148 0.725792 998.889 220.618 0.248106 981.222 257.679 0.133975 984.154 195.998 0.815175 973.707 223.741 0.786565 962.729 236.474 0.426148 992.545 259.819 0.750063 980.7 294.105 0.622597 976.114 320.557 0.590945 987.351 259.014 0.708655 972.194 293.008 0.633822 974.179 328.09 0.567356 0 0 0 0 0 0 991.684 167.151 0.285521 976.036 171.469 0.618995 0
5 111 4 0 0 0 990.437 190.017 0.895893 1000.44 188.463 0.842257 1003.07 218.497 0.147264 993.386 256.658 0.1 978.942 194.107 0.85136 965.888 224.125 0.784366 955.455 236.075 0.388725 993.708 256.522 0.748095 981.734 291.296 0.728632 976.935 318.495 0.746318 983.473 255.229 0.762748 968.697 288.71 0.740778 970.206 323.491 0.634042 0 0 0 0 0 0 991.748 164.018 0.328851 973.27 168.909 0.660742 0
5 111 5 962.616 164.425 0.0857464 989.34 186.755 0.868992 1003.06 183.904 0.854788 1008.72 213.921 0.171794 1005.55 255.637 0.1 973.725 192.37 0.840787 957.202 224.561 0.778806 948.28 234.55 0.558512 995.667 253.264 0.702956 982.382 288.041 0.736976 976.949 317.188 0.755258 980.209 251.742 0.704886 964.558 284.144 0.766203 967.382 319.139 0.688268 0 0 0 0 0 0 991.319 160.757 0.240465 970.873 166.508 0.70607 0
5 111 6 962.665 172.148 0.0744956 987.821 184.584 0.847757 1001.52 181.732 0.784121 1005.68 214.571 0.527339 1017.71 254.616 0.354798 972.417 189.554 0.798832 956.117 222.819 0.788036 946.326 230.41 0.470717 994.152 250.657 0.721968 979.339 284.569 0.657106 975.21 314.581 0.641911 978.469 249.34 0.694072 963.9 282.193 0.735339 963.252 315.877 0.652933 0 0 0 0 0 0 989.796 157.932 0.291544 969.134 163.894 0.693944 0
5 111 7 962.534 162.37 0.0614617 985.873 182.621 0.811391 1003.27 178.476 0.721136 1011.12 210.66 0.184198 1007.56 246.504 0.0815245 967.187 188.253 0.765805 948.941 223.259 0.756937 939.364 228.667 0.387145 995.017 248.476 0.731686 979.344 283.255 0.698513 974.985 313.268 0.502449 973.912 246.733 0.682818 959.119 278.709 0.705278 959.132 312.622 0.636541 0 0 0 0 0 0 988.061 155.661 0.236599 965.435 161.722 0.633176 0
5 111 8 959.524 160.169 0.160536 984.129 179.797 0.825216 1001.29 175.653 0.740055 1008.67 205.718 0.17077 1007.6 244.558 0.0651427 965.886 185.869 0.767708 948.732 221.087 0.675461 939.346 223.439 0.460416 993.928 244.565 0.786099 975.861 279.551 0.731472 971.515 310.872 0.598157 972.621 243.895 0.743077 958.033 276.535 0.749334 958.915 311.096 0.646215 0 0 0 959.171 156.708 0.223966 986.115 153.919 0.153684 963.917 159.11 0.639522 0
5 111 9 957.318 158.607 0.1 982.39 177.192 0.822452 999.108 173.689 0.723466 1003.99 203.432 0.18355 0 0 0 964.803 183.909 0.765646 948.513 219.348 0.721805 937.812 221.484 0.451452 992.63 241.74 0.730838 972.159 277.382 0.664052 967.815 309.559 0.587622 971.748 241.721 0.776518 956.73 275.012 0.752817 958.921 310.877 0.633167 0 0 0 957.206 155.242 0.1 984.37 152.178 0.195321 962.607 157.145 0.625109 0
5 111 10 955.112 157.046 0.1 980.87 175.443 0.851109 997.148 171.73 0.75121 997.742 202.282 0.213671 1007.63 230.858 0.0866451 963.941 182.182 0.798708 947.858 217.831 0.744711 936.283 218.872 0.493679 991.54 240.436 0.776174 968.25 276.085 0.691171 963.692 309.124 0.642955 971.091 240.844 0.727697 954.778 274.576 0.708921 958.917 311.52 0.612216 0 0 0 955.241 153.776 0.1 982.625 150.233 0.21345 961.301 155.414 0.65019 0
5 111 11 952.905 155.484 0.1 979.346 173.043 0.838536 994.536 168.901 0.713533 991.425 197.494 0.123955 0 0 0 963.719 180.231 0.830229 947.643 216.096 0.806578 935.403 215.179 0.645366 991.312 237.832 0.694524 963.913 274.785 0.667552 959.995 308.913 0.484146 970.877 239.319 0.753466 953.031 274.142 0.701774 958.915 312.825 0.518957 0 0 0 953.277 152.311 0.1 980.278 148.732 0.229742 960.214 153.679 0.628795 0
5 111 12 950.699 153.921 0.1 978.04 171.071 0.767798 991.713 166.507 0.670593 984.471 194.234 0.1 0 0 0 963.71 177.845 0.803316 947.849 214.357 0.755211 933.882 211.708 0.611862 991.101 235.665 0.647741 960.226 273.047 0.59077 957.17 309.562 0.416157 971.307 237.583 0.681451 951.283 273.276 0.602579 958.923 313.484 0.489812 0 0 0 951.312 150.845 0.1 977.932 147.23 0.206009 959.119 151.944 0.614426 0
5 111 13 948.097 152.175 0.138816 976.514 169.335 0.779856 988.9 164.773 0.669488 977.507 191.193 0.1 0 0 0 963.273 176.75 0.807022 947.415 212.836 0.707907 931.495 209.969 0.607932 990.446 234.141 0.614887 956.536 271.743 0.47409 954.986 309.999 0.262635 970.229 236.925 0.640319 948.901 273.049 0.531457 959.575 314.789 0.387776 0 0 0 949.13 148.889 0.205047 975.585 145.729 0.174883 956.957 149.998 0.737657 0
5 111 14 945.59 150.952 0.1 974.566 167.597 0.794797 986.51 163.463 0.658118 970.116 189.022 0.1 0 0 0 962.618 175.443 0.814837 946.108 211.526 0.688186 928.461 209.539 0.624957 989.996 232.395 0.689777 953.062 270.435 0.535533 952.801 310.864 0.331962 969.361 235.412 0.670909 946.94 272.617 0.578103 960.227 316.102 0.51759 0 0 0 946.821 147.631 0.1499 973.239 144.228 0.204183 955.007 148.687 0.713357 0
5 111 15 942.945 149.812 0.243671 972.619 165.852 0.793806 984.339 161.505 0.641776 963.148 186.198 0.107611 935.661 190.956 0.116233 961.105 173.915 0.730221 945.457 209.359 0.673733 925.853 209.55 0.745614 989.121 230.661 0.661412 950.239 269.345 0.518897 950.411 311.733 0.290793 968.281 233.904 0.684282 944.987 272.608 0.64715 961.104 317.833 0.560947 0 0 0 944.175 146.203 0.329228 0 0 0 953.256 147.165 0.738367 0
5 111 16 940.383 148.979 0.478498 971.09 164.33 0.749028 982.59 159.983 0.672913 955.76 184.686 0.141363 932.316 191.724 0.20801 959.595 172.616 0.71031 943.492 209.13 0.606439 923.462 209.774 0.598091 989.333 229.14 0.710549 948.709 267.177 0.529024 948.139 310.972 0.309318 968.281 232.813 0.732943 942.818 271.101 0.635541 961.757 318.915 0.524547 0 0 0 941.614 144.821 0.533172 0 0 0 950.871 145.649 0.699496 0
5 111 17 937.909 148.45 0.262537 969.562 163.675 0.758243 980.638 159.325 0.718249 950.162 183.549 0.208979 928.971 192.492 0.267246 958.291 171.745 0.780928 941.524 208.479 0.734386 921.507 209.992 0.732423 988.897 228.055 0.632962 946.967 265.431 0.41522 946.182 309.233 0.246119 968.068 231.524 0.723428 940.869 269.788 0.630618 961.111 318.477 0.48101 0 0 0 939.139 143.698 0.308763 0 0 0 948.263 144.567 0.67418 0
5 111 18 935.308 148.444 0.170086 967.833 163.237 0.790828 978.683 158.679 0.684528 945.063 182.791 0.240015 925.626 193.26 0.298969 956.983 170.881 0.71055 939.782 207.824 0.625471 919.55 210.647 0.744208 987.807 227.179 0.65169 945.012 264.122 0.434776 943.144 307.714 0.339282 967.412 230.221 0.74443 939.352 269.128 0.655569 958.281 317.182 0.528671 0 0 0 936.748 143.488 0.221977 0 0 0 945.661 143.918 0.676628 1
5 111 19 932.372 148.225 0.271639 965.657 162.798 0.862133 975.646 157.819 0.741267 941.094 182.414 0.156022 922.281 194.028 0.22036 955.24 170.01 0.750081 938.059 207.383 0.615287 917.597 211.733 0.77833 986.293 226.09 0.660304 942.62 263.896 0.388844 939.882 307.496 0.215093 966.325 228.922 0.74215 938.261 269.129 0.604365 953.494 317.19 0.461728 0 0 0 933.489 143.264 0.330675 0 0 0 942.837 143.477 0.717337 1
5 111 20 929.114 147.795 0.208632 962.839 162.797 0.8363 973.256 157.82 0.701151 938.489 182.42 0.12886 919.237 194.255 0.1 953.062 170.01 0.773293 935.66 207.822 0.722398 914.567 212.602 0.693604 984.998 225.655 0.59241 940.877 264.115 0.223137 934.228 308.361 0.1 965.23 228.49 0.694094 936.955 269.777 0.466779 953.499 317.19 0.259174 0 0 0 930.021 143.039 0.281267 960.652 135.038 0.09464 939.574 143.258 0.685857 1
5 111 21 925.869 148.006 0.182319 960.018 162.812 0.822999 970.861 158.244 0.69985 936.305 182.209 0.246679 915.973 195.119 0.446419 951.102 170.444 0.785574 933.926 207.815 0.628167 912.828 214.125 0.543834 983.258 225.433 0.578967 939.354 264.332 0.296002 929.237 308.795 0.162595 963.708 228.279 0.695897 935.443 270.21 0.451733 953.5 316.969 0.327829 0 0 0 926.767 143.051 0.249754 0 0 0 936.527 143.469 0.687403 1
5 111 22 923.252 148.451 0.198327 957.417 162.601 0.788221 968.676 157.595 0.649709 934.135 181.986 0.330179 912.94 195.55 0.470321 949.134 170.452 0.706154 932.18 208.69 0.454915 912.173 215.87 0.541223 983.481 224.132 0.564862 939.14 264.33 0.41551 925.548 308.362 0.236277 964.135 227.195 0.670729 934.794 270.216 0.502614 952.628 316.095 0.27068 0 0 0 923.724 143.709 0.25975 0 0 0 933.909 143.905 0.649904 1
5 111 23 920.63 148.892 0.180277 955.448 162.819 0.747532 966.499 157.597 0.65207 931.307 182.419 0.395495 910.328 195.983 0.474922 946.524 171.101 0.708959 929.992 208.904 0.372489 910.419 214.789 0.507927 983.711 222.835 0.560818 939.571 264.113 0.443237 923.269 306.412 0.216824 965.005 226.753 0.682818 934.142 270.433 0.587331 946.104 316.092 0.253927 0 0 0 920.896 144.142 0.237426 0 0 0 931.083 144.346 0.669114 1
5 111 24 918.021 149.553 0.189012 953.488 163.041 0.803865 963.455 158.024 0.725128 928.266 183.502 0.339376 907.287 196.197 0.459603 945.213 171.751 0.783976 926.943 211.069 0.576098 908.236 215.652 0.586695 984.145 221.31 0.609784 939.35 263.464 0.425316 922.181 303.369 0.235168 966.746 225.444 0.73438 934.143 269.358 0.650647 944.141 313.491 0.127547 0 0 0 918.282 145.002 0.258587 945.046 135.01 0.134241 928.699 145.001 0.725805 1
5 111 25 914.777 151.078 0.277776 951.096 163.472 0.775278 960.198 158.663 0.618492 926.091 184.584 0.403438 904.569 196.954 0.500477 943.251 172.828 0.695065 924.994 212.589 0.421962 905.63 215.874 0.44366 984.58 220.005 0.531545 937.399 263.898 0.381083 918.159 305.44 0.230648 968.489 224.578 0.701212 934.569 270.439 0.534678 942.837 312.187 0.15376 0 0 0 915.027 146.308 0.356701 0 0 0 926.087 146.086 0.675887 1
5 111 26 911.955 152.833 0.380355 948.491 163.91 0.842594 957.162 159.091 0.704389 923.475 185.454 0.402053 902.172 198.262 0.65751 941.07 173.916 0.751698 923.038 214.978 0.611189 902.812 216.534 0.367425 985.45 218.703 0.611027 936.313 263.91 0.392588 915.041 307.475 0.14039 970.227 224.139 0.686699 934.562 271.738 0.612089 942.186 311.974 0.148312 0 0 0 912.192 148.694 0.450328 0 0 0 923.687 148.04 0.717021 1
5 111 27 909.564 154.583 0.32922 945.663 164.349 0.836546 953.899 159.518 0.692221 921.512 186.541 0.341615 899.132 199.771 0.485454 938.906 175.004 0.745835 921.068 217.155 0.409768 900.212 217.84 0.326537 986.53 217.401 0.629592 935.223 263.255 0.321267 914.242 307.839 0.1 972.185 223.495 0.732371 934.128 271.304 0.615782 943.489 311.747 0.391127 0 0 0 909.581 150.646 0.400779 0 0 0 921.5 149.989 0.727381 1
5 111 28 907.172 156.333 0.504976 942.842 165.224 0.812066 951.72 160.385 0.6154 919.34 187.84 0.442552 896.96 200.426 0.612102 936.721 176.311 0.648421 917.802 220.625 0.342028 896.956 218.061 0.222223 987.828 215.881 0.558491 934.567 261.306 0.379482 914.9 305.666 0.114693 974.144 222.63 0.739575 933.482 269.783 0.517707 946.75 310.004 0.15323 0 0 0 907.405 152.6 0.584171 0 0 0 919.32 151.732 0.720704 1
5 111 29 905.193 158.289 0.48572 940.665 165.886 0.795632 949.542 160.819 0.711681 916.944 189.137 0.428868 894.353 201.721 0.644776 934.552 176.966 0.78814 914.979 220.396 0.675059 894.788 217.413 0.422295 988.695 214.575 0.617617 933.916 259.562 0.459844 919.246 304.355 0.2495 975.89 221.97 0.758317 933.481 268.696 0.546863 945.66 308.917 0.207782 0 0 0 905.433 154.551 0.546283 0 0 0 917.151 153.473 0.72403 1
5 111 30 902.797 160.035 0.307852 938.483 167.177 0.798754 946.502 161.268 0.720013 914.128 190.658 0.397348 892.403 203.247 0.642916 932.167 178.051 0.715182 911.934 222.356 0.548407 892.178 217.629 0.369775 988.918 213.059 0.599666 933.48 257.611 0.266233 922.935 301.968 0.1 977.851 221.088 0.751192 933.914 266.961 0.400933 943.916 307.389 0.15488 0 0 0 903.044 156.298 0.364188 0 0 0 914.543 155.21 0.665923 1
5 111 31 900.413 161.99 0.324345 936.511 168.04 0.803267 943.022 162.144 0.702953 911.315 191.748 0.601845 890.444 204.99 0.819879 930.437 178.476 0.729904 910.198 220.408 0.517158 889.359 216.977 0.314059 987.391 212.405 0.583331 932.169 256.086 0.336249 925.116 300.666 0.1 979.371 219.788 0.774037 934.348 265.216 0.444361 942.387 306.082 0.22162 0 0 0 900.439 158.245 0.382512 0 0 0 912.148 156.946 0.687848 1
5 111 32 897.384 163.734 0.300033 934.346 168.917 0.800198 938.241 164.107 0.678582 909.794 193.057 0.436708 888.707 206.949 0.715961 930.873 177.615 0.734898 916.727 219.545 0.613204 894.359 219.361 0.547064 984.34 212.618 0.60355 930.425 255.653 0.370709 926.095 300.449 0.102316 980.237 218.71 0.762438 935.002 263.696 0.472879 946.741 303.906 0.321121 0 0 0 897.408 159.986 0.356378 0 0 0 909.966 158.474 0.66827 1
5 111 33 894.568 165.695 0.372413 932.171 170.219 0.761995 934.332 166.067 0.643676 908.712 194.364 0.253969 887.189 208.478 0.448029 930.226 177.832 0.689666 922.602 218.454 0.482639 899.363 219.366 0.535488 981.737 213.05 0.564442 928.903 255.641 0.33641 926.536 301.099 0.101374 980.666 218.703 0.745376 934.565 263.257 0.473012 946.964 303.908 0.20168 0 0 0 894.588 161.736 0.43233 0 0 0 907.141 160.421 0.684302 1
5 111 34 892.815 167.44 0.344183 930.645 171.302 0.75836 930.867 167.595 0.622298 907.838 195.666 0.393668 885.884 210.006 0.611696 930.011 177.835 0.682368 928.903 216.072 0.509196 905.232 219.584 0.443258 979.567 212.832 0.542616 928.9 255.203 0.426483 931.093 297.838 0.180563 981.092 217.831 0.741935 933.92 261.741 0.511216 946.529 302.6 0.301518 0 0 0 892.628 163.48 0.395904 0 0 0 904.969 162.158 0.6576 1
5 111 35 890.868 169.383 0.50929 929.341 172.381 0.782151 927.384 169.344 0.605903 906.328 197.62 0.555666 884.583 212.172 0.721817 930.889 176.748 0.68184 935.422 212.815 0.315826 911.317 219.15 0.262841 976.954 212.617 0.595236 928.031 254.976 0.547013 933.775 296.241 0.293144 981.735 216.534 0.76836 933.922 260.008 0.592053 946.309 301.944 0.410899 894.036 162.276 0.0619892 890.682 165.226 0.584457 0 0 0 903.02 163.249 0.71988 1
5 111 36 889.135 171.116 0.499393 927.816 173.669 0.82568 924.343 170.87 0.736393 904.584 198.925 0.538265 883.934 212.838 0.732331 930.667 176.523 0.734756 941.305 209.989 0.702107 916.966 217.635 0.697463 974.356 212.191 0.582447 927.594 255.186 0.520619 935.442 295.875 0.160301 981.732 215.45 0.706453 933.917 259.357 0.52814 946.303 301.513 0.287286 0 0 0 888.947 166.964 0.590309 0 0 0 901.07 164.345 0.691614 1
5 111 37 887.613 172.843 0.502776 926.508 174.322 0.801975 920.872 172.392 0.707556 902.63 200.233 0.455564 882.41 214.145 0.707955 930.896 175.869 0.698591 948.688 205.433 0.600629 923.271 216.552 0.694191 971.75 211.979 0.563341 927.597 255.398 0.445805 936.746 297.397 0.164595 981.518 214.582 0.731945 933.911 258.923 0.472809 946.091 301.08 0.27191 0 0 0 887.417 168.695 0.605575 0 0 0 899.548 165.433 0.742689 1
5 111 38 885.877 174.57 0.309953 924.988 175.19 0.779247 917.397 174.128 0.616459 900.895 201.981 0.392454 880.452 215.893 0.660315 931.326 175.643 0.622718 955.866 204.136 0.572117 929.346 217.416 0.671012 969.144 211.761 0.554768 927.373 255.179 0.456792 936.093 296.537 0.231331 981.519 213.499 0.75166 933.917 257.843 0.429464 945.657 300.421 0.277707 0 0 0 885.677 170.232 0.355626 0 0 0 897.592 166.74 0.706345 1
5 111 39 884.562 176.308 0.27583 923.469 175.84 0.807614 915.659 174.989 0.653659 899.805 204.149 0.395675 878.491 217.852 0.55509 930.026 176.731 0.727926 954.982 205.662 0.694852 928.474 219.813 0.691092 967.835 211.542 0.570021 926.503 254.964 0.513845 935.658 295.666 0.268468 981.302 212.641 0.75693 933.918 257.625 0.494704 945.657 299.338 0.39876 0 0 0 883.941 171.965 0.297656 0 0 0 896.076 168.044 0.633268 1
5 111 40 882.83 177.826 0.156635 921.954 176.717 0.744891 914.147 175.856 0.593111 898.497 206.541 0.392 876.53 219.597 0.504971 928.499 178.255 0.69822 953.022 210.22 0.634472 926.511 222.414 0.691233 966.544 211.33 0.5857 925.423 254.54 0.480667 935.87 294.364 0.171189 980.868 212.422 0.779706 933.485 257.623 0.507758 945.67 298.041 0.329983 0 0 0 882.423 173.493 0.166762 0 0 0 894.772 169.348 0.57684 1
5 111 41 882.39 179.561 0.33045 920.647 177.364 0.782568 914.365 174.771 0.633103 896.538 208.278 0.504983 874.138 221.113 0.543245 925.67 180.85 0.708133 943.033 214.348 0.632298 917.821 224.586 0.715704 966.981 210.675 0.605338 925.425 253.885 0.568163 937.393 293.715 0.298686 980.218 212.205 0.794317 932.83 257.403 0.509806 945.882 296.955 0.397418 0 0 0 881.765 175.229 0.354691 0 0 0 893.474 170.863 0.644313 1
5 111 42 881.949 181.077 0.281462 919.344 177.589 0.783945 914.576 173.472 0.599999 893.927 208.928 0.323564 871.099 222.63 0.437807 923.279 182.804 0.699779 934.335 216.959 0.705087 909.567 226.978 0.71948 967.625 210.016 0.590723 924.559 253.24 0.495464 938.686 293.934 0.176981 979.567 211.78 0.777462 932.183 257.399 0.515903 946.093 296.088 0.294367 0 0 0 881.104 176.964 0.329485 0 0 0 892.172 172.174 0.626902 1
5 111 43 881.301 181.947 0.422936 917.824 177.818 0.803268 914.345 172.392 0.559658 891.106 209.144 0.311223 868.277 223.708 0.451702 921.322 184.33 0.6944 925.641 220.432 0.321316 901.514 229.804 0.189043 967.842 209.585 0.564921 923.258 252.597 0.455317 938.474 293.931 0.1588 978.697 211.573 0.800013 932.395 257.392 0.479976 946.098 295.657 0.285033 0 0 0 880.658 178.483 0.471692 0 0 0 890.877 173.469 0.681474 1
5 111 44 881.069 182.822 0.48406 916.307 178.034 0.837398 913.483 171.527 0.56274 889.142 209.144 0.383962 865.45 224.14 0.64285 918.93 185.847 0.703106 917.169 223.257 0.395078 893.473 232.844 0.234059 967.41 209.369 0.568345 921.956 252.601 0.431656 939.121 293.929 0.151686 978.04 211.568 0.80598 932.173 257.606 0.474474 946.317 295.227 0.3265 0 0 0 880.003 178.928 0.53849 0 0 0 889.786 174.542 0.68243 1
5 111 45 880.197 183.474 0.354191 915.431 178.049 0.852348 912.834 170.663 0.598749 887.407 209.578 0.422464 862.838 225.22 0.658573 917.18 187.372 0.693399 908.47 227.17 0.491968 885.201 236.089 0.380538 967.622 209.357 0.56914 920.874 252.387 0.434077 939.766 294.366 0.241319 977.609 211.569 0.802948 931.966 257.604 0.452622 946.757 295.66 0.389642 0 0 0 878.916 179.154 0.407338 0 0 0 888.701 175.401 0.713362 1
5 111 46 879.761 184.13 0.30579 914.772 178.477 0.873149 913.049 169.797 0.606303 886.316 209.79 0.564711 860.664 225.641 0.732307 915.216 189.321 0.745955 899.133 231.95 0.528832 876.069 239.132 0.580204 968.708 209.344 0.558682 920.224 252.385 0.417045 939.988 294.585 0.202987 977.376 211.574 0.80283 931.964 257.606 0.384343 946.97 295.231 0.272563 0 0 0 878.261 179.386 0.366255 0 0 0 887.615 176.262 0.713007 1
5 111 47 878.898 184.353 0.286147 914.119 178.688 0.836536 913.269 168.72 0.607425 885.22 209.781 0.565664 859.14 225.64 0.782226 912.833 191.06 0.739145 890.218 236.514 0.585515 867.808 241.745 0.512114 970.223 208.911 0.548844 920.013 252.17 0.415176 941.07 295.234 0.1929 976.942 211.367 0.809025 931.742 257.389 0.404226 947.184 295.238 0.323786 0 0 0 877.178 179.596 0.343811 0 0 0 886.957 176.694 0.707788 1
5 111 48 878.474 185.216 0.345264 913.687 178.695 0.860532 913.268 168.508 0.572462 883.695 209.346 0.607528 857.18 225.209 0.704744 912.172 191.493 0.693387 888.497 236.075 0.383684 864.981 241.301 0.357126 971.53 208.686 0.589778 920.877 252.164 0.469072 941.505 295.241 0.189715 976.5 211.366 0.814004 931.312 257.38 0.425992 947.188 295.888 0.275777 0 0 0 876.525 179.819 0.386555 0 0 0 886.303 177.131 0.722995 1
5 111 49 878.902 186.084 0.411617 913.035 178.902 0.848957 913.048 168.506 0.59357 882.388 208.69 0.542464 855.441 224.99 0.805999 911.517 191.711 0.722451 887.408 235.425 0.50005 863.249 241.088 0.380617 973.041 208.463 0.546348 921.529 252.162 0.433363 942.153 295.457 0.186961 976.065 211.37 0.802395 931.317 257.384 0.462754 947.616 296.974 0.254137 0 0 0 876.525 180.25 0.471824 0 0 0 885.655 177.562 0.749839 1
5 111 50 879.11 187.16 0.386269 912.384 179.12 0.796074 912.821 168.935 0.576407 880.861 208.685 0.612252 853.479 224.987 0.913979 910.645 191.943 0.721018 887.392 235.651 0.589674 861.736 241.309 0.318205 973.913 208.251 0.562248 921.314 252.379 0.459528 942.149 295.671 0.239611 975.629 211.577 0.763704 931.109 257.604 0.433604 947.622 297.629 0.24642 0 0 0 876.525 180.69 0.465814 0 0 0 885.229 177.778 0.77222 1
5 111 51 879.325 188.245 0.377503 911.941 179.336 0.800164 912.386 169.366 0.615523 879.34 208.901 0.628999 852.385 224.986 0.888414 909.987 192.379 0.740485 886.745 237.174 0.553686 860.427 241.741 0.310538 974.57 208.042 0.576618 922.179 252.598 0.381359 941.931 296.757 0.156902 975.409 211.579 0.740983 931.328 257.606 0.440937 948.709 300.449 0.281797 0 0 0 876.524 181.343 0.481316 0 0 0 885.015 177.999 0.766562 1
5 111 52 879.319 189.11 0.357899 911.296 179.552 0.789686 912.169 169.799 0.606716 878.686 209.548 0.622759 851.51 225.416 0.835794 909.545 192.813 0.752271 885.88 238.044 0.625369 858.916 241.743 0.503388 974.784 208.249 0.595596 921.527 253.248 0.356913 942.001 298.13 0.145784 975.197 211.791 0.696233 931.545 257.834 0.493776 949.137 301.971 0.297738 0 0 0 876.095 181.768 0.445634 0 0 0 885.013 178.014 0.774606 1
5 111 53 879.106 189.974 0.341414 911.067 179.769 0.782349 912.823 169.58 0.608799 877.823 209.763 0.628041 850.858 225.428 0.881763 908.236 194.113 0.753747 884.577 239.562 0.561437 856.952 241.747 0.405213 976.308 208.02 0.585226 922.613 252.815 0.364996 942.146 299.141 0.150288 974.765 211.792 0.719524 931.981 258.054 0.533572 949.353 302.839 0.298246 0 0 0 875.873 182.845 0.395657 0 0 0 885.011 178.238 0.735993 1
5 111 54 879.319 190.839 0.267729 910.847 179.977 0.79011 913.041 170.011 0.612104 877.384 209.976 0.650979 850.202 225.438 0.75213 907.377 194.34 0.732477 884.136 240.002 0.566606 855.657 241.755 0.30509 977.177 207.812 0.556161 922.83 252.814 0.343935 942.364 299.787 0.135543 974.541 211.999 0.722672 932.191 258.057 0.430833 948.926 301.971 0.227893 0 0 0 875.875 183.281 0.309474 0 0 0 885.016 178.254 0.732996 1
5 111 55 878.674 191.707 0.262477 910.419 179.989 0.794695 912.819 170.659 0.584994 876.952 210.636 0.676084 849.765 225.455 0.825663 906.941 194.345 0.706658 883.696 240.228 0.589701 855.009 241.971 0.263081 976.524 207.604 0.536165 922.394 252.167 0.334519 941.706 299.35 0.131281 974.541 211.78 0.715554 932.628 258.053 0.495797 948.92 301.97 0.265859 0 0 0 875.009 183.929 0.302269 0 0 0 884.8 178.474 0.710104 1
5 111 56 878.454 192.359 0.292541 909.767 179.997 0.790566 911.948 171.307 0.573072 876.736 211.072 0.594284 849.55 225.455 0.858946 906.719 194.353 0.724901 883.483 240.234 0.646823 853.932 241.751 0.453496 975.876 207.606 0.510608 920.872 252.17 0.293392 941.277 300.003 0.1 974.541 211.778 0.723513 932.63 258.052 0.446907 948.92 302.623 0.217063 0 0 0 874.796 184.151 0.348188 0 0 0 884.795 178.481 0.708335 1
5 111 57 878.449 192.796 0.325104 909.331 179.999 0.76441 910.644 171.739 0.587159 876.522 210.85 0.473641 849.773 225.448 0.701669 906.725 194.349 0.730938 883.69 241.327 0.586388 855.449 241.969 0.439624 974.57 207.608 0.554955 919.571 252.391 0.279951 937.585 303.475 0.1 974.55 211.561 0.670041 932.846 258.054 0.395481 950.215 304.365 0.223458 0 0 0 874.795 184.796 0.362314 0 0 0 884.8 178.695 0.733258 1
5 111 58 878.233 193.226 0.362756 909.118 180.005 0.805716 910.641 172.164 0.590384 876.521 211.066 0.606781 849.775 225.662 0.820914 906.296 194.355 0.730161 883.481 242.191 0.590807 855.446 242.192 0.376295 974.357 207.606 0.525306 919.35 251.958 0.317814 936.282 304.779 0.145995 974.55 211.554 0.71848 933.051 257.838 0.327386 949.995 304.363 0.201576 0 0 0 874.571 185.016 0.415226 0 0 0 884.8 178.708 0.769611 1
5 111 59 877.803 193.446 0.342483 908.687 180.004 0.729571 909.993 172.384 0.567726 877.389 210.85 0.472853 850.647 225.67 0.671624 906.301 194.354 0.72575 883.496 242.624 0.481742 856.744 242.191 0.267179 974.347 207.601 0.498361 918.915 251.958 0.30608 936.286 305.86 0.124766 974.55 211.342 0.760963 933.043 257.619 0.344735 950.211 304.795 0.269061 0 0 0 873.92 185.451 0.398773 0 0 0 884.794 178.926 0.742886 1
5 111 60 877.154 193.454 0.398425 908.258 180.012 0.746792 909.559 172.819 0.571285 877.61 210.85 0.532422 851.075 225.667 0.776992 906.304 194.362 0.743707 883.498 242.844 0.619408 857.392 241.983 0.412639 974.338 207.602 0.520416 918.049 251.954 0.380967 932.38 307.822 0.140796 974.542 211.343 0.753023 933.035 257.411 0.477678 949.132 303.493 0.259399 0 0 0 873.275 185.668 0.465073 0 0 0 884.786 179.14 0.749555 1
5 111 61 876.944 193.884 0.371812 908.039 180.017 0.750188 908.912 173.037 0.575796 877.389 210.857 0.616273 850.854 225.467 0.843931 906.089 194.365 0.681467 883.493 243.061 0.2765 857.603 242.408 0.103158 974.123 207.391 0.517238 918.698 251.731 0.368542 927.749 309.271 0.19847 974.54 211.127 0.760866 933.035 257.399 0.391858 948.915 303.706 0.202302 0 0 0 873.057 186.323 0.416353 0 0 0 884.781 179.356 0.74694 1
5 111 62 876.082 193.884 0.389966 907.612 180.24 0.774634 907.393 174.116 0.582737 877.172 211.076 0.614213 850.843 225.675 0.895696 906.744 194.158 0.72014 883.713 243.716 0.583759 859.347 245.666 0.425132 972.377 207.615 0.540784 917.609 252.164 0.320022 926.958 308.909 0.13205 974.75 211.121 0.711938 933.035 257.178 0.461378 948.709 303.925 0.277587 0 0 0 872.413 186.539 0.441275 0 0 0 884.558 179.366 0.774727 1
5 111 63 875.654 194.106 0.433284 907.4 180.459 0.776957 906.308 174.55 0.581701 876.956 211.084 0.599361 850.847 225.878 0.907784 907.176 194.366 0.675155 883.942 243.937 0.539665 860.646 246.541 0.239192 971.292 207.826 0.548622 917.827 251.519 0.371149 925.224 308.694 0.159264 974.753 210.917 0.73449 933.253 256.962 0.428153 948.704 305.013 0.255498 0 0 0 871.979 187.402 0.475633 0 0 0 884.339 179.58 0.807795 1
5 111 64 876.086 194.32 0.381233 907.183 180.675 0.768339 905.441 174.979 0.558827 876.956 211.294 0.583377 851.067 226.098 0.778846 907.394 194.581 0.691877 884.381 243.934 0.516283 860.647 246.76 0.20339 970.858 208.049 0.536028 918.044 251.735 0.284201 924.357 309.128 0.140085 974.542 211.344 0.71503 933.035 257.176 0.478326 948.93 306.316 0.325637 0 0 0 872.413 188.046 0.435679 0 0 0 884.34 179.583 0.796543 1
5 111 65 876.743 194.966 0.374296 907.613 180.888 0.765349 905.438 175.196 0.564979 876.745 211.514 0.564222 851.061 226.525 0.794463 907.825 194.792 0.669985 884.81 244.146 0.57437 860.858 247.631 0.271154 969.555 208.264 0.517485 918.483 251.732 0.28953 923.056 307.607 0.138934 974.538 211.342 0.730287 933.253 257.391 0.483665 948.712 305.441 0.302682 0 0 0 872.843 189.126 0.425418 0 0 0 884.345 179.796 0.784288 1
5 111 66 876.964 195.184 0.427761 907.835 180.898 0.747555 906.306 175.198 0.618109 876.957 212.171 0.569227 850.62 226.754 0.737656 907.606 195.02 0.734157 884.81 243.927 0.36561 859.118 247.858 0.126356 970.419 208.264 0.489757 919.135 251.298 0.302564 926.747 304.781 0.105932 974.53 211.554 0.74663 933.245 257.391 0.46509 947.633 304.138 0.304432 0 0 0 872.842 189.779 0.463134 0 0 0 884.333 179.803 0.759915 1
5 111 67 876.964 195.2 0.40713 908.046 181.107 0.776196 905.657 175.204 0.60595 876.091 212.608 0.590987 849.533 226.752 0.802611 908.036 195.025 0.69626 884.806 243.716 0.554468 858.893 247.868 0.178652 969.332 208.477 0.466625 918.7 251.298 0.281441 928.051 303.477 0.110788 974.534 211.556 0.73263 933.247 257.611 0.469865 947.856 303.917 0.332662 0 0 0 872.842 190.435 0.450867 0 0 0 884.324 180.005 0.760659 1
5 111 68 876.962 195.203 0.442603 908.478 181.333 0.754508 905.657 175.632 0.593976 875.444 213.041 0.519735 848.665 226.76 0.730432 908.036 195.462 0.694653 885.019 243.928 0.631389 857.377 248.523 0.350096 968.902 208.685 0.487052 918.489 251.51 0.293122 927.179 302.825 0.103403 974.532 211.557 0.737769 933.461 257.827 0.491652 947.851 303.922 0.2687 0 0 0 872.838 190.866 0.462554 0 0 0 884.324 180.007 0.764807 1
5 111 69 877.394 195.41 0.355262 908.694 181.542 0.738392 905.873 175.635 0.547229 875.222 213.259 0.339848 847.373 226.971 0.376069 907.822 195.673 0.656222 884.805 243.709 0.512451 856.076 248.727 0.222568 968.684 208.89 0.43854 919.139 251.509 0.281598 930.219 300.427 0.111294 974.32 211.557 0.765154 933.678 258.042 0.496359 948.065 304.354 0.307551 0 0 0 873.263 191.296 0.38221 0 0 0 884.331 180.003 0.737915 1
5 111 70 877.816 195.413 0.290345 908.909 181.542 0.739736 906.09 175.85 0.552583 874.791 213.261 0.365886 846.508 227.179 0.387707 907.821 195.665 0.650267 884.368 242.846 0.5817 855.423 248.522 0.307609 968.464 208.893 0.462683 918.926 251.513 0.299274 934.561 297.605 0.134755 974.316 211.559 0.714633 933.68 258.261 0.489483 948.288 304.572 0.275623 0 0 0 873.477 191.507 0.323864 0 0 0 884.333 179.993 0.711809 1
5 111 71 878.246 195.414 0.313197 909.122 181.332 0.746055 907.602 175.633 0.560834 874.355 213.483 0.479838 846.08 227.182 0.517555 906.524 195.666 0.692102 882.846 241.758 0.517465 852.168 244.829 0.245249 969.983 208.669 0.462579 919.577 251.081 0.312616 934.556 296.304 0.167919 973.891 211.56 0.748968 933.466 258.7 0.453856 948.496 304.573 0.277881 0 0 0 873.477 191.508 0.32033 0 0 0 884.119 179.982 0.724686 1
5 111 72 878.241 195.637 0.341615 909.121 181.124 0.775612 908.685 175.412 0.571461 873.918 213.922 0.487611 845.864 227.197 0.530358 905.66 195.451 0.660405 881.753 241.1 0.574033 849.787 243.736 0.292927 971.067 208.446 0.46863 920.012 251.082 0.293762 935.859 294.792 0.142195 973.677 211.338 0.726897 933.041 258.92 0.469757 948.926 304.788 0.287109 0 0 0 873.255 191.732 0.372794 0 0 0 883.892 179.988 0.781582 1
5 111 73 877.805 195.855 0.348378 909.33 180.908 0.768243 909.34 174.981 0.568268 872.829 213.928 0.600655 844.998 227.194 0.675845 905.014 195.24 0.68028 881.31 240.66 0.558714 849.563 243.737 0.289687 971.935 208.216 0.471728 920.014 251.084 0.288267 936.727 293.486 0.146391 973.676 210.91 0.714907 933.042 258.927 0.484004 950.005 305.874 0.247868 0 0 0 872.615 191.951 0.384099 0 0 0 883.676 179.995 0.77776 1
5 111 74 877.154 195.865 0.386592 909.331 180.7 0.781187 910.21 174.973 0.568318 872.176 213.493 0.593178 844.999 226.769 0.60995 904.15 195.03 0.71006 880.224 240.656 0.547393 849.129 243.081 0.363088 973.885 207.781 0.476491 921.746 250.653 0.326218 938.03 293.488 0.150857 973.672 210.9 0.732685 932.829 258.921 0.441663 950.656 306.965 0.22526 0 0 0 871.976 191.951 0.390284 0 0 0 883.46 180.001 0.764899 1
5 111 75 877.151 195.871 0.240509 909.329 180.478 0.714858 909.996 174.539 0.575629 871.524 212.839 0.373658 844.781 226.541 0.406688 904.58 194.59 0.703373 879.791 239.998 0.5545 849.349 242.85 0.407699 973.673 207.777 0.49253 921.963 251.083 0.278919 939.111 293.058 0.123276 973.674 210.893 0.689841 932.622 259.139 0.404929 951.963 308.49 0.193177 0 0 0 871.975 191.943 0.267373 0 0 0 883.468 179.997 0.669841 1
5 111 76 877.37 196.077 0.243328 909.336 180.049 0.713066 910.645 173.672 0.552258 872.601 211.755 0.291138 845.869 226.325 0.351088 904.798 194.146 0.64078 879.795 238.696 0.50411 850.002 242.614 0.315575 974.544 207.559 0.507454 922.183 251.513 0.283864 939.548 293.708 0.142829 973.674 210.887 0.677811 932.416 259.138 0.342046 953.05 310.44 0.193038 0 0 0 871.982 191.943 0.288178 0 0 0 883.686 179.997 0.659939 1
5 111 77 877.585 195.866 0.293471 909.12 179.613 0.709 910.645 172.809 0.53574 872.601 211.102 0.406812 846.303 226.103 0.403948 905.01 193.49 0.636428 879.347 237.179 0.427504 850.217 241.957 0.201715 974.546 207.345 0.48768 922.18 251.515 0.293882 939.983 293.274 0.126629 973.46 210.879 0.699718 932.418 259.354 0.465814 954.134 312.168 0.237241 0 0 0 872.198 191.504 0.354101 0 0 0 883.692 179.785 0.662947 1
5 111 78 877.37 195.871 0.297764 909.34 179.391 0.741238 911.076 172.374 0.605559 873.252 210.671 0.423992 847.391 225.889 0.592933 905.007 193.05 0.698132 879.127 236.53 0.516386 850.438 241.528 0.354637 974.773 206.919 0.537682 922.181 251.734 0.344022 940.855 293.712 0.156618 973.465 210.657 0.684202 932.215 259.358 0.484401 955.426 313.474 0.28079 0 0 0 871.767 191.294 0.372453 0 0 0 883.685 179.783 0.705762 1
5 111 79 877.16 195.876 0.346875 909.557 179.175 0.788428 911.511 171.721 0.594516 873.904 210.233 0.584092 848.044 225.671 0.706795 904.793 192.843 0.650519 879.125 236.955 0.561402 850.445 241.522 0.435787 975.216 206.7 0.510981 923.047 251.732 0.352873 940.208 293.709 0.153956 973.464 210.442 0.741721 932.217 259.151 0.54832 955.427 313.258 0.354464 0 0 0 871.341 191.292 0.394855 0 0 0 883.682 179.79 0.72343 1
5 111 80 877.589 195.667 0.324299 909.772 179.157 0.780207 911.293 171.071 0.597696 874.768 209.577 0.519833 848.046 225.452 0.635479 905.87 192.833 0.644728 880.209 236.954 0.489783 851.958 242.387 0.329805 975.004 206.706 0.518478 922.616 251.946 0.399952 940.43 293.712 0.204044 973.89 210.441 0.72291 932.216 258.717 0.536226 955.215 312.819 0.359764 0 0 0 871.767 190.856 0.356647 0 0 0 883.907 179.586 0.701882 1
5 111 81 878.019 195.661 0.420716 909.778 179.149 0.773577 911.293 170.856 0.587999 874.988 209.136 0.595039 847.394 225.437 0.708931 906.515 192.834 0.64823 880.648 237.39 0.558786 852.82 243.04 0.422856 975.012 206.715 0.497741 922.614 252.164 0.366132 940.858 294.361 0.176442 974.107 210.662 0.726429 932.206 258.712 0.54746 955.215 312.602 0.30656 0 0 0 872.201 190.845 0.446936 0 0 0 884.134 179.576 0.772867 1
5 111 82 878.669 195.662 0.30144 909.996 179.143 0.760443 911.508 170.426 0.589262 875.642 208.485 0.482604 847.178 225.426 0.621127 907.161 193.045 0.650284 881.078 237.831 0.494942 853.041 243.043 0.285337 975.229 206.723 0.539194 923.476 251.944 0.3723 940.859 295.011 0.172165 974.32 210.877 0.683052 932.202 258.497 0.490214 953.924 311.298 0.292655 0 0 0 872.843 190.843 0.362171 0 0 0 884.352 179.577 0.7104 1
5 111 83 879.743 195.659 0.316549 910.422 179.129 0.766489 911.506 169.567 0.608585 876.51 208.05 0.473572 847.185 225.429 0.626147 908.242 193.039 0.650432 881.737 237.836 0.579015 853.48 243.483 0.307771 975.014 206.941 0.536096 922.394 252.374 0.361145 941.726 296.093 0.147703 974.536 210.893 0.710941 931.546 258.496 0.49416 948.711 313.471 0.239434 0 0 0 873.917 190.843 0.3724 0 0 0 884.576 179.57 0.759404 1
5 111 84 879.958 195.445 0.340898 910.639 179.342 0.786174 911.939 169.567 0.595246 877.168 208.054 0.528535 847.404 225.642 0.621784 908.027 193.472 0.684622 882.391 238.708 0.541544 853.49 244.79 0.267572 975.447 206.95 0.52755 922.61 251.51 0.390944 941.727 296.954 0.156927 974.747 210.905 0.749956 931.317 258.059 0.481848 947.183 311.294 0.321176 0 0 0 874.352 190.418 0.366873 0 0 0 884.577 179.572 0.770911 1
5 111 85 880.172 195.013 0.307125 910.856 179.557 0.78066 911.289 170.43 0.604126 877.172 208.482 0.551215 847.397 225.64 0.691431 908.46 193.687 0.669698 882.607 238.923 0.605508 853.276 244.576 0.308098 974.794 207.167 0.535906 922.389 251.511 0.356384 940.856 296.735 0.167339 974.956 210.91 0.726561 931.317 258.052 0.44963 945.88 309.777 0.260048 0 0 0 875.003 189.76 0.353179 0 0 0 884.586 179.364 0.730199 1
5 111 86 879.966 194.788 0.313543 911.285 179.773 0.786927 911.073 171.079 0.604613 877.82 208.271 0.557215 847.83 225.632 0.685872 908.683 193.904 0.659217 882.836 239.573 0.593583 853.926 245.228 0.277166 975.013 207.173 0.511694 923.041 251.297 0.345504 939.554 296.523 0.135273 975.17 210.913 0.742635 931.324 258.049 0.450802 945.447 309.349 0.245508 0 0 0 875.434 189.118 0.371187 0 0 0 884.798 179.363 0.753166 1
5 111 87 880.826 193.921 0.38917 911.711 179.564 0.822071 910.645 170.648 0.618385 878.47 207.832 0.53638 848.267 225.623 0.709895 909.766 193.907 0.666877 883.488 239.349 0.639136 854.797 245.224 0.308272 974.793 207.385 0.515999 923.479 250.429 0.354242 938.464 295.003 0.185027 975.386 211.12 0.753657 931.752 258.043 0.374161 943.933 307.173 0.406936 0 0 0 876.951 188.252 0.417563 0 0 0 885.458 179.148 0.775129 1
5 111 88 881.478 192.835 0.305858 912.156 179.555 0.82167 910.86 170.433 0.62094 879.119 207.828 0.583413 848.921 225.614 0.773945 911.068 193.678 0.709775 884.358 238.701 0.598367 855.878 244.569 0.359974 974.569 207.606 0.514654 924.129 250.428 0.325528 939.554 295.439 0.177586 975.395 211.333 0.726074 931.538 257.819 0.367762 943.496 305.654 0.266973 0 0 0 878.465 187.173 0.339344 0 0 0 886.117 178.922 0.755124 1
5 111 89 881.264 191.531 0.331085 912.381 179.352 0.821364 911.078 170.007 0.598426 879.772 208.042 0.647327 850.008 225.608 0.791876 911.292 193.466 0.70733 885.439 237.838 0.627081 856.533 242.832 0.437585 974.136 207.816 0.489502 924.78 249.998 0.417706 940.208 296.306 0.175828 975.399 211.338 0.781468 931.325 257.603 0.533322 944.795 307.389 0.400488 0 0 0 878.9 186.302 0.342681 0 0 0 886.336 178.695 0.691544 1
5 111 90 880.621 189.584 0.278279 912.816 179.145 0.758882 910.86 170.007 0.564286 880.86 209.125 0.592054 851.749 225.614 0.869748 911.731 193.247 0.671345 886.306 237.611 0.562862 856.972 241.096 0.283513 973.268 208.026 0.506766 924.996 249.994 0.277925 940.435 297.392 0.119126 975.615 211.328 0.726184 931.105 257.164 0.495788 944.581 307.606 0.269777 0 0 0 878.9 184.566 0.328339 0 0 0 886.765 178.044 0.653405 1
5 111 91 880.627 187.847 0.25334 913.247 178.714 0.803019 910.861 169.79 0.571647 881.955 210.205 0.616782 853.489 225.615 0.889335 912.599 191.731 0.693693 887.606 236.088 0.582533 857.191 239.354 0.357349 972.188 208.236 0.505528 924.781 250.43 0.30913 940.871 296.962 0.145259 975.835 211.113 0.757203 930.677 256.944 0.449048 944.577 306.956 0.239525 0 0 0 879.337 182.836 0.29452 0 0 0 887.845 177.169 0.607074 1
5 111 92 880.644 186.113 0.251665 913.481 178.282 0.793406 910.867 169.574 0.560958 883.043 210.641 0.605347 855.006 225.616 0.847166 913.47 190.644 0.64246 889.554 234.574 0.546849 860.218 238.479 0.309255 971.756 208.232 0.517358 925.87 250.651 0.349257 940.651 296.097 0.162705 975.835 210.893 0.738384 931.115 256.733 0.315764 948.924 302.825 0.16967 0 0 0 879.777 181.313 0.289662 0 0 0 889.136 175.873 0.593837 1
5 111 93 881.517 184.585 0.323189 914.138 177.841 0.812015 911.09 168.924 0.549285 884.992 210.63 0.533177 856.745 225.403 0.755527 914.998 189.343 0.704986 891.299 232.623 0.692181 863.468 235.657 0.552503 970.888 208.436 0.543203 926.086 251.301 0.383628 939.787 294.804 0.198651 975.839 210.888 0.797891 931.558 256.954 0.434138 949.147 303.257 0.204861 0 0 0 880.867 180.217 0.350608 0 0 0 890.658 174.575 0.640006 1
5 111 94 881.952 183.069 0.404317 915.44 177.185 0.804773 911.955 169.144 0.499113 888.251 211.286 0.531815 860.876 225.846 0.743347 917.173 186.743 0.688912 901.298 228.923 0.595674 873.465 233.703 0.42585 970.018 208.433 0.524985 926.52 251.514 0.402368 939.136 294.592 0.237535 976.061 210.661 0.770981 931.77 256.736 0.404316 948.93 303.047 0.144099 0 0 0 881.515 179.343 0.427657 0 0 0 892.169 173.063 0.647123 1
5 111 95 883.037 181.553 0.617086 917.18 176.31 0.792292 913.037 169.142 0.54635 891.297 212.156 0.660162 863.705 225.859 0.794124 919.568 184.352 0.682013 911.074 224.365 0.453727 883.036 230.876 0.364693 968.495 208.643 0.561714 926.082 251.299 0.375332 939.566 295.241 0.202464 976.287 210.445 0.772585 932.198 256.3 0.384036 947.854 301.747 0.197501 882.15 177.849 0.0697029 882.392 178.252 0.638717 0 0 0 893.688 171.542 0.722801 1
5 111 96 884.556 180.25 0.498471 918.923 175.44 0.759754 913.682 170.227 0.60241 894.558 212.162 0.53172 868.688 225.215 0.619513 922.825 181.309 0.681358 920.854 220.018 0.422 893.254 229.35 0.188504 966.752 208.868 0.519531 925.857 251.518 0.404839 939.126 295.889 0.167397 976.716 210.23 0.745328 933.063 255.863 0.34057 947.419 301.969 0.167346 0 0 0 883.703 176.727 0.524958 0 0 0 895.639 170.013 0.66686 1
5 111 97 886.078 179.163 0.423618 920.877 174.785 0.760551 915.422 169.796 0.622717 898.03 211.297 0.471187 872.38 224.355 0.424672 924.998 180.016 0.656959 924.124 219.156 0.60655 896.949 228.259 0.238347 965.668 208.433 0.50031 925.853 251.741 0.381404 937.165 296.106 0.150581 977.146 210.008 0.776634 934.357 256.297 0.516211 946.764 304.142 0.225674 0 0 0 885.226 175.206 0.453944 0 0 0 898.019 168.5 0.674883 1
5 111 98 888.475 178.067 0.55646 923.483 174.341 0.748997 916.95 170.225 0.679412 901.947 210 0.471778 877.592 223.492 0.266665 928.698 178.487 0.739991 930.444 218.064 0.750149 904.989 228.035 0.792826 962.839 210.62 0.540702 926.509 254.573 0.466451 935.426 297.192 0.208822 975.193 212.613 0.749595 935.007 258.688 0.674193 943.935 305.452 0.377148 0 0 0 887.628 173.48 0.545513 0 0 0 901.062 166.978 0.668502 1
5 111 99 891.519 177.412 0.458488 926.518 174.11 0.759914 919.336 169.794 0.597967 906.509 207.828 0.43789 882.593 222.195 0.347083 932.602 177.175 0.710684 938.481 215.892 0.543129 912.814 227.381 0.624176 961.746 210.848 0.524319 926.941 255.877 0.392851 933.461 296.751 0.185781 975.416 212.832 0.75912 936.535 260.651 0.635818 941.983 306.536 0.388838 0 0 0 890.678 172.397 0.473837 0 0 0 904.108 165.897 0.687243 1
5 111 100 894.133 176.319 0.390679 929.567 173.673 0.818304 921.507 169.79 0.685086 910.194 205.007 0.448953 888.456 220.681 0.498782 936.081 176.737 0.724314 946.101 214.364 0.712657 922.158 226.942 0.746405 961.095 210.85 0.510949 927.168 256.31 0.409992 931.94 296.323 0.243002 976.504 212.83 0.749529 938.262 261.952 0.62766 941.325 307.193 0.42323 0 0 0 893.72 171.093 0.403083 0 0 0 906.72 165.023 0.609123 1
5 111 101 897.603 176.083 0.305079 932.816 173.461 0.699213 923.46 170.435 0.568645 913.03 203.046 0.2819 892.59 220.238 0.197197 939.776 176.298 0.620116 954.146 212.619 0.60824 929.128 225.65 0.402129 959.793 211.29 0.421982 927.167 257.394 0.397629 930.199 296.758 0.207035 977.16 213.475 0.745303 939.99 263.693 0.657773 939.801 310.455 0.394554 0 0 0 897.198 170.228 0.334209 0 0 0 910.199 164.577 0.630275 1
5 111 102 900.646 175.647 0.490851 936.069 172.6 0.755531 926.063 170.215 0.638487 915.861 200.011 0.446877 897.588 218.933 0.491929 943.473 175.644 0.784127 962.394 211.087 0.610453 936.301 225.647 0.526951 959.137 211.305 0.540519 927.608 259.134 0.488372 928.896 298.49 0.21979 978.036 213.692 0.67863 941.299 265.432 0.68474 937.838 311.976 0.322114 0 0 0 900.459 169.15 0.524934 0 0 0 913.673 163.925 0.690447 1
5 111 103 903.912 175.417 0.313557 938.901 172.173 0.728585 929.549 168.697 0.582734 917.822 196.54 0.269539 900.42 216.319 0.2448 946.304 176.734 0.770149 963.05 212.401 0.741293 937.823 226.31 0.727708 960.441 212.185 0.490544 929.569 260.875 0.377208 929.116 299.795 0.154135 978.476 215.431 0.68443 943.468 267.397 0.70714 937.615 312.628 0.24007 0 0 0 903.725 168.289 0.337986 0 0 0 916.935 163.912 0.674576 1
5 111 104 907.601 175.416 0.297797 941.95 172.394 0.753295 933.024 168.264 0.574607 920.217 193.281 0.370878 904.332 213.486 0.311457 949.769 177.379 0.787474 964.36 213.708 0.788434 939.332 226.757 0.789446 960.877 214.144 0.520739 932.175 263.041 0.342897 928.899 300.665 0.15919 978.905 217.607 0.721306 945.856 269.358 0.666704 937.604 314.147 0.244602 0 0 0 907.416 168.289 0.344552 0 0 0 920.416 163.906 0.672331 1
5 111 105 910.869 175.634 0.42666 945.213 172.82 0.792438 936.502 167.175 0.564313 922.18 191.108 0.367653 905.866 212.399 0.230244 952.175 178.687 0.808002 966.095 215.23 0.802332 939.766 226.761 0.902294 962.615 214.148 0.564717 934.136 262.385 0.364771 929.56 300.017 0.165037 980.642 218.046 0.668768 948.037 269.141 0.740931 939.789 314.141 0.238346 0 0 0 910.676 168.937 0.440432 0 0 0 923.46 163.917 0.69321 1
5 111 106 914.571 176.066 0.593426 948.676 173.468 0.750678 939.327 167.824 0.50763 926.318 191.107 0.266223 913.258 213.044 0.1 955.658 178.901 0.774176 974.343 213.493 0.819993 947.591 227.845 0.843945 963.481 215.451 0.508062 935.878 262.607 0.421858 931.518 300.45 0.237569 981.947 219.568 0.631499 951.301 269.147 0.704975 943.693 313.926 0.305605 0 0 0 914.381 170.021 0.603932 0 0 0 927.159 164.135 0.771663 1
5 111 107 918.043 176.939 0.425797 951.294 174.115 0.736038 941.502 168.686 0.561991 927.836 190.453 0.449666 914.558 211.961 0.349568 958.915 179.135 0.783894 979.328 212.631 0.879168 951.299 228.942 0.724971 965.873 214.789 0.445332 937.615 261.08 0.406748 933.469 301.322 0.241206 985.426 218.473 0.617845 955.644 268.277 0.587688 948.261 313.048 0.25599 0 0 0 917.859 171.531 0.479176 0 0 0 930.633 164.792 0.765735 1
5 111 108 921.736 177.803 0.463277 953.484 174.333 0.716108 943.245 169.332 0.595252 928.713 189.366 0.372365 916.074 211.091 0.326561 962.184 179.148 0.838147 983.026 211.774 0.87825 956.299 230.461 0.741438 966.742 215.22 0.50571 939.134 261.299 0.403689 935.221 303.491 0.264519 986.949 219.338 0.626885 959.549 267.621 0.595185 953.248 313.48 0.309581 0 0 0 921.982 172.838 0.501586 0 0 0 934.113 165.653 0.742535 1
5 111 109 924.997 179.329 0.318489 955.65 175.193 0.771057 944.779 169.984 0.570954 930.457 189.364 0.521868 917.165 210.657 0.435076 965.235 179.803 0.780231 986.296 211.996 0.83541 960.427 232.408 0.764261 967.601 215.451 0.540723 940.646 261.526 0.461902 936.957 306.742 0.240901 987.82 220.422 0.678528 963.468 267.406 0.632506 957.159 314.999 0.677431 0 0 0 925.459 174.581 0.354822 0 0 0 937.379 166.965 0.673679 1
5 111 110 928.261 180.857 0.384914 957.834 176.06 0.750604 946.737 170.631 0.523799 933.057 189.371 0.316123 918.696 209.357 0.299307 968.497 180.895 0.798817 988.903 213.081 0.871373 963.904 234.143 0.71018 968.47 216.315 0.532763 942.161 262.393 0.492266 938.927 309.128 0.254485 989.563 221.293 0.631316 967.392 267.19 0.697692 962.153 314.57 0.71057 0 0 0 928.721 176.104 0.447867 0 0 0 940.212 168.497 0.690034 1
5 111 111 931.733 182.806 0.532278 960.447 177.584 0.870727 948.48 172.361 0.618151 935.226 190.675 0.468742 919.783 208.92 0.437316 971.97 182.628 0.810318 991.733 214.391 0.870063 967.382 236.103 0.819204 969.128 217.834 0.605297 943.455 262.825 0.494959 941.532 310.657 0.343112 991.08 223.031 0.679346 971.514 267.405 0.777167 967.149 315.004 0.821989 0 0 0 932.198 178.273 0.566408 0 0 0 943.474 170.443 0.742447 1
5 111 112 935.205 184.779 0.33988 963.47 179.75 0.873664 949.996 174.106 0.631274 937.397 191.973 0.548079 920.863 209.355 0.533207 975.442 184.36 0.784601 994.774 216.129 0.83511 969.997 238.702 0.880778 969.348 218.704 0.679237 943.662 263.259 0.674087 943.483 312.391 0.593189 993.471 223.689 0.717617 975.423 267.627 0.793589 970.843 316.31 0.85721 0 0 0 935.888 181.093 0.424282 0 0 0 946.953 172.403 0.646158 1
5 111 113 938.257 186.73 0.380273 966.072 181.705 0.873116 951.526 175.845 0.606269 939.572 193.493 0.488083 922.594 210.447 0.414197 978.931 186.321 0.730039 997.603 218.085 0.789171 973.045 241.299 0.859361 970.642 219.577 0.688193 943.661 263.489 0.696413 945.437 313.915 0.645498 995.866 224.995 0.682699 978.688 268.284 0.775526 974.325 316.743 0.864795 0 0 0 939.37 183.48 0.473639 0 0 0 950.646 174.366 0.670806 1
5 111 114 941.524 188.908 0.375848 968.681 184.317 0.820818 953.495 179.1 0.581697 943.269 197.84 0.621219 928.238 214.367 0.611286 983.269 189.357 0.744855 1000.22 220.48 0.813219 976.736 244.336 0.880236 970.864 223.058 0.680255 943.666 266.748 0.72465 944.564 314.783 0.597022 996.958 228.693 0.639896 981.932 271.762 0.716705 975.834 318.93 0.787511 0 0 0 943.06 185.875 0.446761 0 0 0 954.342 177.188 0.679604 1
5 111 115 944.786 191.73 0.299458 971.079 186.496 0.754981 954.806 182.142 0.576078 944.584 200.233 0.622991 929.338 216.552 0.679545 987.18 191.744 0.770647 1003.05 223.299 0.870866 979.57 246.299 0.919333 971.952 225.875 0.676788 943.883 268.481 0.722202 943.691 316.305 0.597921 999.13 231.082 0.627006 984.103 274.363 0.682148 976.062 320.448 0.80776 0 0 0 946.316 188.054 0.358675 0 0 0 957.176 180.015 0.62953 1
5 111 116 948.267 194.338 0.309782 973.682 188.245 0.761136 956.756 183.879 0.53438 947.854 202.837 0.305579 935.43 219.593 0.1 990.648 194.121 0.752073 1006.54 225.904 0.883119 983.69 248.688 0.879978 974.129 226.532 0.703975 944.316 269.564 0.761189 943.472 316.962 0.614348 1002.39 232.393 0.628238 986.068 275.012 0.681623 976.289 320.89 0.77725 0 0 0 949.793 190.23 0.381126 0 0 0 960.44 182.619 0.624723 1
5 111 117 951.529 197.162 0.361746 976.937 190.212 0.836509 959.152 185.624 0.605025 951.11 206.096 0.425956 941.516 224.805 0.359388 994.124 197.161 0.796072 1007.85 230.24 0.850764 984.341 249.992 0.812955 977.172 227.837 0.681492 945.841 268.911 0.736075 943.902 316.746 0.518634 1006.08 233.484 0.672899 988.036 275.231 0.675963 976.514 320.888 0.782785 0 0 0 952.84 192.402 0.418293 0 0 0 963.915 184.787 0.60561 1
5 111 118 955.65 199.333 0.321601 980.211 191.971 0.793534 962.402 187.578 0.622616 954.366 208.059 0.562302 947.6 230.018 0.351334 997.822 199.982 0.756031 1010.23 233.28 0.801027 987.386 252.824 0.794581 979.349 229.571 0.666476 947.587 268.685 0.56897 945.422 313.487 0.320488 1008.26 235.22 0.619241 989.996 276.325 0.776183 976.729 321.103 0.806757 0 0 0 956.534 194.136 0.369096 0 0 0 967.821 186.303 0.576004 1
5 111 119 958.475 200.209 0.347274 983.034 193.488 0.790723 964.361 189.111 0.587529 956.985 210.236 0.485638 953.028 233.273 0.379653 1000.86 201.069 0.741447 1014.36 234.148 0.786127 992.386 254.996 0.816181 980.872 230.662 0.631915 949.54 267.391 0.610301 946.501 310.007 0.265748 1009.79 236.954 0.69131 991.738 277.407 0.724663 976.734 321.317 0.737045 0 0 0 959.575 195.445 0.387534 0 0 0 970.864 187.814 0.579851 1
5 111 120 961.311 201.305 0.369259 985.639 195.223 0.776315 966.744 191.078 0.568762 960.033 213.279 0.358566 958.895 236.747 0.167706 1003.7 202.379 0.746307 1018.27 235.23 0.777426 997.384 256.519 0.708374 981.744 233.055 0.616095 951.506 267.394 0.771488 946.726 308.486 0.578281 1010.66 239.991 0.622214 993.051 278.932 0.69949 976.737 321.535 0.706148 960.668 193.591 0.0620303 962.612 196.532 0.420335 0 0 0 973.907 189.126 0.602226 1
5 111 121 964.352 202.596 0.379618 987.606 196.535 0.787787 968.698 193.245 0.528901 962.431 215.672 0.379061 963.471 238.921 0.147463 1006.1 203.9 0.788059 1021.75 236.315 0.637872 1002.18 258.041 0.485583 981.967 235.881 0.509895 953.473 267.394 0.762087 947.384 306.963 0.393218 1011.08 243.035 0.536874 993.71 280.668 0.631839 976.736 321.758 0.680127 962.589 193.647 0.0642532 965.438 196.969 0.397103 0 0 0 976.09 190.431 0.587438 1
5 111 122 966.737 203.69 0.398324 989.356 198.27 0.768517 970.436 195.202 0.519338 964.82 218.276 0.462812 966.423 240.875 0.204083 1008.27 205.43 0.702335 1025 237.61 0.604462 1006.75 259.999 0.519808 982.198 237.842 0.561537 955.649 267.391 0.74255 948.038 306.959 0.456094 1011.95 244.994 0.500874 994.373 281.753 0.707079 976.731 322.626 0.755017 962.255 193.452 0.100716 967.611 197.411 0.445415 0 0 0 978.045 191.947 0.569255 1
5 111 123 968.041 204.766 0.40528 990.663 199.355 0.830378 971.737 196.078 0.634693 964.826 217.405 0.44531 964.696 238.696 0.157959 1009.14 205.876 0.739556 1027.83 238.473 0.76338 1011.53 261.96 0.757371 983.063 238.487 0.629565 957.61 267.402 0.73332 950.864 309.562 0.525448 1012.82 246.082 0.614741 994.815 282.399 0.740956 976.731 323.488 0.777552 963.266 194.389 0.165437 968.916 197.847 0.444933 0 0 0 979.352 192.605 0.549 0
5 111 124 969.127 205.204 0.475745 991.753 200.438 0.871491 972.821 196.518 0.742821 964.816 216.531 0.494023 962.947 236.729 0.297532 1010.45 206.746 0.808295 1030.01 239.129 0.820493 1015.88 264.351 0.763727 983.497 238.926 0.754889 959.35 267.838 0.754909 952.177 311.304 0.637859 1013.48 247.38 0.720086 995.252 283.048 0.757352 976.722 324.571 0.833437 964.276 195.327 0.123107 970.22 198.71 0.512351 0 0 0 980.869 193.262 0.62265 0
5 111 125 970.214 205.86 0.409621 992.846 201.965 0.863088 974.34 198.046 0.724 965.024 216.748 0.431219 960.352 235.64 0.232056 1011.11 208.059 0.84608 1031.73 240.435 0.86605 1018.7 266.96 0.83208 982.843 241.964 0.735118 960.657 269.795 0.728499 952.621 313.469 0.639525 1012.4 250.211 0.742068 995.023 285.441 0.77412 976.701 325.661 0.750643 976.285 199.573 0.0724423 971.518 199.788 0.444156 0 0 0 982.17 193.923 0.600915 0
5 111 126 971.294 206.513 0.502413 993.279 204.134 0.863136 975.208 200.649 0.673997 964.811 217.618 0.246127 957.969 232.382 0.1 1011.76 209.577 0.865664 1035.21 240.872 0.900561 1023.93 270.654 0.851386 980.019 247.181 0.674704 960.654 275.446 0.7796 952.837 316.96 0.753082 1009.13 256.081 0.716468 992.837 291.308 0.791724 978.22 330.443 0.842595 0 0 0 972.599 200.879 0.533928 0 0 0 983.042 195.455 0.720374 0
5 111 127 971.301 207.174 0.441821 993.496 207.161 0.883554 975.432 203.699 0.675362 964.813 219.791 0.425216 956.455 228.901 0.413175 1011.98 211.31 0.87889 1036.52 242.179 0.899837 1026.1 272.398 0.839332 978.28 253.053 0.624057 962.387 282.844 0.852125 956.759 326.74 0.783027 1006.53 261.945 0.698026 988.698 296.08 0.774324 975.402 334.57 0.846746 0 0 0 973.244 202.18 0.475247 0 0 0 983.693 197.192 0.688646 0
5 111 128 971.299 208.91 0.439669 993.936 210.422 0.863863 976.728 207.169 0.613399 965.025 223.915 0.56173 956.227 231.51 0.692208 1012.2 214.143 0.832419 1036.3 245.234 0.819926 1026.32 275.441 0.874303 977.407 258.921 0.650026 963.263 289.575 0.858287 959.584 334.573 0.806359 1004.57 267.383 0.657631 984.787 300.427 0.756783 973.445 339.565 0.874763 0 0 0 973.464 203.911 0.459339 0 0 0 984.129 199.156 0.66489 0
5 111 129 970.646 210.86 0.425386 993.938 213.682 0.885474 976.731 210.647 0.692828 964.596 228.479 0.494766 956.229 236.512 0.588037 1012.2 216.539 0.85603 1036.3 248.067 0.851528 1026.54 278.922 0.827625 977.834 263.702 0.74515 963.695 294.788 0.86183 962.628 340.438 0.795079 1004.79 271.079 0.735707 981.305 303.037 0.597197 971.704 344.561 0.81946 0 0 0 972.82 205.866 0.440714 0 0 0 983.697 201.338 0.635715 0
5 111 130 970.437 212.818 0.325443 993.932 216.719 0.853407 976.728 213.701 0.743332 964.154 233.698 0.508885 956.007 241.945 0.404315 1011.99 218.725 0.804167 1035.86 251.538 0.851893 1026.53 282.621 0.814331 977.823 267.825 0.770256 964.129 300.004 0.69694 965.018 346.304 0.734264 1004.36 274.552 0.756975 977.833 306.073 0.775857 969.974 349.551 0.257896 0 0 0 972.824 208.257 0.349692 0 0 0 984.559 203.303 0.467962 0
5 111 131 970.654 214.982 0.486855 993.919 219.988 0.869592 976.719 217.396 0.769463 963.931 239.567 0.394412 957.633 250.421 0.321183 1011.77 221.764 0.801759 1034.35 255.237 0.826753 1023.26 286.101 0.680003 977.596 273.038 0.619471 964.132 305.867 0.698227 965.887 352.174 0.424342 1003.93 279.538 0.714261 979.557 311.289 0.675338 973.454 355.636 0.695157 966.582 209.365 0.0771436 973.254 210.647 0.501002 0 0 0 985.424 205.263 0.491361 0
5 111 132 970.224 216.934 0.48844 993.695 223.675 0.882738 976.281 221.529 0.751728 964.134 246.307 0.314949 959.582 259.332 0.155223 1011.55 224.583 0.841838 1032.61 258.931 0.791538 1018.7 289.582 0.777759 976.949 279.331 0.653763 964.128 312.167 0.585588 966.758 357.616 0.388941 1003.48 284.745 0.715819 980.647 316.079 0.743291 975.851 360.853 0.755262 0 0 0 973.04 212.82 0.52265 0 0 0 985.431 207.43 0.586836 0
5 111 133 970.006 218.889 0.480496 993.475 227.371 0.907465 975.843 226.09 0.821676 964.359 253.05 0.645365 961.541 267.599 0.397355 1011.12 227.835 0.842465 1031.52 262.406 0.813199 1014.79 291.324 0.831949 975.64 285.863 0.693242 963.914 318.469 0.578048 968.058 361.965 0.460602 1001.96 290.193 0.759084 982.177 321.954 0.718914 978.899 366.292 0.757481 0 0 0 973.037 214.985 0.497376 0 0 0 985.648 209.81 0.672839 0
5 111 134 969.358 221.065 0.354086 993.262 230.846 0.876576 975.623 229.567 0.796535 964.365 257.182 0.492636 963.418 276.008 0.207627 1010.9 231.092 0.860943 1031.09 265.663 0.777004 1012.39 292.629 0.740106 974.123 290.866 0.720241 963.904 323.69 0.600162 969.572 365.448 0.494988 1000.21 294.971 0.711241 979.137 326.091 0.753637 977.39 371.286 0.794593 0 0 0 972.823 217.161 0.369845 0 0 0 985.428 212.84 0.561857 0
5 111 135 968.494 223.673 0.36327 993.043 233.679 0.861527 974.534 232.4 0.796087 964.359 260.445 0.608054 964.793 284.555 0.299676 1010.69 233.496 0.784144 1031.3 267.849 0.787845 1011.09 294.374 0.682252 974.126 294.121 0.677018 963.693 326.519 0.688627 970.663 368.697 0.663621 1000.44 297.37 0.736542 979.358 328.051 0.438243 975.435 373.034 0.20057 0 0 0 972.177 219.329 0.371124 0 0 0 985.642 215.223 0.559709 0
5 111 136 968.273 226.707 0.363189 992.609 235.852 0.879942 973.016 234.788 0.815846 964.144 265.008 0.737257 965.003 293.247 0.444202 1010.48 235.461 0.814177 1032.82 269.812 0.74642 1010 296.324 0.71739 974.339 296.074 0.726513 961.954 327.594 0.732158 966.959 368.91 0.715423 1002.16 298.682 0.750573 982.848 330.012 0.348153 978.04 374.555 0.261964 964.617 213.276 0.0714768 971.752 221.725 0.343122 0 0 0 985.857 217.624 0.522879 0
5 111 137 967.848 229.531 0.336614 992.384 238.039 0.895984 971.504 237.187 0.797949 964.143 268.49 0.562284 965.013 298.246 0.296412 1010.49 237.629 0.849915 1033.91 271.761 0.732468 1008.91 297.617 0.674594 974.336 299.334 0.687761 960.86 328.893 0.702626 964.779 370.645 0.705863 1003.66 301.941 0.698625 987.625 333.277 0.407405 980.436 375.209 0.222383 964.546 219.137 0.0904613 971.314 224.551 0.340107 0 0 0 986.284 219.803 0.46172 0
5 111 138 967.846 231.933 0.415006 992.171 240.429 0.810503 970.426 239.143 0.666507 963.92 270.224 0.187372 964.143 300.419 0.1 1010.7 240.454 0.786054 1034.57 273.927 0.549057 1006.53 298.695 0.439824 972.817 302.16 0.552142 960.2 329.983 0.537618 962.82 372.385 0.512496 1002.36 305.418 0.601734 989.365 337.62 0.502752 982.188 378.255 0.53551 0 0 0 971.529 227.381 0.475159 0 0 0 986.933 222.831 0.556212 0
5 111 139 967.84 234.764 0.55702 992.174 243.252 0.880661 969.785 241.96 0.738691 963.715 272.829 0.215858 964.138 304.12 0.1 1011.55 243.693 0.828623 1035.44 275.239 0.763394 1008.49 300.216 0.582566 973.03 303.899 0.665047 959.548 329.984 0.652662 961.087 373.475 0.710131 1002.81 307.162 0.675292 992.827 339.14 0.45794 984.361 378.908 0.379921 964.59 227.27 0.107819 971.529 229.996 0.586189 0 0 0 987.366 226.073 0.642221 0
5 111 140 967.19 237.599 0.463095 991.961 245.199 0.86521 968.485 242.404 0.860115 961.548 271.742 0.593015 960.007 301.086 0.305455 1011.77 246.733 0.882984 1032.82 280.24 0.787579 1006.31 302.604 0.602195 973.259 303.03 0.66511 959.333 329.765 0.681395 961.096 373.695 0.782954 1003.9 306.301 0.610708 991.096 338.925 0.439138 981.326 379.996 0.266247 964.508 231.053 0.153567 971.313 232.82 0.456269 0 0 0 987.367 229.334 0.596065 0
5 111 141 967.188 241.079 0.500087 991.957 247.162 0.86738 967.402 244.129 0.778329 959.594 271.528 0.310586 956.528 299.13 0.157889 1012 249.561 0.830672 1034.99 281.553 0.787566 1011.75 304.121 0.65391 972.168 303.697 0.627458 959.107 330.408 0.606648 961.092 374.773 0.719436 1002.82 308.048 0.640587 989.566 342.184 0.236012 979.368 383.043 0.253184 964.426 234.837 0.107415 971.311 236.299 0.476361 0 0 0 988.226 232.603 0.585293 0
5 111 142 966.971 244.57 0.458746 991.74 249.563 0.815474 966.308 246.308 0.688495 957.42 273.041 0.302263 952.825 298.692 0.139551 1012.43 252.395 0.790617 1036.73 283.292 0.723965 1016.96 307.168 0.543355 970.877 305.866 0.579906 959.112 333.237 0.461859 960.656 376.514 0.621018 1002.17 311.08 0.630293 987.594 345.443 0.37638 976.547 387.826 0.271034 964.345 238.621 0.1 971.526 239.792 0.471468 0 0 0 988.871 236.089 0.558471 0
5 111 143 967.829 248.913 0.544923 991.51 252.6 0.866998 964.787 249.141 0.715463 955.249 276.946 0.506926 949.415 298.005 0.324321 1012.64 255.438 0.817862 1037.6 284.822 0.777068 1021.53 310.215 0.690187 970.656 308.478 0.675206 959.125 333.672 0.720679 960.22 377.602 0.753349 1002.4 314.332 0.672271 990.423 350.867 0.499393 978.075 394.565 0.519195 964.263 242.405 0.200064 971.961 243.491 0.594571 0 0 0 989.738 239.565 0.657597 0
5 111 144 967.611 252.61 0.509967 991.497 256.078 0.842436 964.347 252.617 0.708235 953.722 280.641 0.573202 946.297 297.069 0.400599 1012.85 259.123 0.721672 1037.83 288.064 0.494721 1025.01 314.127 0.379624 970.011 311.74 0.649818 959.55 334.976 0.709295 959.562 377.61 0.735333 1002.18 318.028 0.570832 991.939 356.519 0.642305 978.283 401.948 0.606912 963.826 245.887 0.199829 971.528 247.187 0.543823 0 0 0 989.308 243.054 0.699806 0
5 111 145 966.965 256.308 0.530112 991.485 259.785 0.891076 964.123 256.324 0.852764 950.46 285.419 0.708885 943.911 296.642 0.561321 1013.27 263.26 0.836487 1037.83 291.539 0.80723 1028.28 318.044 0.718214 968.719 316.305 0.670546 959.763 340.422 0.646826 958.255 383.053 0.707226 1000.89 323.458 0.715358 991.721 363.47 0.594031 977.852 410.221 0.576099 963.603 249.15 0.203926 970.879 251.314 0.480695 0 0 0 988.882 246.958 0.582764 0
5 111 146 967.392 260.226 0.529149 991.494 264.125 0.856056 964.339 259.801 0.87139 949.366 286.508 0.621098 941.3 296.422 0.314512 1013.91 268.048 0.795396 1037.63 296.31 0.852819 1031.55 323.051 0.665776 968.067 320.22 0.766992 959.553 345.648 0.498394 957.608 383.919 0.598183 999.813 327.596 0.761873 990.191 369.131 0.772657 976.978 418.7 0.808887 963.814 253.274 0.278992 971.525 255.437 0.510549 0 0 0 989.103 251.303 0.582637 0
5 111 147 967.175 263.923 0.540261 991.493 268.47 0.854558 964.121 263.932 0.828813 947.84 289.557 0.528827 939.125 297.077 0.1 1014.34 272.401 0.837615 1037.63 300.878 0.825072 1035.69 328.718 0.702358 968.497 324.135 0.740052 959.768 348.696 0.401762 957.386 385.221 0.636261 1000.24 331.515 0.783847 991.483 374.574 0.823286 976.532 424.578 0.792194 963.712 256.966 0.316422 971.521 259.132 0.536511 0 0 0 989.109 255.006 0.640182 0
5 111 148 966.524 268.26 0.56611 991.287 272.609 0.878784 964.548 267.835 0.832652 947.831 293.254 0.452829 938.912 301.644 0.561615 1013.48 277.841 0.835408 1032.85 309.129 0.852499 1028.3 335.675 0.689565 968.294 329.353 0.729669 959.982 357.394 0.451819 955.422 393.695 0.644943 1000.02 337.388 0.754854 991.052 382.621 0.795553 975.442 433.058 0.825739 963.705 260.457 0.225434 971.088 263.259 0.531957 0 0 0 988.897 258.718 0.671239 0
5 111 149 966.313 272.602 0.616261 991.297 277.18 0.843761 965.64 273.482 0.862941 949.134 299.777 0.556826 941.083 308.156 0.626418 1013.26 282.18 0.810281 1036.11 311.304 0.863618 1032.65 340.681 0.831972 968.073 336.962 0.767871 959.983 365.881 0.528778 953.46 401.518 0.256711 998.923 345.211 0.769716 990.397 390.877 0.857517 974.351 439.579 0.792388 963.715 264.58 0.252525 970.87 267.826 0.526542 0 0 0 988.894 262.417 0.577805 0
5 111 150 966.526 276.52 0.552087 991.084 281.963 0.883741 965.857 278.699 0.751002 950.655 306.509 0.471847 944.119 316.632 0.531169 1013.04 286.525 0.876249 1035.46 316.741 0.848812 1031.12 346.56 0.785503 968.943 343.044 0.690428 960.421 373.93 0.265714 951.511 409.128 0.480855 999.79 350.425 0.784093 990.187 396.31 0.791225 973.266 445.011 0.723902 963.933 268.923 0.125405 971.085 271.961 0.588241 0 0 0 988.461 266.541 0.673945 0
5 111 151 966.098 280.209 0.605894 990.863 286.737 0.911835 965.872 283.698 0.780779 952.377 312.174 0.55412 947.158 324.457 0.577869 1012.39 290.872 0.826783 1033.94 322.394 0.842788 1029.39 352.641 0.857364 970.239 348.037 0.667519 960.412 380.011 0.375791 949.553 416.948 0.508298 1000.43 354.562 0.729876 989.981 400.879 0.745844 971.956 448.484 0.712718 963.82 272.616 0.138004 970.218 275.443 0.628474 0 0 0 986.949 270.452 0.732598 0
5 111 152 964.586 283.465 0.698619 990.865 290.878 0.869821 966.315 288.048 0.691543 954.331 317.397 0.609702 949.548 331.74 0.514546 1012.17 295.222 0.816482 1032.64 328.906 0.715236 1026.12 359.379 0.533005 970.24 353.688 0.671869 959.535 388.921 0.535488 947.814 425.421 0.402071 1000.21 359.793 0.606067 989.11 405.448 0.732064 970.859 450.876 0.728487 963.381 276.301 0.239166 968.69 278.715 0.642878 0 0 0 985.21 274.15 0.777608 0
5 111 153 964.365 287.156 0.675572 990.651 295.221 0.790119 966.535 291.968 0.669912 955.64 323.481 0.292453 950.642 340.868 0.163402 1011.72 299.997 0.791524 1031.54 334.347 0.60121 1023.29 365.253 0.418046 970.019 359.338 0.654563 958.242 398.048 0.577967 945.217 435.848 0.358046 999.776 365.869 0.715965 987.386 410.452 0.702286 969.567 452.628 0.730583 963.266 280.202 0.155808 968.255 282.413 0.633329 0 0 0 984.55 277.622 0.667883 0
5 111 154 964.351 290.851 0.509035 990.005 298.915 0.827739 966.748 295.223 0.796756 958.679 325.879 0.727044 951.506 347.173 0.586725 1011.07 304.553 0.842007 1030.03 340.21 0.862943 1019.6 371.984 0.815022 970.008 362.38 0.728577 956.949 401.523 0.669745 944.783 437.806 0.563258 999.55 368.918 0.743211 986.08 413.495 0.758277 969.128 454.137 0.762677 963.044 283.899 0.243557 968.038 286.316 0.505572 0 0 0 983.683 281.323 0.534063 0
5 111 155 963.478 294.122 0.32382 988.484 302.613 0.857864 966.087 299.354 0.839598 958.678 332.62 0.711677 952.367 355.874 0.535062 1009.33 308.247 0.875407 1028.07 345.222 0.718308 1015.67 377.64 0.699972 969.353 365.203 0.729823 954.994 403.918 0.69977 943.473 444.547 0.570384 998.896 371.955 0.710086 984.787 416.313 0.749446 968.484 455.444 0.797191 962.177 287.165 0.1 966.74 289.591 0.327068 0 0 0 982.373 284.801 0.529405 0
5 111 156 963.035 297.811 0.352792 986.952 306.093 0.816599 965.43 303.042 0.674357 959.116 337.841 0.260514 952.811 363.918 0.138944 1006.95 312.154 0.808493 1024.59 350.658 0.698818 1010.23 383.498 0.618359 968.709 367.37 0.669074 951.961 408.913 0.549399 940.222 452.587 0.407654 998.254 373.912 0.764855 983.921 417.617 0.60223 967.838 456.952 0.688066 961.509 290.651 0.1 965.867 293.073 0.380927 0 0 0 980.629 288.278 0.670944 0
5 111 157 961.947 301.299 0.469182 985.215 309.141 0.79414 963.483 305.441 0.7742 955.42 333.929 0.482294 951.069 367.5 0.334739 1005.2 315.629 0.871041 1026.55 353.703 0.833325 1011.74 387.623 0.736387 966.31 369.547 0.771368 948.491 410.433 0.685768 938.26 455.63 0.559935 996.083 376.73 0.74565 982.628 418.708 0.58746 967.619 458.035 0.554625 960.2 294.333 0.1 964.775 296.987 0.440931 0 0 0 978.891 291.97 0.679205 0
5 111 158 960.422 304.788 0.563086 983.248 313.275 0.806069 961.086 309.134 0.801636 953.899 338.704 0.538133 949.974 373.154 0.333015 1003.04 319.987 0.852801 1024.16 358.918 0.757244 1008.05 392.826 0.784521 963.482 371.941 0.713652 945.004 412.604 0.605621 935.209 459.546 0.549567 993.7 379.122 0.664733 981.536 420.014 0.580328 966.973 460.209 0.666672 958.464 298.251 0.174618 963.471 300.682 0.537059 0 0 0 977.162 296.31 0.616771 0
5 111 159 958.473 308.705 0.535221 980.65 316.985 0.906949 959.123 311.966 0.843166 952.151 341.752 0.696471 947.156 375.329 0.320641 1000.87 325.42 0.813322 1020.68 364.358 0.817217 1002.61 396.952 0.77548 960.004 374.33 0.665196 940.87 414.997 0.525144 931.94 463.897 0.62218 990.652 382.382 0.702755 979.798 421.969 0.490353 966.325 462.818 0.565202 956.512 301.743 0.203964 962.166 304.377 0.537238 0 0 0 976.08 300.444 0.610689 0
5 111 160 956.513 313.266 0.37551 977.835 320.254 0.911982 956.945 313.712 0.789528 946.943 339.574 0.792624 938.681 370.329 0.461379 998.465 330.432 0.774548 1018.07 370.437 0.727371 997.186 402.167 0.634253 956.522 376.51 0.604722 936.099 417.394 0.725659 928.889 467.81 0.771024 987.613 385.645 0.628142 977.619 424.14 0.624491 966.541 463.906 0.770555 954.439 305.225 0.175709 960.213 308.497 0.377934 0 0 0 974.563 304.362 0.542496 0
5 111 161 954.548 317.608 0.595066 974.788 323.73 0.860051 954.117 316.097 0.599627 941.722 337.616 0.16593 931.943 365.33 0.1 995.218 335.43 0.819434 1014.59 375.867 0.749965 992.618 407.157 0.576489 952.831 379.112 0.70821 931.959 419.994 0.778938 925.412 471.72 0.735039 984.144 388.894 0.623422 975.671 426.312 0.614253 966.76 466.083 0.64089 951.619 308.923 0.295167 958.469 313.269 0.561132 0 0 0 973.042 308.495 0.632914 0
5 111 162 951.084 321.317 0.694229 971.312 327.424 0.815815 950.423 319.559 0.720824 937.591 336.743 0.587875 925.921 358.662 0.272574 991.754 339.349 0.792147 1010.68 380.86 0.77947 987.828 411.063 0.705117 949.353 381.075 0.612299 928.041 421.737 0.779126 923.221 473.891 0.841296 980.883 391.066 0.559469 974.363 427.611 0.663833 966.974 468.032 0.586743 948.251 313.047 0.357248 955.856 317.615 0.688183 0 0 0 970.871 313.271 0.680368 0
5 111 163 947.391 324.794 0.616039 967.404 331.555 0.810002 946.721 323.25 0.756591 933.027 336.519 0.458049 919.11 354.238 0.227526 988.279 343.057 0.780937 1007.2 385.217 0.739703 983.901 414.33 0.637488 945.225 386.07 0.722196 923.691 425.222 0.778013 919.096 479.1 0.840861 977.183 395.414 0.614208 972.632 430.011 0.700821 966.112 473.471 0.519731 944.776 316.957 0.450096 952.163 321.091 0.613704 0 0 0 967.611 317.182 0.637247 0
5 111 164 943.69 328.696 0.635797 964.131 335.238 0.871675 943.237 325.863 0.71357 927.596 333.469 0.394403 912.162 346.843 0.316006 985.44 347.394 0.790135 1003.72 389.118 0.794617 979.558 418.019 0.713679 940.234 390.634 0.74545 919.997 430.209 0.793167 914.754 484.529 0.853408 972.402 400.197 0.680379 969.152 434.579 0.598904 963.063 479.12 0.411484 941.077 320.646 0.374793 948.468 324.777 0.601209 0 0 0 964.145 321.086 0.642726 0
5 111 165 938.709 331.729 0.660194 960.45 339.15 0.870304 939.327 329.99 0.641031 923.681 337.377 0.409974 908.462 349.671 0.280884 982.397 351.304 0.763291 1001.54 392.387 0.804928 976.732 420.847 0.74251 935.015 396.727 0.803044 916.526 434.998 0.790861 912.353 488.224 0.847221 967.397 406.506 0.706678 965.235 441.966 0.642867 959.151 495.214 0.32418 937.24 324.263 0.306959 943.908 327.817 0.64041 0 0 0 960.015 324.341 0.636692 0
5 111 166 933.934 333.899 0.632626 956.956 343.064 0.834197 934.977 334.566 0.78674 921.943 348.466 0.243588 903.359 350.871 0.1 979.139 354.354 0.849196 998.501 394.791 0.850716 973.906 423.241 0.775879 930.883 403.031 0.812928 913.261 438.481 0.831648 910.182 490.186 0.800971 963.263 412.596 0.773806 961.094 454.143 0.687014 955.029 512.386 0.243327 933.697 327.599 0.286705 938.917 329.995 0.602822 0 0 0 955.229 327.385 0.623525 0
5 111 167 930.015 336.933 0.651052 953.045 346.537 0.857106 930.63 337.831 0.803101 916.069 350.212 0.244632 896.854 350.443 0.1 975.879 357.179 0.857422 996.323 396.967 0.908529 971.735 425.645 0.790748 926.744 408.465 0.75231 910 441.31 0.776551 908.889 491.274 0.808937 958.912 418.898 0.756795 956.533 460.672 0.648139 951.761 516.738 0.470231 930.225 330.21 0.220808 934.358 332.384 0.615387 0 0 0 951.528 330.212 0.630209 0
5 111 168 925.875 339.105 0.538322 949.138 349.783 0.877655 926.713 340.663 0.779586 909.775 352.167 0.352253 890.767 351.097 0.266604 972.615 359.348 0.825952 994.572 398.92 0.931301 970.647 428.911 0.860808 923.051 412.817 0.779168 907.179 443.276 0.724076 908.027 491.49 0.781562 954.783 422.817 0.747267 951.308 463.499 0.475201 948.709 519.343 0.306984 926.636 333.142 0.163856 929.364 334.548 0.595151 0 0 0 946.523 332.597 0.66313 0
5 111 169 922.389 342.367 0.43746 945.444 353.483 0.858259 921.924 345.653 0.784712 904.771 360.644 0.419888 887.943 359.365 0.17045 969.79 362.164 0.771831 992.186 400.666 0.847418 969.555 431.524 0.817312 918.713 421.073 0.632099 904.995 451.97 0.624477 907.274 491.815 0.67549 951.084 430.644 0.688199 946.313 474.15 0.257849 943.932 524.562 0.118084 923.162 336.626 0.1 925.879 337.606 0.411955 0 0 0 943.042 335.857 0.561991 0
5 111 170 918.695 345.637 0.488831 941.321 357.174 0.847149 916.922 350.433 0.779015 899.115 369.351 0.433635 883.594 369.794 0.1 966.745 364.34 0.819724 990.019 402.194 0.816777 968.478 433.478 0.795012 915.666 426.078 0.628623 904.352 455.894 0.594223 906.405 492.475 0.684526 948.684 434.57 0.654104 942.394 479.369 0.549493 937.851 529.78 0.37798 920.334 340.756 0.1 922.409 340.864 0.481838 0 0 0 939.129 338.692 0.632498 0
5 111 171 915.857 349.327 0.603233 937.417 360.006 0.86102 912.795 353.71 0.896156 893.237 375.009 0.66053 878.96 380.815 0.601894 963.908 367.17 0.867987 988.269 403.937 0.840509 967.187 436.093 0.845283 912.615 430.639 0.693409 903.052 461.107 0.62881 905.106 497.048 0.70928 946.071 438.275 0.722279 937.39 484.589 0.186565 930.456 536.302 0.139167 917.077 344.673 0.149439 919.58 344.351 0.573777 0 0 0 936.085 341.96 0.639735 0
5 111 172 912.816 353.46 0.482048 934.372 363.694 0.890428 908.896 357.412 0.870112 887.796 380.454 0.701735 874.25 391.543 0.729068 960.866 370.425 0.905921 986.101 405.895 0.850113 966.118 438.703 0.823188 909.794 434.339 0.736506 902.618 466.321 0.71241 904.004 502.267 0.725795 943.251 441.975 0.741834 932.377 490.015 0.52584 923.271 539.78 0.686289 913.824 348.809 0.1 916.755 348.067 0.500861 0 0 0 933.69 345.868 0.615425 0
5 111 173 909.127 357.156 0.62861 930.684 367.186 0.900847 904.342 361.758 0.894473 883.228 388.068 0.732764 869.035 402.63 0.516524 957.402 373.258 0.813302 984.347 407.868 0.835252 965.686 441.528 0.782665 907.834 438.258 0.618321 902.178 472.632 0.214617 902.052 509.007 0.1 941.298 445.667 0.665414 928.024 494.354 0.30312 916.963 544.771 0.1 910.132 352.52 0.338233 913.27 351.556 0.610011 0 0 0 929.988 349.565 0.701526 0
5 111 174 906.937 362.164 0.465368 927.204 371.318 0.858699 899.999 365.458 0.891412 877.359 389.371 0.685819 860.548 403.287 0.542775 954.575 377.166 0.797894 982.174 410.898 0.873215 965.245 444.791 0.848604 905.649 442.609 0.720009 901.741 480.239 0.337928 899.005 516.622 0.309972 938.686 450.007 0.730197 922.814 498.05 0.503928 910.013 540.416 0.197903 907.236 356.294 0.26064 910.88 356.553 0.391105 0 0 0 927.82 354.137 0.53117 0
5 111 175 904.324 367.391 0.692737 923.508 375.872 0.846627 896.082 369.141 0.849866 870.623 390.901 0.699274 853.038 406.976 0.557191 951.31 381.294 0.798665 979.566 414.151 0.879522 964.823 448.92 0.879041 902.177 446.309 0.753609 901.307 487.845 0.560663 895.097 524.665 0.444922 935.004 452.842 0.766756 918.026 496.526 0.62757 902.832 535.202 0.514095 904.042 361.223 0.529518 908.917 361.978 0.687017 0 0 0 925.867 359.347 0.705814 0
5 111 176 902.15 372.605 0.549632 919.592 379.799 0.842195 892.388 373.928 0.817023 865.622 393.941 0.783571 846.075 412.405 0.689397 947.822 385.423 0.854016 976.511 417.84 0.876201 964.17 453.266 0.850008 898.932 450.439 0.823375 900.44 496.311 0.643335 890.522 533.581 0.615022 931.746 455.892 0.749002 913.682 500.22 0.68166 895.445 540.848 0.659115 901.641 366.214 0.335072 907.179 366.984 0.529283 0 0 0 922.825 364.133 0.66842 0
5 111 177 899.323 377.672 0.400312 916.318 385.024 0.912954 888.918 380.233 0.767236 864.747 402.412 0.7223 846.286 422.839 0.657402 944.355 390.426 0.836435 973.247 422.824 0.838978 961.99 458.051 0.809881 896.754 456.526 0.765137 898.916 504.998 0.560019 886.391 542.271 0.498667 928.704 461.33 0.751271 909.338 507.837 0.674283 887.182 548.674 0.723172 898.416 370.514 0.116793 904.643 371.846 0.424657 0 0 0 919.345 368.706 0.557612 0
5 111 178 895.193 380.641 0.343701 913.048 390.231 0.848249 886.745 385.677 0.84427 864.972 409.589 0.440367 848.028 433.054 0.452006 940.873 394.773 0.827062 969.984 426.954 0.842135 959.601 463.045 0.873712 896.313 459.787 0.732007 897.39 506.957 0.573084 882.367 550.209 0.4563 925.442 463.722 0.721869 904.559 507.62 0.694485 880.22 555.203 0.758793 895.192 374.815 0.140289 900.445 375.244 0.31222 0 0 0 914.453 372.51 0.529519 0
5 111 179 890.415 382.813 0.38352 909.994 395.673 0.836668 889.577 391.334 0.831821 874.119 416.314 0.805483 857.164 442.399 0.749913 931.314 400.203 0.779849 956.282 433.69 0.823128 948.723 468.489 0.803109 897.62 466.308 0.707125 897.819 513.907 0.514648 878.237 557.602 0.402602 919.132 470.018 0.715491 898.907 512.835 0.687567 873.914 561.071 0.768506 891.967 379.115 0.21328 895.227 377.426 0.371076 0 0 0 909.243 376.422 0.548418 0
5 111 180 886.066 385.418 0.257713 906.727 401.961 0.819139 886.755 396.985 0.79426 871.953 419.365 0.667419 854.334 445.431 0.705243 927.182 405.638 0.789442 952.361 438.916 0.781736 945.017 474.135 0.738133 895.014 471.752 0.660119 895.641 518.91 0.639077 874.329 561.083 0.732947 915.002 475.445 0.660913 894.779 517.607 0.344679 869.355 564.985 0.231181 888.743 383.415 0.204369 890.44 379.594 0.243473 0 0 0 903.818 380.328 0.38285 0
5 111 181 882.146 388.678 0.1 903.031 407.392 0.690559 883.702 401.981 0.609646 868.709 423.707 0.30101 851.72 448.911 0.358484 923.481 411.291 0.726221 948.652 444.777 0.781361 940.875 480.442 0.714193 891.087 477.41 0.49734 891.288 521.297 0.399394 871.297 562.395 0.396631 910.873 481.743 0.539529 891.087 522.171 0.614647 865.878 568.243 0.645122 0 0 0 886.295 383.056 0.1 0 0 0 898.386 384.244 0.147965 0
5 111 182 877.81 391.72 0.1 899.763 413.262 0.67612 881.086 407.848 0.425905 864.362 430.878 0.191363 851.72 449.562 0.269173 920.006 418.033 0.582 943.673 451.724 0.639126 935.222 487.183 0.6257 885.882 483.275 0.325969 886.431 523.402 0.213301 868.544 562.767 0.199891 906.308 487.409 0.450764 888.255 525.656 0.577054 864.141 569.555 0.569829 0 0 0 882.605 386.526 0.1 0 0 0 893.821 388.379 0.1 0
5 111 183 874.119 395.2 0.140051 896.494 419.136 0.825842 878.034 412.857 0.766398 860.452 437.835 0.803995 851.945 458.256 0.810565 916.744 425.215 0.807426 934.121 461.295 0.397984 923.056 492.396 0.412647 879.806 488.049 0.697862 881.06 525.433 0.112776 865.87 563.056 0.1 901.092 493.28 0.657854 885.211 528.471 0.645236 863.909 569.125 0.578717 0 0 0 878.898 389.356 0.219925 913.661 395.222 0.272108 888.819 392.29 0.776477 0
5 111 184 871.075 400.191 0.428935 893.233 424.787 0.757843 874.566 418.515 0.643598 857.407 443.697 0.607363 851.952 458.477 0.600522 913.913 431.73 0.735553 929.77 468.041 0.810446 916.316 498.485 0.772442 874.799 494.131 0.466318 874.967 528.482 0.344979 863.479 563.494 0.30099 897.169 500.016 0.566026 880.868 533.248 0.565822 862.608 570 0.482951 0 0 0 875.422 394.355 0.461125 0 0 0 884.255 396.21 0.637324 0
5 111 185 866.291 403.901 0.20223 889.976 430.644 0.776164 871.297 423.732 0.640776 854.804 448.487 0.661699 853.473 458.489 0.696676 910.437 437.824 0.740287 924.787 474.361 0.679831 909.139 505.433 0.603016 869.353 502.171 0.514968 866.929 538.056 0.186376 860.114 564.141 0.189944 891.946 508.921 0.554472 877.164 544.547 0.448869 862.826 582.397 0.44064 0 0 0 870.205 398.701 0.237448 0 0 0 879.044 400.768 0.452593 0
5 111 186 861.944 407.967 0.275585 886.283 435.427 0.690515 867.388 427.637 0.62519 849.16 448.711 0.481328 846.966 454.139 0.41265 906.521 443.269 0.691492 919.789 480.893 0.52249 901.972 511.943 0.440535 862.831 506.083 0.423918 859.53 538.494 0.1 854.241 565.888 0.1 886.726 514.354 0.432938 873.908 548.237 0.331587 863.373 588.381 0.409998 0 0 0 865.78 403.405 0.345454 0 0 0 874.921 405.978 0.593293 0
5 111 187 858.036 412.387 0.114295 882.373 440.424 0.647077 862.615 431.76 0.425944 843.505 448.488 0.205851 841.527 447.84 0.105126 901.746 448.715 0.597736 915.216 487.64 0.341495 894.792 518.465 0.214652 855.873 508.262 0.29525 851.064 538.929 0.1 847.058 569.367 0.1 882.168 517.834 0.290973 871.946 551.492 0.178792 863.59 588.598 0.299718 0 0 0 862.377 408.464 0.143017 0 0 0 871.125 411.299 0.457181 0
5 111 188 854.121 418.908 0.166428 877.595 444.991 0.711766 852.83 435.67 0.576925 829.578 448.704 0.353575 834.323 443.451 0.139026 903.473 454.361 0.695978 920.007 492.643 0.70377 894.802 525.193 0.569535 847.171 508.701 0.451298 839.107 538.94 0.120562 838.571 574.148 0.129809 881.304 519.57 0.495968 870.648 552.799 0.238275 864.454 588.383 0.144615 868.623 416.747 0.0731301 858.686 414.984 0.1796 0 0 0 868.084 417.814 0.411179 0
5 111 189 848.907 424.792 0.240728 872.813 449.347 0.743579 847.61 440.443 0.740672 826.102 454.131 0.373756 827.118 439.062 0.18204 899.131 459.8 0.801157 914.79 499.598 0.790984 887.622 531.725 0.694804 841.517 510.651 0.557124 830.418 540.026 0.256292 829.661 579.576 0.1 877.386 522.61 0.620819 868.681 554.766 0.350294 864.665 588.165 0.163901 0 0 0 853.904 421.717 0.243139 0 0 0 864.603 424.34 0.456013 0
5 111 190 843.69 430.443 0.286729 867.593 454.578 0.75722 842.183 446.096 0.652768 822.834 461.741 0.282772 819.914 434.673 0.128162 893.92 465.877 0.774574 909.137 505.905 0.796107 880.45 537.589 0.665281 836.307 513.907 0.500706 821.955 546.105 0.40731 819.446 586.965 0.462898 872.601 526.297 0.567581 865.426 558.684 0.171432 863.795 591.867 0.1 0 0 0 848.702 427.158 0.336754 0 0 0 860.467 430.427 0.546372 0
5 111 191 838.894 436.533 0.311812 862.172 459.35 0.867125 836.75 450.226 0.788812 820.662 464.568 0.543237 812.709 430.283 0.321995 888.699 470.866 0.813084 903.909 511.344 0.851444 874.789 543.024 0.753543 832.163 516.737 0.6725 814.429 551.39 0.703029 809.803 594.862 0.782509 868.468 529.555 0.76262 862.386 563.896 0.55988 861.184 601.213 0.285301 0 0 0 843.694 432.815 0.356183 0 0 0 856.334 436.506 0.574346 0
5 111 192 833.458 443.485 0.503696 856.74 462.384 0.823262 831.316 452.173 0.643819 817.398 464.566 0.352909 0 0 0 882.832 474.128 0.822487 903.243 513.736 0.734546 874.56 549.766 0.508065 828.026 518.692 0.64558 807.609 555.654 0.73213 800.755 602.398 0.785867 865.209 531.301 0.596083 860.222 569.125 0.636807 858.361 610.775 0.455325 833.476 432.375 0.0966684 838.696 440.64 0.541525 0 0 0 852.851 443.465 0.70311 0
5 111 193 826.939 448.273 0.635892 851.097 465.869 0.744465 826.095 455.215 0.620513 813.696 467.616 0.203731 0 0 0 876.537 477.827 0.757578 897.585 518.507 0.809169 869.117 554.983 0.703955 824.116 521.303 0.547158 801.088 557.611 0.665588 792.499 609.348 0.69016 861.076 534.339 0.514905 859.346 572.819 0.364243 856.191 619.247 0.286576 825.732 443.095 0.253493 832.176 445.208 0.598232 0 0 0 847.629 448.677 0.615522 0
5 111 194 820.423 453.705 0.402057 845.444 468.916 0.789557 820.238 456.948 0.721508 809.347 470.658 0.193823 0 0 0 871.095 481.955 0.780703 892.356 523.49 0.800663 864.329 558.909 0.735916 820.419 521.957 0.672449 796.083 554.133 0.737468 786.094 615.429 0.743952 857.387 535.212 0.619928 856.084 571.074 0.454807 852.263 616.852 0.134273 821.305 447.163 0.156526 826.516 450.857 0.431123 0 0 0 842.626 453.897 0.443108 0
5 111 195 814.343 458.698 0.329211 840.224 473.038 0.809652 814.797 460.212 0.64637 803.476 473.921 0.204273 0 0 0 865.869 486.512 0.802387 887.141 527.188 0.817082 859.98 563.26 0.75961 815.862 527.178 0.65554 790.871 559.135 0.811043 781.536 620.21 0.795149 852.824 540.21 0.654742 851.964 578.899 0.711143 847.591 618.479 0.756607 816.878 451.231 0.1 821.083 455.206 0.363404 0 0 0 837.84 458.464 0.608507 0
5 111 196 808.685 463.479 0.288741 835.216 476.744 0.698563 809.577 463.689 0.570331 797.828 477.843 0.152981 0 0 0 861.083 491.283 0.713638 881.93 530.655 0.725251 855.849 567.169 0.698825 810.423 533.915 0.617593 786.301 564.78 0.714345 778.288 623.897 0.818941 847.384 547.164 0.546143 846.532 587.818 0.638476 841.513 626.515 0.689368 812.452 455.298 0.149414 815.212 459.133 0.299575 813.902 446.148 0.10856 832.835 462.594 0.428143 0
5 111 197 804.341 468.259 0.3605 830.65 480.214 0.746156 804.137 465.432 0.582215 791.089 481.978 0.344402 0 0 0 856.304 495.212 0.767394 878.012 533.697 0.741765 852.585 570.654 0.791717 803.903 540.219 0.572448 782.396 569.987 0.698889 776.56 626.287 0.812652 840.856 553.904 0.624972 840.008 594.993 0.522613 835.21 634.337 0.627353 808.025 459.366 0.116682 811.718 463.697 0.347988 809.596 450.05 0.1 828.696 466.288 0.551633 0
5 111 198 800.64 473.243 0.330072 825.866 483.047 0.689815 799.355 466.304 0.491669 784.57 485.451 0.280994 782.597 483.288 0.0714036 851.737 499.556 0.729284 873.672 536.957 0.738661 849.329 574.129 0.723549 798.257 546.96 0.51612 777.826 574.335 0.710933 775.251 627.598 0.782547 834.995 562.17 0.584722 830.01 597.601 0.324451 825.659 641.291 0.232419 803.896 463.274 0.105174 807.592 468.047 0.357833 805.291 453.952 0.1 823.697 469.333 0.588739 0
5 111 199 795.441 477.154 0.327637 821.732 485.651 0.665616 794.355 468.041 0.474954 777.61 487.186 0.315193 0 0 0 848.03 502.603 0.726515 869.551 540.205 0.846874 846.5 577.611 0.723757 793.475 557.176 0.543038 773.683 586.953 0.644591 774.304 631.367 0.740914 830.647 571.308 0.613303 822.829 610.862 0.284992 816.862 646.069 0.181933 798.682 466.973 0.1 803.019 471.534 0.35645 800.985 457.855 0.1 819.13 472.379 0.491686 0
5 111 200 790.881 481.507 0.278121 816.727 488.913 0.749555 788.271 470.859 0.55873 770.216 491.094 0.455178 753.992 500.67 0.169438 843.678 506.075 0.730465 866.08 543.025 0.828754 843.675 580.877 0.682334 788.259 565.214 0.563055 770.189 596.956 0.509084 773.291 636.949 0.618746 825.433 578.912 0.596282 815.446 617.604 0.268665 809.908 646.723 0.157148 793.248 471.098 0.1 798.038 476.309 0.303472 796.68 461.757 0.1 815.216 476.085 0.523799 0
5 111 201 785.011 484.989 0.345999 811.72 493.483 0.790744 782.622 476.296 0.681828 762.395 498.049 0.707022 745.326 511.374 0.608399 839.332 509.988 0.760703 862.83 545.641 0.755319 841.948 584.571 0.731653 783.695 573.908 0.565523 768.247 607.183 0.484936 772.189 645.209 0.573978 820.216 586.519 0.582397 806.511 625.647 0.355404 799.043 653.907 0.221345 786.724 475.013 0.217208 792.386 479.567 0.345017 792.374 465.659 0.112868 809.789 479.558 0.514057 0
5 111 202 779.79 489.121 0.259804 806.505 498.483 0.747041 776.966 481.52 0.562135 754.789 504.126 0.626208 736.661 522.078 0.697814 835.413 514.339 0.702194 859.998 548.907 0.662816 840.208 588.054 0.665306 779.775 580.867 0.354911 766.947 618.914 0.243823 770.227 654.562 0.297085 815.871 592.174 0.408937 797.819 632.825 0.269602 789.685 660.869 0.182991 781.279 480.012 0.103083 787.17 483.909 0.250568 0 0 0 805.442 484.347 0.436942 0
5 111 203 775.649 493.684 0.440348 801.283 503.474 0.775891 770.881 486.947 0.596518 746.752 510.648 0.680176 727.996 532.782 0.627285 830.858 518.909 0.750019 857.389 552.396 0.796569 838.463 592.825 0.818169 774.994 585.212 0.571431 765.213 624.131 0.329291 768.485 661.304 0.1 812.167 595.656 0.583158 791.085 638.048 0.355798 780.772 666.089 0.1 776.278 485.022 0.128478 782.386 487.825 0.44534 0 0 0 801.525 489.344 0.605148 0
5 111 204 771.73 499.777 0.437849 796.06 508.266 0.825624 764.793 491.735 0.703122 739.568 517.38 0.711053 719.33 543.486 0.702198 826.308 523.912 0.755458 854.131 556.519 0.822477 836.934 597.383 0.801099 769.984 589.998 0.495907 763.704 634.348 0.120384 765.223 671.093 0.1 807.82 600.432 0.486885 784.548 642.394 0.232433 771.418 674.572 0.137784 771.71 491.037 0.205615 778.255 494.35 0.448962 0 0 0 798.04 495.427 0.607794 0
5 111 205 767.821 507.392 0.519527 790.838 513.475 0.817709 758.698 496.301 0.674507 732.818 524.106 0.796222 711.063 553.701 0.798404 822.177 529.133 0.80954 850.656 561.304 0.823812 834.766 602.169 0.863406 765 594.128 0.64304 762.617 643.703 0.414067 761.738 680.45 0.16056 803.691 603.902 0.643387 778.251 646.087 0.593351 763.155 682.185 0.28176 767.36 497.199 0.244262 774.555 502.388 0.489492 0 0 0 795.208 502.819 0.624814 0
5 111 206 764.772 514.356 0.531087 785.195 519.563 0.768106 752.399 503.041 0.623178 725.868 531.278 0.756057 704.126 562.4 0.805383 818.267 535.432 0.759132 847.178 566.519 0.792094 833.021 607.821 0.838549 760.649 598.694 0.631304 760.874 652.616 0.279459 758.034 689.798 0.131998 799.133 608.247 0.681552 772.81 651.96 0.538984 755.111 689.581 0.229133 764.095 504.141 0.191458 771.303 509.345 0.538762 0 0 0 792.159 510.211 0.698247 0
5 111 207 759.775 521.101 0.489537 779.988 526.726 0.853414 746.735 510.649 0.774488 718.914 539.108 0.797943 697.174 571.531 0.81122 814.576 541.735 0.771775 843.059 572.172 0.805882 831.073 614.555 0.740508 756.514 604.343 0.644427 759.134 663.052 0.31448 754.552 698.055 0.229177 795.65 612.161 0.597017 771.292 663.045 0.628011 750.898 697.92 0.56873 759.319 510.888 0.283326 766.737 516.085 0.471458 0 0 0 788.681 518.03 0.581599 0
5 111 208 756.941 528.715 0.346386 774.989 533.68 0.8515 741.292 517.395 0.753789 713.048 546.502 0.790981 690.882 580.006 0.756397 810.236 548.264 0.769046 839.349 578.483 0.803682 828.034 621.073 0.816513 752.379 604.566 0.626741 758.054 663.481 0.358283 751.144 703.2 0.173898 791.099 613.033 0.70365 768.903 661.959 0.670373 746.509 704.373 0.298595 755.851 518.706 0.218472 764.345 524.346 0.330267 753.281 514.539 0.09409 786.296 526.938 0.561988 0
5 111 209 753.678 537.194 0.411298 771.065 540.637 0.862889 736.508 523.92 0.746257 707.827 553.465 0.785353 685.24 588.041 0.791238 806.116 555.45 0.80142 835.216 585.447 0.791361 824.57 628.465 0.751694 747.812 607.397 0.638377 754.805 664.786 0.510369 747.809 705.233 0.20509 787.183 616.295 0.662105 765.199 666.095 0.646157 741.943 708.941 0.251641 752.579 526.318 0.293122 761.94 532.827 0.339984 749.307 520.965 0.220513 783.465 535.407 0.517185 0
5 111 210 749.991 544.369 0.526786 766.726 547.159 0.747303 731.509 530.222 0.786367 702.827 560.416 0.743166 680.244 594.996 0.758229 802.42 562.408 0.693686 830.435 592.398 0.57495 821.081 635.206 0.48483 743.253 611.099 0.546232 748.716 665.874 0.337808 744.443 704.258 0.151137 782.836 620.863 0.503216 762.386 670.003 0.494458 740.325 707.723 0.211788 749.103 533.484 0.469005 758.467 540.002 0.500282 744.841 526.89 0.57196 780.849 542.805 0.363666 0
5 111 211 746.517 551.321 0.393557 762.374 553.677 0.785166 726.724 535.44 0.723427 698.261 566.505 0.729419 676.548 600.643 0.777617 798.725 570.021 0.680948 825.229 600.22 0.497653 816.081 643.026 0.544177 736.742 616.532 0.441431 740.671 666.098 0.366043 741.076 703.283 0.101559 777.827 627.818 0.413009 759.564 673.701 0.300706 738.707 706.505 0.1 745.842 539.58 0.255085 755.422 546.966 0.32878 740.375 532.815 0.104101 777.581 549.981 0.533755 0
5 111 212 743.261 558.711 0.533886 758.682 561.508 0.832689 722.585 541.537 0.758546 694.343 573.457 0.801982 673.294 605.852 0.759929 796.11 579.579 0.682054 815.016 614.353 0.671372 802.402 650.199 0.613878 730.005 626.099 0.50266 733.278 671.857 0.506519 737.71 702.307 0.1 771.96 639.554 0.521434 755.868 678.811 0.258454 737.088 705.287 0.1 742.382 546.74 0.462558 753.244 555.219 0.518396 735.909 538.74 0.34362 774.549 557.808 0.565787 0
5 111 213 739.351 566.104 0.450619 754.987 568.461 0.844016 718.026 546.963 0.75768 690.657 578.459 0.737947 670.675 609.541 0.790114 792.623 588.493 0.702434 805.67 627.841 0.61793 790.018 657.162 0.531427 726.096 630.875 0.506923 725.229 673.806 0.252663 734.343 701.332 0.10961 768.476 645.214 0.462029 752.826 682.51 0.359497 735.47 704.07 0.136051 738.69 553.481 0.314231 749.766 562.395 0.388089 731.443 544.665 0.266706 771.081 565.857 0.577979 0
5 111 214 736.312 574.363 0.313451 750.653 574.986 0.784254 713.461 552.184 0.755244 686.749 584.34 0.689224 668.501 613.248 0.716314 789.146 596.101 0.710221 798.493 638.714 0.643478 782.844 666.948 0.586964 720.88 635.004 0.489871 716.758 675.326 0.23225 733.702 696.513 0.0682028 763.91 651.09 0.480802 751.517 684.902 0.399662 741.479 714.14 0.080261 735.422 561.518 0.205368 746.286 569.9 0.242502 727.954 550.751 0.185853 768.043 573.474 0.453876 0
5 111 215 730.878 582.19 0.406556 746.741 582.591 0.785348 709.11 558.261 0.768939 682.84 591.955 0.697162 666.858 615.966 0.715052 785.653 604.358 0.74673 788.925 652.414 0.639049 768.938 672.168 0.539058 714.368 645.22 0.393574 707.742 678.807 0.119226 702.397 692.577 0.0813865 759.34 661.751 0.392759 748.422 687.964 0.210828 741.526 714.142 0.0710551 729.986 568.7 0.193439 741.286 578.164 0.390518 722.955 557.491 0.1 763.488 581.311 0.621509 0
5 111 216 725.884 589.578 0.382556 742.817 588.9 0.799435 704.771 563.689 0.682195 679.131 597.83 0.45883 665.332 618.149 0.529784 780.651 611.312 0.708798 783.695 659.807 0.515396 757.413 676.735 0.349168 709.584 649.572 0.264463 698.835 682.722 0.1 0 0 0 754.345 666.97 0.257973 745.327 691.026 0.1 0 0 0 725.849 576.413 0.368175 738.025 586.213 0.395319 717.967 563.795 0.217742 759.781 588.493 0.564399 0
5 111 217 721.156 597.855 0.274812 738.485 595.719 0.687084 700.21 569.093 0.600671 675.12 604.031 0.531146 664.881 619.382 0.636924 776.535 619.557 0.588785 775.085 671.682 0.329171 743.099 682.31 0.119911 703.592 656.288 0.320169 689.592 686.733 0.266519 0 0 0 749.382 675.023 0.232457 742.231 694.089 0.11626 0 0 0 721.641 584.274 0.23033 733.983 594.466 0.279075 713.517 570.105 0.219593 755.574 596.1 0.47719 0
5 111 218 716.429 606.133 0.253741 734.153 602.537 0.717761 695.649 574.497 0.759473 671.11 610.233 0.540291 664.43 620.615 0.486634 772.419 627.802 0.599854 766.475 683.556 0.377073 728.786 687.886 0.222561 697.599 663.003 0.272475 680.349 690.745 0.338221 680.787 684.771 0.0704091 744.418 683.076 0.247688 739.136 697.151 0.154441 0 0 0 717.434 592.135 0.175601 729.941 602.719 0.1 709.067 576.414 0.364149 751.368 603.708 0.440593 0
5 111 219 711.701 614.411 0.208842 729.82 609.356 0.705342 691.089 579.9 0.559914 667.099 616.434 0.229823 663.979 621.849 0.1 768.303 636.047 0.630427 757.865 695.43 0.390489 714.472 693.461 0.199309 691.607 669.719 0.176212 671.106 694.757 0.1 0 0 0 739.455 691.129 0.142937 0 0 0 0 0 0 713.227 599.996 0.179254 725.899 610.972 0.234762 704.617 582.724 0.291027 747.162 611.315 0.457342 0
5 111 220 706.974 622.689 0.119853 725.488 616.174 0.51513 686.528 585.304 0.470355 663.088 622.635 0.253647 663.528 623.082 0.214664 764.187 644.292 0.448029 749.256 707.304 0.275346 700.159 699.036 0.153984 685.614 676.434 0.304031 661.863 698.768 0.242878 0 0 0 734.492 699.181 0.230328 708.247 714.146 0.088048 0 0 0 709.02 607.858 0.1 721.857 619.225 0.1 700.166 589.033 0.180764 742.955 618.923 0.277891 0
5 111 221 696.562 626.113 0.173632 714.173 626.085 0.508389 678.971 602.563 0.39313 647.661 637.813 0.197347 661.25 620.25 0.153652 753.28 647.579 0.459405 770.866 678.913 0.265384 723.876 694.555 0.226571 671.104 714.134 0.261218 0 0 0 0 0 0 723.872 714.163 0.228886 0 0 0 0 0 0 696.489 612.389 0.170432 710.252 618.316 0.163718 690.638 598.725 0.164703 741.463 624.147 0.291268 0
