0 111 28 0 0 0 174.663 580.593 0.7691 237.547 572.27 0.763602 318.908 648.694 0.79169 325.654 715.719 0.295861 112.311 588.467 0.767828 85.1739 684.258 0.636431 75.5274 729.393 0.12736 223.702 720.525 0.137395 0 0 0 0 0 0 142.519 719.367 0.134264 0 0 0 0 0 0 0 0 0 0 0 0 200.612 518.654 0.536879 131.881 524.66 0.438629 0
0 111 29 0 0 0 176.104 572.185 0.839812 238.368 564.311 0.76744 319.176 641.191 0.787786 325.656 711.249 0.451974 114.558 579.341 0.736052 87.8457 676.887 0.676238 82.1793 720.448 0.15292 225.656 717.194 0.140315 0 0 0 0 0 0 144.443 717.144 0.134057 0 0 0 0 0 0 0 0 0 0 0 0 202.146 510.572 0.61828 134.457 516.32 0.395698 0
0 111 30 0 0 0 177.546 563.777 0.794808 239.189 556.352 0.78481 319.443 633.688 0.831374 325.658 706.78 0.459604 116.805 570.215 0.761701 90.5174 669.516 0.622642 88.8312 711.503 0.215619 227.61 713.863 0.188795 0 0 0 0 0 0 146.368 714.92 0.182433 0 0 0 0 0 0 0 0 0 0 0 0 203.68 502.49 0.566068 137.034 507.979 0.51016 0
0 111 31 0 0 0 178.988 555.369 0.840912 240.01 548.393 0.767608 319.71 626.186 0.803369 325.66 702.311 0.558115 119.053 561.088 0.738456 93.1892 662.145 0.605779 95.4831 702.558 0.310618 229.565 710.533 0.243897 0 0 0 0 0 0 148.292 712.697 0.221762 0 0 0 0 0 0 0 0 0 0 0 0 205.215 494.408 0.571956 139.611 499.639 0.514452 0
0 111 32 0 0 0 180.43 546.961 0.80835 240.831 540.434 0.764272 319.977 618.683 0.759468 325.662 697.841 0.28071 121.3 551.962 0.746138 95.861 654.774 0.45592 102.135 693.613 0.218599 231.519 707.202 0.249139 0 0 0 0 0 0 150.217 710.473 0.252266 0 0 0 0 0 0 0 0 0 0 0 0 206.749 486.325 0.620614 142.188 491.299 0.463409 0
0 111 33 0 0 0 182.181 539.125 0.852772 242.142 532.818 0.764409 319.758 609.998 0.749436 326.972 688.918 0.453073 123.269 543.27 0.735258 98.4687 644.561 0.62606 105.834 685.777 0.549021 233.047 702.851 0.399627 0 0 0 0 0 0 152.176 706.553 0.410811 0 0 0 0 0 0 0 0 0 0 0 0 209.135 478.496 0.579438 145.224 483.26 0.510322 0
0 111 34 0 0 0 183.916 531.729 0.779948 243.66 525.21 0.797051 319.757 602.386 0.754399 329.364 679.353 0.543259 125.231 535.436 0.720911 101.725 640.205 0.780224 110.025 677.398 0.1 234.569 698.713 0.343184 0 0 0 0 0 0 154.133 702.633 0.314076 0 0 0 0 0 0 0 0 0 0 0 0 211.302 471.33 0.571482 148.055 475.661 0.561076 0
0 111 35 0 0 0 185.876 524.127 0.805577 245.401 518.26 0.765293 319.973 595.418 0.73979 331.752 670.769 0.357019 127.621 527.834 0.732492 105.205 636.502 0.538107 114.703 668.478 0.108369 236.519 694.362 0.398158 0 0 0 0 0 0 156.09 698.716 0.392042 0 0 0 0 0 0 0 0 0 0 0 0 213.695 464.376 0.610348 151.319 468.702 0.477975 0
0 111 36 0 0 0 188.054 517.167 0.813131 247.152 511.519 0.804668 320.186 587.813 0.728495 334.147 662.074 0.577684 130.88 520.016 0.750197 109.114 631.943 0.682655 118.998 659.016 0.625098 239.346 691.314 0.4746 0 0 0 0 0 0 158.697 696.101 0.495951 0 0 0 0 0 0 0 0 0 0 0 0 216.3 457.633 0.573373 155.012 461.527 0.450862 0
0 111 37 0 0 0 190.88 510.426 0.855018 249.12 505.425 0.759099 320.192 580.639 0.73735 336.972 651.637 0.666863 134.358 513.052 0.775566 112.598 619.337 0.582292 123.999 649.012 0.412486 241.733 687.399 0.506143 0 0 0 0 0 0 161.953 692.184 0.50192 0 0 0 0 0 0 0 0 0 0 0 0 218.913 451.764 0.619197 158.924 455.009 0.489621 0
0 111 38 0 0 0 194.136 504.771 0.841431 251.518 499.344 0.749767 320.629 574.12 0.756909 340.67 642.077 0.498176 137.623 507.604 0.765784 116.288 613.25 0.376832 128.137 640.755 0.1 243.69 683.044 0.515589 0 0 0 0 0 0 165.211 686.314 0.518835 0 0 0 0 0 0 0 0 0 0 0 0 222.604 446.33 0.638289 162.832 449.147 0.446157 0
0 111 39 0 0 0 197.612 498.69 0.815243 254.567 494.138 0.802378 320.63 568.034 0.658506 345.448 632.508 0.1 141.967 501.081 0.726555 120.419 600.867 0.603142 130.317 634.122 0.1 244.57 674.132 0.538808 0 0 0 0 0 0 168.044 677.395 0.501816 0 0 0 0 0 0 0 0 0 0 0 0 226.295 441.546 0.625592 166.963 443.925 0.410879 0
0 111 40 0 0 0 201.302 493.47 0.819962 257.824 489.354 0.796815 320.849 561.735 0.748655 349.787 622.293 0.727695 145.678 495.859 0.758224 124.98 590.43 0.63592 130.532 629.124 0.1 246.527 666.737 0.487079 0 0 0 0 0 0 172.175 668.486 0.452401 0 0 0 0 0 0 0 0 0 0 0 0 229.778 436.758 0.61849 171.53 439.357 0.415066 0
0 111 41 0 0 0 204.568 489.122 0.800833 260.871 484.568 0.764646 321.719 556.3 0.804576 352.398 613.818 0.687213 149.591 491.731 0.78703 129.977 586.735 0.319493 134.665 624.12 0.182225 249.788 660.869 0.473707 0 0 0 0 0 0 176.093 662.832 0.473523 0 0 0 0 0 0 0 0 0 0 0 0 233.685 432.186 0.626155 175.876 434.581 0.47101 0
0 111 42 0 0 0 208.468 484.135 0.839423 264.562 480.006 0.749017 323.461 551.296 0.7339 354.995 608.612 0.505755 154.362 486.953 0.756609 134.763 581.731 0.453208 139.447 619.333 0.217087 253.488 654.564 0.50256 0 0 0 0 0 0 180.449 656.526 0.516732 0 0 0 0 0 0 0 0 0 0 0 0 237.383 428.061 0.628538 179.583 430.457 0.524509 0
0 111 43 0 0 0 212.382 478.917 0.846602 267.829 475.011 0.788896 325.202 546.067 0.703856 357.176 603.177 0.597494 159.362 481.735 0.817544 139.764 571.085 0.634782 144.174 613.582 0.54756 257.619 645.65 0.556286 252.371 714.198 0.0806326 0 0 0 185.881 647.835 0.561217 193.684 714.198 0.0780327 0 0 0 0 0 0 0 0 0 241.09 423.488 0.620312 184.363 425.887 0.504112 0
0 111 44 0 0 0 216.305 473.488 0.829148 271.097 469.792 0.791822 326.73 539.771 0.748439 357.827 602.192 0.686601 164.361 476.512 0.811091 144.555 559.568 0.591483 149.284 607.278 0.423388 261.099 636.084 0.570021 264.521 708.375 0.115345 0 0 0 191.102 638.485 0.548118 200.128 714.229 0.104661 0 0 0 0 0 0 0 0 0 244.791 418.697 0.595051 189.351 420.885 0.476334 0
0 111 45 0 0 0 220.652 468.062 0.789326 274.573 464.36 0.782669 328.475 533.907 0.728889 359.783 596.317 0.703857 168.921 471.289 0.777003 149.556 548.702 0.589338 154.772 600.864 0.491025 264.14 624.778 0.55018 267.412 702.697 0.145062 0 0 0 196.54 626.966 0.568649 206.292 707.957 0.213705 0 0 0 0 0 0 0 0 0 248.275 413.913 0.626827 193.917 415.666 0.521591 0
0 111 46 0 0 0 224.781 462.63 0.866687 278.266 458.495 0.77983 330.438 528.254 0.750556 362.608 590.013 0.677246 173.697 466.077 0.771321 154.775 542.183 0.665862 159.774 594.99 0.664599 268.268 614.335 0.589729 270.304 697.019 0.378911 277.89 714.215 0.0532834 201.974 616.749 0.559707 212.456 701.685 0.419217 0 0 0 0 0 0 0 0 0 252.4 408.695 0.616181 197.83 410.665 0.462005 0
0 111 47 0 0 0 228.484 456.55 0.825354 282.172 453.044 0.727452 333.042 521.739 0.762823 365.647 583.488 0.653626 178.264 460.433 0.804382 159.791 537.402 0.638766 164.778 589.557 0.539159 272.62 605.641 0.563693 273.196 691.34 0.580694 0 0 0 207.197 608.704 0.590085 218.62 695.413 0.589042 209.391 714.194 0.0504093 0 0 0 0 0 0 255.668 403.245 0.592284 201.532 405.232 0.437491 0
0 111 48 0 0 0 232.392 451.103 0.796996 285.436 446.95 0.79204 336.077 515.434 0.684822 368.041 575.885 0.563455 182.181 455.004 0.748533 164.795 533.697 0.562948 170.206 583.909 0.340115 277.183 598.685 0.603052 276.087 685.662 0.695132 0 0 0 212.416 602.402 0.61543 224.785 689.141 0.733178 0 0 0 0 0 0 0 0 0 258.931 397.156 0.645591 205.227 399.805 0.499498 0
0 111 49 0 0 0 236.521 445.234 0.841476 288.919 440.656 0.80488 339.33 509.985 0.831452 371.522 569.137 0.746016 186.949 449.353 0.760053 169.154 527.176 0.523265 174.995 577.604 0.263532 280.883 591.072 0.596181 279.554 679.354 0.66954 273.967 714.216 0.0547163 217.408 595.008 0.59085 230.873 682.181 0.687486 226.984 714.204 0.0573206 0 0 0 0 0 0 262.619 391.721 0.669666 209.352 394.585 0.489424 0
0 111 50 0 0 0 240.443 439.792 0.841879 292.615 435.22 0.792919 342.379 504.55 0.748135 375.654 563.479 0.755712 191.515 444.131 0.74794 173.936 520.655 0.534497 179.573 571.947 0.416036 284.365 584.553 0.615647 281.295 673.474 0.636815 274.024 714.214 0.0564127 222.396 588.266 0.610479 237.171 675.434 0.622509 227.057 714.197 0.0673925 0 0 0 0 0 0 266.1 386.515 0.692503 212.84 390.006 0.512865 0
0 111 51 0 0 0 244.147 434.788 0.843497 295.88 430.005 0.802263 345.858 500.202 0.744933 379.793 557.166 0.651524 195.645 439.773 0.776309 178.723 515.655 0.5223 183.711 566.085 0.41789 287.622 578.899 0.603408 282.386 672.165 0.640398 272.058 714.215 0.0578259 226.959 582.397 0.610469 244.135 669.779 0.640774 240.742 714.203 0.0502276 0 0 0 0 0 0 269.58 381.509 0.63278 216.967 385.219 0.597163 0
0 111 52 0 0 0 248.058 430.013 0.828584 299.36 425.65 0.746583 349.346 495.863 0.73623 384.141 551.729 0.563282 199.776 435.214 0.777166 183.28 511.086 0.525485 188.491 561.509 0.422337 290.874 575.208 0.610328 283.904 670.642 0.693449 272.012 714.216 0.0557273 230.879 578.697 0.589322 251.525 667.604 0.703194 0 0 0 0 0 0 0 0 0 273.055 376.95 0.552707 220.663 381.094 0.602344 0
0 111 53 0 0 0 252.405 426.303 0.806663 303.058 421.956 0.777332 353.034 492.165 0.753953 389.795 541.523 0.755182 204.342 430.66 0.776055 188.05 506.526 0.652421 192.611 557.374 0.736519 294.35 570.428 0.598002 289.328 663.914 0.633231 271.939 717.162 0.149293 235.649 573.911 0.594414 257.391 661.951 0.709522 261.129 707.668 0.168495 0 0 0 0 0 0 276.741 373.041 0.600625 224.366 377.609 0.517256 0
0 111 54 0 0 0 256.322 422.809 0.848602 306.745 418.266 0.841261 356.515 488.892 0.734784 394.363 536.747 0.731258 208.903 426.959 0.808757 192.184 502.393 0.659044 196.086 553.89 0.727633 298.042 566.947 0.582101 295.201 658.483 0.580519 274.778 714.187 0.175443 239.784 570.426 0.602819 264.57 660.43 0.587688 267.264 702.877 0.187752 0 0 0 0 0 0 281.085 369.568 0.578897 228.281 374.575 0.593838 0
0 111 55 0 0 0 260.028 418.901 0.838293 310.004 415.006 0.811735 359.779 485.409 0.778255 398.065 533.484 0.747415 213.473 423.044 0.745765 196.32 497.169 0.531823 199.782 549.113 0.479931 300.869 561.734 0.595197 299.552 651.966 0.426198 277.617 711.212 0.103048 243.488 565.204 0.596833 268.923 653.037 0.418884 273.399 698.086 0.1 0 0 0 0 0 0 284.78 366.298 0.569541 233.065 371.319 0.517907 0
0 111 56 0 0 0 264.802 415.421 0.816949 313.702 411.752 0.80824 363.045 482.796 0.78175 401.756 529.571 0.708499 218.683 419.13 0.728263 201.308 490.858 0.604011 204.341 544.108 0.635557 304.346 556.734 0.593398 303.685 646.529 0.517675 280.456 708.238 0.13545 248.27 559.773 0.571126 274.133 646.079 0.472413 279.534 693.295 0.1 0 0 0 0 0 0 288.909 363.26 0.510901 238.072 368.266 0.432508 0
0 111 57 0 0 0 269.363 412.161 0.873655 317.614 408.936 0.854328 366.529 479.969 0.809865 405.456 526.962 0.813779 223.47 415.857 0.813718 205.865 485.644 0.664526 208.257 539.538 0.728509 308.048 553.258 0.626647 307.178 643.263 0.479349 283.295 705.263 0.36299 253.044 555.859 0.62377 278.702 640.643 0.510516 285.669 688.504 0.237852 0 0 0 0 0 0 293.047 360.653 0.621333 242.856 365.215 0.508256 0
0 111 58 0 0 0 273.277 409.116 0.874836 321.306 406.103 0.820812 370.232 476.717 0.835896 408.5 524.579 0.830265 227.605 412.602 0.810443 210.43 482.604 0.655748 213.037 535.191 0.708425 312.179 550.654 0.603586 311.746 640.215 0.476824 286.566 702.648 0.1 257.176 553.035 0.639045 283.048 636.943 0.569729 290.892 686.322 0.180403 0 0 0 0 0 0 297.608 357.615 0.624814 247.21 362.165 0.440593 0
0 111 59 0 0 0 277.402 405.212 0.823316 325.002 402.843 0.80415 373.712 472.594 0.759384 411.542 520.886 0.799549 232.6 408.26 0.755292 215.423 478.037 0.709281 218.019 529.977 0.708769 316.302 544.354 0.606591 317.185 633.047 0.526072 290.692 698.952 0.293985 261.095 547.165 0.658653 286.529 630.641 0.584049 295.022 682.842 0.401334 0 0 0 0 0 0 301.945 354.345 0.687854 252.2 358.474 0.356565 0
0 111 60 0 0 0 281.971 401.306 0.815367 329.125 399.359 0.788931 377.196 468.033 0.750955 414.788 517.63 0.765061 237.599 403.696 0.775613 220.42 472.606 0.65766 223.018 524.323 0.692073 320.006 537.831 0.622244 324.139 623.052 0.410431 295.671 693.949 0.30406 265.656 540.643 0.618602 289.566 623.253 0.552839 298.208 681.169 0.359088 0 0 0 0 0 0 306.077 350.867 0.633507 257.417 354.774 0.487421 0
0 111 61 0 0 0 286.328 397.389 0.880765 333.03 395.449 0.854152 381.319 463.678 0.79295 417.615 516.761 0.778215 242.384 399.56 0.816659 225.206 467.391 0.682394 228.021 518.238 0.661345 323.71 531.53 0.614692 330.879 613.932 0.447306 299.81 689.161 0.300174 270.21 534.127 0.627249 291.311 615.858 0.518053 300.456 681.536 0.254856 0 0 0 0 0 0 310.203 347.381 0.672223 262.633 350.642 0.549934 0
0 111 62 0 0 0 290.453 392.403 0.859701 336.723 390.663 0.795767 385.454 458.893 0.809679 420.44 515.014 0.750273 247.385 394.774 0.792489 230.206 462.387 0.67083 233.47 511.727 0.536849 327.41 526.309 0.591066 334.361 609.139 0.511812 306.109 683.938 0.444539 273.913 528.911 0.589806 294.139 611.299 0.550945 301.969 683.934 0.350741 0 0 0 0 0 0 314.99 343.036 0.70597 267.849 345.861 0.441727 0
0 111 63 0 0 0 295.009 387.199 0.820639 340.425 385.877 0.794838 389.36 453.25 0.734322 423.043 509.564 0.747334 252.387 389.564 0.767665 235.417 456.735 0.665202 239.125 504.783 0.739409 331.327 520.664 0.641375 337.188 604.781 0.704199 313.276 680.021 0.676015 277.819 523.473 0.661637 295.223 603.48 0.750393 303.932 680.889 0.635464 0 0 0 0 0 0 319.34 338.252 0.572272 273.277 340.628 0.481328 0
0 111 64 0 0 0 300.209 382.843 0.869556 345.426 381.743 0.805359 394.781 448.26 0.796694 426.084 504.13 0.739155 257.168 384.79 0.810819 240.849 454.349 0.703038 246.734 499.784 0.675121 335.894 516.971 0.675276 342.401 599.572 0.746023 321.752 676.977 0.680654 282.375 519.787 0.657695 298.482 601.089 0.763364 304.373 682.63 0.677843 0 0 0 0 0 0 324.555 333.91 0.586652 278.698 336.058 0.429808 0
0 111 65 0 0 0 304.349 378.71 0.86217 349.562 377.398 0.794826 399.128 442.828 0.762325 427.82 504.561 0.471416 261.952 380.437 0.787637 245.851 450.011 0.600312 253.256 494.568 0.454156 340.455 511.977 0.634567 348.269 592.832 0.729324 330.671 673.277 0.692371 286.077 515.654 0.684717 300.437 597.826 0.751909 304.586 683.072 0.676358 0 0 0 0 0 0 329.344 329.56 0.610512 283.912 331.706 0.336018 0
0 111 66 0 0 0 308.917 374.794 0.834815 353.692 373.044 0.827716 404.336 438.475 0.717151 431.082 498.694 0.545196 267.155 376.525 0.732758 251.084 446.968 0.520711 260.226 489.576 0.40673 345.228 506.76 0.615778 355.226 584.141 0.718233 341.538 664.152 0.810312 289.775 511.303 0.702141 302.388 594.345 0.812072 304.583 684.588 0.784164 0 0 0 0 0 0 334.339 325 0.634637 289.344 326.932 0.426315 0
0 111 67 0 0 0 313.926 370.663 0.851803 358.48 368.92 0.811455 409.111 433.906 0.770217 435.421 493.908 0.785739 272.376 372.608 0.804701 256.518 442.835 0.559552 266.747 485.014 0.354451 349.568 501.543 0.654739 361.322 575.671 0.705223 351.963 657.622 0.778203 293.689 506.297 0.67086 304.558 590.86 0.748054 304.813 683.504 0.726339 0 0 0 0 0 0 338.909 321.089 0.660565 295.201 322.598 0.321181 0
0 111 68 0 0 0 319.137 366.96 0.881521 363.468 365.228 0.845603 414.103 429.999 0.766993 439.336 489.561 0.491719 277.809 368.688 0.773318 261.744 438.709 0.427709 273.491 480.239 0.20204 353.71 498.064 0.650772 366.966 570.015 0.751275 361.536 651.311 0.776954 298.471 503.041 0.66335 307.383 588.473 0.771166 305.044 683.5 0.803101 0 0 0 0 0 0 344.347 317.402 0.564209 300.856 318.692 0.434023 0
0 111 69 0 0 0 324.349 363.688 0.835413 368.034 361.969 0.802203 418.02 426.304 0.647458 442.825 485.202 0.573807 283.033 365.209 0.768255 266.96 435.668 0.43967 280.443 476.761 0.272184 358.908 494.804 0.621353 372.182 565.443 0.675096 370.457 646.737 0.828715 302.817 500.432 0.700209 309.574 585.863 0.786143 305.481 683.716 0.843609 0 0 0 0 0 0 349.782 314.135 0.5998 306.505 315.215 0.455854 0
0 111 70 0 0 0 329.778 360.431 0.807492 373.255 358.926 0.751236 422.152 423.044 0.752044 446.52 478.466 0.382438 288.9 361.744 0.787928 272.395 432.411 0.414794 286.529 473.493 0.198798 364.122 491.971 0.659418 377.406 560.439 0.732282 379.146 641.952 0.817316 307.821 497.814 0.70033 312.828 582.821 0.786276 306.126 683.277 0.830747 0 0 0 0 0 0 356.083 310.872 0.666474 311.946 311.945 0.301969 0
0 111 71 0 0 0 335.653 358.247 0.822472 378.484 356.752 0.778875 426.496 420.44 0.783723 450.43 473.691 0.816966 294.558 359.345 0.747295 277.835 429.589 0.317189 291.747 471.098 0.180005 369.991 489.369 0.656282 382.412 556.745 0.678326 386.32 638.041 0.802551 313.261 494.779 0.653051 316.525 579.552 0.756189 307.212 681.311 0.803236 0 0 0 0 0 0 362.165 308.471 0.649179 317.389 309.551 0.237303 0
0 111 72 0 0 0 341.525 356.287 0.846653 384.563 354.801 0.835529 431.279 418.484 0.805646 454.784 472.18 0.776813 300.219 357.378 0.82135 283.287 427.195 0.481664 297.185 468.919 0.269383 375.212 486.11 0.634533 388.065 552.193 0.704434 391.969 634.773 0.829709 319.343 491.303 0.69015 320.87 575.628 0.775348 308.722 676.952 0.804981 0 0 0 0 0 0 367.601 306.516 0.644309 323.692 307.603 0.401516 0
0 111 73 0 0 0 346.758 353.036 0.842316 389.778 351.764 0.774419 434.764 415.873 0.811387 458.916 470.67 0.859735 306.527 354.121 0.794684 289.156 421.756 0.357183 301.096 465.439 0.160741 380.43 481.332 0.636176 393.062 548.71 0.730273 395.649 632.373 0.827152 325.208 486.521 0.68759 326.303 570.411 0.7896 311.761 670.208 0.797933 0 0 0 0 0 0 373.031 304.339 0.692859 329.147 304.998 0.345483 0
0 111 74 0 0 0 352.619 350.203 0.876624 394.992 349.152 0.820074 439.114 413.482 0.784754 464.352 463.94 0.858292 312.391 351.08 0.786569 294.811 418.277 0.516876 305.445 461.967 0.301988 385.859 477.639 0.623895 397.42 546.321 0.777517 397.592 630.633 0.855111 331.07 482.172 0.658997 332.608 565.194 0.781806 316.536 662.381 0.754748 0 0 0 0 0 0 378.681 301.728 0.678584 335.226 302.176 0.45726 0
0 111 75 0 0 0 358.483 346.94 0.845404 400.211 346.539 0.795133 442.605 410.232 0.829404 469.122 463.492 0.784999 318.484 347.594 0.81387 300.463 412.833 0.633848 309.781 458.267 0.461824 391.086 473.505 0.645586 401.108 544.146 0.8037 398.894 630.628 0.889119 337.593 477.173 0.704312 339.567 559.332 0.84479 321.967 653.469 0.708701 0 0 0 0 0 0 384.553 299.114 0.61613 341.738 299.352 0.434038 0
0 111 76 399.167 305.28 0.125942 363.925 343.897 0.861511 405.647 344.14 0.776921 446.307 407.626 0.809461 472.817 461.317 0.85414 324.787 343.893 0.789795 306.326 408.486 0.632562 314.342 454.778 0.453562 396.533 468.939 0.69988 404.586 542.401 0.739506 399.121 630.418 0.853277 344.11 472.606 0.686503 346.744 553.897 0.810176 329.135 645.637 0.793555 397.184 299.317 0.172531 0 0 0 390.637 296.279 0.655401 347.179 296.3 0.20082 0
0 111 77 0 0 0 369.795 341.288 0.844091 410.88 341.524 0.794249 450.658 405.436 0.730835 476.724 459.144 0.827003 330.225 341.069 0.7792 311.98 405.221 0.653379 318.478 451.082 0.545647 402.392 465.452 0.658129 407.644 541.102 0.7728 399.329 630.854 0.851718 349.774 468.257 0.718923 354.135 548.679 0.805776 337.823 636.731 0.760627 0 0 0 0 0 0 395.867 293.229 0.65204 352.402 293.464 0.320529 0
0 111 78 0 0 0 375.229 337.817 0.80207 416.316 338.036 0.79383 455.435 402.178 0.735839 481.292 457.197 0.816542 335.663 337.81 0.780674 317.625 401.311 0.697131 322.822 447.164 0.574458 407.623 461.103 0.664656 410.046 539.153 0.752567 399.547 630.424 0.822079 356.292 463.256 0.689195 362.597 543.241 0.798591 347.811 628.476 0.745147 0 0 0 0 0 0 400.871 289.549 0.655735 357.835 289.998 0.387499 0
0 111 79 0 0 0 380.451 334.344 0.855232 421.317 334.561 0.765838 459.564 398.492 0.784741 486.289 455.022 0.821741 341.52 334.329 0.751225 323.491 397.604 0.748043 327.381 443.477 0.775438 412.633 456.321 0.693467 412.217 537.416 0.819243 399.764 629.77 0.810737 361.952 458.259 0.701942 370.432 538.239 0.785106 358.466 621.739 0.766778 0 0 0 0 0 0 405.662 286.081 0.611134 363.048 286.746 0.295606 0
0 111 80 0 0 0 385.667 330.648 0.834312 426.522 330.858 0.8388 463.485 395 0.827838 491.293 452.19 0.821325 346.954 330.424 0.758471 328.932 393.256 0.704677 332.588 439.992 0.709733 416.977 451.754 0.658325 414.594 535.894 0.845836 399.988 628.898 0.837073 367.387 453.474 0.726038 379.12 534.548 0.855957 368.579 616.527 0.808564 0 0 0 0 0 0 410.009 282.395 0.695841 368.054 283.276 0.48251 0
0 111 81 0 0 0 390.67 327.376 0.786215 431.091 327.375 0.778507 468.268 391.958 0.733895 496.505 449.14 0.850258 351.957 326.949 0.769238 334.139 389.991 0.681151 338.021 436.51 0.607847 421.321 448.496 0.671207 416.334 535.017 0.81248 399.996 628.254 0.791643 372.173 450.004 0.677574 388.036 531.513 0.791147 378.156 613.059 0.8153 0 0 0 0 0 0 415.01 278.916 0.533307 371.972 280.018 0.41535 0
0 111 82 0 0 0 395.877 324.974 0.867339 435.875 324.764 0.785856 473.047 388.912 0.774472 501.72 445.443 0.811151 357.171 324.543 0.762193 338.924 386.517 0.702923 342.373 433.247 0.609663 426.093 445.235 0.678285 418.071 533.279 0.764082 401.635 624.022 0.763976 377.174 446.526 0.689429 396.076 529.341 0.829738 388.805 607.412 0.629482 0 0 0 0 0 0 419.799 275.871 0.600865 376.748 277.614 0.318251 0
0 111 83 0 0 0 400.664 322.154 0.87511 440.875 321.937 0.807264 477.611 386.085 0.790028 507.375 441.967 0.859914 362.187 321.718 0.807581 343.922 383.252 0.715244 346.935 430.194 0.745654 430.226 441.753 0.673213 420.023 530.667 0.764457 404.896 616.415 0.674382 382.183 442.838 0.681488 403.466 526.303 0.735734 399.243 601.974 0.550085 0 0 0 0 0 0 424.366 273.055 0.588744 381.092 275.432 0.371486 0
0 111 84 0 0 0 405.452 319.771 0.812376 445.658 319.117 0.809044 482.613 383.254 0.796189 512.816 437.626 0.823859 366.762 319.553 0.776192 348.914 380.651 0.661884 351.281 426.938 0.653463 434.782 438.707 0.650649 422.417 528.701 0.668693 408.375 608.153 0.607654 387.39 439.791 0.638923 410.421 523.908 0.627251 409.246 597.409 0.1 0 0 0 0 0 0 428.707 270.883 0.533381 384.803 273.899 0.329439 0
0 111 85 0 0 0 410.65 317.377 0.859402 450.001 316.511 0.773075 487.617 380.209 0.791906 518.271 433.279 0.822787 371.977 317.171 0.81107 353.916 377.825 0.624126 355.414 423.899 0.338415 439.335 435.011 0.649931 425.897 523.917 0.631308 408.807 606.193 0.692831 392.39 436.097 0.638906 416.291 518.918 0.619697 417.717 591.108 0.460571 0 0 0 0 0 0 433.271 268.932 0.533662 389.802 272.163 0.430435 0
0 111 86 0 0 0 414.793 314.99 0.862017 454.772 314.121 0.771855 492.616 377.392 0.797995 525.002 430.012 0.899087 376.978 315.215 0.775696 358.913 375.647 0.699869 360.187 421.935 0.719157 443.687 432.191 0.683128 431.111 519.355 0.685623 412.943 597.927 0.1 397.385 433.703 0.667073 421.514 515.001 0.654686 424.673 585.885 0.260592 0 0 0 0 0 0 438.041 266.98 0.552546 394.799 270.213 0.497516 0
0 111 87 0 0 0 419.578 313.242 0.813929 459.337 312.175 0.816885 497.611 375.432 0.756225 531.077 426.757 0.838096 381.984 313.264 0.803328 363.915 373.675 0.715169 364.542 419.113 0.70204 447.595 429.806 0.693289 436.536 515.87 0.675365 416.205 591.834 0.113295 401.525 431.096 0.673519 425.649 511.3 0.62324 429.911 580.449 0.590022 0 0 0 0 0 0 443.032 265.448 0.607212 399.587 268.476 0.478189 0
0 111 88 0 0 0 424.574 311.281 0.815451 463.692 310.213 0.818199 502.61 373.471 0.798781 536.734 423.271 0.833396 386.773 311.513 0.79177 368.916 371.286 0.70597 369.761 415.856 0.645237 451.932 426.545 0.684421 443.062 511.731 0.566459 420.98 585.099 0.141661 406.087 427.836 0.681125 430.415 506.958 0.616404 433.605 574.357 0.652649 0 0 0 0 0 0 448.028 263.699 0.626856 404.807 266.513 0.502436 0
0 111 89 0 0 0 429.138 309.322 0.874873 468.476 308.262 0.787665 507.608 370.438 0.834355 542.597 418.929 0.825415 391.775 309.553 0.783441 374.131 368.679 0.75768 374.984 412.383 0.846264 456.724 423.717 0.695544 450.242 506.731 0.545466 426.626 577.713 0.597601 411.07 425.217 0.70292 433.68 501.962 0.624134 437.625 567.617 0.686641 0 0 0 0 0 0 453.024 261.961 0.571045 410.228 264.76 0.535412 0
0 111 90 0 0 0 434.351 306.287 0.856062 473.252 305.442 0.816311 511.748 367.172 0.795311 548.034 415.244 0.853554 397.638 306.306 0.787982 379.563 364.77 0.736852 380.198 408.255 0.754777 461.287 418.72 0.690128 458.279 499.774 0.678825 433.572 569.238 0.475918 415.642 420.218 0.725632 436.073 496.303 0.655852 441.96 560.658 0.595188 0 0 0 0 0 0 458.023 259.352 0.673935 416.522 261.721 0.310939 0
0 111 91 0 0 0 439.348 303.26 0.857899 477.39 302.616 0.877103 516.529 364.127 0.80035 553.249 411.534 0.869481 402.852 303.485 0.791551 385.428 362.161 0.756647 386.942 404.342 0.712493 465.429 415.023 0.683663 465.683 494.119 0.693652 439.551 564.554 0.532457 419.782 416.525 0.672764 438.26 491.31 0.678233 443.92 558.706 0.507459 0 0 0 0 0 0 462.592 256.528 0.635372 422.166 258.477 0.392014 0
0 111 92 0 0 0 444.134 300.643 0.871739 481.952 299.795 0.788984 521.308 360.869 0.843577 558.686 408.045 0.82029 408.067 300.883 0.750066 391.087 359.988 0.605831 393.799 400.646 0.607456 470.221 412.626 0.678832 473.074 489.56 0.76868 444.987 563.693 0.697815 424.548 414.127 0.691733 440.217 488.052 0.753623 444.57 558.704 0.583975 0 0 0 0 0 0 467.805 253.915 0.634193 427.398 255.231 0.337494 0
0 111 93 0 0 0 449.352 297.38 0.850328 486.948 297.184 0.801932 525.442 357.392 0.836502 563.906 405.005 0.806779 414.36 297.187 0.798102 397.171 356.51 0.757345 400.768 397.158 0.730318 474.786 409.15 0.732436 481.338 484.13 0.739372 451.729 563.255 0.724947 428.475 410.44 0.736109 442.174 483.932 0.787452 445 558.275 0.687984 0 0 0 0 0 0 473.029 250.438 0.656404 433.69 251.109 0.372551 0
0 111 94 0 0 0 454.364 294.125 0.838596 491.525 294.14 0.831419 529.999 353.921 0.792942 569.106 401.746 0.86701 419.79 294.352 0.743766 403.265 354.121 0.653687 408.053 393.566 0.538864 479.361 406.975 0.738522 489.81 481.084 0.751546 463.688 556.959 0.778672 432.611 407.829 0.74143 445 482.182 0.82326 445.219 559.138 0.758859 0 0 0 0 0 0 478.036 246.743 0.676217 439.128 247.196 0.400317 0
0 111 95 0 0 0 460.009 291.082 0.865138 496.741 291.317 0.828217 534.355 350.235 0.791688 573.035 398.049 0.861649 425.238 291.308 0.750253 408.924 350.866 0.394195 415.224 390.079 0.179054 484.575 404.149 0.696762 496.978 477.82 0.743068 474.554 555.666 0.775169 437.599 404.57 0.691351 448.039 480.221 0.818695 445.43 559.788 0.775757 0 0 0 0 0 0 483.687 243.913 0.592693 444.779 243.931 0.277811 0
0 111 96 0 0 0 465.444 288.693 0.860659 501.746 289.136 0.785545 538.921 346.975 0.851634 577.827 394.557 0.823106 431.527 288.911 0.774349 415.233 348.483 0.259012 422.826 387.686 0.1 490.012 401.759 0.696233 504.8 473.911 0.737758 486.943 552.197 0.793661 442.388 402.185 0.707917 451.084 478.485 0.800368 445.863 560.223 0.815162 0 0 0 0 0 0 489.123 241.09 0.640194 450.639 241.312 0.326207 0
0 111 97 0 0 0 470.869 287.162 0.786658 506.741 287.61 0.805592 543.926 343.943 0.756238 582.817 391.085 0.840659 437.182 287.172 0.693549 421.114 347.184 0.347975 430 385.72 0.244332 495.873 400.678 0.698527 511.963 470.875 0.768948 498.903 548.72 0.867041 447.384 401.094 0.732653 453.274 477.613 0.798342 447.17 560.224 0.820628 0 0 0 0 0 0 494.343 239.139 0.617911 456.068 239.571 0.288474 0
0 111 98 0 0 0 476.523 285.855 0.82131 511.953 286.305 0.756019 549.149 341.983 0.769995 588.036 389.121 0.83857 443.043 285.871 0.733771 426.981 345.658 0.13337 436.951 383.756 0.1 501.299 399.157 0.64899 518.268 468.046 0.785712 510.198 544.806 0.760872 452.387 399.572 0.714261 456.105 477.17 0.812761 448.04 560.873 0.8035 0 0 0 0 0 0 499.779 237.394 0.597983 462.154 237.842 0.281016 0
0 111 99 0 0 0 481.964 285.203 0.807094 517.18 285.648 0.798496 555.011 340.245 0.847809 593.463 387.373 0.848408 449.123 285.425 0.768061 433.502 344.573 0.646923 444.13 382.878 0.482552 507.603 398.924 0.740152 524.575 466.526 0.775338 520.415 542.628 0.699669 458.036 399.136 0.745815 459.368 476.308 0.84079 449.133 560.87 0.809608 0 0 0 0 0 0 505.431 236.742 0.618543 467.815 237.404 0.406249 0
0 111 100 0 0 0 488.269 284.756 0.815499 523.691 284.997 0.797211 560.671 338.718 0.817886 598.904 385.636 0.834935 455.434 284.768 0.716021 439.38 343.046 0.435093 450.644 382.002 0.299662 513.913 398.483 0.68363 531.318 464.564 0.784423 529.986 540.031 0.718221 464.34 398.689 0.735274 463.06 474.776 0.838959 449.997 560.428 0.809492 0 0 0 0 0 0 511.729 236.525 0.585395 473.692 237.396 0.248381 0
0 111 101 0 0 0 495.012 283.891 0.882488 529.788 284.339 0.795089 566.548 337.411 0.813885 603.904 383.464 0.87344 462.377 283.89 0.815762 446.104 341.312 0.424769 457.048 381.35 0.19317 519.997 397.615 0.716522 539.133 461.731 0.798012 538.69 536.765 0.610634 470.437 397.599 0.703866 467.856 472.171 0.82737 451.082 557.601 0.811835 0 0 0 0 0 0 518.037 236.087 0.626304 480.651 237.165 0.231984 0
0 111 102 0 0 0 501.529 283.238 0.830553 536.525 283.466 0.803178 573.062 336.544 0.827589 608.906 380.429 0.842456 468.465 283.46 0.756751 452.409 340.653 0.44544 463.344 380.057 0.260687 526.525 397.392 0.724044 545.659 460.416 0.770539 545.863 534.378 0.79052 477.379 396.941 0.759478 473.937 469.989 0.80596 452.607 553.465 0.801874 0 0 0 0 0 0 524.78 236.086 0.660002 487.397 237.161 0.237317 0
0 111 103 0 0 0 508.477 282.595 0.863195 543.473 282.811 0.783849 579.364 336.101 0.793835 614.141 378.263 0.879179 475.209 282.808 0.761296 459.135 339.341 0.407159 469.538 378.873 0.23795 533.043 396.957 0.693703 551.105 458.465 0.742764 550.857 531.325 0.695662 484.122 395.856 0.721887 480.668 466.523 0.827285 455.869 547.165 0.837701 0 0 0 0 0 0 531.731 236.085 0.599589 494.355 237.161 0.186547 0
0 111 104 0 0 0 515.003 282.373 0.791316 549.778 282.163 0.772357 586.09 335.649 0.878059 620.223 376.53 0.841856 481.944 282.593 0.720619 466.074 340.21 0.475837 476.51 377.798 0.3943 539.784 396.303 0.724976 556.329 456.941 0.755141 553.036 529.359 0.783687 491.089 394.988 0.739346 487.854 463.266 0.81167 460.658 541.074 0.782304 0 0 0 0 0 0 538.262 235.65 0.530373 501.09 237.164 0.29198 0
0 111 105 0 0 0 521.959 281.072 0.843394 556.733 280.869 0.774971 592.402 334.777 0.829579 625.871 375.016 0.785625 488.908 281.285 0.745753 472.378 337.823 0.456359 481.946 375.846 0.318174 546.301 394.561 0.656836 561.116 455.639 0.720245 554.774 527.827 0.780453 498.257 393.019 0.722374 496.321 459.358 0.859182 467.174 534.112 0.823837 0 0 0 0 0 0 545.009 234.779 0.628053 508.056 236.286 0.229361 0
0 111 106 0 0 0 528.915 279.122 0.807311 563.689 279.126 0.796135 598.487 333.469 0.875102 631.968 373.719 0.831719 495.864 279.337 0.768679 479.32 334.789 0.622382 487.389 373.677 0.49398 552.619 392.165 0.727737 566.108 454.551 0.848226 555.432 527.173 0.772522 505.857 389.979 0.738171 505.019 455.652 0.818048 475.21 527.812 0.847027 0 0 0 0 0 0 551.746 233.036 0.655125 515.231 234.549 0.347006 0
0 111 107 0 0 0 535.437 276.958 0.875724 570.217 277.167 0.82911 604.778 331.739 0.846139 637.832 371.979 0.856611 502.395 277.587 0.768578 485.838 332.824 0.535206 492.835 370.867 0.423607 559.362 390.205 0.676312 570.888 453.69 0.782066 555.878 526.955 0.78365 513.042 387.596 0.71246 514.369 452.182 0.802376 485.211 521.952 0.861229 0 0 0 0 0 0 558.49 231.301 0.609703 522.401 232.597 0.263116 0
0 111 108 0 0 0 542.167 275.004 0.846362 576.953 275.211 0.753623 610.865 330.214 0.784582 643.068 370.027 0.824169 508.705 275.637 0.761608 491.708 331.084 0.388246 498.483 368.052 0.167291 565.238 388.914 0.664223 574.801 452.608 0.756988 556.539 524.999 0.817402 519.998 386.722 0.710936 524.803 449.568 0.847671 496.302 517.172 0.802784 0 0 0 0 0 0 565.019 229.563 0.551865 529.143 230.856 0.211934 0
0 111 109 0 0 0 548.251 272.616 0.848385 582.606 273.249 0.826078 616.508 328.479 0.82274 649.153 368.29 0.863355 515.006 273.248 0.768979 498.228 329.349 0.721416 504.141 365.233 0.725408 571.098 386.308 0.757807 578.492 451.309 0.773399 558.053 522.602 0.810412 526.939 384.118 0.712888 536.321 446.744 0.786342 509.351 512.164 0.792293 0 0 0 0 0 0 571.758 227.818 0.640966 536.096 228.897 0.25202 0
0 111 110 0 0 0 554.118 271.099 0.852482 588.687 271.732 0.791258 622.584 326.748 0.78258 655.45 366.337 0.820366 520.881 271.941 0.802882 503.674 328.693 0.764006 510.443 362.416 0.618694 577.176 383.911 0.700306 581.331 450.449 0.776057 559.347 521.507 0.77008 533.46 381.95 0.714251 547.187 445.211 0.817072 525.005 508.901 0.808855 0 0 0 0 0 0 578.055 226.52 0.621192 542.608 227.385 0.242184 0
0 111 111 0 0 0 559.991 269.579 0.8273 594.119 270.429 0.770179 628.017 325.217 0.803868 661.534 364.809 0.874172 527.189 270.416 0.777347 509.327 326.745 0.75942 515.663 360.239 0.617891 582.396 381.529 0.743067 584.37 449.16 0.791712 560.22 520.194 0.758209 539.341 380.215 0.734354 557.195 444.127 0.863358 540.654 507.386 0.722251 0 0 0 0 0 0 583.708 225.431 0.728861 548.691 226.3 0.258454 0
0 111 112 0 0 0 565.434 268.265 0.815275 599.341 269.347 0.794123 633.669 323.698 0.841618 668.26 363.494 0.821241 532.853 268.893 0.745499 514.773 325.448 0.565247 521.317 358.071 0.387173 587.828 378.923 0.647909 587.619 448.939 0.623121 561.517 518.676 0.581175 545.86 378.478 0.638661 566.552 443.911 0.622343 556.522 507.173 0.426504 0 0 0 0 0 0 589.792 224.343 0.651975 554.781 225.212 0.284817 0
0 111 113 0 0 0 571.518 266.961 0.824442 604.997 268.473 0.772836 639.104 322.407 0.837621 674.352 361.971 0.794086 539.151 267.157 0.759517 520.211 323.926 0.468772 526.093 356.114 0.293083 592.827 376.751 0.666967 591.088 448.512 0.681896 562.817 517.158 0.640336 551.943 376.739 0.68121 576.756 443.907 0.589487 572.389 507.397 0.442137 0 0 0 0 0 0 595.435 223.684 0.647366 561.296 224.328 0.270169 0
0 111 114 0 0 0 576.956 266.735 0.798719 610.221 268.252 0.757763 644.539 321.544 0.858425 680.869 360.023 0.835743 544.805 266.728 0.753481 526.288 325.666 0.553798 532.398 354.814 0.209554 598.266 376.537 0.707535 595.213 448.294 0.663714 564.128 515.433 0.678971 558.46 376.963 0.714063 585.899 444.566 0.657248 587.171 508.923 0.498049 0 0 0 0 0 0 601.078 223.691 0.667475 566.52 224.127 0.322948 0
0 111 115 0 0 0 582.404 266.738 0.804411 615.44 268.041 0.787431 649.979 321.324 0.852408 687.168 358.284 0.808774 550.671 266.934 0.733031 531.719 328.047 0.585384 538.05 353.736 0.456297 603.914 378.059 0.704809 600.005 449.377 0.687731 565.204 514.128 0.689029 564.126 379.137 0.654662 594.37 445.882 0.588356 592.388 510.005 0.320277 0 0 0 0 0 0 606.953 223.914 0.637931 571.959 224.342 0.253459 0
0 111 116 0 0 0 588.699 266.952 0.825438 620.877 268.049 0.780469 655.634 321.536 0.810794 693.261 356.771 0.845701 557.185 266.941 0.760442 538.024 331.092 0.460624 544.349 353.227 0.224578 609.348 380.45 0.679941 605.214 449.159 0.698952 568.244 512.386 0.656778 570.425 381.752 0.675226 602.84 445.224 0.550733 602.6 509.778 0.297309 0 0 0 0 0 0 612.612 224.127 0.656375 577.615 224.55 0.285346 0
0 111 117 0 0 0 594.352 267.16 0.788913 626.303 268.264 0.782274 661.285 321.327 0.858827 699.769 355.463 0.840736 563.278 267.153 0.737047 544.538 332.828 0.59124 550.221 352.218 0.27713 615.214 380.233 0.698034 611.946 448.724 0.739126 573.456 509.555 0.779264 576.936 381.542 0.661576 609.796 444.788 0.690898 609.342 508.042 0.502305 0 0 0 0 0 0 618.908 224.126 0.705745 583.918 224.328 0.373675 0
0 111 118 0 0 0 600.226 266.947 0.846913 631.965 268.045 0.842879 667.376 321.32 0.853563 705.63 354.163 0.819761 569.368 267.153 0.782853 550.408 332.823 0.619873 556.521 351.134 0.15075 621.298 381.312 0.698593 619.765 447.198 0.665791 579.332 506.298 0.653969 582.394 382.633 0.720811 615.232 443.7 0.542593 615.856 505.876 0.311643 0 0 0 0 0 0 624.347 223.477 0.673886 590.009 223.465 0.404753 0
0 111 119 0 0 0 606.521 266.507 0.829605 637.615 268.038 0.797024 672.819 321.305 0.810667 712.151 353.722 0.820967 575.883 266.288 0.776291 557.363 333.03 0.687853 562.524 350.102 0.103926 626.522 381.974 0.610721 627.584 445.025 0.326263 585.641 501.741 0.203765 588.048 383.716 0.617824 620.236 441.742 0.304044 618.689 502.625 0.167532 0 0 0 0 0 0 630.226 222.392 0.635788 596.526 222.163 0.328428 0
0 111 120 0 0 0 612.391 265.856 0.811462 643.051 267.821 0.781434 679.128 321.101 0.847107 718.669 353.932 0.808909 582.405 265.411 0.768505 564.976 333.679 0.735066 568.527 349.069 0.1 631.954 383.277 0.606425 633.453 445.672 0.358673 593.243 497.836 0.332451 593.918 384.8 0.64994 626.104 438.914 0.287493 621.842 499.792 0.154014 0 0 0 0 0 0 636.735 221.087 0.673958 603.048 220.859 0.373386 0
0 111 121 0 0 0 618.906 264.981 0.825081 648.698 266.947 0.813037 685.211 320.88 0.827808 725.19 353.933 0.84835 589.351 263.674 0.758972 572.317 333.247 0.676493 574.53 348.036 0.1 636.959 383.927 0.647266 643.234 441.543 0.479223 602.382 494.793 0.245488 599.143 385.234 0.700911 629.589 436.951 0.457763 623.797 498.046 0.180769 0 0 0 0 0 0 642.61 219.782 0.652955 610.43 219.338 0.371818 0
0 111 122 0 0 0 624.775 263.678 0.789509 653.911 265.85 0.763389 690.649 320.433 0.843349 731.694 354.147 0.9012 595.657 262.148 0.712972 579.658 332.815 0.523548 580.532 347.003 0.296283 642.388 383.927 0.670546 653.672 437.405 0.587082 613.045 490.874 0.485762 603.935 384.802 0.681751 631.768 434.784 0.535066 623.808 496.093 0.341722 0 0 0 0 0 0 649.131 218.045 0.703451 617.603 217.394 0.243508 0
0 111 123 0 0 0 630.86 260.86 0.8063 659.334 264.322 0.754799 696.942 320.201 0.863099 737.789 355.004 0.81201 602.615 258.884 0.761785 586.999 332.383 0.533237 608.496 361.895 0.05527 647.171 382.612 0.601795 663.244 431.973 0.393498 625.219 487.166 0.461668 608.499 383.057 0.649463 633.514 432.815 0.304863 623.165 494.137 0.251418 0 0 0 0 0 0 655.878 216.076 0.570785 625.418 214.344 0.209492 0
0 111 124 0 0 0 637.157 258.247 0.809741 664.553 262.588 0.757713 703.035 319.542 0.811669 744.308 356.079 0.835876 609.143 255.632 0.733488 594.339 331.951 0.142166 0 0 0 651.308 379.997 0.609748 672.159 425.022 0.179459 639.364 484.552 0.184952 613.282 380.012 0.618096 636.12 429.77 0.156848 630.357 492.182 0.1 0 0 0 0 0 0 662.394 214.117 0.67819 633.243 211.522 0.188914 0
0 111 125 0 0 0 642.809 255.642 0.789443 669.771 261.054 0.77073 708.479 318.674 0.871696 750.619 356.72 0.807355 615.443 252.59 0.709664 0 0 0 0 0 0 655.648 376.296 0.681011 680.854 419.808 0.672589 652.84 481.944 0.612647 617.415 376.087 0.689912 637.856 428.461 0.63092 630.582 490.441 0.647185 0 0 0 0 0 0 669.125 212.376 0.656765 640.209 209.135 0.150316 0
0 111 126 686.742 213.255 0.0657116 648.253 253.688 0.807813 674.788 259.528 0.793147 714.568 318.232 0.839381 757.356 357.592 0.808434 621.962 249.774 0.677532 0 0 0 0 0 0 659.999 374.547 0.67944 688.035 415.46 0.659739 664.584 480.204 0.657346 621.767 373.9 0.699041 639.592 426.292 0.723202 632.548 489.78 0.74729 683.455 206.106 0.133221 0 0 0 675.431 210.845 0.709073 647.162 206.97 0.128144 0
0 111 127 0 0 0 654.118 252.379 0.739293 679.79 258.444 0.808624 720.442 317.809 0.814139 764.111 359.113 0.767973 628.046 247.821 0.697838 0 0 0 0 0 0 663.924 373.035 0.705846 693.905 413.494 0.744617 675.883 479.552 0.740171 626.321 372.161 0.706633 641.539 424.996 0.806481 632.991 489.78 0.756102 689.492 205.776 0.1 0 0 0 682.165 209.756 0.660593 654.106 205.873 0.191955 0
0 111 128 698.527 211.288 0.0739109 659.554 251.294 0.769822 685.215 257.146 0.76825 725.883 317.382 0.853913 770.42 360.205 0.822499 633.707 246.518 0.728459 0 0 0 0 0 0 668.489 371.072 0.692605 699.348 411.756 0.748941 687.193 479.544 0.763851 630.67 369.56 0.744038 643.278 423.919 0.786023 634.294 490.865 0.738854 695.529 205.447 0.138627 0 0 0 688.474 209.313 0.66559 660.417 205.425 0.111171 0
0 111 129 0 0 0 664.983 251.071 0.801351 690.444 256.288 0.806872 731.317 317.369 0.814222 777.163 361.301 0.836244 639.14 246.304 0.717162 0 0 0 0 0 0 673.475 368.674 0.718073 706.529 407.182 0.754953 697.624 478.235 0.715061 634.579 366.737 0.749628 643.715 423.487 0.775205 634.628 490.869 0.787738 701.408 205.444 0.1 0 0 0 694.572 209.533 0.785976 666.285 205.415 0.179565 0
0 111 130 0 0 0 670.416 251.501 0.779195 696.74 256.293 0.85867 736.976 317.59 0.835096 783.039 362.82 0.788881 644.147 247.394 0.729207 0 0 0 0 0 0 678.475 367.586 0.739438 710.654 407.183 0.79812 705.669 477.148 0.774176 638.702 365.432 0.719733 646.098 422.618 0.785166 634.419 490.872 0.753006 706.971 206.094 0.1 0 0 0 701.087 210.619 0.688231 671.941 205.855 0.156078 0
0 111 131 716.094 211.381 0.0814323 676.07 251.935 0.776171 702.827 256.521 0.796172 743.714 318.898 0.851007 789.356 365.21 0.894948 649.585 248.05 0.721669 0 0 0 0 0 0 682.618 367.142 0.703423 714.996 407.621 0.796856 712.397 477.376 0.685016 643.256 364.774 0.715105 649.135 421.103 0.761378 635.057 490.429 0.764596 712.534 206.744 0.15934 0 0 0 708.044 212.149 0.732733 677.818 206.505 0.162943 0
0 111 132 0 0 0 682.152 253.45 0.824353 709.566 256.752 0.843271 749.374 319.339 0.800101 795.227 366.738 0.837007 654.794 250.005 0.689923 0 0 0 0 0 0 687.826 367.372 0.675971 718.907 409.576 0.792204 716.305 478.47 0.635052 647.6 365.001 0.74453 652.176 419.801 0.744184 635.269 489.782 0.75032 0 0 0 0 0 0 714.784 213.885 0.669928 683.905 208.243 0.169534 0
0 111 133 727.816 224.908 0.0594476 687.815 254.752 0.816065 716.31 257.404 0.825297 755.237 320.433 0.848338 800.442 368.703 0.897594 660.227 251.524 0.728067 634.516 316.787 0.296284 647.068 336.837 0.104371 692.603 367.385 0.682617 722.593 410.879 0.771234 719.549 477.17 0.678955 651.298 365 0.716221 654.78 418.286 0.763261 635.698 488.691 0.774855 0 0 0 0 0 0 721.956 215.629 0.663899 690.317 209.442 0.169901 0
0 111 134 0 0 0 694.123 256.049 0.827477 723.474 258.07 0.814828 761.532 321.953 0.839121 805.429 371.308 0.843415 665.879 253.035 0.752327 638.699 315.54 0.170284 652.602 336.639 0.1 696.744 367.392 0.684314 726.07 411.737 0.718629 721.72 476.516 0.634091 655.205 364.79 0.70534 656.955 417.202 0.740384 636.564 487.176 0.776637 0 0 0 0 0 0 729.136 217.367 0.645155 697.275 210.313 0.139108 1
0 111 135 0 0 0 700.856 256.491 0.815093 730.428 258.729 0.776967 767.178 324.12 0.801348 809.779 373.916 0.776702 671.748 253.678 0.734723 642.883 314.294 0.390509 658.137 336.441 0.108381 700.43 366.741 0.697574 729.332 412.168 0.74776 723.012 476.738 0.683839 658.688 363.282 0.688577 658.915 416.326 0.787943 637.425 485.225 0.697903 0 0 0 0 0 0 736.964 219.109 0.580727 704.661 211.182 0.13951 1
0 111 136 0 0 0 706.947 257.15 0.839911 737.373 260.032 0.808428 772.4 326.294 0.835241 813.476 376.959 0.769795 678.058 253.681 0.770876 647.066 313.047 0.72664 663.671 336.244 0.1 703.687 366.52 0.65793 732.816 411.742 0.728758 723.226 476.738 0.664128 661.515 362.192 0.696913 660.656 416.319 0.726871 637.637 483.911 0.704866 0 0 0 0 0 0 744.37 220.858 0.543 711.849 211.625 0.130552 1
0 111 137 761.105 234.802 0.0920943 713.698 257.364 0.830761 743.475 260.901 0.790104 777.401 328.031 0.771243 816.74 380.211 0.809091 685.015 252.817 0.735563 651.535 311.932 0.62423 669.205 336.046 0.1 706.293 365.655 0.659352 736.298 411.511 0.768932 723 476.523 0.711799 664.983 360.442 0.698036 662.39 415.874 0.746153 637.638 481.521 0.690811 0 0 0 0 0 0 752.186 222.603 0.630589 719.67 212.074 0.1 1
0 111 138 0 0 0 720.439 257.365 0.818497 750.206 262.196 0.772656 782.179 330.424 0.779305 819.135 383.682 0.834759 692.184 251.521 0.732027 655.8 309.363 0.638881 674.739 335.848 0.160627 708.264 364.795 0.676784 739.56 411.303 0.783213 722.143 476.528 0.774677 668.235 359.349 0.670004 664.126 415.43 0.762087 637.852 479.565 0.737395 0 0 0 0 0 0 760.009 224.127 0.638299 728.006 212.447 0.174398 1
0 111 139 0 0 0 726.965 257.157 0.845578 755.869 263.279 0.787287 786.951 333.463 0.879346 821.523 386.954 0.818768 699.138 250.212 0.702865 660.064 306.793 0.561755 680.273 335.65 0.140681 710.217 363.491 0.673281 741.958 411.296 0.790584 721.921 476.307 0.698431 671.273 357.605 0.655091 665.642 414.774 0.736639 637.848 477.175 0.693841 0 0 0 0 0 0 767.408 225.431 0.590033 735.76 212.953 0.1362 1
0 111 140 0 0 0 733.692 256.948 0.805345 762.168 264.586 0.766726 790.43 335.641 0.797753 822.829 389.351 0.727084 705.873 248.688 0.688185 664.329 304.224 0.337686 673.079 334.597 0.067815 711.732 361.979 0.705827 743.049 411.075 0.744968 721.919 476.086 0.701505 673.229 355.65 0.657208 667.166 414.113 0.71722 638.066 475.004 0.693864 0 0 0 0 0 0 774.365 226.518 0.635135 743.588 213.39 0.143114 1
0 111 141 790.504 240.527 0.0948027 739.135 256.736 0.828635 767.177 266.087 0.73494 793.903 338.031 0.791572 824.348 393.258 0.768734 712.179 247.165 0.70862 676.966 299.345 0.0671199 0 0 0 712.181 360.242 0.707926 744.571 410.413 0.750041 722.999 474.778 0.715632 674.973 353.039 0.671294 669.111 412.166 0.733299 639.359 471.95 0.698457 0 0 0 0 0 0 780.884 227.83 0.573826 750.555 214.253 0.108018 1
0 111 142 796.347 240.649 0.0701661 744.778 256.531 0.80806 772.177 267.392 0.777948 796.942 340.629 0.763749 825.225 396.52 0.812383 718.485 245.65 0.72329 0 0 0 0 0 0 712.621 358.714 0.706755 745.879 409.977 0.779246 723.006 474.338 0.68997 676.493 350.653 0.661762 671.945 409.55 0.653189 640.667 468.9 0.683035 0 0 0 0 0 0 786.752 229.347 0.562132 757.041 215.082 0.1 1
0 111 143 0 0 0 750.211 256.528 0.771154 776.108 268.691 0.773074 799.344 343.02 0.797316 826.535 399.998 0.745532 724.351 244.132 0.726914 0 0 0 0 0 0 713.487 357.41 0.706622 747.19 409.547 0.743676 722.581 473.904 0.729106 677.805 348.262 0.683325 675.212 406.073 0.719851 643.274 466.07 0.719141 0 0 0 0 0 0 792.185 230.872 0.501746 763.047 215.878 0.1 1
0 111 144 810.015 241.307 0.109702 754.992 256.74 0.832386 780.234 269.995 0.785198 801.312 344.54 0.847051 827.406 402.826 0.808975 729.135 243.262 0.761741 0 0 0 0 0 0 714.582 356.979 0.729579 748.496 409.327 0.763643 722.586 473.254 0.745459 678.671 347.606 0.676347 678.463 402.824 0.640706 645.888 464.548 0.695679 806.435 233.801 0.136781 0 0 0 796.963 232.4 0.595001 768.263 216.528 0.129165 1
0 111 145 813.715 242.854 0.165166 759.552 256.946 0.840421 784.365 270.866 0.781507 803.689 346.053 0.800198 828.481 404.994 0.715026 733.263 242.819 0.768909 0 0 0 0 0 0 716.311 355.892 0.724231 750.003 409.33 0.753681 722.805 472.819 0.735176 680.408 346.3 0.670833 681.942 399.344 0.713477 649.8 462.599 0.784431 811.322 236.728 0.19924 0 0 0 801.521 233.915 0.645279 773.143 217.4 0.109241 1
0 111 146 817.416 244.401 0.109989 763.027 257.163 0.794636 788.273 271.957 0.787295 806.074 347.791 0.832127 829.352 406.955 0.760761 736.313 242.601 0.762839 0 0 0 0 0 0 717.841 355.237 0.71638 751.516 409.337 0.745336 722.809 473.027 0.736232 681.073 345.22 0.644918 685.629 396.31 0.634362 654.36 461.503 0.73913 815.86 239.326 0.120165 0 0 0 805.428 235.22 0.572983 777.053 218.269 0.1 1
0 111 147 820.536 244.796 0.160019 766.081 257.378 0.806269 791.741 272.616 0.775053 808.031 348.447 0.830209 830.426 408.478 0.76562 738.501 242.385 0.761546 0 0 0 0 0 0 719.57 354.802 0.694882 753.028 409.34 0.759383 723.458 473.028 0.717203 681.951 344.139 0.633621 689.108 393.925 0.723208 659.144 460.634 0.742585 822.636 240.301 0.204267 0 0 0 808.897 236.523 0.607635 780.242 218.987 0.1 1
0 111 148 823.669 244.894 0.1 768.467 257.384 0.805149 794.774 273.268 0.736672 809.343 347.37 0.807719 830.644 408.257 0.776878 740.675 241.953 0.778624 0 0 0 0 0 0 720.877 354.581 0.701 754.334 408.91 0.780451 723.682 472.597 0.729084 682.609 343.492 0.654539 693.665 390.889 0.749547 665.438 459.332 0.79228 0 0 0 0 0 0 811.716 237.391 0.522948 782.707 219.559 0.11349 1
0 111 149 826.803 244.992 0.123626 770.225 257.162 0.833209 796.743 273.047 0.746895 810.863 346.058 0.789048 831.079 407.815 0.767892 743.065 241.729 0.771649 0 0 0 0 0 0 722.619 353.92 0.700747 755.639 408.045 0.797785 723.685 472.161 0.758532 684.351 342.191 0.653287 697.361 389.583 0.779741 671.963 458.901 0.751023 0 0 0 0 0 0 813.68 237.819 0.59476 784.451 219.557 0.1 1
0 111 150 0 0 0 772.178 256.939 0.839132 798.705 272.834 0.770246 812.386 344.752 0.76212 831.296 405.423 0.756443 745.025 241.3 0.808597 0 0 0 0 0 0 724.359 353.261 0.709891 756.514 407.4 0.828377 723.898 471.947 0.74191 686.083 341.322 0.666988 700.847 389.585 0.779915 678.933 459.985 0.809595 0 0 0 0 0 0 815.641 237.598 0.571986 786.262 218.913 0.138585 1
0 111 151 0 0 0 773.707 256.497 0.836625 800.652 272.177 0.804905 813.898 342.584 0.74965 831.943 402.603 0.739322 746.543 240.865 0.798373 0 0 0 0 0 0 726.528 352.823 0.705034 757.164 407.183 0.816366 722.818 471.519 0.729573 688.043 340.672 0.662241 704.755 390.238 0.747001 685.889 461.085 0.86384 0 0 0 0 0 0 817.378 236.734 0.611586 787.644 218.196 0.150518 1
0 111 152 0 0 0 774.364 255.847 0.843417 802.388 270.878 0.814736 815.401 339.76 0.778538 832.163 399.131 0.794679 746.983 240.646 0.784288 0 0 0 0 0 0 729.356 351.515 0.662595 757.813 407.179 0.783599 723.245 470.221 0.68724 690.866 340.011 0.656455 708.235 391.325 0.764386 692.192 461.952 0.783581 0 0 0 0 0 0 818.679 235.429 0.478709 788.597 217.407 0.130143 1
0 111 153 0 0 0 775.021 254.55 0.810344 803.701 269.142 0.812347 816.697 336.727 0.831354 832.385 395.43 0.741199 747.63 240.421 0.743329 704.355 285.673 0.0522443 0 0 0 731.97 349.345 0.698115 758.68 406.75 0.793562 723.686 469.129 0.645274 693.912 338.272 0.697901 712.153 392.403 0.778425 698.919 462.172 0.711959 0 0 0 0 0 0 819.333 233.913 0.499311 789.035 216.756 0.114424 1
0 111 154 0 0 0 775.677 252.822 0.773606 804.791 267.181 0.791265 817.573 333.47 0.805062 832.604 390.656 0.75851 748.286 239.557 0.725901 698.571 287.644 0.0582546 0 0 0 734.156 348.912 0.693116 758.256 408.056 0.768465 723.251 470.003 0.565122 696.73 337.838 0.719395 715.851 395.232 0.773221 703.484 464.129 0.733757 0 0 0 0 0 0 819.766 232.174 0.450987 789.153 215.662 0.1 1
0 111 155 0 0 0 775.9 250.877 0.763985 805.663 264.351 0.802433 818.449 330.21 0.787993 832.597 385.659 0.789712 748.282 239.117 0.713076 704.357 287.641 0.0588138 0 0 0 737.414 348.914 0.674035 757.819 411.095 0.761172 722.819 472.406 0.60085 699.767 338.914 0.675921 719.126 399.79 0.570912 706.75 467.835 0.480991 0 0 0 0 0 0 819.988 229.353 0.480589 789.15 213.701 0.1 1
0 111 156 0 0 0 776.763 248.706 0.804157 806.331 261.09 0.814531 818.897 326.941 0.792624 832.388 380.438 0.80538 749.358 237.588 0.766448 703.426 295.949 0.125317 0 0 0 740.67 348.255 0.668656 758.031 411.746 0.77299 721.734 472.843 0.659692 703.028 338.263 0.674261 723.913 400.875 0.773224 710.874 469.029 0.547229 0 0 0 0 0 0 819.999 226.303 0.627403 789.155 211.1 0.174251 1
0 111 157 0 0 0 778.067 245.663 0.776271 807.213 257.607 0.838229 819.341 323.242 0.801999 831.953 375.436 0.733601 750.655 235.63 0.748484 706.1 294.297 0.1 0 0 0 744.372 346.519 0.659161 758.245 412.396 0.71572 721.297 473.276 0.564894 707.156 336.306 0.690788 728.488 402.174 0.761137 714.578 468.158 0.620607 0 0 0 0 0 0 820.223 222.611 0.531199 789.589 208.058 0.138508 1
0 111 158 0 0 0 779.138 242.835 0.797444 808.078 254.128 0.812819 819.774 319.339 0.83204 831.515 370.451 0.744971 751.083 233.9 0.693859 708.774 292.645 0.1 0 0 0 748.068 345.218 0.648257 758.464 413.47 0.443855 720.649 473.486 0.248761 710.86 336.083 0.629027 733.268 402.608 0.311056 716.102 467.717 0.169762 0 0 0 0 0 0 820.433 219.137 0.439922 789.796 205.446 0.103964 1
0 111 159 0 0 0 779.787 239.588 0.866731 808.726 249.358 0.78316 819.999 314.563 0.833315 830.868 366.108 0.816118 751.083 232.37 0.757608 711.447 290.993 0.572296 721.646 321.571 0.100296 752.841 343.044 0.685633 759.545 413.032 0.437538 719.786 471.961 0.195646 715.002 334.347 0.665419 737.398 400.862 0.301434 717.617 465.112 0.133087 0 0 0 0 0 0 820.416 215.016 0.441618 789.493 202.828 0.118366 0
0 111 160 0 0 0 780.644 236.546 0.786474 809.38 245.017 0.781561 820.228 310.221 0.812913 830.22 362.392 0.807413 751.295 230.628 0.749396 714.121 289.341 0.1 724.008 319.715 0.1 757.403 340.867 0.663418 760.638 412.6 0.609941 721.517 471.089 0.307965 719.769 332.604 0.627135 739.797 400.423 0.218648 717.827 463.151 0.1 0 0 0 0 0 0 820.2 211.098 0.502924 789.338 199.565 0.155952 0
0 111 161 0 0 0 781.724 233.502 0.780952 810.245 241.101 0.800745 820.455 306.307 0.819492 829.571 357.61 0.829399 752.373 228.458 0.757268 716.3 288.253 0.1 726.37 317.859 0.1 760.886 339.781 0.667328 762.602 412.384 0.529396 723.487 471.304 0.289435 723.671 331.524 0.612562 743.051 400.427 0.35257 718.043 462.071 0.11468 0 0 0 0 0 0 820.194 207.191 0.573533 788.897 196.301 0.234001 0
0 111 162 0 0 0 782.802 231.104 0.778684 811.321 237.612 0.767066 820.684 302.399 0.803512 828.913 353.049 0.833537 753.246 226.509 0.7418 718.554 287.164 0.220168 728.732 316.003 0.106311 765.006 339.119 0.68788 765.651 411.503 0.619796 726.738 470.437 0.496515 727.585 330.874 0.645633 746.089 399.348 0.475924 718.272 460.335 0.233641 0 0 0 0 0 0 820.198 203.489 0.453852 788.678 193.04 0.171022 0
0 111 163 0 0 0 783.675 229.131 0.808472 812.411 234.137 0.762562 821.114 298.491 0.815009 828.476 349.135 0.786975 753.899 225.195 0.733949 721.096 284.995 0.364307 731.094 314.147 0.237398 769.56 337.155 0.689343 769.77 408.896 0.551656 730.656 468.47 0.331336 731.3 329.571 0.62131 748.916 397.603 0.464134 719.575 457.077 0.212106 0 0 0 0 0 0 820.205 199.792 0.445958 788.675 189.786 0.171652 0
0 111 164 0 0 0 785.186 226.955 0.822334 813.713 231.314 0.779412 821.763 294.579 0.81496 828.476 345.223 0.827629 755.413 223.452 0.750426 724.567 282.393 0.429981 733.276 311.765 0.272235 773.253 334.973 0.708435 773.034 405.635 0.528369 733.264 466.076 0.268362 735.001 326.969 0.659031 751.941 394.996 0.511569 720.221 453.377 0.347283 0 0 0 0 0 0 820.214 196.304 0.557843 788.895 186.967 0.238184 0
0 111 165 0 0 0 786.061 225.001 0.831235 815.006 228.92 0.80612 823.058 290.892 0.818784 828.699 341.956 0.80423 756.058 222.584 0.771226 727.755 281.157 0.322143 735.891 310.176 0.164765 777.177 333.896 0.706482 774.569 406.937 0.600202 737.175 468.248 0.418192 739.132 326.755 0.684936 752.372 396.299 0.646393 719.565 455.006 0.421225 0 0 0 0 0 0 820.428 192.827 0.571599 788.893 184.574 0.260532 0
0 111 166 0 0 0 786.503 224.124 0.863208 816.095 226.753 0.825449 824.577 288.281 0.840661 829.997 339.558 0.822721 756.284 221.936 0.819216 730.659 280.434 0.607593 738.937 309.379 0.369768 781.52 333.467 0.687052 777.611 408.247 0.733178 742.83 466.836 0.55784 742.836 327.407 0.710735 753.246 398.476 0.741894 721.298 455.874 0.517589 0 0 0 0 0 0 820.435 189.998 0.552992 788.466 182.831 0.309234 0
0 111 167 0 0 0 787.376 222.605 0.877344 817.399 224.364 0.86867 826.097 285.668 0.836921 831.519 337.161 0.844393 756.944 220.636 0.821563 733.262 280.002 0.566334 742.416 309.375 0.319786 786.085 333.031 0.695129 781.092 408.473 0.687381 750.662 461.84 0.419227 746.319 327.404 0.707294 753.907 399.785 0.655104 727.809 452.61 0.450879 0 0 0 0 0 0 820.873 186.953 0.575469 788.467 180.878 0.400812 0
0 111 168 0 0 0 789.114 221.073 0.879111 819.351 222.631 0.875465 827.833 283.929 0.792067 833.689 334.551 0.813822 758.679 218.906 0.830276 735.236 277.396 0.581649 745.234 308.921 0.205729 789.564 331.944 0.694684 785.88 405 0.473704 759.142 459.452 0.15132 749.357 326.964 0.70759 755.207 399.78 0.643322 731.503 450.875 0.445339 0 0 0 0 0 0 821.754 184.776 0.629428 789.132 178.712 0.47238 0
0 111 169 0 0 0 791.073 219.34 0.86878 821.736 220.882 0.870142 829.794 281.966 0.792455 836.295 331.31 0.841875 760.424 217.385 0.810134 737.409 276.527 0.596178 748.487 308.05 0.1 793.049 330.866 0.688762 791.099 402.824 0.675543 768.277 457.282 0.140387 751.976 326.739 0.679439 756.523 399.781 0.628415 735.853 450.66 0.33061 0 0 0 0 0 0 823.275 182.823 0.609485 790.005 177.618 0.387428 0
0 111 170 0 0 0 793.037 217.608 0.863658 824.128 218.932 0.837097 832.187 280.014 0.801319 839.118 329.354 0.828395 762.171 216.078 0.807218 739.368 275.872 0.638925 750.663 307.172 0.1 796.74 330.433 0.679686 795.657 403.257 0.65102 778.272 457.064 0.1 754.382 326.954 0.690062 756.97 401.517 0.60307 744.982 451.962 0.1 0 0 0 0 0 0 825.015 181.075 0.552019 791.947 176.094 0.38472 0
0 111 171 0 0 0 795.217 216.084 0.833356 826.523 217.201 0.795606 835.431 278.277 0.813752 842.168 327.402 0.804715 764.339 214.568 0.785529 741.967 274.791 0.573127 752.625 305.867 0.105656 800.222 329.133 0.677543 799.564 400.006 0.481679 786.323 455.76 0.129154 757.421 326.513 0.682099 757.844 403.031 0.546444 751.711 452.39 0.103351 0 0 0 0 0 0 826.755 179.329 0.471208 793.681 174.789 0.272307 0
0 111 172 0 0 0 797.82 214.364 0.855394 829.132 215.678 0.806549 838.684 276.536 0.882223 845.427 325.439 0.788448 766.733 213.048 0.787819 745.003 273.048 0.43826 754.364 303.914 0.218406 804.139 327.616 0.714933 803.702 398.482 0.666326 795.009 454.241 0.501266 760.896 325.427 0.739843 759.798 401.74 0.655845 757.154 451.518 0.329553 0 0 0 0 0 0 828.707 177.591 0.476257 795.63 173.273 0.233445 0
0 111 173 0 0 0 801.077 213.047 0.867083 832.394 214.144 0.835973 842.163 274.799 0.812237 848.914 323.484 0.775616 769.776 211.74 0.801438 747.176 272.603 0.363647 757.395 302.168 0.155011 808.058 325.017 0.683195 809.561 394.351 0.504401 805.451 449.464 0.369984 765.022 323.475 0.707628 761.977 398.484 0.585588 763.89 448.479 0.255158 0 0 0 0 0 0 831.095 176.506 0.37244 797.388 171.972 0.156197 0
0 111 174 0 0 0 804.545 211.741 0.901456 835.873 212.828 0.889529 845.855 273.274 0.828384 852.596 321.529 0.834907 772.832 210.647 0.818776 749.342 270.431 0.463485 758.557 299.849 0.160699 812.406 322.398 0.654396 816.722 388.265 0.569463 815.451 443.156 0.321292 768.929 320.652 0.667363 765.033 394.135 0.709952 769.977 442.824 0.147854 0 0 0 0 0 0 833.704 175.857 0.467362 799.352 171.53 0.23052 0
0 111 175 0 0 0 808.029 210.648 0.924786 839.778 211.531 0.887204 849.765 272.186 0.882332 856.3 319.79 0.810771 776.096 209.778 0.850295 751.286 269.336 0.594531 759.787 297.596 0.282843 816.537 320.651 0.684098 822.168 383.69 0.692644 822.846 441.096 0.489511 772.615 318.913 0.732058 767.42 390.003 0.53418 772.812 440.87 0.170955 0 0 0 0 0 0 836.954 175.422 0.525013 802.167 170.884 0.304299 0
0 111 176 0 0 0 812.381 209.775 0.906406 844.343 210.664 0.841693 854.124 271.315 0.822395 860.86 318.261 0.712972 780.224 208.469 0.83018 754.118 266.504 0.736285 759.797 294.552 0.480605 820.451 318.909 0.745039 827.597 380.213 0.666869 828.273 443.064 0.564122 776.733 316.314 0.743808 770.666 386.09 0.597927 772.383 441.744 0.22465 0 0 0 0 0 0 839.998 174.126 0.53644 805.432 169.585 0.373696 0
0 111 177 0 0 0 816.518 208.695 0.877039 848.7 210.425 0.858061 859.121 270.222 0.802062 865.201 316.306 0.73897 784.141 207.162 0.798738 757.594 264.546 0.707337 760.885 291.313 0.251871 825.018 317.397 0.710927 831.288 381.082 0.786703 832.835 443.931 0.613319 781.512 314.788 0.708503 774.148 384.137 0.763009 774.121 441.092 0.511853 0 0 0 0 0 0 843.042 173.253 0.488028 808.683 168.724 0.324629 0
0 111 178 0 0 0 820.434 208.038 0.925047 852.627 210.21 0.87992 863.899 268.921 0.843914 868.91 314.551 0.722024 788.052 205.856 0.832886 761.076 261.722 0.760327 761.978 288.276 0.480051 829.792 315.44 0.704977 834.983 379.559 0.79867 835.657 442.845 0.658694 786.291 312.401 0.746363 778.92 380.014 0.819216 776.725 437.393 0.737558 0 0 0 0 0 0 846.095 173.034 0.376097 811.73 168.075 0.261009 0
0 111 179 0 0 0 824.563 206.729 0.916481 856.976 209.333 0.821989 868.469 266.959 0.872048 873.039 311.078 0.712745 791.97 204.341 0.852252 765.416 258.249 0.85405 763.702 285.019 0.261652 834.572 312.178 0.754179 838.689 374.771 0.762169 836.086 439.581 0.589063 791.29 308.487 0.752791 784.128 373.489 0.784512 774.558 431.95 0.674362 0 0 0 0 0 0 849.357 171.954 0.462495 814.568 167.854 0.308139 0
0 111 180 0 0 0 829.127 205.213 0.869724 861.755 208.032 0.868871 873.261 264.988 0.795014 877.815 307.589 0.688772 796.102 202.818 0.758765 769.553 254.772 0.742265 765.45 282.184 0.59272 839.144 310.002 0.73281 841.945 374.55 0.773645 836.953 438.492 0.712686 796.295 305.661 0.687596 789.128 368.497 0.772273 774.787 428.261 0.659667 0 0 0 0 0 0 852.836 170.877 0.527995 817.831 167.205 0.440637 0
0 111 181 0 0 0 833.685 203.473 0.880265 866.529 206.077 0.866024 878.052 262.383 0.778259 882.172 304.326 0.609283 800.443 201.095 0.841769 773.247 252.6 0.82138 768.051 279.783 0.81329 843.274 307.174 0.730711 844.554 372.597 0.753422 837.172 437.188 0.756626 801.288 302.619 0.774429 794.341 366.314 0.829691 778.26 427.385 0.818203 0 0 0 0 0 0 856.316 169.579 0.439836 820.665 166.769 0.391626 0
0 111 182 0 0 0 837.596 201.745 0.872309 870.66 204.344 0.833759 882.824 260.641 0.770074 886.085 301.716 0.637114 804.349 199.368 0.859008 776.95 249.992 0.819157 770.007 277.613 0.831507 848.046 305.651 0.731061 846.307 372.169 0.790264 837.16 437.62 0.701937 805.857 301.097 0.743109 799.572 365.232 0.799815 781.962 427.166 0.800306 0 0 0 0 0 0 860.009 168.273 0.387245 823.911 166.316 0.33048 0
0 111 183 0 0 0 841.513 199.353 0.867972 875.015 201.957 0.785813 886.742 257.594 0.757063 889.576 298.24 0.525562 808.263 196.978 0.84447 781.518 246.519 0.809199 773.269 275.862 0.848659 852.176 303.048 0.71516 848.486 370.648 0.744187 837.164 436.321 0.723553 810.431 298.921 0.728703 806.076 363.713 0.864417 789.788 426.739 0.782559 0 0 0 0 0 0 863.923 166.314 0.40098 827.388 163.935 0.354515 0
0 111 184 0 0 0 845.639 196.317 0.871934 879.368 198.902 0.819757 890.874 254.335 0.752563 893.918 295.411 0.616755 812.169 194.154 0.816117 785.877 242.826 0.846354 776.104 274.124 0.854948 855.87 300.657 0.73325 850.222 368.91 0.826452 837.588 435.446 0.704596 814.787 296.309 0.705836 812.162 361.969 0.78246 797.396 426.307 0.735158 0 0 0 0 0 0 867.617 163.706 0.423134 830.652 161.331 0.390371 0
0 111 185 0 0 0 848.894 193.713 0.911497 883.059 196.069 0.836234 893.924 249.556 0.629523 897.315 292.147 0.441813 814.789 192.632 0.815095 789.784 240.439 0.839073 780.01 273.244 0.834726 859.999 297.614 0.689725 852.179 366.732 0.805325 837.808 433.912 0.707115 819.139 294.127 0.729922 818.479 360.444 0.77343 805.015 426.308 0.628809 0 0 0 0 0 0 870.879 162.178 0.320347 832.606 160.452 0.35444 0
0 111 186 0 0 0 852.359 191.536 0.905672 886.738 193.039 0.802524 896.747 245.426 0.609122 900.712 288.882 0.398723 817.617 190.901 0.84107 793.25 238.92 0.728251 784.137 272.797 0.620085 863.045 296.082 0.685268 853.276 365.418 0.787041 838.031 433.263 0.73394 822.629 292.606 0.685477 824.566 360.005 0.800256 812.626 427.177 0.578757 0 0 0 0 0 0 874.353 160.44 0.315904 835.865 158.708 0.300151 0
0 111 187 0 0 0 855.833 189.139 0.825302 890.641 189.791 0.731164 899.792 241.298 0.455084 904.109 285.617 0.204665 820.871 189.164 0.796175 796.721 237.829 0.747039 788.251 271.704 0.841782 866.528 294.344 0.722517 854.582 364.975 0.640535 838.03 433.699 0.546641 826.543 291.297 0.694052 830.217 360.218 0.710566 819.591 428.922 0.645033 0 0 0 0 0 0 877.611 157.621 0.240641 839.114 156.541 0.213951 0
0 111 188 0 0 0 858.874 187.618 0.793562 893.69 187.621 0.73903 902.614 238.032 0.337673 907.506 282.353 0.155711 823.909 188.08 0.765249 799.55 237.393 0.714013 791.739 271.051 0.696864 870.005 293.045 0.67398 856.314 364.113 0.673578 838.248 433.697 0.558568 830.672 290.859 0.64723 835.447 360.221 0.615211 825.89 430.671 0.388439 0 0 0 0 0 0 880.221 155.882 0.24945 841.506 154.813 0.205265 0
0 111 189 0 0 0 861.484 185.882 0.800344 896.947 185.453 0.758382 904.786 234.998 0.331306 0 0 0 826.727 186.767 0.778295 802.159 236.518 0.749642 795.002 270.192 0.752895 873.259 291.96 0.699944 858.06 362.811 0.563562 839.552 431.736 0.487165 833.925 290.21 0.729228 840.666 359.783 0.636109 832.624 430.451 0.549155 0 0 0 0 0 0 883.044 153.921 0.233734 843.697 153.075 0.215587 0
0 111 190 0 0 0 863.671 184.574 0.878769 899.777 183.94 0.79819 906.524 232.596 0.382257 0 0 0 829.12 185.673 0.768165 804.985 236.511 0.807413 797.834 269.332 0.754236 876.313 291.094 0.695039 861.754 360.418 0.705822 841.292 426.737 0.649049 837.392 289.769 0.727218 845.452 357.18 0.640325 837.844 425.89 0.382247 0 0 0 0 0 0 885.858 152.395 0.35457 846.307 151.556 0.266164 0
0 111 191 0 0 0 866.288 183.055 0.902853 902.809 182.411 0.759467 907.621 229.776 0.361397 0 0 0 831.307 184.369 0.835286 807.379 237.163 0.753707 800.021 268.458 0.73117 879.797 290.874 0.708128 866.747 360.197 0.673251 843.792 421.084 0.637616 840.653 290.627 0.672935 850.226 358.041 0.709309 843.282 421.105 0.414347 0 0 0 0 0 0 888.244 150.883 0.365987 848.701 150.039 0.312363 0
0 111 192 0 0 0 868.68 181.972 0.885903 904.764 181.11 0.784334 908.916 227.606 0.318577 0 0 0 834.127 183.495 0.819155 809.776 236.504 0.727537 802.844 266.735 0.739732 882.618 289.134 0.736247 870.007 357.371 0.659968 846.828 415.865 0.571829 843.477 289.101 0.682394 853.923 355.205 0.720769 845.897 415.663 0.400197 0 0 0 0 0 0 889.768 150.009 0.347821 850.869 149.811 0.318027 0
0 111 193 0 0 0 871.276 181.312 0.88356 906.713 180.241 0.802124 909.567 225.435 0.356367 0 0 0 836.951 183.045 0.824782 812.379 236.29 0.706734 806.098 264.989 0.725028 885.874 286.311 0.707926 874.354 353.243 0.47985 850.743 409.773 0.296515 846.738 286.926 0.672663 857.41 351.511 0.510303 849.154 409.14 0.248203 0 0 0 0 0 0 891.304 149.357 0.415338 853.039 149.594 0.334405 0
0 111 194 0 0 0 873.67 180.438 0.866115 908.458 178.938 0.804399 910.754 225.11 0.340968 0 0 0 839.985 181.962 0.819671 814.356 237.165 0.676548 809.739 262.873 0.542563 888.263 284.791 0.706671 878.48 349.988 0.604457 855.519 404.122 0.329626 849.128 286.274 0.709043 859.806 348.684 0.522708 852.404 403.054 0.207504 0 0 0 0 0 0 893.252 148.051 0.397508 856.294 148.073 0.296529 0
0 111 195 0 0 0 875.637 179.564 0.847409 910.422 177.85 0.815427 911.623 224.894 0.144449 0 0 0 842.376 181.301 0.806996 816.968 238.474 0.719913 813.547 260.587 0.237528 891.306 283.71 0.639418 883.248 346.956 0.244354 861.168 398.686 0.1 851.73 286.061 0.663574 862.188 346.734 0.417083 855.448 398.051 0.1 0 0 0 0 0 0 895.646 146.097 0.378799 858.267 146.544 0.320442 0
0 111 196 0 0 0 877.602 177.834 0.858238 912.381 176.322 0.807123 911.833 224.022 0.222589 0 0 0 844.345 179.783 0.821482 819.796 239.347 0.796205 817.743 258.575 0.756472 893.699 283.266 0.681381 887.588 345.006 0.649554 868.346 394.339 0.446045 854.119 286.066 0.692375 863.704 345.86 0.591846 858.054 394.571 0.309785 0 0 0 0 0 0 898.035 144.141 0.381383 860.663 144.589 0.371426 0
0 111 197 0 0 0 879.994 175.663 0.841083 914.336 174.365 0.760854 912.047 222.727 0.117334 0 0 0 846.742 177.392 0.836656 822.632 238.696 0.71058 822.741 255.752 0.344492 895.663 281.304 0.693568 891.278 342.612 0.589559 874.653 390.212 0.427213 856.288 284.327 0.664476 865.207 344.112 0.605651 860.659 390.438 0.450808 0 0 0 0 0 0 900.853 141.956 0.415292 863.922 142.396 0.360712 0
0 111 198 0 0 0 881.957 173.698 0.686868 915.212 172.616 0.546545 911.397 220.99 0.1 0 0 0 849.36 175.212 0.732645 825.455 238.054 0.686655 828.16 253.358 0.1 897.399 277.829 0.53925 894.546 339.354 0.481682 880.31 386.959 0.260585 858.47 281.065 0.560548 866.294 341.067 0.51376 861.743 386.949 0.272179 0 0 0 0 0 0 903.239 139.992 0.215097 867.174 140.218 0.175444 0
0 111 199 0 0 0 884.566 171.734 0.842774 916.951 170.865 0.731168 910.752 219.485 0.202352 0 0 0 852.187 173.035 0.839944 828.065 236.969 0.781404 833.367 250.966 0.1 900.218 276.094 0.620696 896.724 338.703 0.468706 886.832 388.042 0.200071 860.439 279.553 0.636339 866.942 340.85 0.470218 863.485 388.471 0.230761 0 0 0 0 0 0 905.427 138.026 0.402209 870.221 138.031 0.315584 0
0 111 200 0 0 0 886.734 169.773 0.830473 918.048 168.918 0.739349 910.535 217.747 0.309887 0 0 0 855.216 170.858 0.81606 831.319 233.936 0.832096 838.357 248.579 0.1 901.739 273.053 0.645211 897.813 334.788 0.455322 892.159 387.609 0.161706 862.186 276.081 0.666128 867.384 335.637 0.464808 865.007 387.817 0.169853 0 0 0 0 0 0 907.601 136.058 0.394327 873.257 135.43 0.358317 0
0 111 201 0 0 0 889.116 168.034 0.843748 920.214 167.183 0.77115 910.542 216.441 0.396401 0 0 0 857.388 168.915 0.82663 833.708 233.948 0.796799 842.92 247.048 0.109966 903.923 271.528 0.691447 900.86 333.261 0.74863 897.382 387.168 0.399174 864.142 274.781 0.67754 867.822 333.913 0.767233 866.082 387.595 0.480473 0 0 0 0 0 0 910.202 133.888 0.479246 876.291 133.257 0.353696 0
0 111 202 0 0 0 890.87 166.085 0.859425 921.954 165.449 0.811402 910.983 214.918 0.534681 0 0 0 859.558 166.958 0.841799 836.964 231.341 0.77824 846.402 245.318 0.199775 905.665 269.572 0.731249 903.459 331.522 0.734152 901.737 386.087 0.600334 865.881 272.82 0.701544 868.687 332.39 0.804375 866.516 387.59 0.6701 0 0 0 0 0 0 912.367 131.927 0.611559 878.693 131.291 0.373239 0
0 111 203 0 0 0 892.823 164.558 0.838911 923.902 164.359 0.757613 911.532 213.501 0.409646 0 0 0 861.734 165.21 0.827012 840.206 228.942 0.758938 849.275 243.958 0.1 907.616 266.964 0.649684 905.636 329.13 0.476181 905.446 385.222 0.236987 868.274 269.771 0.677664 869.978 329.787 0.486785 866.743 386.718 0.207578 0 0 0 0 0 0 914.769 130.615 0.589325 880.666 129.766 0.359337 0
0 111 204 0 0 0 894.782 163.257 0.808026 925.647 163.264 0.70163 914.359 211.987 0.401737 0 0 0 863.902 163.7 0.81362 842.597 227.413 0.70754 851.423 242.761 0.101219 909.787 264.571 0.601376 907.601 326.733 0.381271 908.494 383.485 0.240757 870.873 266.948 0.645854 871.286 326.523 0.506235 866.746 384.548 0.316248 0 0 0 0 0 0 916.727 129.956 0.436283 883.053 129.107 0.288597 0
0 111 205 0 0 0 896.735 162.807 0.855169 927.166 162.609 0.772911 916.844 211.432 0.279338 0 0 0 866.075 163.04 0.840235 844.557 225.9 0.736276 852.846 241.726 0.119955 911.96 263.048 0.676596 909.561 324.347 0.58224 910.017 381.74 0.448125 873.046 265.423 0.656227 873.017 323.049 0.752404 867.393 381.72 0.668736 0 0 0 0 0 0 918.68 129.293 0.417313 885.23 128.232 0.314449 0
0 111 206 0 0 0 898.694 162.149 0.85365 929.115 161.736 0.774108 919.329 210.876 0.202252 0 0 0 868.461 162.385 0.830775 846.501 225.473 0.664742 853.543 240.852 0.409837 915.21 263.265 0.696133 911.957 326.956 0.61789 913.498 385.65 0.520711 875.23 265.862 0.688753 873.249 326.307 0.741525 867.178 386.287 0.740372 0 0 0 0 0 0 920.434 128.005 0.417596 887.184 126.73 0.301824 0
0 111 207 0 0 0 901.295 161.067 0.852351 931.722 160.651 0.757398 921.814 210.321 0.168675 0 0 0 870.631 161.521 0.830045 848.246 225.464 0.662026 853.898 239.546 0.308715 918.688 263.913 0.680501 914.989 330.216 0.65976 915.89 390.431 0.533409 877.618 266.949 0.694523 874.554 329.568 0.772388 868.266 384.99 0.806201 0 0 0 0 0 0 922.394 126.712 0.347891 888.92 125.431 0.295031 0
0 111 208 0 0 0 903.252 159.341 0.838126 933.673 159.131 0.723462 924.299 209.766 0.104534 0 0 0 872.798 159.791 0.824579 850.641 221.992 0.758306 854.339 238.023 0.1 920.209 260.653 0.59538 917.16 326.518 0.471205 916.328 386.959 0.403335 879.368 263.464 0.658617 876.518 325.648 0.686492 869.994 380.861 0.724265 0 0 0 0 0 0 924.344 125.21 0.45176 890.864 124.131 0.310447 0
0 111 209 0 0 0 905.213 157.822 0.755919 936.062 157.601 0.646459 0 0 0 0 0 0 874.546 158.281 0.765291 853.25 218.944 0.761484 855.215 236.293 0.1 922.378 257.824 0.523774 919.774 323.472 0.283377 917.744 385.434 0.251983 881.32 259.991 0.650945 879.328 322.388 0.430504 871.732 379.118 0.457171 0 0 0 0 0 0 926.095 123.699 0.40482 892.609 123.256 0.258275 0
0 111 210 0 0 0 906.965 156.082 0.701791 937.81 155.858 0.610936 943.052 219.085 0.0538089 0 0 0 876.502 156.545 0.728343 855.856 215.458 0.75523 856.298 234.568 0.1 924.334 255.648 0.539982 921.943 321.515 0.306832 919.05 384.349 0.160768 883.492 257.593 0.638558 882.362 320.421 0.681436 873.7 377.598 0.115968 0 0 0 0 0 0 927.626 121.742 0.422031 894.573 121.735 0.252129 0
0 111 211 0 0 0 908.913 154.342 0.722341 939.557 154.324 0.613873 946.961 213.241 0.0692686 0 0 0 878.258 154.597 0.731043 857.81 212.196 0.788176 857.817 232.826 0.1 926.295 253.475 0.521961 923.685 319.78 0.246959 919.48 383.258 0.14625 885.661 255.424 0.623689 884.966 318.465 0.365469 876.093 376.08 0.295134 0 0 0 0 0 0 929.368 120.005 0.347603 896.527 120.208 0.26959 0
0 111 212 0 0 0 910.657 152.387 0.797356 941.299 151.722 0.665559 947.003 201.492 0.0678127 0 0 0 880.208 152.864 0.804646 859.766 210.672 0.665767 859.564 231.313 0.575397 928.913 249.452 0.581862 926.032 316.58 0.412604 920.061 380.711 0.326923 887.617 253.261 0.70183 887.354 315.855 0.763098 879.342 373.908 0.788766 0 0 0 0 0 0 930.546 117.728 0.3636 898.51 118.411 0.267273 0
0 111 213 0 0 0 912.394 149.561 0.732847 942.818 148.688 0.591258 0 0 0 0 0 0 882.388 150.461 0.745685 861.737 206.322 0.602872 861.212 229.364 0.513546 931.957 242.496 0.429934 928.379 313.38 0.176825 920.642 378.164 0.1 889.148 248.693 0.6143 889.306 311.068 0.615294 883.033 366.518 0.709529 0 0 0 0 0 0 931.725 115.451 0.367649 900.493 116.614 0.198254 0
0 111 214 0 0 0 914.133 146.318 0.797137 944.345 145.65 0.701812 950.868 191.744 0.0548039 0 0 0 884.985 147.427 0.799685 863.918 201.531 0.658963 862.569 227.624 0.536822 934.244 233.81 0.485148 930.726 310.18 0.23409 921.224 375.618 0.150801 890.888 242.607 0.608822 891.051 305.85 0.645438 886.737 359.996 0.728543 0 0 0 0 0 0 932.904 113.174 0.493833 902.477 114.817 0.223091 0
0 111 215 0 0 0 915.373 143.551 0.836472 945.558 142.688 0.770658 952.833 189.806 0.0550936 0 0 0 886.813 144.945 0.78631 866.207 196.731 0.77079 864.409 225.928 0.662857 936.531 225.125 0.552106 933.072 306.981 0.306428 921.805 373.071 0.156001 892.802 236.117 0.639907 894.493 295.156 0.700505 891.404 348.749 0.675306 0 0 0 0 0 0 934.083 110.897 0.487632 904.46 113.02 0.275138 0
0 111 216 0 0 0 916.613 140.783 0.27481 946.77 139.726 0.171779 0 0 0 0 0 0 888.641 142.464 0.323482 868.497 191.931 0.266541 866.25 224.232 0.137104 938.818 216.439 0.1 0 0 0 0 0 0 894.716 229.626 0.214509 897.935 284.462 0.281132 896.072 337.501 0.367648 0 0 0 0 0 0 0 0 0 0 0 0 0
0 111 217 0 0 0 917.853 138.016 0.309962 947.982 136.765 0.225835 0 0 0 0 0 0 890.469 139.983 0.318061 870.786 187.131 0.284485 868.09 222.536 0.201557 941.105 207.754 0.102059 0 0 0 0 0 0 896.63 223.135 0.23656 901.377 273.768 0.270648 900.739 326.253 0.162148 0 0 0 0 0 0 929.397 107.619 0.0940215 905.841 113.402 0.0502632 0
0 111 218 0 0 0 919.092 135.249 0.31461 949.195 133.803 0.222469 0 0 0 0 0 0 892.297 137.502 0.340572 873.076 182.331 0.306841 869.931 220.84 0.299352 950.875 195.654 0.0968115 0 0 0 0 0 0 898.544 216.645 0.269258 904.819 263.074 0.296039 905.406 315.005 0.150234 0 0 0 0 0 0 931.247 107.582 0.0745205 907.842 109.568 0.0574693 0
0 111 219 0 0 0 0 0 0 0 0 0 0 0 0 0 0 0 0 0 0 0 0 0 0 0 0 0 0 0 0 0 0 0 0 0 0 0 0 0 0 0 0 0 0 0 0 0 0 0 0 0 0 0 0 0 0 127
0 111 220 0 0 0 0 0 0 0 0 0 0 0 0 0 0 0 0 0 0 0 0 0 0 0 0 0 0 0 0 0 0 0 0 0 0 0 0 0 0 0 0 0 0 0 0 0 0 0 0 0 0 0 0 0 0 127
0 111 221 0 0 0 0 0 0 0 0 0 0 0 0 0 0 0 0 0 0 0 0 0 0 0 0 0 0 0 0 0 0 0 0 0 0 0 0 0 0 0 0 0 0 0 0 0 0 0 0 0 0 0 0 0 0 127
0 111 222 0 0 0 0 0 0 0 0 0 0 0 0 0 0 0 0 0 0 0 0 0 0 0 0 0 0 0 0 0 0 0 0 0 0 0 0 0 0 0 0 0 0 0 0 0 0 0 0 0 0 0 0 0 0 127
0 111 223 0 0 0 0 0 0 0 0 0 0 0 0 0 0 0 0 0 0 0 0 0 0 0 0 0 0 0 0 0 0 0 0 0 0 0 0 0 0 0 0 0 0 0 0 0 0 0 0 0 0 0 0 0 0 127
0 111 224 0 0 0 0 0 0 0 0 0 0 0 0 0 0 0 0 0 0 0 0 0 0 0 0 0 0 0 0 0 0 0 0 0 0 0 0 0 0 0 0 0 0 0 0 0 0 0 0 0 0 0 0 0 0 127
0 111 225 0 0 0 927.377 132.284 0.679357 954.55 133.005 0.57635 964.73 165.383 0.11775 0 0 0 898.493 133.227 0.649585 881.552 169.309 0.353512 875.257 208.426 0.126066 938.958 196.568 0.270464 0 0 0 0 0 0 899.696 201.914 0.458928 898.124 256.787 0.374422 900.094 277.87 0.0892632 0 0 0 0 0 0 941.353 103.502 0.291228 913.449 106.504 0.141699 0
0 111 226 0 0 0 928.467 130.359 0.729531 955.86 131.382 0.612483 966.812 165.118 0.144618 0 0 0 900.384 130.954 0.709577 882.588 168.067 0.474041 877.716 206.291 0.311561 939.222 196.668 0.316713 943.014 256.299 0.0659917 0 0 0 899.83 200.998 0.567149 899.625 256.394 0.474278 908.839 290.834 0.15993 0 0 0 0 0 0 943.248 102.461 0.321564 915.795 104.771 0.158648 0
0 111 227 0 0 0 929.556 128.433 0.740873 957.171 129.758 0.64621 968.893 164.852 0.189421 0 0 0 902.276 128.681 0.706931 883.624 166.824 0.476553 880.174 204.157 0.311113 939.485 196.769 0.32515 943.04 248.488 0.057793 0 0 0 899.965 200.081 0.564113 901.127 256.001 0.445797 909.726 292.203 0.146612 0 0 0 0 0 0 945.143 101.42 0.342507 918.141 103.039 0.204809 0
0 111 228 0 0 0 930.646 126.508 0.762339 958.481 128.134 0.712999 970.975 164.586 0.362372 0 0 0 904.167 126.408 0.671352 884.659 165.582 0.470723 882.632 202.023 0.357504 939.748 196.869 0.362973 941.081 254.331 0.0774663 0 0 0 900.099 199.164 0.55984 902.628 255.608 0.406693 910.613 293.571 0.139665 0 0 0 0 0 0 947.038 100.38 0.43379 920.488 101.306 0.186128 0
0 111 229 0 0 0 931.736 124.582 0.851359 959.792 126.51 0.831233 973.057 164.321 0.634259 0 0 0 906.059 124.135 0.755179 885.695 164.339 0.463979 885.091 199.888 0.23561 940.011 196.97 0.530675 936.182 249.7 0.130136 0 0 0 900.233 198.247 0.661868 904.13 255.215 0.390856 911.5 294.939 0.176641 0 0 0 0 0 0 948.933 99.3386 0.611815 922.834 99.5733 0.25068 0
0 111 230 0 0 0 933.253 123.071 0.840621 961.098 125.426 0.818576 974.791 164.104 0.578942 0 0 0 907.583 122.617 0.754314 886.993 163.683 0.429639 887.549 197.754 0.230749 940.878 197.623 0.476432 939.118 251.727 0.1 0 0 0 900.457 197.809 0.61547 905.663 255.429 0.28566 912.387 296.307 0.174049 0 0 0 0 0 0 950.879 98.4689 0.547919 924.774 98.0534 0.275927 0
0 111 231 0 0 0 934.564 121.757 0.853026 961.975 124.335 0.846776 976.304 163.889 0.641714 0 0 0 909.118 121.097 0.794968 888.51 162.814 0.321633 890.007 195.62 0.108546 940.878 197.188 0.511983 942.053 253.754 0.1 0 0 0 900.468 196.937 0.65554 907.193 255.433 0.303735 913.474 297.177 0.16085 0 0 0 0 0 0 952.618 97.6018 0.597226 926.518 96.5307 0.318842 0
0 111 232 0 0 0 936.085 120.661 0.841656 963.065 123.048 0.82955 977.609 163.899 0.625369 0 0 0 910.64 119.59 0.813616 890.026 162.38 0.256568 892.466 193.485 0.1 941.095 197.193 0.52801 945.965 256.495 0.110827 0 0 0 900.468 196.718 0.657732 908.934 255.65 0.341793 914.346 297.613 0.12861 0 0 0 0 0 0 954.357 96.9473 0.56198 928.265 95.6491 0.323769 0
0 111 233 0 0 0 937.618 119.579 0.835579 964.591 121.758 0.810282 978.476 163.678 0.636233 0 0 0 912.168 118.298 0.816733 891.683 162.596 0.348591 894.924 191.351 0.1253 943.046 195.889 0.518501 950.365 259.592 0.1 0 0 0 900.683 196.064 0.626974 910.891 257.385 0.305037 915.168 299.961 0.1 0 0 0 0 0 0 956.087 96.7299 0.650102 930.001 94.7755 0.378911 0
0 111 234 0 0 0 939.148 119.144 0.752168 966.319 121.102 0.722811 979.558 163.685 0.46299 0 0 0 913.26 118.068 0.736707 893.484 163.471 0.162148 0 0 0 944.562 195.665 0.431338 954.765 262.69 0.146506 943.039 303.269 0.0572362 900.895 195.844 0.544241 912.848 259.412 0.396039 915.99 302.308 0.238822 0 0 0 0 0 0 957.81 96.7166 0.504449 930.879 93.7009 0.22806 0
0 111 235 0 0 0 940.878 118.928 0.641184 968.051 120.659 0.614288 981.081 163.472 0.280543 0 0 0 914.354 118.072 0.609702 895.219 164.777 0.109863 0 0 0 947.605 194.147 0.307995 937.191 258.24 0.0932492 0 0 0 901.976 195.841 0.472329 914.805 261.439 0.331326 916.813 304.656 0.177024 0 0 0 0 0 0 959.324 96.7076 0.420576 931.92 92.7551 0.149756 0
0 111 236 0 0 0 942.471 118.852 0.800043 969.721 120.082 0.705861 982.605 163.046 0.424253 0 0 0 915.38 118.153 0.753461 896.951 167.101 0.112244 0 0 0 951.159 192.551 0.374422 939.15 256.295 0.0777637 0 0 0 903.789 195.696 0.543178 916.761 263.466 0.278507 917.635 307.004 0.118356 0 0 0 0 0 0 960.626 96.4815 0.551811 932.931 91.9343 0.225072 0
0 111 237 0 0 0 943.921 118.713 0.48525 971.526 119.58 0.448525 984.354 162.615 0.173388 0 0 0 916.539 118.517 0.374362 898.471 171.085 0.1 0 0 0 955.213 190.669 0.182435 0 0 0 0 0 0 906.324 195.409 0.281511 918.718 265.493 0.122651 0 0 0 0 0 0 0 0 0 961.286 95.617 0.242897 934.1 91.2435 0.1 0
0 111 238 0 0 0 945.23 118.499 0.643658 973.262 118.934 0.587926 986.314 162.174 0.296928 0 0 0 917.847 118.945 0.519125 899.565 175.219 0.1 0 0 0 959.123 188.492 0.246192 958.71 264.134 0.0546038 0 0 0 909.369 194.762 0.382371 925.427 260.227 0.0970929 919.569 301.306 0.0671871 0 0 0 0 0 0 961.729 94.5276 0.363741 935.438 90.465 0.104643 0
0 111 239 0 0 0 946.325 118.266 0.526844 974.994 118.07 0.503377 988.063 161.517 0.205615 0 0 0 919.367 118.726 0.407316 901.301 175.439 0.100967 0 0 0 962.6 185.884 0.199699 0 0 0 0 0 0 911.546 193.247 0.262188 929.326 281.719 0.0788076 0 0 0 0 0 0 0 0 0 962.388 93.2299 0.292816 936.749 89.6016 0.1 0
0 111 240 0 0 0 947.422 117.83 0.1 976.735 117.406 0.1 990.022 161.075 0.1 0 0 0 920.885 118.499 0.1 903.033 175.657 0.1 0 0 0 966.509 184.577 0.1 0 0 0 0 0 0 913.929 192.383 0.1 0 0 0 0 0 0 0 0 0 0 0 0 963.053 91.9156 0.1 938.047 88.9378 0.1 127
0 111 241 0 0 0 948.514 117.182 0.1 978.04 116.309 0.1 991.77 159.33 0.1 0 0 0 922.607 118.281 0.1 904.77 175.869 0.1 0 0 0 970.216 181.97 0.1 0 0 0 0 0 0 917.395 190.432 0.1 0 0 0 0 0 0 0 0 0 0 0 0 963.489 90.609 0.1 939.127 88.0659 0.1 127
0 111 242 0 0 0 950.024 116.732 0.447293 979.134 114.993 0.399245 993.946 157.819 0.151704 0 0 0 924.112 118.062 0.383479 906.366 175.655 0.355009 0 0 0 972.617 180.876 0.22087 0 0 0 0 0 0 920.658 188.909 0.179883 0 0 0 0 0 0 0 0 0 0 0 0 964.145 88.8784 0.177389 939.99 87.4131 0.1 0
0 111 243 0 0 0 951.538 116.077 0.729783 980.448 113.053 0.683847 995.688 156.294 0.411581 0 0 0 925.411 118.062 0.656049 906.733 179.781 0.244355 0 0 0 977.178 178.92 0.374709 0 0 0 0 0 0 924.787 187.39 0.325578 913.692 219.17 0.102917 0 0 0 0 0 0 0 0 0 964.804 87.0755 0.298763 940.712 86.9031 0.169389 0
0 111 244 0 0 0 952.845 114.993 0.726219 981.756 111.105 0.698355 996.992 154.989 0.488049 0 0 0 926.498 117.631 0.723455 906.955 183.472 0.309824 0 0 0 979.785 178.476 0.375303 0 0 0 0 0 0 927.832 185.876 0.351649 913.72 223.042 0.0944289 0 0 0 0 0 0 0 0 0 965.678 85.1979 0.319197 941.336 86.4081 0.201972 0
0 111 245 0 0 0 954.284 114.192 0.519122 983.131 109.513 0.459276 998.078 153.688 0.208443 0 0 0 927.442 117.121 0.55417 907.171 185.934 0.219739 0 0 0 981.669 178.114 0.321666 0 0 0 0 0 0 929.713 184.721 0.293038 913.739 219.113 0.0846217 0 0 0 0 0 0 0 0 0 966.765 83.6798 0.178685 941.862 85.9281 0.142431 0
0 111 246 0 0 0 955.65 113.678 0.591455 984.364 108.064 0.508698 998.945 152.39 0.287107 0 0 0 928.239 116.752 0.630277 907.387 187.383 0.26031 0 0 0 983.472 178.909 0.370316 0 0 0 0 0 0 930.872 186.532 0.340503 915.635 221.043 0.0623991 0 0 0 0 0 0 0 0 0 968.062 82.3751 0.15513 942.21 85.5286 0.15263 0
0 111 247 0 0 0 956.935 113.016 0.407687 985.234 106.747 0.337934 999.593 151.096 0.1 0 0 0 928.896 116.098 0.426059 907.596 187.815 0.50829 925.448 201.492 0.0578933 984.126 178.91 0.212104 0 0 0 0 0 0 931.095 186.095 0.163701 0 0 0 0 0 0 0 0 0 0 0 0 969.355 81.507 0.1 942.598 85.2192 0.1 0
0 111 248 0 0 0 958.009 111.941 0.346401 986.106 105.444 0.294563 1000.02 150.226 0.1 0 0 0 929.126 115.667 0.382287 908.018 187.593 0.518316 0 0 0 984.567 178.907 0.196237 0 0 0 0 0 0 932.396 185.659 0.153677 0 0 0 0 0 0 0 0 0 0 0 0 970.434 80.8514 0.1 942.822 84.9887 0.1 0
0 111 249 0 0 0 959.305 111.936 0.481291 987.841 104.586 0.41694 1000.35 148.929 0.1 0 0 0 929.346 115.887 0.514701 907.155 192.155 0.478302 915.698 205.415 0.0642009 986.315 180.862 0.288 0 0 0 0 0 0 933.706 190.008 0.235129 0 0 0 0 0 0 0 0 0 0 0 0 971.892 80.0254 0.132786 943.044 84.5641 0.130513 0
0 111 250 0 0 0 960.174 111.281 0.462561 989.142 103.932 0.369179 1000.77 148.714 0.1 0 0 0 929.566 115.873 0.512526 906.074 196.936 0.50923 925.391 209.25 0.0648381 987.824 181.726 0.184415 0 0 0 0 0 0 934.795 190.658 0.151996 0 0 0 0 0 0 0 0 0 0 0 0 973.35 79.1995 0.124946 943.62 84.1487 0.139038 0
0 111 251 0 0 0 960.624 109.995 0.545831 990.23 103.504 0.477404 1000.66 148.274 0.173006 0 0 0 930.008 114.783 0.579344 906.299 195.198 0.436553 915.682 203.456 0.095916 988.904 181.732 0.316648 0 0 0 0 0 0 936.303 190.23 0.266063 0 0 0 0 0 0 0 0 0 0 0 0 974.807 78.3735 0.18573 944.197 83.7334 0.153963 0
0 111 252 0 0 0 961.059 108.899 0.818735 990.667 103.485 0.778194 1000.66 147.615 0.550037 993.964 162.393 0.0677518 931.092 113.045 0.809359 907.824 188.456 0.514695 913.688 197.635 0.199411 988.036 180.865 0.536632 0 0 0 0 0 0 936.305 188.71 0.479796 911.706 219.088 0.0884148 0 0 0 0 0 0 0 0 0 976.265 77.5475 0.480891 944.773 83.3181 0.364231 0
0 111 253 0 0 0 961.568 107.876 0.500032 991.171 103.258 0.362146 1000.73 146.669 0.1 0 0 0 932.317 111.367 0.536086 909.637 181.428 0.546673 927.34 207.34 0.0609499 987.092 179.712 0.127795 0 0 0 0 0 0 936.376 186.898 0.144895 0 0 0 0 0 0 0 0 0 0 0 0 0 0 0 945.349 82.9027 0.111821 0
0 111 254 0 0 0 961.942 106.496 0.410604 991.534 102.602 0.329811 1000.87 145.436 0.1 0 0 0 933.684 109.549 0.430575 911.739 174.326 0.480252 917.597 193.744 0.063324 986.292 178.48 0.190372 0 0 0 0 0 0 936.741 184.797 0.160355 0 0 0 0 0 0 0 0 0 0 0 0 0 0 0 946.968 76.3118 0.0614074 0
0 111 255 0 0 0 962.387 104.754 0.355976 991.966 101.728 0.289264 1001.08 143.916 0.1 0 0 0 935.197 107.373 0.359631 914.127 166.933 0.138462 0 0 0 984.996 176.091 0.177493 0 0 0 0 0 0 936.961 179.797 0.178393 0 0 0 0 0 0 0 0 0 0 0 0 0 0 0 948.9 72.4152 0.052347 0
0 111 256 0 0 0 962.883 102.814 0.42573 992.57 100.619 0.345238 1001.62 142.004 0.123151 0 0 0 937.217 104.678 0.355004 916.799 158.305 0.157255 0 0 0 984.121 173.27 0.254057 0 0 0 0 0 0 937.502 175.047 0.2636 0 0 0 0 0 0 0 0 0 0 0 0 980.226 72.4084 0.0990105 0 0 0 0
0 111 257 0 0 0 963.378 100.875 0.1 993.174 99.5092 0.1 1002.16 140.092 0.1 0 0 0 939.236 101.983 0.1 919.47 149.677 0.1 0 0 0 983.246 170.448 0.1 0 0 0 0 0 0 938.043 170.298 0.1 0 0 0 0 0 0 0 0 0 0 0 0 0 0 0 0 0 0 127
0 111 258 0 0 0 963.874 98.935 0.1 993.779 98.3997 0.1 1002.7 138.179 0.1 0 0 0 941.255 99.2876 0.1 922.141 141.049 0.1 0 0 0 982.372 167.627 0.1 0 0 0 0 0 0 938.584 165.548 0.1 0 0 0 0 0 0 0 0 0 0 0 0 0 0 0 0 0 0 127
0 111 259 0 0 0 964.37 96.9954 0.366318 994.383 97.2902 0.333192 1003.24 136.267 0.118252 0 0 0 943.275 96.5926 0.33203 924.812 132.422 0.150406 0 0 0 981.497 164.805 0.25673 0 0 0 0 0 0 939.126 160.798 0.253687 0 0 0 0 0 0 0 0 0 0 0 0 982.192 66.5282 0.0931147 0 0 0 0
0 111 260 0 0 0 0 0 0 0 0 0 0 0 0 0 0 0 0 0 0 0 0 0 0 0 0 0 0 0 0 0 0 0 0 0 0 0 0 0 0 0 0 0 0 0 0 0 0 0 0 0 0 0 0 0 0 127
0 111 261 0 0 0 0 0 0 0 0 0 0 0 0 0 0 0 0 0 0 0 0 0 0 0 0 0 0 0 0 0 0 0 0 0 0 0 0 0 0 0 0 0 0 0 0 0 0 0 0 0 0 0 0 0 0 127
0 111 262 0 0 0 0 0 0 0 0 0 0 0 0 0 0 0 0 0 0 0 0 0 0 0 0 0 0 0 0 0 0 0 0 0 0 0 0 0 0 0 0 0 0 0 0 0 0 0 0 0 0 0 0 0 0 127
0 111 263 0 0 0 0 0 0 0 0 0 0 0 0 0 0 0 0 0 0 0 0 0 0 0 0 0 0 0 0 0 0 0 0 0 0 0 0 0 0 0 0 0 0 0 0 0 0 0 0 0 0 0 0 0 0 127
0 111 264 0 0 0 0 0 0 0 0 0 0 0 0 0 0 0 0 0 0 0 0 0 0 0 0 0 0 0 0 0 0 0 0 0 0 0 0 0 0 0 0 0 0 0 0 0 0 0 0 0 0 0 0 0 0 127
0 111 265 0 0 0 0 0 0 0 0 0 0 0 0 0 0 0 0 0 0 0 0 0 0 0 0 0 0 0 0 0 0 0 0 0 0 0 0 0 0 0 0 0 0 0 0 0 0 0 0 0 0 0 0 0 0 127
0 111 266 0 0 0 0 0 0 0 0 0 0 0 0 0 0 0 0 0 0 0 0 0 0 0 0 0 0 0 0 0 0 0 0 0 0 0 0 0 0 0 0 0 0 0 0 0 0 0 0 0 0 0 0 0 0 127
0 111 267 0 0 0 0 0 0 0 0 0 0 0 0 0 0 0 0 0 0 0 0 0 0 0 0 0 0 0 0 0 0 0 0 0 0 0 0 0 0 0 0 0 0 0 0 0 0 0 0 0 0 0 0 0 0 127
0 111 268 0 0 0 0 0 0 0 0 0 0 0 0 0 0 0 0 0 0 0 0 0 0 0 0 0 0 0 0 0 0 0 0 0 0 0 0 0 0 0 0 0 0 0 0 0 0 0 0 0 0 0 0 0 0 127
0 111 269 0 0 0 0 0 0 0 0 0 0 0 0 0 0 0 0 0 0 0 0 0 0 0 0 0 0 0 0 0 0 0 0 0 0 0 0 0 0 0 0 0 0 0 0 0 0 0 0 0 0 0 0 0 0 127
0 111 270 0 0 0 0 0 0 0 0 0 0 0 0 0 0 0 0 0 0 0 0 0 0 0 0 0 0 0 0 0 0 0 0 0 0 0 0 0 0 0 0 0 0 0 0 0 0 0 0 0 0 0 0 0 0 127
0 111 271 0 0 0 0 0 0 0 0 0 0 0 0 0 0 0 0 0 0 0 0 0 0 0 0 0 0 0 0 0 0 0 0 0 0 0 0 0 0 0 0 0 0 0 0 0 0 0 0 0 0 0 0 0 0 127
0 111 272 0 0 0 0 0 0 0 0 0 0 0 0 0 0 0 0 0 0 0 0 0 0 0 0 0 0 0 0 0 0 0 0 0 0 0 0 0 0 0 0 0 0 0 0 0 0 0 0 0 0 0 0 0 0 127
0 111 273 0 0 0 0 0 0 0 0 0 0 0 0 0 0 0 0 0 0 0 0 0 0 0 0 0 0 0 0 0 0 0 0 0 0 0 0 0 0 0 0 0 0 0 0 0 0 0 0 0 0 0 0 0 0 127
0 111 274 0 0 0 0 0 0 0 0 0 0 0 0 0 0 0 0 0 0 0 0 0 0 0 0 0 0 0 0 0 0 0 0 0 0 0 0 0 0 0 0 0 0 0 0 0 0 0 0 0 0 0 0 0 0 127
0 111 275 0 0 0 0 0 0 0 0 0 0 0 0 0 0 0 0 0 0 0 0 0 0 0 0 0 0 0 0 0 0 0 0 0 0 0 0 0 0 0 0 0 0 0 0 0 0 0 0 0 0 0 0 0 0 127
0 111 276 0 0 0 0 0 0 0 0 0 0 0 0 0 0 0 0 0 0 0 0 0 0 0 0 0 0 0 0 0 0 0 0 0 0 0 0 0 0 0 0 0 0 0 0 0 0 0 0 0 0 0 0 0 0 127
0 111 277 0 0 0 0 0 0 0 0 0 0 0 0 0 0 0 0 0 0 0 0 0 0 0 0 0 0 0 0 0 0 0 0 0 0 0 0 0 0 0 0 0 0 0 0 0 0 0 0 0 0 0 0 0 0 127
0 111 278 0 0 0 986.055 88.0828 0.268524 1009.62 86.1353 0.219475 0 0 0 0 0 0 960.72 90.0439 0.304057 942.975 135.05 0.240577 931.403 166.359 0.119475 993.978 170.223 0.183474 0 0 0 0 0 0 960.614 164.401 0.201123 0 0 0 0 0 0 0 0 0 0 0 0 0 0 0 0 0 0 0
1 111 418 0 0 0 1136.2 4.84584 0.586323 1150.02 4.84442 0.539286 1165.21 21.5352 0.572348 1174.08 38.0947 0.363895 1128.11 4.84887 0.54448 1116.86 21.5127 0.635116 1112.88 39.3061 0.561687 1145.4 43.6489 0.727844 1136.23 85.4308 0.790376 1131.39 124.391 0.671397 1128.72 42.0351 0.66931 1131.58 84.2278 0.719756 1128.71 119.795 0.641029 0 0 0 0 0 0 0 0 0 0 0 0 0
1 111 419 0 0 0 1137.37 4.8468 0.552261 1150.45 4.84546 0.495466 1165.21 21.5353 0.587408 1173.17 38.0288 0.39805 1128.82 4.8495 0.516309 1117.19 21.5048 0.622601 1113.44 39.2405 0.585268 1146.08 43.037 0.727835 1138.01 84.2336 0.785255 1132 122.369 0.687178 1129.35 41.6395 0.666229 1131.78 82.8979 0.741067 1129.16 117.702 0.656085 0 0 0 0 0 0 0 0 0 0 0 0 0
1 111 420 0 0 0 1138.54 4.84775 0.597582 1150.89 4.84651 0.558197 1165.22 21.5355 0.674244 1172.25 37.9628 0.619706 1129.53 4.85013 0.575185 1117.52 21.4969 0.671574 1114 39.1749 0.540291 1146.76 42.425 0.750778 1139.78 83.0364 0.786043 1132.6 120.347 0.73223 1129.97 41.244 0.696323 1131.98 81.568 0.726934 1129.62 115.609 0.608317 0 0 0 0 0 0 0 0 0 0 0 0 0
1 111 421 0 0 0 1139.71 4.8487 0.359971 1151.32 4.84755 0.317225 1165.22 21.5356 0.368936 1171.34 37.8968 0.213895 1130.24 4.85076 0.367193 1117.85 21.4889 0.36678 1114.56 39.1093 0.226434 1147.44 41.8131 0.463659 1141.56 81.8392 0.381537 1133.2 118.325 0.303733 1130.59 40.8484 0.437155 1132.18 80.2381 0.356017 1130.08 113.516 0.258293 0 0 0 0 0 0 0 0 0 0 0 0 0
1 111 422 0 0 0 1140.88 4.84966 0.1 1151.76 4.8486 0.1 1165.22 21.5357 0.1 1170.43 37.8308 0.1 1130.95 4.85139 0.1 1118.18 21.481 0.1 1115.12 39.0437 0.1 1148.12 41.2011 0.1 1143.34 80.6419 0.1 1133.8 116.302 0.1 1131.22 40.4529 0.1 1132.38 78.9082 0.1 1130.53 111.423 0.1 0 0 0 0 0 0 0 0 0 0 0 0 127
1 111 423 0 0 0 1141.96 4.85151 0.240718 1152.64 4.85009 0.205907 1165.67 21.529 0.194455 1170.43 37.8327 0.122247 1131.38 4.85179 0.259411 1118.61 21.2701 0.231083 1115.34 39.0502 0.153653 1148.98 40.5548 0.397425 1145.06 79.9925 0.261717 1135.32 114.995 0.157769 1131.66 40.0121 0.416381 1132.59 78.0434 0.282538 1130.96 110.326 0.187912 0 0 0 0 0 0 0 0 0 0 0 0 0
1 111 424 0 0 0 1142.83 4.8526 0.460161 1153.08 4.85092 0.40866 1165.88 21.5327 0.545533 1169.36 38.047 0.413418 1132.02 4.85219 0.467062 1119.05 21.2664 0.523902 1116.21 39.0377 0.335159 1149.42 40.3388 0.669381 1146.37 79.563 0.53794 1136.42 113.697 0.405131 1132.08 39.5807 0.667025 1132.6 77.6023 0.539772 1131.18 109.454 0.343319 0 0 0 0 0 0 0 0 0 0 0 0 0
1 111 425 0 0 0 1143.47 4.85674 0.347328 1153.52 4.85254 0.318525 1166.1 21.0901 0.386803 1168.7 37.1727 0.268037 1132.46 4.85435 0.350884 1119.63 21.2584 0.412235 1117.12 39.004 0.282249 1149.66 39.4695 0.584144 1147.23 78.4756 0.477344 1137.73 113.038 0.456502 1132.73 38.9215 0.589993 1132.83 76.5193 0.493995 1131.83 109.227 0.376555 0 0 0 0 0 0 0 0 0 0 0 0 0
1 111 426 0 0 0 1144.34 4.85978 0.510031 1153.95 4.85366 0.464382 1166.54 20.6468 0.567294 1168.97 36.6192 0.357687 1132.68 4.85533 0.518775 1120.36 21.2496 0.638082 1118.03 38.9704 0.536283 1150.32 38.5995 0.763785 1148.54 77.1758 0.760455 1139.04 112.593 0.715111 1133.17 38.0459 0.779878 1133.04 75.2241 0.757206 1132.04 109.221 0.65541 0 0 0 0 0 0 0 0 0 0 0 0 0
1 111 427 0 0 0 1145.19 4.86126 0.46077 1154.17 4.85447 0.406216 1167.19 20.2088 0.608412 1169.29 36.1795 0.527633 1132.8 4.85525 0.468501 1121.12 21.2433 0.598707 1118.95 38.9367 0.468297 1151.08 38.282 0.791898 1149.74 76.959 0.840404 1140.66 112.589 0.700538 1133.5 38.0378 0.818439 1133.26 75.0075 0.806889 1132.14 111.06 0.734478 0 0 0 0 0 0 0 0 0 0 0 0 0
1 111 428 0 0 0 1145.84 4.86334 0.465371 1155.02 4.85526 0.412433 1167.95 19.6656 0.57626 1169.68 35.8534 0.402668 1132.91 4.85533 0.463801 1122.21 20.3188 0.526485 1119.86 38.9031 0.345023 1151.73 37.8533 0.772814 1150.61 77.1717 0.814783 1142.29 113.461 0.668465 1133.72 37.4948 0.783527 1133.46 75.2251 0.789412 1132.12 114.421 0.722362 0 0 0 0 0 0 0 0 0 0 0 0 0
1 111 429 0 0 0 1146.28 4.86776 0.181979 1156.1 4.85684 0.147101 1168.82 19.0115 0.241807 1169.68 35.6234 0.103083 1133.14 4.85768 0.159187 1123.71 18.4722 0.1 0 0 0 1152.18 37.1924 0.577208 1151.27 76.9471 0.509774 1144.02 113.031 0.412769 1133.94 36.4086 0.587185 1133.68 75.0099 0.57586 1132.12 115.288 0.51015 0 0 0 0 0 0 0 0 0 0 0 0 0
1 111 430 0 0 0 1146.83 4.87225 0.1 1156.87 4.85884 0.1 1170.1 18.1779 0.1 1170.25 34.9393 0.1 1133.33 4.86002 0.1 1125.28 17.0121 0.1 0 0 0 1152.75 36.3028 0.439356 1152.17 75.8346 0.322854 1145.86 112.22 0.216489 1134.27 35.2794 0.42431 1134.01 73.9052 0.443589 1132.37 115.63 0.380335 0 0 0 0 0 0 0 0 0 0 0 0 0
1 111 431 0 0 0 1147.39 4.87674 0.178803 1157.64 4.86084 0.12157 1171.38 17.3442 0.124817 1170.82 34.2551 0.1 1133.52 4.86237 0.186511 1126.84 15.552 0.120149 0 0 0 1153.32 35.4131 0.364806 1153.07 74.7221 0.176494 1147.69 111.409 0.10936 1134.61 34.1502 0.358614 1134.34 72.8005 0.323863 1132.62 115.973 0.306321 0 0 0 0 0 0 0 0 0 0 0 0 0
1 111 432 0 0 0 1147.94 4.88123 0.1 1158.42 4.86284 0.1 1172.66 16.5105 0.1 1171.39 33.5709 0.1 1133.72 4.86472 0.1 1128.4 14.0919 0.1 0 0 0 1153.88 34.5235 0.1 1153.97 73.6096 0.1 1149.53 110.597 0.1 1134.94 33.021 0.1 1134.67 71.6958 0.1 1132.87 116.315 0.1 0 0 0 0 0 0 0 0 0 0 0 0 127
1 111 433 0 0 0 1148.5 4.88572 0.155378 1159.19 4.86484 0.127468 1173.94 15.6769 0.218491 1171.96 32.8867 0.113231 1133.91 4.86706 0.119887 1129.97 12.6317 0.126931 0 0 0 1154.45 33.6338 0.525804 1154.86 72.4971 0.404961 1151.36 109.786 0.356251 1135.27 31.8919 0.495438 1134.99 70.5911 0.563812 1133.12 116.658 0.443831 0 0 0 0 0 0 0 0 0 0 0 0 0
1 111 434 0 0 0 1148.47 4.88915 0.0839054 0 0 0 0 0 0 0 0 0 1134.79 4.8746 0.0647265 0 0 0 0 0 0 1152.46 33.2254 0.381198 1158.23 72.3836 0.276766 1150.47 109.573 0.228716 1136.73 29.3708 0.326928 1134.83 70.4584 0.415665 1132.76 115.387 0.312474 0 0 0 0 0 0 0 0 0 0 0 0 0
