0 111 38 39.0983 269.989 0.110406 -1.38773 303.771 0.515623 22.8416 306.274 0.688496 64.9187 374.845 0.75157 123.384 391.46 0.887398 0 0 0 0 0 0 0 0 0 18.2078 416.851 0.533206 23.1374 517.587 0.55608 -9.45135 608.953 0.198526 0.722734 416.373 0.312125 49.3682 502.605 0.604495 80.9096 585.488 0.726181 35.1854 260.242 0.170239 0 0 0 24.7535 267.145 0.43065 0 0 0 0
0 111 39 0 0 0 8.99129 303.316 0.627311 32.3995 306.012 0.707316 70.3785 376.406 0.804688 127.752 395.379 0.844976 0 0 0 0 0 0 0 0 0 28.2222 418.017 0.610051 37.8398 516.017 0.617018 1.57953 605.461 0.272875 9.45298 417.281 0.44343 57.8447 503.584 0.719383 83.7765 586.398 0.773761 0 0 0 0 0 0 35.0901 265.525 0.421639 0 0 0 0
0 111 40 66.5182 269.937 0.0607149 19.3703 302.86 0.708673 41.9575 305.751 0.726502 75.8383 377.968 0.782484 132.12 399.298 0.871001 3.47344 295.144 0.421422 0 0 0 0 0 0 38.2365 419.184 0.660862 52.5422 514.447 0.65232 12.6104 601.969 0.366705 18.1832 418.189 0.50777 66.3211 504.562 0.733259 86.6435 587.309 0.790815 0 0 0 0 0 0 45.4266 263.905 0.412079 0 0 0 0
0 111 41 70.3875 266.095 0.0691662 29.7493 302.405 0.733615 51.5154 305.49 0.721158 81.2981 379.529 0.806101 136.489 403.218 0.845962 12.6609 295.433 0.537045 4.86345 379.526 0.0528197 0 0 0 48.2508 420.35 0.638315 67.2445 512.877 0.635707 23.6413 598.477 0.554585 26.9135 419.096 0.562576 74.7976 505.541 0.622844 89.5104 588.219 0.736253 0 0 0 0 0 0 55.7631 262.285 0.482417 23.4955 256.297 0.0969454 0
0 111 42 0 0 0 40.1284 301.949 0.708568 61.0734 305.228 0.665754 86.7579 381.091 0.794685 140.857 407.137 0.848345 21.8483 295.721 0.571324 0 0 0 0 0 0 58.2652 421.516 0.67523 81.9469 511.306 0.699451 34.6721 594.985 0.655603 35.6437 420.004 0.504399 83.2741 506.52 0.59663 92.3774 589.129 0.702638 0 0 0 0 0 0 66.0996 260.664 0.308641 0 0 0 0
0 111 43 0 0 0 49.162 301.721 0.757673 70.2142 305.013 0.710845 93.0571 382.384 0.850747 144.782 408.895 0.864043 31.0357 296.01 0.595923 0 0 0 0 0 0 68.4876 421.512 0.729145 95.2175 509.563 0.730142 46.3057 592.808 0.238917 44.2378 419.792 0.575178 90.2421 507.599 0.615889 95.8567 590.008 0.662454 0 0 0 0 0 0 76.5245 259.585 0.316814 46.9239 258.244 0.0605114 0
0 111 44 99.8423 264.135 0.0563986 59.8061 301.077 0.745638 79.351 304.577 0.680411 98.2844 382.811 0.855107 148.271 411.937 0.828342 40.2231 296.299 0.614918 0 0 0 0 0 0 78.7046 420.859 0.680165 109.788 506.29 0.728088 60.5492 589.337 0.80792 53.4808 419.564 0.648337 97.2001 506.512 0.664567 97.8007 590.443 0.836577 95.8482 256.275 0.087825 0 0 0 86.957 258.289 0.506197 54.792 256.225 0.0730457 0
0 111 45 0 0 0 69.1576 299.997 0.789726 89.1314 304.135 0.724498 103.717 381.725 0.732421 151.516 413.898 0.83357 49.0361 295.43 0.651927 0 0 0 0 0 0 89.125 420.429 0.661887 122.828 503.241 0.768038 77.1832 586.508 0.668745 62.1706 419.341 0.60591 102.633 505.43 0.718151 99.099 590.441 0.847466 0 0 0 0 0 0 96.3135 257.638 0.439464 63.6431 257.358 0.159792 0
0 111 46 0 0 0 79.1617 299.122 0.759604 98.48 303.048 0.752719 109.157 380.432 0.684193 154.336 415.874 0.796702 58.9308 294.777 0.60157 0 0 0 0 0 0 99.1323 420.203 0.644312 134.789 501.059 0.676633 96.6373 583.459 0.624936 71.2957 418.691 0.658003 107.849 504.341 0.724893 99.3295 590.229 0.667022 0 0 0 0 0 0 106.307 256.764 0.494676 72.4865 255.148 0.142067 0
0 111 47 0 0 0 88.2883 297.607 0.81078 107.822 301.316 0.737285 115.451 378.262 0.708518 156.298 417.606 0.806573 67.8416 293.906 0.676086 0 0 0 0 0 0 109.122 418.246 0.633241 145.016 498.668 0.812809 117.613 579.978 0.595583 79.7682 416.735 0.681825 112.839 502.596 0.839144 99.5586 590.01 0.743564 0 0 0 0 0 0 115.216 255.028 0.429309 81.3298 252.938 0.147619 0
0 111 48 0 0 0 97.1919 295.868 0.794141 116.523 299.572 0.792077 121.319 376.08 0.742479 158.912 416.316 0.797137 76.5336 292.374 0.69307 0 0 0 0 0 0 118.467 415.43 0.663986 154.577 495.842 0.836171 128.248 577.591 0.797495 88.4665 414.125 0.720217 116.765 500.636 0.878032 99.9955 589.14 0.853463 0 0 0 0 0 0 124.561 253.499 0.525163 90.1732 250.728 0.189022 0
0 111 49 0 0 0 105.669 294.783 0.758021 125.219 298.266 0.688078 128.053 374.128 0.627465 162.176 416.099 0.642444 84.801 291.944 0.744162 0 0 0 0 0 0 127.599 413.692 0.648304 163.928 493.019 0.838658 145.431 576.505 0.746329 97.3739 412.382 0.716192 121.757 498.469 0.876226 100.228 587.843 0.883166 0 0 0 0 0 0 133.257 253.068 0.447014 99.0166 248.518 0.194537 0
0 111 50 0 0 0 114.15 294.346 0.828053 133.702 297.826 0.710607 135.439 371.953 0.681903 168.045 414.796 0.569162 92.8481 291.295 0.723586 0 0 0 0 0 0 137.799 412.176 0.627109 171.76 491.067 0.831405 160.211 576.292 0.80973 106.282 411.074 0.702248 127.623 496.728 0.845594 101.739 585.885 0.885456 0 0 0 0 0 0 141.084 253.068 0.423567 107.5 247.109 0.203262 0
0 111 51 162.442 248.506 0.0600534 122.193 293.471 0.750461 142.183 296.961 0.694302 143.921 369.991 0.712412 175.226 413.928 0.663625 100.893 290.647 0.709711 0 0 0 0 0 0 146.714 411.313 0.602867 179.795 490.195 0.894109 172.372 575.209 0.841059 115.408 410.426 0.692135 134.155 495.429 0.864025 103.928 584.141 0.900224 160.401 238.707 0.088126 0 0 0 149.128 253.054 0.451384 115.872 245.975 0.123253 0
0 111 52 0 0 0 130.874 291.953 0.762601 150.653 295.434 0.7148 152.188 368.472 0.615009 183.486 414.572 0.497858 109.371 289.558 0.64052 0 0 0 0 0 0 154.981 410.444 0.610153 186.741 489.764 0.788063 181.931 574.136 0.862234 124.1 409.549 0.663317 141.554 493.475 0.885625 107.202 580.222 0.879751 0 0 0 0 0 0 157.393 252.175 0.373469 123.922 244.68 0.132322 0
0 111 53 177.996 258.23 0.0660589 138.492 290.424 0.719039 158.697 293.697 0.681001 160.67 366.74 0.699863 192.387 414.135 0.649407 117.839 288.475 0.664564 0 0 0 0 0 0 163.024 409.138 0.648173 192.395 488.691 0.828396 188.881 574.142 0.862978 132.58 407.819 0.695001 150.458 491.527 0.878239 112.206 575.655 0.829669 172.194 250.452 0.0976689 0 0 0 164.576 250.867 0.503745 131.957 243.283 0.1 0
0 111 54 185.543 261.098 0.243232 146.531 289.997 0.787849 166.302 292.611 0.71528 169.376 365.868 0.680315 202.175 413.931 0.598373 125.446 288.26 0.712485 0 0 0 0 0 0 169.986 407.616 0.662839 198.262 487.609 0.770546 193.449 573.061 0.873455 140.637 406.293 0.686957 159.375 489.361 0.835394 119.368 570.643 0.785139 180.697 252.692 0.300918 0 0 0 172.177 249.999 0.607884 139.351 243.07 0.1 0
0 111 55 192.777 258.38 0.128943 153.923 289.128 0.723314 173.905 291.53 0.685898 178.282 365.207 0.704111 213.052 412.837 0.72846 133.27 287.179 0.707917 0 0 0 0 0 0 177.158 406.093 0.725271 203.041 487.175 0.743028 195.187 572.42 0.740878 149.113 404.766 0.643506 170.024 487.622 0.766044 128.491 566.292 0.743144 188.095 250.176 0.160844 0 0 0 179.348 249.128 0.560953 146.959 242.525 0.1 0
0 111 56 200.011 255.662 0.1 161.737 287.824 0.779089 181.29 290.008 0.658839 187.195 364.553 0.624287 225.227 411.107 0.729729 140.877 286.087 0.691375 0 0 0 0 0 0 184.117 404.793 0.613386 208.24 486.519 0.804627 195.407 572.2 0.846994 156.733 403.684 0.637447 180.678 485.674 0.752513 140.215 563.034 0.869336 195.492 247.66 0.1 0 0 0 186.737 248.698 0.437128 154.144 241.649 0.102664 0
0 111 57 207.246 252.944 0.121189 168.912 286.09 0.788959 188.247 288.063 0.691286 196.539 363.685 0.765846 236.967 410.661 0.756007 148.276 284.352 0.749691 0 0 0 0 0 0 190.649 403.92 0.650162 213.03 485.86 0.709679 195.413 571.984 0.858986 165.203 402.598 0.707403 192.625 483.717 0.754822 154.346 559.338 0.794969 202.89 245.144 0.153852 0 0 0 193.911 247.61 0.540237 161.102 240.248 0.1 0
0 111 58 214.48 250.227 0.1 176.512 283.908 0.790846 195.635 285.662 0.77219 205.659 361.94 0.785119 248.263 408.05 0.750974 155.661 282.164 0.695361 0 0 0 0 0 0 197.173 401.741 0.715257 216.938 484.775 0.71052 195.627 571.764 0.880788 173.245 399.995 0.674727 203.288 481.748 0.787133 169.99 555.64 0.826079 210.288 242.628 0.112676 0 0 0 201.087 245.212 0.494008 168.164 238.473 0.107642 0
0 111 59 221.714 247.509 0.17712 183.677 280.861 0.761512 202.375 282.402 0.705015 214.354 360.209 0.750902 258.27 405.224 0.807171 163.482 279.339 0.708633 0 0 0 0 0 0 202.396 399.993 0.668349 220.422 483.699 0.716992 195.632 571.546 0.874523 180.644 397.608 0.682258 213.512 479.789 0.602211 186.094 553.028 0.681666 217.686 240.112 0.229606 0 0 0 208.912 242.386 0.598364 175.766 236.638 0.1 0
0 111 60 228.948 244.791 0.113568 191.069 278.036 0.769045 209.325 279.568 0.734842 223.041 358.468 0.783469 268.26 401.969 0.911521 171.303 276.08 0.684817 209.307 336.598 0.0519661 0 0 0 208.054 397.597 0.708023 223.911 482.613 0.78563 195.637 571.321 0.814657 187.82 394.998 0.596793 222.639 478.036 0.580204 203.254 551.505 0.563937 225.083 237.597 0.146067 0 0 0 216.085 239.568 0.512904 183.264 234.814 0.102605 0
0 111 61 0 0 0 198.034 276.07 0.797397 216.067 277.396 0.743475 230.877 356.296 0.723556 277.171 398.273 0.823829 178.905 273.909 0.725393 223.022 346.314 0.0837438 0 0 0 214.145 396.07 0.706968 228.689 481.525 0.787481 195.649 571.099 0.885452 194.994 393.257 0.602714 230.668 476.953 0.652069 218.672 551.508 0.745374 0 0 0 0 0 0 223.255 237.616 0.517467 190.657 233.002 0.1 0
0 111 62 240.586 238.685 0.0549012 205.429 274.117 0.81454 222.807 275.441 0.792295 238.693 354.776 0.849187 285.005 395.664 0.885022 186.52 271.948 0.714259 223.053 338.538 0.0682357 0 0 0 220.449 395.414 0.696029 233.694 481.523 0.819968 196.307 570.657 0.892834 202.166 392.382 0.561545 237.628 477.163 0.740086 232.37 552.169 0.794915 0 0 0 0 0 0 230.425 235.659 0.543824 198.051 231.362 0.157277 0
0 111 63 0 0 0 212.824 272.591 0.777978 229.782 274.138 0.751215 245.64 353.694 0.772589 292.181 393.921 0.844977 194.776 270.212 0.696733 240.609 348.207 0.0896087 0 0 0 227.194 395.191 0.726215 239.35 481.302 0.758718 197.823 569.355 0.889261 209.774 391.946 0.554754 245.659 477.159 0.683898 244.113 553.476 0.794081 0 0 0 0 0 0 238.037 234.786 0.450777 205.872 229.749 0.124213 0
0 111 64 256.257 240.533 0.0648385 220.428 271.727 0.722836 236.091 273.271 0.741351 251.941 352.621 0.794032 298.477 393.271 0.834938 202.824 269.556 0.642514 242.654 346.26 0.0826583 0 0 0 233.927 394.977 0.65598 246.092 480.444 0.804276 200.004 567.614 0.870191 217.602 391.517 0.551123 252.4 476.943 0.727519 254.102 553.917 0.774726 0 0 0 0 0 0 244.999 234.566 0.490055 213.692 228.135 0.1 0
0 111 65 0 0 0 227.612 271.729 0.75539 242.621 273.917 0.738004 256.948 352.403 0.802819 302.818 393.259 0.854016 210.866 269.34 0.676208 252.368 344.342 0.0638341 0 0 0 240.88 395.191 0.718989 253.494 479.575 0.730854 203.926 564.574 0.698803 225.638 391.729 0.584112 258.922 476.932 0.673179 261.492 553.262 0.607267 0 0 0 0 0 0 251.958 234.781 0.41822 221.513 226.521 0.1 0
0 111 66 0 0 0 235.002 271.726 0.719242 249.139 274.56 0.699566 261.291 353.051 0.746021 306.291 393.702 0.801465 219.125 268.906 0.665404 254.309 346.305 0.063387 0 0 0 247.822 394.977 0.662874 261.976 478.707 0.736757 209.802 561.09 0.754504 232.816 391.08 0.586823 264.351 476.71 0.709396 265.41 551.96 0.747643 0 0 0 0 0 0 258.915 234.997 0.493585 229.333 224.907 0.110586 0
0 111 67 277.873 240.714 0.0526894 242.19 271.519 0.723485 254.8 274.783 0.651331 264.769 353.921 0.786453 308.908 395.005 0.855787 227.818 268.047 0.674806 0 0 0 0 0 0 254.124 393.891 0.708415 271.983 477.177 0.775209 217.834 557.84 0.749464 239.555 390.213 0.567369 269.558 475.848 0.657774 267.585 551.308 0.732155 273.931 236.692 0.076598 0 0 0 266.522 235.43 0.412488 238.678 236.695 0.0893494 0
0 111 68 285.891 244.072 0.149568 249.364 271.74 0.718523 261.104 275.431 0.679494 267.807 354.565 0.809745 310.641 397.613 0.844473 236.081 268.045 0.651027 0 0 0 0 0 0 261.079 393.241 0.674366 281.986 475.214 0.786762 228.051 553.931 0.790803 246.505 389.563 0.527938 273.68 474.989 0.659619 269.1 551.305 0.818125 282.448 238.635 0.183643 0 0 0 273.692 236.51 0.569547 242.628 238.621 0.0677284 0
0 111 69 293.651 243.87 0.129263 256.967 272.17 0.7729 265.893 275.662 0.710684 269.763 354.57 0.810006 310.437 400.432 0.838591 246.731 268.694 0.673081 0 0 0 0 0 0 267.593 392.375 0.703986 292.419 473.044 0.782604 239.352 550.458 0.730702 254.545 388.908 0.567114 277.366 473.908 0.690354 269.329 550.874 0.808493 290.04 237.722 0.180489 0 0 0 280.649 236.728 0.571561 252.409 238.624 0.089691 0
0 111 70 301.411 243.667 0.157621 265.226 272.392 0.649956 271.117 276.091 0.701105 271.713 354.561 0.787046 310.213 402.817 0.776571 257.384 268.912 0.52544 287.513 348.213 0.0704122 0 0 0 273.676 391.072 0.63038 301.772 470.866 0.772484 253.042 547.192 0.662354 262.591 387.607 0.491856 281.507 472.602 0.63313 269.548 550.435 0.637615 297.631 236.81 0.182152 0 0 0 286.955 237.373 0.484376 0 0 0 0
0 111 71 309.171 243.464 0.1 273.047 272.827 0.649614 276.766 276.532 0.703157 274.097 354.338 0.749634 309.339 403.693 0.691297 267.816 269.346 0.488768 293.454 329.442 0.138772 0 0 0 279.983 390.205 0.616522 311.54 468.469 0.807506 269.125 544.147 0.609906 270.42 386.744 0.514527 285.209 471.085 0.761286 269.759 549.991 0.648925 305.222 235.897 0.116161 0 0 0 293.912 237.809 0.426846 0 0 0 0
0 111 72 316.931 243.261 0.247855 280.432 272.61 0.639492 281.977 276.105 0.677669 276.274 353.892 0.757178 308.246 404.13 0.7028 277.386 269.118 0.519451 299.223 331.35 0.1 0 0 0 286.065 388.909 0.637865 320.451 466.297 0.853505 286.301 541.748 0.736824 277.366 385.448 0.539992 288.259 469.996 0.806003 269.973 549.552 0.782639 312.813 234.984 0.275203 0 0 0 300.647 237.155 0.521562 0 0 0 0
0 111 73 324.116 243.042 0.155514 288.041 272.604 0.621419 288.491 276.1 0.649112 279.537 353.452 0.741342 307.593 404.134 0.723472 286.624 269.002 0.441515 304.993 333.258 0.277296 319.263 364.884 0.284877 292.371 388.041 0.635117 328.712 464.329 0.866684 303.696 540.006 0.783528 283.448 384.791 0.473726 291.086 468.908 0.84618 269.981 548.894 0.802727 319.991 234.115 0.168548 0 0 0 307.814 236.503 0.334561 0 0 0 0
0 111 74 332.366 243.252 0.265671 295.435 272.601 0.587971 294.363 275.881 0.657975 283.232 353.011 0.747549 308.246 404.573 0.702248 295.969 268.999 0.450448 310.763 335.167 0.117957 327.204 365.755 0.1 298.464 387.388 0.610486 336.533 462.596 0.840231 319.993 539.795 0.794587 289.755 384.357 0.476909 293.476 468.258 0.813884 269.985 548.465 0.801082 328.025 233.9 0.268325 0 0 0 315.638 236.066 0.365483 0 0 0 0
0 111 75 339.549 243.911 0.14277 303.049 273.042 0.632321 300.232 276.105 0.639563 286.939 351.709 0.701576 308.895 404.789 0.636494 305.099 269.652 0.42924 316.533 337.075 0.10516 335.145 366.626 0.1 305.423 387.167 0.634324 343.694 461.295 0.811325 333.902 540.232 0.766583 296.93 384.573 0.505378 296.302 467.832 0.802972 271.06 549.116 0.831284 335.412 234.778 0.162407 0 0 0 322.817 236.496 0.352902 0 0 0 0
0 111 76 346.945 245.212 0.222753 310.429 274.562 0.611705 306.524 277.196 0.655507 291.946 350.844 0.772493 311.293 405.438 0.705675 314.874 271.82 0.469064 323.713 337.932 0.20159 343.085 367.497 0.271644 311.951 387.822 0.619712 349.339 460.65 0.869578 345.642 540.231 0.784954 304.979 384.79 0.519749 299.788 467.618 0.774031 272.369 548.679 0.840259 342.589 236.293 0.226408 0 0 0 329.34 237.154 0.402564 0 0 0 0
0 111 77 354.117 246.291 0.174129 318.682 275.433 0.634822 313.045 278.067 0.662642 298.036 350.197 0.687753 315.639 405.003 0.541331 324.219 272.909 0.1 331.32 338.26 0.1 351.026 368.368 0.1 318.476 387.826 0.616162 354.557 460.647 0.863745 355.206 540.884 0.794184 313.244 385.002 0.531294 305.009 467.395 0.797394 273.021 547.375 0.836228 349.763 236.732 0.188466 0 0 0 336.299 237.378 0.376371 0 0 0 0
0 111 78 361.72 247.594 0.159655 325.651 275.652 0.5973 320.862 278.066 0.618814 304.987 349.989 0.755893 321.293 404.139 0.665125 330.53 273.342 0.432997 338.268 339.78 0.1 358.752 367.063 0.198895 324.999 387.819 0.602196 356.298 460.865 0.812945 354.115 539.802 0.817768 320.856 384.995 0.510973 315.02 466.739 0.841665 284.107 546.517 0.847315 356.951 238.032 0.178057 0 0 0 343.473 238.03 0.395509 0 0 0 0
0 111 79 368.891 248.895 0.162173 332.393 275.656 0.610249 328.677 278.069 0.607242 312.597 350.002 0.744686 328.261 403.06 0.698436 337.161 273.671 0.434308 344.682 341.193 0.137258 366.383 365.033 0.254163 331.086 387.6 0.619813 358.473 461.081 0.857748 351.287 538.068 0.803429 327.81 384.779 0.47226 325.441 466.082 0.765545 295.203 545.656 0.817817 364.555 238.692 0.18957 0 0 0 351.295 238.251 0.337222 0 0 0 0
0 111 80 375.854 250.635 0.192117 339.351 276.311 0.61594 335.417 279.144 0.66252 319.559 350.011 0.753187 335.445 402.616 0.708025 344.551 274.324 0.48446 352.071 341.409 0.231398 373.92 362.279 0.160273 336.741 386.954 0.640222 362.608 461.082 0.787844 354.335 538.502 0.797401 335.201 384.336 0.496188 333.911 465.415 0.768504 298.916 542.393 0.796417 371.728 240.647 0.185134 0 0 0 358.04 239.338 0.310259 0 0 0 0
0 111 81 382.602 251.725 0.225887 346.095 276.527 0.566754 342.584 280.005 0.602588 327.603 350.238 0.659384 344.154 402.18 0.561508 350.425 274.542 0.414053 359.252 340.974 0.133981 381.745 360.973 0.1 342.829 386.516 0.598203 366.521 461.297 0.626006 355.64 538.942 0.694287 340.864 383.893 0.488275 341.954 464.543 0.585591 304.358 538.913 0.613198 378.472 241.953 0.236109 0 0 0 365.218 240.207 0.36556 0 0 0 0
0 111 82 389.557 253.031 0.19855 352.618 276.524 0.581579 348.787 280.98 0.649854 334.994 350.673 0.67271 353.834 402.068 0.603982 356.837 274.652 0.430664 367.515 339.956 0.127909 391.196 359.34 0.1 348.265 385.871 0.657587 370.436 461.089 0.703436 356.284 538.943 0.798501 347.603 383.241 0.577845 350.646 463.449 0.769032 312.184 534.778 0.710303 385.642 243.258 0.207223 0 0 0 371.962 240.646 0.318427 0 0 0 0
0 111 83 396.518 254.334 0.165088 359.572 277.393 0.518093 355.311 282.062 0.569618 342.386 351.117 0.629452 364.051 401.643 0.580663 364.448 275.093 0.1 376.212 337.93 0.1 399.675 356.517 0.1 353.48 385.656 0.643788 374.129 461.093 0.69733 356.072 538.731 0.807845 355.433 382.378 0.515544 360.211 462.148 0.812414 321.315 531.723 0.753244 392.384 244.349 0.164619 0 0 0 377.835 241.296 0.287268 0 0 0 0
0 111 84 403.258 254.335 0.245854 366.088 276.733 0.573944 361.831 280.973 0.634662 350.634 351.126 0.695024 374.28 400.992 0.625505 371.185 274.446 0.423087 384.683 335.975 0.194288 408.595 354.78 0.236371 357.617 384.782 0.608272 377.388 461.086 0.751896 356.294 538.084 0.700348 362.387 381.07 0.526355 369.782 460.84 0.671913 332.195 530.202 0.655627 399.126 244.345 0.236967 0 0 0 384.356 240.647 0.324449 0 0 0 1
0 111 85 409.13 254.121 0.163139 371.962 275.422 0.495963 367.706 279.448 0.535658 358.022 350.801 0.66035 383.842 398.828 0.61777 375.97 273.143 0.372031 391.856 334.019 0.160899 417.072 352.177 0.275511 362.619 384.131 0.62174 381.086 461.083 0.777688 356.949 537.857 0.807289 367.604 380.635 0.485159 379.125 459.969 0.758108 345.01 528.683 0.770864 405.644 243.918 0.165248 0 0 0 390.662 240.213 0.287952 0 0 0 1
0 111 86 415.222 253.256 0.309509 377.402 274.556 0.538796 372.702 278.358 0.1 364.756 350.583 0.1 392.972 396.658 0.1 382.487 272.493 0.406145 398.813 332.489 0.288776 425.713 351.305 0.333674 366.535 383.695 0.660072 384.776 460.654 0.783411 357.597 537.639 0.817082 373.264 380.2 0.485296 388.05 458.667 0.709954 358.706 526.954 0.782291 411.513 243.489 0.313703 0 0 0 396.53 239.772 0.388951 0 0 0 1
0 111 87 421.306 253.25 0.229541 382.835 274.347 0.495462 377.714 278.347 0.567483 371.495 350.572 0.642618 402.748 394.484 0.727315 388.784 272.485 0.349412 405.769 330.321 0.298801 433.868 351.086 0.36711 370.67 384.564 0.571053 391.075 460.428 0.716268 367.603 538.939 0.74253 378.268 380.431 0.485716 393.044 457.364 0.621633 364.139 523.253 0.672012 418.025 243.485 0.213474 0 0 0 403.043 239.771 0.220971 0 0 0 1
0 111 88 426.754 253.474 0.205537 388.264 274.567 0.587691 382.059 278.351 0.668502 377.576 350.566 0.627626 411.004 392.527 0.710243 394.548 272.386 0.510228 413.043 329.127 0.481805 443.053 353.033 0.546283 375.018 385.658 0.618032 396.721 460.43 0.751739 376.949 540.885 0.72646 383.704 381.297 0.504167 398.041 456.285 0.577858 371.312 520.199 0.444183 423.888 243.913 0.203768 0 0 0 408.486 239.994 0.357199 0 0 0 1
0 111 89 433.054 253.043 0.314875 393.489 274.136 0.605934 386.628 277.277 0.1 383.444 350.551 0.1 419.475 390.581 0.1 400.209 271.964 0.512215 420.213 328.473 0.373039 452.834 356.076 0.434277 379.364 386.52 0.665034 399.758 460.646 0.770882 377.38 540.463 0.729904 388.919 381.74 0.45238 404.785 455.423 0.550402 386.742 520.205 0.490293 429.978 243.266 0.303587 0 0 0 414.569 239.57 0.438924 0 0 0 1
0 111 90 438.699 253.475 0.310059 398.919 274.569 0.741037 390.98 276.842 0.796323 388.229 350.548 0.722389 426.861 388.836 0.645633 407.38 272.413 0.639666 428.041 328.037 0.634463 461.755 358.258 0.509969 382.618 387.385 0.664226 402.582 460.652 0.775865 377.597 540.458 0.834558 395.649 382.183 0.60767 411.525 454.124 0.683368 400.445 520.634 0.684359 435.842 243.485 0.328018 0 0 0 419.996 239.787 0.408983 0 0 0 1
0 111 91 444.995 253.7 0.249753 404.566 275.014 0.678346 395.433 275.875 0.764729 393.23 350.328 0.753009 433.049 386.979 0.711677 414.552 273.291 0.586852 435.003 328.265 0.618938 469.361 360.652 0.561636 385.661 388.029 0.68207 405.409 460.863 0.785672 377.603 540.672 0.820222 401.089 382.619 0.619188 417.189 453.479 0.731162 411.761 521.949 0.711179 441.712 243.71 0.256003 0 0 0 425.646 240.226 0.457911 0 0 0 1
0 111 92 450.431 253.913 0.400528 409.998 274.795 0.713087 400.212 274.581 0.801122 398.01 349.669 0.807999 437.402 385.01 0.664426 420.213 273.94 0.622163 441.309 329.129 0.635766 477.619 364.343 0.623235 388.276 387.371 0.674442 407.597 460.635 0.827108 377.821 540.877 0.83914 404.78 382.398 0.619868 421.763 452.393 0.72741 421.765 521.958 0.715604 447.583 243.709 0.385736 0 0 0 432.159 240.451 0.505813 0 0 0 1
0 111 93 455.873 255.217 0.451619 415.436 276.1 0.765711 404.994 275.664 0.808252 401.716 349.653 0.831146 442.182 383.484 0.75047 426.303 275.674 0.682905 447.617 329.555 0.694298 484.348 367.373 0.689196 390.882 387.156 0.671317 409.777 460.421 0.78571 378.036 541.305 0.834992 408.044 382.617 0.641631 426.11 451.094 0.774344 429.808 520.658 0.787276 453.237 245.229 0.45575 0 0 0 437.814 241.975 0.54082 0 0 0 1
0 111 94 462.399 255.665 0.581495 421.302 276.545 0.747736 410.867 276.314 0.775956 404.988 349.542 0.82425 446.093 382.607 0.785597 432.392 276.327 0.687937 452.404 329.56 0.674632 490.209 370.194 0.709753 392.838 386.94 0.656373 411.302 460.424 0.782957 377.817 541.527 0.81842 411.308 382.62 0.668696 430.444 449.797 0.803492 435.894 520.01 0.829127 459.76 246.529 0.555724 0 0 0 444.549 243.064 0.584131 0 0 0 1
0 111 95 468.93 256.766 0.481929 427.605 277.843 0.742298 416.953 276.751 0.800559 407.823 349.541 0.819524 449.138 383.257 0.728903 438.485 278.271 0.661094 458.056 330.871 0.724048 496.076 373.457 0.653281 395.015 386.722 0.643869 412.831 460.85 0.828949 377.606 541.738 0.818222 414.556 382.834 0.671893 433.689 449.144 0.775299 440.674 519.793 0.839513 466.506 248.043 0.481862 0 0 0 451.079 244.155 0.604881 0 0 0 1
0 111 96 475.667 258.727 0.477118 433.905 279.567 0.729196 422.169 277.84 0.759838 409.792 349.329 0.799085 451.094 384.126 0.671754 444.797 280.021 0.649664 464.569 332.169 0.728752 501.292 376.496 0.787838 396.751 385.646 0.66286 416.967 459.342 0.775744 385.001 539.777 0.805129 417.157 382.612 0.629995 432.833 450.451 0.744346 435.889 523.272 0.824685 473.028 249.794 0.434738 0 0 0 456.955 246.104 0.538601 0 0 0 1
0 111 97 482.605 260.46 0.274669 439.558 280.87 0.730185 427.61 278.92 0.742927 411.977 349.11 0.802031 452.615 384.776 0.642917 451.095 281.75 0.62001 469.574 332.82 0.547098 505.639 379.546 0.409838 397.834 384.551 0.677302 417.633 459.123 0.748973 385.006 539.562 0.78886 418.898 382.174 0.608054 434.804 450.009 0.773463 436.758 524.144 0.828998 479.773 251.32 0.301253 0 0 0 463.692 247.833 0.51819 0 0 0 1
0 111 98 488.695 262.641 0.418871 445.639 282.383 0.691725 433.047 280.21 0.695714 414.373 348.898 0.761894 454.14 386.722 0.64857 457.609 283.7 0.534448 474.798 334.774 0.322627 509.111 382.801 0.216401 397.826 383.904 0.667488 418.081 458.909 0.766451 385.009 539.551 0.775527 419.986 382.384 0.568231 436.976 449.354 0.782636 436.751 524.361 0.80379 485.874 254.143 0.421846 0 0 0 469.997 249.787 0.612564 0 0 0 1
0 111 99 495.219 265.251 0.445151 451.726 283.905 0.699532 438.478 281.507 0.744046 416.553 348.886 0.799062 454.791 388.687 0.62124 464.338 286.085 0.611194 480.226 336.941 0.478131 512.577 386.274 0.402003 397.174 383.476 0.658806 418.522 458.684 0.727093 385.009 539.335 0.742573 420.427 382.605 0.605049 439.368 448.927 0.749559 436.742 524.363 0.73272 491.963 257.185 0.471944 0 0 0 475.653 251.966 0.57179 0 0 0 1
0 111 100 501.097 268.286 0.522033 457.169 286.074 0.750104 443.919 283.24 0.791947 418.505 348.877 0.804259 454.364 390.869 0.669334 469.991 288.685 0.644944 485.011 339.323 0.595178 514.986 389.321 0.588 396.092 383.048 0.656741 418.734 458.253 0.745416 385.004 539.116 0.775416 421.083 382.609 0.598238 442.393 447.62 0.672263 436.73 524.144 0.70927 498.271 260.221 0.53363 0 0 0 482.175 254.791 0.626532 0 0 0 1
0 111 101 506.748 273.5 0.51515 461.739 288.248 0.777549 449.135 285.408 0.776446 420.241 349.093 0.73465 454.151 393.482 0.606578 474.331 291.075 0.62446 487.838 340.415 0.365855 515.757 387.804 0.303527 395.003 383.268 0.664462 418.72 458.04 0.764251 384.997 538.898 0.803891 420.872 383.041 0.618019 444.997 446.526 0.833743 436.728 523.926 0.827667 503.93 265.005 0.50957 0 0 0 487.628 258.485 0.597861 0 0 0 1
0 111 102 512.176 278.499 0.484189 465.871 289.562 0.756257 455.007 287.362 0.782235 421.982 349.1 0.754963 452.62 395.215 0.67541 475.851 291.73 0.653039 489.36 341.292 0.715507 515.332 382.602 0.817225 395.443 383.706 0.65659 423.284 455.647 0.793257 392.394 536.721 0.783117 416.961 383.258 0.647754 442.164 447.817 0.821525 429.335 525.873 0.780139 509.369 269.353 0.477555 0 0 0 493.491 262.824 0.60901 0 0 0 1
0 111 103 517.599 284.139 0.460847 470.227 292.591 0.750453 459.14 289.752 0.788554 423.714 349.1 0.792121 450.451 396.744 0.721308 480.861 294.986 0.649433 494.582 344.336 0.6975 518.813 386.515 0.760248 394.135 383.707 0.652099 422.838 455.428 0.808845 392.18 536.504 0.768836 417.611 383.687 0.610702 443.693 447.372 0.798892 429.338 525.855 0.737249 514.585 274.571 0.479186 0 0 0 498.705 267.168 0.597113 0 0 0 1
0 111 104 522.375 290.861 0.336296 473.276 294.772 0.670356 464.363 292.362 0.753831 425.664 349.536 0.823246 449.141 398.051 0.658302 481.734 295.864 0.582729 497.086 347.813 0.623361 521.42 389.885 0.527984 393.475 383.713 0.659098 422.396 455.21 0.823269 391.967 536.294 0.812639 412.612 383.471 0.5636 440.429 448.454 0.748158 421.941 527.798 0.816982 519.793 280.228 0.351354 0 0 0 503.918 271.741 0.488031 0 0 0 1
0 111 105 526.947 296.292 0.57059 476.976 298.038 0.644899 468.271 295.19 0.711077 427.392 350.192 0.811529 446.754 399.35 0.634572 485.86 299.557 0.484929 497.748 352.384 0.136997 524.462 394.458 0.1 391.738 383.699 0.666166 418.7 456.501 0.82195 384.353 538.043 0.785637 412.4 383.684 0.55236 445.191 446.064 0.746025 429.332 525.621 0.774071 524.577 285.446 0.520515 0 0 0 508.702 276.525 0.623907 0 0 0 1
0 111 106 530.869 303.242 0.29856 480.248 301.505 0.64783 471.538 298.895 0.565135 428.685 351.495 0.654804 445.89 400.872 0.483851 489.343 302.599 0.522414 498.182 357.165 0.109305 523.159 396.858 0.304826 389.994 383.706 0.596441 418.255 456.074 0.695968 384.131 538.048 0.803382 411.312 383.901 0.538051 446.697 444.98 0.778587 429.336 525.401 0.816187 528.709 292.185 0.293731 0 0 0 512.613 281.748 0.602361 0 0 0 1
0 111 107 534.344 309.98 0.399707 483.08 304.553 0.661975 475.448 302.379 0.689192 429.552 352.585 0.77244 444.365 401.317 0.549891 491.741 304.55 0.582832 496.707 360.374 0.563355 521.429 393.173 0.492829 388.697 383.482 0.658975 417.811 455.427 0.839008 383.912 538.051 0.810723 410.658 383.469 0.566333 447.988 443.897 0.738462 429.347 525.188 0.831524 532.613 298.491 0.377236 0 0 0 516.523 287.183 0.507599 0 0 0 1
0 111 108 538.043 316.287 0.424811 486.56 307.821 0.571049 481.543 307.601 0.530475 442.374 359.55 0.407362 455.458 405.439 0.324625 492.404 305.416 0.422108 493.559 362.885 0.1 519.532 389.26 0.1 391.525 382.388 0.607304 422.798 453.683 0.539474 391.311 536.095 0.479439 405.877 381.942 0.505143 442.773 445.188 0.433643 421.741 527.154 0.47445 536.966 304.58 0.394986 0 0 0 521.522 293.267 0.596089 0 0 0 1
0 111 109 540.21 323.464 0.474895 489.384 310.647 0.674845 485.783 311.731 0.628061 448.792 363.254 0.699888 461.325 407.934 0.54061 492.413 306.509 0.568381 489.369 364.469 0.282858 517.67 385.346 0.26 394.557 381.077 0.657111 427.802 451.941 0.826982 398.711 534.135 0.806815 400.226 381.281 0.587452 436.699 446.496 0.757789 414.137 529.324 0.831834 539.139 312.19 0.474973 0 0 0 524.786 299.131 0.593835 0 0 0 1
0 111 110 542.604 326.95 0.487663 491.987 313.476 0.698665 488.178 314.561 0.621476 449.228 363.697 0.675311 461.31 408.586 0.439388 494.804 308.906 0.407477 485.888 367.083 0.210492 517.063 385.342 0.102132 395.863 379.992 0.692437 432.811 450.202 0.814629 406.113 532.181 0.798939 395.439 380.626 0.526668 430.825 447.802 0.767267 406.314 531.5 0.81566 541.307 316.539 0.476015 0 0 0 527.6 303.689 0.6764 0 0 0 1
0 111 111 545.427 330.421 0.383861 495.021 318.033 0.628998 489.704 317.609 0.572188 449.238 364.143 0.640171 461.747 409.894 0.514387 499.593 315.424 0.398783 487.839 374.906 0.1 517.708 389.248 0.327456 395.429 378.905 0.659927 433.24 450.629 0.797829 406.112 532.181 0.793872 394.35 380.404 0.507072 429.316 447.16 0.77245 405.883 531.51 0.810576 543.48 320.451 0.389358 0 0 0 529.56 307.177 0.52503 0 0 0 1
0 111 112 547.387 333.459 0.504634 497.62 321.516 0.748413 492.089 321.091 0.494615 449.458 364.789 0.485505 462.822 411.192 0.399748 501.334 319.558 0.562884 487.173 381.208 0.1 514.455 384.258 0.1 396.734 378.249 0.609692 438.673 448.674 0.857003 413.722 530.221 0.855667 388.698 379.756 0.492414 423.015 448.249 0.73849 398.058 533.481 0.81568 545.437 323.71 0.492368 0 0 0 531.516 310.876 0.687609 0 0 0 1
0 111 113 549.128 335.422 0.35349 500.453 324.774 0.537362 493.613 325.001 0.1 449.46 365.001 0.1 462.83 411.408 0.1 505.024 322.385 0.330853 486.4 385.561 0.1 511.632 386.323 0.1 397.61 377.372 0.587393 443.9 446.717 0.831847 421.331 528.258 0.844811 387.831 378.456 0.493936 421.294 448.034 0.741205 397.628 533.494 0.818764 546.956 326.966 0.357945 0 0 0 533.687 314.78 0.363333 0 0 0 1
0 111 114 549.998 336.943 0.31923 502.619 326.084 0.580768 496.226 326.962 0.69031 449.683 364.999 0.735046 463.697 411.626 0.670273 504.916 322.274 0.343401 485.626 389.914 0.133277 510.115 385.315 0.1 399.782 376.51 0.570873 449.343 444.979 0.880749 428.945 526.295 0.854936 381.746 377.587 0.474119 414.574 449.986 0.74947 389.801 535.674 0.816691 547.998 329.567 0.325535 0 0 0 535.857 317.172 0.400928 0 0 0 1
0 111 115 551.08 337.164 0.336562 504.358 326.535 0.622011 498.613 327.392 0.70623 450.125 364.241 0.7457 463.579 412.274 0.67026 504.48 322.49 0.405227 484.853 394.267 0.414733 508.597 384.306 0.635143 402.398 375.639 0.569243 454.783 443.455 0.865782 436.558 524.335 0.850553 376.751 376.724 0.451282 408.059 451.947 0.761603 382.184 537.857 0.819191 548.997 329.785 0.324333 0 0 0 537.483 318.044 0.405783 0 0 0 1
0 111 116 552.16 336.723 0.294627 505.226 326.978 0.563264 499.483 327.392 0.586732 450.775 363.586 0.721387 463.792 412.92 0.646103 504.253 323.79 0.288107 484.079 398.619 0.173501 507.079 383.297 0.442667 404.139 375.423 0.561729 460.218 442.141 0.837266 444.164 522.384 0.849851 371.313 376.727 0.489398 401.764 453.902 0.769027 374.355 540.026 0.8136 549.952 328.917 0.287272 0 0 0 538.565 317.83 0.346886 0 0 0 1
0 111 117 552.155 335.417 0.158228 505.221 326.963 0.47 497.957 325.432 0.417594 439.036 356.845 0.635653 451.617 409.445 0.610215 505.225 324.984 0.246234 500.86 399.156 0.0797778 505.562 382.289 0.112113 402.401 375.425 0.55605 460.218 441.925 0.844903 444.157 522.593 0.847098 370.446 377.806 0.472285 402.193 453.475 0.786252 374.352 540.024 0.812118 549.777 327.181 0.160006 0 0 0 538.574 316.302 0.219646 0 0 0 1
0 111 118 553.243 332.153 0.120482 505 326.091 0.392136 497.195 323.696 0.342932 433.272 353.158 0.593318 445.967 406.952 0.580022 506.523 324.763 0.1 0 0 0 0 0 0 400.664 375.644 0.53747 459.996 441.057 0.846941 444.153 522.808 0.854241 370.232 377.814 0.464396 403.061 453.258 0.789346 374.569 540.023 0.807639 550.865 323.273 0.1 0 0 0 538.575 313.915 0.172168 0 0 0 1
0 111 119 553.243 330.197 0.158238 504.354 324.567 0.471422 497.189 322.609 0.1 433.488 352.726 0.1 447.269 405.649 0.1 505.439 322.593 0.321746 0 0 0 0 0 0 399.793 376.297 0.534459 459.773 440.185 0.855088 444.15 522.816 0.850804 369.807 378.25 0.473154 404.15 453.262 0.770368 375.001 540.016 0.812502 551.078 320.667 0.1 0 0 0 538.141 311.749 0.1 0 0 0 1
0 111 120 552.376 327.592 0.149411 502.838 321.319 0.466208 496.533 320.44 0.599633 433.7 352.067 0.735999 448.14 404.339 0.643446 503.908 317.818 0.304553 0 0 0 0 0 0 399.572 376.732 0.534823 458.913 439.973 0.85097 444.149 522.826 0.853172 370.024 378.256 0.545391 405.669 453.257 0.745674 375.641 539.791 0.824768 550.643 317.842 0.1 0 0 0 537.486 308.495 0.266902 0 0 0 1
0 111 121 550.645 324.334 0.1 500.886 317.625 0.488187 495.01 316.958 0.569959 433.914 351.411 0.733345 448.804 403.257 0.613716 502.168 313.466 0.1 0 0 0 0 0 0 398.481 377.375 0.539869 457.613 439.968 0.829587 444.15 523.042 0.850797 371.325 378.256 0.522858 407.404 453.04 0.745103 376.503 539.132 0.826668 549.336 314.148 0.1 0 0 0 536.189 304.583 0.315461 0 0 0 1
0 111 122 548.255 320.203 0.205263 498.048 313.495 0.503128 492.18 312.184 0.619349 433.691 350.325 0.762546 449.887 401.954 0.617881 500.425 310.852 0.429354 491.109 367.761 0.0519265 0 0 0 397.611 377.81 0.533686 456.09 439.761 0.77171 444.148 523.253 0.859263 372.849 378.911 0.519072 409.146 452.393 0.788061 377.583 538.47 0.847211 546.735 308.939 0.212548 0 0 0 533.36 299.368 0.401078 0 0 0 1
0 111 123 545.646 315.423 0.282342 494.569 309.149 0.522026 489.126 307.833 0.621014 433.912 348.586 0.750272 450.756 400.216 0.664232 498.788 307.918 0.381394 0 0 0 0 0 0 395.876 378.457 0.560675 451.305 440.634 0.75645 437.406 524.123 0.848273 377.631 379.127 0.548981 414.147 450.875 0.820347 385.412 536.508 0.835938 543.738 303.506 0.279423 0 0 0 529.669 293.719 0.434398 0 0 0 1
0 111 124 542.4 308.695 0.277462 491.296 304.794 0.541147 486.296 303.27 0.652653 433.917 346.737 0.773673 451.09 398.91 0.625669 496.396 304.01 0.397992 0 0 0 0 0 0 395.221 378.456 0.578692 446.311 441.937 0.699694 430.67 525.428 0.860711 383.279 378.908 0.512607 418.936 449.783 0.808667 393.025 534.545 0.811524 540.561 297.633 0.294294 553.695 303.188 0.0722381 526.086 287.634 0.471851 0 0 0 1
0 111 125 538.925 301.519 0.392922 488.24 300.435 0.657366 482.815 298.92 0.649408 433.488 345.002 0.761012 451.097 396.959 0.66169 493.576 299.665 0.568728 479.514 353.842 0.482156 485.233 390.02 0.623693 396.52 377.154 0.621031 441.533 442.814 0.810742 423.943 526.722 0.872463 390.46 377.599 0.532553 423.507 448.706 0.811846 400.849 532.592 0.827089 536.999 290.898 0.366254 0 0 0 522.401 282.184 0.565635 0 0 0 1
0 111 126 535.227 294.349 0.29277 484.117 295.446 0.663093 478.688 294.363 0.716194 433.273 343.26 0.764117 451.526 395.214 0.595667 489.992 294.998 0.573161 475.337 351.192 0.431881 482.313 386.184 0.331063 398.255 376.29 0.632663 437.191 443.694 0.860514 417.426 527.602 0.872124 397.632 376.299 0.47081 427.426 448.044 0.813013 408.464 530.635 0.830789 533.04 284.587 0.298618 0 0 0 518.051 276.321 0.472471 0 0 0 1
0 111 127 530.234 288.054 0.278206 479.774 290.882 0.650624 474.765 290.021 0.774137 433.059 341.738 0.694411 452.601 393.691 0.457655 485.864 290.867 0.525617 471.16 348.543 0.210692 479.393 382.347 0.310448 399.988 375.418 0.625876 433.066 445.432 0.756709 410.9 528.699 0.783709 404.358 374.779 0.511361 431.113 447.18 0.84559 415.858 528.679 0.764231 528.25 278.93 0.243017 0 0 0 513.261 270.229 0.432819 0 0 0 1
0 111 128 524.578 281.098 0.295034 474.772 286.533 0.634806 470.42 285.893 0.734307 432.851 340.208 0.754055 453.043 391.727 0.604516 479.998 286.514 0.458346 466.984 345.893 0.100297 476.473 378.51 0.1 402.604 374.336 0.639088 428.933 447.391 0.77715 404.169 530.207 0.806163 410.22 373.26 0.517558 434.152 446.525 0.852416 423.251 526.718 0.826967 522.391 272.183 0.270714 0 0 0 507.831 263.918 0.505864 0 0 0 1
0 111 129 518.918 274.79 0.21925 469.556 282.818 0.638151 466.069 282.419 0.737175 432.848 338.914 0.765169 453.693 389.989 0.643964 473.265 281.513 0.503895 462.807 343.244 0.1 473.553 374.673 0.1 404.56 373.255 0.631264 425.016 448.484 0.752691 397.438 531.716 0.800119 414.128 371.744 0.572437 436.113 445.868 0.834915 430.429 524.55 0.831286 516.74 265.659 0.244781 0 0 0 502.4 258.69 0.494899 0 0 0 1
0 111 130 513.254 269.14 0.234216 463.905 279.339 0.628872 461.727 279.603 0.7289 432.851 337.618 0.734433 454.772 387.595 0.589583 466.09 276.737 0.502533 458.679 340.853 0.1 470.294 370.334 0.1 407.175 372.173 0.627311 421.539 449.575 0.720546 390.702 533.02 0.77402 416.517 370.65 0.548549 437.636 445.44 0.785941 437.388 522.818 0.811758 511.083 259.58 0.254445 0 0 0 496.747 253.899 0.541708 0 0 0 1
0 111 131 507.667 263.705 0.246109 458.253 275.644 0.68292 458.03 277.199 0.750105 433.072 336.537 0.729521 455.425 385.42 0.659647 457.84 272.181 0.481238 452.813 338.905 0.138967 468.118 366.634 0.227556 409.12 370.874 0.64002 418.065 450.445 0.728213 383.972 534.33 0.8068 416.953 369.345 0.527485 438.928 445 0.786607 443.267 520.212 0.822057 505.786 253.999 0.249156 0 0 0 491.311 249.114 0.489836 0 0 0 1
0 111 132 501.937 258.706 0.246461 452.388 272.385 0.680439 454.12 275.241 0.750586 432.641 336.1 0.771923 456.503 383.897 0.748131 449.152 268.055 0.552922 448.513 336.969 0.1 465.921 363.601 0.1 411.731 369.795 0.653031 417.85 450.447 0.708659 383.983 534.975 0.821786 414.778 368.046 0.486526 436.307 445.442 0.751785 441.53 518.913 0.811674 500.206 248.711 0.269993 0 0 0 485.875 244.764 0.585175 0 0 0 1
0 111 133 496.276 254.57 0.181553 446.308 269.56 0.710561 449.987 273.713 0.771603 432.213 335.881 0.757424 457.808 381.296 0.778002 440.677 264.579 0.565154 444.212 335.034 0.1 463.725 360.568 0.1 413.04 369.15 0.666787 417.836 450.02 0.737144 384.197 535.194 0.830304 411.731 367.172 0.474857 433.047 446.094 0.737283 438.277 518.915 0.77547 494.127 243.931 0.201663 0 0 0 480.429 241.497 0.526824 0 0 0 1
0 111 134 489.97 251.569 0.106875 439.797 266.95 0.685621 446.732 272.196 0.791729 431.99 335.442 0.771382 459.325 378.676 0.698512 431.541 261.316 0.621225 439.912 333.098 0.116142 461.528 357.534 0.197343 413.259 368.939 0.675577 417.402 450.017 0.752171 384.403 535.2 0.847449 406.298 366.307 0.520497 429.345 446.52 0.753245 433.928 518.913 0.763146 487.779 240.235 0.130011 0 0 0 474.774 238.252 0.537588 446.179 230.829 0.060101 0
0 111 135 483.664 248.568 0.1 433.916 264.556 0.787029 443.466 270.237 0.838127 431.56 334.797 0.8185 460.187 375.201 0.768316 422.63 258.054 0.706234 435.612 331.162 0.130928 459.332 354.501 0.243824 412.609 368.282 0.696675 416.097 449.586 0.782208 384.835 535.199 0.84785 400.637 364.788 0.598736 424.776 446.314 0.70542 428.714 518.906 0.715721 481.43 236.54 0.1 0 0 0 468.904 235.418 0.571955 443.815 223.85 0.149421 0
0 111 136 477.359 245.566 0.1 427.824 262.81 0.792802 440.211 268.925 0.788587 431.34 333.92 0.844449 460.196 372.155 0.84966 413.06 255.886 0.706749 430.386 330.627 0.0857891 459.806 352.205 0.0659279 411.965 368.07 0.712602 414.138 449.163 0.780538 384.838 534.981 0.832324 395.199 364.566 0.628411 419.773 446.522 0.684319 422.195 519.124 0.752436 475.082 232.845 0.1 0 0 0 463.468 233.468 0.614609 436.586 222.775 0.161443 0
0 111 137 471.053 242.565 0.119898 422.39 261.08 0.812227 437.593 267.189 0.736676 431.121 332.838 0.827525 460.185 370.202 0.820899 405.228 254.789 0.671566 0 0 0 0 0 0 410.654 367.625 0.722808 411.975 448.729 0.799216 385.05 534.554 0.82921 389.982 364.124 0.614006 413.699 446.306 0.70609 413.935 517.62 0.712978 468.733 229.15 0.154637 0 0 0 458.247 231.509 0.582609 429.357 221.7 0.1 0
0 111 138 0 0 0 417.169 259.36 0.869232 434.769 265.446 0.747821 430.897 331.096 0.838723 460.19 367.167 0.88992 397.838 254.347 0.772057 0 0 0 0 0 0 409.358 367.184 0.708989 410.238 448.302 0.777911 385.474 534.558 0.808206 385.419 363.903 0.62386 407.603 445.664 0.686355 405.235 516.31 0.637667 0 0 0 0 0 0 453.027 229.77 0.580755 422.128 220.625 0.152299 0
0 111 139 0 0 0 411.955 257.839 0.853129 431.728 263.692 0.738475 430.457 329.352 0.794064 459.983 364.348 0.805335 390.661 253.9 0.747575 397.181 313.021 0.0540003 0 0 0 407.831 366.313 0.635657 408.078 447.866 0.728064 385.689 534.342 0.71524 381.28 363.257 0.65226 400.869 444.354 0.695723 395.242 515.229 0.594696 0 0 0 0 0 0 447.594 227.602 0.568635 414.899 219.551 0.15264 0
0 111 140 0 0 0 406.959 257.182 0.839332 428.479 261.964 0.769835 430.243 327.613 0.810662 459.988 361.949 0.870231 384.353 253.68 0.816869 0 0 0 0 0 0 406.323 365.662 0.675359 406.318 447.64 0.765022 385.687 534.126 0.731445 378.019 362.822 0.654614 394.133 442.625 0.698571 384.592 515.004 0.519278 0 0 0 0 0 0 442.599 226.08 0.487271 408.165 218.243 0.112058 0
0 111 141 0 0 0 402.18 256.733 0.864978 425.448 260.443 0.772611 430.229 325.654 0.803934 459.777 359.127 0.880372 378.046 253.452 0.780491 357.976 306.67 0.12513 0 0 0 404.577 364.57 0.69681 404.349 447.2 0.772882 385.686 533.918 0.790808 373.889 361.736 0.662391 386.743 440.654 0.789215 374.365 514.341 0.727217 0 0 0 0 0 0 438.469 224.994 0.477825 402.517 216.739 0.126062 0
0 111 142 0 0 0 397.615 256.518 0.88177 422.835 259.357 0.752627 430.221 323.703 0.832735 459.774 356.727 0.858719 372.168 253.671 0.810992 352.397 305.98 0.244102 0 0 0 402.612 363.91 0.70655 401.959 446.549 0.801078 385.478 533.697 0.823413 369.552 360.873 0.731229 379.571 438.266 0.796691 364.577 512.381 0.807836 0 0 0 0 0 0 433.695 224.554 0.541397 396.325 216.089 0.130971 0
0 111 143 0 0 0 393.264 255.869 0.831609 419.785 258.05 0.790356 430.219 321.32 0.867661 459.783 354.768 0.923678 366.516 253.67 0.792709 346.817 305.29 0.374723 348.603 352.681 0.217146 400.003 363.471 0.693462 398.914 445.907 0.847878 385.274 533.905 0.83119 366.068 360.656 0.712006 372.18 436.097 0.819157 355.234 510.206 0.742488 0 0 0 0 0 0 428.911 223.462 0.454241 389.812 215.009 0.136613 0
0 111 144 0 0 0 388.71 254.996 0.835172 416.738 256.527 0.795419 430.218 318.719 0.870844 460.005 353.89 0.953874 361.075 253.674 0.782069 341.237 304.601 0.758248 340.585 351.247 0.807581 397.4 363.681 0.70351 396.095 445.684 0.885392 384.835 534.121 0.841898 362.374 361.092 0.702236 364.792 434.35 0.869434 346.526 507.821 0.806677 0 0 0 0 0 0 424.342 221.954 0.414848 384.369 214.58 0.181751 0
0 111 145 0 0 0 384.796 253.483 0.86387 413.486 255.218 0.804104 429.994 316.324 0.861586 459.991 352.576 0.940974 356.299 252.369 0.777722 335.657 303.911 0.802166 332.567 349.812 0.810598 394.793 362.807 0.712106 393.913 445.449 0.853862 384.627 534.334 0.836848 358.038 360.002 0.704533 357.621 432.39 0.852474 338.699 505.854 0.849612 0 0 0 0 0 0 419.565 220.22 0.442639 378.944 213.936 0.228309 0
0 111 146 0 0 0 381.302 251.954 0.86493 410.229 253.689 0.821323 429.331 313.934 0.847397 459.347 350.409 0.895848 351.957 250.643 0.797929 329.582 302.822 0.792958 324.549 348.378 0.856687 392.184 361.504 0.705864 391.736 444.799 0.820464 384.412 534.548 0.83147 353.911 358.703 0.70548 351.524 430.644 0.899311 332.395 505.619 0.775795 0 0 0 0 0 0 415.431 218.486 0.461765 373.943 213.067 0.245544 0
0 111 147 0 0 0 377.607 250.416 0.804282 407.184 251.946 0.735802 427.82 312.185 0.838862 458.257 348.884 0.853001 348.032 248.912 0.766218 324.144 301.311 0.819579 316.531 346.944 0.876924 389.347 360.633 0.692332 389.346 444.564 0.884471 383.975 534.331 0.851932 350.209 357.614 0.727398 345.438 429.329 0.834549 326.533 505.614 0.785041 0 0 0 0 0 0 411.086 216.316 0.376236 368.936 211.328 0.215229 0
0 111 148 0 0 0 374.122 248.887 0.789973 404.14 250.219 0.71595 426.085 310.455 0.855867 456.952 348.653 0.851957 343.899 247.18 0.761157 319.139 299.793 0.861021 308.702 345.651 0.899784 386.3 359.771 0.713669 387.376 444.337 0.912623 383.535 534.112 0.851167 346.31 356.534 0.739415 339.994 428.45 0.914901 321.966 505.167 0.815492 0 0 0 0 0 0 406.515 214.785 0.371103 365.019 209.809 0.248221 0
0 111 149 0 0 0 370.43 247.367 0.836273 400.878 248.91 0.763333 424.134 309.577 0.858147 455.425 348.654 0.843493 339.549 245.655 0.837759 314.136 298.265 0.778645 301.749 344.13 0.838727 383.032 359.33 0.729487 385.421 443.686 0.901516 382.871 533.025 0.847283 341.958 355.876 0.735245 334.775 428.004 0.888024 319.13 504.521 0.806178 0 0 0 0 0 0 402.165 213.476 0.376594 361.105 208.507 0.262347 0
0 111 150 0 0 0 366.95 245.856 0.891107 397.615 247.824 0.792068 421.742 308.713 0.83205 453.468 349.083 0.801263 335.638 244.137 0.858597 308.928 296.536 0.810519 294.807 342.607 0.863434 379.774 358.897 0.715138 383.254 442.164 0.885518 381.125 531.284 0.844072 338.056 355.652 0.741811 330.868 427.786 0.850456 316.741 504.093 0.801609 0 0 0 0 0 0 397.596 212.181 0.348744 356.966 207.85 0.203295 0
0 111 151 0 0 0 363.697 244.12 0.873734 394.58 246.304 0.798559 418.476 307.842 0.821104 450.202 349.746 0.803078 332.168 242.39 0.839736 304.354 294.802 0.828816 289.143 340.876 0.883638 376.735 357.818 0.687293 381.078 440.639 0.885424 379.364 529.115 0.849659 334.363 354.993 0.746134 327.392 427.348 0.885102 315.22 503.445 0.807326 0 0 0 0 0 0 393.896 210.232 0.360063 353.918 205.686 0.255996 0
0 111 152 0 0 0 360.868 242.809 0.848808 391.98 244.999 0.768671 414.782 307.189 0.860273 445.21 349.977 0.843445 329.123 240.441 0.831505 300.654 293.27 0.814776 283.925 339.137 0.860347 374.132 356.725 0.683243 379.131 438.897 0.873938 377.177 526.074 0.820229 330.885 353.904 0.709119 324.573 426.693 0.894948 314.344 503.012 0.793977 0 0 0 0 0 0 390.63 208.711 0.374242 351.092 204.157 0.288676 0
0 111 153 0 0 0 358.466 241.94 0.858408 389.589 244.355 0.760898 410.646 306.972 0.82585 439.779 350.207 0.901253 326.511 238.919 0.835009 297.384 291.541 0.787299 280.007 337.179 0.897587 371.955 355.207 0.709936 377.38 436.937 0.838916 373.923 522.813 0.776296 327.844 352.6 0.715085 322.623 425.613 0.891236 313.693 502.798 0.792199 0 0 0 0 0 0 387.805 207.616 0.403303 348.264 202.638 0.227104 0
0 111 154 0 0 0 356.29 240.63 0.887053 387.624 243.052 0.785451 405.665 306.528 0.803044 432.829 350.44 0.810765 324.543 237.189 0.861751 294.564 290.449 0.837322 276.744 335.226 0.939168 369.784 354.332 0.726026 375.433 434.336 0.85072 370.654 518.469 0.817364 325.661 351.737 0.727366 321.096 424.537 0.895841 313.472 501.942 0.78357 0 0 0 0 0 0 385.631 205.877 0.486912 345.875 200.895 0.257111 0
0 111 155 0 0 0 354.559 239.114 0.875198 385.888 241.964 0.761932 401.1 306.08 0.794525 425.222 351.301 0.82064 323.016 235.669 0.831643 293.028 288.923 0.835576 274.795 333.051 0.894068 368.265 353.467 0.719134 373.698 431.503 0.859546 367.384 513.907 0.882431 323.929 350.872 0.743005 320.004 423.241 0.892109 313.687 501.08 0.766458 0 0 0 0 0 0 384.108 204.349 0.420006 344.784 199.362 0.29207 0
0 111 156 0 0 0 353.256 237.389 0.903349 384.375 240.871 0.836929 397.181 304.785 0.872218 417.827 351.519 0.859198 321.727 233.935 0.830418 291.935 286.963 0.867444 274.148 330.876 0.892358 367.395 351.516 0.738597 372.167 428.039 0.890237 363.918 509.341 0.87356 322.847 348.923 0.754467 319.791 421.72 0.888503 313.905 500.004 0.763452 0 0 0 0 0 0 383.242 203.036 0.42258 344.57 197.412 0.38965 0
0 111 157 0 0 0 352.388 235.662 0.889301 383.506 239.352 0.862771 393.476 303.688 0.824304 409.559 351.519 0.869231 321.289 232.209 0.831382 291.72 285.008 0.866731 274.59 328.912 0.834315 366.735 349.772 0.741144 370.654 424.356 0.875612 361.307 503.695 0.802753 321.976 347.175 0.736958 319.801 420.212 0.915003 314.12 499.139 0.772263 0 0 0 0 0 0 383.031 201.311 0.450902 344.779 195.884 0.389361 0
0 111 158 0 0 0 352.173 233.927 0.859202 383.071 237.83 0.837594 389.774 301.516 0.830825 401.3 350.44 0.857689 321.512 230.471 0.857296 292.804 283.049 0.829058 276.327 326.945 0.856903 366.306 347.598 0.705466 369.36 420.878 0.846814 359.791 498.695 0.812397 321.982 345.009 0.710099 320.028 418.687 0.91626 314.334 498.279 0.769829 0 0 0 0 0 0 382.818 199.584 0.466899 345.208 194.359 0.389531 0
0 111 159 0 0 0 352.396 232.178 0.868907 383.059 235.879 0.81619 386.519 299.347 0.791022 393.473 349.358 0.755219 322.81 228.521 0.863891 294.539 281.079 0.785354 279.584 324.977 0.908255 365.868 345.432 0.695856 368.71 417.62 0.864278 359.784 493.907 0.864888 322.408 342.833 0.698348 320.462 416.959 0.9117 314.55 497.417 0.787812 0 0 0 0 0 0 383.039 197.837 0.473978 346.292 191.969 0.361599 0
0 111 160 0 0 0 353.042 230.44 0.906524 382.844 234.141 0.843226 384.337 297.184 0.76792 387.167 348.262 0.661632 324.323 226.783 0.859738 296.507 279.113 0.801585 283.491 322.797 0.844573 365.65 343.679 0.66812 369.364 414.14 0.881494 360.012 488.252 0.845183 323.48 340.662 0.699824 321.106 415.652 0.919347 314.768 496.988 0.796526 0 0 0 0 0 0 383.478 196.313 0.571604 347.384 190.654 0.330147 0
0 111 161 0 0 0 354.133 228.916 0.919685 382.846 232.834 0.852527 382.602 295.878 0.762187 382.588 347.392 0.725392 325.856 225.472 0.838065 299.125 277.162 0.807977 287.835 320.851 0.846274 365.86 341.946 0.653835 370.874 410.866 0.862625 360.881 483.044 0.784141 324.99 338.708 0.734912 321.973 414.35 0.921753 314.768 497.634 0.789132 0 0 0 0 0 0 384.351 195.225 0.601641 349.338 189.354 0.320249 0
0 111 162 0 0 0 355.655 227.394 0.938453 383.289 231.317 0.879994 381.728 294.133 0.797546 379.315 345.654 0.707354 327.6 224.161 0.836543 302.176 275.424 0.847546 293.048 319.12 0.822268 366.293 340.21 0.689442 372.622 407.615 0.814378 362.833 478.272 0.840799 326.521 336.751 0.725098 323.478 413.254 0.892835 314.56 497.198 0.795682 0 0 0 0 0 0 385.659 193.706 0.620157 351.943 187.621 0.329959 0
0 111 163 0 0 0 357.395 226.309 0.918362 384.594 230.014 0.873871 382.586 292.408 0.823561 377.586 344.118 0.733985 329.572 222.845 0.834406 305.645 273.691 0.85863 298.479 318.245 0.805002 368.029 338.041 0.638977 374.796 404.994 0.787522 365.218 474.581 0.863501 328.487 334.359 0.716991 325.003 411.729 0.861502 314.56 496.326 0.821295 0 0 0 0 0 0 387.176 192.178 0.61763 354.76 186.088 0.279288 0
0 111 164 0 0 0 359.352 225.001 0.905021 386.122 228.915 0.877746 383.892 290.022 0.820247 378.896 340.432 0.73578 332.395 221.318 0.857329 309.342 272.604 0.820479 303.901 317.803 0.840342 369.766 335.219 0.655631 377.612 402.386 0.843684 367.398 471.107 0.828765 331.302 331.532 0.702054 326.971 409.543 0.864382 314.986 493.93 0.803879 0 0 0 0 0 0 388.699 190.458 0.574938 357.586 184.568 0.267625 0
0 111 165 0 0 0 361.744 223.263 0.908357 388.066 226.967 0.845021 385.631 287.846 0.809097 381.946 336.959 0.714006 335.431 219.79 0.859608 313.688 272.373 0.783558 308.685 317.368 0.771344 371.732 333.049 0.672035 380.227 400.418 0.883518 369.994 467.639 0.823769 334.34 329.573 0.727559 330.011 407.371 0.830485 315.633 491.531 0.776001 0 0 0 0 0 0 390.429 188.719 0.544173 359.979 183.477 0.232893 0
0 111 166 399.603 194.939 0.132501 364.353 221.516 0.916375 390.022 225.013 0.820657 388.253 285.238 0.843169 386.301 333.056 0.793339 338.468 218.25 0.833374 317.602 271.926 0.807338 313.892 316.506 0.752011 375.222 330.662 0.682169 383.265 398.457 0.887374 371.955 465.462 0.796953 338.47 327.608 0.731714 333.704 404.538 0.821742 317.157 487.401 0.775602 0 0 0 0 0 0 392.161 186.966 0.60016 361.949 182.172 0.208442 0
0 111 167 403 192.909 0.145182 367.392 219.564 0.898826 392.185 222.839 0.860161 391.946 283.058 0.766625 392.389 329.141 0.743232 341.505 216.51 0.806581 321.311 271.276 0.825192 318.663 316.069 0.743544 378.907 328.498 0.638318 386.09 396.725 0.828238 373.256 463.507 0.805006 343.029 325.86 0.707098 338.473 401.5 0.816782 319.345 482.827 0.772366 401.642 181.688 0.198077 0 0 0 394.121 185.213 0.680528 364.781 180.866 0.220363 0
0 111 168 406.398 190.878 0.177135 370.428 217.393 0.852195 394.152 220.447 0.874587 395.859 280.869 0.738857 398.702 326.097 0.66322 343.903 214.764 0.829073 325.227 270.197 0.82284 322.365 315.208 0.76714 382.61 326.318 0.71956 388.695 395.201 0.767582 374.131 461.772 0.804459 347.801 323.693 0.749086 343.473 398.242 0.829525 322.827 478.032 0.752492 405.252 180.183 0.208081 0 0 0 396.294 182.175 0.691773 367.609 178.907 0.178408 0
0 111 169 409.796 188.847 0.1 373.253 214.778 0.865864 396.979 217.623 0.817932 400.002 277.594 0.825307 406.741 321.969 0.679774 346.952 212.379 0.882458 329.575 268.691 0.809983 325.851 314.332 0.776041 386.314 323.066 0.720259 390.646 393.245 0.785771 374.349 461.324 0.807466 352.157 320.866 0.777608 349.782 394.331 0.819519 327.821 472.583 0.783939 408.862 178.678 0.123715 0 0 0 399.123 179.351 0.658683 370.648 176.741 0.206583 0
0 111 170 413.193 186.817 0.148023 375.867 211.524 0.881431 400.225 214.146 0.840061 405.003 273.464 0.739657 415.874 317.184 0.706331 350.416 209.558 0.885081 333.702 266.738 0.825059 328.907 312.591 0.755064 390.017 319.367 0.755012 392.382 390.643 0.804684 374.132 460.884 0.83951 356.738 317.6 0.738663 356.52 389.977 0.842051 334.132 466.287 0.813082 412.472 177.173 0.180635 0 0 0 401.947 176.311 0.63716 373.473 174.566 0.164451 0
0 111 171 416.657 184.858 0.139759 378.479 208.26 0.888016 402.832 210.439 0.82158 410.011 269.117 0.819849 425.012 311.968 0.755656 353.893 206.961 0.870136 337.608 264.344 0.799173 331.305 309.981 0.790354 393.504 315.882 0.773528 394.117 388.247 0.824239 374.351 460.649 0.859669 361.942 314.552 0.751537 363.692 385.848 0.852546 341.733 460.856 0.817407 416.082 175.668 0.165658 0 0 0 404.342 173.702 0.582946 376.309 172.481 0.136471 0
0 111 172 419.923 183.12 0.152696 381.529 205.214 0.863357 404.799 206.963 0.744715 415.658 265.419 0.821685 435.438 306.106 0.785598 357.58 204.792 0.790372 341.306 261.738 0.759162 333.481 307.375 0.80313 396.761 312.194 0.728402 395.628 386.085 0.796831 374.353 460.211 0.845133 366.933 311.728 0.71757 370.878 382.373 0.880109 351.074 454.34 0.83467 419.55 174.139 0.183114 0 0 0 406.741 171.75 0.560283 379.146 170.396 0.136372 0
0 111 173 422.742 180.952 0.1 384.78 202.829 0.864901 406.967 203.935 0.730585 421.094 262.375 0.812112 444.134 301.317 0.863286 361.273 202.843 0.776564 345.007 259.128 0.789402 335.661 304.772 0.931785 400.016 308.925 0.719951 396.714 383.48 0.811816 374.136 459.774 0.811569 371.069 308.688 0.685467 378.047 379.121 0.757086 361.297 448.473 0.795914 422.168 172.398 0.117337 0 0 0 409.568 170.007 0.56268 381.983 168.311 0.150963 0
0 111 174 426.21 179.433 0.187151 387.824 201.076 0.868848 409.578 201.759 0.756025 426.53 259.329 0.824578 452.392 296.745 0.862794 364.975 201.103 0.837284 348.484 256.1 0.812505 338.048 301.954 0.870455 403.055 305.875 0.7378 397.808 380.873 0.750798 373.701 459.539 0.761187 375.421 306.072 0.667329 385.007 376.078 0.671792 372.389 442.172 0.537333 425.423 170.67 0.211717 0 0 0 412.614 168.271 0.623864 384.819 166.226 0.102767 0
0 111 175 429.676 178.128 0.294846 391.086 199.332 0.862779 412.617 200.003 0.774282 431.528 256.284 0.820567 461.086 291.953 0.847158 368.69 199.376 0.828485 351.964 253.284 0.764599 339.794 299.565 0.805194 405.014 303.044 0.715642 399.325 378.263 0.772795 373.698 458.775 0.747277 379.542 303.256 0.689629 391.529 373.689 0.583791 383.038 437.181 0.350814 428.689 169.353 0.346097 0 0 0 415.884 166.54 0.665179 385.46 164.354 0.0772168 0
0 111 176 433.155 176.383 0.409977 394.562 197.585 0.874816 415.872 198.045 0.786352 436.095 253.246 0.816409 468.472 287.823 0.870091 372.609 197.846 0.76983 355.435 250.465 0.762445 341.546 296.745 0.842494 407.191 299.993 0.682238 401.287 375.429 0.746762 374.138 457.474 0.762813 383.025 300.217 0.684205 397.401 371.509 0.695484 393.243 433.486 0.522684 432.161 167.82 0.454058 0 0 0 419.351 164.813 0.744528 0 0 0 0
0 111 177 436.421 175.956 0.318758 398.255 196.078 0.90024 419.354 196.738 0.775479 441.091 250.431 0.844709 475.639 282.6 0.877096 377.176 196.538 0.786529 358.701 248.281 0.753218 343.508 294.143 0.820799 410.447 297.17 0.69957 403.681 373.034 0.734468 374.796 455.956 0.767283 386.517 297.822 0.699315 403.699 369.756 0.719288 402.371 430.872 0.719998 435.641 167.606 0.379609 0 0 0 423.262 164.59 0.699015 397.101 164.324 0.0765906 0
0 111 178 439.79 175.63 0.381066 401.742 195.213 0.889765 422.612 195.859 0.761569 445.879 248.911 0.873064 481.947 278.682 0.854917 381.094 195.675 0.799927 362.176 246.528 0.773686 345.898 291.974 0.811258 413.926 295.424 0.717386 407.377 371.298 0.744589 376.106 454.224 0.783532 390.857 296.086 0.655825 409.127 368.241 0.712356 410.211 428.697 0.703828 438.47 166.529 0.42422 0 0 0 426.73 164.157 0.675634 397.222 162.421 0.068379 0
0 111 179 443.279 174.947 0.421081 405.864 194.996 0.857557 426.1 195.425 0.795166 450.224 248.037 0.844585 486.733 275.643 0.874231 384.795 195.462 0.810392 365.652 245.215 0.806362 349.14 290.235 0.808389 417.623 294.342 0.704008 412.158 370.215 0.751965 379.144 450.969 0.1 394.98 295.219 0.703362 414.56 367.583 0.731984 417.165 426.296 0.762369 441.733 165.687 0.476043 0 0 0 430 163.936 0.709724 399.2 162.405 0.0566725 0
0 111 180 446.768 174.264 0.369682 410.206 194.566 0.876683 430.018 194.993 0.819839 454.57 247.38 0.853496 491.08 274.331 0.880311 388.708 195.231 0.77373 369.14 244.129 0.814115 352.619 288.932 0.865445 422.403 292.825 0.702183 417.601 368.907 0.802791 383.05 446.191 0.798826 398.474 293.704 0.727991 418.702 366.064 0.720972 422.832 423.249 0.78831 444.995 164.845 0.442578 0 0 0 434.125 163.493 0.702105 406.927 162.442 0.0539734 0
0 111 181 450.257 173.581 0.162718 414.118 194.139 0.915986 434.571 194.342 0.775025 458.278 246.513 0.878287 494.339 274.759 0.902016 393.055 195.01 0.796972 373.273 243.258 0.791014 356.969 287.198 0.875779 426.548 292.166 0.70009 424.128 366.517 0.799518 388.053 441.194 0.868206 402.606 292.621 0.720097 422.823 363.679 0.725086 426.324 421.283 0.804807 448.258 164.004 0.193414 0 0 0 438.682 162.833 0.566646 410.876 164.294 0.0984317 0
0 111 182 453.745 172.898 0.235321 418.474 193.044 0.878958 439.361 192.815 0.758724 461.965 245.21 0.847598 496.505 275.849 0.860348 396.974 194.348 0.830411 377.826 242.172 0.777403 361.966 285.031 0.861135 431.552 291.294 0.759752 431.521 364.351 0.791546 394.562 436.186 0.832643 407.59 291.743 0.687912 426.306 361.732 0.715219 428.283 420.203 0.805554 451.52 163.162 0.248217 0 0 0 443.029 161.521 0.605345 410.584 164.285 0.100602 0
0 111 183 0 0 0 423.263 191.53 0.845203 444.149 191.289 0.814271 465.451 244.557 0.796692 497.593 277.371 0.836331 401.102 193.04 0.826829 382.605 240.859 0.818913 367.838 282.851 0.836337 436.984 289.987 0.691456 439.558 361.739 0.748256 402.607 429.888 0.804476 411.933 290.003 0.695806 429.56 359.786 0.697888 429.592 420.422 0.792725 0 0 0 0 0 0 447.592 160.001 0.445942 415.521 161.481 0.159356 0
0 111 184 0 0 0 427.839 189.585 0.865679 449.15 189.347 0.785952 468.503 243.693 0.811391 497.8 278.466 0.826126 406.088 191.084 0.764236 388.035 238.903 0.802473 375.015 279.807 0.795649 442.412 287.823 0.749226 447.386 358.055 0.780876 412.164 423.693 0.765584 415.648 287.821 0.750349 432.82 357.61 0.741738 430.257 420.638 0.82201 0 0 0 0 0 0 452.374 158.047 0.482495 420.457 158.678 0.121781 0
0 111 185 0 0 0 432.192 187.415 0.856574 453.937 187.394 0.733768 471.333 242.389 0.80763 497.798 279.556 0.82491 410.879 188.697 0.751761 394.119 237.379 0.754942 382.74 276.741 0.786668 447.414 285.868 0.747422 455.854 354.575 0.781839 422.812 418.262 0.762292 419.991 285.648 0.687914 435.866 355.655 0.748133 430.491 420.21 0.716609 0 0 0 0 0 0 457.37 155.872 0.42263 425.393 155.874 0.115383 0
0 111 186 0 0 0 437.197 185.232 0.795387 459.148 185.219 0.779484 474.162 241.295 0.874627 497.588 281.299 0.858509 415.441 186.094 0.772991 400.639 235.433 0.801052 390.465 273.675 0.868773 452.84 283.696 0.684714 464.339 350.881 0.829744 435.189 413.258 0.719466 424.988 283.254 0.745245 438.254 353.703 0.808403 430.503 419.35 0.691419 0 0 0 0 0 0 462.156 153.691 0.420265 430.329 153.07 0.152321 0
0 111 187 0 0 0 442.407 183.262 0.866584 464.367 183.048 0.771427 477.198 239.559 0.854964 496.296 281.738 0.889933 420.439 183.91 0.714749 406.517 233.479 0.734672 398.191 270.61 0.895558 458.275 281.523 0.722978 472.177 347.183 0.836227 448.87 408.255 0.721869 429.134 281.073 0.742572 440.007 351.743 0.863311 430.706 418.487 0.747503 0 0 0 0 0 0 467.162 151.297 0.410573 435.318 150.895 0.187491 0
0 111 188 0 0 0 448.055 180.439 0.844803 469.796 180.654 0.754405 480.245 237.17 0.776986 495.644 281.74 0.837757 425.665 181.076 0.755457 412.826 231.091 0.637705 405.916 267.544 0.651894 464.353 278.907 0.722936 479.571 342.83 0.837349 462.566 403.902 0.841436 433.704 277.815 0.749452 441.527 349.14 0.8374 430.697 417.406 0.845141 0 0 0 0 0 0 472.596 148.686 0.332949 440.745 148.062 0.119675 0
0 111 189 0 0 0 453.284 178.052 0.759822 475.436 178.913 0.730884 483.505 235.864 0.714294 494.561 281.528 0.813841 430.885 178.257 0.720806 419.773 228.477 0.100602 0 0 0 469.785 275.866 0.736719 486.522 338.27 0.844009 474.969 400.644 0.856105 438.918 274.772 0.714018 443.921 346.747 0.867911 430.906 416.973 0.853198 0 0 0 0 0 0 477.813 146.519 0.412024 445.524 145.461 0.1 0
0 111 190 0 0 0 458.511 175.441 0.864681 481.087 176.736 0.779249 486.963 233.69 0.707183 494.785 279.571 0.81454 436.106 175.43 0.754287 426.293 225.432 0.110714 0 0 0 475.646 272.609 0.679386 493.262 334.57 0.819911 486.484 397.813 0.831243 443.698 271.719 0.795493 446.527 344.784 0.90326 431.553 416.764 0.865257 0 0 0 0 0 0 483.034 144.563 0.491746 450.524 143.506 0.162265 0
0 111 191 0 0 0 464.158 173.27 0.851147 486.515 174.787 0.730952 490.665 231.734 0.706306 496.742 276.536 0.734673 441.333 173.041 0.779532 433.033 222.397 0.151584 0 0 0 481.298 270.007 0.65879 499.353 331.523 0.793032 496.717 395.865 0.849518 448.703 268.9 0.802765 449.567 343.03 0.86231 432.635 416.538 0.874477 0 0 0 0 0 0 488.26 143.259 0.422937 455.747 142.197 0.139319 0
0 111 192 0 0 0 469.37 171.322 0.809451 491.517 173.048 0.777373 494.785 229.987 0.685886 498.7 274.582 0.716199 446.977 170.876 0.803479 438.916 220.225 0.1 0 0 0 486.306 268.267 0.649851 505.011 328.494 0.826466 505.413 395.204 0.79634 453.715 266.946 0.725644 453.257 341.276 0.797837 433.927 414.584 0.880944 0 0 0 0 0 0 493.259 141.739 0.426101 460.97 140.451 0.165426 0
0 111 193 0 0 0 475.01 170.02 0.855208 497.172 171.743 0.725968 499.995 228.463 0.64702 502.405 272.838 0.753699 452.189 169.785 0.760931 445.222 218.705 0.426225 461.771 256.311 0.056507 492.614 267.602 0.684032 510.881 326.961 0.856696 512.161 394.768 0.8852 459.359 265.653 0.757576 457.174 339.754 0.816723 435.871 412.189 0.860881 0 0 0 0 0 0 498.693 140.865 0.392308 466.828 139.144 0.200517 0
0 111 194 0 0 0 481.086 168.943 0.809753 502.828 170.657 0.712591 505.648 227.373 0.554946 507.193 271.096 0.461733 457.398 168.711 0.761211 450.928 216.749 0.341092 0 0 0 499.134 266.728 0.636295 516.091 325.444 0.839748 517.38 393.677 0.877942 465.44 264.352 0.736841 462.172 337.591 0.877069 438.903 408.923 0.838268 0 0 0 0 0 0 503.708 139.996 0.397208 472.146 137.845 0.152208 0
0 111 195 0 0 0 486.515 167.64 0.819967 508.915 169.359 0.744972 512.816 224.773 0.641699 514.149 267.839 0.427404 462.62 167.615 0.772581 456.248 215.007 0.620478 469.601 211.303 0.0756807 504.58 265.423 0.685446 521.073 323.936 0.854985 520.647 392.375 0.884531 470.866 262.838 0.734572 467.395 334.772 0.872447 442.591 405.224 0.819622 0 0 0 0 0 0 508.496 138.267 0.414184 477.576 136.109 0.159109 0
0 111 196 0 0 0 492.16 166.118 0.877722 514.777 168.057 0.724191 519.338 222.816 0.650283 521.094 265.667 0.602593 468.055 165.877 0.769194 461.619 213.05 0.386218 475.407 226.957 0.0843147 510.663 263.694 0.662452 525.193 322.633 0.883456 522.389 391.299 0.892176 477.159 260.89 0.758209 473.909 331.732 0.831143 447.592 401.103 0.836044 0 0 0 0 0 0 513.499 136.741 0.43643 483.022 134.373 0.209942 0
0 111 197 0 0 0 497.386 164.815 0.824088 520.217 166.751 0.807179 526.732 219.768 0.699335 529.06 260.441 0.6095 473.265 164.136 0.830004 466.397 211.309 0.204072 0 0 0 516.321 261.313 0.634631 528.675 321.762 0.801391 522.601 390.861 0.87883 482.813 258.713 0.715508 480.432 328.253 0.861846 454.119 395.889 0.822595 0 0 0 0 0 0 518.707 135.222 0.435504 488.234 132.634 0.241072 0
0 111 198 0 0 0 502.81 162.424 0.83783 526.303 164.144 0.764825 533.691 215.651 0.640631 538.266 251.517 0.619865 478.266 161.949 0.833228 470.533 209.141 0.1 0 0 0 521.54 259.351 0.684796 531.724 321.098 0.798845 522.603 390.434 0.842562 488.027 256.535 0.747999 486.515 325.002 0.79754 461.943 391.752 0.793396 0 0 0 0 0 0 523.489 132.614 0.363107 493.459 130.46 0.130281 0
0 111 199 0 0 0 508.238 160.244 0.832716 531.957 161.751 0.709026 540.007 212.383 0.263432 547.186 239.777 0.218879 483.049 159.565 0.727025 474.228 207.407 0.1 0 0 0 526.968 258.045 0.711847 533.674 320.655 0.795563 522.391 390.434 0.819138 493.466 255.233 0.745654 493.473 323.045 0.833597 471.714 388.49 0.781452 0 0 0 0 0 0 528.275 129.788 0.360751 498.241 127.848 0.119754 0
0 111 200 0 0 0 513.457 158.276 0.842559 538.048 159.783 0.786017 546.309 209.561 0.552856 556.756 228.484 0.621498 488.028 157.18 0.851531 476.629 205.877 0.1 0 0 0 532.41 255.866 0.721997 540.407 318.695 0.871381 530.863 387.611 0.799294 498.902 253.487 0.740843 500.653 321.088 0.859529 481.07 385.666 0.835245 0 0 0 0 0 0 533.266 126.961 0.49682 502.81 125.029 0.175757 0
0 111 201 0 0 0 518.664 156.3 0.813925 543.694 157.608 0.749456 551.745 206.526 0.57585 566.327 217.191 0.1 492.372 154.999 0.796958 479.232 203.701 0.59618 478.267 243.339 0.692031 537.625 252.394 0.735476 542.798 316.731 0.88554 531.297 384.793 0.847096 504.109 250.881 0.702735 507.612 317.835 0.860022 489.996 383.274 0.82398 0 0 0 0 0 0 537.832 124.35 0.410506 507.157 123.063 0.164339 0
0 111 202 0 0 0 523.442 153.903 0.9276 548.682 155.427 0.779495 556.094 203.702 0.672386 575.898 205.899 0.1 496.515 152.174 0.870694 480.755 201.301 0.777921 475.764 240.981 0.909167 541.104 248.704 0.789105 544.321 314.566 0.828971 531.513 383.273 0.859787 508.675 247.835 0.783416 514.347 314.568 0.835473 498.916 380.662 0.800395 0 0 0 0 0 0 541.745 121.524 0.40396 510.861 120.452 0.295727 0
0 111 203 0 0 0 527.576 151.709 0.871337 553.68 153.244 0.793915 560.217 200.881 0.590501 585.468 194.606 0.152529 501.293 149.768 0.829762 482.435 198.472 0.7817 473.261 238.623 0.883862 544.575 244.794 0.699904 545.633 312.398 0.69303 531.729 382.184 0.68008 512.381 244.573 0.646076 520.224 311.733 0.635039 509.56 376.967 0.528373 0 0 0 0 0 0 546.084 118.692 0.329682 514.568 117.833 0.274559 0
0 111 204 0 0 0 531.496 149.75 0.842641 557.81 151.278 0.736318 562.388 199.572 0.394556 0 0 0 505.625 147.817 0.832021 483.845 196.077 0.794883 470.758 236.265 0.85682 548.054 241.961 0.706244 547.161 310.643 0.431819 531.949 381.319 0.286963 516.303 241.961 0.699282 526.31 309.552 0.760001 519.77 373.274 0.819003 0 0 0 0 0 0 550.424 116.942 0.320939 517.834 116.304 0.321875 0
0 111 205 0 0 0 535.196 147.801 0.80626 561.511 149.316 0.701058 564.779 197.833 0.397318 0 0 0 509.103 146.294 0.786844 485.196 194.117 0.769932 468.255 233.907 0.816731 550.658 239.999 0.679137 548.916 308.908 0.330378 535.211 377.196 0.158588 520.001 240.218 0.691803 531.741 307.814 0.718926 528.472 370.002 0.673901 0 0 0 0 0 0 554.075 115.026 0.179614 520.443 114.777 0.20764 0
0 111 206 0 0 0 537.807 146.277 0.80384 564.556 147.363 0.672691 565.978 197.898 0.413142 0 0 0 512.376 145.427 0.704271 486.067 192.811 0.737484 466.515 232.159 0.793719 553.706 238.91 0.648494 551.086 307.165 0.647327 537.399 374.371 0.631647 523.702 239.566 0.673826 536.743 306.513 0.636869 535.643 368.037 0.374923 0 0 0 0 0 0 557.253 113.151 0.204898 522.415 113.691 0.236021 0
0 111 207 0 0 0 540.425 146.054 0.761444 566.738 146.708 0.692056 567.177 197.962 0.360141 0 0 0 515.628 145.434 0.711766 486.933 192.581 0.726051 465.426 230.636 0.853344 556.97 237.393 0.652569 554.337 304.138 0.688399 540.877 370.228 0.779625 527.393 238.914 0.646173 541.517 304.557 0.646542 541.506 364.995 0.548534 0 0 0 0 0 0 560.386 112.191 0.188176 524.803 113.69 0.160072 0
0 111 208 0 0 0 543.456 145.19 0.765793 568.918 146.059 0.719884 568.375 198.027 0.297024 0 0 0 518.452 145.21 0.764985 488.674 191.918 0.75183 465.644 229.109 0.878527 559.798 235.004 0.658409 558.042 300.891 0.693367 544.567 365.872 0.768454 530.655 236.956 0.631527 544.998 301.518 0.647994 545.004 361.302 0.627114 0 0 0 0 0 0 563.037 111.277 0.212189 526.979 113.689 0.214239 0
0 111 209 0 0 0 545.644 143.679 0.637699 571.297 144.76 0.529561 569.574 198.091 0.175262 0 0 0 521.721 143.908 0.714956 491.716 190.189 0.751022 467.817 227.368 0.870685 561.537 233.058 0.625208 556.526 299.145 0.714558 540.003 363.48 0.245737 532.834 235.001 0.625937 548.034 298.477 0.591406 548.697 357.385 0.672284 0 0 0 0 0 0 565.216 110.192 0.1 529.583 113.032 0.131276 0
0 111 210 0 0 0 548.477 142.162 0.524242 574.119 143.027 0.322713 0 0 0 0 0 0 524.994 142.607 0.671324 494.762 189.538 0.741312 471.303 226.503 0.82939 564.141 232.184 0.531322 559.354 297.629 0.503528 544.784 361.094 0.406419 535.446 233.91 0.625537 550 296.957 0.507126 552.385 354.344 0.533422 0 0 0 0 0 0 567.827 108.893 0.1 532.411 111.511 0.127755 0
0 111 211 0 0 0 551.308 140.639 0.573335 576.307 141.279 0.408538 0 0 0 0 0 0 528.029 141.313 0.706747 498.889 188.461 0.786448 476.303 225.198 0.81198 566.534 230.882 0.621028 561.961 295.668 0.516995 549.351 356.966 0.561384 537.831 232.604 0.692686 551.522 295.218 0.700892 555.645 351.959 0.618959 0 0 0 0 0 0 570.652 107.376 0.1 534.792 110.954 0.148164 0
0 111 212 0 0 0 554.138 138.906 0.50361 578.051 138.46 0.335978 0 0 0 0 0 0 530.429 140.226 0.595649 503.035 188.68 0.745913 483.256 223.469 0.848837 568.277 230.231 0.575291 564.13 293.932 0.487211 553.045 353.49 0.489136 540.002 231.949 0.64106 553.031 293.486 0.692765 555.879 351.525 0.653759 0 0 0 0 0 0 573.263 105.642 0.1 537.173 110.397 0.112641 0
0 111 213 0 0 0 557.174 136.089 0.738528 580.006 135.424 0.583265 596.706 179.989 0.0839037 0 0 0 533.913 137.409 0.69153 508.101 187.876 0.800071 491.182 221.817 0.794425 569.358 228.929 0.653943 565.432 291.546 0.559698 556.525 349.568 0.498849 542.606 230.639 0.683003 553.907 290.664 0.763753 556.104 350.439 0.743562 0 0 0 0 0 0 575.874 103.046 0.172468 539.554 109.84 0.179771 0
0 111 214 0 0 0 560.004 133.262 0.616103 582.829 132.176 0.409546 0 0 0 0 0 0 537.386 134.803 0.722857 513.168 187.072 0.74137 499.109 220.164 0.799547 571.099 226.322 0.543682 566.942 288.497 0.388024 556.971 348.47 0.33561 544.556 228.032 0.608567 554.124 287.615 0.662489 556.113 349.785 0.665835 0 0 0 0 0 0 578.746 100.187 0.1 541.935 109.283 0.139181 0
0 111 215 0 0 0 563.48 131.738 0.652013 587.391 131.308 0.432546 600.589 174.146 0.0965939 0 0 0 541.065 132.628 0.714438 518.235 186.267 0.718778 507.036 218.511 0.730302 571.528 223.926 0.547406 568.028 285.681 0.409904 558.502 346.732 0.350423 546.938 225.208 0.648634 554.56 285.01 0.633349 556.33 349.141 0.634112 0 0 0 0 0 0 582.528 99.4518 0.1 551.735 99.8437 0.0735444 0
0 111 216 0 0 0 568.046 131.629 0.473096 590.43 131.961 0.284317 600.634 176.089 0.071603 0 0 0 545.171 129.495 0.461891 523.302 185.463 0.291047 514.963 216.859 0.318102 571.846 223.054 0.497016 568.145 284.913 0.454971 558.726 346.737 0.510958 549.77 223.905 0.500596 555.658 284.025 0.49625 556.553 348.815 0.51996 0 0 0 0 0 0 586.402 97.409 0.1 0 0 0 0
0 111 217 0 0 0 571.735 131.106 0.443953 593.626 131.831 0.260985 604.582 168.252 0.060566 0 0 0 549.277 126.362 0.379149 541.996 187.817 0.070875 0 0 0 571.516 221.876 0.44464 567.749 283.445 0.435133 558.027 346.184 0.561113 552.605 222.343 0.442209 556.639 282.072 0.368314 556.844 347.931 0.388937 0 0 0 0 0 0 590.276 95.3662 0.1 0 0 0 0
0 111 218 0 0 0 575.424 130.583 0.548378 596.823 131.702 0.383739 604.556 164.328 0.0718882 0 0 0 553.383 123.229 0.471984 543.881 178.066 0.0807108 0 0 0 571.187 220.697 0.416985 567.353 281.977 0.396255 557.328 345.631 0.457884 555.441 220.782 0.522383 557.621 280.118 0.484664 557.135 347.047 0.519634 0 0 0 0 0 0 594.15 93.3233 0.11071 0 0 0 0
0 111 219 0 0 0 579.113 130.06 0.235319 600.02 131.572 0.13625 0 0 0 0 0 0 557.489 120.096 0.231027 540.095 162.406 0.0757285 0 0 0 570.857 219.519 0.312305 566.957 280.509 0.361278 556.629 345.078 0.437549 558.276 219.22 0.312263 558.602 278.165 0.399647 557.426 346.163 0.467956 0 0 0 0 0 0 598.024 91.2805 0.106864 0 0 0 0
0 111 220 0 0 0 582.802 129.536 0.1 603.216 131.442 0.1 0 0 0 0 0 0 0 0 0 0 0 0 0 0 0 570.527 218.341 0.1 566.561 279.041 0.1 555.93 344.525 0.1 561.112 217.658 0.1 559.583 276.212 0.1 557.717 345.279 0.1 0 0 0 0 0 0 0 0 0 0 0 0 127
0 111 221 0 0 0 602.616 160.412 0.143257 586.944 164.335 0.103739 0 0 0 0 0 0 0 0 0 0 0 0 0 0 0 573.253 228.907 0.215468 569.383 287.608 0.291745 555.735 348.267 0.405414 571.345 234.787 0.211807 569.35 285.659 0.269357 557.628 348.22 0.305573 0 0 0 0 0 0 0 0 0 0 0 0 0
