0 111 84 0 0 0 974.929 493.171 0.835824 1028.11 493.856 0.861378 1032.19 567.571 0.833943 1010.1 585.185 0.374948 918.554 497.813 0.675266 867.918 544.159 0.734129 826.375 520.303 0.804598 969.466 606.745 0.551554 898.031 680.9 0.0926602 0 0 0 910.839 602.414 0.600666 890.169 673.688 0.662481 904.609 731.134 0.13052 0 0 0 0 0 0 997.095 446.895 0.605863 948.029 446.554 0.854398 0
0 111 85 0 0 0 973.209 486.617 0.83151 1026.29 487.073 0.845911 1030.88 560.238 0.789292 1008.12 577.202 0.446573 917.827 491.291 0.708636 866.102 537.244 0.751599 823.531 514.471 0.772665 967.375 599.896 0.560797 888.262 678.951 0.0521282 0 0 0 908.784 594.203 0.577329 886.641 654.937 0.578438 901.068 715.799 0.173419 0 0 0 0 0 0 995.754 439.954 0.53073 946.021 439.641 0.833431 1
0 111 86 0 0 0 971.49 480.064 0.822322 1024.47 480.291 0.857234 1029.57 552.906 0.789154 1006.13 569.218 0.557518 917.101 484.769 0.692234 864.285 530.328 0.774371 820.688 508.639 0.854957 965.284 593.046 0.614535 890.092 610.027 0.208224 883.659 685.323 0.120118 906.73 585.991 0.604427 883.113 636.187 0.542984 897.527 700.465 0.640912 0 0 0 0 0 0 994.413 433.012 0.546964 944.014 432.729 0.858624 1
0 111 87 0 0 0 969.77 473.511 0.822684 1022.66 473.509 0.882962 1028.26 545.573 0.798463 1004.14 561.234 0.378259 916.374 478.248 0.730574 862.469 523.413 0.787273 817.844 502.807 0.792179 963.193 586.197 0.615246 895.547 602.358 0.168065 885.979 674.32 0.1 904.676 577.78 0.550537 879.585 617.436 0.373031 893.986 685.13 0.354244 0 0 0 0 0 0 993.071 426.071 0.609646 942.007 425.816 0.842067 1
0 111 88 0 0 0 968.05 466.958 0.807467 1020.84 466.727 0.865509 1026.95 538.24 0.838304 1002.15 553.251 0.371645 915.647 471.726 0.702508 860.653 516.498 0.738704 815 496.975 0.845037 961.103 579.347 0.628385 901.001 594.69 0.436737 888.299 663.317 0.433259 902.621 569.569 0.566852 876.057 598.685 0.570241 890.445 669.795 0.542885 0 0 0 0 0 0 991.73 419.129 0.643231 939.999 418.903 0.84645 1
0 111 89 0 0 0 966.322 460.653 0.848161 1019.11 460.204 0.893778 1025.43 531.286 0.839395 1000.63 545.653 0.336794 914.556 465.627 0.76 859.128 510.196 0.811035 811.733 491.759 0.816196 958.493 573.47 0.678589 906.456 587.021 0.237052 890.62 652.315 0.261629 901.096 562.184 0.571471 871.934 579.993 0.728105 885.464 655.656 0.660312 0 0 0 0 0 0 989.992 412.396 0.663664 938.488 411.957 0.823176 1
0 111 90 0 0 0 964.574 454.131 0.822413 1017.16 453.475 0.809664 1023.91 523.903 0.894471 998.678 537.608 0.255914 912.601 459.328 0.727673 858.474 503.894 0.749193 809.111 487.196 0.78639 956.1 566.515 0.614258 911.91 579.353 0.155229 892.94 641.312 0.453581 899.575 554.572 0.536337 868.02 560.865 0.747467 880.03 638.914 0.524141 0 0 0 0 0 0 987.826 405.653 0.618766 936.744 405.215 0.788674 1
0 111 91 0 0 0 962.398 448.26 0.859025 1015 447.389 0.847269 1022.39 516.51 0.852952 996.51 528.921 0.227763 910.866 453.244 0.72231 856.957 497.801 0.81542 805.854 482.631 0.84768 954.141 558.689 0.589061 914.751 574.354 0.378245 894.239 631.742 0.558104 898.045 546.959 0.500121 864.099 552.597 0.369602 873.514 623.472 0.22326 0 0 0 0 0 0 985.861 399.775 0.646 934.569 399.333 0.861968 1
0 111 92 0 0 0 959.79 442.176 0.878318 1011.96 440.671 0.83464 1020.85 509.121 0.893987 994.335 520.659 0.251597 908.902 447.601 0.748013 855.218 492.578 0.825228 802.612 478.292 0.87035 952.617 551.084 0.542618 917.374 569.998 0.492668 895.858 624.126 0.651294 898.049 539.136 0.518632 859.32 542.048 0.296526 866.558 604.883 0.227119 0 0 0 0 0 0 983.036 393.053 0.534799 931.539 392.82 0.766462 1
0 111 93 0 0 0 957.179 436.532 0.839004 1008.7 434.8 0.851059 1019.11 502.169 0.869136 992.167 512.721 0.135022 906.294 442.381 0.732726 852.825 488.012 0.800087 799.125 474.807 0.797569 950.874 543.268 0.575441 920.855 563.687 0.351841 897.8 617.815 0.567904 896.091 532.395 0.509918 855.195 535.301 0.545097 859.819 589.229 0.296078 0 0 0 0 0 0 979.985 386.961 0.629974 928.495 387.167 0.814314 1
0 111 94 0 0 0 954.571 431.095 0.834086 1005.24 428.718 0.904573 1017.16 496.07 0.84711 990.643 505.546 0.1 903.893 437.163 0.721984 850.217 483.009 0.814327 795.428 471.323 0.803753 949.128 535.662 0.617595 923.469 558.471 0.613513 899.53 613.033 0.814068 894.574 525.218 0.543153 853.241 528.353 0.14249 854.377 575.314 0.219161 0 0 0 0 0 0 976.506 380.664 0.648607 925.66 381.948 0.830328 1
0 111 95 0 0 0 951.096 425.877 0.81979 1001.77 423.068 0.821309 1015.2 490.204 0.795412 989.771 498.805 0.247498 900.626 431.96 0.756856 848.043 478.241 0.850298 791.961 467.839 0.740756 946.525 529.147 0.650112 923.481 556.739 0.609057 899.533 612.163 0.813648 892.4 518.704 0.566088 853.248 521.189 0.222093 848.831 562.163 0.303674 0 0 0 0 0 0 972.817 375.651 0.57214 922.181 376.737 0.765456 1
0 111 96 0 0 0 947.622 420.65 0.847849 998.07 417.627 0.837673 1013.46 484.554 0.857545 987.377 494.46 0.105926 897.151 427.178 0.741293 845.002 473.894 0.765886 788.696 464.569 0.785015 944.347 522.62 0.633552 922.386 555.214 0.609518 899.543 611.3 0.796511 890.659 512.831 0.58019 851.943 515.317 0.1 843.819 551.952 0.1 0 0 0 0 0 0 968.478 370.225 0.602823 918.705 371.525 0.733827 1
0 111 97 0 0 0 944.134 415.001 0.85088 994.37 411.327 0.858938 1011.29 479.341 0.874087 985.645 489.679 0.1 893.465 421.966 0.705052 841.734 468.696 0.745103 783.491 460.878 0.832575 943.043 516.104 0.627857 920.648 554.337 0.688761 899.343 610.439 0.811882 889.999 506.957 0.60216 850.418 509.665 0.45988 840.11 543.695 0.140167 0 0 0 0 0 0 964.123 364.355 0.573969 914.785 366.522 0.754612 1
0 111 98 0 0 0 940.436 409.133 0.822309 990.455 405.459 0.841677 1008.25 473.262 0.848591 982.594 484.683 0.24502 889.984 416.321 0.700059 837.612 463.689 0.803463 779.152 457.18 0.786878 941.523 509.573 0.663365 918.703 553.9 0.730865 899.128 610.006 0.825652 888.263 500.442 0.598532 850.409 505.756 0.197976 838.142 536.959 0.252711 0 0 0 0 0 0 959.339 358.915 0.514398 910.002 361.73 0.768514 1
0 111 99 0 0 0 935.887 403.696 0.810571 985.668 399.367 0.825413 1005.21 467.605 0.835349 979.33 480.333 0.131117 886.286 411.536 0.73612 831.969 458.909 0.819834 773.934 452.397 0.703046 939.998 503.054 0.644997 916.751 552.167 0.793545 898.915 609.348 0.829485 886.305 494.356 0.641696 849.754 502.063 0.198827 836.194 532.615 0.1 0 0 0 0 0 0 954.338 353.694 0.627437 905.015 356.739 0.717368 1
0 111 100 0 0 0 931.547 398.043 0.84954 980.88 393.062 0.841255 1001.95 461.314 0.853504 976.277 475.542 0.653618 882.365 406.53 0.713237 826.534 453.705 0.682897 768.278 448.254 0.795137 937.823 497.405 0.639523 915.013 548.69 0.83427 898.701 607.823 0.845935 882.832 488.707 0.60441 849.106 495.544 0.416565 835.535 528.71 0.733478 0 0 0 0 0 0 949.121 347.401 0.587339 900.231 351.525 0.746767 1
0 111 101 0 0 0 927.415 392.611 0.835552 976.957 387.609 0.855543 998.476 456.09 0.810749 973.455 470.986 0.561194 877.806 401.533 0.718018 820.885 448.28 0.814474 762.183 444.325 0.811137 934.352 492.401 0.683015 913.272 543.911 0.787705 898.488 605.437 0.851373 878.047 483.709 0.571623 849.117 488.702 0.518365 835.087 526.216 0.737091 0 0 0 0 0 0 944.55 342.169 0.53169 895.871 347.172 0.748948 1
0 111 102 0 0 0 922.643 387.166 0.84833 973.038 381.524 0.871298 994.987 450.655 0.847799 971.064 466.748 0.368976 873.453 396.102 0.705271 816.743 442.203 0.780557 757.839 440.617 0.7761 931.089 486.954 0.702387 911.101 538.267 0.791149 898.057 601.521 0.845019 874.569 478.059 0.560954 849.772 483.268 0.591144 834.866 525.354 0.740404 0 0 0 0 0 0 939.338 336.733 0.599427 891.088 342.168 0.724092 1
0 111 103 0 0 0 917.859 381.521 0.866037 968.896 375.648 0.826693 991.505 444.795 0.846702 968.252 462.614 0.388876 868.671 390.891 0.732573 811.746 437.197 0.769932 754.148 436.277 0.739076 927.615 481.953 0.71501 908.503 532.182 0.767304 897.193 596.519 0.828114 869.786 473.928 0.536325 848.463 479.564 0.5726 834.433 525.575 0.783253 0 0 0 0 0 0 934.35 331.945 0.744641 886.099 336.956 0.781349 1
0 111 104 0 0 0 913.942 375.873 0.836335 964.552 370.205 0.894737 988.021 438.708 0.835703 966.077 457.826 0.398788 864.329 385.667 0.73318 807.609 431.98 0.839334 751.104 431.936 0.734532 924.784 476.735 0.689191 906.1 525.221 0.753406 895.674 589.778 0.829433 866.312 469.359 0.578465 845.197 477.601 0.499637 834.112 525.9 0.774766 0 0 0 0 0 0 929.795 326.509 0.593487 882.182 331.521 0.713308 1
0 111 105 0 0 0 910.236 370.432 0.827015 960.865 364.557 0.904871 984.329 432.611 0.872019 965.424 451.3 0.269047 860.201 379.583 0.78512 804.776 426.975 0.751561 749.136 428.03 0.645236 922.176 471.949 0.644196 902.842 516.75 0.743083 893.924 581.294 0.792961 863.061 464.792 0.529222 842.806 475.206 0.585823 833.904 526.114 0.779358 0 0 0 0 0 0 925.881 320.635 0.741351 878.488 326.079 0.683648 1
0 111 106 0 0 0 906.328 365.208 0.836151 957.591 359.339 0.819431 979.779 425.648 0.881835 964.334 445.856 0.51176 855.64 374.357 0.746916 802.6 421.971 0.799139 748.91 424.323 0.781924 919.785 466.505 0.666229 899.573 507.189 0.801478 891.525 570.641 0.800069 860.231 459.577 0.582281 840.849 473.033 0.685702 833.903 526.117 0.78083 0 0 0 0 0 0 922.409 315.206 0.591724 875.229 320.434 0.741707 1
0 111 107 0 0 0 902.415 360.419 0.872626 954.33 354.332 0.858577 976.305 419.785 0.84913 964.345 441.294 0.501074 851.298 369.36 0.776466 801.288 416.975 0.777691 748.686 419.982 0.724413 917.82 461.729 0.64296 894.797 498.717 0.783431 888.263 558.037 0.761082 857.407 456.087 0.59744 838.894 471.295 0.701619 833.683 526.118 0.819325 0 0 0 0 0 0 919.792 309.771 0.681056 872.831 314.789 0.72555 1
0 111 108 0 0 0 899.15 355.417 0.875866 952.143 349.973 0.892553 973.05 414.788 0.844395 964.559 437.165 0.522808 847.612 363.5 0.781983 801.065 412.418 0.79146 749.35 416.505 0.816734 914.997 458.023 0.635574 889.584 491.539 0.6938 883.484 545.653 0.769892 855.009 452.608 0.653579 836.935 470.422 0.71313 833.461 526.33 0.819047 0 0 0 0 0 0 917.399 304.554 0.751193 870.645 309.362 0.746031 1
0 111 109 0 0 0 895.896 350.635 0.905001 949.757 345.621 0.85092 970.434 411.52 0.821592 964.347 434.991 0.596829 844.132 358.075 0.755391 800.626 408.498 0.77105 751.314 412.604 0.848386 913.038 454.551 0.67224 883.504 485.224 0.646078 879.783 532.609 0.790832 853.052 449.778 0.65615 827.145 465.434 0.696181 823.473 522.622 0.81607 0 0 0 0 0 0 914.799 299.544 0.636262 868.26 303.93 0.787394 1
0 111 110 0 0 0 893.078 345.845 0.844825 947.371 340.641 0.857877 968.25 407.833 0.78829 964.12 432.807 0.774368 841.525 352.636 0.799195 801.063 403.711 0.806546 754.362 409.126 0.805652 911.517 451.076 0.665105 877.466 479.219 0.546151 875.388 521.168 0.734519 851.961 446.732 0.674198 825.191 467.82 0.703487 823.26 523.269 0.80847 0 0 0 0 0 0 912.418 294.332 0.721552 866.305 298.055 0.77416 1
0 111 111 0 0 0 891.112 340.855 0.852857 944.988 336.504 0.903712 966.077 404.562 0.831105 963.251 429.771 0.816266 839.347 346.983 0.827992 799.776 400.003 0.8888 756.758 404.577 0.826342 910.215 448.256 0.710703 871.464 474.172 0.271329 870.516 512.647 0.602991 850.876 443.901 0.697744 814.982 462.833 0.634733 813.475 519.343 0.717232 0 0 0 0 0 0 910.89 289.328 0.783303 864.567 292.625 0.857437 1
0 111 112 0 0 0 889.16 336.279 0.879827 942.607 332.379 0.87739 963.472 400.647 0.810662 962.59 426.744 0.772102 837.392 341.763 0.77787 798.908 396.321 0.869224 759.145 399.147 0.881807 908.907 444.784 0.708088 865.286 469.644 0.479082 865.379 506.599 0.321676 850.005 440.207 0.682716 805.207 458.067 0.479302 803.684 515.203 0.714306 0 0 0 0 0 0 909.572 284.334 0.707378 863.043 287.397 0.759409 1
0 111 113 0 0 0 887.421 331.707 0.885691 940.66 327.607 0.803653 960.442 396.084 0.817023 961.507 424.355 0.717137 835.655 336.534 0.833432 798.911 391.538 0.807711 761.318 394.579 0.804773 907.605 441.514 0.706488 859.158 465.214 0.162437 860.403 502.601 0.14671 849.127 436.724 0.634282 795.217 453.292 0.588552 793.696 511.069 0.707882 0 0 0 0 0 0 908.043 279.131 0.679041 861.524 282.182 0.713084 1
0 111 114 0 0 0 885.678 326.722 0.881503 938.914 323.044 0.834191 957.405 391.104 0.835814 960.42 421.537 0.716157 833.919 331.322 0.808223 799.127 386.54 0.86909 762.84 389.574 0.781395 905.863 438.036 0.692242 853.51 461.736 0.1 854.964 501.299 0.1 847.598 433.024 0.687544 785.226 448.521 0.381621 783.911 507.156 0.552447 0 0 0 0 0 0 906.522 274.571 0.712441 860.212 277.179 0.80306 1
0 111 115 0 0 0 884.158 321.94 0.913427 937.176 318.913 0.861585 955.652 387.408 0.811193 959.545 418.284 0.649322 832.826 326.098 0.777952 799.343 381.534 0.819303 764.146 384.575 0.665602 904.336 434.557 0.647867 848.079 459.781 0.1 850.179 502.177 0.1 845.654 429.329 0.682492 775.448 444.388 0.70269 773.917 503.24 0.753484 0 0 0 0 0 0 905 270.213 0.723878 858.696 272.391 0.760874 1
0 111 116 0 0 0 883.073 317.163 0.919279 935.652 314.139 0.822925 953.697 382.838 0.740008 959.101 414.579 0.772629 831.954 321.086 0.77836 798.698 376.326 0.817476 764.584 379.142 0.656967 902.387 430.86 0.686695 844.261 455.434 0.1 846.264 504.991 0.1 843.697 425.423 0.656223 765.241 440.901 0.709328 764.144 499.32 0.760354 0 0 0 0 0 0 903.484 265.871 0.687932 857.186 267.824 0.741428 1
0 111 117 0 0 0 882.619 311.953 0.890357 933.931 309.144 0.8592 951.95 377.622 0.775944 958.238 409.8 0.831273 831.511 315.654 0.795212 798.265 371.102 0.758758 764.791 373.706 0.695851 901.297 425.864 0.713639 840.993 450.002 0.1 843.434 507.594 0.1 842.401 420.644 0.659905 764.381 438.505 0.7346 764.359 498.883 0.772503 0 0 0 0 0 0 902.402 261.306 0.686228 855.897 262.813 0.743744 1
0 111 118 0 0 0 882.173 306.742 0.912443 932.624 304.367 0.912651 949.998 371.529 0.817339 957.369 404.577 0.808389 831.294 310.428 0.779745 798.693 364.797 0.842747 764.784 368.697 0.857714 898.695 420.204 0.711402 838.593 445.876 0.190784 838.984 511.071 0.3161 841.106 414.992 0.68855 772.002 440.234 0.794256 774.34 501.931 0.775237 0 0 0 0 0 0 901.756 257.171 0.730051 855.458 257.809 0.743931 1
0 111 119 0 0 0 881.938 301.314 0.910638 931.535 299.571 0.884827 948.047 364.782 0.817777 956.078 398.926 0.847034 831.29 304.989 0.820848 798.682 359.58 0.834041 764.123 363.055 0.84932 896.514 413.9 0.732224 835.938 442.318 0.443739 834.689 512.721 0.620247 839.803 409.124 0.721975 771.776 435.02 0.788712 774.555 499.544 0.77283 0 0 0 0 0 0 901.103 252.169 0.69208 854.811 252.388 0.767097 1
0 111 120 0 0 0 881.501 296.092 0.871873 930.659 294.355 0.853972 946.53 358.058 0.805349 954.999 393.701 0.863422 831.081 299.556 0.790369 799.33 354.147 0.83968 762.597 358.046 0.851264 894.112 408.034 0.682901 833.241 438.67 0.1 831.308 512.553 0.387774 838.719 403.687 0.721373 778.293 434.357 0.720726 783.687 500.207 0.608314 0 0 0 0 0 0 900.672 246.956 0.666032 854.592 247.167 0.778892 1
0 111 121 0 0 0 881.278 290.66 0.910015 930.207 289.138 0.91023 945.659 352.189 0.810383 954.136 388.261 0.826687 831.296 294.117 0.78327 800.63 347.831 0.836521 761.291 354.779 0.921299 891.933 401.724 0.708221 834.42 430.804 0.278737 830.35 504.245 0.197471 837.628 397.168 0.696371 784.367 430.872 0.475906 791.94 493.468 0.667161 0 0 0 0 0 0 900.238 241.519 0.655952 854.385 241.518 0.822921 1
0 111 122 0 0 0 880.847 285.013 0.902314 929.763 284.128 0.875219 945.223 347.193 0.788918 953.06 383.257 0.833944 831.293 288.684 0.835913 800.846 342.396 0.833078 759.989 351.3 0.870598 889.76 394.989 0.659334 836.202 423.274 0.236018 830.089 494.772 0.1 836.752 390.215 0.706588 790.232 425.655 0.77059 800.615 491.294 0.808513 0 0 0 0 0 0 899.805 236.3 0.672927 854.174 236.084 0.812067 0
0 111 123 0 0 0 880.413 279.79 0.876956 929.324 278.907 0.832437 944.79 341.755 0.811441 951.977 376.519 0.83763 831.291 283.459 0.795793 800.201 337.393 0.859421 758.041 348.034 0.833062 886.939 388.678 0.690811 838.374 416.098 0.476196 830.323 484.554 0.379777 835.451 383.483 0.738905 796.095 420.206 0.659917 808.871 487.379 0.759182 0 0 0 0 0 0 899.59 231.076 0.692185 853.961 230.653 0.8033 0
0 111 124 0 0 0 880.188 274.359 0.890855 928.886 273.254 0.888817 944.352 336.546 0.788799 950.029 369.348 0.800369 831.293 278.24 0.808423 799.119 333.254 0.829572 756.085 344.787 0.831841 885.208 382.377 0.701594 840.344 408.911 0.539611 830.547 474.331 0.41025 835.222 376.96 0.722949 801.751 413.251 0.608317 816.268 481.288 0.612442 0 0 0 0 0 0 899.382 225.857 0.74737 853.95 225.217 0.808791 0
0 111 125 0 0 0 879.53 268.919 0.875049 928.018 267.606 0.830489 943.26 331.759 0.811779 947.207 360.984 0.719561 831.073 273.023 0.846813 798.684 329.116 0.809917 754.996 342.827 0.802871 883.244 375.432 0.689436 842.413 402.598 0.449193 830.977 464.131 0.819332 834.348 370.001 0.69273 808.044 406.085 0.744448 823.227 474.343 0.110739 0 0 0 0 0 0 898.95 219.994 0.720593 853.73 219.561 0.756917 0
0 111 126 0 0 0 878.451 263.707 0.854315 926.923 262.184 0.832745 942.61 326.751 0.861802 943.943 352.283 0.737533 830.424 268.449 0.78509 798.459 324.337 0.878183 754.342 341.297 0.791009 881.076 369.786 0.709731 844.379 396.943 0.52267 831.64 454.358 0.842657 832.823 363.691 0.646976 805.213 395.649 0.796711 819.964 462.387 0.758378 0 0 0 0 0 0 898.502 214.558 0.731584 853.506 214.136 0.749752 0
0 111 127 0 0 0 877.363 258.705 0.878695 925.62 256.961 0.871474 941.312 320.665 0.806572 940.465 340.843 0.679581 829.343 263.666 0.781664 797.597 320.648 0.863597 753.684 339.773 0.815549 879.77 364.356 0.65745 846.561 390.642 0.562969 832.839 445.442 0.817422 831.726 357.825 0.593772 801.946 384.124 0.73466 816.493 450.425 0.769517 0 0 0 0 0 0 897.405 209.124 0.735039 852.632 208.919 0.755305 0
0 111 128 0 0 0 875.857 254.344 0.863513 924.103 251.747 0.825679 940.005 315.221 0.820878 936.982 327.513 0.329418 828.256 259.095 0.834542 796.523 317.17 0.837658 753.04 338.683 0.8276 878.256 359.144 0.690452 849.392 383.9 0.586086 834.586 437.396 0.854585 830.204 352.172 0.649323 798.691 372.821 0.726836 811.935 439.334 0.741889 0 0 0 0 0 0 895.878 204.132 0.672911 851.756 204.566 0.792362 0
0 111 129 0 0 0 874.339 249.781 0.850133 922.367 246.533 0.848087 938.041 308.051 0.829685 933.066 311.648 0.1 827.16 255.178 0.819789 795.657 313.698 0.806174 752.827 338.026 0.835311 876.738 353.712 0.684689 852.645 378.246 0.648701 836.113 430.215 0.846682 828.679 346.307 0.633591 796.95 361.525 0.685684 807.59 428.026 0.849167 0 0 0 0 0 0 894.136 199.351 0.770585 850.023 199.79 0.774678 0
0 111 130 0 0 0 872.6 245.013 0.883161 920.423 241.752 0.871732 936.082 301.087 0.848992 928.823 295.558 0.11445 825.635 251.043 0.7884 794.579 310.221 0.824311 752.831 337.158 0.834428 874.796 348.713 0.704118 852.203 378.023 0.735916 835.908 430.224 0.866999 827.158 341.096 0.590112 794.133 353.479 0.570682 803.908 424.334 0.820012 0 0 0 0 0 0 892.183 194.792 0.68595 848.278 195.443 0.789943 0
0 111 131 0 0 0 870.422 240.881 0.913273 917.81 236.974 0.863837 933.905 292.827 0.86051 924.463 278.602 0.1 824.114 246.49 0.834538 793.488 306.746 0.824763 753.037 336.278 0.839417 873.267 343.497 0.673515 851.55 377.805 0.741802 835.701 430.438 0.880081 825.428 336.316 0.61363 791.532 347.816 0.555272 800.654 415.426 0.702436 0 0 0 0 0 0 889.792 190.654 0.714254 846.311 191.525 0.720888 0
0 111 132 0 0 0 867.819 236.527 0.893659 914.765 231.767 0.858148 931.076 284.993 0.864653 918.59 263.811 0.1 822.588 242.364 0.853319 792.403 303.491 0.827678 752.599 335.849 0.862845 872.18 337.855 0.700542 850.899 377.369 0.737089 835.694 430.438 0.884941 824.554 331.313 0.617059 789.356 341.519 0.634682 797.187 405.863 0.764848 0 0 0 0 0 0 886.747 186.093 0.704805 844.134 187.182 0.717927 0
0 111 133 0 0 0 864.785 231.754 0.887936 911.288 226.979 0.869562 928.051 276.289 0.837783 913.593 254.673 0.134871 820.196 238.666 0.865361 791.529 300.232 0.821068 752.378 335.616 0.844313 870.436 332.204 0.725479 850.663 376.295 0.749417 835.687 430.431 0.865598 823.691 326.529 0.633734 793.701 341.301 0.393311 799.578 403.472 0.445953 0 0 0 0 0 0 883.267 181.533 0.686319 841.526 183.054 0.714909 0
0 111 134 0 0 0 861.96 227.404 0.881283 907.383 222.191 0.841208 925.647 267.805 0.75904 909.463 241.953 0.1 817.8 234.109 0.792504 790.442 296.317 0.783002 752.164 335.17 0.818646 868.915 326.767 0.731016 850.23 374.993 0.824841 835.475 430.415 0.880831 823.255 321.53 0.683591 797.831 341.079 0.364977 802.182 401.944 0.369081 0 0 0 0 0 0 879.786 177.617 0.667992 838.261 179.139 0.726678 0
0 111 135 0 0 0 858.917 222.612 0.863955 903.47 216.971 0.767464 922.594 259.108 0.795119 904.686 234.554 0.173074 815.414 229.542 0.799278 788.489 292.615 0.798751 751.736 333.653 0.811132 866.743 321.321 0.750143 849.353 373.688 0.80867 835.46 430.404 0.871405 821.948 316.315 0.673057 794.792 339.12 0.504511 799.364 394.774 0.553667 0 0 0 0 0 0 875.439 173.054 0.596949 834.776 175.434 0.705084 0
0 111 136 0 0 0 855.227 217.609 0.836812 899.336 211.539 0.837882 918.896 251.504 0.771446 900.337 226.762 0.146608 813.017 225.405 0.830652 786.115 288.479 0.775064 752.165 330.403 0.822071 864.572 315.234 0.722565 848.259 371.511 0.822556 835.451 429.974 0.901064 821.083 311.099 0.641933 799.575 340.216 0.268081 802.19 394.995 0.229459 0 0 0 0 0 0 871.306 168.288 0.603798 831.086 171.306 0.715057 0
0 111 137 0 0 0 851.53 212.401 0.897801 895.202 205.892 0.791997 915.199 243.904 0.810044 896.415 218.578 0.270983 809.754 220.628 0.836419 784.154 283.695 0.801595 752.159 326.72 0.801884 863.045 309.361 0.732751 846.946 369.33 0.827967 835.43 428.465 0.895643 820.868 306.097 0.629852 803.91 341.512 0.284888 806.099 395.644 0.190793 0 0 0 0 0 0 866.962 163.936 0.703229 826.526 166.955 0.628222 0
0 111 138 0 0 0 848.04 206.746 0.891352 891.074 200.244 0.785249 911.509 237.377 0.773636 892.059 215.532 0.127617 806.285 215.41 0.819357 782.198 278.251 0.727028 752.156 321.948 0.711614 861.082 303.268 0.732732 845.419 365.638 0.807933 835.205 426.078 0.847844 818.912 300.234 0.697644 802.39 338.682 0.351472 804.8 390.645 0.330033 0 0 0 0 0 0 862.396 158.725 0.62027 822.611 162.809 0.779077 0
0 111 139 0 0 0 844.128 201.297 0.817622 886.507 193.726 0.840836 907.16 230.858 0.801558 887.164 215.312 0.173652 802.817 209.977 0.842671 780.234 272.389 0.770646 751.283 316.725 0.729974 858.251 297.177 0.722829 843.897 360.428 0.840419 834.765 422.593 0.905775 816.52 294.786 0.651103 801.951 335.635 0.312647 803.715 385.438 0.389411 0 0 0 0 0 0 857.613 153.722 0.653333 818.903 158.031 0.733551 0
0 111 140 0 0 0 840.218 195.43 0.905044 882.594 187.638 0.7905 902.378 225.63 0.80208 882.658 212.564 0.1 799.555 204.54 0.786198 778.273 266.934 0.778069 749.985 310.002 0.748702 854.998 291.738 0.750466 842.149 355.215 0.764239 834.108 417.593 0.832442 813.478 289.35 0.71274 801.521 332.149 0.441287 801.972 380.877 0.307386 0 0 0 0 0 0 853.271 148.714 0.674101 814.986 153.025 0.682031 0
0 111 141 0 0 0 836.53 189.562 0.888607 878.909 182.189 0.812377 897.813 221.064 0.743933 878.152 209.816 0.119717 796.081 199.314 0.772097 776.307 259.981 0.765544 749.331 302.818 0.791119 851.955 285.653 0.720234 839.32 347.823 0.803091 832.798 410.652 0.743023 810.225 283.702 0.756478 800.872 329.543 0.636094 800.662 378.914 0.550614 0 0 0 0 0 0 849.578 143.926 0.488824 811.074 148.243 0.785893 0
0 111 142 0 0 0 833.053 184.126 0.891036 875.647 176.539 0.82426 893.016 217.369 0.754653 873.646 207.068 0.1 792.821 193.667 0.859891 773.48 253.034 0.797554 748.241 294.354 0.751489 848.256 279.783 0.73702 836.061 340.639 0.840043 831.269 402.828 0.793876 806.098 277.617 0.657636 793.7 321.72 0.479704 794.351 371.742 0.756249 0 0 0 0 0 0 846.095 138.922 0.640634 807.158 142.807 0.739484 0
0 111 143 0 0 0 829.791 178.478 0.862299 873.038 170.891 0.814106 888.035 214.112 0.784532 869.139 204.32 0.169338 789.562 188.022 0.777971 770.644 246.732 0.819506 746.284 285.669 0.769459 844.776 274.338 0.743239 832.79 332.818 0.891409 829.518 394.136 0.795845 802.18 271.749 0.669637 786.521 314.326 0.723677 788.697 364.796 0.849508 0 0 0 0 0 0 842.837 133.485 0.577528 803.68 137.377 0.725991 0
0 111 144 0 0 0 826.956 173.48 0.860848 870.861 165.887 0.876253 883.26 212.368 0.794366 855.047 211.283 0.0669463 786.294 182.807 0.81352 768.258 240.433 0.841503 743.889 276.753 0.823465 842.383 268.914 0.786196 829.313 323.899 0.776665 826.701 383.713 0.773745 799.353 266.745 0.668042 786.303 310.423 0.811324 789.123 365.019 0.875269 0 0 0 0 0 0 840.235 128.271 0.667627 800.415 131.945 0.725469 0
0 111 145 0 0 0 824.563 168.274 0.90188 868.475 161.111 0.871593 879.782 210.848 0.758309 0 0 0 783.047 177.375 0.804339 766.073 234.126 0.798464 740.194 268.709 0.814242 839.987 264.126 0.760751 825.404 314.773 0.793381 823.231 372.844 0.848476 795.652 261.743 0.742735 778.912 304.116 0.825797 783.687 358.068 0.829837 0 0 0 0 0 0 837.631 123.041 0.584787 797.583 126.081 0.726702 0
0 111 146 0 0 0 822.38 163.279 0.912788 866.085 157.193 0.838233 876.531 209.759 0.784501 851.113 215.247 0.0677564 780.657 171.737 0.760035 763.682 228.044 0.821842 736.069 260.214 0.826487 836.73 259.996 0.737276 820.41 308.909 0.878976 818.238 363.928 0.835263 791.522 256.965 0.703495 771.959 298.689 0.820561 778.033 350.899 0.868492 0 0 0 0 0 0 835.676 118.035 0.578503 795.837 120.642 0.715275 0
0 111 147 0 0 0 820.002 159.148 0.891249 863.693 153.059 0.879807 873.697 208.669 0.893548 853.016 223.026 0.0800627 778.698 166.528 0.82346 761.285 222.396 0.84065 731.506 252.376 0.775167 834.783 256.089 0.706331 815.198 303.908 0.795294 813.237 356.752 0.841595 789.778 253.27 0.688493 771.299 299.334 0.789768 778.243 351.113 0.807465 0 0 0 0 0 0 833.726 113.461 0.619417 794.087 115.213 0.70688 0
0 111 148 0 0 0 817.827 154.808 0.868793 861.738 149.362 0.891532 871.297 206.711 0.934757 853.014 223.049 0.0914428 776.734 162.174 0.86456 758.247 217.39 0.838105 727.383 244.553 0.785882 834.123 252.828 0.699102 810.631 298.897 0.655742 807.567 348.96 0.817674 788.472 250.233 0.702989 770.872 299.761 0.759015 778.459 351.544 0.799789 0 0 0 0 0 0 832.418 108.674 0.577304 792.35 109.999 0.707624 0
0 111 149 0 0 0 816.088 150.462 0.857816 859.791 145.667 0.878431 869.549 204.76 0.943047 853.937 235.382 0.153063 774.99 157.395 0.814077 755.21 212.191 0.883442 723.467 237.597 0.719794 833.463 249.359 0.685222 805.529 294.004 0.63001 801.897 341.168 0.799788 787.383 247.402 0.696267 770.43 299.976 0.723321 778.468 351.765 0.770411 0 0 0 0 0 0 830.893 103.901 0.594622 791.048 105.014 0.712518 0
0 111 150 0 0 0 814.554 146.549 0.874149 858.049 141.976 0.850132 868.25 202.374 0.92621 855.503 231.97 0.495981 773.249 152.408 0.849267 752.395 208.055 0.846082 719.555 231.073 0.822598 831.948 246.959 0.697156 800.744 291.61 0.618124 796.226 333.376 0.408419 785.864 245.004 0.736223 769.776 299.968 0.702427 778.474 351.769 0.718649 0 0 0 0 0 0 829.583 99.3432 0.537247 789.959 100.236 0.786059 0
0 111 151 0 0 0 813.035 142.847 0.84718 856.316 138.283 0.823541 867.377 199.336 0.870425 857.069 228.558 0.624421 772.157 147.634 0.85022 750.446 203.269 0.805402 715.865 225.415 0.823233 830.658 245.001 0.737929 799.231 288.137 0.692993 790.556 325.584 0.433669 784.552 243.047 0.783436 768.907 300.185 0.736332 778.482 351.979 0.72353 0 0 0 0 0 0 828.499 95.4223 0.517848 789.31 96.3162 0.716593 0
0 111 152 0 0 0 811.524 139.155 0.842552 854.781 135.018 0.893862 866.283 195.866 0.843466 858.636 225.146 0.819858 771.293 143.923 0.81588 748.507 198.496 0.842109 713.465 219.976 0.789996 829.142 242.184 0.735247 798.809 282.057 0.115639 0 0 0 783.04 240.656 0.760194 768.047 299.324 0.79333 778.051 351.744 0.698638 0 0 0 0 0 0 827.412 91.9415 0.552408 789.096 92.6144 0.730622 0
0 111 153 0 0 0 810.016 135.243 0.912987 853.043 131.538 0.919576 864.554 191.743 0.85145 860.202 221.735 0.785353 770.428 140.006 0.783263 746.974 194.155 0.877031 711.289 215.627 0.826887 826.751 239.132 0.710547 794.683 281.194 0.1 0 0 0 781.307 237.617 0.721397 766.961 298.018 0.750553 777.403 351.304 0.722253 0 0 0 0 0 0 826.113 88.0258 0.685462 788.667 88.2758 0.765438 0
0 111 154 0 0 0 808.927 131.751 0.904312 851.734 128.054 0.885297 862.811 186.956 0.819298 860.422 218.908 0.807203 769.987 135.662 0.808609 745.452 190.467 0.851836 709.56 211.717 0.843833 823.925 235.874 0.69674 790.979 281.411 0.107954 774.712 346.29 0.0732161 779.788 234.145 0.727257 765.865 296.497 0.766254 776.98 350.215 0.770517 0 0 0 0 0 0 825.25 84.548 0.691508 788.449 84.7917 0.721175 0
0 111 155 0 0 0 807.632 128.265 0.902955 850.211 124.573 0.868583 860.845 182.179 0.838874 860.423 214.999 0.885469 769.121 132.165 0.844295 744.152 186.984 0.840638 709.124 208.679 0.80339 821.525 232.392 0.69515 788.369 278.586 0.194216 819.833 332.626 0.0650794 777.828 230.878 0.730119 764.556 293.242 0.698815 776.77 348.25 0.720641 0 0 0 0 0 0 824.375 80.8605 0.661993 787.807 81.3112 0.701874 0
0 111 156 0 0 0 806.542 124.784 0.886444 848.479 121.53 0.882522 858.681 177.829 0.85139 859.33 210.647 0.890096 768.249 128.676 0.823067 743.065 183.719 0.86945 709.125 205.858 0.778689 818.264 228.481 0.671028 786.625 274.015 0.116269 0 0 0 775.436 226.744 0.746491 761.304 286.293 0.758593 775.896 344.12 0.777543 0 0 0 0 0 0 823.931 77.6032 0.618177 787.163 77.8341 0.704095 0
0 111 157 0 0 0 805.889 121.301 0.916841 846.961 118.476 0.892533 856.52 174.573 0.844149 855.418 206.307 0.882466 767.383 124.988 0.776645 742.625 180.458 0.889113 709.339 203.472 0.782892 815.001 223.922 0.651464 784.665 268.585 0.25415 771.041 334.346 0.127796 773.264 221.744 0.750315 756.96 278.913 0.803331 773.934 338.244 0.794398 0 0 0 0 0 0 823.069 74.1272 0.789423 786.081 74.3565 0.645801 0
0 111 158 0 0 0 805.237 117.819 0.926541 845.436 115.21 0.851749 853.924 171.304 0.847346 850.634 201.755 0.847814 766.3 121.502 0.799044 742.187 177.192 0.890802 709.783 201.718 0.764468 811.963 218.926 0.678476 783.684 261.964 0.51411 770.777 325.873 0.340258 771.307 216.53 0.750546 752.608 270.441 0.775612 771.531 331.275 0.750947 0 0 0 0 0 0 822.618 70.8659 0.70623 784.786 71.0859 0.765836 0
0 111 159 0 0 0 804.153 114.555 0.929272 843.903 111.96 0.826235 850.889 168.256 0.854714 844.339 197.618 0.802243 765.214 118.235 0.834175 741.742 174.159 0.871363 710.223 199.994 0.791534 809.56 214.367 0.685002 783.47 255.008 0.526619 770.514 317.399 0.346434 769.346 211.751 0.692201 748.253 261.754 0.65924 767.842 323.886 0.654491 0 0 0 0 0 0 821.1 67.5956 0.684165 783.269 67.8177 0.726215 0
0 111 160 0 0 0 802.63 111.292 0.907654 842.154 109.126 0.823335 847.861 164.778 0.847223 837.138 193.11 0.663481 763.921 114.97 0.853782 741.084 171.977 0.861367 710.867 198.691 0.853094 806.724 209.801 0.742592 779.999 249.792 0.549961 770.25 308.925 0.458121 767.389 206.967 0.639963 743.91 252.625 0.80286 763.486 315.411 0.60388 0 0 0 0 0 0 819.356 64.1277 0.631399 781.741 64.3461 0.696521 0
0 111 161 0 0 0 800.89 108.452 0.894952 840.201 106.295 0.850624 845.258 161.076 0.891792 829.938 188.601 0.545838 762.606 111.51 0.819133 740.421 170.221 0.858666 711.098 197.612 0.8721 803.898 205.886 0.708519 775.651 247.821 0.642657 769.987 300.451 0.638742 765.431 202.613 0.670799 739.557 244.362 0.784404 758.056 306.937 0.640508 0 0 0 0 0 0 817.405 60.8662 0.713553 779.993 61.0867 0.709884 0
0 111 162 0 0 0 798.94 105.838 0.912104 838.242 103.25 0.91704 843.293 157.381 0.893075 822.737 184.092 0.58519 760.864 108.469 0.806872 739.554 168.041 0.891581 711.535 196.739 0.807087 801.722 202.198 0.713228 775.657 241.736 0.660714 769.332 293.711 0.712229 763.474 198.268 0.674569 735.421 236.324 0.842831 751.536 297.588 0.752286 0 0 0 0 0 0 815.661 58.0408 0.76904 778.037 58.4697 0.671908 0
0 111 163 0 0 0 796.981 103.02 0.884305 835.857 100.213 0.908291 840.902 154.339 0.841587 815.537 179.584 0.108319 758.472 106.283 0.841063 738.248 165.429 0.864266 711.749 196.078 0.798466 799.775 198.937 0.685725 775.88 235.86 0.621792 769.108 286.984 0.764088 761.084 194.784 0.689154 731.296 228.928 0.794837 744.572 288.449 0.821841 0 0 0 0 0 0 813.705 55.4361 0.677868 775.222 55.6492 0.670932 0
0 111 164 0 0 0 794.8 100.195 0.888523 833.463 97.1761 0.863948 837.644 151.077 0.883803 819.804 158.499 0.0811131 756.087 104.116 0.860373 736.711 163.036 0.843584 711.534 195.211 0.834307 798.033 195.461 0.710845 776.303 230.206 0.706726 769.538 281.976 0.809393 758.91 190.883 0.663069 727.816 222.184 0.761032 737.388 279.761 0.867861 0 0 0 0 0 0 811.316 52.6083 0.652727 772.397 52.6155 0.807547 0
0 111 165 0 0 0 791.973 97.3696 0.889687 831.282 94.1397 0.819825 834.385 147.598 0.765849 810.013 162.426 0.0569429 753.488 101.94 0.85255 734.975 160.649 0.813299 710.877 194.558 0.840315 796.291 192.202 0.713123 776.097 226.512 0.732443 770.396 278.933 0.852444 756.313 188.05 0.622277 725.205 219.573 0.779686 730.44 273.235 0.908434 0 0 0 0 0 0 808.272 49.7815 0.51344 769.574 50.0039 0.788893 0
0 111 166 0 0 0 788.715 94.9752 0.898721 828.671 91.5371 0.800618 831.122 143.907 0.731508 0 0 0 750.884 99.5537 0.839851 733.222 158.692 0.803152 709.79 194.113 0.86102 794.123 189.594 0.713191 775.663 224.123 0.763324 770.405 277.408 0.881025 753.494 185.869 0.619269 723.674 216.743 0.693878 724.787 268.228 0.771435 0 0 0 0 0 0 805.003 47.5979 0.52834 766.959 47.8283 0.749902 0
0 111 167 0 0 0 785.449 93.0226 0.895958 825.622 89.1522 0.811135 827.426 140.429 0.57042 0 0 0 747.839 97.8213 0.826857 730.834 156.95 0.795077 708.056 192.814 0.852486 791.516 187.622 0.717976 775.005 222.814 0.776455 770.403 276.332 0.873278 750.883 183.694 0.678648 722.589 214.567 0.773515 719.578 264.318 0.913078 0 0 0 0 0 0 801.529 45.4265 0.477256 763.482 45.8734 0.748155 0
0 111 168 0 0 0 782.187 91.0653 0.840341 822.156 86.7538 0.868415 823.946 137.166 0.453128 0 0 0 744.372 96.0881 0.825309 727.797 155.199 0.808315 706.312 191.502 0.82777 788.696 185.222 0.716727 774.127 221.518 0.773093 770.195 275.681 0.853425 748.701 181.297 0.674562 720.868 212.393 0.681723 715.658 260.622 0.81979 0 0 0 0 0 0 798.265 43.4762 0.52547 760.003 44.1296 0.732657 0
0 111 169 0 0 0 778.711 89.3223 0.865883 818.694 84.147 0.875719 820.449 134.768 0.448983 0 0 0 740.89 94.7842 0.812584 724.752 153.461 0.854409 704.359 189.763 0.792858 786.309 182.617 0.753776 772.601 219.57 0.777264 769.763 274.817 0.837867 745.66 179.121 0.713543 719.329 210.871 0.629604 712.604 258.229 0.794824 0 0 0 0 0 0 794.577 41.7327 0.594616 756.308 42.3978 0.760707 0
0 111 170 0 0 0 775.23 86.9463 0.914364 815.216 81.5378 0.83894 816.969 132.593 0.465453 0 0 0 737.206 93.2582 0.774691 721.712 151.513 0.834916 701.956 188.009 0.759937 783.92 179.572 0.760011 770.652 217.839 0.750993 769.329 274.378 0.839486 742.621 176.515 0.719151 717.589 209.347 0.643945 710.421 255.846 0.85267 0 0 0 0 0 0 790.882 39.9933 0.65783 752.608 40.8683 0.712584 0
0 111 171 0 0 0 771.751 84.5596 0.932467 811.092 79.1524 0.818268 813.487 130.852 0.448064 0 0 0 733.942 91.5288 0.775747 718.665 149.989 0.816388 698.698 186.062 0.755262 781.303 176.527 0.736702 768.9 216.315 0.78472 768.683 273.508 0.8367 739.575 174.337 0.664027 715.857 208.039 0.721897 709.323 254.539 0.887445 0 0 0 0 0 0 787.174 38.472 0.702532 748.693 39.5549 0.654161 0
0 111 172 0 0 0 768.271 82.1745 0.887923 807.398 76.966 0.850299 810.446 129.331 0.58993 0 0 0 730.466 89.7929 0.814213 715.621 148.03 0.874435 695.652 183.452 0.814038 778.685 173.697 0.725494 766.939 214.361 0.765879 767.397 271.77 0.850076 736.756 172.157 0.635378 714.332 206.302 0.817662 708.67 254.104 0.885601 0 0 0 0 0 0 783.466 36.9443 0.712393 745.211 38.4608 0.709276 0
0 111 173 0 0 0 765.005 80.0094 0.867939 803.932 74.9943 0.86615 808.483 127.813 0.55298 0 0 0 726.981 88.0558 0.81921 712.164 145.867 0.879569 692.391 180.63 0.842811 776.082 171.082 0.727946 764.979 212.616 0.773487 766.095 269.594 0.859315 734.579 170.182 0.645978 712.593 204.562 0.84668 708.451 254.099 0.89993 0 0 0 0 0 0 780.199 35.8577 0.690331 741.725 37.5853 0.760656 0
0 111 174 0 0 0 762.179 78.0538 0.864338 800.667 73.2385 0.848215 806.731 126.298 0.718272 774.807 148.679 0.0680069 723.715 86.104 0.806929 708.695 143.697 0.869621 689.135 177.589 0.825487 773.474 168.679 0.763737 762.37 209.789 0.841676 764.571 266.328 0.864369 732.826 167.361 0.677044 711.291 202.179 0.844401 708.234 253.668 0.870234 0 0 0 0 0 0 777.373 34.5532 0.672308 738.458 36.4982 0.778671 0
0 111 175 0 0 0 759.351 76.3119 0.866148 797.63 71.4956 0.820401 805.197 124.988 0.812064 774.843 146.737 0.0963549 720.452 84.3648 0.792856 705.219 141.74 0.815419 686.088 174.342 0.82494 770.869 166.278 0.749056 759.119 206.961 0.860032 762.18 262.424 0.803589 730.872 164.542 0.734565 709.77 200.227 0.824787 707.584 252.811 0.849921 0 0 0 0 0 0 774.55 33.0413 0.567065 735.21 35.1961 0.695636 0
0 111 176 0 0 0 756.315 74.5698 0.896564 795.233 69.7566 0.855614 804.324 123.69 0.895989 782.14 148.208 0.192099 717.838 82.4054 0.784433 702.169 139.993 0.786233 682.605 171.945 0.825305 768.694 163.894 0.730371 755.86 204.359 0.836573 759.141 258.725 0.898041 728.915 162.155 0.737607 707.596 198.718 0.843415 706.933 252.378 0.855993 0 0 0 0 0 0 771.517 31.5215 0.514561 733.022 33.4623 0.630804 0
0 111 177 0 0 0 753.704 72.8285 0.867368 793.06 68.0227 0.86566 803.659 122.396 0.890687 782.368 147.895 0.479478 715.652 80.4528 0.838312 699.771 138.038 0.847588 679.13 169.328 0.866486 766.956 161.726 0.732954 752.609 201.962 0.793576 755.662 254.593 0.913019 727.173 160.2 0.738252 706.075 197.636 0.852027 706.498 252.371 0.86577 0 0 0 0 0 0 769.126 29.9942 0.537671 731.054 31.7262 0.711903 0
0 111 178 0 0 0 751.954 70.8757 0.876925 791.102 66.7166 0.883517 802.582 121.308 0.899815 782.595 147.581 0.669516 713.697 78.272 0.816294 697.167 135.862 0.892995 675.66 166.285 0.880746 765.216 159.982 0.723007 750 199.992 0.790825 751.32 249.596 0.856033 726.083 158.031 0.711689 704.564 196.758 0.856763 706.072 252.37 0.879113 0 0 0 0 0 0 767.383 28.2631 0.573267 729.319 29.9892 0.703138 0
0 111 179 0 0 0 750.211 69.5635 0.870711 789.363 65.633 0.881436 801.497 120.447 0.906602 782.823 147.268 0.766556 711.738 76.3179 0.807526 694.35 133.682 0.906599 672.833 163.033 0.860122 763.475 158.684 0.715595 748.024 197.385 0.841497 746.751 244.596 0.836129 724.345 156.514 0.701759 703.701 195.889 0.855467 705.641 252.149 0.854154 0 0 0 0 0 0 765.645 26.7458 0.602989 727.581 28.2539 0.670224 0
0 111 180 0 0 0 748.676 68.4697 0.890049 788.275 64.3316 0.861897 800.41 119.577 0.914144 783.05 146.954 0.75976 709.57 74.5766 0.804614 691.533 131.285 0.881184 670.435 159.77 0.850893 761.738 157.378 0.734465 744.989 195.644 0.879221 741.966 240.031 0.866287 722.819 154.783 0.671639 702.827 195.233 0.900772 705.213 251.505 0.869826 0 0 0 0 0 0 764.141 25.4477 0.603583 726.282 26.5204 0.741405 0
0 111 181 0 0 0 747.153 67.5854 0.895789 787.404 63.0335 0.850112 799.108 118.496 0.895138 783.264 146.514 0.714656 708.047 72.8403 0.804956 689.356 129.124 0.86816 668.255 157.169 0.837441 760.212 156.514 0.74217 741.727 194.773 0.792303 737.602 236.539 0.79951 721.291 153.486 0.668594 701.745 195.018 0.861738 705.207 250.86 0.828256 0 0 0 0 0 0 762.852 24.1478 0.633433 725.412 24.7856 0.74792 0
0 111 182 0 0 0 745.858 66.4892 0.870892 786.745 61.5309 0.838011 797.81 117.619 0.87875 782.829 145.42 0.770776 707.177 71.1019 0.824129 687.819 127.164 0.845569 666.296 154.985 0.821579 758.261 156.08 0.743192 738.255 193.912 0.69308 732.391 234.153 0.837399 719.557 152.194 0.685607 700.664 195.452 0.871309 704.999 250.43 0.811971 0 0 0 0 0 0 761.56 23.0556 0.540763 725.189 23.2646 0.73654 0
0 111 183 0 0 0 744.773 65.1907 0.883 786.099 60.0296 0.823878 796.513 117.183 0.888368 781.526 144.763 0.734605 706.304 69.7911 0.819246 686.501 125.42 0.835527 664.556 152.817 0.849458 756.739 155.648 0.71666 735.652 193.704 0.692121 727.833 232.198 0.83928 717.826 151.55 0.68897 700.011 195.667 0.728578 704.777 249.784 0.752566 0 0 0 0 0 0 760.692 22.3947 0.470805 724.969 21.5277 0.681548 0
0 111 184 0 0 0 744.13 63.6749 0.880536 785.869 58.7315 0.842314 795.009 116.746 0.898363 780.437 143.454 0.666925 705.872 68.0486 0.81271 685.211 123.462 0.82541 663.242 150.846 0.871367 755 155.217 0.710633 733.692 193.924 0.671325 724.139 230.889 0.719924 716.291 151.111 0.722444 699.368 195.883 0.691192 704.559 249.35 0.731868 0 0 0 0 0 0 760.693 21.9477 0.677089 724.835 20.4099 0.627053 0
0 111 185 0 0 0 743.916 62.16 0.879105 785.654 57.6447 0.859204 793.709 116.317 0.917652 779.124 143.01 0.692786 705.449 66.3155 0.806354 684.139 121.502 0.877644 662.803 148.68 0.880201 753.478 154.569 0.712867 731.746 193.92 0.665958 721.52 229.363 0.609621 714.78 150.463 0.737954 699.157 196.101 0.65815 704.774 248.913 0.737357 0 0 0 0 0 0 760.908 21.5016 0.70428 724.7 19.2921 0.652113 0
0 111 186 0 0 0 743.71 60.6551 0.883351 785.652 56.777 0.855951 792.624 116.099 0.917742 777.812 142.363 0.718238 705.233 64.7868 0.79498 683.275 119.541 0.885821 662.591 146.519 0.850387 751.744 154.135 0.730114 730.003 194.361 0.689714 718.91 228.708 0.526388 713.265 149.808 0.747836 699.15 196.747 0.647578 704.986 248.481 0.72832 0 0 0 0 0 0 761.34 21.0664 0.639648 724.566 18.1744 0.66332 0
0 111 187 0 0 0 743.499 59.3557 0.885709 785.649 55.9101 0.860182 791.966 116.095 0.926946 776.072 141.937 0.663948 705.012 63.066 0.793341 682.843 117.157 0.901757 662.592 144.997 0.856909 750.225 153.698 0.712922 728.478 194.805 0.701685 717.383 229.351 0.560294 711.968 149.368 0.757122 699.156 197.405 0.66935 704.772 247.618 0.720702 0 0 0 0 0 0 761.772 20.7327 0.630216 724.432 17.0566 0.608141 0
0 111 188 0 0 0 743.494 58.0501 0.898639 785.654 55.249 0.877998 791.52 116.083 0.944496 774.762 141.507 0.66846 704.79 61.5428 0.7723 682.84 114.77 0.86581 662.824 143.261 0.83945 748.924 153.261 0.731892 726.739 196.104 0.680089 715.65 231.085 0.584673 711.525 148.923 0.770013 698.721 198.053 0.686171 704.556 246.968 0.719984 0 0 0 0 0 0 762.417 20.2926 0.60398 0 0 0 0
0 111 189 0 0 0 743.5 56.7543 0.91114 785.872 55.0166 0.877523 791.085 115.875 0.945471 773.885 140.862 0.59359 705.005 59.8064 0.791248 682.84 112.603 0.836126 663.268 141.53 0.83761 747.84 152.83 0.749594 726.089 196.099 0.65162 714.996 231.303 0.591023 710.877 148.69 0.775901 698.298 197.843 0.634013 704.345 246.744 0.714394 0 0 0 0 0 0 763.058 19.7401 0.528731 0 0 0 0
0 111 190 0 0 0 743.508 55.6752 0.901515 786.291 54.7915 0.879949 790.864 115.871 0.949664 773.227 140.426 0.607283 705.439 58.0744 0.789762 682.639 110.856 0.839031 663.497 140.007 0.85102 746.978 152.169 0.75148 726.097 194.578 0.665329 714.779 231.092 0.548165 710.648 147.821 0.763728 698.074 196.973 0.637134 703.915 246.095 0.699556 0 0 0 0 0 0 763.699 19.0859 0.458608 0 0 0 0
0 111 191 0 0 0 743.512 54.8093 0.911118 786.713 54.7734 0.894765 790.644 115.878 0.958481 772.357 140.205 0.635366 705.657 56.548 0.811427 682.639 108.907 0.818114 663.932 138.282 0.839776 746.543 150.863 0.748997 726.544 192.183 0.657928 715.434 229.788 0.544625 710.418 146.297 0.760428 697.644 194.804 0.625275 703.267 245.228 0.70165 0 0 0 0 0 0 764.346 18.8683 0.1 0 0 0 0
0 111 192 0 0 0 743.517 54.1477 0.924084 787.134 54.5534 0.906341 790.427 115.87 0.961713 772.139 139.776 0.687207 705.877 54.8167 0.822119 682.432 107.159 0.836954 664.36 136.76 0.872626 745.903 149.996 0.767395 726.971 190.216 0.700916 715.653 229.134 0.580527 710.193 144.986 0.759174 696.992 192.406 0.643964 702.835 244.58 0.71965 0 0 0 0 0 0 764.561 18.8698 0.1 0 0 0 0
0 111 193 0 0 0 743.515 53.4993 0.930213 787.347 54.3297 0.913338 790.421 115.88 0.969289 771.692 140.208 0.698347 705.875 53.725 0.839032 682.218 105.417 0.862738 664.372 135.03 0.899678 746.116 149.333 0.793651 727.405 188.247 0.684862 716.081 228.479 0.629717 709.989 143.469 0.734881 696.119 189.151 0.708427 702.407 243.926 0.760616 0 0 0 0 0 0 764.126 18.4426 0.1 718.487 20.8306 0.423453 0
0 111 194 0 0 0 743.722 52.8395 0.923083 787.564 54.0994 0.914769 790.416 115.658 0.961128 771.913 139.554 0.720039 706.085 52.6339 0.842537 682.001 103.474 0.90672 664.159 133.077 0.926611 746.767 148.245 0.780636 727.844 186.493 0.694086 715.657 228.471 0.677635 709.986 141.937 0.725013 694.803 185.888 0.727548 701.543 242.621 0.77414 0 0 0 0 0 0 763.895 18.4108 0.36107 718.066 20.6803 0.383838 0
0 111 195 0 0 0 743.927 52.1719 0.912265 787.779 53.6622 0.908414 790.418 115.427 0.965357 772.149 138.689 0.710282 706.295 51.3299 0.844279 681.785 101.735 0.899555 663.93 130.896 0.906397 747.629 146.942 0.743987 728.715 183.881 0.700844 716.307 227.384 0.735784 709.981 140.195 0.716906 693.068 182.195 0.739667 700.457 241.321 0.786773 0 0 0 0 0 0 763.664 18.379 0.281649 717.646 20.53 0.324863 0
0 111 196 0 0 0 744.139 51.3009 0.911197 787.996 53.2282 0.905326 790.418 114.561 0.947161 773.239 137.395 0.723573 706.505 50.0181 0.829771 681.562 100.216 0.940681 663.701 128.718 0.932354 748.702 145.207 0.748025 729.8 180.836 0.72865 716.523 226.288 0.698133 709.974 138.239 0.706196 691.318 178.281 0.790052 699.155 240.015 0.806457 0 0 0 0 0 0 763.433 18.3472 0.319556 717.225 20.3797 0.390156 0
0 111 197 0 0 0 744.355 50.433 0.907482 788.214 52.7998 0.905705 790.421 113.697 0.958697 774.761 136.303 0.661818 706.728 48.4962 0.820468 681.34 98.4761 0.933389 663.464 126.767 0.904263 749.136 143.683 0.724321 730.464 178.441 0.727984 716.963 224.113 0.663554 709.543 136.07 0.691355 689.37 174.366 0.794057 697.196 238.284 0.808168 0 0 0 0 0 0 763.201 18.3154 0.314629 716.388 20.3781 0.463484 0
0 111 198 0 0 0 744.574 49.3452 0.882192 788.43 52.3649 0.89714 790.419 112.389 0.917419 776.495 135.645 0.732279 706.948 47.182 0.816293 681.12 96.7388 0.917139 663.234 125.019 0.853783 749.573 142.374 0.707227 731.116 176.49 0.740358 717.183 223.459 0.692662 709.543 134.116 0.718668 687.631 170.889 0.800901 694.807 236.323 0.80294 0 0 0 0 0 0 0 0 0 716.52 19.5282 0.408396 0
0 111 199 0 0 0 744.58 48.2575 0.873119 788.438 51.7184 0.888463 790.412 111.079 0.888465 778.023 134.782 0.683911 706.942 45.8735 0.811693 681.108 95.2097 0.909965 663.005 123.065 0.845659 750.004 141.076 0.702629 731.764 175.398 0.681677 717.405 223.233 0.736396 709.33 132.593 0.702044 685.897 167.847 0.805804 692.406 234.367 0.83253 0 0 0 0 0 0 0 0 0 716.653 18.6782 0.445778 0
0 111 200 0 0 0 744.585 46.9561 0.878174 788.443 50.8557 0.89223 790.205 109.556 0.857279 779.756 134.131 0.740673 706.935 44.359 0.825403 680.896 93.6844 0.895984 662.569 121.318 0.881767 750.222 139.78 0.708688 732.195 174.747 0.707254 717.834 223.227 0.782589 708.909 131.502 0.712526 684.379 165.659 0.874388 689.793 232.185 0.830655 0 0 0 0 0 0 0 0 0 716.785 17.8283 0.446803 0
0 111 201 0 0 0 744.59 45.6562 0.875802 788.449 49.9763 0.893721 790.198 108.042 0.871993 780.853 133.256 0.783215 706.934 43.0506 0.834488 680.887 91.957 0.888008 662.133 119.571 0.906056 750.431 138.474 0.712613 732.632 173.883 0.740494 718.269 223.013 0.801738 708.69 130.412 0.682507 683.074 164.132 0.87274 686.745 229.354 0.841927 0 0 0 0 0 0 0 0 0 0 0 0 0
0 111 202 0 0 0 744.593 44.3603 0.87525 788.448 48.6792 0.881808 789.985 106.292 0.863592 781.953 132.385 0.867476 706.93 41.7506 0.851544 680.876 90.4393 0.907174 661.69 118.043 0.922454 750.004 136.969 0.712225 733.063 173.026 0.747965 718.701 222.581 0.819715 708.252 129.322 0.690943 681.995 163.47 0.924459 683.48 226.313 0.939845 0 0 0 0 0 0 0 0 0 0 0 0 0
0 111 203 0 0 0 744.382 43.277 0.88748 788.233 47.3853 0.877946 789.768 104.556 0.871586 782.396 131.298 0.843951 706.502 40.8735 0.864876 680.863 89.1328 0.933527 661.254 116.95 0.927075 749.138 136.096 0.701182 733.275 172.168 0.736039 719.563 221.718 0.830627 708.022 128.022 0.697842 681.569 162.593 0.944467 680.21 223.49 0.953341 0 0 0 0 0 0 773.529 3.94564 0.41685 0 0 0 0
0 111 204 0 0 0 744.167 42.1987 0.898572 788.008 46.2965 0.877049 789.541 102.825 0.885509 782.607 130.641 0.873829 706.286 40.0086 0.879466 680.855 87.8329 0.947476 660.825 116.299 0.915178 748.268 135.22 0.713037 733.061 171.729 0.7381 719.781 221.718 0.804467 707.589 126.511 0.687133 681.777 161.5 0.916753 676.947 220.445 0.904975 0 0 0 0 0 0 771.877 4.08869 0.382145 0 0 0 0
0 111 205 0 0 0 743.944 41.3269 0.90217 787.567 45.0032 0.880322 789.105 101.306 0.878359 781.965 130.2 0.801574 705.859 39.3594 0.878 680.647 86.9641 0.953754 660.181 115.869 0.897931 747.185 134.565 0.712003 732.628 171.514 0.728726 720.431 221.292 0.793116 707.155 125 0.697779 681.998 160.412 0.925242 674.115 217.612 0.855754 0 0 0 0 0 0 770.225 4.23173 0.385353 0 0 0 0
0 111 206 0 0 0 743.513 40.4543 0.909122 786.484 43.7015 0.886474 788.668 99.7863 0.87716 780.878 128.899 0.808122 705.421 38.9237 0.873354 680.431 86.5326 0.954325 659.536 115.648 0.888471 746.538 133.909 0.723905 732.408 170.654 0.74609 721.291 221.293 0.788588 706.937 123.705 0.68721 682.204 159.543 0.878322 671.953 215.425 0.892697 0 0 0 0 0 0 768.573 4.37477 0.388689 0 0 0 0
0 111 207 0 0 0 742.856 39.803 0.917071 784.966 42.1932 0.876132 788.018 98.697 0.865819 779.359 127.386 0.741385 704.546 38.4992 0.862343 680.211 86.5257 0.947958 658.462 115.644 0.883035 745.885 133.249 0.738691 731.978 170 0.753465 721.512 221.292 0.782824 706.288 122.62 0.681972 682.411 159.102 0.830526 670.425 213.48 0.931914 0 0 0 0 0 0 766.921 4.51782 0.372652 0 0 0 0
0 111 208 0 0 0 742.189 39.1475 0.920987 783.439 40.8884 0.859991 786.726 97.6076 0.857356 777.617 126.073 0.739644 703.469 38.076 0.859927 679.986 86.5288 0.94176 657.599 115.853 0.885437 745.23 132.373 0.736007 731.54 168.927 0.755342 721.726 221.079 0.793043 705.645 121.531 0.680852 682.417 158.448 0.810293 668.914 211.946 0.940353 0 0 0 0 0 0 765.405 4.62442 0.351524 718.636 4.03143 0.489152 0
0 111 209 0 0 0 741.31 38.4948 0.923734 781.708 39.7924 0.842559 785.422 96.737 0.832657 774.801 124.548 0.790719 702.389 37.8507 0.86148 679.757 86.5297 0.940614 657.163 116.068 0.879809 744.583 131.501 0.743901 730.888 168.067 0.772516 721.729 220.868 0.785172 705.209 120.451 0.698727 682.419 157.801 0.832474 667.829 210.437 0.932433 0 0 0 0 0 0 763.893 4.73122 0.345785 716.319 4.12557 0.482171 0
0 111 210 0 0 0 740.002 37.848 0.927521 779.971 38.7054 0.854832 783.91 95.6409 0.866406 772.191 123.029 0.764899 701.092 37.6296 0.854976 679.321 86.538 0.928641 656.733 116.288 0.870479 743.932 129.984 0.754229 730.235 167.415 0.773225 721.728 220.863 0.812932 704.129 119.362 0.696156 682.418 156.942 0.822191 667.18 209.791 0.963601 0 0 0 0 0 0 762.16 4.83785 0.34517 714.002 4.21971 0.499916 0
0 111 211 0 0 0 738.47 37.4055 0.905375 778.022 37.8284 0.907595 782.386 94.3425 0.862945 769.577 121.073 0.799488 699.784 37.4118 0.884493 678.677 86.7517 0.899828 656.085 116.726 0.863421 743.486 128.672 0.761952 729.375 166.975 0.759197 721.734 221.072 0.799328 703.046 118.491 0.694182 682.4 156.512 0.836527 666.757 209.779 0.944029 0 0 0 0 0 0 759.771 4.84029 0.314179 711.685 4.31385 0.491316 0
0 111 212 0 0 0 736.728 36.9653 0.882066 776.061 36.7428 0.912037 780.656 93.2562 0.854969 766.958 119.766 0.755031 698.472 37.1992 0.879568 677.817 86.9777 0.878501 655.437 117.381 0.852915 742.828 127.371 0.75013 728.719 166.54 0.789639 721.736 221.072 0.792476 701.749 118.054 0.689425 681.962 156.083 0.86068 666.554 209.989 0.937358 0 0 0 0 0 0 756.956 4.84218 0.351472 709.368 4.40799 0.501318 0
0 111 213 0 0 0 734.782 36.5205 0.85937 773.68 35.4366 0.905279 778.922 91.9561 0.881425 764.348 118.248 0.721776 696.736 37.1917 0.864703 676.949 87.4194 0.866603 654.575 118.25 0.844875 742.174 125.855 0.728552 728.061 166.112 0.800773 721.739 220.642 0.794579 700.666 117.62 0.707762 681.307 155.866 0.856757 666.346 210.2 0.948946 0 0 0 0 0 0 754.127 4.84451 0.382374 707.409 4.51218 0.446187 0
0 111 214 0 0 0 732.832 35.6532 0.855668 771.084 33.9097 0.897066 777.186 90.6584 0.887536 761.944 116.075 0.701969 694.784 37.1793 0.861737 676.073 87.8491 0.852704 653.927 118.903 0.820353 741.305 124.341 0.722557 727.4 165.898 0.831688 721.741 220.645 0.791946 699.579 117.396 0.726386 680.44 155.654 0.864766 666.14 210.419 0.947039 0 0 0 0 0 0 751.299 4.84736 0.382474 705.235 4.61733 0.474026 0
0 111 215 0 0 0 730.869 34.3549 0.871294 768.909 32.1689 0.864933 775.235 89.3543 0.922689 758.908 114.129 0.420328 692.616 36.9612 0.869674 674.979 88.0633 0.844343 653.068 119.553 0.824145 739.992 122.82 0.733868 726.748 165.451 0.819708 721.742 219.997 0.797633 698.489 117.172 0.738478 679.779 155.44 0.881225 666.134 210.636 0.96295 0 0 0 0 0 0 748.037 4.85016 0.312771 703.056 4.7217 0.512048 0
0 111 216 0 0 0 728.48 33.4783 0.891086 766.941 30.6363 0.843657 772.852 88.0519 0.937654 755.874 112.602 0.512533 690.664 36.9521 0.844951 673.471 88.0665 0.82844 652.632 119.995 0.809254 738.476 121.09 0.706306 726.296 164.587 0.817695 721.954 219.562 0.788913 697.612 116.733 0.73411 678.906 155.007 0.868975 665.918 210.847 0.96734 0 0 0 0 0 0 744.557 4.85193 0.312393 700.23 4.61698 0.550505 0
0 111 217 0 0 0 725.88 32.1792 0.873497 764.77 28.8998 0.832588 771.107 86.101 0.932705 753.703 110.647 0.526782 688.71 36.9337 0.832389 671.952 88.2825 0.820583 651.977 120.864 0.832533 736.966 119.569 0.724327 725.425 164.353 0.818381 721.739 218.692 0.788195 696.733 116.294 0.74469 677.811 154.789 0.883206 665.701 210.854 0.969091 0 0 0 0 0 0 741.075 4.85398 0.261335 696.976 4.6168 0.538598 0
0 111 218 0 0 0 723.28 31.0921 0.851604 762.59 27.1686 0.8572 769.149 84.1481 0.923207 751.963 108.903 0.345237 686.745 36.7207 0.827392 670.233 88.708 0.834881 651.102 121.95 0.842378 735.439 118.264 0.741525 724.119 164.125 0.841868 721.309 218.038 0.790745 695.212 116.072 0.743771 676.287 154.792 0.879252 665.483 211.068 0.966523 0 0 0 0 0 0 737.372 4.8547 0.251034 693.942 4.51221 0.545349 0
0 111 219 0 0 0 720.884 29.794 0.827096 759.55 25.6436 0.915927 766.985 81.9814 0.927553 750.219 107.159 0.426866 684.776 36.505 0.805261 668.718 88.9205 0.855278 650.026 122.819 0.853085 733.911 117.381 0.7511 722.809 163.681 0.832218 720.875 217.179 0.793186 693.908 115.426 0.736793 674.765 154.794 0.84875 665.27 211.285 0.965295 0 0 0 0 0 0 732.806 4.85461 0.226858 691.328 4.51191 0.481646 0
0 111 220 0 0 0 718.702 28.7016 0.810108 756.514 24.3359 0.905213 765.025 80.2378 0.888843 748.476 105.648 0.587921 682.393 36.2886 0.85795 667.406 89.1437 0.869438 649.365 123.694 0.862975 732.386 116.505 0.758555 721.5 163.032 0.824898 720.224 216.532 0.7965 692.601 114.99 0.730636 673.046 154.793 0.841665 665.261 211.304 0.967024 0 0 0 0 0 0 728.683 4.85414 0.265349 688.927 4.61648 0.494487 0
0 111 221 0 0 0 716.526 27.6181 0.843912 753.688 23.2463 0.877108 763.27 78.288 0.853199 746.959 103.908 0.657873 680.009 36.07 0.855837 666.304 89.1422 0.871302 648.703 124.35 0.858125 730.858 115.633 0.774888 719.991 162.383 0.807722 719.361 215.874 0.794972 691.08 114.559 0.719295 671.527 155.009 0.814588 665.259 211.528 0.962409 0 0 0 0 0 0 725.205 4.85314 0.222966 686.75 4.61632 0.53919 0
0 111 222 0 0 0 714.122 26.3275 0.852342 751.076 22.1631 0.84584 761.321 76.5511 0.878111 745.438 102.378 0.538238 677.401 35.8506 0.833399 664.999 88.9205 0.872161 648.256 124.785 0.835025 729.117 114.98 0.776808 718.482 162.15 0.818986 718.496 215.65 0.770681 689.341 114.339 0.689152 670.016 155.45 0.815845 665.256 211.749 0.956206 0 0 0 0 0 0 721.728 4.85252 0.217106 683.705 4.6169 0.494465 0
0 111 223 0 0 0 711.081 25.4665 0.88328 748.673 21.5045 0.851141 759.58 75.0288 0.882328 743.487 101.511 0.513034 674.996 35.6427 0.801069 663.262 88.711 0.848192 647.378 125.428 0.81677 727.377 114.535 0.758772 716.975 161.706 0.807267 717.633 215.209 0.777993 687.598 114.122 0.682091 668.709 156.095 0.849236 665.255 211.971 0.936259 0 0 0 0 0 0 718.037 4.85124 0.226459 680.226 4.61698 0.523657 0
0 111 224 0 0 0 708.043 25.0352 0.877632 746.058 21.0678 0.864536 757.839 73.5046 0.902289 741.963 101.07 0.431137 672.815 35.6316 0.812418 661.313 88.4992 0.857592 646.069 125.645 0.83181 725.858 113.883 0.767349 715.672 161.275 0.831264 716.765 214.992 0.789317 685.863 113.897 0.673402 667.411 156.526 0.838669 665.254 212.192 0.927612 0 0 0 0 0 0 714.562 4.84943 0.24525 676.958 4.61766 0.538976 0
0 111 225 0 0 0 705.44 24.3815 0.849615 743.244 20.4194 0.852468 756.528 72.1924 0.902199 740.44 100.423 0.351935 670.633 35.1946 0.806817 659.569 88.2793 0.838771 644.545 126.075 0.79337 724.33 113.234 0.766302 714.381 160.835 0.848545 715.903 214.137 0.819241 684.118 113.681 0.710459 666.322 157.169 0.839528 665.254 212.198 0.911681 0 0 0 0 0 0 711.298 4.84738 0.248365 674.347 4.72293 0.457396 0
0 111 226 0 0 0 703.251 23.9532 0.844555 740.424 19.547 0.841015 755.004 71.3263 0.893593 739.13 99.7729 0.363357 668.23 34.9797 0.806707 657.825 88.0632 0.815675 642.814 126.298 0.784122 723.023 112.586 0.730928 713.306 159.762 0.854929 715.258 213.913 0.810879 682.381 113.467 0.73701 665.663 157.168 0.844405 665.252 212.195 0.918665 0 0 0 0 0 0 707.608 4.8452 0.204975 671.952 4.72363 0.444015 0
0 111 227 0 0 0 701.071 23.5138 0.862378 737.611 18.6771 0.824453 753.69 70.4556 0.884049 738.469 99.3431 0.359515 665.631 34.3254 0.845774 656.083 87.4151 0.805843 641.096 125.65 0.788232 721.933 111.503 0.702372 712.877 158.677 0.853095 715.041 213.263 0.820487 681.286 112.814 0.721027 665.431 156.954 0.84986 665.248 212.189 0.91458 0 0 0 0 0 0 704.349 4.84433 0.21828 669.555 4.82947 0.517851 0
0 111 228 0 0 0 699.109 23.2868 0.890867 735.662 17.812 0.793878 752.592 70.0235 0.835909 738.039 99.1249 0.344316 663.029 33.4647 0.822134 654.333 86.9833 0.846006 639.559 125.22 0.820527 720.853 110.645 0.704995 712.458 157.386 0.853443 714.826 212.599 0.83048 680.202 112.591 0.705261 665.203 157.167 0.863109 665.244 212.183 0.918516 0 0 0 0 0 0 702.172 4.84461 0.209055 667.163 4.8315 0.508009 0
0 111 229 0 0 0 697.157 22.8625 0.891566 733.922 17.3787 0.771514 751.505 69.5974 0.830643 737.614 99.1136 0.402822 660.641 33.0278 0.765572 652.38 86.3333 0.861295 637.826 124.562 0.831172 719.772 109.999 0.711054 712.45 156.086 0.8354 714.617 211.509 0.841969 679.329 112.157 0.69881 664.982 157.164 0.883727 665.238 212.173 0.941309 0 0 0 0 0 0 699.126 4.84498 0.205797 665.425 4.83205 0.457216 0
0 111 230 0 0 0 695.206 22.4231 0.879432 732.191 16.7234 0.779247 750.204 69.1498 0.840396 737.835 99.1126 0.463615 658.467 32.1616 0.758594 650.217 86.1097 0.863107 635.658 123.48 0.841177 718.907 109.346 0.708526 712.451 154.554 0.824355 714.824 209.563 0.856396 678.673 111.722 0.69901 664.764 156.949 0.854311 665.232 211.959 0.969234 0 0 0 0 0 0 696.944 4.84576 0.2014 663.463 4.83479 0.443084 0
0 111 231 0 0 0 693.898 21.9848 0.887212 730.378 16.099 0.779247 748.897 68.6914 0.860262 738.617 99.0703 0.64269 656.732 31.0757 0.748354 648.047 85.8844 0.844878 632.842 122.393 0.828484 718.05 108.265 0.710826 712.658 152.822 0.828926 714.824 207.389 0.82654 678.239 110.853 0.709214 664.55 156.511 0.858022 665.226 211.75 0.972822 0 0 0 0 0 0 694.465 4.84621 0.143328 662.375 4.83736 0.379807 0
0 111 232 0 0 0 693.03 21.5372 0.87372 728.564 15.4745 0.779924 747.591 68.233 0.854716 739.398 99.0279 0.698561 655.22 29.7801 0.764015 646.521 85.6536 0.867276 630.234 121.1 0.833819 717.836 107.405 0.705869 712.871 151.299 0.822281 714.823 205.208 0.792989 678.021 110.203 0.72076 664.34 156.078 0.869877 665.217 211.537 0.966438 0 0 0 0 0 0 691.986 4.84666 0.154217 661.067 4.8386 0.374833 0
0 111 233 0 0 0 692.589 21.0907 0.852455 726.751 14.85 0.789077 746.284 67.7747 0.842133 740.18 98.9855 0.752779 653.917 28.4854 0.753422 645.209 85.4221 0.861693 627.843 120.225 0.847035 718.264 106.542 0.703841 713.089 149.567 0.813575 714.826 202.817 0.78686 678.007 109.341 0.726807 664.134 155.861 0.870951 665.21 211.327 0.974035 0 0 0 0 0 0 689.507 4.84711 0.196597 659.766 4.84046 0.323664 0
0 111 234 0 0 0 692.371 20.4416 0.858022 724.937 14.2255 0.779443 744.977 67.3163 0.808593 740.962 98.9431 0.823283 652.84 27.3979 0.78259 643.904 85.1979 0.864545 625.662 119.133 0.7976 718.915 106.109 0.692901 713.516 147.612 0.786616 714.818 200.839 0.841928 678.007 108.693 0.711055 663.934 155.214 0.84367 665.206 211.328 0.96059 0 0 0 0 0 0 687.029 4.84756 0.151112 659.115 4.84356 0.276056 0
0 111 235 0 0 0 692.371 19.9954 0.832471 0 0 0 0 0 0 0 0 0 652.197 26.0994 0.792313 642.611 84.5424 0.842816 623.483 117.612 0.781444 719.557 105.891 0.712987 713.949 146.086 0.807037 714.601 198.673 0.850945 678.007 108.046 0.721355 663.935 155.429 0.855264 665.204 211.334 0.945514 0 0 0 0 0 0 0 0 0 659.552 4.8479 0.253296 0
0 111 236 0 0 0 692.578 19.3387 0.820946 0 0 0 0 0 0 0 0 0 651.975 25.2423 0.812026 641.952 83.8875 0.850425 621.508 116.304 0.767734 720.209 105.67 0.71197 714.591 144.131 0.77636 714.169 196.281 0.839949 678.017 107.399 0.737025 663.938 155.428 0.843119 665.204 211.334 0.948855 0 0 0 0 0 0 0 0 0 659.549 4.85062 0.280732 0
0 111 237 0 0 0 692.867 18.6127 0.811989 0 0 0 0 0 0 0 0 0 651.972 24.2985 0.822499 640.949 83.288 0.832623 619.061 115.025 0.695498 721.119 105.474 0.717195 715.204 142.498 0.758814 713.746 194.195 0.834789 678.336 106.848 0.734438 664.033 155.33 0.844669 665.203 211.334 0.939426 0 0 0 0 0 0 0 0 0 659.52 4.85454 0.24056 0
0 111 238 0 0 0 693.156 17.8868 0.806141 0 0 0 0 0 0 0 0 0 651.97 23.3546 0.817397 639.947 82.6885 0.840524 616.615 113.746 0.70798 722.029 105.278 0.688457 715.817 140.864 0.690939 713.323 192.108 0.823975 678.654 106.298 0.744038 664.128 155.232 0.84795 665.201 211.333 0.928948 0 0 0 0 0 0 0 0 0 659.491 4.85845 0.194211 0
0 111 239 0 0 0 693.446 17.1608 0.805921 0 0 0 0 0 0 0 0 0 651.967 22.4107 0.815904 638.944 82.0889 0.819149 614.168 112.467 0.68365 722.938 105.081 0.698158 716.43 139.23 0.667225 712.9 190.022 0.815134 678.972 105.748 0.74987 664.223 155.134 0.845235 665.2 211.333 0.933433 0 0 0 0 0 0 0 0 0 659.463 4.86237 0.184881 0
0 111 240 0 0 0 693.735 16.4349 0.799734 731.766 3.88251 0.811557 753.222 64.5266 0.784678 759.126 101.683 0.890559 651.964 21.4669 0.806427 637.941 81.4894 0.800333 611.721 111.188 0.669271 723.848 104.885 0.71603 717.043 137.597 0.681643 712.477 187.936 0.798769 679.29 105.197 0.776424 664.318 155.036 0.861306 665.199 211.332 0.942057 0 0 0 0 0 0 0 0 0 659.434 4.86629 0.225785 0
0 111 241 0 0 0 0 0 0 0 0 0 0 0 0 0 0 0 0 0 0 0 0 0 0 0 0 0 0 0 0 0 0 0 0 0 0 0 0 0 0 0 0 0 0 0 0 0 0 0 0 0 0 0 0 0 0 127
0 111 242 0 0 0 0 0 0 0 0 0 0 0 0 0 0 0 0 0 0 0 0 0 0 0 0 0 0 0 0 0 0 0 0 0 0 0 0 0 0 0 0 0 0 0 0 0 0 0 0 0 0 0 0 0 0 127
0 111 243 0 0 0 0 0 0 0 0 0 0 0 0 0 0 0 0 0 0 0 0 0 0 0 0 0 0 0 0 0 0 0 0 0 0 0 0 0 0 0 0 0 0 0 0 0 0 0 0 0 0 0 0 0 0 127
0 111 244 0 0 0 0 0 0 0 0 0 0 0 0 0 0 0 0 0 0 0 0 0 0 0 0 0 0 0 0 0 0 0 0 0 0 0 0 0 0 0 0 0 0 0 0 0 0 0 0 0 0 0 0 0 0 127
0 111 245 0 0 0 0 0 0 0 0 0 0 0 0 0 0 0 0 0 0 0 0 0 0 0 0 0 0 0 0 0 0 0 0 0 0 0 0 0 0 0 0 0 0 0 0 0 0 0 0 0 0 0 0 0 0 127
0 111 246 0 0 0 708.477 4.47506 0.90248 746.254 4.68582 0.825385 756.481 52.6262 0.873708 762.172 94.1305 0.836909 0 0 0 0 0 0 0 0 0 727.202 99.9784 0.786979 723.27 133.021 0.720338 712.21 183.705 0.820947 682.258 100.839 0.790605 666.522 155.77 0.844974 665.279 213.38 0.951893 0 0 0 0 0 0 0 0 0 0 0 0 0
0 111 247 0 0 0 710.598 4.53844 0.883273 748.281 4.59075 0.805729 758.823 53.4398 0.877914 763.149 92.9928 0.826658 673.845 4.47322 0.835869 654.597 60.307 0.814833 635.862 94.9094 0.859526 728.177 99.165 0.776336 723.707 131.88 0.735993 712.217 183.221 0.812679 683.648 99.2117 0.763903 666.64 153.841 0.849691 665.268 212.315 0.944764 0 0 0 0 0 0 0 0 0 0 0 0 0
0 111 248 0 0 0 712.719 4.60181 0.872917 750.307 4.49568 0.77954 761.164 54.2533 0.872751 764.126 91.8551 0.846216 675.709 4.5373 0.844493 656.163 59.087 0.799156 637.385 92.5985 0.83525 729.152 98.3516 0.766347 724.144 130.739 0.722314 712.224 182.738 0.809075 685.037 97.5849 0.751278 666.757 151.912 0.850852 665.257 211.249 0.952565 0 0 0 0 0 0 0 0 0 680.847 4.89153 0.09538 0
0 111 249 0 0 0 714.841 4.66519 0.884096 752.334 4.40061 0.805577 763.506 55.0669 0.851972 765.103 90.7174 0.844845 677.572 4.60138 0.86132 657.729 57.867 0.818275 638.909 90.2877 0.827259 730.127 97.5381 0.75415 724.581 129.599 0.74944 712.231 182.255 0.837451 686.426 95.9581 0.744726 666.874 149.982 0.865447 665.246 210.183 0.955231 0 0 0 0 0 0 0 0 0 680.943 4.89159 0.0912309 0
0 111 250 0 0 0 716.962 4.72857 0.866952 754.36 4.30554 0.81633 765.848 55.8804 0.809803 766.08 89.5797 0.85507 679.436 4.66546 0.875501 659.296 56.647 0.846269 640.432 87.9768 0.823758 731.102 96.7247 0.750158 725.018 128.458 0.736745 712.238 181.772 0.863802 687.816 94.3313 0.733969 666.992 148.053 0.843861 665.236 209.117 0.948431 0 0 0 0 0 0 0 0 0 682.802 4.89184 0.0777481 0
0 111 251 0 0 0 718.715 4.83449 0.869716 756.317 4.30585 0.848577 767.586 56.0929 0.819803 766.949 88.2832 0.843722 681.299 4.72954 0.8724 660.862 55.4269 0.867118 641.956 85.666 0.878306 732.18 95.6408 0.733227 725.459 128.018 0.751057 712.243 181.77 0.868716 688.894 92.8064 0.734638 666.987 145.655 0.864228 665.232 207.39 0.963139 0 0 0 0 0 0 0 0 0 682.839 4.89216 0.0844182 0
0 111 252 0 0 0 720.666 4.83518 0.854315 758.275 4.20085 0.837919 769.331 56.3158 0.832507 767.813 87.2044 0.825728 683.256 4.83579 0.854953 662.388 53.9074 0.873434 643.471 83.4962 0.87855 733.039 94.7781 0.729156 725.688 127.583 0.73091 712.25 181.557 0.862159 689.973 91.2877 0.744684 666.772 142.824 0.866745 665.447 205.438 0.952867 0 0 0 0 0 0 0 0 0 682.879 4.89229 0.0813479 0
0 111 253 0 0 0 722.404 4.83526 0.853546 760.226 4.0959 0.839828 771.069 56.5282 0.859102 768.685 86.5497 0.82328 684.994 4.83709 0.818403 663.482 52.8135 0.877051 644.765 81.5397 0.832227 733.691 93.9067 0.719429 725.911 127.363 0.738947 712.457 181.343 0.862036 690.844 89.7657 0.75563 666.764 138.923 0.846704 665.668 202.836 0.923095 0 0 0 0 0 0 0 0 0 686.724 4.89165 0.0679392 0
0 111 254 0 0 0 723.933 4.83551 0.860487 761.96 3.99141 0.82138 772.588 56.737 0.858602 769.343 85.67 0.857147 686.525 4.8383 0.785881 664.149 51.7193 0.87648 645.624 79.8052 0.829807 734.559 92.8284 0.719879 726.129 127.362 0.755409 712.667 181.337 0.852827 691.924 88.4523 0.796263 666.762 135.218 0.880706 666.744 199.371 0.915442 0 0 0 0 0 0 0 0 0 692.639 4.89102 0.0605047 0
0 111 255 0 0 0 725.246 4.83603 0.837333 763.269 3.9913 0.797665 773.458 56.7382 0.859312 769.983 84.7974 0.85634 688.044 4.83982 0.762818 664.597 50.8374 0.867113 646.059 78.4894 0.828602 735.207 91.9626 0.718884 726.347 127.585 0.776866 712.672 181.547 0.839688 692.787 87.1498 0.774369 666.971 131.303 0.855746 668.246 195.681 0.946701 0 0 0 0 0 0 0 0 0 694.561 4.8913 0.0611537 0
0 111 256 0 0 0 726.547 4.83676 0.845886 764.356 4.09566 0.79969 773.894 56.5168 0.874883 770.623 83.7102 0.850923 689.559 4.84143 0.770704 665.039 49.5351 0.855847 646.501 76.9746 0.848326 735.644 90.8807 0.704037 726.556 128.023 0.794344 712.674 181.55 0.851432 693.443 85.8424 0.776076 667.405 127.606 0.839686 669.766 191.976 0.928572 0 0 0 0 0 0 0 0 0 696.421 4.89156 0.0609256 0
0 111 257 0 0 0 727.416 4.83765 0.839761 765.229 4.20042 0.80108 774.122 56.0788 0.882736 771.056 82.4094 0.861954 690.856 4.84311 0.76519 665.476 48.0244 0.848326 646.942 75.6619 0.860696 735.86 89.7949 0.712343 726.758 128.675 0.817222 712.669 181.555 0.866363 693.877 84.5346 0.760812 668.695 124.124 0.881659 671.286 187.842 0.873709 0 0 0 0 0 0 0 0 0 694.592 4.8915 0.0669001 0
0 111 258 0 0 0 727.858 4.83849 0.827635 765.878 4.30508 0.802438 774.346 55.4268 0.886128 771.055 81.3145 0.785771 691.727 4.84416 0.757577 665.903 46.7192 0.838147 647.38 74.5692 0.853813 735.856 88.7086 0.72393 726.959 128.896 0.831589 712.665 181.55 0.87702 694.1 83.0171 0.747612 670.005 120.861 0.907925 672.818 183.706 0.893726 0 0 0 0 0 0 0 0 0 694.657 4.89161 0.0622301 0
0 111 259 0 0 0 728.077 4.83949 0.799279 766.094 4.41072 0.794293 774.565 54.7802 0.882204 770.629 80.009 0.796717 692.163 4.8449 0.713047 665.919 45.4297 0.840539 647.6 73.7024 0.853494 735.417 88.0551 0.72837 727.157 128.677 0.821009 712.661 181.333 0.87732 693.893 82.1516 0.737071 671.52 118.91 0.874446 674.554 180.234 0.916861 0 0 0 0 0 0 0 0 0 0 0 0 0
0 111 260 0 0 0 728.283 4.84027 0.78558 765.879 4.51558 0.791937 774.569 54.3397 0.894825 770.197 78.6982 0.777761 692.59 4.84531 0.684059 665.925 44.351 0.835318 647.607 73.485 0.880111 734.561 87.3974 0.743616 727.153 128.464 0.830705 712.657 180.909 0.870999 693.893 80.8501 0.723864 673.249 117.183 0.845734 676.284 177.185 0.902213 0 0 0 0 0 0 0 0 0 0 0 0 0
0 111 261 0 0 0 728.071 4.84075 0.777119 765.232 4.62067 0.788378 774.354 53.8952 0.902948 769.122 77.1757 0.733199 692.593 4.8454 0.677583 665.926 43.4813 0.840228 647.608 73.0556 0.893195 733.918 86.5267 0.746231 727.143 128.254 0.82429 712.652 180.692 0.88993 694.102 79.5569 0.714031 674.98 116.095 0.840333 677.801 174.577 0.90163 0 0 0 0 0 0 0 0 0 0 0 0 0
0 111 262 0 0 0 727.847 4.84135 0.768394 764.364 4.72541 0.772931 773.922 53.4659 0.911276 767.822 75.6571 0.7265 692.159 4.8454 0.659824 665.921 42.6189 0.840143 647.611 72.8396 0.885875 733.27 85.8691 0.751655 727.127 128.036 0.816226 712.447 180.475 0.903136 694.104 78.6903 0.715957 676.5 116.092 0.872279 679.309 172.838 0.920675 0 0 0 0 0 0 0 0 0 0 0 0 0
0 111 263 0 0 0 727.399 4.8419 0.757647 763.071 4.8305 0.768337 773.696 53.0286 0.927794 766.297 74.3685 0.741152 691.288 4.84521 0.658096 665.906 42.1829 0.834895 647.614 72.6212 0.879196 732.403 85.4251 0.762449 726.911 127.614 0.783258 712.239 180.256 0.910717 693.677 78.0453 0.707894 678.01 116.314 0.833496 679.958 171.956 0.924579 0 0 0 0 0 0 0 0 0 0 0 0 0
0 111 264 0 0 0 726.736 4.84239 0.726034 761.768 4.83146 0.736611 773.468 52.3692 0.907321 764.133 73.2809 0.757975 690.209 4.84483 0.652884 665.885 41.7509 0.838337 647.613 72.2012 0.884343 731.543 84.7705 0.788623 726.691 126.958 0.816851 712.239 179.83 0.894107 693.455 77.3884 0.732887 679.105 116.53 0.8807 680.18 171.299 0.939188 0 0 0 0 0 0 0 0 0 0 0 0 0
0 111 265 0 0 0 725.434 4.84273 0.759093 760.46 4.83244 0.755952 773.028 51.5038 0.918581 761.534 72.2005 0.744445 688.913 4.8443 0.680777 665.663 41.9661 0.842065 647.603 71.987 0.89063 730.681 84.3211 0.798203 726.47 125.869 0.829125 712.242 179.608 0.90804 693.231 76.7393 0.74298 679.978 116.541 0.872296 680.187 170.651 0.940711 0 0 0 0 0 0 0 0 0 0 0 0 0
0 111 266 0 0 0 724.35 4.84334 0.747208 759.367 4.8335 0.74163 772.157 50.6383 0.905017 758.712 71.3345 0.753229 687.823 4.844 0.694473 665.24 42.1772 0.83862 647.585 71.7727 0.877054 729.816 83.6633 0.80645 726.039 124.792 0.820278 712.245 179.388 0.912313 692.796 75.8774 0.74713 679.994 116.763 0.83502 680.397 170.65 0.927149 0 0 0 0 0 0 0 0 0 0 0 0 0
0 111 267 0 0 0 723.253 4.84376 0.713209 758.484 4.83449 0.692481 771.066 49.7699 0.89715 755.881 70.4559 0.757805 686.52 4.84364 0.710075 664.813 42.1786 0.834111 647.568 71.5559 0.865768 729.159 82.7976 0.823577 725.39 124.137 0.804368 712.246 179.174 0.910352 692.143 75.4434 0.726667 679.995 116.994 0.812781 680.602 170.869 0.924023 0 0 0 0 0 0 0 0 0 0 0 0 0
0 111 268 0 0 0 721.733 4.84408 0.668053 757.605 4.83552 0.620621 769.553 48.8933 0.867619 753.057 69.7931 0.763706 685.211 4.84316 0.698726 664.585 42.392 0.826031 647.341 71.3352 0.857248 728.516 81.9332 0.795337 724.529 123.707 0.801954 712.245 178.962 0.897668 691.278 75.0068 0.721074 679.788 117.425 0.843041 680.603 171.297 0.926129 0 0 0 0 0 0 0 0 0 0 0 0 0
0 111 269 0 0 0 720.213 4.84392 0.696389 756.518 4.83608 0.611357 768.241 48.0271 0.851717 750.224 69.1339 0.662075 683.694 4.8425 0.739726 664.35 42.3957 0.825365 646.911 71.1085 0.891491 728.068 81.498 0.774825 723.228 123.92 0.798595 712.242 178.956 0.892945 689.991 75.0106 0.715611 679.568 118.284 0.836681 680.607 171.729 0.917308 0 0 0 0 0 0 0 0 0 0 0 0 0
0 111 270 0 0 0 718.688 4.8442 0.669996 755.207 4.8368 0.633348 766.722 46.9455 0.842017 747.823 68.476 0.691811 682.379 4.84187 0.660275 663.906 42.6111 0.831648 646.26 70.677 0.890554 727.41 80.8474 0.774463 721.928 123.92 0.796681 712.242 178.948 0.894264 688.695 75.0061 0.717871 679.344 118.723 0.830018 680.606 171.944 0.907103 0 0 0 0 0 0 0 0 0 0 0 0 0
0 111 271 0 0 0 717.167 4.84458 0.704694 753.688 4.83757 0.694912 765.408 45.8584 0.858251 745.637 68.0337 0.635276 681.075 4.84159 0.680966 663.462 43.0385 0.815448 644.965 70.2416 0.875621 726.753 79.9891 0.771142 720.631 123.7 0.775855 712.244 178.724 0.89851 687.602 74.5776 0.707937 679.119 118.936 0.819024 680.611 171.943 0.912962 0 0 0 0 0 0 0 0 0 0 0 0 0
0 111 272 0 0 0 715.669 4.84463 0.697368 752.254 4.83816 0.664302 763.396 44.9168 0.866607 743.444 67.4007 0.630782 680.187 4.84117 0.705339 662.941 43.0403 0.823675 643.733 69.8777 0.848761 726.059 79.182 0.778068 718.82 124.121 0.756028 712.241 178.751 0.896565 686.174 74.0619 0.713781 678.975 119.423 0.820521 680.675 172.009 0.905149 0 0 0 0 0 0 0 0 0 0 0 0 0
0 111 273 0 0 0 714.172 4.84468 0.755975 750.82 4.83876 0.708123 761.384 43.9752 0.874386 741.252 66.7677 0.52884 679.299 4.84074 0.750078 662.42 43.042 0.818204 642.501 69.5138 0.857145 725.365 78.3748 0.796809 717.009 124.542 0.798449 712.239 178.778 0.897871 684.746 73.5463 0.728727 678.831 119.91 0.815946 680.74 172.076 0.897083 0 0 0 0 0 0 0 0 0 0 0 0 0
0 111 274 0 0 0 712.674 4.84473 0.732609 749.386 4.83935 0.696856 759.372 43.0336 0.892627 739.059 66.1347 0.342532 678.412 4.84032 0.696443 661.899 43.0438 0.790644 641.269 69.1499 0.83353 724.671 77.5676 0.770903 715.199 124.963 0.787013 712.236 178.805 0.891334 683.317 73.0306 0.73413 678.687 120.397 0.798345 680.804 172.143 0.887447 0 0 0 0 0 0 0 0 0 0 0 0 0
0 111 275 0 0 0 711.176 4.84478 0.713688 747.952 4.83995 0.689066 757.361 42.092 0.897789 736.867 65.5017 0.272073 677.524 4.83989 0.664441 661.379 43.0456 0.782932 640.037 68.7859 0.811613 723.977 76.7604 0.768939 713.388 125.384 0.785669 712.233 178.832 0.836873 681.889 72.5149 0.74954 678.543 120.884 0.80007 680.869 172.209 0.865226 0 0 0 0 0 0 0 0 0 0 0 0 0
0 111 276 0 0 0 712.129 4.8457 0.70241 745.45 4.84118 0.642812 759.095 41.0909 0.896265 737.626 64.5804 0.30825 676.975 4.83894 0.661529 659.366 43.0872 0.790585 633.922 68.4238 0.83357 721.98 76.314 0.750238 712.289 119.413 0.779347 712.247 176.04 0.805306 680.949 72.4237 0.772762 678.801 119.34 0.800033 680.845 172.173 0.875241 0 0 0 0 0 0 0 0 0 0 0 0 0
