5 111 19 45.5387 238.783 0.145974 21.805 297.866 0.824669 55.5327 296.508 0.735315 104.467 356.362 0.631599 134.846 334.935 0.430198 -3.87063 299.011 0.405453 0 0 0 0 0 0 88.4624 397.299 0.701076 111.279 469.886 0.815015 92.6665 553.049 0.875661 53.6954 399.976 0.589455 124.866 458.573 0.538636 106.072 543.219 0.525784 39.7744 234.615 0.279047 0 0 0 33.2911 244.016 0.824126 0 0 0 0
5 111 20 54.2195 232.018 0.1 30.8621 290.304 0.801165 64.2047 289.985 0.760581 112.587 349.01 0.823596 141.956 329.684 0.547762 3.62793 290.157 0.521302 0 0 0 0 0 0 96.9442 389.443 0.705201 123.405 460.405 0.764275 98.7972 543.104 0.845711 62.3372 392.698 0.563153 131.745 452.082 0.575656 112.085 532.684 0.606843 49.0232 227.976 0.1 0 0 0 42.3563 237.462 0.785559 5.79227 244.868 0.214481 0
5 111 21 62.9002 225.252 0.1 39.9193 282.743 0.821775 72.8767 283.463 0.74868 120.708 341.658 0.714166 149.067 324.432 0.6025 11.1265 281.304 0.622132 0 0 0 0 0 0 105.426 381.587 0.722894 135.531 450.923 0.764157 104.928 533.16 0.810037 70.979 385.42 0.55874 138.624 445.591 0.482266 118.098 522.149 0.491316 58.272 221.337 0.1 0 0 0 51.4215 230.907 0.831097 15.8406 237.694 0.1 0
5 111 22 71.581 218.487 0.190442 48.9764 275.181 0.831435 81.5487 276.94 0.779912 128.828 334.306 0.808255 156.178 319.181 0.61207 18.6251 272.45 0.1 0 0 0 0 0 0 113.908 373.732 0.73651 147.657 441.441 0.728752 111.058 523.215 0.801282 79.6208 378.142 0.535902 145.503 439.1 0.451959 124.111 511.614 0.43993 67.5208 214.698 0.348145 0 0 0 60.4867 224.353 0.824263 25.889 230.52 0.1 0
5 111 23 80.2618 211.721 0.1 58.0336 267.619 0.809342 90.2208 270.417 0.726412 136.948 326.954 0.543061 163.288 313.929 0.434343 26.1236 263.597 0.728198 0 0 0 0 0 0 122.39 365.876 0.705117 159.783 431.96 0.702871 117.189 513.27 0.774319 88.2626 370.864 0.555355 152.382 432.609 0.396949 130.124 501.079 0.156588 76.7696 208.059 0.158537 0 0 0 69.552 217.799 0.760841 35.9374 223.346 0.152531 0
5 111 24 89.6043 204.979 0.199727 66.9435 259.577 0.815231 98.9185 264.109 0.677847 145.199 319.344 0.6886 171.115 308.061 0.444848 33.1965 254.25 0.716953 78.297 258.244 0.0622054 0 0 0 130.435 358.268 0.692822 170.436 421.743 0.720164 125.682 502.612 0.713809 96.0948 363.681 0.559806 157.162 423.908 0.541228 136.637 491.944 0.1 86.5397 201.325 0.32212 0 0 0 78.6925 210.844 0.74798 45.9857 216.172 0.1 0
5 111 25 98.7389 198.816 0.1 76.059 252.396 0.806825 107.399 257.379 0.734564 152.384 312.6 0.488994 177.421 303.49 0.257748 41.3555 245.341 0.736425 0 0 0 0 0 0 138.053 350.665 0.702151 182.175 410.881 0.734511 136.766 491.085 0.706294 103.699 356.51 0.585383 160.642 414.123 0.531804 142.933 481.951 0.353375 95.8804 194.661 0.210739 0 0 0 88.2529 203.891 0.776326 56.1068 209.047 0.138489 0
5 111 26 108.519 192.156 0.1234 85.199 245.004 0.842829 116.519 251.079 0.739214 160.207 306.727 0.697194 185.023 298.49 0.333216 50.6063 237.294 0.785558 99.7143 256.192 0.0603254 0 0 0 146.303 343.915 0.715247 193.914 400.446 0.858025 150.898 478.707 0.707671 111.31 349.764 0.650706 163.686 406.077 0.67408 149.655 472.164 0.40429 105.666 188.274 0.256076 0 0 0 97.1746 196.732 0.775642 66.3328 201.978 0.129809 0
5 111 27 118.939 185.853 0.100784 94.3321 238.258 0.825616 125.437 244.555 0.765444 167.603 301.067 0.729424 192.407 294.355 0.411458 60.2271 229.793 0.749979 66.5007 229.023 0.06073 0 0 0 153.914 337.821 0.71266 204.989 390.438 0.871098 167.632 465.239 0.697926 118.692 343.454 0.653045 165.635 398.473 0.665458 155.963 461.95 0.154555 116.085 181.534 0.217046 0 0 0 106.957 189.781 0.740864 76.6637 194.968 0.196688 0
5 111 28 129.478 180.087 0.177071 104.542 231.518 0.83882 135.441 237.829 0.758158 175.866 296.057 0.692206 200.449 288.924 0.490135 70.2206 222.826 0.790009 113.488 242.544 0.0697217 0 0 0 162.179 331.732 0.668574 215.427 382.175 0.80801 186.323 452.84 0.660864 126.295 337.589 0.675531 166.719 391.963 0.630273 162.261 452.609 0.602807 126.304 175.009 0.282896 0 0 0 117.169 183.256 0.767745 87.0996 188.015 0.140444 0
5 111 29 140.773 174.223 0.338875 114.538 225.426 0.857077 145.659 231.742 0.76383 183.483 291.282 0.7981 210.451 284.578 0.538452 79.5712 215.874 0.777585 115.509 226.91 0.0579639 0 0 0 170.445 326.948 0.69536 225.001 375.233 0.879866 204.795 440.885 0.786056 133.242 332.376 0.680138 165.855 385.229 0.618458 167.582 444.353 0.749354 136.756 169.134 0.48363 0 0 0 126.952 177.386 0.729583 98.0072 181.462 0.1 0
5 111 30 152.399 169.334 0.401913 124.756 219.343 0.806651 156.094 226.742 0.758418 192.179 287.373 0.798691 221.534 280.438 0.599688 89.7876 209.348 0.770668 130.988 224.953 0.0522357 0 0 0 178.489 321.954 0.708179 232.83 368.063 0.84841 222.843 430.441 0.668689 140.627 327.374 0.653926 165.865 379.566 0.692784 171.932 437.174 0.77853 147.843 164.125 0.545243 0 0 0 137.376 171.948 0.736829 109.386 175.31 0.1 0
5 111 31 164.353 165.646 0.37452 135.41 214.342 0.891111 166.75 222.173 0.773104 200.65 283.692 0.793317 229.14 277.395 0.512227 100.23 203.477 0.774141 0 0 0 0 0 0 187.169 318.042 0.716951 240.658 363.707 0.919783 239.799 421.747 0.551054 148.024 322.384 0.731319 168.254 373.046 0.703074 174.98 430.44 0.802943 160.006 159.573 0.484754 0 0 0 148.898 167.383 0.841571 120.908 169.872 0.1 0
5 111 32 176.627 163.087 0.290828 145.857 209.557 0.881044 177.409 218.686 0.823653 209.347 280.435 0.763872 239.789 274.787 0.424986 110.882 198.05 0.787984 0 0 0 0 0 0 194.994 314.123 0.735482 247.408 360.008 0.778357 256.104 414.349 0.351634 154.98 317.385 0.677039 172.166 364.347 0.758304 176.502 429.343 0.775798 172.173 156.153 0.41175 0 0 0 161.074 163.045 0.781798 132.435 164.876 0.120421 0
5 111 33 189.021 160.373 0.590219 157.164 205.861 0.81521 189.144 215.431 0.766897 218.264 278.468 0.781575 249.573 272.611 0.654345 121.754 193.694 0.787425 0 0 0 0 0 0 203.034 311.077 0.694104 254.357 356.53 0.73787 270.01 408.695 0.114596 161.499 312.822 0.705412 178.036 357.388 0.715146 178.457 424.123 0.82074 184.563 153.002 0.723739 0 0 0 173.683 159.991 0.735778 145.039 160.968 0.1 0
5 111 34 202.377 157.499 0.657166 167.836 202.171 0.851373 200.225 213.253 0.770432 228.036 276.514 0.82116 260.878 269.791 0.653057 133.049 189.773 0.783699 131.081 240.706 0.0572205 0 0 0 210.427 308.029 0.757534 260.883 353.275 0.732567 281.306 403.697 0.411991 167.588 308.037 0.695499 185.423 351.084 0.795271 182.149 417.598 0.82189 197.821 150.554 0.811742 0 0 0 186.738 157.177 0.779332 157.856 157.429 0.1 0
5 111 35 215.843 155.541 0.192404 179.355 198.912 0.839804 211.741 211.293 0.779361 237.379 274.771 0.83142 271.101 268.042 0.237072 144.785 185.21 0.710903 0 0 0 0 0 0 217.39 304.777 0.749591 266.76 350.893 0.663098 289.127 399.351 0.440669 174.109 304.116 0.715887 194.116 344.126 0.729224 186.94 410.427 0.806113 211.072 148.6 0.30715 0 0 0 200.206 155.431 0.728107 171.002 153.948 0.145564 0
5 111 36 228.784 154.348 0.1 190.88 195.446 0.863149 223.04 209.772 0.796828 246.724 273.03 0.820345 277.848 265.875 0.496414 156.527 180.853 0.775008 191.675 191.72 0.0538766 0 0 0 224.346 301.746 0.726606 272.64 348.935 0.723379 294.355 396.522 0.614277 179.558 299.773 0.635236 203.69 337.383 0.681715 194.121 403.252 0.745638 223.909 148.153 0.1 0 0 0 213.688 153.918 0.8038 184.478 150.527 0.35373 0
5 111 37 241.618 153.486 0.1 201.758 192.189 0.855542 233.695 208.467 0.7869 255.417 271.946 0.867621 288.498 263.911 0.654651 167.844 176.075 0.791593 193.738 193.559 0.0695786 0 0 0 230.421 299.354 0.671094 277.639 346.104 0.819238 297.184 394.353 0.759503 185.425 294.982 0.658088 214.92 330.859 0.739615 203.687 396.366 0.828122 237.39 147.928 0.1 0 0 0 226.958 152.83 0.80798 198.371 147.274 0.385167 0
5 111 38 253.91 153.102 0.1 213.056 189.141 0.86614 244.776 206.944 0.790064 263.682 269.998 0.831972 296.536 262.168 0.642806 179.588 171.298 0.817471 209.437 180 0.0828716 0 0 0 235.639 296.091 0.683547 281.55 342.39 0.936693 299.353 393.044 0.726832 190.654 289.764 0.692161 227.377 325.424 0.636882 215.427 390.204 0.735133 250.75 147.654 0.1 0 0 0 241.311 151.523 0.725013 211.484 144.164 0.496996 0
5 111 39 266.088 152.346 0.423009 224.361 185.883 0.861439 254.998 205.209 0.815517 270.854 268.04 0.874839 302.624 260.432 0.65037 191.536 166.729 0.838549 224.942 178.051 0.065576 0 0 0 240.639 292.823 0.701373 285.678 338.478 0.891542 300.001 392.175 0.71137 195.227 284.332 0.735112 241.058 320.214 0.591346 229.338 384.776 0.763671 263.578 147.108 0.508631 0 0 0 255.234 150.433 0.81759 224.458 141.398 0.1 0
5 111 40 278.153 150.989 0.1 234.809 182.186 0.838853 265.216 203.47 0.759443 277.807 266.293 0.791874 310.882 258.473 0.153286 202.414 161.294 0.801979 209.355 162.369 0.0667053 0 0 0 244.569 289.342 0.693572 288.509 334.568 0.852554 301.294 391.515 0.742926 200.002 278.903 0.697464 253.931 316.355 0.481996 243.244 380.477 0.813701 275.868 146.07 0.1 0 0 0 268.492 149.343 0.782683 237.285 138.566 0.223461 0
5 111 41 289.784 149.849 0.194794 245.237 178.703 0.876265 274.558 201.298 0.814086 284.114 263.692 0.859238 316.1 257.159 0.590993 213.715 156.291 0.798424 224.959 148.65 0.0919734 0 0 0 248.918 286.08 0.749054 291.54 331.516 0.827178 301.292 390.652 0.708921 204.792 274.11 0.694164 265.341 314.733 0.1 256.717 377.111 0.1 287.831 144.928 0.32787 0 0 0 280.012 147.602 0.79582 249.788 135.412 0.267468 0
5 111 42 301.015 148.584 0.1 255.232 174.795 0.889837 283.684 198.687 0.854998 290.418 260.88 0.882722 322.189 255.206 0.744292 225.013 150.862 0.869094 228.958 148.664 0.0866899 0 0 0 253.488 282.6 0.718376 294.144 329.57 0.759911 300.849 390.214 0.642977 210.666 269.326 0.684748 275.279 314.902 0.1 268.9 375.536 0.1 299.245 144.168 0.1 0 0 0 291.533 146.08 0.794355 261.532 131.936 0.419574 0
5 111 43 311.847 147.193 0.1 265.429 171.097 0.823035 292.382 195.646 0.810232 296.08 257.624 0.849106 327.403 254.117 0.751283 235.671 145.645 0.841471 0 0 0 0 0 0 258.701 278.69 0.72783 296.1 328.05 0.655731 300.638 390.432 0.589032 216.968 264.335 0.654453 283.761 315.771 0.460875 279.56 375.97 0.455216 310.113 143.791 0.1 0 0 0 302.824 144.337 0.813918 273.27 128.685 0.419202 0
5 111 44 322.28 145.677 0.1 274.993 167.402 0.837747 301.298 192.609 0.853399 301.953 254.158 0.868283 332.4 252.166 0.711316 246.099 140.645 0.781642 254.287 132.968 0.0946369 0 0 0 263.918 274.994 0.739462 298.481 326.309 0.727361 300.637 390.212 0.666234 222.625 259.339 0.683463 290.935 316.642 0.1 288.908 376.617 0.1 321.185 142.277 0.1 0 0 0 313.484 142.595 0.785466 284.034 125.753 0.520927 0
5 111 45 332.824 143.822 0.247338 284.129 163.918 0.873301 309.353 189.78 0.799885 307.822 250.682 0.863796 340.872 250.645 0.787581 256.096 135.663 0.834285 0 0 0 0 0 0 268.922 271.075 0.73504 301.08 324.144 0.738815 300.844 389.563 0.688255 229.357 254.551 0.700582 297.457 317.079 0.1 296.082 377.486 0.1 331.625 140.33 0.342872 0 0 0 323.911 140.633 0.761112 294.455 123.149 0.1 0
5 111 46 343.028 141.442 0.1 293.689 160.432 0.81778 318.041 187.165 0.80447 313.693 246.56 0.821041 346.302 248.908 0.777149 266.302 131.527 0.808384 0 0 0 0 0 0 274.58 266.292 0.73125 304.121 322.184 0.79926 301.063 388.256 0.703148 235.667 249.345 0.648041 303.186 317.292 0.1 301.305 377.191 0.1 341.836 138.162 0.1 0 0 0 333.478 138.67 0.838847 303.607 120.322 0.372766 1
5 111 47 352.908 139.206 0.1 302.399 156.733 0.794533 325.866 183.693 0.786949 320.421 243.08 0.909985 351.96 247.392 0.806973 276.3 127.383 0.75105 0 0 0 0 0 0 280.239 261.525 0.707952 307.376 319.367 0.777516 301.717 386.734 0.648759 242.393 244.341 0.665983 307.245 315.986 0.509346 305.428 376.185 0.485369 351.512 135.609 0.148474 0 0 0 342.824 136.287 0.750406 313.608 117.274 0.218889 1
5 111 48 362.465 137.13 0.126325 311.305 152.815 0.803197 334.13 180.221 0.858273 327.158 239.384 0.87711 358.255 244.787 0.815854 285.651 122.397 0.781728 230.974 150.796 0.366038 0 0 0 285.891 257.176 0.734309 311.724 316.756 0.790251 304.321 385.215 0.700264 249.126 239.553 0.685326 314.643 307.728 0.430039 316.087 366.198 0.40508 361.295 132.896 0.264664 0 0 0 352.386 133.254 0.955834 323.813 113.817 0.193434 1
5 111 49 372.136 134.145 0.188661 319.986 148.905 0.84123 341.516 176.538 0.770114 333.256 235.041 0.872266 364.348 242.18 0.865 295.429 118.049 0.757863 248.612 145.381 0.166719 0 0 0 291.101 251.97 0.731004 317.808 313.061 0.783502 306.497 382.386 0.697678 254.79 234.331 0.687792 322.642 299.63 0.416732 326.745 356.145 0.472758 370.754 130.225 0.318577 0 0 0 360.864 129.999 0.877256 332.95 110.766 0.181033 1
5 111 50 381.055 131.537 0.137305 328.035 144.78 0.80749 349.339 172.631 0.796275 340 231.342 0.857798 369.786 239.139 0.798572 304.347 113.911 0.82607 266.25 139.967 0.299369 0 0 0 295.885 246.747 0.712517 324.12 309.364 0.85023 308.89 378.912 0.792244 260.87 228.686 0.621343 331.013 291.035 0.233999 337.618 346.041 0.276906 379.666 127.616 0.243258 0 0 0 369.352 127.598 0.889413 341.971 108.144 0.217778 1
5 111 51 389.61 129.432 0.111703 336.075 141.077 0.823188 356.297 169.154 0.783947 345.877 227.204 0.909255 374.139 236.523 0.876983 312.828 109.562 0.748726 283.888 134.552 0.150194 0 0 0 300.664 241.102 0.729916 331.084 305.011 0.809296 312.579 374.785 0.813259 266.73 223.036 0.678479 339.76 282.389 0.113714 348.489 335.889 0.131902 388.685 124.794 0.211638 0 0 0 377.606 124.995 0.847795 350.876 105.949 0.273718 1
5 111 52 397.812 127.613 0.121156 343.486 137.165 0.827661 363.255 165.674 0.816878 352.176 223.286 0.878367 379.144 233.703 0.734121 321.525 105.219 0.808923 301.526 129.138 0.486386 0 0 0 304.791 236.099 0.712609 339.341 299.35 0.853685 316.929 368.916 0.835837 271.513 217.596 0.658268 348.895 274.35 0.511553 359.358 325.666 0.681225 397.379 121.747 0.216039 0 0 0 385.215 122.595 0.869119 358.997 103.765 0.243637 1
5 111 53 404.997 127.157 0.231906 351.091 133.256 0.840576 369.346 162.195 0.784043 358.479 219.589 0.831455 384.361 231.094 0.794952 330.225 101.523 0.803048 319.565 124.571 0.1 0 0 0 308.265 230.885 0.711326 347.393 293.469 0.871853 322.582 363.474 0.921767 276.284 212.158 0.609783 359.105 266.305 0.473395 370.023 315.671 0.678278 404.56 120.227 0.384374 0 0 0 392.376 120.629 0.913202 367.183 101.808 0.16125 1
5 111 54 411.517 126.792 0.380521 358.248 129.779 0.806735 375.854 158.721 0.725827 364.351 216.114 0.828735 389.577 229.131 0.788109 338.488 98.257 0.786719 340.07 119.352 0.1 0 0 0 311.518 226.099 0.708468 355.23 286.946 0.835524 329.551 357.601 0.824497 279.766 206.939 0.581005 368.893 258.695 0.585571 380.895 306.106 0.719233 411.507 119.14 0.520736 0 0 0 399.344 119.103 0.85846 374.804 100.066 0.1 1
5 111 55 417.825 126.703 0.255409 369.127 129.995 0.832639 386.509 155.46 0.762183 370.114 213.605 0.837953 394.145 227.066 0.759089 351.97 101.731 0.750257 360.575 114.132 0.1 0 0 0 334.557 225.448 0.682423 362.951 280.323 0.822215 337.376 351.623 0.892986 302.59 209.98 0.576772 377.59 250.872 0.613614 391.761 297.199 0.720218 417.816 118.275 0.403056 0 0 0 405.866 117.692 0.887845 382.518 99.0902 0.130568 1
5 111 56 423.698 126.706 0.557894 375.208 127.391 0.823677 391.089 153.502 0.78557 374.905 211.419 0.818105 397.626 224.675 0.810084 359.356 99.1241 0.756594 381.08 108.912 0.1 0 0 0 336.723 221.314 0.721386 370.344 274.456 0.809209 345.634 345.537 0.807808 305.421 205.205 0.588315 386.073 244.133 0.402637 401.77 288.498 0.590113 423.903 118.281 0.670785 0 0 0 411.088 117.037 0.910253 389.261 98.6635 0.1 1
5 111 57 429.144 126.925 0.624586 380.638 125.873 0.837689 395.218 151.761 0.738299 380.335 210.103 0.817203 401.763 222.493 0.593944 366.525 97.8108 0.780789 401.585 103.692 0.110602 0 0 0 338.678 217.4 0.706194 376.646 269.459 0.8371 354.549 339.237 0.872634 308.898 201.724 0.576668 389.772 243.691 0.237493 403.282 288.487 0.423676 429.126 119.147 0.741137 0 0 0 415.658 117.034 0.853517 394.702 98.6514 0.1 1
5 111 58 434.573 128.223 0.1 386.079 124.997 0.778556 399.996 150.667 0.817931 385.337 209.228 0.77261 408.276 224.239 0.519047 373.695 96.5121 0.714595 0 0 0 0 0 0 340.634 213.921 0.729336 381.427 264.892 0.828608 364.339 333.37 0.816485 312.158 198.247 0.563914 392.376 243.037 0.335602 403.718 289.795 0.379986 434.556 120.461 0.1 0 0 0 421.092 118.334 0.881163 400.721 98.7517 0.227416 1
5 111 58 439.782 129.315 0.1 391.731 124.774 0.336949 403.909 150.234 0.347088 390.549 208.571 0.1 414.36 225.547 0.1 380.87 95.4356 0.157845 0 0 0 0 0 0 342.593 210.66 0.540983 385.551 260.547 0.1 374.345 327.929 0.1 314.985 194.984 0.426719 394.548 243.04 0.1 403.938 290.881 0.1 439.776 122.186 0.1 0 0 0 426.527 119.853 0.1 406.74 98.8521 0.1 0
5 111 59 445.644 130.412 0.280913 396.962 124.346 0.755566 408.043 149.801 0.802865 395.776 208.571 0.777241 422.611 228.803 0.627453 388.254 95.6557 0.774283 399.032 86.0555 0.0514718 0 0 0 344.329 207.837 0.695137 388.375 257.287 0.846303 384.783 323.799 0.763654 317.386 192.162 0.519819 396.29 243.042 0.283714 404.154 291.307 0.513299 444.566 123.911 0.371481 0 0 0 430.876 121.154 0.879007 412.759 98.9525 0.152041 1
5 111 60 450.742 132.049 0.21141 407.163 128.913 0.749434 419.774 151.319 0.750141 400.455 209.112 0.754976 429.343 231.618 0.116085 394.671 96.2006 0.705283 399.186 86.0393 0.0594777 0 0 0 368.027 214.132 0.672728 389.681 255.223 0.802792 394.562 321.189 0.748364 340.21 201.515 0.43574 397.484 242.495 0.397965 404.155 292.181 0.532357 449.24 125.752 0.295645 0 0 0 435.438 122.682 0.767179 418.777 99.0528 0.108468 1
5 111 61 455.742 133.146 0.304667 411.305 129.992 0.736207 423.693 152.182 0.8017 404.595 209.767 0.756139 435.427 234.665 0.326564 399.897 97.0729 0.756254 0 0 0 0 0 0 369.773 212.175 0.692069 390.545 253.49 0.809809 403.051 319.017 0.741254 342.824 199.349 0.452727 397.281 242.498 0.417157 404.144 293.911 0.349897 454.234 127.476 0.386608 0 0 0 440.436 124.429 0.762584 424.592 101.622 0.0597018 1
5 111 62 460.414 134.603 0.227548 420.236 136.075 0.740403 434.782 155.219 0.797359 408.727 211.069 0.802424 440.535 237.494 0.610845 405.333 98.1536 0.750616 442.143 86.0816 0.0668574 0 0 0 393.896 219.788 0.700204 391.193 252.728 0.798952 410.002 317.49 0.73446 365.435 210.225 0.486879 397.276 242.608 0.388605 403.923 295.43 0.36233 458.799 129.21 0.334351 0 0 0 444.017 125.957 0.707288 428.479 99.7322 0.0504516 1
5 111 63 464.758 136.422 0.461792 420.01 134.12 0.737274 432.818 156.742 0.753372 412.962 212.696 0.813147 445.964 241.077 0.629981 405.115 92.9441 0.72865 0 0 0 0 0 0 374.979 214.56 0.674598 391.95 252.183 0.788278 416.082 316.286 0.661786 348.908 201.094 0.452759 397.487 242.608 0.185634 403.271 296.951 0.262422 462.934 130.951 0.567378 0 0 0 447.495 127.377 0.793151 0 0 0 1
5 111 63 469.542 138.173 0.1 424.363 135.428 0.207463 436.499 158.265 0.389226 416.871 214.438 0.1 451.387 244.552 0.1 410.558 94.4699 0.1 0 0 0 0 0 0 376.722 212.817 0.557375 392.813 251.742 0.1 421.296 315.41 0.1 351.957 199.787 0.491241 397.701 242.608 0.1 402.188 298.465 0.1 467.28 133.118 0.1 0 0 0 451.624 128.901 0.1 0 0 0 0
5 111 64 474.099 140.141 0.323524 428.725 136.732 0.724349 440.409 159.793 0.779661 419.928 215.965 0.70114 457.471 249.767 0.450114 416.217 95.997 0.720461 0 0 0 0 0 0 378.681 211.3 0.675818 393.459 251.306 0.712991 424.55 315.183 0.654895 354.354 198.268 0.456612 397.482 242.822 0.325731 400.887 299.553 0.567923 471.834 135.293 0.450414 0 0 0 455.747 130.856 0.749545 0 0 0 1
5 111 64 477.803 142.108 0.1 433.291 138.035 0.161626 443.878 160.882 0.278093 422.965 217.71 0.1 460.738 251.065 0.1 421.438 97.7359 0.1 0 0 0 0 0 0 381.292 210.203 0.50224 394.108 251.307 0.1 426.716 315.188 0.1 357.397 197.394 0.468218 397.697 243.039 0.1 400.455 299.334 0.1 475.752 137.251 0.1 0 0 0 459.22 131.734 0.1 0 0 0 0
5 111 65 481.936 144.493 0.686472 437.41 139.127 0.775476 447.149 162.186 0.765405 424.91 219.241 0.785416 464.207 253.014 0.600279 426.646 99.9002 0.71893 459.753 129.102 0.0670052 0 0 0 383.688 208.906 0.687034 394.762 251.739 0.778735 428.448 316.055 0.677982 360.441 196.526 0.443703 397.926 243.258 0.389634 400.022 298.683 0.529719 479.88 139.21 0.745218 0 0 0 462.703 133.047 0.858966 0 0 0 1
5 111 66 484.553 147.514 0.48385 441.312 140.432 0.752917 449.989 163.279 0.794841 426.632 220.767 0.857342 465.949 253.236 0.63385 431.001 101.637 0.770703 462.924 142.402 0.112357 0 0 0 385.869 207.602 0.65087 395.633 251.73 0.802502 428.443 316.482 0.719634 363.485 195.869 0.427864 398.16 243.265 0.471816 399.58 298.688 0.550184 483.576 141.181 0.572121 0 0 0 466.405 134.574 0.887102 0 0 0 1
5 111 67 487.929 149.359 0.385895 440.45 137.169 0.729247 445.43 163.281 0.745687 428.027 222.177 0.913996 466.822 252.594 0.755448 436.103 102.836 0.749598 465.8 143.661 0.221183 476.098 176.42 0.448685 366.091 197.385 0.629231 396.718 251.185 0.787542 428.44 316.691 0.737343 346.531 183.043 0.459623 398.709 242.942 0.490896 399.145 298.04 0.542763 487.389 142.823 0.541328 0 0 0 470.32 136.099 0.797799 0 0 0 1
5 111 68 491.189 150.879 0.504021 444.794 137.608 0.782329 448.472 163.72 0.768691 429.1 222.611 0.89452 468.126 252.162 0.790827 441.316 103.71 0.769231 468.676 144.919 0.325662 481.946 177.372 0.621159 368.914 195.635 0.651417 398.022 250.752 0.763221 428.426 316.262 0.768246 350.012 181.744 0.525728 399.58 242.512 0.5773 398.929 296.956 0.598987 490.664 144.357 0.705654 0 0 0 473.59 137.185 0.826001 0 0 0 1
5 111 69 494.505 151.964 0.491094 448.484 140.003 0.782023 451.51 166.125 0.752383 429.744 222.398 0.868706 468.782 251.078 0.708409 445.985 104.583 0.78057 471.553 146.178 0.227898 487.795 178.324 0.373026 369.362 196.939 0.660125 399.328 250.104 0.792583 428.422 315.834 0.741352 351.523 182.831 0.519847 400.343 242.191 0.467528 398.713 295.869 0.516538 494.041 145.659 0.700793 0 0 0 477.176 138.163 0.816377 0 0 0 1
5 111 70 497.876 152.613 0.344034 451.956 140.223 0.701748 454.129 166.124 0.765987 429.962 221.539 0.861255 468.79 249.343 0.759414 450.111 105.455 0.678728 474.429 147.436 0.109188 0 0 0 372.189 194.991 0.663899 400.636 249.239 0.713256 428.428 315.408 0.710977 354.786 181.746 0.501397 400.996 241.979 0.553789 398.497 294.777 0.608172 497.52 146.728 0.511726 0 0 0 481.08 139.035 0.819713 0 0 0 1
5 111 71 500.537 153.255 0.112534 459.559 147.185 0.682237 464.356 169.82 0.719561 430.176 220.778 0.806415 469.449 248.037 0.663204 454.454 115.666 0.729148 477.305 148.695 0.117503 0 0 0 395.009 206.731 0.661355 401.73 248.375 0.685545 428.436 314.98 0.718027 374.996 196.315 0.50932 401.65 241.765 0.558763 398.28 293.694 0.69388 500.46 147.159 0.236286 0 0 0 484.336 139.798 0.807523 0 0 0 1
5 111 72 503.145 153.468 0.189273 462.167 147.188 0.705077 466.31 169.811 0.721491 430.376 220.125 0.761295 469.234 245.866 0.730749 457.283 116.1 0.720576 480.181 149.954 0.149643 0 0 0 397.398 205.208 0.619439 402.825 247.719 0.667295 428.449 314.552 0.719545 377.813 195.448 0.510734 402.3 241.555 0.565642 397.854 292.823 0.708876 502.862 147.155 0.337515 0 0 0 486.949 140.233 0.7972 0 0 0 1
5 111 72 505.75 153.566 0.1 468.463 153.708 0.236678 475.024 173.508 0.380721 430.486 219.145 0.1 469.34 243.472 0.1 459.566 117.401 0.1 0 0 0 0 0 0 418.703 217.388 0.567734 404.131 246.961 0.1 428.459 314.332 0.1 396.943 210.221 0.552884 403.172 241.335 0.1 397.739 291.953 0.1 505.254 147.042 0.1 0 0 0 489.024 140.555 0.1 0 0 0 0
5 111 73 508.139 153.132 0.1 469.994 154.358 0.670479 476.326 173.289 0.711632 430.717 217.847 0.698726 469.558 240.653 0.774223 461.523 119.143 0.649977 481.362 140.867 0.066172 0 0 0 420.432 216.3 0.6389 405.437 245.665 0.6313 428.468 313.899 0.757102 398.903 209.572 0.510807 404.25 240.894 0.568478 397.727 291.737 0.724409 507.428 146.618 0.209289 0 0 0 490.971 140.335 0.812516 0 0 0 1
5 111 73 510.421 152.054 0.1 475.427 160.654 0.661445 485.007 176.767 0.669409 441.159 220.021 0.1 469.445 237.609 0.1 464.344 127.839 0.477223 0 0 0 0 0 0 441.303 228.91 0.659301 422.608 249.809 0.1 428.484 313.358 0.1 417.593 224.571 0.675862 405.323 240.664 0.1 397.728 291.624 0.1 509.38 146.285 0.1 0 0 0 492.387 140.003 0.1 491.149 154.577 0.0772804 0
5 111 74 511.726 151.832 0.148716 476.308 160.443 0.677931 485.875 176.547 0.756528 441.821 219.367 0.751105 470.314 235.638 0.780438 466.087 127.834 0.62653 489.128 138.951 0.0998005 490.172 177.994 0.22671 442.823 228.268 0.65036 423.918 249.373 0.660091 428.487 312.712 0.778904 419.337 224.564 0.508228 406.185 240.652 0.523489 397.939 291.838 0.714544 510.681 146.279 0.27925 0 0 0 492.836 139.349 0.814302 0 0 0 1
5 111 74 512.599 151.834 0.1 477.391 160.876 0.312008 486.524 176.542 0.536098 443.129 219.366 0.1 471.181 233.455 0.1 467.819 128.482 0.1 0 0 0 491.32 178.001 0.1 443.699 227.624 0.610505 425.216 248.933 0.1 428.495 312.489 0.1 421.078 224.562 0.602602 407.044 240.424 0.1 398.149 291.843 0.1 511.764 146.277 0.1 0 0 0 493.493 138.917 0.1 0 0 0 0
5 111 75 513.307 151.617 0.254757 473.913 154.126 0.606078 479.581 172.181 0.767241 444.661 218.924 0.688004 473.46 231.492 0.768947 469.237 128.267 0.513471 0 0 0 492.468 178.008 0.1 424.78 214.577 0.644052 426.297 248.61 0.64221 428.502 312.272 0.761901 404.78 209.339 0.503868 407.796 240.201 0.555429 398.36 291.849 0.733819 512.522 146.276 0.392311 0 0 0 494.58 138.591 0.831186 0 0 0 1
5 111 75 513.425 151.177 0.1 475.222 153.914 0.540173 480.669 171.32 0.703136 446.413 218.487 0.182978 476.285 229.754 0.1 470.765 127.831 0.318926 0 0 0 493.616 178.015 0.1 426.091 214.142 0.662136 427.164 248.606 0.113282 428.506 312.056 0.1 406.305 209.118 0.661979 408.453 240.189 0.1 398.567 291.856 0.1 512.948 145.637 0.1 0 0 0 495.459 138.155 0.1 0 0 0 0
5 111 76 513.595 150.851 0.323554 476.31 156.085 0.716782 481.1 173.489 0.686297 448.273 217.833 0.701232 478.566 228.019 0.69854 474.242 130.664 0.671628 481.119 160.189 0.20442 494.764 178.022 0.344322 425.66 214.794 0.658633 428.034 248.499 0.696158 428.511 311.841 0.774279 406.527 209.322 0.523955 409.211 240.075 0.544695 410.511 293.39 0.711511 513.483 145.317 0.493225 0 0 0 496.443 137.828 0.813521 0 0 0 1
5 111 77 513.817 150.64 0.329993 477.617 155.868 0.694198 481.763 172.621 0.713119 450.243 216.961 0.726408 480.304 226.289 0.760972 475.761 130.23 0.608789 482.831 158.697 0.215599 495.856 178.026 0.439213 426.752 214.359 0.669838 428.905 248.29 0.696026 428.515 311.627 0.787249 407.839 209.102 0.531915 410.073 239.857 0.579899 410.719 293.39 0.737393 514.128 145.316 0.502456 0 0 0 497.532 137.609 0.838784 0 0 0 1
5 111 78 513.82 150.529 0.337371 474.58 148.912 0.710474 475.237 168.055 0.73006 452.306 216.2 0.868524 481.932 225.193 0.834046 477.168 129.139 0.689242 484.544 157.205 0.248203 496.839 177.956 0.543564 408.707 200.657 0.641248 429.563 248.394 0.768534 428.719 311.63 0.814731 392.19 193.243 0.568387 410.715 239.853 0.563358 410.823 293.388 0.733647 514.344 145.416 0.495151 0 0 0 498.936 137.935 0.789123 0 0 0 1
5 111 79 513.606 150.529 0.391389 480.009 156.744 0.712122 484.149 173.485 0.735758 454.256 215.762 0.822227 483.241 224.53 0.821177 479.345 140.223 0.695366 486.256 155.712 0.21284 497.71 177.81 0.445851 428.709 214.781 0.627949 447.608 255.132 0.753431 428.926 311.742 0.81802 409.142 208.892 0.559921 411.146 239.854 0.566688 410.826 293.28 0.745389 514.348 145.625 0.479316 0 0 0 500.231 138.264 0.704284 0 0 0 1
5 111 79 513.716 150.536 0.1 477.398 150.01 0.265055 477.635 169.133 0.433397 445.994 211.854 0.1 484.444 224.089 0.1 479.558 130.879 0.177706 487.968 154.22 0.1 498.471 177.59 0.1 410.875 200.866 0.628784 432.183 249.916 0.1 429.137 312.067 0.1 393.703 192.809 0.594679 411.58 239.854 0.1 410.829 292.964 0.230364 514.57 145.732 0.1 0 0 0 501.629 138.593 0.1 0 0 0 0
5 111 80 513.821 150.435 0.35635 482.615 158.487 0.706161 486.544 174.354 0.716279 447.622 210.878 0.81786 485.857 223.869 0.800513 481.301 142.401 0.679096 488.292 154.11 0.181789 499.066 177.364 0.499443 430.225 215.206 0.631764 450.002 256.44 0.767746 429.349 312.501 0.818347 410.002 208.251 0.553788 412.015 239.855 0.569643 410.83 292.646 0.762795 514.68 145.626 0.492978 0 0 0 503.138 139.136 0.774184 0 0 0 1
5 111 81 514.251 150.005 0.1476 483.487 158.053 0.731294 487.632 173.925 0.710657 448.713 210.217 0.799166 487.164 224.079 0.850089 481.525 141.755 0.706104 490.029 152.807 0.164598 500.038 177.144 0.1 431.736 214.985 0.634955 450.225 256.451 0.750033 429.56 312.936 0.830535 410.647 207.597 0.555093 412.238 240.072 0.566531 410.831 292.641 0.778589 514.9 145.408 0.231189 0 0 0 504.44 139.787 0.748346 0 0 0 1
5 111 81 514.467 149.791 0.1 488.484 166.759 0.544603 496.105 180.024 0.701311 449.365 209.999 0.1 487.165 224.187 0.1 483.265 154.577 0.313824 491.868 151.723 0.1 501.176 176.927 0.1 450.435 229.34 0.657516 469.14 263.618 0.238097 446.51 318.588 0.1 425.864 223.468 0.65979 412.461 240.283 0.1 410.83 292.535 0.1 515.736 145.623 0.1 0 0 0 505.098 140.328 0.1 0 0 0 0
5 111 82 514.894 149.799 0.21351 489.126 166.76 0.734988 496.973 180.455 0.735262 449.583 209.777 0.767438 486.726 224.188 0.827664 483.489 154.581 0.732899 493.378 150.862 0.190319 502.473 176.709 0.482598 451.301 229.552 0.640969 469.362 263.614 0.746471 446.714 319.015 0.821375 426.293 223.252 0.572187 412.676 240.284 0.594088 410.831 292.324 0.796884 516.572 145.838 0.331002 0 0 0 505.751 140.975 0.81162 0 0 0 1
5 111 82 515.322 149.691 0.1 489.354 166.106 0.475558 498.274 179.807 0.648753 449.584 209.343 0.1 485.966 224.08 0.1 482.187 153.272 0.2982 494.024 150.539 0.1 502.469 177.799 0.1 451.517 229.992 0.649369 488.494 271.111 0.170944 463.662 325.092 0.1 424.988 223.483 0.645766 412.789 240.39 0.1 398.993 290.586 0.1 517.408 146.054 0.1 0 0 0 506.293 141.41 0.1 0 0 0 0
5 111 83 515.751 149.467 0.168881 489.778 166.315 0.755824 499.569 180.235 0.751605 449.369 208.697 0.769334 484.884 223.862 0.838323 482.183 153.486 0.70315 493.805 150.756 0.192442 501.164 180.199 0.1 452.597 230.642 0.646276 488.705 271.325 0.727279 463.865 325.517 0.834328 425.198 223.476 0.598966 412.8 240.6 0.632941 398.789 290.381 0.802333 518.244 146.269 0.232987 0 0 0 506.726 141.631 0.742451 0 0 0 1
5 111 83 515.532 149.146 0.1 494.993 176.966 0.515771 508.049 187.404 0.688485 458.284 206.737 0.1 487.06 217.349 0.1 483.713 168.054 0.307397 493.802 150.875 0.1 498.342 183.974 0.1 471.729 245.434 0.647318 507.392 278.723 0.254456 480.398 330.951 0.131029 440.849 240.218 0.645774 412.811 240.604 0.1 398.583 290.175 0.1 0 0 0 0 0 0 508.699 147.724 0.1 0 0 0 0
5 111 84 514.663 148.714 0.198355 491.305 168.046 0.784484 501.299 181.321 0.778313 457.844 206.084 0.787638 486.195 216.492 0.830645 482.85 154.803 0.734697 494.125 150.885 0.257133 499.216 183.683 0.519112 453.694 231.527 0.656719 489.997 272.206 0.72782 480.4 331.059 0.832784 425.418 224.344 0.604385 412.817 240.611 0.647074 398.377 290.069 0.810589 0 0 0 0 0 0 508.703 147.394 0.703356 0 0 0 1
5 111 84 513.768 148.349 0.1 496.521 177.393 0.580113 509.99 187.404 0.745363 465.894 202.822 0.1 489.669 210.849 0.1 484.381 168.286 0.368114 493.73 152.239 0.1 497.219 186.292 0.1 472.609 246.53 0.668903 508.686 280.237 0.407924 497.136 336.496 0.27084 440.852 240.653 0.680256 412.819 240.621 0.1 398.17 290.065 0.1 0 0 0 0 0 0 510.677 153.035 0.1 508.74 170.222 0.0559182 0
5 111 85 512.873 147.983 0.160181 493.251 169.125 0.790115 502.824 181.959 0.761315 465.344 201.848 0.75674 489.129 210.205 0.638141 484.16 156.986 0.693113 492.402 154.834 0.136065 495.222 188.901 0.1 454.997 231.968 0.667231 491.298 274.145 0.698231 497.136 336.501 0.834808 425.854 224.777 0.613787 412.82 240.632 0.682498 397.964 289.958 0.825097 0 0 0 0 0 0 511.548 153.362 0.602573 0 0 0 1
5 111 85 511.978 147.618 0.1 498.031 177.379 0.739669 510.874 186.958 0.708408 473.389 198.163 0.455169 491.748 203.912 0.725818 485.68 168.721 0.63976 490.142 158.671 0.1 493.225 191.51 0.299353 473.699 247.185 0.687866 491.301 274.567 0.213012 497.137 336.505 0.11715 441.289 241.296 0.671423 412.818 240.639 0.1 397.758 289.749 0.1 0 0 0 0 0 0 512.521 153.69 0.148689 504.905 195.229 0.176754 1
5 111 86 511.083 147.253 0.232176 494.557 168.678 0.803009 503.916 181.082 0.756889 472.731 197.079 0.784346 488.276 202.508 0.709485 485.026 156.545 0.701394 487.166 163.638 0.247588 491.228 194.118 0.467971 456.309 232.616 0.645406 472.614 267.825 0.711573 480.397 331.285 0.835127 426.936 224.998 0.639823 412.817 240.645 0.657215 397.552 289.646 0.838446 508.78 140.869 0.271062 0 0 0 513.601 154.233 0.611859 505.819 191.324 0.1 1
5 111 86 0 0 0 499.792 176.937 0.736565 513.033 186.081 0.711941 476.744 195.014 0.225853 491.541 196.419 0.297649 487.195 168.712 0.651313 483.473 169.735 0.1 0 0 0 475.434 247.409 0.725843 472.688 268.044 0.222924 480.401 331.288 0.157767 442.594 241.311 0.696781 412.818 240.652 0.1 397.346 289.645 0.1 0 0 0 0 0 0 514.611 154.814 0.194373 506.733 187.418 0.210754 1
5 111 87 520.416 148.782 0.0981089 501.316 177.141 0.689785 514.764 186.066 0.716883 485.325 191.864 0.731334 495.453 190.656 0.499503 488.714 169.365 0.592223 479.776 175.82 0.1 0 0 0 476.732 248.061 0.638955 453.919 260.871 0.728144 463.66 325.642 0.840548 443.897 241.528 0.609271 412.818 240.661 0.663662 397.242 289.645 0.838506 0 0 0 0 0 0 515.55 155.321 0.716915 507.648 183.512 0.1 1
5 111 87 0 0 0 502.197 176.714 0.655362 514.98 185.851 0.729535 485.091 191.212 0.117222 493.497 189.782 0.539409 490.014 169.151 0.443282 481.514 175.385 0.1 0 0 0 476.744 247.841 0.732492 454.14 261.089 0.1 463.662 325.646 0.1 444.127 241.53 0.716453 412.818 240.671 0.1 397.239 289.644 0.1 0 0 0 0 0 0 516.42 155.753 0.1 508.562 179.607 0.117159 0
5 111 88 506.773 150.676 0.0565266 498.279 166.059 0.686041 507.792 179.11 0.665032 475.527 192.081 0.735188 489.372 194.782 0.197499 489.795 154.37 0.554042 483.048 175.049 0.1 0 0 0 458.478 233.271 0.637108 435.882 253.914 0.686872 447.133 320.429 0.843498 428.915 224.786 0.61139 412.822 240.679 0.719402 397.237 289.647 0.830264 0 0 0 0 0 0 515.109 149.88 0.69779 509.666 176.641 0.1 1
5 111 88 0 0 0 504.582 174.972 0.773379 517.147 184.986 0.790496 485.319 189.464 0.1 494.588 190.21 0.534094 492.613 166.753 0.52525 478.699 181.561 0.155017 0 0 0 477.17 248.918 0.73486 436.177 254.125 0.1 447.132 320.432 0.1 444.776 241.528 0.70154 412.829 240.685 0.1 397.235 289.72 0.1 0 0 0 0 0 0 515.986 150.605 0.1 510.985 174.905 0.160463 0
5 111 89 0 0 0 506.11 174.538 0.834082 519.101 184.991 0.838916 487.058 189.464 0.133963 495.897 189.773 0.568608 494.136 165.236 0.642021 476.264 186.726 0.247352 0 0 0 476.953 250.43 0.712063 418.063 246.519 0.1 430.395 315.002 0.1 444.996 241.742 0.705815 412.838 240.689 0.1 397.233 289.861 0.1 0 0 0 0 0 0 515.11 145.535 0.1 511.643 175.119 0.207699 0
5 111 89 508.647 150.623 0.0791837 506.976 173.892 0.73101 519.313 184.133 0.578499 487.064 188.594 0.663353 491.979 188.688 0.142735 494.567 164.803 0.67968 475.089 190.618 0.12064 0 0 0 476.959 250.643 0.624229 418.502 246.522 0.687363 430.394 315.002 0.864069 445.215 241.958 0.604028 412.849 240.69 0.706444 397.231 290.07 0.825889 0 0 0 0 0 0 515.545 145.742 0.692923 512.801 176.781 0.1 1
5 111 90 506.252 148.636 0.145713 503.72 165.628 0.745399 512.35 178.91 0.652395 478.587 190.322 0.649324 485.88 193.463 0.17239 494.556 153.062 0.755972 475.175 193.236 0.200824 522.388 177.994 0.304212 458.488 235.862 0.647709 418.936 246.313 0.706141 430.395 315.005 0.872076 430.008 226.083 0.588438 412.856 240.686 0.679955 397.23 290.073 0.815687 0 0 0 0 0 0 515.876 145.853 0.713617 514.458 179.893 0.1 1
5 111 90 507.902 150.024 0.1 510.243 174.332 0.831001 522.354 184.778 0.802237 489.468 188.152 0.166993 494.572 188.463 0.495101 497.599 164.377 0.673288 476.522 194.58 0.257555 0 0 0 476.1 252.171 0.699084 419.365 246.105 0.1 430.398 315.009 0.1 445.227 242.819 0.698521 412.861 240.685 0.1 397.33 290.175 0.1 0 0 0 0 0 0 516.097 145.854 0.1 516.519 183.263 0.19721 0
5 111 91 509.551 151.411 0.1 506.531 166.067 0.839568 513.897 179.993 0.808484 485.444 188.919 0.28335 486.739 193.243 0.693592 496.941 152.207 0.722783 479.891 194.579 0.302581 0 0 0 457.199 237.384 0.675141 419.723 245.897 0.1 430.402 315.009 0.1 429.797 226.934 0.71851 412.864 240.684 0.1 397.532 290.378 0.1 0 0 0 0 0 0 516.388 145.923 0.1 519.133 186.633 0.182953 0
5 111 91 511.201 152.799 0.103904 509.127 166.287 0.701689 515.647 180.218 0.535695 488.268 189.785 0.471243 488.916 193.022 0.180297 499.116 151.781 0.643342 484.457 194.804 0.1 0 0 0 456.334 238.241 0.647254 419.902 245.683 0.700013 430.406 315.01 0.873965 429.799 226.714 0.579473 412.866 240.68 0.726504 397.635 290.583 0.828977 0 0 0 0 0 0 516.641 146.067 0.602611 521.965 188.155 0.1 1
5 111 92 512.851 154.187 0.1 509.342 166.507 0.744696 515.862 180.434 0.570899 490.229 190.22 0.627704 492.613 191.282 0.221029 499.333 151.779 0.704939 483.912 201.866 0.1 0 0 0 456.326 238.456 0.654051 419.903 245.464 0.713064 430.411 315.011 0.868262 429.797 226.935 0.613798 412.867 240.671 0.731691 397.637 290.789 0.832469 0 0 0 0 0 0 516.858 146.285 0.658429 525.335 188.989 0.1 1
5 111 92 514.267 155.384 0.1 517.174 175.211 0.844093 527.173 186.089 0.771216 503.917 188.701 0.402152 500.007 186.507 0.787628 503.677 163.506 0.650348 483.676 209.038 0.229151 0 0 0 473.939 254.32 0.690039 419.901 245.248 0.1 430.418 315.01 0.1 445.222 242.806 0.686903 412.87 240.663 0.1 397.64 290.994 0.1 0 0 0 0 0 0 517.18 146.505 0.1 529.241 189.138 0.154452 0
5 111 93 515.937 156.832 0.1 512.168 166.305 0.746394 518.048 179.997 0.608058 495.876 191.316 0.697533 496.534 188.696 0.163623 502.381 151.119 0.669258 489.328 205.989 0.1 0 0 0 455.243 238.457 0.656263 419.823 245.035 0.685746 430.426 315.008 0.868607 429.586 226.283 0.611012 412.874 240.658 0.745359 397.643 291.132 0.823767 0 0 0 0 0 0 517.178 146.656 0.577955 533.942 189.021 0.1 1
5 111 93 518.178 158.414 0.1 506.729 157.61 0.804934 508.483 173.695 0.762608 488.69 193.489 0.349218 493.484 191.537 0.772767 501.074 139.367 0.715815 494.117 199.461 0.272647 489.434 193.906 0.674193 436.983 222.371 0.653062 419.46 244.61 0.1 430.432 315.01 0.1 414.38 210.196 0.706208 412.877 240.648 0.1 397.644 290.994 0.1 0 0 0 0 0 0 516.744 146.945 0.1 538.642 188.904 0.253024 0
5 111 94 520.128 159.93 0.233335 506.296 158.049 0.729068 508.478 173.696 0.63455 491.96 194.788 0.630445 500.225 190.019 0.333122 501.301 139.576 0.713804 499.118 192.431 0.1 496.832 189.048 0.1 436.979 222.156 0.660376 419.026 244.183 0.695358 430.438 315.219 0.863671 414.598 210.196 0.623153 413.08 240.636 0.739199 397.647 290.78 0.828395 0 0 0 0 0 0 516.092 147.167 0.685254 543.342 188.787 0.1 1
5 111 94 521.516 161.348 0.1 505.86 158.491 0.812871 507.61 173.916 0.712329 495.225 196.104 0.423362 506.097 188.287 0.803344 501.743 139.796 0.559436 504.118 185.545 0.185984 504.231 184.19 0.368992 436.967 221.719 0.649392 418.598 243.962 0.1 430.443 315.426 0.1 415.464 210.202 0.703466 413.295 240.629 0.1 397.85 290.765 0.1 0 0 0 0 0 0 515.217 147.379 0.1 548.042 188.67 0.219552 0
5 111 95 522.341 162.469 0.425282 499.982 149.789 0.743109 497.597 167.399 0.637333 488.909 198.064 0.681212 503.496 191.33 0.341417 499.79 128.049 0.708771 508.323 178.588 0.1 511.629 179.332 0.162181 419.347 205.193 0.660186 418.596 243.744 0.702819 430.444 315.428 0.865909 400.906 193.899 0.610154 413.724 240.621 0.724899 397.954 290.651 0.828575 526.199 159.876 0.383769 0 0 0 514.347 147.6 0.658365 0 0 0 1
5 111 96 523.039 163.295 0.403245 499.552 150.011 0.712631 497.368 167.18 0.63088 493.479 198.056 0.679073 511.117 189.373 0.668893 500.008 128.262 0.728114 510.971 171.632 0.143398 519.027 174.473 0.154946 419.557 205.186 0.658989 418.819 243.523 0.731535 430.449 315.431 0.84679 401.342 193.906 0.599317 413.952 240.609 0.724388 397.961 290.439 0.834325 525.841 160.339 0.478236 0 0 0 513.272 147.828 0.762596 0 0 0 1
5 111 97 522.737 163.814 0.404863 492.593 141.319 0.714291 486.712 160.876 0.65956 486.958 199.134 0.727874 508.941 192.2 0.838159 496.744 116.73 0.704339 512.064 164.676 0.124211 525.33 170.79 0.130325 401.732 188.893 0.64569 419.148 243.514 0.733011 430.452 315.431 0.852509 386.553 178.032 0.57452 414.385 240.605 0.699069 398.066 290.226 0.838851 525.483 160.802 0.516766 0 0 0 512.299 148.045 0.774013 0 0 0 1
5 111 98 522.521 164.246 0.54014 492.596 141.746 0.724532 486.499 160.443 0.668993 490.22 198.261 0.744388 510.685 191.771 0.895163 496.971 117.162 0.698331 512.905 157.613 0.121699 531.085 167.42 0.13454 401.948 188.247 0.637097 419.8 243.52 0.750078 430.452 315.429 0.850314 387.638 178.026 0.534293 415.035 240.61 0.612127 398.272 289.578 0.840319 525.126 161.265 0.628711 526.351 158.435 0.099058 511.433 148.27 0.738746 0 0 0 1
5 111 99 522.41 164.786 0.467328 484.981 133.489 0.715043 474.975 154.362 0.709388 481.972 199.787 0.689101 508.29 194.375 0.854338 493.065 105.868 0.703468 513.496 150.443 0.1 535.866 164.369 0.1 384.119 172.162 0.642424 420.663 243.519 0.723775 430.45 315.215 0.839854 373.296 162.588 0.540158 420.023 236.484 0.618639 398.695 288.277 0.845442 524.768 161.728 0.59714 526.627 160.366 0.100469 510.673 148.493 0.739342 0 0 0 1
5 111 100 522.189 164.793 0.438763 484.985 133.923 0.69988 474.536 154.798 0.722396 485.01 200.218 0.658362 511.112 194.37 0.813003 493.714 106.3 0.716356 513.937 146.748 0.1 535.657 164.154 0.1 384.117 171.512 0.634338 420.671 243.734 0.696235 430.447 315.212 0.834761 374.811 162.587 0.580952 425.006 232.785 0.688325 399.336 286.322 0.8379 524.986 162.168 0.619842 525.681 160.386 0.105872 510.024 148.706 0.768014 0 0 0 1
5 111 101 522.186 165.016 0.444999 484.989 134.36 0.696028 474.101 155.661 0.721331 486.105 201.511 0.682015 511.992 195.665 0.789392 494.365 106.521 0.699757 514.585 146.752 0.101724 535.43 165.465 0.192069 384.108 170.649 0.636078 421.108 244.376 0.688435 430.439 315.204 0.831955 376.761 162.582 0.578064 429.774 229.745 0.700705 400.958 284.685 0.825373 524.554 162.6 0.594256 524.735 160.407 0.104338 509.585 148.708 0.761016 0 0 0 1
5 111 102 522.188 165.229 0.325518 484.992 134.786 0.659643 473.239 156.734 0.711051 486.104 202.172 0.633244 511.123 197.615 0.7719 495.014 106.739 0.610085 515.019 148.485 0.1 535.412 167.648 0.171812 383.896 169.789 0.643703 421.534 244.802 0.71532 430.428 314.988 0.828297 378.498 162.579 0.549176 433.478 226.924 0.568829 403.56 283.168 0.789141 524.332 162.814 0.478577 0 0 0 508.937 148.705 0.781075 0 0 0 1
5 111 103 521.966 165.021 0.22372 484.989 134.576 0.637624 473.016 157.164 0.72109 484.359 203.044 0.720242 508.082 200.657 0.675069 495.45 106.736 0.556391 515.018 150.006 0.1 536.066 169.602 0.1 383.901 169.357 0.670474 421.533 245.453 0.777281 430.427 314.989 0.804812 380.885 162.799 0.482998 436.512 225.628 0.485965 406.613 282.304 0.1 523.688 162.159 0.36708 0 0 0 508.505 148.485 0.773139 0 0 0 1
5 111 104 522.181 164.812 0.23045 484.563 134.581 0.696834 472.16 157.811 0.724895 481.321 204.993 0.784753 505.035 204.565 0.666655 496.095 106.733 0.650892 515.373 151.523 0.176755 536.783 171.627 0.328642 383.902 168.712 0.659753 421.535 245.672 0.774718 430.43 315.2 0.798055 383.491 163.02 0.43653 439.773 224.12 0.473007 410.096 281.223 0.439836 523.685 161.51 0.1 0 0 0 508.065 147.832 0.80262 0 0 0 1
5 111 105 522.178 164.584 0.180028 483.922 134.794 0.656373 471.293 158.247 0.704231 476.543 207.163 0.734835 500.025 209.998 0.601417 496.32 106.739 0.603213 515.882 152.823 0.183089 537.366 173.726 0.430173 383.477 167.635 0.665142 420.672 245.678 0.752063 430.424 315.198 0.807897 385.878 163.239 0.350839 442.371 223.694 0.518246 414.227 281.226 0.1 523.472 160.424 0.282626 0 0 0 507.831 146.959 0.794768 0 0 0 1
5 111 106 522.833 164.357 0.296556 483.279 134.8 0.667107 469.995 158.687 0.672341 471.535 209.998 0.722942 493.069 218.477 0.65046 496.547 106.529 0.67622 516.968 154.118 0.478863 537.803 175.89 0.629777 383.052 166.766 0.678995 420.022 245.681 0.82047 430.427 315.2 0.843867 388.705 163.462 0.392806 446.289 222.179 0.372087 419.667 280.569 0.199861 523.689 159.338 0.386141 0 0 0 507.388 145.874 0.819035 0 0 0 1
5 111 107 522.18 163.707 0.357637 482.415 134.37 0.701235 468.688 158.691 0.65784 465.017 211.966 0.716082 485.674 226.082 0.624197 496.541 106.098 0.68705 517.764 154.771 0.492967 538.023 177.637 0.561278 382.622 166.116 0.686298 418.93 245.464 0.81848 430.653 315.412 0.857373 389.791 163.254 0.393366 449.331 220.434 0.35788 424.998 280.564 0.238925 522.387 158.241 0.398105 0 0 0 506.079 144.341 0.727872 0 0 0 1
5 111 108 521.31 162.837 0.339103 481.331 133.929 0.687792 467.17 158.467 0.669015 457.841 214.564 0.794039 476.54 234.78 0.689491 496.313 105.667 0.655137 518.268 155.205 0.591133 538.46 179.164 0.693013 382.405 165.242 0.677316 417.851 246.115 0.809054 430.655 315.195 0.862076 391.09 162.824 0.387906 449.115 222.607 0.330855 430.001 281.429 0.218455 520.864 156.724 0.418973 0 0 0 504.344 142.594 0.781211 0 0 0 1
5 111 109 519.79 161.952 0.357379 479.808 133.276 0.71598 464.782 157.813 0.697916 450.018 215.65 0.833665 465.022 242.172 0.603907 495.651 105.236 0.631494 518.481 155.64 0.628353 539.105 180.47 0.725816 382.177 164.594 0.686499 417.631 245.458 0.839053 430.647 314.765 0.869039 395.653 163.261 0.455587 448.036 224.778 0.46635 434.572 283.159 0.450008 518.903 154.985 0.455537 0 0 0 502.388 140.638 0.792492 0 0 0 1
5 111 110 517.628 160.208 0.339428 478.071 132.616 0.720062 461.956 156.518 0.67559 442.179 215.656 0.883607 454.356 247.818 0.693018 494.777 105.017 0.650145 518.262 155.861 0.606213 539.552 181.118 0.712615 381.963 164.368 0.708986 417.628 245.458 0.849569 430.658 314.332 0.858591 400.215 163.479 0.360398 448.257 224.563 0.254593 438.372 284.137 0.116808 516.94 153.028 0.432231 0 0 0 500.423 138.463 0.763682 0 0 0 1
5 111 111 515.885 158.467 0.327714 476.329 131.744 0.757701 459.134 155.001 0.697985 433.7 215.423 0.877859 443.269 252.171 0.803528 493.69 104.585 0.692648 517.397 154.563 0.672677 539.785 181.12 0.775479 381.733 163.709 0.704795 418.504 243.726 0.761939 430.673 313.907 0.800003 404.346 163.478 0.333046 448.048 225.213 0.205683 441.19 285.213 0.1 514.984 151.078 0.383595 0 0 0 498.028 136.077 0.690057 0 0 0 1
5 111 112 513.931 156.73 0.40028 474.154 131.085 0.747809 455.229 153.486 0.724782 426.515 214.544 0.846592 432.836 255.649 0.643257 492.389 104.584 0.652715 516.527 153.254 0.624407 540.011 180.908 0.738959 381.078 162.407 0.686919 418.501 241.772 0.578484 430.462 313.259 0.798686 406.737 163.258 0.300216 448.482 223.692 0.229033 443.151 285.863 0.149519 512.594 149.558 0.471697 524.203 154.402 0.175783 494.78 133.257 0.800215 0 0 0 1
5 111 113 510.886 154.977 0.340832 471.968 130.209 0.747659 451.101 151.747 0.680358 418.478 212.151 0.80317 421.734 257.175 0.651714 491.088 104.582 0.652655 515.454 151.736 0.70387 540.238 180.697 0.770529 380.424 160.88 0.704713 417.841 240.028 0.43892 430.241 312.398 0.788411 409.128 162.603 0.29634 448.275 221.948 0.635407 444.683 286.511 0.504668 509.329 147.604 0.400452 519.186 152.049 0.1 491.309 130.443 0.719843 0 0 0 1
5 111 114 507.406 153.243 0.386221 469.792 128.691 0.753034 446.751 149.142 0.729317 411.511 208.679 0.902119 411.086 256.524 0.852324 490.644 104.575 0.624721 515.232 150.641 0.755748 540.452 180.477 0.761443 379.547 159.573 0.658195 417.393 239.577 0.331509 430.017 311.959 0.717911 411.738 161.949 0.395667 449.142 219.134 0.597645 445.56 285.637 0.475337 505.624 146.297 0.439557 514.169 149.695 0.1 487.611 127.842 0.715253 0 0 0 1
5 111 115 502.405 151.515 0.356857 467.398 127.169 0.752694 442.399 146.531 0.734809 404.341 204.115 0.876851 401.515 251.74 0.765853 490.195 105.006 0.654218 514.791 149.342 0.804515 540.67 180.261 0.797239 378.884 158.485 0.626565 415.864 237.622 0.603473 429.142 311.089 0.752986 413.692 161.291 0.43826 448.48 217.396 0.616641 445.116 285.423 0.515702 500.405 144.994 0.384686 509.152 147.342 0.166405 482.838 125.666 0.656817 0 0 0 1
5 111 116 498.275 149.553 0.338867 464.784 125.641 0.787976 437.185 143.928 0.746914 397.607 199.973 0.854946 392.803 247.395 0.756668 489.755 104.788 0.641092 514.137 148.472 0.838533 540.89 180.248 0.806844 378.657 157.83 0.627234 414.138 236.96 0.473446 427.392 310.014 0.730364 417.602 160.635 0.488786 448.486 216.095 0.83105 444.57 284.772 0.692598 496.266 142.827 0.338529 504.134 144.988 0.143336 478.715 123.711 0.680896 0 0 0 1
5 111 117 493.709 146.731 0.318623 461.518 123.907 0.811981 431.755 141.539 0.764134 390.862 194.545 0.844745 384.544 241.523 0.754751 488.239 104.346 0.603581 512.612 146.512 0.873243 539.802 178.507 0.802772 378.438 158.05 0.613157 412.175 235.871 0.737805 425.436 309.581 0.794291 421.298 160.635 0.457544 447.4 214.792 0.856975 444.132 283.689 0.740309 491.482 140.66 0.321086 499.136 142.594 0.129253 474.359 121.536 0.720557 0 0 0 1
5 111 118 488.493 144.131 0.418137 458.255 121.948 0.829922 426.537 137.842 0.764924 384.984 188.684 0.856595 377.589 236.081 0.701578 486.727 104.119 0.658137 511.524 144.994 0.836028 539.379 178.066 0.798267 378.013 158.049 0.573361 409.992 234.361 0.684746 422.398 308.928 0.751445 421.082 159.984 0.504788 447.177 213.057 0.880483 443.913 282.396 0.761582 486.051 138.697 0.373409 493.985 140.283 0.197432 469.356 119.359 0.62351 0 0 0 1
5 111 119 482.827 141.961 0.588713 454.776 119.349 0.878729 421.11 134.147 0.730886 379.337 182.162 0.835027 371.073 230.651 0.715366 484.999 103.676 0.701491 510.003 143.69 0.824002 538.716 177.626 0.791895 378.011 159.141 0.583277 406.297 233.484 0.781752 418.909 308.71 0.817197 420.866 159.986 0.560802 445.871 213.065 0.900606 443.48 281.74 0.802095 479.323 136.309 0.529102 488.242 136.967 0.355111 463.064 116.761 0.651343 0 0 0 1
5 111 120 475.653 139.786 0.494415 450.862 116.749 0.878632 415.237 130.447 0.679693 374.548 176.944 0.751755 366.069 225.865 0.731687 483.474 103.462 0.74786 509.13 143.686 0.810781 537.407 177.837 0.810271 378.017 161.306 0.600841 401.306 234.555 0.834968 414.986 308.705 0.815245 421.076 160.862 0.571835 445.855 212.207 0.858724 443.048 281.097 0.774866 471.503 133.48 0.523817 481.486 133.938 0.34716 456.747 113.941 0.600693 0 0 0 1
5 111 121 468.477 137.815 0.337715 447.165 114.359 0.875794 409.588 126.75 0.692236 369.57 172.173 0.758323 362.372 220.867 0.743881 481.952 103.029 0.760297 507.392 143.482 0.786547 535.437 178.049 0.782627 378.234 163.693 0.611068 397.387 235.415 0.858558 409.972 308.271 0.799558 422.155 161.946 0.626841 445.854 212.855 0.876712 442.818 280.443 0.779539 464.116 130.877 0.356167 474.33 130.903 0.153652 450.217 111.983 0.535906 0 0 0 1
5 111 122 461.52 134.788 0.562812 443.263 111.757 0.878636 404.155 122.618 0.666603 365.864 168.479 0.785839 359.344 217.166 0.781342 479.561 102.382 0.787369 505.205 143.261 0.806781 531.739 178.048 0.816224 378.45 166.728 0.607739 393.044 236.708 0.832949 404.107 307.835 0.837116 423.021 163.685 0.688909 446.054 214.364 0.887399 442.376 280.01 0.7899 456.946 128.275 0.542715 467.163 127.862 0.319559 443.471 110.235 0.605622 472.703 109.843 0.138603 1
5 111 123 454.349 131.744 0.58263 438.911 109.578 0.867805 398.934 118.7 0.75429 362.18 164.998 0.795942 357.599 213.91 0.846603 476.299 101.943 0.840068 501.513 143.054 0.768933 527.823 179.351 0.82267 378.881 169.339 0.729733 388.274 236.497 0.826546 397.375 307.41 0.831653 423.672 165.637 0.745263 445.846 215.877 0.859967 442.145 280.01 0.807458 449.345 125.445 0.523799 460.206 124.815 0.384632 436.525 108.27 0.577139 466.643 108.471 0.166119 1
5 111 124 448.04 128.495 0.719232 434.133 107.62 0.87733 393.283 115.013 0.7454 358.695 162.608 0.816025 355.877 211.947 0.893174 472.613 101.08 0.912839 497.173 143.269 0.837656 522.391 180.866 0.731539 378.882 172.157 0.739439 384.15 238.023 0.864381 390.855 307.413 0.802343 424.107 167.806 0.713726 445.64 217.389 0.839248 441.928 279.579 0.801233 442.609 122.615 0.673794 453.689 122.189 0.649925 429.994 106.313 0.645223 460.583 107.1 0.36153 1
5 111 125 441.079 125.686 0.651934 429.352 106.1 0.925898 387.842 111.964 0.763195 355.861 161.079 0.865102 354.374 210.417 0.89052 468.056 101.08 0.895649 493.034 143.923 0.829514 516.298 182.618 0.806362 377.796 174.765 0.740749 379.36 239.981 0.780806 384.125 307.415 0.815625 423.461 170.418 0.761707 445.629 218.69 0.822018 441.925 279.795 0.804002 435.439 120.644 0.700087 446.526 120.211 0.660625 423.033 104.363 0.563562 454.523 105.729 0.403166 1
5 111 126 433.041 123.517 0.617039 424.364 104.576 0.930939 382.621 108.709 0.772383 352.606 159.766 0.867679 353.506 209.115 0.904694 464.359 101.293 0.847179 488.692 145.887 0.833858 510.213 186.743 0.824201 376.495 176.726 0.785794 374.146 241.071 0.711322 377.384 308.059 0.798336 422.808 172.382 0.772993 445.411 220.215 0.874779 441.925 280.008 0.797697 427.613 118.244 0.670283 439.343 117.823 0.606771 415.642 102.624 0.574407 448.463 104.357 0.443276 1
5 111 127 425.211 121.557 0.584177 419.358 104.137 0.897483 376.962 107.189 0.846219 349.352 159.539 0.906956 353.069 208.246 0.90769 460.435 101.736 0.898412 483.685 148.717 0.823966 501.735 190.652 0.819264 375.184 179.765 0.762321 368.94 243.671 0.797157 371.518 308.931 0.81133 422.15 174.774 0.748924 445.204 221.958 0.883676 441.709 280.224 0.80635 419.146 115.427 0.553826 431.299 115.214 0.60601 408.458 100.667 0.535103 441.74 102.832 0.47811 1
5 111 128 416.736 119.6 0.571154 413.918 103.919 0.935041 371.517 106.092 0.775085 346.304 160.63 0.881664 352.418 207.805 0.911203 455.427 101.966 0.857367 478.244 151.537 0.883514 491.955 194.785 0.853623 373.236 181.716 0.741568 364.373 244.547 0.809748 365.871 310.018 0.796365 420.851 176.736 0.75432 445.218 223.691 0.856924 441.707 280.444 0.820531 411.094 112.829 0.551846 422.834 113.466 0.570367 401.057 99.5724 0.511496 435.436 102.178 0.498097 1
5 111 129 408.256 116.986 0.70656 408.483 104.779 0.904082 365.869 105.234 0.832063 343.04 160.422 0.886957 351.118 206.934 0.914499 450.201 103.27 0.853685 471.501 154.363 0.850653 481.305 199.554 0.817444 370.632 183.679 0.759192 359.36 246.291 0.68852 360.443 311.319 0.768436 419.325 179.34 0.806163 444.782 225.638 0.860831 441.706 280.66 0.825896 403.261 110.654 0.64341 414.795 111.298 0.685695 394.009 98.5556 0.606513 428.486 101.296 0.640826 1
5 111 130 399.347 114.391 0.60976 402.613 105.855 0.907374 360.423 105.02 0.828629 339.547 160.201 0.900279 349.384 205.847 0.926513 443.684 104.785 0.887586 464.542 157.833 0.849334 469.36 204.769 0.795019 367.807 186.722 0.76085 354.367 248.463 0.750305 356.104 313.488 0.830959 417.163 182.175 0.803692 444.137 227.816 0.804985 441.706 280.881 0.827202 394.772 108.689 0.486607 406.304 109.543 0.566943 386.96 97.5388 0.453825 421.095 100.637 0.577289 1
5 111 131 390.433 113.077 0.756168 396.096 107.579 0.908137 354.546 106.097 0.802323 334.767 159.981 0.897707 347.198 204.548 0.881195 437.808 106.745 0.788379 457.586 161.964 0.896454 457.402 209.986 0.844091 364.548 190.204 0.755127 350.024 251.08 0.735252 352.619 316.524 0.81654 414.342 185.872 0.849779 442.843 230.006 0.716309 441.919 281.311 0.82245 386.077 106.948 0.652275 397.607 108.017 0.741317 379.912 96.522 0.305698 413.712 100.416 0.810512 1
5 111 132 380.864 111.987 0.674298 389.567 109.548 0.852314 347.585 108.058 0.831796 329.754 161.29 0.900693 344.803 204.115 0.844738 431.07 109.141 0.861294 450.193 166.089 0.872604 445.016 212.597 0.799152 360.64 194.334 0.758824 346.527 254.773 0.718341 349.789 319.786 0.83337 411.506 189.784 0.842402 441.526 233.26 0.685016 442.143 281.963 0.824101 376.739 105.22 0.568345 388.691 106.501 0.63268 372.864 95.5052 0.300359 405.461 100.2 0.680684 1
5 111 133 371.307 111.745 0.781253 382.381 112.584 0.915424 340.188 110.657 0.806363 323.462 162.592 0.803158 341.539 204.116 0.831562 423.24 112.603 0.83939 442.576 169.57 0.838083 433.059 214.56 0.713359 355.863 198.906 0.751649 342.831 258.677 0.795423 348.256 324.128 0.823058 407.151 193.918 0.851143 438.03 235.222 0.679343 442.374 283.034 0.796177 367.608 103.924 0.709975 379.127 105.423 0.777037 0 0 0 397.195 100.217 0.832852 1
5 111 134 361.093 111.735 0.773979 374.341 115.856 0.896676 332.586 113.908 0.841013 317.167 165.859 0.887602 338.268 205.855 0.845908 416.056 116.514 0.853673 433.887 174.781 0.824193 419.59 217.595 0.723746 351.739 203.904 0.715342 339.352 261.068 0.837108 347.813 328.679 0.813587 403.235 198.92 0.812123 435.858 239.137 0.739365 444.324 285.212 0.760831 357.613 103.499 0.793059 369.976 105.424 0.84159 0 0 0 388.494 101.524 0.770378 1
5 111 135 351.308 111.954 0.804789 366.722 120.635 0.936989 324.326 118.463 0.812639 311.503 170.213 0.808983 333.485 209.112 0.886244 407.795 121.52 0.875105 423.883 182.166 0.872537 403.938 221.725 0.680436 346.526 210.2 0.805574 336.091 265.196 0.795599 347.817 332.805 0.827489 398.237 204.784 0.834294 433.685 245.434 0.724516 445.846 288.036 0.730477 347.619 103.927 0.758776 359.772 105.856 0.817554 0 0 0 380.447 103.251 0.893985 1
5 111 136 341.302 113.042 0.816576 358.043 125.197 0.849221 316.502 123.026 0.859306 304.767 175.215 0.904758 327.176 213.469 0.814267 399.108 126.299 0.820383 413.458 188.895 0.833664 388.499 225.864 0.731986 341.325 216.506 0.712591 332.822 270.846 0.798411 348.04 336.937 0.859011 393.02 211.089 0.835142 430.424 252.825 0.732374 446.279 290.856 0.795604 338.478 105.022 0.857472 349.339 106.941 0.880926 0 0 0 371.093 104.999 0.843333 1
5 111 137 330.652 114.783 0.842181 349.782 130.196 0.900147 308.245 127.817 0.861603 298.034 180.656 0.841922 319.781 219.783 0.821152 390.409 131.725 0.810697 403.464 195.633 0.752158 373.071 229.996 0.772648 335.888 223.68 0.733355 329.566 277.148 0.767653 348.483 340.42 0.850899 387.147 218.043 0.782202 424.764 262.821 0.708815 446.506 290.634 0.83087 328.685 106.758 0.765374 338.683 108.682 0.746938 0 0 0 361.313 106.968 0.843342 1
5 111 138 320.215 117.389 0.845399 341.084 134.555 0.870653 300.415 132.604 0.853312 291.296 186.745 0.861712 311.944 227.602 0.743808 381.068 136.503 0.829478 393.474 201.278 0.792943 358.946 232.181 0.791489 330.232 230.636 0.755569 326.959 282.812 0.729158 349.135 343.473 0.862122 380.412 224.569 0.813539 418.038 272.828 0.720983 445.204 290.851 0.720918 318.466 108.719 0.733545 328.246 110.847 0.797454 0 0 0 351.094 109.37 0.849687 1
5 111 139 309.558 120.214 0.839861 332.387 139.343 0.882334 291.941 136.958 0.874755 284.34 192.4 0.83101 303.243 234.554 0.700607 372.358 141.511 0.841609 384.118 206.709 0.731451 346.327 233.71 0.753246 324.36 236.508 0.742927 324.566 288.252 0.753857 349.785 346.085 0.910397 373.232 230.432 0.691781 408.039 280.869 0.399963 436.51 298.229 0.225793 308.464 111.116 0.74293 317.598 113.248 0.870295 0 0 0 341.088 112.203 0.871182 1
5 111 140 298.69 122.825 0.765893 323.681 144.133 0.936974 283.681 141.317 0.845795 278.245 198.487 0.842875 294.765 241.511 0.757739 362.8 146.5 0.867716 374.122 212.145 0.802542 333.937 235.668 0.778002 317.849 241.727 0.72407 321.95 292.819 0.793903 350.439 347.825 0.91155 366.058 235.426 0.728133 396.951 287.818 0.381158 426.728 305.406 0.185478 298.029 113.284 0.35755 306.08 115.642 0.854492 0 0 0 330.434 115.251 0.798829 1
5 111 141 287.827 125.438 0.871952 314.993 148.91 0.85927 275.426 145.444 0.917144 271.726 203.695 0.869362 286.282 247.379 0.681404 353.882 151.079 0.847313 364.768 217.583 0.837549 320.894 240.01 0.802512 311.978 246.717 0.71461 319.562 296.743 0.825231 351.316 348.687 0.922621 358.892 240.21 0.733211 385.214 293.908 0.809419 416.73 312.359 0.321741 287.598 116.54 0.39188 295.206 118.688 0.867236 0 0 0 319.778 118.714 0.830818 1
5 111 142 276.944 127.406 0.914242 306.518 152.821 0.877696 268.033 148.708 0.829329 265.857 208.034 0.759087 277.803 252.615 0.765677 345.191 155.652 0.766015 354.992 223.666 0.804171 309.802 245.017 0.824243 306.319 249.973 0.782576 311.294 298.487 0.772866 351.385 348.633 0.929062 352.596 244.339 0.739112 374.782 302.821 0.839878 408.024 318.894 0.41403 276.416 118.923 0.485826 284.109 121.3 0.819957 0 0 0 308.484 121.972 0.801663 1
5 111 143 266.081 129.793 0.867298 298.684 156.516 0.828501 260.428 151.972 0.889871 259.548 210.212 0.895733 268.461 256.31 0.826854 336.277 160.216 0.853465 345.646 228.671 0.806261 299.142 250.46 0.796195 299.794 253.019 0.723923 306 300.812 0.739886 351.283 348.53 0.837481 345.638 248.033 0.685055 362.615 308.041 0.643714 395.867 324.766 0.465195 265.234 121.307 0.279163 272.388 123.265 0.816956 0 0 0 297.619 124.364 0.781888 1
5 111 144 256.077 133.04 0.918669 290.431 159.989 0.916864 253.47 154.361 0.822622 252.81 212.173 0.75052 259.12 259.792 0.791081 327.374 164.349 0.831008 337.821 232.796 0.799017 290.667 255.462 0.782989 294.354 254.976 0.699031 303.026 302.411 0.657764 351.228 348.372 0.666824 339.552 251.294 0.665268 349.787 310.219 0.603587 384.567 329.77 0.591869 254.053 123.69 0.193738 261.944 125.876 0.839108 0 0 0 286.107 127.624 0.770538 1
5 111 145 245.87 135.421 0.890201 282.811 163.477 0.899723 246.733 156.966 0.870692 246.503 214.357 0.811572 249.776 262.835 0.738691 318.243 169.352 0.849851 330.635 236.499 0.742662 284.145 259.802 0.762665 290.865 257.792 0.71252 302.371 303.073 0.481575 351.226 348.366 0.467681 333.687 254.555 0.660538 337.619 311.524 0.599376 370.651 342.058 0.694675 242.871 126.073 0.16601 251.728 128.056 0.808004 0 0 0 275.669 131.095 0.872809 1
5 111 146 237.171 138.029 0.866004 274.988 167.392 0.935422 240.433 160.007 0.872946 239.543 216.095 0.850131 239.997 263.269 0.771129 309.552 174.789 0.748345 323.245 240.206 0.704391 278.926 264.369 0.772016 286.305 259.543 0.578994 301.068 303.724 0.109416 351.21 348.355 0.1 327.384 257.817 0.669001 326.529 310.658 0.719133 352.816 364.669 0.790733 238.718 119.412 0.0892847 243.026 131.312 0.868816 0 0 0 265.884 135.218 0.816852 1
5 111 147 228.481 141.296 0.901981 267.819 171.955 0.838159 234.141 163.263 0.874639 232.591 218.046 0.778814 229.58 262.196 0.804519 301.075 180.656 0.815 315.846 244.563 0.742863 273.266 271.114 0.844995 281.521 261.502 0.649302 299.327 305.016 0.1 350.985 348.127 0.1 320.868 260.862 0.739391 314.781 313.696 0.605362 335.422 378.144 0.792098 226.984 131.119 0.0603545 233.894 134.794 0.869875 0 0 0 256.525 139.79 0.823653 1
5 111 148 220.879 144.983 0.845138 260.651 176.313 0.859701 228.71 167.601 0.899829 225.426 220.214 0.85093 218.924 261.979 0.794065 292.389 186.522 0.758557 308.244 250.005 0.739877 267.617 279.59 0.865558 276.524 264.985 0.653065 296.283 307.189 0.1 349.901 347.912 0.1 314.562 265.645 0.725063 304.999 319.573 0.585115 325.644 385.547 0.831783 0 0 0 225.632 138.924 0.805313 0 0 0 246.967 144.137 0.7965 1
5 111 149 213.276 149.542 0.909777 253.703 181.315 0.866481 223.489 171.957 0.833754 217.608 221.962 0.774578 206.753 261.762 0.719127 284.128 192.61 0.768359 301.069 255.006 0.812966 262.626 288.717 0.760818 271.519 269.335 0.535554 290.634 312.622 0.583031 348.165 348.131 0.848007 307.828 270.87 0.642907 296.521 326.748 0.246078 316.513 394.464 0.1 0 0 0 218.446 143.493 0.781179 0 0 0 238.268 148.703 0.761629 1
5 111 150 206.103 154.315 0.761932 247.171 186.529 0.815599 218.708 176.306 0.790994 210.442 223.708 0.845308 194.813 261.109 0.750835 275.441 199.341 0.759689 294.111 261.304 0.769852 258.703 297.413 0.682787 266.304 273.907 0.544091 280.85 317.619 0.546177 345.118 348.783 0.819215 301.099 276.312 0.591616 288.689 333.265 0.20961 307.379 403.377 0.175041 0 0 0 210.616 147.623 0.840998 0 0 0 229.786 153.92 0.805433 1
5 111 151 198.935 159.309 0.739807 240.654 191.752 0.896151 213.713 181.307 0.824389 203.264 225.674 0.765745 183.93 259.582 0.782813 267.391 205.432 0.740727 287.37 267.393 0.775553 253.266 306.327 0.799489 261.305 279.775 0.565618 278.46 325.442 0.489373 340.709 350.431 0.783885 294.575 282.401 0.573801 281.517 338.921 0.459668 296.94 412.942 0.387481 0 0 0 203.448 152.188 0.719084 0 0 0 221.955 159.132 0.870905 1
5 111 152 191.977 163.66 0.819506 234.137 196.959 0.835098 209.364 185.657 0.812549 197.178 226.979 0.850022 174.367 257.194 0.821004 258.705 211.302 0.755604 280.842 272.616 0.755702 248.497 313.718 0.849118 255.649 285.648 0.624298 271.151 332.254 0.195547 334.938 353.075 0.644691 287.61 288.49 0.68484 274.339 346.96 0.741751 287.37 421.423 0.129923 0 0 0 196.28 156.753 0.775777 0 0 0 213.697 164.135 0.838653 1
5 111 153 184.583 167.155 0.647957 228.05 201.093 0.844317 205.89 190.006 0.78076 191.097 227.63 0.865764 167.177 253.71 0.851698 249.78 216.306 0.698773 273.882 276.53 0.774368 243.932 320.669 0.776174 252.824 290.649 0.595683 267.607 339.569 0.145849 327.807 356.716 0.585784 279.351 294.139 0.734063 267.825 356.083 0.780389 279.11 436.422 0.146516 0 0 0 188.898 160.885 0.749892 0 0 0 205.648 168.058 0.76177 1
5 111 154 177.835 171.73 0.656727 221.529 205.435 0.868772 200.456 193.925 0.711071 185.197 227.037 0.865837 160.614 248.941 0.845753 241.731 221.299 0.75722 265.856 280.448 0.76987 238.279 326.976 0.803297 243.695 295.653 0.628539 253.91 346.299 0.363952 318.124 361.935 0.254075 271.081 299.785 0.739301 261.729 364.783 0.745315 274.436 440.986 0.224007 0 0 0 181.952 165.669 0.682324 0 0 0 198.474 173.049 0.843506 1
5 111 155 169.586 175.642 0.723945 214.357 209.13 0.821056 194.581 197.399 0.72952 179.296 226.445 0.821845 154.051 244.172 0.883247 233.036 225.639 0.699245 257.802 284.573 0.785089 231.543 333.273 0.783884 234.785 300 0.551665 239.769 352.824 0.174069 305.957 368.903 0.1 262.824 304.126 0.691797 257.369 373.039 0.686323 273.349 435.115 0.186497 0 0 0 173.917 169.366 0.764189 0 0 0 190.648 177.386 0.83331 1
5 111 156 162.413 179.781 0.780946 207.183 212.389 0.871031 188.051 200.661 0.69118 173.396 225.852 0.729526 147.488 239.402 0.774692 224.556 229.125 0.741088 249.333 288.923 0.757667 224.801 338.477 0.826422 226.089 304.563 0.561029 224.771 359.562 0.27937 291.826 377.813 0.1 255.43 308.259 0.631937 255.406 377.176 0.610007 273.786 440.659 0.192654 0 0 0 166.741 174.14 0.729338 0 0 0 184.123 180.861 0.745068 1
5 111 157 154.146 183.486 0.560654 199.357 215.646 0.799786 181.308 203.923 0.664819 167.495 225.26 0.474591 140.925 234.633 0.655978 215.646 232.605 0.781128 240.426 292.185 0.860572 217.188 342.6 0.794711 217.606 308.688 0.415295 210.203 365.863 0.286804 275.525 388.459 0.165197 248.256 311.525 0.638424 254.526 380.216 0.685186 274.442 447.83 0.343531 0 0 0 158.915 178.042 0.594545 0 0 0 176.515 184.552 0.787701 1
5 111 158 146.098 187.188 0.747563 191.954 218.472 0.798853 173.703 207.391 0.621013 152.605 191.697 0.061157 0 0 0 206.086 236.519 0.736204 231.516 296.749 0.729345 209.567 346.731 0.809268 209.124 313.029 0.561891 198.678 369.777 0.57758 258.125 400.854 0.1 241.724 314.997 0.630243 252.793 382.827 0.530561 275.314 453.478 0.1 0 0 0 150.238 181.526 0.781285 0 0 0 168.26 188.023 0.745513 1
5 111 159 137.607 190.877 0.618549 183.477 221.514 0.786902 165.873 210.876 0.639174 142.791 189.771 0.0529914 0 0 0 197.169 239.779 0.765926 221.746 300.015 0.749168 200.653 351.08 0.771393 200.422 317.38 0.638669 189.999 374.995 0.821128 242.047 413.258 0.530703 234.325 318.477 0.646855 250.836 386.307 0.733894 276.19 459.133 0.203519 0 0 0 141.34 185.008 0.678787 0 0 0 159.347 191.285 0.789018 0
5 111 160 128.91 194.368 0.790859 175.648 224.346 0.805588 161.522 212.183 0.634728 0 0 0 0 0 0 187.398 243.257 0.730962 212.399 303.928 0.807485 190.88 355.86 0.82171 190.644 321.296 0.663023 179.993 379.132 0.83865 227.477 424.708 0.744539 226.495 321.745 0.681103 247.8 389.787 0.703683 277.066 464.782 0.1 131.194 185.869 0.0961086 132.433 188.92 0.767109 0 0 0 149.791 194.758 0.726586 0
5 111 161 120.426 198.068 0.63229 167.161 227.607 0.806597 153.043 216.311 0.538839 0 0 0 0 0 0 178.695 246.3 0.746677 202.404 308.052 0.750424 181.739 360.851 0.782735 181.951 325.21 0.664945 172.599 384.125 0.809357 214.008 435.008 0.837076 218.896 324.792 0.68466 242.153 393.488 0.722754 276.194 466.297 0.38 0 0 0 123.95 192.826 0.696051 0 0 0 141.744 198.012 0.670583 0
5 111 162 111.299 201.975 0.745488 158.68 230.875 0.750786 144.127 220.009 0.52482 0 0 0 0 0 0 170.008 249.988 0.708697 193.497 312.623 0.730352 172.613 364.996 0.758797 170.86 329.774 0.610271 159.769 388.901 0.695602 201.62 443.922 0.840796 211.718 328.487 0.685741 231.935 396.969 0.744032 265.114 464.557 0.464462 115.436 193.749 0.0964549 115.033 196.528 0.802955 0 0 0 132.405 201.492 0.66184 0
5 111 163 102.397 205.668 0.60152 150.216 233.71 0.769633 138.252 222.18 0.55767 0 0 0 0 0 0 160.882 253.474 0.700759 184.797 317.404 0.739275 163.909 369.781 0.838365 164.338 332.825 0.664013 154.768 393.895 0.775216 191.512 451.105 0.853625 204.544 331.532 0.70185 220.85 400.438 0.78915 254.568 465.971 0.453053 0 0 0 106.111 199.997 0.63454 0 0 0 122.618 204.111 0.681433 0
5 111 164 93.9088 209.572 0.562442 143.031 236.97 0.792839 132.825 224.14 0.432131 193.762 230.855 0.308077 197.697 230.923 0.334836 151.971 256.957 0.691572 176.329 321.75 0.7741 156.076 374.572 0.926733 159.549 336.949 0.673317 151.511 400.413 0.753919 184.333 456.541 0.893669 196.934 335.882 0.709528 208.903 405.65 0.730458 244.149 470.532 0.462667 0 0 0 96.9859 203.268 0.620871 0 0 0 112.843 206.95 0.732646 0
5 111 165 85.2195 212.831 0.769995 134.987 240.658 0.800667 127.39 226.744 0.55473 0 0 0 0 0 0 142.412 260.648 0.750847 168.497 325.448 0.834638 148.248 379.576 0.898006 155.203 340.859 0.660378 148.901 407.585 0.688671 178.901 461.551 0.864964 189.323 340.23 0.728458 195.438 412.381 0.801865 236.767 470.861 0.406949 86.1513 197.666 0.101755 88.0851 206.102 0.720004 0 0 0 102.64 210.419 0.637542 0
5 111 166 77.3938 216.312 0.409974 127.806 244.136 0.734143 121.732 229.352 0.469544 0 0 0 0 0 0 133.929 263.917 0.784669 160.885 329.353 0.807181 141.299 384.358 0.91273 149.996 344.122 0.523936 144.332 414.547 0.531673 175.632 465.033 0.485038 181.716 343.711 0.675859 182.616 414.776 0.723406 225.684 469.561 0.739122 0 0 0 79.6088 209.37 0.513686 0 0 0 93.2935 213.472 0.744506 0
5 111 167 69.1409 219.788 0.309745 119.773 248.048 0.708051 115.647 231.75 0.444618 0 0 0 0 0 0 126.526 267.616 0.742613 153.931 333.04 0.844992 134.773 388.924 0.89891 144.136 347.605 0.520599 140.531 419.11 0.512698 174.984 466.335 0.580464 173.459 347.623 0.684101 170.428 416.948 0.748078 215.027 469.125 0.732295 0 0 0 71.5562 212.842 0.435191 0 0 0 84.8119 216.744 0.758004 0
5 111 168 61.7563 223.271 0.200898 112.613 251.749 0.756742 109.352 234.787 0.584399 0 0 0 0 0 0 118.484 271.524 0.876167 147.404 336.515 0.889791 129.566 393.269 0.82804 139.141 350.86 0.435318 138.785 421.062 0.43047 175.189 467.41 0.436304 165.634 351.321 0.694874 158.479 418.697 0.84755 203.942 468.47 0.729917 0 0 0 64.3602 216.527 0.323559 0 0 0 76.9857 220.228 0.831843 0
5 111 169 53.9407 226.959 0.641017 105.223 255.87 0.744648 100.225 239.347 0.516816 0 0 0 0 0 0 111.309 275.441 0.777945 140.657 339.341 0.759483 125.858 395.657 0.840892 136.313 354.339 0.433952 137.265 423.022 0.310269 175.193 468.062 0.452385 157.163 356.312 0.638687 147.606 420.432 0.74827 192.846 467.166 0.690074 0 0 0 56.7448 220.223 0.645149 0 0 0 69.3797 223.918 0.705433 0
5 111 170 46.7577 231.084 0.43089 98.272 259.789 0.733093 95.0033 241.314 0.480157 0 0 0 0 0 0 103.702 280.445 0.826563 134.57 342.386 0.821503 121.51 398.698 0.785989 132.186 358.686 0.506728 130.96 431.283 0.614163 168.444 478.06 0.624185 149.124 361.525 0.645479 139.552 421.95 0.663235 184.364 470.206 0.720452 0 0 0 49.3484 223.923 0.555958 0 0 0 61.117 227.843 0.788968 0
5 111 171 39.9549 235.646 0.595414 91.5353 264.567 0.73054 88.917 244.14 0.504493 80.2003 316.956 0.0502478 0 0 0 96.9631 285.447 0.794531 127.836 346.081 0.839672 117.808 402.817 0.811773 127.19 363.259 0.494152 128.138 433.024 0.1 168.656 478.497 0.1 140.426 367.609 0.602963 131.719 430.421 0.70004 176.308 481.291 0.71979 0 0 0 41.9008 228.371 0.663456 0 0 0 54.3658 232.621 0.681228 0
5 111 172 32.8772 239.997 0.261411 85.4341 269.784 0.80195 82.1783 249.362 0.524712 0 0 0 0 0 0 90.434 290.448 0.778381 121.962 349.988 0.742978 113.899 407.388 0.823382 121.977 370.644 0.480346 125.114 434.986 0.376869 168.662 478.924 0.428856 131.301 375.439 0.590193 124.547 439.128 0.455186 167.397 492.605 0.622172 0 0 0 34.6127 233.366 0.390964 0 0 0 47.4219 237.403 0.810415 0
5 111 173 27.1138 245.444 0.398485 78.489 275.866 0.809468 73.4788 256.317 0.576986 50.3112 303.224 0.31318 39.0779 316.983 0.486235 84.775 295.879 0.761984 115.444 354.773 0.814852 109.336 411.522 0.803432 114.802 377.603 0.441959 121.416 435.861 0.624907 167.58 479.145 0.722021 122.824 382.61 0.56819 117.372 447.178 0.307474 158.683 504.139 0.371061 0 0 0 28.8381 239.01 0.482912 0 0 0 41.7621 243.043 0.796214 0
5 111 174 21.7767 251.099 0.243633 72.6203 281.522 0.813553 67.1728 262.185 0.595306 38.4077 308.712 0.75964 21.9583 322.827 0.1 79.1265 302.187 0.746458 109.129 360.419 0.742044 104.98 416.519 0.700882 107.192 385.43 0.464494 118.157 436.312 0.425848 166.284 478.06 0.377581 114.572 390.649 0.629428 110.196 453.483 0.482707 146.504 516.972 0.627532 0 0 0 23.2822 244.871 0.397375 0 0 0 35.7741 248.826 0.804151 0
5 111 175 16.8845 257.611 0.1 65.6608 288.249 0.81913 60.2195 268.055 0.589334 26.5042 314.2 0.614549 4.83877 328.671 0.395408 73.91 308.909 0.757371 103.044 366.723 0.807968 99.3332 423.257 0.72405 98.928 393.901 0.418604 115.229 440.015 0.621219 162.486 482.733 0.776566 106.745 399.338 0.674626 102.586 464.137 0.820636 137.804 528.931 0.787117 0 0 0 18.1704 250.531 0.1 0 0 0 30.551 255.38 0.746563 0
5 111 176 12.1776 263.948 0.340095 59.7871 294.338 0.736889 53.4771 274.576 0.545375 14.6007 319.688 0.1 0 0 0 68.0505 314.775 0.742708 96.091 371.95 0.784125 93.6837 428.036 0.764769 92.3983 401.51 0.455031 108.818 448.928 0.428351 154.232 493.595 0.747448 99.7833 407.173 0.684781 95.4232 475.226 0.829543 128.903 540.021 0.853217 0 0 0 13.93 257.262 0.484355 0 0 0 25.4364 262.281 0.813506 0
5 111 177 7.47069 270.284 0.28429 53.0427 300.638 0.85499 45.7524 281.751 0.583694 2.69718 325.177 0.258861 0 0 0 62.4034 321.082 0.754331 89.1368 377.613 0.759136 86.7278 433.037 0.819518 85.0104 409.336 0.469368 101.42 457.622 0.469273 145.211 504.675 0.76494 92.8307 415.419 0.675314 88.2445 486.087 0.780566 120.421 551.332 0.853067 0 0 0 10.3525 265.524 0.391413 0 0 0 21.082 268.891 0.785649 0
5 111 178 2.76378 276.621 0.118392 46.4533 307.68 0.753516 37.7946 289.967 0.541934 15.6219 338.49 0.055603 0 0 0 57.0903 327.531 0.738587 82.4904 384.563 0.747497 79.2652 440.077 0.771371 76.0433 418.233 0.462203 94.6388 466.428 0.103333 137.036 514.023 0.734858 87.2546 423.31 0.674836 80.2243 497.437 0.76956 111.402 563.958 0.835844 0 0 0 7.6132 273.353 0.227178 0 0 0 17.3217 276.225 0.1 0
5 111 179 -1.94312 282.957 0.138848 39.8638 314.721 0.801773 29.8368 298.184 0.1 0 0 0 0 0 0 51.7772 333.98 0.77649 75.8441 391.513 0.733078 71.8026 447.118 0.814436 67.0763 427.13 0.528521 87.8573 475.234 0.1 128.861 523.372 0.1 81.6785 431.2 0.647106 72.2041 508.788 0.88997 102.383 576.585 0.823802 0 0 0 4.8739 281.182 0.232174 0 0 0 13.5614 283.559 0.1 0
5 111 180 4.87252 297.345 0.0798548 33.2744 321.762 0.773075 21.879 306.401 0.453292 0 0 0 0 0 0 46.4641 340.43 0.707962 69.1977 398.463 0.760217 64.3399 454.158 0.730265 58.1092 436.027 0.533842 81.0759 484.039 0.302954 120.686 532.72 0.321938 76.1024 439.091 0.637627 64.1839 520.139 0.85853 93.3647 589.212 0.782141 0 0 0 2.13459 289.011 0.163046 0 0 0 9.80102 290.893 0.1 0
5 111 181 4.8832 318.848 0.0589191 26.6849 328.803 0.644791 13.9212 314.618 0.362003 0 0 0 0 0 0 41.151 346.879 0.742882 62.5514 405.412 0.717215 56.8773 461.198 0.781933 49.1422 444.924 0.474723 74.2944 492.845 0.130972 112.511 542.068 0.1 70.5263 446.982 0.655452 56.1636 531.489 0.850205 84.346 601.838 0.815029 0 0 0 -0.60471 296.84 0.107915 0 0 0 6.04068 298.228 0.1 0
5 111 182 0 0 0 21.4883 334.576 0.682358 4.84408 332.613 0.388867 0 0 0 0 0 0 35.2429 350.19 0.707971 54.7007 408.895 0.759367 39.1242 461.814 0.796591 46.9404 446.057 0.527718 70.367 512.615 0.406589 99.7147 571.236 0.322994 68.4672 446.079 0.700225 68.4073 522.333 0.834866 105.666 577.205 0.783494 0 0 0 0 0 0 0 0 0 4.8383 305.218 0.315616 0
