4 1 0 183.279 346.146 0.820981 203.331 376.225 0.846443 168.821 376.95 0.824273 160.314 431.392 0.843808 158.337 476.271 0.802597 235.321 375.944 0.829044 257.07 423.321 0.840654 252.469 465.534 0.797013 196.978 468.771 0.78621 193.213 532.472 0.839515 193.936 598.9 0.82647 237.958 464.055 0.805221 264.505 506.721 0.723281 276.115 550.396 0.78737 182.87 335.302 0.31917 188.057 337.439 0.799453 0 0 0 209.497 340.685 0.795923 0
4 1 1 177.078 347.324 0.842961 198.149 377.497 0.879246 163.957 378.1 0.881761 155.399 433.211 0.787613 153.647 478.348 0.811354 230.238 377.125 0.820979 252.311 425.372 0.879888 247.29 468.234 0.772811 192.411 471.092 0.825713 190.775 534.565 0.826902 193.871 600.105 0.835233 232.811 466.469 0.74883 257.073 511.129 0.766166 273.552 553.557 0.837739 176.552 337.353 0.427046 182.19 339.381 0.81367 0 0 0 203.753 342.306 0.739779 0
4 1 2 170.878 348.502 0.889835 192.967 378.77 0.919847 159.092 379.249 0.893865 150.485 435.03 0.857922 148.957 480.425 0.857131 225.155 378.306 0.861385 247.552 427.424 0.880378 242.111 470.934 0.730698 187.844 473.413 0.784445 188.338 536.658 0.821523 193.807 601.31 0.823251 227.664 468.883 0.754564 249.641 515.538 0.606946 270.988 556.717 0.717998 170.234 339.405 0.764234 176.323 341.322 0.832398 0 0 0 198.008 343.927 0.776544 0
4 1 3 164.677 349.681 0.905242 187.785 380.042 0.881906 154.228 380.399 0.894646 145.571 436.849 0.850581 144.266 482.502 0.839364 220.072 379.486 0.817399 242.792 429.475 0.909548 236.932 473.634 0.806623 183.277 475.734 0.826631 185.9 538.751 0.869953 193.743 602.515 0.857204 222.518 471.297 0.758636 242.209 519.946 0.786789 268.425 559.877 0.78001 163.916 341.457 0.676896 170.456 343.264 0.791454 0 0 0 192.264 345.549 0.865748 0
4 1 4 158.476 350.859 0.894349 182.603 381.315 0.934961 149.364 381.549 0.93359 140.657 438.668 0.804112 139.576 484.579 0.851338 214.989 380.667 0.886558 238.033 431.526 0.906793 231.753 476.335 0.815126 178.71 478.055 0.842712 183.462 540.844 0.918979 193.679 603.72 0.868626 217.371 473.711 0.776215 234.777 524.355 0.787788 265.861 563.037 0.713115 157.598 343.509 0.516024 164.589 345.206 0.854381 0 0 0 186.519 347.17 0.797683 0
4 1 5 153.255 352.59 0.932105 177.817 383.055 0.919015 145.005 383.076 0.905245 135.668 439.979 0.848207 134.806 486.088 0.903043 210.202 382.407 0.880183 233.266 433.482 0.85171 227.395 478.076 0.854025 174.788 480.442 0.770759 180.644 543.017 0.915399 193.458 604.583 0.872305 212.379 475.879 0.816054 227.371 527.624 0.804444 262.385 563.908 0.704987 152.374 345.245 0.316521 159.375 346.933 0.815213 0 0 0 181.516 348.893 0.819974 0
4 1 6 148.023 353.898 0.924552 173.258 384.146 0.882348 140.214 384.17 0.855885 131.32 441.277 0.908788 130.891 487.811 0.857049 206.07 383.495 0.858296 228.475 435.007 0.8623 222.179 480.243 0.768805 169.999 482.397 0.754987 177.615 544.97 0.903093 193.446 605.674 0.87581 207.378 478.057 0.817112 218.689 531.533 0.802615 257.384 565.864 0.574486 147.159 346.983 0.400845 153.949 348.457 0.879776 0 0 0 176.725 350.206 0.793555 0
4 1 7 142.583 355.208 0.874383 168.484 385.231 0.883661 135.437 384.822 0.914043 127.189 441.919 0.839341 127.185 488.691 0.769454 201.725 384.796 0.82365 224.12 436.74 0.854289 216.516 482.189 0.805305 165.211 484.137 0.820714 174.792 546.719 0.89766 195.403 604.369 0.885051 202.163 480.223 0.744954 210.425 536.321 0.82013 248.702 573.478 0.510914 141.731 348.502 0.388338 148.512 349.549 0.953177 0 0 0 171.073 350.861 0.849537 0
4 1 8 137.59 356.73 0.884861 164.35 386.739 0.915926 131.319 385.904 0.893409 122.63 442.576 0.846321 123.268 489.998 0.860364 197.383 386.314 0.839889 219.341 438.486 0.830578 211.078 484.148 0.842379 161.497 486.085 0.802036 172.181 548.686 0.881258 194.545 606.105 0.889968 197.377 482.395 0.775997 203.034 541.306 0.747321 241.309 580.212 0.504397 136.735 350.025 0.357603 143.513 350.633 0.904662 0 0 0 165.853 351.511 0.863282 0
4 1 9 132.807 358.471 0.901116 160.642 388.465 0.885709 127.402 387.422 0.831471 118.29 443.873 0.895346 119.787 491.519 0.912519 193.678 388.047 0.865168 214.342 440.651 0.849415 205 486.092 0.7995 157.793 487.825 0.783689 170.21 550.218 0.852309 194.557 606.97 0.884324 193.025 484.136 0.780783 194.995 544.801 0.756431 233.694 586.301 0.517396 131.951 352.189 0.366574 138.516 352.158 0.8545 0 0 0 161.076 352.598 0.875564 0
4 1 10 128.894 360.208 0.883401 156.521 390.199 0.821984 122.85 389.147 0.829356 114.592 444.755 0.89974 116.522 492.821 0.8956 189.769 389.793 0.786453 210.208 442.823 0.856224 199.771 488.038 0.73294 153.446 489.561 0.84339 167.608 551.941 0.830316 194.133 607.628 0.642826 188.033 485.877 0.758291 187.815 547.835 0.827601 225.217 591.082 0.427461 128.04 353.921 0.24694 134.382 353.685 0.914241 0 0 0 156.947 354.126 0.826637 0
4 1 11 124.131 361.944 0.846982 152.391 391.941 0.833276 118.939 390.881 0.878789 111.1 445.631 0.836561 113.046 494.129 0.819282 185.857 391.539 0.757002 206.302 444.561 0.88563 194.979 489.557 0.80156 149.541 491.732 0.846691 164.568 553.687 0.805581 192.395 608.925 0.661543 183.252 488.038 0.773956 181.303 550.008 0.88574 216.733 595.858 0.756826 123.275 355.662 0.379947 130.675 355.214 0.922514 0 0 0 152.822 355.857 0.817735 0
4 1 12 120.001 363.896 0.898386 148.909 393.474 0.86239 115.455 392.405 0.870007 107.402 446.725 0.838914 110 495.43 0.810915 182.379 393.28 0.805218 202.603 446.303 0.858257 190.627 491.082 0.81931 146.049 493.253 0.804497 161.099 555.64 0.743548 188.476 610.663 0.607953 178.911 489.561 0.795177 176.095 551.749 0.827853 209.553 599.776 0.661714 119.355 357.613 0.418352 126.754 356.958 0.868378 0 0 0 148.698 357.596 0.871119 0
4 1 13 116.088 365.638 0.9691 145.213 395.43 0.894523 111.75 394.356 0.862692 103.706 448.464 0.876599 107.815 497.167 0.855636 178.682 395.441 0.847775 198.264 448.688 0.899798 186.268 493.9 0.8411 141.489 495.427 0.762647 156.757 557.813 0.741168 183.692 612.184 0.628184 174.565 492.168 0.757429 171.969 554.127 0.830673 203.887 605.213 0.70353 115.651 359.55 0.332042 122.402 358.699 0.844059 0 0 0 144.777 359.345 0.773131 0
4 1 14 112.18 367.596 0.930271 141.515 398.035 0.868436 107.628 396.74 0.871452 100.221 451.289 0.849083 105.415 499.352 0.765185 174.778 398.263 0.829482 194.34 451.089 0.88184 181.279 497.372 0.883802 136.488 498.259 0.707404 152.191 559.992 0.579011 177.829 614.788 0.42901 169.569 495.641 0.751237 168.497 556.943 0.758956 198.669 611.075 0.5841 111.952 361.297 0.391329 118.274 360.447 0.871757 0 0 0 140.648 361.309 0.801693 0
4 1 15 107.412 369.992 0.917446 137.599 400.854 0.866325 103.931 399.355 0.878233 96.7352 454.558 0.792097 102.163 502.398 0.787471 170.864 401.086 0.81552 190.64 454.344 0.872891 177.363 501.283 0.793087 132.363 501.526 0.743382 148.279 562.397 0.649268 171.539 618.698 0.504847 165.225 499.114 0.753764 166.538 559.112 0.76522 194.981 615.846 0.676246 107.175 363.894 0.401304 114.564 362.837 0.879096 0 0 0 136.311 363.912 0.847704 0
4 1 16 102.843 372.386 0.893616 133.896 403.677 0.899187 100.437 402.392 0.900291 93.257 457.175 0.76079 97.6105 504.12 0.784696 166.734 403.704 0.804514 186.515 457.597 0.838944 173.461 504.113 0.783777 128.458 505.01 0.764815 148.268 563.91 0.79737 169.799 621.73 0.715175 161.101 502.809 0.722217 161.757 562.807 0.749241 187.584 621.284 0.802804 102.817 366.932 0.286617 110.207 365.872 0.85983 0 0 0 132.188 366.951 0.895267 0
4 1 17 98.9141 374.995 0.898099 129.987 406.295 0.865136 96.3003 405.217 0.834973 89.5606 460.65 0.831752 93.4874 505.864 0.821005 163.031 406.528 0.826122 182.604 460.854 0.886801 169.119 507.364 0.81103 123.687 508.493 0.713253 148.708 565.422 0.67829 170.668 621.728 0.646452 156.537 506.287 0.734814 157.204 566.732 0.7025 178.673 627.163 0.780885 99.1005 369.974 0.421722 105.641 368.926 0.863951 0 0 0 128.483 370.212 0.871107 0
4 1 18 94.3502 377.605 0.849077 126.084 409.129 0.832815 91.951 407.819 0.799178 86.0687 464.146 0.817649 90.0142 509.338 0.771607 159.554 409.787 0.823716 178.92 464.119 0.887419 165.421 510.843 0.839727 118.92 512.191 0.693176 148.492 567.164 0.371194 170.658 622.589 0.194067 151.984 509.989 0.762141 153.72 571.506 0.582056 170.639 633.033 0.63972 94.9782 372.161 0.252811 101.733 371.75 0.875155 0 0 0 124.789 373.265 0.770963 0
4 1 19 89.7853 380.657 0.912163 121.744 412.388 0.854051 88.0307 410.652 0.858293 82.5779 467.835 0.826976 86.1069 511.512 0.784256 155.216 413.251 0.807992 175.007 467.382 0.864805 161.733 514.537 0.814204 115.004 516.753 0.706518 147.846 568.913 0.397436 170.867 623.23 0.171783 148.281 514.331 0.749434 150.03 576.516 0.588366 162.384 639.558 0.627806 90.4183 374.559 0.390698 97.8195 374.359 0.830175 0 0 0 120.456 375.669 0.78675 0
4 1 20 85.8738 383.918 0.961509 117.617 415.652 0.882047 83.8985 413.695 0.880278 77.8136 470.876 0.713039 82.3957 513.689 0.758429 150.875 416.726 0.790528 170.656 470.864 0.834013 158.05 518.23 0.783633 109.784 520.885 0.717998 149.364 571.959 0.529978 172.169 621.93 0.744064 143.072 518.906 0.733354 146.109 581.74 0.627095 153.923 646.526 0.560076 86.5099 377.17 0.298794 93.4758 377.403 0.8308 0 0 0 116.54 378.724 0.852294 0
4 1 21 82.1718 386.959 0.883261 113.691 419.114 0.854732 79.3339 416.736 0.847587 73.4592 473.705 0.790637 77.3952 515.871 0.700209 146.744 420.204 0.79535 166.092 474.56 0.873569 153.715 521.916 0.823118 104.14 524.79 0.732725 141.309 575.665 0.662107 173.958 620.575 0.835687 137.845 523.464 0.771468 141.537 587.169 0.742134 145.458 653.266 0.742533 82.8072 379.787 0.52121 89.3466 380.655 0.863502 0 0 0 113.049 381.985 0.875581 0
4 1 22 77.8244 389.993 0.862557 109.566 422.373 0.808777 74.568 419.562 0.814835 69.3239 476.315 0.847923 72.1833 518.049 0.81867 143.043 423.691 0.79103 161.959 478.482 0.872986 149.378 526.926 0.817154 98.9283 528.495 0.68031 133.908 579.801 0.560254 174.939 619.821 0.764602 133.062 527.601 0.741632 136.535 593.255 0.737668 136.994 660.446 0.726964 78.8871 382.83 0.285335 85.2251 383.701 0.937507 0 0 0 108.928 385.234 0.800217 0
4 1 23 73.2556 392.823 0.918171 104.799 424.99 0.859047 70.2221 421.956 0.842572 64.3362 478.699 0.756047 66.0954 519.572 0.747419 138.914 427.164 0.814958 157.829 482.82 0.818524 145.462 531.923 0.802675 95.0164 532.191 0.704224 130.21 583.927 0.301602 175.317 619.017 0.543725 129.146 531.515 0.731595 131.544 598.682 0.748737 128.52 667.41 0.700966 74.1135 386.088 0.359926 81.5128 386.965 0.869604 0 0 0 104.802 388.282 0.809878 0
4 1 24 69.5472 395.425 0.975806 100.881 428.034 0.908538 66.0914 424.558 0.83227 59.3374 480.877 0.748934 60.6657 521.539 0.697748 135.22 430.419 0.853374 153.067 486.733 0.821798 141.118 535.413 0.802146 90.6639 534.797 0.690239 125.213 586.975 0.258062 174.44 617.725 0.410052 125.231 534.344 0.750365 126.331 603.688 0.72359 120.047 674.368 0.776245 70.4127 388.689 0.404341 77.1758 389.783 0.819899 0 0 0 100.886 390.89 0.841407 0
4 1 25 65.8484 398.464 0.952092 96.9634 430.866 0.881813 61.3152 427.173 0.854318 54.1113 484.142 0.79238 56.3125 525.464 0.745707 131.52 433.454 0.842591 148.711 490.432 0.862144 136.551 539.767 0.760884 85.0154 538.059 0.708684 114.134 592.629 0.168354 159.218 623.818 0.1 120.453 537.612 0.783492 124.161 606.948 0.721452 118.963 675.667 0.787088 66.7165 391.085 0.559468 73.0465 391.969 0.843018 0 0 0 96.9637 392.856 0.852447 0
4 1 26 61.2973 401.298 0.889681 92.8323 433.91 0.83845 56.9636 430.222 0.871655 48.8994 486.751 0.739574 51.3037 528.933 0.672037 128.038 436.291 0.78742 144.57 494.353 0.834167 132.417 544.125 0.753762 80.6679 541.102 0.672448 102.827 597.856 0.189335 143.779 630.129 0.1 116.549 540.872 0.737829 121.969 609.983 0.822999 118.306 676.743 0.816467 62.1645 394.343 0.301541 69.131 394.568 0.881687 0 0 0 92.4131 395.246 0.827295 0
4 1 27 57.3831 404.118 0.89517 88.2652 436.526 0.861663 52.8265 433.265 0.880839 43.6809 489.781 0.75223 45.6434 531.1 0.676204 123.27 438.689 0.775038 140.002 497.837 0.776518 128.501 548.909 0.774936 75.6666 544.357 0.677875 91.9621 603.285 0.44792 131.609 635.461 0.1 112.633 544.14 0.725338 120.004 612.594 0.866135 117.649 678.037 0.873129 57.8085 397.588 0.387998 65.4258 397.604 0.923315 0 0 0 88.074 398.055 0.810846 0
4 1 28 53.4616 406.504 0.928058 84.3404 438.916 0.875382 48.4797 435.872 0.807126 38.4577 492.387 0.77148 40.1938 534.572 0.690516 119.347 441.085 0.806143 135.225 501.526 0.808953 123.932 553.7 0.72907 70.4573 546.744 0.672493 81.7425 608.491 0.611545 122.919 640.031 0.135978 107.856 546.753 0.71999 117.178 614.541 0.877285 117.208 678.681 0.875451 53.6803 400.619 0.249579 60.8628 400.638 0.883093 0 0 0 84.363 401.077 0.866906 0
4 1 29 48.8915 408.901 0.901267 79.3479 441.298 0.85069 43.6967 438.273 0.783162 33.9094 495.432 0.739217 34.4347 537.975 0.650755 114.778 443.263 0.841632 130.869 504.348 0.856681 119.148 558.044 0.785696 66.5407 548.7 0.676918 69.5596 611.966 0.583024 114.223 645.025 0.168401 104.375 548.696 0.730046 114.357 616.28 0.789913 116.974 678.686 0.81425 48.8973 403.446 0.182106 56.518 403.043 0.913953 0 0 0 80.228 403.251 0.795189 0
4 1 30 44.1085 411.731 0.910233 74.567 443.913 0.863356 39.3446 440.877 0.845477 28.9798 498.472 0.769877 29.2137 541.3 0.777904 110.214 446.082 0.828167 126.519 507.821 0.780625 115.013 562.396 0.823685 62.1931 551.529 0.682833 67.1765 614.143 0.680517 106.343 650.717 0.223814 100.685 551.088 0.757165 109.14 617.582 0.779701 116.743 678.677 0.820543 43.9044 406.05 0.166323 52.3833 405.22 0.876548 0 0 0 75.6697 405.417 0.769224 0
4 1 31 39.7717 414.992 0.97452 69.9944 446.743 0.900214 35.4137 443.489 0.849234 23.8699 501.518 0.800567 23.8859 544.552 0.76643 105.217 448.903 0.792773 121.95 510.872 0.79969 110.661 564.789 0.782896 58.2757 554.561 0.69374 63.7113 616.749 0.624517 96.8875 657.34 0.1 97.2015 553.695 0.760616 105.44 618.455 0.72958 116.516 678.237 0.802421 39.1193 408.458 0.476577 48.0268 407.834 0.875858 0 0 0 71.1109 407.388 0.807296 0
4 1 32 35.6319 418.037 0.935112 66.0645 449.79 0.860093 31.2992 446.478 0.821974 19.8338 504.62 0.755643 19.8593 548.345 0.608945 100.859 451.085 0.815595 117.381 513.703 0.813373 105.877 567.833 0.80833 53.4957 557.169 0.760989 57.1848 619.571 0.698512 86.9529 664.877 0.382243 93.7176 556.084 0.747763 102.608 619.982 0.681966 115.856 678.456 0.770304 34.587 411.14 0.500114 42.8278 410.868 0.891653 0 0 0 66.3224 409.556 0.841692 0
4 1 33 31.5017 421.086 0.847764 61.072 452.405 0.851911 27.0037 449.411 0.844528 16.0336 507.98 0.1 16.0401 550.943 0.1 95.6444 453.273 0.767927 112.805 516.316 0.826016 101.522 571.086 0.839611 48.0657 560.431 0.735885 48.0438 623.693 0.79347 76.3017 673.787 0.443354 89.3697 559.122 0.766427 100.861 621.722 0.657263 115.634 678.246 0.806712 29.6545 414.124 0.515981 38.4788 414.126 0.935509 0 0 0 61.5418 411.73 0.815472 0
4 1 34 26.1815 424.134 0.882838 56.5179 455.662 0.864872 23.1661 452.721 0.809174 12.8819 511.618 0.1 12.6685 553.436 0.1 91.082 456.099 0.776597 108.249 519.361 0.801476 97.3875 574.126 0.817609 43.5076 563.043 0.678442 41.6249 625.657 0.600009 72.3907 678.575 0.394601 85.6592 561.731 0.750963 99.1137 623.021 0.722483 115.623 678.239 0.775989 24.3341 417.38 0.779576 34.1302 417.445 0.927811 0 0 0 56.7598 414.976 0.818493 0
4 1 35 21.9348 427.274 0.962 51.303 458.484 0.862497 19.3569 455.972 0.770323 10.5884 515.747 0.756517 10.1672 556.479 0.623865 85.6545 458.91 0.855289 103.687 522.176 0.860351 92.6128 577.599 0.792859 38.4971 566.52 0.771012 35.4233 629.355 0.830926 65.0567 685.607 0.708766 81.516 564.561 0.743939 97.5929 624.549 0.702502 115.418 677.162 0.754661 20.0912 419.991 0.61637 29.35 420.204 0.831021 0 0 0 52.8416 417.581 0.889198 0
4 1 36 18.1217 430.528 0.865742 46.0834 461.945 0.842931 15.7753 459.459 0.1 8.0619 519.775 0.1 8.10274 560.831 0.1 80.4295 461.951 0.822146 99.3343 525.432 0.840343 87.606 580.861 0.790965 33.537 569.885 0.740009 29.0046 633.34 0.681634 57.7228 692.639 0.594218 76.9511 567.816 0.752289 94.7771 625.418 0.58536 115.214 676.949 0.512601 16.2885 423.039 0.1 24.1342 422.397 0.863761 0 0 0 47.8332 419.763 0.765892 0
4 1 37 14.5386 433.792 0.721074 41.2969 465.201 0.808087 12.8355 462.931 0.1 5.53536 523.803 0.1 6.47794 563.944 0.1 75.4335 464.99 0.754977 94.7655 528.693 0.76897 83.2551 584.549 0.803596 28.1981 573.152 0.659842 23.0166 637.839 0.344059 50.3889 699.671 0.154094 71.072 571.296 0.708835 83.5728 630.417 0.540331 111.125 678.113 0.564576 12.9136 426.306 0.1 20.104 425.229 0.791189 0 0 0 42.6194 421.953 0.689512 0
4 1 38 12.0293 436.838 0.803011 37.586 468.26 0.789752 10.7657 466.185 0.1 3.00882 527.831 0.1 4.85314 567.058 0.1 70.868 468.247 0.735382 89.9823 531.968 0.776874 78.4755 587.813 0.722736 23.0834 576.411 0.665869 17.4732 642.834 0.415113 43.0549 706.704 0.200273 64.118 574.781 0.627459 72.5871 635.407 0.423361 102.939 680.641 0.527139 10.6177 429.771 0.427663 16.5072 428.266 0.1 0 0 0 38.057 424.345 0.709018 0
4 1 39 9.74518 439.24 0.1 33.8988 470.871 0.753857 8.92006 469.226 0.529002 0.482272 531.859 0.123685 3.22834 570.171 0.118739 66.2997 470.853 0.72599 85.1946 534.151 0.77918 73.6973 590.633 0.671447 18.8348 578.368 0.566873 12.1367 647.718 0.290316 0 0 0 57.8148 577.175 0.595317 64.6443 640.191 0.408842 90.6545 684.783 0.466111 8.55064 433.046 0.1 12.9217 431.31 0.1 4.86751 430.379 0.112673 33.7073 427.178 0.678926 0
4 1 40 7.88373 441.423 0.636316 28.575 473.697 0.814589 7.08641 472.563 0.41988 4.85705 540.012 0.0777511 1.60354 573.284 0.14263 61.5081 473.89 0.786007 80.2004 536.542 0.777691 69.3404 593.89 0.741755 15.0271 580.553 0.1 8.3197 651.627 0.1 0 0 0 51.0809 579.573 0.68034 55.6152 644.971 0.569078 78.3707 688.919 0.704167 6.70742 436.306 0.366392 10.2031 433.921 0.668281 0 0 0 29.7839 430.435 0.651119 0
4 1 41 6.25978 444.243 0.422321 23.4679 476.732 0.70105 5.25276 475.901 0.39825 4.86376 539.99 0.056638 4.89479 584.936 0.0554941 56.2981 477.144 0.79012 75.2012 539.149 0.772173 64.5658 596.282 0.727839 11.439 582.73 0.519679 4.73733 655.11 0.1 0 0 0 44.1196 581.754 0.573585 45.94 649.111 0.595485 66.5226 692.619 0.1 5.47868 439.276 0.122726 8.34288 436.32 0.468327 0 0 0 26.5185 433.92 0.529401 0
4 1 42 5.41663 446.498 0.475225 18.9413 479.087 0.704398 3.41911 479.238 0.409462 0 0 0 0 0 0 51.3366 480.17 0.78199 70.1748 541.244 0.83481 59.714 598.789 0.784988 8.61972 584.445 0.444554 4.80354 658.908 0.20095 4.83926 714.193 0.0782991 36.3301 583.721 0.636248 30.2851 655.146 0.648635 48.6096 698.88 0.1 5.11122 441.967 0.119088 6.54047 438.734 0.527121 0 0 0 23.1203 437.128 0.587785 0
4 1 43 4.57349 448.754 0.432377 14.4147 481.441 0.791128 1.58547 482.576 0.528693 4.87561 537.978 0.0517717 0 0 0 46.3752 483.197 0.786334 65.1484 543.339 0.839155 54.8622 601.297 0.813887 5.80046 586.16 0.501211 4.86975 662.707 0.1 0 0 0 28.5406 585.689 0.639658 14.6303 661.181 0.54202 30.6965 705.141 0.147521 4.74377 444.659 0.11227 4.73807 441.147 0.518138 0 0 0 19.722 440.336 0.614262 0
4 1 44 3.73035 451.009 0.171999 9.88804 483.795 0.655982 0 0 0 0 0 0 0 0 0 41.4137 486.223 0.739997 60.122 545.434 0.793185 50.0105 603.804 0.829521 2.98119 587.875 0.2098 4.93596 666.506 0.110404 0 0 0 20.7511 587.657 0.604924 -1.02456 667.216 0.381367 12.7835 711.402 0.113875 4.37631 447.35 0.1 2.93566 443.561 0.300471 0 0 0 16.3238 443.544 0.1 0
4 1 45 2.88721 453.264 0.36922 5.36142 486.149 0.654731 0 0 0 0 0 0 0 0 0 36.4523 489.249 0.813059 55.0956 547.529 0.819035 45.1587 606.311 0.766901 0.161926 589.59 0.182794 5.00217 670.305 0.119274 4.85544 714.184 0.0672011 12.9616 589.624 0.541277 -16.6794 673.251 0.283152 -5.12957 717.662 0.110464 4.00885 450.042 0.155834 1.13325 445.974 0.515635 0 0 0 12.9255 446.752 0.554437 0
4 1 46 4.87423 455.841 0.0726555 4.85486 491.039 0.413638 0 0 0 0 0 0 0 0 0 31.2695 491.026 0.765944 48.8955 553.61 0.817948 39.0806 606.502 0.784705 4.84836 598.651 0.0812865 0 0 0 0 0 0 17.606 598.641 0.501447 54.7253 649.599 0.734934 103.768 680.948 0.725898 0 0 0 4.87429 446.025 0.135507 0 0 0 4.84125 446.102 0.329689 0
5 111 124 1070.31 54.8396 0.270508 1070.2 68.1562 0.502128 1060.16 68.2351 0.404622 1054.83 83.8285 0.361886 1044.81 99.8118 0.26393 1074.11 68.2718 0.419972 1075.11 87.0682 0.278558 1070.22 99.7638 0.138767 1056.58 99.458 0.376934 1054.57 115.388 0.0723043 0 0 0 1070.21 101.319 0.384858 1068.51 114.167 0.109868 0 0 0 1070.28 54.7181 0.248094 1071.76 54.7164 0.24361 1070.2 54.7576 0.191078 1072.16 54.8542 0.199009 0
5 111 125 1070.27 54.8586 0.343772 1070.16 69.0977 0.578972 1059.2 69.1425 0.485036 1053.86 84.789 0.438736 1042.88 101.741 0.325156 1074.12 69.1832 0.490247 1076.09 88.0694 0.347702 1072.19 101.744 0.215853 1056.53 100.474 0.458592 1052.58 117.471 0.131111 0 0 0 1070.15 102.372 0.458546 1065.6 121.959 0.164498 0 0 0 1070.24 54.7345 0.32047 1070.89 54.7376 0.313089 1070.16 54.7654 0.243355 1072.14 54.841 0.242251 0
5 111 126 1070.24 54.8775 0.256432 1070.13 70.0392 0.547812 1058.23 70.0499 0.455851 1052.89 85.7496 0.384062 1040.95 103.671 0.308432 1074.12 70.0946 0.460403 1077.07 89.0706 0.26988 1074.17 103.724 0.199471 1056.47 101.491 0.452526 1052.64 129.148 0.184463 0 0 0 1070.09 103.425 0.433731 1062.69 129.752 0.218285 0 0 0 1070.21 54.7509 0.234988 1070.02 54.7587 0.224568 1070.12 54.7732 0.209929 1072.13 54.8278 0.193352 0
5 111 127 0 0 0 0 0 0 0 0 0 0 0 0 0 0 0 0 0 0 0 0 0 0 0 0 0 0 0 0 0 0 0 0 0 0 0 0 0 0 0 0 0 0 0 0 0 0 0 0 0 0 0 0 0 0 127
5 111 128 0 0 0 0 0 0 0 0 0 0 0 0 0 0 0 0 0 0 0 0 0 0 0 0 0 0 0 0 0 0 0 0 0 0 0 0 0 0 0 0 0 0 0 0 0 0 0 0 0 0 0 0 0 0 127
5 111 129 0 0 0 0 0 0 0 0 0 0 0 0 0 0 0 0 0 0 0 0 0 0 0 0 0 0 0 0 0 0 0 0 0 0 0 0 0 0 0 0 0 0 0 0 0 0 0 0 0 0 0 0 0 0 127
5 111 130 0 0 0 0 0 0 0 0 0 0 0 0 0 0 0 0 0 0 0 0 0 0 0 0 0 0 0 0 0 0 0 0 0 0 0 0 0 0 0 0 0 0 0 0 0 0 0 0 0 0 0 0 0 0 127
5 111 131 0 0 0 0 0 0 0 0 0 0 0 0 0 0 0 0 0 0 0 0 0 0 0 0 0 0 0 0 0 0 0 0 0 0 0 0 0 0 0 0 0 0 0 0 0 0 0 0 0 0 0 0 0 0 127
5 111 132 0 0 0 0 0 0 0 0 0 0 0 0 0 0 0 0 0 0 0 0 0 0 0 0 0 0 0 0 0 0 0 0 0 0 0 0 0 0 0 0 0 0 0 0 0 0 0 0 0 0 0 0 0 0 127
5 111 133 0 0 0 0 0 0 0 0 0 0 0 0 0 0 0 0 0 0 0 0 0 0 0 0 0 0 0 0 0 0 0 0 0 0 0 0 0 0 0 0 0 0 0 0 0 0 0 0 0 0 0 0 0 0 127
5 111 134 1058.44 70.4134 0.258766 1056.6 82.1869 0.417549 1052.62 82.1973 0.3526 1042.81 99.7908 0.260805 1042.91 115.408 0.160049 1068.27 84.1353 0.359447 1072.1 101.791 0.269584 1068.3 115.478 0.156902 1048.71 115.397 0.229977 0 0 0 0 0 0 1058.52 117.312 0.2286 0 0 0 0 0 0 1056.62 68.5555 0.263455 1058.51 68.5729 0.219594 1056.46 68.5649 0.232514 1066.31 68.5729 0.14656 0
5 111 135 0 0 0 0 0 0 0 0 0 0 0 0 0 0 0 0 0 0 0 0 0 0 0 0 0 0 0 0 0 0 0 0 0 0 0 0 0 0 0 0 0 0 0 0 0 0 0 0 0 0 0 0 0 0 127
5 111 136 0 0 0 0 0 0 0 0 0 0 0 0 0 0 0 0 0 0 0 0 0 0 0 0 0 0 0 0 0 0 0 0 0 0 0 0 0 0 0 0 0 0 0 0 0 0 0 0 0 0 0 0 0 0 127
5 111 137 0 0 0 0 0 0 0 0 0 0 0 0 0 0 0 0 0 0 0 0 0 0 0 0 0 0 0 0 0 0 0 0 0 0 0 0 0 0 0 0 0 0 0 0 0 0 0 0 0 0 0 0 0 0 127
5 111 138 0 0 0 0 0 0 0 0 0 0 0 0 0 0 0 0 0 0 0 0 0 0 0 0 0 0 0 0 0 0 0 0 0 0 0 0 0 0 0 0 0 0 0 0 0 0 0 0 0 0 0 0 0 0 127
5 111 139 0 0 0 0 0 0 0 0 0 0 0 0 0 0 0 0 0 0 0 0 0 0 0 0 0 0 0 0 0 0 0 0 0 0 0 0 0 0 0 0 0 0 0 0 0 0 0 0 0 0 0 0 0 0 127
5 111 140 0 0 0 0 0 0 0 0 0 0 0 0 0 0 0 0 0 0 0 0 0 0 0 0 0 0 0 0 0 0 0 0 0 0 0 0 0 0 0 0 0 0 0 0 0 0 0 0 0 0 0 0 0 0 127
5 111 141 0 0 0 0 0 0 0 0 0 0 0 0 0 0 0 0 0 0 0 0 0 0 0 0 0 0 0 0 0 0 0 0 0 0 0 0 0 0 0 0 0 0 0 0 0 0 0 0 0 0 0 0 0 0 127
5 111 142 0 0 0 0 0 0 0 0 0 0 0 0 0 0 0 0 0 0 0 0 0 0 0 0 0 0 0 0 0 0 0 0 0 0 0 0 0 0 0 0 0 0 0 0 0 0 0 0 0 0 0 0 0 0 127
5 111 143 1046.94 76.7264 0.197325 1044.23 84.2416 0.377977 1040.45 83.1845 0.372755 1028.87 105.091 0.200964 1027.23 117.437 0.0988446 1057.16 86.5285 0.358473 1061.89 110.997 0.180753 0 0 0 1034.15 124.287 0.187982 0 0 0 0 0 0 1052.64 124.979 0.182658 0 0 0 0 0 0 1044.77 73.2854 0.187199 1050.6 72.539 0.174585 1042.5 69.7397 0.162916 1055.27 73.695 0.1544 0
5 111 144 1045.7 77.8708 0.380432 1043.17 85.7934 0.598373 1038.33 84.8944 0.532363 1026.97 106.21 0.385607 1027.89 118.755 0.167615 1055.21 88.2122 0.530333 1059.74 111.938 0.305626 1060.46 120.438 0.144736 1032.36 125.326 0.294914 0 0 0 0 0 0 1050.46 125.96 0.274311 0 0 0 0 0 0 1043.7 74.6933 0.383718 1048.87 74.0778 0.34361 1041.44 71.4936 0.351557 1053.03 75.1592 0.208723 0
5 111 145 1044.45 79.0153 0.300455 1042.12 87.3452 0.503188 1036.21 86.6043 0.450188 1025.08 107.329 0.2594 1025.92 120.642 0.110312 1053.26 89.8959 0.425805 1057.59 112.88 0.254697 1057.3 120.823 0.113703 1030.57 126.365 0.222009 0 0 0 0 0 0 1048.28 126.94 0.204763 0 0 0 0 0 0 1042.62 76.1011 0.302218 1047.14 75.6165 0.276689 1040.38 73.2475 0.235965 1050.8 76.6234 0.213392 0
5 111 146 1043.2 80.1597 0.399754 1041.07 88.8969 0.605352 1034.09 88.3142 0.520708 1023.19 108.448 0.359033 1023.96 122.528 0.20495 1051.31 91.5795 0.485018 1055.44 113.821 0.365537 1054.14 121.207 0.176354 1028.77 127.404 0.305556 0 0 0 0 0 0 1046.1 127.921 0.265273 0 0 0 0 0 0 1041.54 77.509 0.400503 1045.41 77.1553 0.381276 1039.32 75.0014 0.279361 1048.56 78.0876 0.283764 0
5 111 147 1041.95 81.3042 0.424018 1040.01 90.4487 0.637504 1031.97 90.0241 0.533627 1021.29 109.568 0.361541 1022 124.414 0.142961 1049.36 93.2632 0.52101 1053.29 114.763 0.389836 1050.97 121.592 0.132342 1026.98 128.443 0.301963 0 0 0 0 0 0 1043.93 128.902 0.262892 0 0 0 0 0 0 1040.46 78.9169 0.417716 1043.68 78.694 0.406773 1038.26 76.7553 0.315836 1046.33 79.5518 0.288377 0
5 111 148 1040.21 82.3951 0.377203 1038.06 91.9656 0.611406 1029.8 91.5435 0.493215 1019.11 111.094 0.330104 1020.04 126.3 0.178234 1047.82 94.9855 0.463931 1051.34 116.067 0.360793 1047.81 121.977 0.14659 1024.15 129.75 0.304971 0 0 0 0 0 0 1041.75 129.996 0.273155 0 0 0 0 0 0 1038.51 80.0149 0.357118 1041.95 80.0107 0.348134 1036.51 78.2726 0.273671 1044.59 80.8731 0.241462 0
5 111 149 1038.25 83.2713 0.615373 1036.12 93.2756 0.65821 1027.4 93.0539 0.570568 1017.16 111.968 0.397443 1018.08 127.808 0.221514 1046.09 96.2934 0.577071 1049.17 116.721 0.441638 1044.77 122.195 0.183263 1021.76 130.195 0.368135 0 0 0 0 0 0 1038.94 130.657 0.321698 0 0 0 0 0 0 1036.77 81.1073 0.600071 1040.21 81.1082 0.56162 1034.77 79.5804 0.432912 1042.85 81.9596 0.321806 0
5 111 150 1036.29 84.5692 0.50608 1034.36 94.5861 0.600147 1024.79 94.5707 0.532443 1015.41 112.837 0.397949 1016.12 129.11 0.303216 1044.34 97.5946 0.563393 1047.21 116.955 0.322871 1041.51 123.055 0.166361 1019.79 130.631 0.353986 0 0 0 0 0 0 1036.34 131.094 0.310791 0 0 0 0 0 0 1035 82.4152 0.486516 1037.83 82.4212 0.478955 1032.83 81.1005 0.349523 1040.46 83.2672 0.292657 0
5 111 151 1034.53 85.4518 0.415474 1032.41 96.093 0.601342 1021.77 96.088 0.565728 1013.43 114.151 0.366011 1014.15 130.631 0.276936 1042.6 98.8877 0.584201 1045.26 117.401 0.327932 1038.05 124.345 0.140678 1017.83 131.723 0.29999 0 0 0 0 0 0 1034.37 131.977 0.248644 0 0 0 0 0 0 1033.05 83.7133 0.389868 1035.88 83.7186 0.449344 1030.86 82.6062 0.26852 1038.08 84.3514 0.38574 0
5 111 152 1032.58 86.1248 0.569325 1030.25 97.3983 0.749196 1019.16 97.4016 0.664708 1011.48 114.797 0.510978 1012.41 130.845 0.38383 1040.01 99.7472 0.703173 1043.07 117.832 0.375693 1034.79 124.775 0.156403 1015.88 132.158 0.348371 0 0 0 0 0 0 1032.41 132.211 0.277074 0 0 0 0 0 0 1031.09 84.8036 0.597196 1034.12 84.809 0.601639 1028.24 84.1204 0.516054 1035.91 85.2304 0.41178 0
5 111 153 1029.76 86.5758 0.704445 1028.07 98.7048 0.904308 1016.77 98.7036 0.80299 1008.89 115.667 0.704604 1009.16 131.064 0.536251 1037.62 100.828 0.879564 1040.03 118.273 0.583856 1030.87 125.854 0.271793 1013.7 132.39 0.542798 994.009 152.596 0.0851601 0 0 0 1030.02 132.651 0.46901 0 0 0 0 0 0 1028.25 85.4559 0.756386 1031.94 85.4679 0.697331 1024.99 85.4153 0.676646 1033.94 85.8893 0.450525 0
5 111 154 1026.51 87.0113 0.698228 1025.04 99.578 0.869714 1014.8 99.5777 0.729474 1006.5 116.105 0.563729 1006.12 131.276 0.358107 1035.01 101.257 0.812256 1036.78 118.285 0.565561 1027.83 125.2 0.280134 1011.74 132.407 0.471358 993.92 150.653 0.0604244 0 0 0 1027.18 132.871 0.415031 0 0 0 0 0 0 1024.99 85.8933 0.724945 1028.9 85.9097 0.675853 1021.74 85.8532 0.540407 1031.75 86.1285 0.483831 0
5 111 155 1023.25 87.238 0.764951 1022 99.8123 0.849779 1012.62 99.8082 0.761008 1004.32 116.538 0.533977 1003.52 131.488 0.422854 1033.03 101.486 0.77704 1034.81 118.302 0.524949 1024.79 124.549 0.24499 1008.7 132.838 0.514065 996.885 146.278 0.100228 0 0 0 1024.13 133.309 0.45359 1025.21 150.646 0.0563192 0 0 0 1021.73 86.1098 0.779601 1025.64 86.1301 0.751328 1018.49 86.0687 0.553718 1028.93 86.3481 0.49849 0
5 111 156 1020.01 87.6665 0.687895 1019.17 100.037 0.724675 1010.01 100.033 0.676706 1002.16 116.959 0.424285 1001.34 131.486 0.276987 1030.64 101.714 0.620059 1032.83 118.529 0.366412 1021.75 126.284 0.189319 1005.66 133.28 0.434651 993.111 148.953 0.109798 0 0 0 1021.08 134.173 0.383878 0 0 0 0 0 0 1018.68 86.3299 0.69154 1022.39 86.3492 0.663558 1016.09 86.0905 0.504651 1025.88 86.5739 0.333672 0
5 111 157 1017.18 88.3165 0.522886 1016.98 100.465 0.712482 1007.19 100.466 0.68863 1000.2 117.61 0.438278 999.15 132.149 0.297159 1027.61 102.153 0.689489 1030.22 119.617 0.431738 1017.83 128.46 0.261341 1003.28 134.578 0.506315 989.337 151.628 0.181289 0 0 0 1018.25 135.679 0.476607 1007.55 150.653 0.123422 0 0 0 1016.28 86.7566 0.483504 1019.14 86.7732 0.56365 1013.69 86.3169 0.220407 1022.62 87.2092 0.535241 0
5 111 158 1014.57 89.1798 0.396747 1014.8 100.688 0.500505 1005.02 100.688 0.476428 998.242 117.826 0.286529 996.098 133.025 0.1 1024.35 102.374 0.480074 1026.74 120.703 0.276107 1014.14 130.846 0.125035 1001.1 135.655 0.328902 985.563 154.303 0.1034 0 0 0 1015.43 136.757 0.300258 1007.55 148.753 0.0672772 0 0 0 1013.88 87.402 0.391071 1016.09 87.4138 0.383333 1011.09 86.9699 0.196185 1019.17 87.6439 0.292648 0
5 111 159 1011.96 90.0482 0.550477 1012.4 101.336 0.704356 1002.83 101.118 0.622908 994.995 118.705 0.421263 992.396 134.547 0.184366 1021.11 103.459 0.665627 1023.26 122.431 0.413597 1010.23 133.238 0.169937 997.84 137.177 0.398046 981.789 156.978 0.1 0 0 0 1011.95 138.492 0.372805 0 0 0 0 0 0 1011.07 87.8344 0.551385 1013.9 87.8456 0.553221 1008.03 87.4035 0.303343 1016.57 88.2891 0.400248 0
5 111 160 1008.93 91.122 0.62409 1010.01 101.78 0.799654 1000.87 101.348 0.69034 991.956 119.78 0.537505 988.483 136.278 0.265868 1018.08 104.335 0.675836 1020 123.948 0.470685 1006.97 135.203 0.215147 994.792 138.692 0.487654 978.536 159.372 0.1 0 0 0 1008.69 140.214 0.452474 0 0 0 0 0 0 1008.02 88.2757 0.6052 1011.51 88.2864 0.651594 1004.99 87.6384 0.288614 1014.39 88.9437 0.47131 0
5 111 161 1005.88 92.1893 0.677996 1007.4 102.213 0.807202 998.904 101.569 0.748924 988.708 120.653 0.546668 983.714 138.028 0.240202 1015.89 104.996 0.689877 1017.17 125.042 0.438695 1003.72 136.078 0.212388 991.542 139.778 0.510163 975.701 159.382 0.1 0 0 0 1005.43 141.716 0.462544 0 0 0 0 0 0 1004.78 88.7119 0.648963 1008.49 88.7255 0.681382 1002.58 87.8641 0.395751 1012.21 89.8033 0.470419 0
5 111 162 1003.5 93.0474 0.477994 1004.79 102.439 0.698263 996.939 101.792 0.654647 986.097 121.088 0.447599 980.242 139.765 0.257159 1013.92 105.652 0.616307 1014.99 125.91 0.333292 1001.54 136.519 0.196652 988.514 140.203 0.412154 973.097 159.596 0.1 0 0 0 1002.61 142.365 0.340617 0 0 0 0 0 0 1002.6 89.1477 0.419506 1005.67 89.1633 0.519145 1000.63 88.0861 0.159983 1010.24 90.6713 0.426729 0
5 111 163 1001.54 93.4894 0.56431 1002.83 102.869 0.731797 994.544 102.007 0.7305 983.487 121.52 0.608331 976.548 141.499 0.543317 1012.18 106.528 0.718375 1012.81 127.433 0.497778 998.931 139.566 0.321733 985.468 140.854 0.548716 969.831 159.809 0.104525 0 0 0 1000.22 143.669 0.538609 982.208 178.037 0.0939198 0 0 0 1000.84 89.3664 0.521676 1003.72 89.3807 0.616068 998.689 88.302 0.241488 1008.29 91.3141 0.526627 0
5 111 164 999.796 93.9204 0.643011 1000.87 103.298 0.7693 991.516 102.215 0.753334 980.446 122.174 0.679192 972.841 143.45 0.573918 1010.44 107.399 0.743592 1010.64 129.16 0.471201 996.751 142.823 0.249275 982.633 142.168 0.565082 966.789 163.497 0.104211 0 0 0 997.835 145.191 0.54282 986.096 178.085 0.0979966 0 0 0 998.897 89.5744 0.613182 1001.98 89.5891 0.665384 996.73 88.3123 0.300757 1006.76 91.7447 0.595176 0
5 111 165 998.049 94.3456 0.692948 998.914 103.735 0.749022 989.111 102.427 0.723278 977.188 123.261 0.661263 969.352 145.408 0.528317 1008.71 108.47 0.705165 1008.47 130.673 0.372147 994.795 144.781 0.144307 979.362 143.692 0.532717 964.178 167.184 0.128623 0 0 0 995.016 146.503 0.511193 990.957 164.284 0.126244 0 0 0 997.144 89.5736 0.680567 1000.25 89.5912 0.681282 994.135 88.5173 0.312748 1005.25 91.9571 0.575754 0
5 111 166 996.095 94.5656 0.625329 996.962 104.172 0.721126 987.153 102.425 0.671805 973.938 124.116 0.587964 965.662 147.143 0.35476 1007.17 109.341 0.652399 1005.87 131.542 0.372485 992.629 146.519 0.165796 976.087 144.566 0.48216 961.775 170.445 0.149603 0 0 0 991.765 147.814 0.465748 986.752 169.896 0.125836 0 0 0 995.19 89.5757 0.600805 998.498 89.8095 0.627128 991.748 88.5064 0.212996 1003.72 92.1796 0.510429 0
5 111 167 994.137 95 0.786407 994.565 105.459 0.827037 984.764 103.285 0.752886 970.683 125.423 0.784289 962.623 149.317 0.686079 1005.43 110.645 0.784228 1003.9 133.055 0.53623 990.249 148.264 0.304812 972.608 146.307 0.643377 960.241 173.706 0.227271 0 0 0 988.725 149.772 0.666601 982.547 175.507 0.207619 0 0 0 992.806 90.2264 0.786365 996.755 90.4632 0.788768 989.143 89.156 0.369735 1002.18 93.0404 0.599297 0
5 111 168 991.753 95.6547 0.837189 991.96 106.543 0.869857 982.167 104.371 0.859411 968.494 126.29 0.759778 959.795 151.487 0.748899 1003.48 111.301 0.82639 1001.94 134.568 0.613635 988.711 150.004 0.399331 970.21 147.833 0.702273 958.922 177.18 0.323127 945.029 228.961 0.096225 986.754 151.302 0.703676 978.341 181.118 0.246614 0 0 0 990.628 91.3175 0.848287 994.792 91.5547 0.832442 987.181 90.2505 0.492489 1000.43 94.1197 0.608463 0
5 111 169 989.586 96.3122 0.829466 989.345 108.056 0.811223 979.13 105.885 0.822083 965.459 127.814 0.733807 957.182 153.447 0.645736 1001.5 112.393 0.745234 999.331 136.512 0.547872 986.741 152.175 0.350262 966.947 149.792 0.655189 956.958 181.089 0.27811 944.94 236.743 0.0814077 983.927 153.265 0.609564 974.136 186.73 0.206071 0 0 0 988.663 92.4088 0.838239 992.401 92.8453 0.832719 985.216 91.5556 0.530047 998.473 95.2107 0.520167 0
5 111 170 987.63 97.1821 0.771462 986.952 109.575 0.805732 975.884 107.401 0.832469 962.627 128.692 0.808317 954.997 155.178 0.690905 999.33 113.701 0.774669 996.514 138.474 0.550082 984.562 155.445 0.359268 963.671 151.971 0.704596 954.562 186.946 0.331382 943.004 240.659 0.0992159 980.873 155.449 0.694112 970.227 191.078 0.312767 0 0 0 986.71 93.7065 0.719266 990.437 94.1438 0.788381 983.051 93.0636 0.311928 996.293 96.0982 0.557728 0
5 111 171 985.663 98.2649 0.685444 984.564 111.087 0.755255 972.641 108.919 0.675531 959.796 130.205 0.654005 953.028 156.056 0.461912 996.292 114.792 0.801101 993.696 139.994 0.456008 982.607 157.401 0.311055 961.054 153.503 0.619582 952.165 189.769 0.243354 945.011 246.492 0.0619708 978.262 156.968 0.617228 967.616 193.252 0.21688 0 0 0 984.741 95.0133 0.619963 988.271 95.4468 0.679712 980.646 94.5843 0.428323 993.269 96.9791 0.431914 0
5 111 172 983.486 99.3558 0.77393 981.731 112.392 0.874119 969.594 110.432 0.750406 956.539 131.944 0.681545 951.058 157.798 0.650294 993.251 115.656 0.895698 990.878 141.715 0.567326 980.647 158.924 0.386095 957.582 156.329 0.633629 948.91 194.339 0.20996 941.099 244.599 0.0587889 975.219 159.141 0.645033 965.44 196.3 0.187799 0 0 0 982.148 96.5183 0.756772 986.096 96.9495 0.742305 977.389 96.0964 0.458497 990.441 98.064 0.595607 0
5 111 173 980.23 100.233 0.833324 979.11 113.679 0.889206 967.407 111.517 0.782641 954.351 132.818 0.637102 948.244 157.812 0.638091 990.006 116.319 0.818 987.836 142.586 0.515688 977.398 159.578 0.324296 954.983 156.546 0.652539 945.643 191.951 0.218789 0 0 0 972.39 159.786 0.593751 963.473 195.225 0.216623 0 0 0 978.885 97.8122 0.833505 983.258 98.2438 0.793795 974.351 97.6046 0.447156 987.612 99.1468 0.557269 0
5 111 174 976.969 100.894 0.803614 975.868 114.753 0.870327 964.375 112.391 0.786117 952.168 133.254 0.634659 944.989 158.244 0.524604 986.969 116.763 0.78341 984.799 143.454 0.555155 975.005 160.229 0.384843 952.817 156.763 0.653543 942.382 190.653 0.252048 0 0 0 969.996 160.435 0.606956 960.872 195.01 0.323095 946.872 246.542 0.0845821 975.624 98.8997 0.821582 980.211 99.533 0.78419 971.74 98.8963 0.49337 985.001 100.23 0.492246 0
5 111 175 973.697 101.327 0.729391 972.822 115.398 0.804291 961.328 112.826 0.720305 949.991 133.266 0.588372 942.162 157.602 0.491817 984.354 116.979 0.72808 981.959 144.103 0.458869 972.384 159.799 0.279696 950.859 156.332 0.528799 938.479 188.69 0.166589 944.957 207.414 0.0503487 968.027 159.998 0.499048 958.699 193.28 0.194097 0 0 0 972.156 99.7653 0.715444 976.94 100.19 0.759183 969.338 99.9832 0.422544 981.959 100.874 0.506956 0
5 111 176 970.005 101.539 0.801119 970.216 115.613 0.849765 958.297 113.255 0.81541 948.023 133.268 0.752652 939.762 156.298 0.746091 981.961 116.983 0.847872 979.352 144.322 0.614259 969.327 158.929 0.376334 949.121 155.462 0.70646 934.14 185.86 0.170146 0 0 0 966.274 159.347 0.64582 956.729 191.321 0.178758 0 0 0 968.675 99.9777 0.789025 973.468 100.404 0.81434 966.943 100.205 0.616147 978.704 100.888 0.443378 0
5 111 177 966.524 101.54 0.852651 967.823 115.619 0.850644 955.472 113.258 0.827934 945.418 133.272 0.937353 937.596 154.789 0.806749 979.56 116.983 0.904112 977.178 144.322 0.76671 967.158 158.717 0.603548 947.383 155.242 0.800473 930.882 183.686 0.374531 941.081 182.072 0.062285 964.327 159.337 0.780193 954.758 190.235 0.442914 948.607 202.294 0.134053 964.993 99.9738 0.770008 969.993 100.4 0.817438 964.339 100.205 0.153535 975.442 100.684 0.799775 0
5 111 178 963.249 101.761 0.903346 965.221 115.627 0.908619 953.073 113.26 0.830267 943.242 133.051 0.843022 934.993 153.708 0.667143 976.743 116.986 0.971219 975.003 144.109 0.745794 964.993 158.274 0.565115 945.648 154.595 0.768315 928.696 180.867 0.220626 0 0 0 962.372 158.898 0.783524 953.019 188.278 0.211843 946.645 206.506 0.1 961.52 100.187 0.864583 966.735 100.415 0.853792 961.091 100.424 0.401235 972.185 100.687 0.753431 0
5 111 179 959.778 101.772 0.877661 962.398 115.632 0.91675 950.456 113.258 0.854964 940.846 133.258 0.916171 932.172 153.061 0.767096 973.72 117.201 0.93908 972.83 144.099 0.715202 962.595 158.05 0.619524 943.704 154.372 0.802748 925.657 179.559 0.443795 912.407 212.118 0.111885 960.425 158.674 0.806745 951.491 186.97 0.339218 944.683 210.717 0.110608 958.241 100.193 0.771747 963.474 100.419 0.879027 958.049 100.44 0.167438 969.352 100.684 0.744114 0
5 111 180 956.522 101.997 0.907579 959.358 116.279 0.930848 946.989 113.694 0.865389 938.018 133.917 0.86774 928.91 153.933 0.843387 971.753 118.074 0.889558 970.874 144.749 0.765792 960.635 158.92 0.576414 940.881 155.883 0.82593 923.05 180.432 0.436675 911.186 216.617 0.1 957.819 159.979 0.820145 949.097 188.272 0.333862 942.721 214.929 0.1 954.788 100.204 0.808441 960.429 100.429 0.943707 955.006 100.66 0.183353 967.166 100.9 0.870745 0
5 111 181 953.474 102.644 0.834523 956.755 117.369 0.892368 943.94 114.353 0.879504 934.973 135.21 0.843612 925.878 154.164 0.793268 969.587 119.589 0.834721 969.128 144.974 0.717768 958.681 159.364 0.629766 938.708 156.536 0.753995 921.101 181.945 0.354748 909.964 221.116 0.1 955.636 161.282 0.772604 946.054 189.787 0.310129 940.759 219.141 0.1 951.961 100.429 0.741714 957.386 100.657 0.828086 952.607 100.896 0.118967 964.775 101.34 0.848305 0
5 111 182 951.513 103.719 0.860588 954.151 118.895 0.865033 940.677 115.872 0.885663 931.719 137.16 0.838474 923.703 156.545 0.683826 967.633 121.315 0.826486 967.39 146.058 0.79528 958.017 160.668 0.783188 936.308 159.353 0.755843 919.364 186.075 0.440452 908.742 225.615 0.104519 953.459 163.88 0.754007 943.028 193.255 0.443871 938.151 225.766 0.116074 950.003 100.874 0.849523 955.206 101.101 0.847119 950.204 101.548 0.187389 962.596 102.208 0.795296 0
5 111 183 949.56 104.583 0.892238 952.181 120.216 0.865266 938.273 117.39 0.857769 928.676 138.906 0.824643 921.757 159.148 0.68281 965.89 123.045 0.845903 965.649 147.58 0.78636 956.058 163.051 0.776689 933.262 162.39 0.81969 917.835 190.423 0.564242 907.52 230.114 0.184828 950.855 166.488 0.775007 940.627 197.162 0.483167 935.655 231.851 0.160776 948.049 101.318 0.877028 953.044 101.544 0.876666 947.594 101.997 0.173463 960.631 102.864 0.758399 0
5 111 184 947.834 105.232 0.870233 950.017 121.525 0.83665 936.08 118.91 0.859725 925.637 140.652 0.529132 920.014 161.75 0.284376 964.151 124.777 0.842078 964.345 148.67 0.720561 954.77 165.219 0.648734 930.442 165.209 0.699999 917.613 194.342 0.323125 906.761 233.925 0.116431 948.469 169.093 0.703248 938.879 200.858 0.266721 933.701 236.306 0.134558 946.515 101.762 0.90274 951.311 101.984 0.865662 945.207 102.444 0.421059 958.673 103.518 0.679641 0
5 111 185 946.743 105.67 0.834314 948.062 121.972 0.826562 934.101 119.359 0.840159 922.601 141.957 0.568208 918.069 163.492 0.513939 962.628 125.635 0.825784 963.043 149.105 0.668302 954.344 166.746 0.611262 927.62 167.384 0.656874 917.601 198.687 0.332957 906.327 236.613 0.118076 945.873 171.267 0.698506 937.356 204.553 0.422544 932.037 240.507 0.13743 945.429 101.987 0.858257 949.797 102.21 0.822113 942.816 102.661 0.483254 957.158 103.744 0.608531 0
5 111 186 946.291 105.893 0.829127 946.315 122.403 0.834422 932.349 119.791 0.817105 920.429 142.391 0.625926 916.33 164.573 0.527817 961.099 126.071 0.855403 961.09 149.324 0.631018 952.835 166.972 0.535604 924.802 168.048 0.621695 916.942 201.51 0.288451 905.458 238.721 0.1 943.053 172.142 0.671718 935.633 206.512 0.319441 930.226 244.563 0.1 944.975 102.204 0.856124 948.702 102.427 0.821755 940.435 102.878 0.540947 955.645 103.965 0.591154 0
5 111 187 945.641 106.318 0.837394 944.792 122.621 0.830928 930.818 120.005 0.806356 918.903 143.042 0.622907 915.241 165.65 0.533762 959.58 126.715 0.85958 959.355 149.547 0.58031 951.75 168.059 0.510002 922.633 168.706 0.700125 915.64 204.113 0.365529 904.361 240.455 0.143733 940.671 173.016 0.642699 933.891 208.684 0.451124 927.619 248.26 0.166144 944.32 102.214 0.866574 947.833 102.64 0.851087 938.905 102.877 0.551304 954.337 104.183 0.59932 0
5 111 188 945.202 106.747 0.739989 943.487 123.267 0.754839 929.724 120.433 0.705535 917.608 143.913 0.494437 914.594 166.301 0.364098 958.046 127.579 0.7724 957.408 149.773 0.458983 950.873 168.489 0.395737 920.892 169.137 0.520313 915.201 204.559 0.217289 903.213 243.487 0.1 938.714 173.246 0.53431 932.16 209.772 0.273748 926.313 248.258 0.1 943.674 102.428 0.750726 947.185 102.856 0.77037 937.383 103.082 0.386326 952.834 104.614 0.504118 0
5 111 189 944.547 107.391 0.869048 942.184 123.924 0.844972 929.269 120.873 0.851783 916.741 144.784 0.67238 914.366 168.043 0.546162 956.323 128.225 0.810538 955.448 150.643 0.639204 948.926 170.009 0.578256 919.358 170.663 0.675297 914.116 207.816 0.448175 902.065 246.519 0.183051 936.972 174.769 0.663463 930.426 212.598 0.498662 924.226 251.945 0.195461 942.794 102.643 0.897568 946.737 103.279 0.908285 936.077 103.302 0.630932 951.536 105.258 0.592852 0
5 111 190 943.464 107.823 0.823595 941.096 124.136 0.845137 928.84 121.088 0.852235 916.529 144.789 0.627972 914.133 169.548 0.384538 954.798 128.231 0.800677 953.485 151.297 0.721768 946.966 171.516 0.668343 917.846 171.307 0.699979 913.46 208.032 0.397434 900.918 249.551 0.15943 935.243 174.987 0.702033 928.901 212.601 0.508849 923.531 251.072 0.198061 941.492 102.862 0.825462 946.086 103.499 0.866435 934.983 103.512 0.510011 950.444 105.689 0.606151 0
5 111 191 941.955 108.26 0.763581 940.004 124.142 0.821474 928.41 121.307 0.838156 916.321 145.01 0.523349 913.901 170.63 0.41937 953.262 128.234 0.804398 951.535 151.95 0.768867 944.147 172.824 0.754589 916.55 171.959 0.765927 913.021 209.77 0.459029 899.77 252.583 0.177748 933.722 175.223 0.766298 928.671 214.121 0.578686 922.922 250.088 0.220717 939.978 103.3 0.755537 945.008 104.145 0.806553 933.689 104.16 0.412193 949.146 106.127 0.578006 0
5 111 192 940.431 109.127 0.789652 938.493 124.568 0.769371 927.122 121.742 0.767921 916.101 145.224 0.364316 913.68 170.849 0.228996 951.527 128.445 0.827194 950.001 152.389 0.72947 941.971 173.044 0.642749 916.109 171.749 0.666892 912.152 208.908 0.286825 913.612 211.322 0.0658616 932.638 175.009 0.725539 927.81 213.69 0.35223 922.4 248.994 0.106852 938.456 104.378 0.788991 943.698 105.23 0.841052 932.809 105.242 0.46408 947.836 107.205 0.592575 0
5 111 193 938.906 110.216 0.800115 937.176 125.214 0.78964 925.619 122.612 0.729112 915.881 145.653 0.318981 913.457 171.504 0.235384 949.794 128.462 0.864426 948.699 153.25 0.642917 940.438 173.7 0.500542 915.46 172.19 0.633668 911.709 209.339 0.160563 0 0 0 931.56 175.235 0.68776 927.165 214.125 0.193248 921.532 248.878 0.1 936.734 105.67 0.802754 942.185 106.524 0.835555 931.295 106.536 0.577184 946.749 108.288 0.558647 0
5 111 194 937.167 111.312 0.809692 935.657 126.512 0.809881 924.118 123.914 0.774661 915.673 146.517 0.336413 913.44 172.803 0.261766 948.049 129.342 0.916531 947.18 153.905 0.759466 938.907 174.993 0.665056 914.818 172.849 0.722679 911.278 209.348 0.331312 911.717 215.24 0.0592433 930.687 175.671 0.794724 926.086 214.125 0.342809 920.657 248.875 0.1 935.198 106.975 0.798816 940.445 107.828 0.819025 929.993 108.049 0.384367 945.013 109.793 0.676741 0
5 111 195 935.22 112.606 0.814839 934.144 127.805 0.79319 922.616 125.214 0.721492 915.668 147.823 0.263458 913.001 174.543 0.230041 946.318 130.427 0.891775 946.301 154.783 0.677988 937.6 176.5 0.573336 914.385 174.362 0.661339 910.843 210.002 0.14825 0 0 0 930.24 176.756 0.681138 925.211 214.776 0.196418 920.004 249.741 0.1 933.248 108.062 0.776239 938.503 108.915 0.755133 928.466 109.344 0.323379 943.276 111.087 0.663815 0
5 111 196 933.477 113.47 0.936062 932.828 128.889 0.908773 921.111 126.517 0.824049 915.444 148.696 0.284724 912.779 176.066 0.278015 944.358 131.074 0.961384 944.779 155.218 0.826551 935.858 177.152 0.828403 914.17 176.086 0.78936 910.843 211.09 0.284252 0 0 0 930.005 177.843 0.829386 925 216.081 0.354558 920.112 250.495 0.1 931.294 109.137 0.901063 936.758 109.784 0.849214 926.522 110.635 0.457275 941.329 112.164 0.755455 0
5 111 197 931.302 114.334 0.912518 931.307 129.544 0.920749 919.387 127.604 0.847685 914.993 149.359 0.314884 912.554 176.938 0.294206 942.616 131.289 0.939117 943.895 155.433 0.786611 934.353 178.236 0.739561 913.942 177.388 0.793089 910.635 212.606 0.335803 898.078 258.196 0.0992566 929.568 179.136 0.81403 924.13 216.736 0.387105 919.468 251.154 0.123285 928.904 110.012 0.884158 934.802 110.653 0.830881 924.571 111.724 0.597997 939.573 113.03 0.626826 0
5 111 198 928.704 114.768 0.89557 930.217 129.966 0.877848 918.082 128.257 0.802924 914.555 150.013 0.290285 912.344 176.497 0.196774 940.877 131.288 0.877371 942.813 155.437 0.707161 933.482 178.458 0.71473 913.739 177.601 0.763169 910.848 212.386 0.452542 899.482 250.427 0.152084 929.342 179.141 0.825885 923.476 216.302 0.505852 919.032 251.797 0.166684 926.526 111.081 0.836323 932.63 111.514 0.854748 922.83 112.371 0.416094 937.618 113.464 0.616821 0
5 111 199 926.751 115.412 0.858497 928.907 130.401 0.873211 916.778 129.126 0.801543 914.405 150.279 0.286183 912.06 175.722 0.164652 939.127 131.3 0.867626 941.307 156.088 0.732824 933.262 178.455 0.724895 913.944 178.042 0.784782 911.338 212.157 0.394256 899.054 252.382 0.124483 929.116 179.153 0.808117 923.268 215.867 0.413434 918.596 252.441 0.145235 924.785 111.952 0.767462 930.457 112.587 0.839203 920.551 112.861 0.269974 935.446 114.108 0.652208 0
5 111 200 924.857 115.663 0.811879 927.638 130.436 0.809244 915.955 129.388 0.751366 914.255 150.545 0.243439 911.776 174.946 0.145984 936.878 131.203 0.830039 939.748 155.798 0.618486 933.427 178.093 0.695004 914.066 177.908 0.695488 911.828 211.928 0.274393 899.101 252.374 0.1 928.783 178.887 0.725968 922.39 214.267 0.311764 918.16 253.084 0.1 922.672 112.337 0.72594 928.688 112.873 0.785487 918.272 113.351 0.358929 933.1 114.172 0.542764 0
5 111 201 922.962 115.914 0.775824 926.368 130.471 0.791151 915.132 129.649 0.759854 914.104 150.811 0.239934 911.493 174.171 0.122936 934.629 131.106 0.864178 938.188 155.508 0.693664 933.591 177.73 0.742017 914.189 177.775 0.681397 912.318 211.699 0.366805 900.097 248.44 0.100731 928.451 178.622 0.754623 921.512 212.666 0.43641 917.724 253.727 0.148238 920.558 112.723 0.695757 926.919 113.16 0.748047 915.994 113.84 0.271238 930.754 114.237 0.631528 0
5 111 202 921.067 116.165 0.728549 925.099 130.506 0.791339 914.308 129.911 0.773402 913.954 151.077 0.263287 911.209 173.396 0.159353 932.38 131.009 0.892395 936.629 155.217 0.701913 933.756 177.367 0.725751 914.311 177.642 0.732028 912.808 211.47 0.263949 0 0 0 928.118 178.357 0.768554 920.634 211.066 0.280615 921.516 254.314 0.0663369 918.445 113.109 0.608172 925.149 113.446 0.677628 913.715 114.33 0.106214 928.409 114.302 0.651087 0
5 111 203 919.173 116.417 0.236864 923.829 130.541 0.518825 913.485 130.172 0.453012 911.755 154.55 0.0892293 0 0 0 930.131 130.912 0.635405 935.069 154.927 0.38297 933.92 177.004 0.300029 914.434 177.509 0.430475 913.675 203.47 0.0818476 0 0 0 927.785 178.092 0.476912 919.756 209.465 0.131647 0 0 0 916.332 113.495 0.165162 923.38 113.733 0.239572 0 0 0 926.063 114.366 0.290091 0
5 111 204 0 0 0 0 0 0 0 0 0 0 0 0 0 0 0 0 0 0 0 0 0 0 0 0 0 0 0 0 0 0 0 0 0 0 0 0 0 0 0 0 0 0 0 0 0 0 0 0 0 0 0 0 0 0 127
5 111 205 0 0 0 0 0 0 0 0 0 0 0 0 0 0 0 0 0 0 0 0 0 0 0 0 0 0 0 0 0 0 0 0 0 0 0 0 0 0 0 0 0 0 0 0 0 0 0 0 0 0 0 0 0 0 127
5 111 206 0 0 0 0 0 0 0 0 0 0 0 0 0 0 0 0 0 0 0 0 0 0 0 0 0 0 0 0 0 0 0 0 0 0 0 0 0 0 0 0 0 0 0 0 0 0 0 0 0 0 0 0 0 0 127
5 111 207 0 0 0 0 0 0 0 0 0 0 0 0 0 0 0 0 0 0 0 0 0 0 0 0 0 0 0 0 0 0 0 0 0 0 0 0 0 0 0 0 0 0 0 0 0 0 0 0 0 0 0 0 0 0 127
5 111 208 0 0 0 0 0 0 0 0 0 0 0 0 0 0 0 0 0 0 0 0 0 0 0 0 0 0 0 0 0 0 0 0 0 0 0 0 0 0 0 0 0 0 0 0 0 0 0 0 0 0 0 0 0 0 127
5 111 209 0 0 0 0 0 0 0 0 0 0 0 0 0 0 0 0 0 0 0 0 0 0 0 0 0 0 0 0 0 0 0 0 0 0 0 0 0 0 0 0 0 0 0 0 0 0 0 0 0 0 0 0 0 0 127
5 111 210 914.076 133.031 0.243064 917.937 144.372 0.353486 916.85 144.757 0.306466 917.629 162.378 0.0510034 0 0 0 924.603 146.323 0.376675 927.759 167.894 0.2034 930.189 190.563 0.136152 921.551 178.083 0.199539 921.547 191.723 0.0554108 0 0 0 925.042 178.065 0.244647 923.489 191.75 0.0571091 0 0 0 914.083 131.119 0.14104 913.758 131.052 0.260928 0 0 0 914.165 130.665 0.326349 0
5 111 211 914.572 133.021 0.1 917.491 144.845 0.1 916.338 144.772 0.1 0 0 0 0 0 0 925.567 146.795 0.1 928.229 168.378 0.1 930.157 191.543 0.1 920.06 180.516 0.1 0 0 0 0 0 0 923.574 180.512 0.1 0 0 0 0 0 0 914.554 131.106 0.1 914.725 131.068 0.1 0 0 0 917.07 131.138 0.1 127
5 111 212 915.069 133.012 0.268778 917.045 145.318 0.426615 915.827 144.786 0.369308 921.525 164.329 0.0829371 0 0 0 926.53 147.267 0.445929 928.699 168.862 0.252538 930.124 192.522 0.208481 918.569 182.95 0.285704 923.494 193.724 0.0740215 929.289 207.422 0.0652438 922.106 182.958 0.312023 925.419 195.611 0.0701482 929.272 207.426 0.0681283 915.024 131.092 0.173361 915.692 131.084 0.284274 915.594 131.061 0.0950434 919.974 131.611 0.332398 0
5 111 213 915.565 133.002 0.1 916.599 145.79 0.1 915.315 144.8 0.1 0 0 0 0 0 0 927.494 147.739 0.1 929.168 169.347 0.1 930.092 193.502 0.1 917.078 185.383 0.1 0 0 0 0 0 0 920.638 185.404 0.1 0 0 0 0 0 0 915.495 131.078 0.1 916.659 131.1 0.1 0 0 0 922.878 132.084 0.1 127
5 111 214 916.061 132.993 0.467061 916.153 146.263 0.44044 914.804 144.814 0.369792 911.736 164.353 0.0580627 0 0 0 928.457 148.211 0.565257 929.638 169.831 0.344851 930.059 194.481 0.325943 915.587 187.817 0.206976 0 0 0 0 0 0 919.171 187.85 0.277028 0 0 0 0 0 0 915.966 131.065 0.414672 917.626 131.115 0.443691 913.695 131.003 0.113159 925.783 132.557 0.36464 0
5 111 215 0 0 0 0 0 0 0 0 0 0 0 0 0 0 0 0 0 0 0 0 0 0 0 0 0 0 0 0 0 0 0 0 0 0 0 0 0 0 0 0 0 0 0 0 0 0 0 0 0 0 0 0 0 0 127
5 111 216 0 0 0 0 0 0 0 0 0 0 0 0 0 0 0 0 0 0 0 0 0 0 0 0 0 0 0 0 0 0 0 0 0 0 0 0 0 0 0 0 0 0 0 0 0 0 0 0 0 0 0 0 0 0 127
5 111 217 0 0 0 0 0 0 0 0 0 0 0 0 0 0 0 0 0 0 0 0 0 0 0 0 0 0 0 0 0 0 0 0 0 0 0 0 0 0 0 0 0 0 0 0 0 0 0 0 0 0 0 0 0 0 127
5 111 218 0 0 0 0 0 0 0 0 0 0 0 0 0 0 0 0 0 0 0 0 0 0 0 0 0 0 0 0 0 0 0 0 0 0 0 0 0 0 0 0 0 0 0 0 0 0 0 0 0 0 0 0 0 0 127
5 111 219 0 0 0 0 0 0 0 0 0 0 0 0 0 0 0 0 0 0 0 0 0 0 0 0 0 0 0 0 0 0 0 0 0 0 0 0 0 0 0 0 0 0 0 0 0 0 0 0 0 0 0 0 0 0 127
5 111 220 915.663 144.757 0.522655 911.689 172.198 0.231393 894.107 174.102 0.201675 866.757 232.815 0.103615 0 0 0 927.354 170.245 0.305437 915.683 209.39 0.126664 0 0 0 860.862 279.8 0.240916 860.866 358.043 0.203806 853.024 448.021 0.302863 894.118 281.724 0.173988 880.434 352.213 0.143884 855.024 446.142 0.25358 913.666 135.03 0.429609 919.604 135.059 0.525506 897.983 142.803 0.105917 929.257 142.846 0.284046 0
6 111 310 941.46 96.4884 0.155441 938.398 113.886 0.85236 944.949 115.072 0.786955 948.147 145.049 0.71677 941.554 151.937 0.359264 928.753 114.003 0.774334 916.136 133.52 0.481392 919.774 148.261 0.235588 932.254 162.582 0.800522 922.329 196.719 0.650775 911.084 224.665 0.22864 921.219 161.296 0.789105 912.07 193.919 0.615143 900.278 222.553 0.30036 939.987 91.6055 0.132582 942.165 90.8706 0.112897 941.228 95.2907 0.509172 937.615 95.7856 0.43548 0
6 111 311 942.672 95.8446 0.188272 939.776 113.784 0.852263 943.771 114.672 0.790922 943.78 142.802 0.695683 939.267 148.985 0.277841 933.821 114.297 0.783147 923.348 134.356 0.567827 924.995 147.501 0.175729 932.292 162.093 0.777704 923.38 196.292 0.708542 912.032 223.854 0.257242 924.882 161.397 0.749734 915.849 194.137 0.656647 903.636 221.81 0.334213 941.133 90.9953 0.157583 943.796 90.4477 0.171171 941.679 94.6193 0.522776 940.95 95.2067 0.507302 0
6 111 312 943.885 95.2008 0.307203 941.153 113.683 0.624936 942.594 114.271 0.509645 939.413 140.556 0.33016 936.979 146.032 0.1 938.889 114.591 0.473922 930.56 135.192 0.260911 930.216 146.74 0.1 932.33 161.604 0.558455 924.431 195.865 0.364898 912.981 223.043 0.1 928.545 161.499 0.532987 919.628 194.355 0.412267 906.994 221.067 0.115322 942.279 90.3852 0.273407 945.428 90.0248 0.31987 942.13 93.948 0.264621 944.286 94.6278 0.305895 0
6 111 313 945.098 94.557 0.764746 942.53 113.582 0.784653 941.416 113.87 0.739475 935.045 138.31 0.555715 934.691 143.079 0.214043 943.957 114.885 0.763715 937.772 136.028 0.582524 935.436 145.98 0.290223 932.368 161.116 0.717259 925.481 195.439 0.581394 913.93 222.232 0.22816 932.209 161.6 0.745351 923.408 194.574 0.544397 910.353 220.324 0.208302 943.424 89.775 0.729818 947.059 89.6019 0.814005 942.58 93.2766 0.247623 947.621 94.0489 0.63428 0
6 111 314 946.311 93.9132 0.822663 943.908 113.48 0.840964 940.239 113.47 0.823527 930.678 136.063 0.700903 932.404 140.126 0.416387 949.025 115.179 0.822393 944.984 136.864 0.71462 940.657 145.219 0.477146 932.406 160.627 0.817397 926.532 195.012 0.661658 914.879 221.421 0.393255 935.872 161.702 0.801533 927.187 194.792 0.647271 913.711 219.581 0.343036 944.57 89.1649 0.835914 948.691 89.179 0.810646 943.031 92.6052 0.567517 950.956 93.4701 0.538538 0
6 111 315 948.05 93.6939 0.315606 946.073 113.478 0.697531 939.793 113.237 0.5368 928.28 134.333 0.234514 931.095 137.52 0.1 953.385 115.4 0.1 951.506 137.518 0.1 946.097 145.216 0.1 933.054 159.985 0.612133 927.19 194.144 0.668043 916.185 220.112 0.401839 939.997 161.705 0.613927 930.672 194.58 0.620597 917.198 218.929 0.486043 946.097 88.7367 0.307936 950.441 88.7494 0.270978 943.263 92.3878 0.308479 954.007 93.26 0.1 0
6 111 316 949.998 93.4881 0.66377 948.037 113.474 0.800985 939.356 112.799 0.753821 925.671 132.59 0.584029 930.008 135.126 0.386698 958.378 115.625 0.765792 958.454 137.752 0.519043 951.749 145.43 0.413142 934.13 158.47 0.780476 927.636 192.185 0.637329 917.49 218.161 0.21648 944.348 161.053 0.790678 934.146 193.063 0.529405 920.468 217.411 0.180709 948.045 88.5268 0.70009 952.196 88.9637 0.623468 943.91 92.1833 0.460417 956.835 93.2665 0.36316 0
6 111 317 951.951 93.4867 0.398342 949.997 113.258 0.737479 939.145 111.712 0.662522 923.28 130.428 0.461285 930.443 134.043 0.364038 963.152 115.842 0.654148 965.406 138.184 0.311506 955.45 145.432 0.256092 935.443 156.744 0.687624 928.946 190.009 0.637608 919.549 216.534 0.223115 948.042 159.968 0.722727 937.414 191.529 0.516802 923.942 214.378 0.204714 949.999 88.7358 0.381807 954.157 89.1738 0.351603 945.227 92.178 0.27768 959.442 93.4774 0.254511 0
6 111 318 954.349 93.2724 0.71837 952.174 113.034 0.815008 941.544 111.07 0.773309 926.309 129.767 0.691645 932.177 134.479 0.526077 965.318 115.626 0.804117 967.367 137.324 0.520566 958.269 145.641 0.453181 937.839 155.672 0.716863 931.763 188.281 0.675263 921.946 215.007 0.356891 950.011 158.89 0.735853 939.577 190.002 0.57648 925.899 213.721 0.301442 952.404 88.7309 0.699727 956.982 89.1677 0.715514 948.482 91.9733 0.53381 962.261 93.2622 0.509309 0
6 111 319 957.163 92.9491 0.791625 954.572 112.377 0.853191 946.968 111.5 0.836938 933.254 130 0.815167 937.821 136.217 0.644013 964.886 114.127 0.816846 965.399 135.799 0.613612 957.622 144.127 0.516635 941.761 155.029 0.751946 934.59 187.412 0.729563 924.563 215.005 0.479322 950.452 157.589 0.747599 940.865 188.487 0.642728 926.559 213.707 0.398065 955.021 88.6193 0.737502 959.908 89.0548 0.787947 952.823 91.9712 0.593456 963.356 92.834 0.547535 0
6 111 320 960.418 92.7262 0.821128 957.178 111.51 0.867344 949.141 110.417 0.828073 936.087 129.135 0.767028 940.437 135.454 0.649946 966.516 112.831 0.805029 964.475 134.275 0.662074 959.258 143.744 0.561778 944.366 154.384 0.766911 936.12 186.758 0.783141 925.86 215.432 0.619083 953.707 156.938 0.731315 942.829 187.835 0.685896 928.3 213.71 0.539697 958.267 88.3981 0.756289 963.164 88.834 0.808476 955.639 91.7451 0.477413 965.85 92.3918 0.660598 0
6 111 321 964.022 92.3626 0.797701 959.866 110.506 0.847433 952.977 109.55 0.827679 939.706 128.484 0.726059 943.555 134.807 0.634936 968.19 111.533 0.832157 964.592 132.752 0.666809 960.895 143.361 0.508296 947.774 153.019 0.817567 938.437 185.231 0.732295 928.368 213.638 0.613042 956.093 155.498 0.78721 944.852 185.952 0.67993 929.776 212.007 0.533072 961.596 88.2517 0.788828 966.279 88.6863 0.777625 958.759 91.518 0.489825 968.4 92.0074 0.591579 0
6 111 322 967.791 91.637 0.809744 962.84 109.569 0.848021 956.316 108.473 0.810224 943.467 128.052 0.699876 947.177 134.375 0.658108 970.226 110.237 0.839061 965.739 131.774 0.653242 962.531 142.978 0.480681 951.1 151.582 0.834309 941.11 183.498 0.754888 930.876 211.843 0.657217 958.91 154.12 0.846969 947.168 184.146 0.668051 931.251 210.304 0.561923 965.213 87.9573 0.851933 970.112 88.1884 0.807034 961.949 90.6491 0.605799 971.338 91.2514 0.577192 0
6 111 323 971.27 90.5542 0.1 965.886 108.49 0.797578 960.226 107.189 0.8054 947.154 127.834 0.585911 950.435 134.159 0.369426 971.977 108.731 0.743566 967.685 131.115 0.665799 964.167 142.595 0.365335 954.573 150.504 0.762484 944.357 182.42 0.557256 933.384 210.049 0.391458 961.935 152.617 0.781253 948.915 182.643 0.658244 932.727 208.601 0.635167 968.69 87.3105 0.1 973.379 87.54 0.1 965.424 89.5676 0.449473 974.225 90.3306 0.470662 0
6 111 324 974.534 89.4751 0.292701 968.506 107.616 0.446333 963.911 105.904 0.35713 950.641 127.608 0.20746 953.695 133.935 0.144112 974.579 108.076 0.347879 969.32 130.245 0.1 0 0 0 957.836 149.206 0.478181 947.832 181.55 0.398347 935.892 208.254 0.276771 964.537 151.097 0.478454 951.09 181.34 0.346835 934.202 206.898 0.233714 971.947 86.6653 0.25893 976.643 86.894 0.221158 968.893 88.2813 0.270508 977.481 89.2554 0.118271 0
6 111 325 978.017 88.6157 0.1 970.902 106.972 0.1 967.384 105.046 0.1 954.133 127.824 0.1 957.604 134.372 0.1 976.754 107.63 0.1 971.288 130.024 0.1 0 0 0 961.097 148.983 0.1 951.681 181.746 0.1 0 0 0 966.925 150.444 0.1 953.626 181.265 0.1 0 0 0 975.432 86.2295 0.1 980.114 86.2533 0.1 972.156 87.2023 0.1 980.92 88.1674 0.1 127
6 111 326 981.78 88.2816 0.1 973.415 106.765 0.1 970.582 104.789 0.1 956.663 128.208 0.1 960.367 134.398 0.1 979.347 107.336 0.1 974.558 130.374 0.1 0 0 0 964.159 148.666 0.1 955.53 181.941 0.1 0 0 0 970.085 149.94 0.1 956.162 181.189 0.1 0 0 0 979.003 86.1592 0.1 983.748 86.1839 0.1 974.756 86.8869 0.1 984.359 87.0793 0.1 127
6 111 327 985.543 87.9474 0.331287 975.928 106.558 0.508016 973.781 104.531 0.466142 959.192 128.592 0.282148 963.129 134.423 0.209738 981.94 107.043 0.395223 977.828 130.725 0.100808 0 0 0 967.221 148.35 0.48796 959.379 182.137 0.232758 0 0 0 973.244 149.436 0.404562 958.699 181.113 0.217653 0 0 0 982.574 86.0888 0.349449 987.381 86.1146 0.231291 977.357 86.5716 0.405106 987.798 85.9913 0.1 0
6 111 328 989.307 87.6133 0.344808 978.442 106.351 0.415851 976.979 104.274 0.405552 961.721 128.977 0.285511 965.892 134.449 0.244035 984.533 106.749 0.304007 981.098 131.075 0.1 0 0 0 970.283 148.033 0.358784 963.228 182.333 0.148788 0 0 0 976.403 148.932 0.32424 961.235 181.038 0.137909 0 0 0 986.146 86.0185 0.35442 991.015 86.0452 0.344477 979.958 86.2563 0.313081 991.237 84.9033 0.153343 0
6 111 329 993.07 87.2791 0.26035 980.955 106.144 0.339007 980.178 104.017 0.340263 964.251 129.361 0.291762 968.655 134.475 0.213339 987.126 106.455 0.280641 984.368 131.425 0.113545 0 0 0 973.344 147.716 0.285885 964.639 178.082 0.090084 0 0 0 979.562 148.429 0.222098 974.363 178.087 0.0739061 0 0 0 989.717 85.9481 0.255628 994.649 85.9758 0.219832 982.558 85.9409 0.221015 993.916 95.8595 0.0822206 0
6 111 330 0 0 0 0 0 0 0 0 0 0 0 0 0 0 0 0 0 0 0 0 0 0 0 0 0 0 0 0 0 0 0 0 0 0 0 0 0 0 0 0 0 0 0 0 0 0 0 0 0 0 0 0 0 0 127
6 111 331 0 0 0 0 0 0 0 0 0 0 0 0 0 0 0 0 0 0 0 0 0 0 0 0 0 0 0 0 0 0 0 0 0 0 0 0 0 0 0 0 0 0 0 0 0 0 0 0 0 0 0 0 0 0 127
6 111 332 0 0 0 0 0 0 0 0 0 0 0 0 0 0 0 0 0 0 0 0 0 0 0 0 0 0 0 0 0 0 0 0 0 0 0 0 0 0 0 0 0 0 0 0 0 0 0 0 0 0 0 0 0 0 127
6 111 333 0 0 0 0 0 0 0 0 0 0 0 0 0 0 0 0 0 0 0 0 0 0 0 0 0 0 0 0 0 0 0 0 0 0 0 0 0 0 0 0 0 0 0 0 0 0 0 0 0 0 0 0 0 0 127
6 111 334 0 0 0 0 0 0 0 0 0 0 0 0 0 0 0 0 0 0 0 0 0 0 0 0 0 0 0 0 0 0 0 0 0 0 0 0 0 0 0 0 0 0 0 0 0 0 0 0 0 0 0 0 0 0 127
6 111 335 0 0 0 0 0 0 0 0 0 0 0 0 0 0 0 0 0 0 0 0 0 0 0 0 0 0 0 0 0 0 0 0 0 0 0 0 0 0 0 0 0 0 0 0 0 0 0 0 0 0 0 0 0 0 127
6 111 336 0 0 0 0 0 0 0 0 0 0 0 0 0 0 0 0 0 0 0 0 0 0 0 0 0 0 0 0 0 0 0 0 0 0 0 0 0 0 0 0 0 0 0 0 0 0 0 0 0 0 0 0 0 0 127
6 111 337 0 0 0 1005.69 97.8296 0.455252 1010.95 99.3794 0.418781 1020.33 117.65 0.234576 0 0 0 991.724 99.0557 0.372335 979.932 116.657 0.230634 987.483 129.122 0.108288 1009.26 132.674 0.344662 0 0 0 0 0 0 991.374 132.673 0.366365 0 0 0 0 0 0 0 0 0 0 0 0 1008.32 84.166 0.220026 1005.25 84.096 0.10418 0
6 111 338 0 0 0 1007.59 97.824 0.620965 1008.95 98.4471 0.520694 1009.57 116.694 0.368835 1010.54 126.525 0.149445 1002.44 99.0806 0.491522 998.506 116.691 0.374335 1001.13 129.117 0.147564 1006.31 131.736 0.505546 1005.67 146.755 0.0550493 0 0 0 999.18 131.738 0.518373 991.943 162.319 0.0951535 0 0 0 0 0 0 0 0 0 1008.33 84.1091 0.302897 1008.25 84.1371 0.181125 0
6 111 339 1009.66 84.1969 0.476788 1008.92 97.17 0.685033 1011.53 97.8212 0.572645 1010.22 116.089 0.521995 1011.51 128.452 0.33133 1007 97.8072 0.581594 1002.43 116.062 0.372883 1014.78 129.113 0.232612 1006.95 131.083 0.4693 999.788 142.848 0.060505 0 0 0 1002.44 131.073 0.458234 1007.65 146.746 0.0587164 0 0 0 1009.56 84.0873 0.471079 1009.72 84.0564 0.401881 1010.92 84.0522 0.454474 1011.24 84.1782 0.239654 0
6 111 340 1015.48 84.196 0.0693579 1009.94 96.2434 0.452949 1014.42 97.8279 0.373166 1009.26 115.184 0.253825 1012.49 130.38 0.140506 1011.93 96.8564 0.387823 1005.4 116.073 0.182272 0 0 0 1006.99 131.04 0.356609 0 0 0 0 0 0 1007.31 131.051 0.314712 0 0 0 0 0 0 0 0 0 0 0 0 1013.87 84.0338 0.1912 1009.73 82.1853 0.0721235 0
6 111 341 0 0 0 0 0 0 0 0 0 0 0 0 0 0 0 0 0 0 0 0 0 0 0 0 0 0 0 0 0 0 0 0 0 0 0 0 0 0 0 0 0 0 0 0 0 0 0 0 0 0 0 0 0 0 127
6 111 342 0 0 0 0 0 0 0 0 0 0 0 0 0 0 0 0 0 0 0 0 0 0 0 0 0 0 0 0 0 0 0 0 0 0 0 0 0 0 0 0 0 0 0 0 0 0 0 0 0 0 0 0 0 0 127
6 111 343 0 0 0 0 0 0 0 0 0 0 0 0 0 0 0 0 0 0 0 0 0 0 0 0 0 0 0 0 0 0 0 0 0 0 0 0 0 0 0 0 0 0 0 0 0 0 0 0 0 0 0 0 0 0 127
6 111 344 0 0 0 0 0 0 0 0 0 0 0 0 0 0 0 0 0 0 0 0 0 0 0 0 0 0 0 0 0 0 0 0 0 0 0 0 0 0 0 0 0 0 0 0 0 0 0 0 0 0 0 0 0 0 127
6 111 345 0 0 0 0 0 0 0 0 0 0 0 0 0 0 0 0 0 0 0 0 0 0 0 0 0 0 0 0 0 0 0 0 0 0 0 0 0 0 0 0 0 0 0 0 0 0 0 0 0 0 0 0 0 0 127
6 111 346 0 0 0 0 0 0 0 0 0 0 0 0 0 0 0 0 0 0 0 0 0 0 0 0 0 0 0 0 0 0 0 0 0 0 0 0 0 0 0 0 0 0 0 0 0 0 0 0 0 0 0 0 0 0 127
6 111 347 0 0 0 0 0 0 0 0 0 0 0 0 0 0 0 0 0 0 0 0 0 0 0 0 0 0 0 0 0 0 0 0 0 0 0 0 0 0 0 0 0 0 0 0 0 0 0 0 0 0 0 0 0 0 127
6 111 348 0 0 0 0 0 0 0 0 0 0 0 0 0 0 0 0 0 0 0 0 0 0 0 0 0 0 0 0 0 0 0 0 0 0 0 0 0 0 0 0 0 0 0 0 0 0 0 0 0 0 0 0 0 0 127
6 111 349 0 0 0 0 0 0 0 0 0 0 0 0 0 0 0 0 0 0 0 0 0 0 0 0 0 0 0 0 0 0 0 0 0 0 0 0 0 0 0 0 0 0 0 0 0 0 0 0 0 0 0 0 0 0 127
6 111 350 0 0 0 0 0 0 0 0 0 0 0 0 0 0 0 0 0 0 0 0 0 0 0 0 0 0 0 0 0 0 0 0 0 0 0 0 0 0 0 0 0 0 0 0 0 0 0 0 0 0 0 0 0 0 127
6 111 351 0 0 0 0 0 0 0 0 0 0 0 0 0 0 0 0 0 0 0 0 0 0 0 0 0 0 0 0 0 0 0 0 0 0 0 0 0 0 0 0 0 0 0 0 0 0 0 0 0 0 0 0 0 0 127
6 111 352 0 0 0 0 0 0 0 0 0 0 0 0 0 0 0 0 0 0 0 0 0 0 0 0 0 0 0 0 0 0 0 0 0 0 0 0 0 0 0 0 0 0 0 0 0 0 0 0 0 0 0 0 0 0 127
6 111 353 0 0 0 0 0 0 0 0 0 0 0 0 0 0 0 0 0 0 0 0 0 0 0 0 0 0 0 0 0 0 0 0 0 0 0 0 0 0 0 0 0 0 0 0 0 0 0 0 0 0 0 0 0 0 127
6 111 354 0 0 0 0 0 0 0 0 0 0 0 0 0 0 0 0 0 0 0 0 0 0 0 0 0 0 0 0 0 0 0 0 0 0 0 0 0 0 0 0 0 0 0 0 0 0 0 0 0 0 0 0 0 0 127
6 111 355 0 0 0 0 0 0 0 0 0 0 0 0 0 0 0 0 0 0 0 0 0 0 0 0 0 0 0 0 0 0 0 0 0 0 0 0 0 0 0 0 0 0 0 0 0 0 0 0 0 0 0 0 0 0 127
6 111 356 0 0 0 1057.91 83.502 0.566781 1065.15 84.6327 0.452857 1067.57 102.627 0.320102 0 0 0 1051.36 83.0111 0.429244 1043.78 100.271 0.219302 1044.78 111.461 0.0635427 1057.46 117.961 0.489463 0 0 0 0 0 0 1046.65 115.852 0.455192 1043.14 137.954 0.106277 0 0 0 0 0 0 0 0 0 1064.05 71.0457 0.206987 1057.29 71.8707 0.177778 0
6 111 357 0 0 0 1060.66 81.6517 0.395691 1067.83 82.7211 0.332287 1070.18 100.77 0.239973 0 0 0 1053.91 81.2284 0.355963 1046.1 98.347 0.160756 0 0 0 1060.33 115.911 0.337351 0 0 0 0 0 0 1049.45 113.899 0.312329 1046.44 136.021 0.1 0 0 0 0 0 0 0 0 0 1066.9 69.2614 0.141666 1060.3 69.7306 0.1 0
6 111 358 1072.02 68.5241 0.0784639 1063.41 79.8014 0.409371 1070.51 80.8095 0.408599 1072.79 98.9136 0.306944 0 0 0 1056.46 79.4458 0.378355 1048.41 96.4226 0.167271 0 0 0 1063.19 113.86 0.367653 0 0 0 0 0 0 1052.25 111.945 0.355771 1049.74 134.088 0.1 0 0 0 1072.07 66.4968 0.0742169 0 0 0 1069.74 67.4771 0.243052 1063.31 67.5905 0.1 0
6 111 359 1072.06 68.581 0.092361 1066.16 77.9511 0.603438 1073.19 78.8979 0.573403 1075.41 97.0568 0.459264 1072.47 107.108 0.201773 1059.01 77.6631 0.537832 1050.73 94.4981 0.326049 1054.51 106.03 0.115141 1066.05 111.809 0.562766 1067.46 133.809 0.199797 1068.25 144.803 0.0528837 1055.05 109.992 0.546707 1053.03 132.155 0.157472 0 0 0 1072.03 68.4219 0.0804672 1072.1 66.5492 0.0500568 1072.58 65.6929 0.392191 1066.32 65.4503 0.1703 0
6 111 360 1074.4 65.4609 0.115666 1068.9 76.1008 0.577915 1075.87 76.9863 0.512383 1078.02 95.1999 0.37425 1075.09 105.403 0.1 1061.56 75.8805 0.44464 1053.05 92.5737 0.294024 1056.39 103.579 0.111169 1068.92 109.759 0.510583 1069.35 131.719 0.179767 0 0 0 1057.85 108.039 0.467373 1056.33 130.222 0.132109 0 0 0 1074.38 63.4555 0.109453 1072.27 66.4374 0.0671194 1075.43 63.9086 0.341787 1069.33 63.3102 0.124317 0
6 111 361 1077.04 63.758 0.1 1072.16 74.5784 0.665034 1078.48 75.4539 0.524805 1080.42 93.4641 0.403669 1077.72 103.698 0.176408 1063.96 74.5704 0.519796 1056.09 90.6243 0.360272 1058.27 101.128 0.122436 1072.17 108.021 0.54006 1071.23 129.628 0.129592 0 0 0 1061.11 106.298 0.512386 1059.58 128.047 0.103192 0 0 0 1077.03 61.7606 0.1 0 0 0 1078.04 62.3897 0.299889 1072.59 61.7808 0.232298 0
6 111 362 1079.69 62.0551 0.1 1075.21 73.0565 0.804845 1081.31 73.9361 0.668849 1083.26 91.944 0.48261 1080.35 101.993 0.236257 1066.14 73.0458 0.682598 1058.7 88.8833 0.527935 1060.15 98.677 0.175078 1075.21 106.494 0.67205 1073.12 127.537 0.358173 1069.92 134.179 0.15325 1063.29 104.782 0.634795 1062.46 126.025 0.294534 1063.14 135.661 0.116669 1079.69 60.0657 0.1 0 0 0 1080.44 60.8774 0.437335 1075.43 60.2526 0.318998 0
6 111 363 1082.33 60.3522 0.1 1077.59 71.5316 0.436185 1083.26 72.4058 0.383626 1085.23 89.9895 0.262523 1082.97 100.288 0.115607 1069.39 71.3134 0.399993 1061.31 87.144 0.191447 1061.84 97.2785 0.1 1077.6 104.54 0.431472 1075.01 125.447 0.238371 1071.17 134.593 0.1 1065.67 103.04 0.394826 1064.79 124.143 0.204214 1065.25 135.19 0.1 1082.34 58.3707 0.1 0 0 0 1082.61 59.3593 0.241125 1078.32 58.0594 0.1 0
6 111 364 1084.98 58.6493 0.168032 1080.02 70.1818 0.7122 1085.37 71.0516 0.663822 1087.52 88.2489 0.44321 1085.49 98.7752 0.251176 1072.72 69.7964 0.648309 1063.76 85.5376 0.349082 1064.06 94.5471 0.103793 1079.85 102.76 0.630474 1076.79 123.87 0.424131 1072.43 135.007 0.179195 1068.1 101.43 0.647558 1066.84 122.367 0.426255 1067.37 134.72 0.207169 1084.99 56.6758 0.182178 1087.84 54.8316 0.0765368 1084.84 57.8035 0.523112 1081.22 55.8661 0.148392 0
6 111 365 1087.59 57.1312 0.1 1082.5 69.2159 0.848831 1087.8 69.8732 0.731396 1089.95 86.5161 0.48526 1088.25 96.7192 0.282362 1075.5 68.4952 0.745614 1066.44 84.0576 0.581731 1066.29 91.8157 0.266832 1082.2 100.941 0.838384 1078.61 122.263 0.668328 1073.19 135.027 0.422416 1070.58 99.7331 0.849574 1068.98 120.768 0.721365 1069.49 134.249 0.432618 1087.61 55.1676 0.1 0 0 0 1087.33 56.4151 0.447034 1084.11 53.6729 0.299424 0
6 111 366 1089.98 55.9864 0.1 1085.03 68.4247 0.879462 1089.72 68.6497 0.742629 1091.65 84.5641 0.551806 1091.24 94.1197 0.385938 1078.58 67.6208 0.752721 1069.4 82.4899 0.683429 1068.51 89.0844 0.399358 1084.63 99.0733 0.877328 1080.49 120.391 0.696019 1074.15 134.461 0.40599 1073.52 97.9455 0.873057 1071.64 118.899 0.754551 1071.6 133.779 0.45439 1090.01 54.0332 0.1 0 0 0 1089.64 55.4235 0.435129 1087.01 51.4797 0.361849 0
6 111 367 1092.17 55.2149 0.141484 1087.8 68.0312 0.633649 1091.54 68.2463 0.561737 1093.48 83.9089 0.39558 1093.29 92.8257 0.173767 1080.88 67.3872 0.500059 1072.41 81.7122 0.175966 0 0 0 1087.14 98.4711 0.631563 1082.62 119.781 0.455318 1075.12 133.894 0.198075 1076.29 97.3773 0.564 1074.38 118.289 0.466061 1074.08 133.604 0.247128 1092.2 53.2727 0.136678 0 0 0 1091.35 55.0365 0.303087 1087.95 54.8775 0.0980655 0
6 111 368 1094.14 54.8166 0.1 1090.62 67.5812 0.1 1093.71 67.8008 0.1 1095.66 83.2551 0.1 1095.89 91.7424 0.1 1083.04 66.9422 0.1 1075.45 80.8513 0.1 0 0 0 1089.97 98.0298 0.1 1085 119.342 0.1 0 0 0 1078.47 96.726 0.1 1076.34 117.639 0.1 1076.47 133.057 0.1 1094.17 52.886 0.1 0 0 0 1093.11 54.1776 0.1 0 0 0 127
6 111 369 1095.89 54.5875 0.1 1092.78 66.9217 0.1 1095.45 67.1378 0.1 1097.41 82.3831 0.1 1098.07 90.0026 0.1 1085.43 66.2836 0.1 1078.28 79.7651 0.1 0 0 0 1091.93 97.3844 0.1 1087.61 118.469 0.1 0 0 0 1080.43 96.0764 0.1 1078.31 116.561 0.1 1078.45 132.401 0.1 1095.91 52.6609 0.1 0 0 0 1094.85 53.9499 0.1 0 0 0 127
6 111 370 1097.5 54.3447 0.1 1094.52 65.8382 0.1 1096.99 65.851 0.1 1099.8 81.2967 0.1 1101.53 88.4811 0.1 1086.96 65.2021 0.1 1080.24 78.6836 0.1 0 0 0 1093.68 96.3087 0.1 1089.99 118.024 0.1 0 0 0 1082.17 95.2105 0.1 1080.27 116.125 0.1 1080.62 131.963 0.1 1097.72 52.2138 0.1 0 0 0 1096.58 53.3038 0.1 0 0 0 127
6 111 371 1099.3 54.0935 0.1 1096.63 64.7064 0.1 1098.85 64.7161 0.1 1102.18 80.3187 0.1 1104.78 87.2458 0.1 1088.4 64.2265 0.1 1082.49 77.3841 0.1 0 0 0 1095.87 95.4976 0.1 1092.34 117.593 0.1 0 0 0 1084.19 94.3658 0.1 1082.56 115.703 0.1 1083.11 131.627 0.1 1099.63 51.8445 0.1 0 0 0 1098.48 52.7475 0.1 0 0 0 127
6 111 372 1101.1 53.8423 0.113818 1098.74 63.5746 0.579609 1100.72 63.5813 0.520291 1104.57 79.3406 0.364075 1108.03 86.0106 0.153413 1089.84 63.251 0.468094 1084.74 76.0846 0.184423 0 0 0 1098.05 94.6866 0.51124 1094.68 117.162 0.28854 1091.76 125.248 0.084192 1086.21 93.5212 0.523409 1084.85 115.281 0.31456 1085.6 131.291 0.106642 1101.54 51.4751 0.10367 0 0 0 1100.37 52.1913 0.359655 1099.6 52.9086 0.190694 0
6 111 373 1102.9 53.5911 0.226392 1100.86 62.4428 0.534434 1102.58 62.4464 0.499442 1106.95 78.3626 0.344577 1111.28 84.7753 0.136256 1091.28 62.2754 0.404431 1086.98 74.7852 0.109031 0 0 0 1100.24 93.8756 0.513924 1097.03 116.731 0.353486 1097.58 131.095 0.109849 1088.23 92.6766 0.477218 1087.15 114.859 0.355553 1088.1 130.956 0.156138 1103.45 51.1058 0.214762 1103.46 52.7072 0.133391 1102.27 51.635 0.381132 1100.25 52.8461 0.1 0
6 111 374 1104.7 53.3398 0.138857 1102.97 61.311 0.789804 1104.45 61.3116 0.725323 1109.33 77.3846 0.529852 1114.53 83.54 0.279314 1092.72 61.2998 0.682139 1089.23 73.4857 0.272742 1087.86 88.0389 0.070287 1102.43 93.0646 0.752311 1099.38 116.3 0.589022 1097.59 129.172 0.313377 1090.26 91.832 0.74257 1089.44 114.437 0.650178 1090.59 130.62 0.353032 1105.37 50.7364 0.139084 0 0 0 1104.17 51.0788 0.477714 1100.91 52.7836 0.1 0
6 111 375 0 0 0 1103.39 62.6112 0.771105 1111.28 64.571 0.657094 1115.17 80.1757 0.462145 1107.4 93.9056 0.202129 1093.72 62.5918 0.613301 1085.98 78.2443 0.320424 1087.88 95.7909 0.101161 1103.46 93.9218 0.729902 1101.54 115.387 0.557668 1101.51 121.36 0.333347 1089.79 93.9097 0.680585 1089.84 113.498 0.542866 1089.81 123.284 0.322018 0 0 0 0 0 0 1105.49 52.784 0.352882 1101.56 52.7211 0.22063 0
