2 111 78 0 0 0 4.83989 4.86313 0.178422 0 0 0 0 0 0 0 0 0 23.528 4.87308 0.0890624 0 0 0 0 0 0 23.507 68.4521 0.585499 41.1389 105.63 0.434669 56.7277 148.676 0.493622 54.8588 52.763 0.663908 86.1878 86.1204 0.713929 115.452 131.061 0.822346 0 0 0 0 0 0 0 0 0 0 0 0 0
2 111 79 0 0 0 0 0 0 0 0 0 0 0 0 0 0 0 0 0 0 0 0 0 0 0 0 0 0 0 0 0 0 0 0 0 0 0 0 0 0 0 0 0 0 0 0 0 0 0 0 0 0 0 0 0 0 127
2 111 80 0 0 0 0 0 0 0 0 0 0 0 0 0 0 0 0 0 0 0 0 0 0 0 0 0 0 0 0 0 0 0 0 0 0 0 0 0 0 0 0 0 0 0 0 0 0 0 0 0 0 0 0 0 0 127
2 111 81 0 0 0 0 0 0 0 0 0 0 0 0 0 0 0 0 0 0 0 0 0 0 0 0 0 0 0 0 0 0 0 0 0 0 0 0 0 0 0 0 0 0 0 0 0 0 0 0 0 0 0 0 0 0 127
2 111 82 0 0 0 0 0 0 0 0 0 0 0 0 0 0 0 0 0 0 0 0 0 0 0 0 0 0 0 0 0 0 0 0 0 0 0 0 0 0 0 0 0 0 0 0 0 0 0 0 0 0 0 0 0 0 127
2 111 83 0 0 0 0 0 0 0 0 0 0 0 0 0 0 0 0 0 0 0 0 0 0 0 0 0 0 0 0 0 0 0 0 0 0 0 0 0 0 0 0 0 0 0 0 0 0 0 0 0 0 0 0 0 0 127
2 111 84 0 0 0 0 0 0 0 0 0 0 0 0 0 0 0 0 0 0 0 0 0 0 0 0 0 0 0 0 0 0 0 0 0 0 0 0 0 0 0 0 0 0 0 0 0 0 0 0 0 0 0 0 0 0 127
2 111 85 0 0 0 0 0 0 0 0 0 0 0 0 0 0 0 0 0 0 0 0 0 0 0 0 0 0 0 0 0 0 0 0 0 0 0 0 0 0 0 0 0 0 0 0 0 0 0 0 0 0 0 0 0 0 127
2 111 86 0 0 0 0 0 0 0 0 0 0 0 0 0 0 0 0 0 0 0 0 0 0 0 0 0 0 0 0 0 0 0 0 0 0 0 0 0 0 0 0 0 0 0 0 0 0 0 0 0 0 0 0 0 0 127
2 111 87 0 0 0 72.4287 4.86676 0.121724 41.1077 4.86166 0.17637 0 0 0 0 0 0 0 0 0 0 0 0 0 0 0 72.9794 54.0208 0.754884 63.6819 87.8541 0.36511 62.7346 139.976 0.116616 97.9589 49.4662 0.789961 130.071 88.279 0.786095 141.509 138.186 0.794924 0 0 0 0 0 0 0 0 0 0 0 0 0
2 111 88 0 0 0 78.2868 4.86715 0.1 0 0 0 0 0 0 0 0 0 0 0 0 0 0 0 0 0 0 79.5131 53.9867 0.1 77.206 89.5342 0.1 78.5212 141.01 0.1 103.359 49.3843 0.1 132.338 89.7481 0.1 144.123 137.396 0.1 0 0 0 0 0 0 0 0 0 0 0 0 127
2 111 89 0 0 0 84.1448 4.86755 0.1 0 0 0 0 0 0 0 0 0 0 0 0 0 0 0 0 0 0 86.0468 53.9527 0.1 90.7301 91.2143 0.1 94.3078 142.044 0.1 108.759 49.3024 0.1 134.604 91.2171 0.1 146.737 136.606 0.1 0 0 0 0 0 0 0 0 0 0 0 0 127
2 111 90 0 0 0 90.0029 4.86794 0.1 0 0 0 0 0 0 0 0 0 0 0 0 0 0 0 0 0 0 92.5805 53.9187 0.1 104.254 92.8944 0.1 110.094 143.078 0.1 114.16 49.2205 0.1 136.871 92.6861 0.1 149.351 135.816 0.1 0 0 0 0 0 0 0 0 0 0 0 0 127
2 111 91 0 0 0 95.8609 4.86834 0.1 0 0 0 0 0 0 0 0 0 0 0 0 0 0 0 0 0 0 99.1142 53.8846 0.1 117.778 94.5745 0.1 125.881 144.112 0.1 119.56 49.1386 0.1 139.137 94.1551 0.1 151.965 135.026 0.1 0 0 0 0 0 0 0 0 0 0 0 0 127
2 111 92 0 0 0 101.719 4.86873 0.130337 0 0 0 0 0 0 0 0 0 121.291 4.87103 0.135045 156.498 4.84323 0.326548 174.125 19.5308 0.450132 105.429 54.107 0.696897 129.632 96.0898 0.7306 140.34 144.869 0.751371 125.328 49.2495 0.609644 141.966 95.5602 0.472611 154.904 134.369 0.380917 0 0 0 0 0 0 0 0 0 0 0 0 0
2 111 93 0 0 0 0 0 0 0 0 0 0 0 0 0 0 0 0 0 0 0 0 0 0 0 0 111.525 54.5858 0.1 139.816 97.4402 0.1 153.472 145.348 0.1 131.464 49.5531 0.1 145.358 96.9016 0.1 158.168 133.843 0.1 0 0 0 0 0 0 0 0 0 0 0 0 127
2 111 94 0 0 0 0 0 0 0 0 0 0 0 0 0 0 0 0 0 0 0 0 0 0 0 0 117.401 54.9009 0.1 147.999 98.606 0.1 162.996 144.784 0.1 137.637 49.9404 0.1 149.97 97.8458 0.1 162.083 133.228 0.1 0 0 0 0 0 0 0 0 0 0 0 0 127
2 111 95 0 0 0 121.296 4.86934 0.0851158 85.899 4.8775 0.126813 69.764 16.5992 0.760793 80.687 52.033 0.837986 0 0 0 0 0 0 0 0 0 122.948 55.3689 0.705085 155.049 99.712 0.656544 171.956 145.024 0.470287 144.174 50.4191 0.657592 154.823 98.7358 0.300359 166.65 133.178 0.167647 0 0 0 0 0 0 0 0 0 0 0 0 0
2 111 96 0 0 0 0 0 0 91.8698 4.87607 0.1 75.6636 17.5885 0.1 86.391 54.3513 0.1 0 0 0 0 0 0 0 0 0 128.168 55.9898 0.1 160.967 100.758 0.1 180.35 146.068 0.1 151.076 50.9894 0.1 159.917 99.5715 0.1 171.869 133.693 0.1 0 0 0 0 0 0 0 0 0 0 0 0 127
2 111 97 0 0 0 133.04 4.87219 0.0856641 97.8406 4.87464 0.144613 81.5632 18.5778 0.77136 92.095 56.6697 0.854656 0 0 0 0 0 0 0 0 0 132.516 57.3016 0.714851 164.885 102.278 0.596302 185.783 145.856 0.416484 157.802 52.0751 0.70223 166.218 100.439 0.440315 178.814 135.644 0.212538 0 0 0 0 0 0 0 0 0 0 0 0 0
2 111 98 0 0 0 140.846 4.87031 0.0858177 103.811 4.87321 0.117511 87.4628 19.5672 0.786921 97.799 58.988 0.8415 0 0 0 0 0 0 0 0 0 137.944 58.5328 0.673289 169.814 103.147 0.552171 191.429 147.163 0.284208 164.395 52.7992 0.708761 172.168 101.169 0.469417 184.246 137.601 0.31632 0 0 0 0 0 0 0 0 0 0 0 0 0
2 111 99 0 0 0 0 0 0 109.782 4.87179 0.1 93.3624 20.5565 0.1 103.503 61.3064 0.1 0 0 0 0 0 0 0 0 0 143.163 59.2582 0.1 174.246 103.587 0.1 195.552 147.609 0.1 170.627 53.3731 0.1 179.05 101.32 0.1 189.455 139.123 0.1 0 0 0 0 0 0 0 0 0 0 0 0 127
2 111 100 0 0 0 146.772 4.87389 0.0985304 116.088 4.87094 0.184017 99.0152 21.4268 0.869089 109.143 63.0386 0.816604 0 0 0 0 0 0 0 0 0 148.159 60.3386 0.741665 178.376 104.679 0.649267 198.809 149.132 0.517031 175.85 53.8146 0.773433 185.573 101.538 0.564822 193.809 141.304 0.326086 0 0 0 0 0 0 0 0 0 0 0 0 0
2 111 101 0 0 0 151.821 4.86898 0.148627 121.308 4.86835 0.23866 105.106 22.5175 0.82688 114.789 64.6698 0.860252 0 0 0 0 0 0 0 0 0 152.725 60.7732 0.751719 183.262 105.328 0.379522 201.527 149.897 0.263231 180.958 53.9269 0.805279 192.959 101.427 0.710294 198.261 143.484 0.540468 0 0 0 0 0 0 0 0 0 0 0 0 0
2 111 102 0 0 0 155.768 4.86897 0.16479 126.525 4.86626 0.271885 110.555 22.9671 0.820486 120.866 65.9667 0.874971 0 0 0 0 0 0 0 0 0 157.285 60.3377 0.746838 181.305 103.803 0.719296 194.568 148.81 0.639272 186.39 53.496 0.783418 199.696 101.209 0.655207 203.694 146.093 0.44151 0 0 0 0 0 0 0 0 0 0 0 0 0
2 111 103 0 0 0 159.714 4.86895 0.194808 131.312 4.8648 0.26352 116.419 23.1933 0.874728 126.512 67.0466 0.859846 183.867 4.86996 0.228581 190.913 0.844397 0.726561 212.656 28.7275 0.824667 161.628 60.3356 0.77004 180.219 102.507 0.718886 189.357 148.807 0.572448 191.401 53.4918 0.853963 206.215 100.782 0.790994 208.914 148.702 0.610215 0 0 0 0 0 0 0 0 0 0 0 0 0
2 111 104 0 0 0 163.661 4.86894 0.275297 136.31 4.86356 0.291941 122.397 23.514 0.802975 132.161 67.5938 0.890698 187.463 4.8689 0.284748 194.882 3.01719 0.1 213.927 31.8487 0.1 165.43 60.4397 0.764149 178.907 101.094 0.692738 183.486 147.395 0.586163 195.652 53.7062 0.820092 213.061 100.018 0.749494 213.262 150.223 0.59627 0 0 0 0 0 0 0 0 0 0 0 0 0
2 111 105 0 0 0 167.607 4.86892 0.292216 141.301 4.86264 0.400431 128.055 23.7161 0.798375 138.245 67.8137 0.860844 191.059 4.86784 0.250646 198.851 5.18998 0.1 215.199 34.97 0.1 169.123 60.4398 0.677852 177.178 99.7843 0.504098 176.735 145.01 0.463506 199.787 53.7048 0.769069 219.359 99.1361 0.724928 219.773 150.224 0.569294 0 0 0 0 0 0 0 0 0 0 0 0 0
2 111 106 0 0 0 171.955 4.86896 0.117443 146.3 4.86139 0.226035 134.145 23.9326 0.791435 144.105 67.8227 0.82594 194.655 4.86678 0.1 202.82 7.36277 0.1 216.471 38.0912 0.1 174.123 60.2237 0.675771 182.178 98.9106 0.62523 184.558 144.353 0.452373 204.571 53.2784 0.729463 225.016 97.6207 0.570754 226.745 149.78 0.588257 0 0 0 0 0 0 0 0 0 0 0 0 0
2 111 107 0 0 0 176.516 4.86915 0.123009 151.303 4.86001 0.214329 139.804 24.143 0.708044 150.409 67.8164 0.815695 198.251 4.86571 0.1 206.789 9.53557 0.397703 217.742 41.2125 0.538884 177.832 60.6577 0.61127 187.396 100 0.317838 192.168 142.829 0.155592 208.91 53.7121 0.651444 231.958 98.0501 0.380057 236.083 149.559 0.316064 0 0 0 0 0 0 0 0 0 0 0 0 0
2 111 108 0 0 0 180.642 4.8693 0.164011 156.512 4.85964 0.215382 145.458 24.1461 0.803736 156.286 67.8245 0.798682 201.729 4.8646 0.164171 210.266 10.8378 0.531871 219.049 44.027 0.61366 182.177 61.7398 0.655837 193.912 101.3 0.486591 201.3 142.388 0.283911 212.819 54.8029 0.67181 237.828 99.3483 0.533407 245.218 149.786 0.471767 0 0 0 0 0 0 0 0 0 0 0 0 0
2 111 109 0 0 0 185.635 4.8691 0.133137 161.518 4.8588 0.220124 151.961 25.0142 0.691559 162.166 68.0455 0.780459 206.301 4.86471 0.1 214.933 12.3573 0.1 221.715 46.6909 0.1 186.968 61.7368 0.512401 200.869 101.085 0.283662 211.299 141.096 0.148259 217.807 55.0069 0.515915 243.909 100 0.224649 255.214 149.567 0.178114 0 0 0 0 0 0 0 0 0 0 0 0 0
2 111 110 0 0 0 191.071 4.86944 0.228765 167.604 4.85954 0.275045 157.402 24.5883 0.736671 168.26 68.2479 0.823571 211.089 4.86395 0.166335 219.925 14.0895 0.1 225.077 48.9726 0.1 191.753 62.3857 0.633749 207.615 100.443 0.310618 221.515 141.096 0.307916 222.373 55.6545 0.673708 249.123 100.439 0.466422 264.994 149.131 0.578377 0 0 0 0 0 0 0 0 0 0 0 0 0
2 111 111 0 0 0 196.496 4.86942 0.26159 174.337 4.8596 0.287904 163.709 25.8754 0.803177 173.922 68.6733 0.827564 215.73 4.86379 0.223667 225.464 15.6083 0.578535 229.8 50.8657 0.664694 197.635 63.6904 0.661083 221.736 102.392 0.436115 240.864 143.698 0.343872 227.154 56.5286 0.684876 254.553 101.089 0.657854 273.469 148.048 0.706377 0 0 0 0 0 0 0 0 0 0 0 0 0
2 111 112 0 0 0 202.375 4.86936 0.260481 181.282 4.85837 0.307692 170.009 26.9538 0.767575 179.793 68.9005 0.878235 221.097 4.86335 0.214555 231.984 17.1322 0.54537 235.236 52.1633 0.650054 203.289 64.776 0.600698 233.033 104.998 0.342079 259.761 144.567 0.367645 232.583 56.9787 0.669925 259.767 102.825 0.577244 281.956 147.836 0.65641 0 0 0 0 0 0 0 0 0 0 0 0 0
2 111 113 0 0 0 208.893 4.86875 0.31177 188.241 4.85768 0.371866 176.533 27.8279 0.774388 185.877 69.3306 0.817088 226.532 4.86341 0.231891 237.628 17.3543 0.616307 241.099 52.8201 0.686859 210.25 65.8541 0.628636 244.342 107.815 0.385154 277.584 145.865 0.441465 239.313 57.4166 0.67124 265.2 104.13 0.519266 290.862 148.491 0.594984 0 0 0 0 0 0 0 0 0 0 0 0 0
2 111 114 0 0 0 215.634 4.868 0.229952 195.201 4.85668 0.252544 183.26 28.4852 0.801987 191.107 69.5524 0.837407 232.618 4.86332 0.204044 243.845 17.9248 0.549938 246.903 53.3282 0.659471 216.771 66.9308 0.609196 255.855 109.992 0.502951 293.901 146.075 0.646114 245.403 58.0644 0.597729 271.716 104.995 0.355028 296.957 150.014 0.310463 0 0 0 0 0 0 0 0 0 0 0 0 0
2 111 115 0 0 0 221.94 4.867 0.307123 201.939 4.85581 0.377059 189.137 29.1402 0.756685 196.765 69.5618 0.876548 239.574 4.86294 0.222376 249.78 18.2141 0.559913 252.845 53.9175 0.687321 222.201 67.5814 0.623172 254.772 110.434 0.654125 286.946 147.165 0.745358 251.062 59.1425 0.65374 278.227 106.513 0.373136 301.075 150.673 0.24977 0 0 0 0 0 0 0 0 0 0 0 0 0
2 111 116 0 0 0 228.464 4.86591 0.350931 208.463 4.8551 0.419494 196.071 30.0107 0.816853 202.196 69.5708 0.868741 245.879 4.86271 0.301547 256.081 18.4286 0.450707 259.366 54.3466 0.462449 228.926 67.7974 0.698868 259.987 110.429 0.555084 289.551 147.824 0.364217 257.369 59.5791 0.758689 283.457 106.086 0.654936 303.268 151.969 0.745686 0 0 0 0 0 0 0 0 0 0 0 0 0
2 111 117 0 0 0 234.776 4.86507 0.382923 214.989 4.85382 0.431418 202.386 30.6506 0.769653 207.628 69.5708 0.874546 251.969 4.86259 0.34082 262.804 18.8576 0.565471 265.89 53.9193 0.607235 235.233 67.5783 0.764198 264.117 110.209 0.614798 291.508 148.036 0.362764 263.887 58.9292 0.760079 288.458 105.653 0.780622 305.665 153.043 0.762036 0 0 0 0 0 0 0 0 0 0 0 0 0
2 111 118 0 0 0 241.305 4.86438 0.431461 221.507 4.85394 0.474801 207.841 29.7899 0.808885 213.28 69.3461 0.907769 258.913 4.86154 0.388899 268.891 19.0782 0.671611 272.408 53.4792 0.72785 240.445 68.0166 0.736866 261.082 109.772 0.497904 283.033 148.468 0.295303 269.337 60.2266 0.753752 292.58 104.789 0.747891 307.397 152.614 0.769768 0 0 0 0 0 0 0 0 0 0 0 0 0
2 111 119 0 0 0 247.604 4.8638 0.449041 227.162 4.85359 0.508689 214.348 29.9951 0.813604 218.927 69.1273 0.88864 265.209 4.86112 0.43199 275.202 19.0852 0.543687 278.823 53.1484 0.60768 245.879 68.0176 0.754734 258.249 109.773 0.53093 274.336 147.814 0.320333 275.205 60.2275 0.756301 296.286 104.345 0.779524 309.142 152.616 0.768734 0 0 0 0 0 0 0 0 0 0 0 0 0
2 111 120 0 0 0 253.484 4.86347 0.441185 232.818 4.85341 0.531486 220.003 28.7101 0.770875 224.796 68.6986 0.885298 272.168 4.86016 0.379376 281.515 19.3046 0.499559 284.468 52.9332 0.579661 250.435 68.2311 0.7156 254.783 109.561 0.539499 265.647 146.951 0.367634 280.637 61.5163 0.722664 301.302 105.214 0.719049 310.883 154.131 0.69787 0 0 0 0 0 0 0 0 0 0 0 0 0
2 111 121 0 0 0 259.776 4.86267 0.430412 238.27 4.85351 0.473264 225.45 28.4984 0.795141 230.89 68.4748 0.888814 278.253 4.85944 0.368683 287.168 20.6072 0.553868 289.676 53.8026 0.607168 255.213 68.4411 0.74507 254.354 108.476 0.58933 258.691 147.385 0.473131 285.623 62.8032 0.780892 305.866 105.432 0.717734 313.263 155.434 0.677016 0 0 0 0 0 0 0 0 0 0 0 0 0
2 111 122 0 0 0 265.211 4.8617 0.381347 243.703 4.85262 0.423112 231.101 28.717 0.858769 236.769 68.2584 0.908743 283.913 4.85808 0.38522 293.475 21.4788 0.387161 295.328 53.3665 0.401904 259.123 68.4578 0.770377 253.706 107.402 0.606688 251.956 148.04 0.397297 289.754 63.8866 0.77589 310.645 106.734 0.654968 317.182 157.604 0.592047 0 0 0 0 0 0 0 0 0 0 0 0 0
2 111 123 0 0 0 270.644 4.86072 0.309538 249.136 4.8526 0.429149 236.542 29.155 0.758302 243.504 68.2498 0.909199 289.788 4.8563 0.272425 298.916 23.2338 0.1 298.795 55.1083 0.1 263.688 68.4572 0.724412 252.84 106.533 0.681928 246.521 149.566 0.406712 294.104 64.9627 0.749857 314.347 107.607 0.739007 321.957 158.251 0.61772 0 0 0 0 0 0 0 0 0 0 0 0 0
2 111 124 0 0 0 276.08 4.85981 0.298693 254.576 4.85149 0.346148 243.273 29.806 0.83078 250.237 68.4586 0.85415 295.01 4.85552 0.331229 304.145 23.6689 0.298507 304.665 53.795 0.2421 269.342 68.467 0.71976 263.486 107.828 0.704112 259.568 151.303 0.532825 299.107 65.4011 0.780437 318.044 108.692 0.698731 327.609 159.122 0.566124 0 0 0 0 0 0 0 0 0 0 0 0 0
2 111 125 0 0 0 281.523 4.85901 0.475038 260.655 4.85155 0.524137 248.731 30.0262 0.773364 257.196 68.6742 0.889134 300.654 4.85396 0.510882 309.577 24.7598 0.578574 309.665 53.5777 0.461761 273.696 68.4686 0.781591 263.707 107.617 0.65095 259.575 152.385 0.414876 303.239 66.0489 0.800292 321.511 109.336 0.733448 333.901 158.257 0.679635 0 0 0 0 0 0 0 0 0 0 0 0 0
2 111 126 0 0 0 287.175 4.85783 0.538679 266.529 4.85198 0.584174 255.683 30.9019 0.792494 264.801 69.1148 0.845609 306.092 4.85225 0.529686 314.369 26.5111 0.511329 315.09 52.9252 0.395279 279.129 69.1245 0.743738 269.573 108.273 0.709431 266.969 154.125 0.560536 307.595 67.3579 0.812968 326.07 110.418 0.776025 340.42 158.696 0.714385 0 0 0 0 0 0 0 0 0 0 0 0 0
2 111 127 0 0 0 292.067 4.85675 0.552116 272.182 4.85093 0.598685 263.281 32.6356 0.762012 272.734 70.2099 0.907425 310.124 4.85101 0.539524 318.715 28.2536 0.576517 319.864 51.9134 0.368942 285.544 70.3165 0.7116 282.393 110.666 0.605104 284.25 156.181 0.434517 312.372 68.026 0.754721 331.728 113.019 0.677267 347.489 161.191 0.657366 0 0 0 0 0 0 0 0 0 0 0 0 0
2 111 128 0 0 0 297.283 4.85486 0.603815 278.696 4.84976 0.692085 270.459 34.3777 0.802467 281.212 71.9484 0.829799 314.258 4.8495 0.559699 322.62 29.9971 0.469651 324.749 50.6518 0.473358 292.067 72.2708 0.686501 294.569 114.355 0.358542 301.858 159.653 0.179576 316.942 70.2031 0.756148 337.811 116.287 0.616186 355.097 164.231 0.486479 0 0 0 0 0 0 0 0 0 0 0 0 0
2 111 129 0 0 0 301.859 4.85184 0.58568 284.138 4.84659 0.628967 278.057 37.4108 0.791219 290.332 74.1202 0.873867 318.158 4.84787 0.543791 326.094 31.9524 0.47743 329.743 49.1402 0.445862 297.94 74.2324 0.668791 307.385 117.399 0.298837 319.458 162.904 0.141177 321.077 71.5171 0.776507 343.015 117.381 0.618494 362.929 166.185 0.593107 0 0 0 0 0 0 0 0 0 0 0 0 0
2 111 130 0 0 0 305.984 4.84904 0.528737 290.429 4.84385 0.572297 286.311 40.0065 0.83401 299.237 76.0784 0.813414 320.981 4.84705 0.467041 329.252 33.0913 0.246027 335.54 46.1372 0.163104 304.25 75.9798 0.659423 320.212 119.787 0.486367 335.557 166.168 0.405754 324.787 73.0465 0.647733 348.236 118.037 0.385428 369.883 166.623 0.26087 0 0 0 0 0 0 0 0 0 0 0 0 0
2 111 131 0 0 0 310.44 4.84624 0.1 296.428 4.84162 0.1 294.33 42.3792 0.1 308.768 78.7134 0.1 323.907 4.84643 0.1 332.41 34.2302 0.1 341.336 43.1342 0.1 310.556 77.7098 0.1 332.821 122.282 0.1 352.513 169.318 0.1 328.051 74.5689 0.1 351.282 118.908 0.1 371.184 165.434 0.1 0 0 0 0 0 0 0 0 0 0 0 0 127
2 111 132 0 0 0 315.231 4.84358 0.556217 302.428 4.83939 0.663007 302.348 44.752 0.795849 318.3 81.3484 0.866822 326.296 4.84625 0.468992 335.568 35.3691 0.160905 347.133 40.1312 0.1 316.65 79.4509 0.648821 345.214 125.321 0.307482 369.902 172.788 0.230685 331.094 76.1004 0.596627 353.452 121.299 0.268866 367.705 165.442 0.224605 0 0 0 0 0 0 0 0 0 0 0 0 0
2 111 133 0 0 0 320.614 4.84126 0.666066 308.428 4.83717 0.792935 310.367 47.1247 0.728567 327.831 83.9835 0.805985 329.554 4.8455 0.528132 338.726 36.5081 0.242683 352.93 37.1282 0.218081 322.144 81.0159 0.650216 351.307 126.413 0.270336 376.101 173.71 0.249336 333.915 77.6726 0.551911 354.979 122.709 0.224397 363.195 164.955 0.184946 0 0 0 0 0 0 313.047 4.88534 0.0574851 0 0 0 0
2 111 134 0 0 0 326.158 4.83877 0.656396 314.428 4.83494 0.789281 318.385 49.4974 0.862233 337.363 86.6185 0.937783 333.256 4.84523 0.523111 334.63 48.8718 0.0914163 0 0 0 328.123 82.2126 0.661538 359.139 127.494 0.536188 382.409 174.255 0.543966 337.392 78.8697 0.585576 356.503 124.011 0.233675 358.306 165.07 0.229786 0 0 0 0 0 0 318.939 4.88273 0.0758968 0 0 0 0
2 111 135 0 0 0 332.298 4.83665 0.1 0 0 0 0 0 0 0 0 0 338.03 4.84523 0.1 0 0 0 0 0 0 333.285 82.8063 0.1 360.448 127.491 0.1 378.608 173.556 0.1 341.081 79.6765 0.1 356.722 123.903 0.1 352.6 163.823 0.1 0 0 0 0 0 0 0 0 0 0 0 0 127
2 111 136 367.848 4.86016 0.0760383 338.932 4.83487 0.643422 0 0 0 0 0 0 0 0 0 343.568 4.84536 0.416738 0 0 0 0 0 0 338.604 82.6953 0.646864 360.669 126.179 0.356952 371.981 171.286 0.254823 345.203 79.8872 0.503948 356.287 122.598 0.273795 346.19 161.542 0.114685 0 0 0 0 0 0 0 0 0 0 0 0 0
2 111 137 0 0 0 345.028 4.83432 0.1 0 0 0 0 0 0 0 0 0 348.455 4.84619 0.1 0 0 0 0 0 0 343.707 81.502 0.1 362.302 124.982 0.1 367.853 171.298 0.1 347.917 79.1197 0.1 354.873 120.313 0.1 339.018 158.604 0.1 0 0 0 0 0 0 0 0 0 0 0 0 127
2 111 138 0 0 0 350.894 4.83586 0.1 0 0 0 0 0 0 0 0 0 352.152 4.84799 0.1 0 0 0 0 0 0 348.928 79.5519 0.1 364.913 125.202 0.1 366.552 174.134 0.1 349.226 77.5932 0.1 352.483 118.351 0.1 331.621 155.561 0.1 0 0 0 0 0 0 0 0 0 0 0 0 127
2 111 139 0 0 0 356.128 4.83714 0.1 0 0 0 0 0 0 0 0 0 355.199 4.84936 0.1 0 0 0 0 0 0 351.316 77.8146 0.1 366.655 125.641 0.1 366.98 176.309 0.1 347.924 74.9917 0.1 349.654 116.613 0.1 324.009 153.392 0.1 0 0 0 0 0 0 0 0 0 0 0 0 127
2 111 140 0 0 0 360.807 4.83781 0.336765 0 0 0 0 0 0 0 0 0 357.705 4.85008 0.178491 0 0 0 0 0 0 353.481 75.8535 0.343988 368.175 124.012 0.426953 367.191 175.118 0.391122 346.836 72.1645 0.261724 347.701 114.227 0.243591 320.105 151.759 0.336859 0 0 0 0 0 0 0 0 0 0 0 0 0
2 111 141 0 0 0 366.016 4.73236 0.1 0 0 0 0 0 0 0 0 0 361.402 4.85086 0.1 0 0 0 0 0 0 355.002 73.8965 0.1 369.477 122.267 0.1 366.539 173.818 0.1 345.752 69.1207 0.1 346.188 111.184 0.1 320.115 150.668 0.1 0 0 0 0 0 0 0 0 0 0 0 0 127
2 111 142 0 0 0 370.267 4.62696 0.21293 384.273 8.35315 0.414045 386.376 35.342 0.639287 407.092 97.1074 0.793664 363.795 4.85162 0.141047 0 0 0 0 0 0 356.036 72.3219 0.634024 371.067 121.037 0.811264 368.094 173.691 0.537022 344.016 66.3867 0.477338 344.455 108.76 0.741974 320.07 149.922 0.805589 0 0 0 0 0 0 0 0 0 0 0 0 0
2 111 143 0 0 0 373.56 4.52163 0.528274 387.542 11.1457 0.1 393.228 42.195 0.1 413.954 98.1053 0.1 364.884 4.85238 0.251524 336.474 19.4988 0.0629624 0 0 0 356.583 71.1298 0.669792 372.947 120.32 0.618529 371.856 174.737 0.272504 341.629 63.9625 0.611089 342.504 106.953 0.737592 319.968 149.52 0.841463 0 0 0 0 0 0 0 0 0 0 0 0 0
2 111 144 406.975 4.87759 0.0576356 375.895 4.41637 0.659729 390.81 13.9382 0.1 400.081 49.048 0.1 420.815 99.1033 0.1 364.668 4.85312 0.417776 338.462 15.6224 0.0684286 0 0 0 356.642 70.3201 0.693349 375.116 120.116 0.635432 377.825 176.956 0.51534 338.592 61.848 0.690556 340.333 105.764 0.767312 319.811 149.462 0.886347 0 0 0 0 0 0 0 0 0 0 0 0 0
2 111 145 414.703 4.86195 0.164026 377.802 4.25668 0.716218 394.079 16.7307 0.815251 406.933 55.901 0.784474 427.676 100.101 0.880057 363.68 4.8531 0.431948 0 0 0 0 0 0 355.197 69.7479 0.710771 377.366 119.085 0.655395 385.946 176.985 0.452206 334.147 59.5653 0.71535 337.847 105.154 0.810755 319.495 149.563 0.866263 0 0 0 0 0 0 404.983 4.861 0.349246 0 0 0 0
2 111 146 418.641 4.85627 0.1 379.709 4.09699 0.1 397.348 19.5233 0.1 413.786 62.754 0.1 434.537 101.099 0.1 362.693 4.85309 0.1 0 0 0 0 0 0 353.752 69.1758 0.1 379.617 118.053 0.1 394.066 177.015 0.1 329.702 57.2826 0.1 335.361 104.545 0.1 319.178 149.664 0.1 0 0 0 0 0 0 407.62 4.85666 0.1 0 0 0 127
2 111 147 422.578 4.8506 0.1 381.616 3.93729 0.1 400.616 22.3158 0.1 420.638 69.607 0.1 441.398 102.097 0.1 361.705 4.85307 0.1 0 0 0 0 0 0 352.307 68.6036 0.1 381.868 117.021 0.1 402.186 177.044 0.1 325.258 54.9998 0.1 332.875 103.935 0.1 318.862 149.765 0.1 0 0 0 0 0 0 410.257 4.85232 0.1 0 0 0 127
2 111 148 426.516 4.84492 0.440248 383.523 3.7776 0.802189 403.885 25.1083 0.854264 427.491 76.46 0.80492 448.259 103.095 0.868663 360.717 4.85305 0.480097 332.626 21.5453 0.60542 324.789 39.0554 0.488838 350.861 68.0315 0.741888 384.119 115.989 0.763909 410.307 177.074 0.81167 320.813 52.7171 0.736198 330.389 103.326 0.780318 318.545 149.866 0.874943 420.636 4.85226 0.382057 0 0 0 412.894 4.84798 0.554583 0 0 0 0
2 111 149 0 0 0 0 0 0 0 0 0 0 0 0 0 0 0 0 0 0 0 0 0 0 0 0 0 0 0 0 0 0 0 0 0 0 0 0 0 0 0 0 0 0 0 0 0 0 0 0 0 0 0 0 0 0 127
2 111 150 0 0 0 0 0 0 0 0 0 0 0 0 0 0 0 0 0 0 0 0 0 0 0 0 0 0 0 0 0 0 0 0 0 0 0 0 0 0 0 0 0 0 0 0 0 0 0 0 0 0 0 0 0 0 127
2 111 151 0 0 0 0 0 0 0 0 0 0 0 0 0 0 0 0 0 0 0 0 0 0 0 0 0 0 0 0 0 0 0 0 0 0 0 0 0 0 0 0 0 0 0 0 0 0 0 0 0 0 0 0 0 0 127
2 111 152 0 0 0 0 0 0 0 0 0 0 0 0 0 0 0 0 0 0 0 0 0 0 0 0 0 0 0 0 0 0 0 0 0 0 0 0 0 0 0 0 0 0 0 0 0 0 0 0 0 0 0 0 0 0 127
2 111 153 0 0 0 0 0 0 0 0 0 0 0 0 0 0 0 0 0 0 0 0 0 0 0 0 0 0 0 0 0 0 0 0 0 0 0 0 0 0 0 0 0 0 0 0 0 0 0 0 0 0 0 0 0 0 127
2 111 154 0 0 0 0 0 0 0 0 0 0 0 0 0 0 0 0 0 0 0 0 0 0 0 0 0 0 0 0 0 0 0 0 0 0 0 0 0 0 0 0 0 0 0 0 0 0 0 0 0 0 0 0 0 0 127
2 111 155 0 0 0 396.921 13.8793 0.800856 417.83 27.6912 0.831084 451.715 68.2116 0.847036 495.057 89.9553 0.887659 369.475 4.84747 0.747335 333.858 27.6901 0.814754 337.748 35.9517 0.268411 368.619 83.1643 0.738167 379.753 124.642 0.750959 392.247 178.097 0.826205 338.374 69.0709 0.756628 327.661 110.277 0.744611 317.781 149.97 0.886217 0 0 0 0 0 0 425.615 4.83367 0.630767 0 0 0 1
2 111 156 438.797 4.82578 0.39001 397.32 12.5211 0.820055 418.049 26.8103 0.840928 449.984 68.3266 0.849905 492.158 89.2025 0.93551 371.073 4.84859 0.757104 335.39 26.8569 0.806909 338.148 36.3179 0.275184 368.49 81.1739 0.736397 379.913 123.698 0.755904 392.279 178.095 0.82588 338.67 67.0172 0.764734 328.907 109.394 0.750607 318.552 150.034 0.885653 0 0 0 0 0 0 426.338 4.83621 0.608261 0 0 0 1
2 111 157 438.287 4.83134 0.1 397.72 11.163 0.1 418.268 25.9295 0.1 448.253 68.4415 0.1 489.26 88.4497 0.1 372.67 4.84972 0.1 336.922 26.0238 0.1 338.547 36.6842 0.1 368.361 79.1835 0.1 380.073 122.753 0.1 392.312 178.094 0.1 338.966 64.9634 0.1 330.152 108.511 0.1 319.322 150.097 0.1 0 0 0 0 0 0 427.06 4.83875 0.1 0 0 0 127
2 111 158 437.776 4.83689 0.1 398.12 9.80485 0.1 418.487 25.0486 0.1 446.522 68.5565 0.1 486.361 87.6969 0.1 374.268 4.85085 0.1 338.454 25.1906 0.1 338.946 37.0505 0.1 368.232 77.193 0.1 380.234 121.809 0.1 392.344 178.092 0.1 339.262 62.9097 0.1 331.397 107.627 0.1 320.093 150.16 0.1 0 0 0 0 0 0 427.783 4.84129 0.1 0 0 0 127
2 111 159 437.265 4.84245 0.1 398.52 8.44671 0.1 418.706 24.1678 0.1 444.791 68.6714 0.1 483.463 86.944 0.1 375.865 4.85197 0.1 339.986 24.3574 0.1 339.345 37.4168 0.1 368.104 75.2026 0.1 380.394 120.864 0.1 392.377 178.09 0.1 339.558 60.8559 0.1 332.643 106.744 0.1 320.863 150.224 0.1 0 0 0 0 0 0 428.505 4.84383 0.1 0 0 0 127
2 111 160 436.754 4.84801 0.1 398.735 7.46482 0.1 418.704 23.2918 0.1 442.61 68.6844 0.1 479.994 86.3023 0.1 376.515 4.85377 0.1 341.069 23.6933 0.1 339.356 37.8573 0.1 367.887 73.6796 0.1 380.603 119.998 0.1 392.165 178.092 0.1 339.564 59.3349 0.1 334.384 106.095 0.1 321.941 150.219 0.1 0 0 0 0 0 0 428.948 4.84673 0.1 0 0 0 127
2 111 161 436.972 4.85198 0.305497 398.728 6.48246 0.827986 418.273 22.2003 0.87888 439.788 68.4737 0.909404 474.793 86.7323 0.867452 376.518 4.85578 0.462331 341.734 22.8221 0.679696 339.37 38.0789 0.257198 368.099 72.5954 0.773604 380.816 119.57 0.85352 392.161 178.097 0.818664 339.999 58.2554 0.762325 336.127 106.095 0.887064 323.462 150.222 0.89078 0 0 0 0 0 0 428.942 4.85037 0.483761 0 0 0 1
2 111 162 437.973 4.85565 0.202354 398.248 5.71794 0.775362 417.827 21.2363 0.836101 436.015 68.0419 0.832502 469.228 87.4671 0.927244 376.171 4.85784 0.401202 342.308 22.037 0.560725 339.411 38.5084 0.419098 368.314 71.772 0.783862 380.996 119.439 0.851642 392.115 178.3 0.819899 340.607 57.694 0.779139 338.597 106.443 0.874265 325.374 150.052 0.840349 0 0 0 0 0 0 428.418 4.85363 0.461843 0 0 0 1
2 111 163 439.757 4.85903 0.152439 396.856 5.17099 0.762647 416.956 20.4046 0.827085 432.153 67.3935 0.865209 462.876 88.5132 0.812495 375.26 4.85867 0.37412 342.571 21.5452 0.36484 339.073 38.9461 0.295579 368.316 71.2062 0.763486 381.141 118.965 0.806536 391.809 178.299 0.843311 340.958 57.651 0.793826 340.944 106.704 0.82817 328.542 149.92 0.805016 0 0 0 0 0 0 427.153 4.85618 0.402614 0 0 0 1
2 111 164 442.326 4.86211 0.118192 395.206 4.84184 0.788657 416.076 19.6979 0.843496 427.973 66.5267 0.907768 455.525 89.6456 0.858464 373.997 4.85973 0.389543 342.527 21.1469 0.508274 338.768 39.1675 0.421223 368.309 70.9014 0.764562 381.229 118.58 0.836669 391.678 178.3 0.861687 341.05 58.3405 0.813927 343.38 107.526 0.808806 332.102 149.841 0.832146 0 0 0 0 0 0 426.235 4.85867 0.311617 0 0 0 1
2 111 165 445.678 4.8649 0.10951 393.507 4.73015 0.793391 414.337 18.9045 0.807662 422.84 65.6567 0.848974 447.828 90.866 0.824619 372.606 4.86083 0.437698 342.403 20.622 0.622275 338.081 39.816 0.493388 368.294 70.6404 0.743525 381.282 118.274 0.820512 391.289 178.299 0.872281 341.099 58.6898 0.768704 347.194 108.692 0.782647 335.844 149.804 0.840554 0 0 0 0 0 0 424.584 4.8608 0.245215 0 0 0 1
2 111 166 449.813 4.8674 0.1 391.755 4.83773 0.743491 413.248 17.809 0.829187 417.621 64.14 0.85293 439.13 91.3163 0.820192 370.647 4.8622 0.433811 342.403 19.7429 0.579065 337.427 39.8132 0.381643 368.723 70.2057 0.734747 381.299 117.844 0.802747 390.64 178.29 0.87558 342.18 58.6934 0.738793 350.889 109.562 0.695618 339.982 150.013 0.803247 0 0 0 0 0 0 423.932 4.86222 0.20029 0 0 0 1
2 111 167 455.644 4.86838 0.1 390.669 4.84034 0.790024 411.47 16.5355 0.806562 412.399 62.1524 0.857416 430.389 91.4569 0.841836 369.563 4.86361 0.502132 341.299 19.4573 0.631361 337.516 39.9048 0.414707 369.582 69.9806 0.741547 381.747 117.406 0.844709 389.781 178.063 0.871311 343.475 58.7008 0.73667 354.369 109.997 0.744335 344.55 149.806 0.795568 0 0 0 0 0 0 422.327 4.86407 0.209048 0 0 0 0
2 111 168 461.474 4.86935 0.1 390.445 4.84055 0.771776 409.43 15.1004 0.788934 407.614 60.1064 0.782611 422.046 91.4978 0.77963 370.652 4.86185 0.48101 340.194 19.1717 0.639602 337.606 39.9965 0.289095 371.318 69.335 0.73421 382.188 117.191 0.823691 389.34 177.838 0.844531 346.74 58.9258 0.725409 357.843 110.215 0.682559 348.901 149.37 0.852721 0 0 0 0 0 0 420.721 4.86592 0.230464 0 0 0 0
2 111 169 467.304 4.87032 0.1 389.657 4.84087 0.793841 407.125 13.7079 0.762982 402.828 57.8003 0.833475 414.084 91.2332 0.814304 371.668 4.85958 0.448353 339.09 18.8862 0.529327 337.695 40.0881 0.350541 372.549 68.9714 0.738909 382.424 116.97 0.850876 388.901 177.607 0.833873 349.92 59.5768 0.69891 361.026 110.645 0.624396 353.103 149.152 0.791165 0 0 0 0 0 0 419.116 4.86776 0.189145 0 0 0 0
2 111 170 473.135 4.87129 0.115525 388.503 4.84132 0.512851 404.554 12.3583 0.818123 398.042 55.4576 0.798102 407.161 90.4545 0.739796 372.176 4.85754 0.294287 337.985 18.6006 0.412984 337.785 40.1798 0.295969 373.054 68.4626 0.683186 382.655 116.532 0.757672 388.464 177.374 0.822937 352.386 60.2286 0.637118 364.567 110.857 0.619352 356.936 148.929 0.729684 0 0 0 0 0 0 417.51 4.86961 0.149738 0 0 0 0
2 111 171 0 0 0 387.197 4.84179 0.547726 401.521 10.8368 0.1 393.901 53.0694 0.1 400.427 89.3734 0.1 371.961 4.85566 0.275496 0 0 0 0 0 0 373.051 68.2414 0.676279 382.877 115.884 0.735541 388.026 176.943 0.780464 354.345 61.0988 0.670865 367.608 111.069 0.701923 360.407 148.922 0.760613 0 0 0 0 0 0 0 0 0 0 0 0 0
2 111 172 0 0 0 386.1 4.84313 0.541731 398.474 9.41865 0.1 388.899 50.8989 0.1 394.562 87.8497 0.1 370.875 4.85511 0.326436 0 0 0 0 0 0 373.043 68.0243 0.625886 382.874 115.45 0.742324 387.81 176.288 0.715628 356.515 61.7589 0.504428 369.995 111.281 0.635695 362.584 148.918 0.711833 0 0 0 0 0 0 0 0 0 0 0 0 0
2 111 173 0 0 0 384.931 4.8446 0.1 394.64 8.00611 0.1 383.763 48.7279 0.1 389.566 86.1125 0.1 370.875 4.85417 0.1 0 0 0 0 0 0 372.461 67.6631 0.1 382.812 115.011 0.1 387.522 175.773 0.1 359.042 61.9118 0.1 372.091 111.135 0.1 364.327 148.904 0.1 0 0 0 0 0 0 0 0 0 0 0 0 127
2 111 174 0 0 0 383.477 4.84653 0.1 390.87 6.81089 0.1 379.132 46.3413 0.1 384.786 84.16 0.1 371.74 4.85301 0.1 0 0 0 0 0 0 371.304 67.375 0.1 382.669 114.578 0.1 387.596 175.406 0.1 361.713 62.63 0.1 372.604 110.847 0.1 365.845 148.889 0.1 0 0 0 0 0 0 0 0 0 0 0 0 127
2 111 175 0 0 0 381.744 4.84709 0.645283 385.652 6.04846 0.796104 374.138 44.3826 0.708025 380.878 82.8503 0.802948 373.906 4.8514 0.434085 0 0 0 0 0 0 369.119 67.3775 0.664712 382.448 114.354 0.796318 388.034 175.19 0.749497 363.45 63.919 0.500396 373.033 111.058 0.573719 366.924 148.671 0.735557 0 0 0 0 0 0 397.112 4.88445 0.0824273 0 0 0 0
2 111 176 0 0 0 378.919 4.84776 0.582893 379.822 5.4592 0.705018 369.346 42.897 0.456736 377.435 81.1987 0.54521 374.984 4.84913 0.425817 349.329 35.2729 0.307222 334.547 68.4009 0.167819 366.297 66.7343 0.64691 380.922 113.917 0.728697 388.037 174.325 0.665267 365.416 64.1348 0.472714 374.332 110.841 0.5311 367.359 148.665 0.658158 0 0 0 0 0 0 0 0 0 0 0 0 0
2 111 177 0 0 0 375.435 4.85128 0.1 374.471 5.04589 0.1 364.351 41.4472 0.1 374.046 79.4137 0.1 373.672 4.8511 0.1 354.285 33.4534 0.1 0 0 0 361.955 66.0798 0.1 379.606 112.833 0.1 387.598 173.03 0.1 364.984 63.9259 0.1 375.647 110.2 0.1 367.798 148.675 0.1 0 0 0 0 0 0 0 0 0 0 0 0 127
2 111 178 0 0 0 371.232 4.85276 0.1 368.732 4.8044 0.1 359.349 40.0495 0.1 370.271 77.4965 0.1 371.787 4.85168 0.1 359.24 31.6339 0.1 0 0 0 358.773 66.0064 0.1 377.862 112.832 0.1 386.94 171.953 0.1 365.057 63.7114 0.1 376.376 110.63 0.1 368.598 149.768 0.1 0 0 0 0 0 0 0 0 0 0 0 0 127
2 111 179 0 0 0 367.61 4.85568 0.471546 363.036 4.73849 0.634951 354.358 38.4806 0.847217 366.757 75.6717 0.897303 371.067 4.85307 0.328232 364.196 29.8143 0.1 0 0 0 356.092 64.7804 0.781192 376.108 112.617 0.779761 385.857 171.519 0.776424 365.636 62.6268 0.592283 376.741 110.633 0.597187 369.759 150.861 0.740465 0 0 0 0 0 0 0 0 0 0 0 0 0
2 111 180 0 0 0 364.784 4.85834 0.506209 357.381 4.84676 0.716496 349.584 36.3094 0.821595 363.489 73.9215 0.931695 371.667 4.85431 0.382533 369.152 27.9948 0.111494 0 0 0 354.132 63.4809 0.734499 374.152 112.619 0.699509 383.91 170.878 0.749642 366.513 61.1147 0.6735 376.74 110.854 0.659207 370.631 152.167 0.728654 0 0 0 0 0 0 0 0 0 0 0 0 0
2 111 181 0 0 0 362.831 4.86017 0.277193 351.949 4.84962 0.442777 345.565 34.025 0.797044 359.9 71.9601 0.900971 373.95 4.85547 0.200956 374.367 25.2854 0.1 0 0 0 352.277 61.9596 0.72512 371.76 112.401 0.670956 381.414 170.333 0.774512 367.386 59.4806 0.683442 377.064 110.537 0.767246 371.609 152.93 0.606617 0 0 0 0 0 0 0 0 0 0 0 0 0
2 111 182 0 0 0 361.382 4.86169 0.543325 347.099 4.85197 0.649946 341.796 31.8471 0.786464 356.202 69.7835 0.924138 375.744 4.85686 0.456749 378.767 22.461 0.351013 381.694 48.319 0.373392 350.894 60.3611 0.720036 368.787 111.746 0.840243 378.227 169.312 0.825023 368.111 57.8076 0.729448 377.138 109.393 0.763919 372.698 153.15 0.599266 0 0 0 0 0 0 352.118 4.8838 0.0734104 0 0 0 0
2 111 183 0 0 0 360.869 4.86312 0.276834 343.042 4.85369 0.378145 337.955 29.8735 0.823204 352.514 67.6081 0.911813 377.051 4.85845 0.192372 382.35 19.5218 0.257613 387.184 43.6187 0.367808 349.878 58.9094 0.718833 365.666 111.525 0.797253 374.459 168.155 0.757816 368.488 56.2199 0.759433 377.279 108.382 0.692974 373.137 153.367 0.589837 0 0 0 0 0 0 0 0 0 0 0 0 0
2 111 184 0 0 0 360.211 4.86462 0.1 338.69 4.8548 0.204723 334.466 27.9033 0.836258 349.033 65.44 0.886171 377.176 4.86064 0.1 384.269 16.4295 0.1 392.674 38.9185 0.1 348.371 57.3823 0.752823 362.401 111.303 0.844234 370.104 166.852 0.794704 368.702 54.4858 0.713869 377.064 107.087 0.713332 373.363 153.16 0.59404 0 0 0 0 0 0 0 0 0 0 0 0 0
2 111 185 0 0 0 359.553 4.86612 0.1 335.267 4.85669 0.1 330.964 25.2103 0.1 345.107 63.4796 0.1 377.3 4.86283 0.1 386.189 13.3372 0.1 398.165 34.2183 0.1 347.793 56.4318 0.1 359.4 111.43 0.1 365.585 166.441 0.1 368.729 53.7755 0.1 375.775 106.484 0.1 373.703 152.813 0.1 0 0 0 0 0 0 0 0 0 0 0 0 127
2 111 186 0 0 0 358.896 4.86762 0.195153 331.844 4.85857 0.246653 327.463 22.5173 0.777063 341.18 61.5193 0.822836 377.424 4.86502 0.1 388.108 10.2449 0.1 404.519 28.8422 0.1 347.215 55.4813 0.777771 356.399 111.558 0.800455 361.066 166.031 0.784829 368.755 53.0652 0.818725 374.486 105.881 0.766112 374.043 152.467 0.741097 0 0 0 0 0 0 0 0 0 0 0 0 0
2 111 187 0 0 0 358.238 4.86911 0.20735 328.421 4.86045 0.217846 323.962 19.8242 0.798508 337.253 59.5589 0.868523 377.548 4.8672 0.293694 390.028 7.15256 0.570013 410.873 23.4661 0.756363 346.637 54.5309 0.762212 353.398 111.685 0.846282 356.548 165.62 0.832065 368.781 52.3548 0.857193 373.197 105.278 0.789419 374.383 152.12 0.802381 0 0 0 0 0 0 0 0 0 0 0 0 0
2 111 188 0 0 0 352.212 4.8792 0.0988009 324.998 4.86234 0.203532 320.461 17.1312 0.784496 333.327 57.5985 0.872108 0 0 0 0 0 0 0 0 0 346.059 53.5804 0.794754 350.396 111.812 0.806465 352.029 165.21 0.861065 368.808 51.6445 0.837181 371.908 104.675 0.803691 374.723 151.774 0.846979 0 0 0 0 0 0 0 0 0 0 0 0 0
2 111 189 0 0 0 0 0 0 0 0 0 0 0 0 0 0 0 0 0 0 0 0 0 0 0 0 0 0 0 0 0 0 0 0 0 0 0 0 0 0 0 0 0 0 0 0 0 0 0 0 0 0 0 0 0 0 127
2 111 190 0 0 0 0 0 0 0 0 0 0 0 0 0 0 0 0 0 0 0 0 0 0 0 0 0 0 0 0 0 0 0 0 0 0 0 0 0 0 0 0 0 0 0 0 0 0 0 0 0 0 0 0 0 0 127
2 111 191 0 0 0 0 0 0 0 0 0 0 0 0 0 0 0 0 0 0 0 0 0 0 0 0 0 0 0 0 0 0 0 0 0 0 0 0 0 0 0 0 0 0 0 0 0 0 0 0 0 0 0 0 0 0 127
2 111 192 0 0 0 0 0 0 0 0 0 0 0 0 0 0 0 0 0 0 0 0 0 0 0 0 0 0 0 0 0 0 0 0 0 0 0 0 0 0 0 0 0 0 0 0 0 0 0 0 0 0 0 0 0 0 127
2 111 193 0 0 0 0 0 0 0 0 0 0 0 0 0 0 0 0 0 0 0 0 0 0 0 0 0 0 0 0 0 0 0 0 0 0 0 0 0 0 0 0 0 0 0 0 0 0 0 0 0 0 0 0 0 0 127
2 111 194 0 0 0 0 0 0 0 0 0 0 0 0 0 0 0 0 0 0 0 0 0 0 0 0 0 0 0 0 0 0 0 0 0 0 0 0 0 0 0 0 0 0 0 0 0 0 0 0 0 0 0 0 0 0 127
2 111 195 0 0 0 0 0 0 0 0 0 0 0 0 0 0 0 0 0 0 0 0 0 0 0 0 0 0 0 0 0 0 0 0 0 0 0 0 0 0 0 0 0 0 0 0 0 0 0 0 0 0 0 0 0 0 127
2 111 196 0 0 0 0 0 0 0 0 0 0 0 0 0 0 0 0 0 0 0 0 0 0 0 0 0 0 0 0 0 0 0 0 0 0 0 0 0 0 0 0 0 0 0 0 0 0 0 0 0 0 0 0 0 0 127
2 111 197 0 0 0 0 0 0 0 0 0 0 0 0 0 0 0 0 0 0 0 0 0 0 0 0 0 0 0 0 0 0 0 0 0 0 0 0 0 0 0 0 0 0 0 0 0 0 0 0 0 0 0 0 0 0 127
2 111 198 0 0 0 0 0 0 0 0 0 0 0 0 0 0 0 0 0 0 0 0 0 0 0 0 0 0 0 0 0 0 0 0 0 0 0 0 0 0 0 0 0 0 0 0 0 0 0 0 0 0 0 0 0 0 127
2 111 199 0 0 0 0 0 0 0 0 0 0 0 0 0 0 0 0 0 0 0 0 0 0 0 0 0 0 0 0 0 0 0 0 0 0 0 0 0 0 0 0 0 0 0 0 0 0 0 0 0 0 0 0 0 0 127
2 111 200 0 0 0 0 0 0 0 0 0 0 0 0 0 0 0 0 0 0 0 0 0 0 0 0 0 0 0 0 0 0 0 0 0 0 0 0 0 0 0 0 0 0 0 0 0 0 0 0 0 0 0 0 0 0 127
2 111 201 0 0 0 0 0 0 0 0 0 0 0 0 0 0 0 0 0 0 0 0 0 0 0 0 0 0 0 0 0 0 0 0 0 0 0 0 0 0 0 0 0 0 0 0 0 0 0 0 0 0 0 0 0 0 127
2 111 202 0 0 0 0 0 0 0 0 0 0 0 0 0 0 0 0 0 0 0 0 0 0 0 0 0 0 0 0 0 0 0 0 0 0 0 0 0 0 0 0 0 0 0 0 0 0 0 0 0 0 0 0 0 0 127
2 111 203 0 0 0 0 0 0 0 0 0 0 0 0 0 0 0 0 0 0 0 0 0 0 0 0 0 0 0 0 0 0 0 0 0 0 0 0 0 0 0 0 0 0 0 0 0 0 0 0 0 0 0 0 0 0 127
2 111 204 0 0 0 305.211 4.86838 0.0861319 277.79 4.8653 0.240886 273.983 17.5555 0.704725 285.614 48.9199 0.854155 0 0 0 0 0 0 0 0 0 303.168 52.8103 0.874672 303.309 99.7513 0.881716 313.056 146.817 0.889777 334.517 48.8929 0.864421 354.13 97.8347 0.874731 367.921 148.632 0.925199 0 0 0 0 0 0 0 0 0 0 0 0 0
2 111 205 0 0 0 0 0 0 0 0 0 0 0 0 0 0 0 0 0 0 0 0 0 0 0 0 0 0 0 0 0 0 0 0 0 0 0 0 0 0 0 0 0 0 0 0 0 0 0 0 0 0 0 0 0 0 127
2 111 206 0 0 0 0 0 0 0 0 0 0 0 0 0 0 0 0 0 0 0 0 0 0 0 0 0 0 0 0 0 0 0 0 0 0 0 0 0 0 0 0 0 0 0 0 0 0 0 0 0 0 0 0 0 0 127
2 111 207 0 0 0 0 0 0 0 0 0 0 0 0 0 0 0 0 0 0 0 0 0 0 0 0 0 0 0 0 0 0 0 0 0 0 0 0 0 0 0 0 0 0 0 0 0 0 0 0 0 0 0 0 0 0 127
2 111 208 0 0 0 0 0 0 0 0 0 0 0 0 0 0 0 0 0 0 0 0 0 0 0 0 0 0 0 0 0 0 0 0 0 0 0 0 0 0 0 0 0 0 0 0 0 0 0 0 0 0 0 0 0 0 127
2 111 209 0 0 0 0 0 0 0 0 0 0 0 0 0 0 0 0 0 0 0 0 0 0 0 0 0 0 0 0 0 0 0 0 0 0 0 0 0 0 0 0 0 0 0 0 0 0 0 0 0 0 0 0 0 0 127
2 111 210 0 0 0 0 0 0 0 0 0 0 0 0 0 0 0 0 0 0 0 0 0 0 0 0 0 0 0 0 0 0 0 0 0 0 0 0 0 0 0 0 0 0 0 0 0 0 0 0 0 0 0 0 0 0 127
2 111 211 0 0 0 0 0 0 0 0 0 0 0 0 0 0 0 0 0 0 0 0 0 0 0 0 0 0 0 0 0 0 0 0 0 0 0 0 0 0 0 0 0 0 0 0 0 0 0 0 0 0 0 0 0 0 127
2 111 212 0 0 0 0 0 0 0 0 0 0 0 0 0 0 0 0 0 0 0 0 0 0 0 0 0 0 0 0 0 0 0 0 0 0 0 0 0 0 0 0 0 0 0 0 0 0 0 0 0 0 0 0 0 0 127
2 111 213 0 0 0 0 0 0 0 0 0 0 0 0 0 0 0 0 0 0 0 0 0 0 0 0 0 0 0 0 0 0 0 0 0 0 0 0 0 0 0 0 0 0 0 0 0 0 0 0 0 0 0 0 0 0 127
2 111 214 0 0 0 282.228 4.86937 0.100764 256.21 4.86755 0.0994741 0 0 0 0 0 0 0 0 0 0 0 0 0 0 0 279.105 50.9784 0.763651 293.465 101.824 0.782073 311.098 146.681 0.840929 304.188 49.9708 0.800208 316.248 99.7074 0.832299 339.195 147.155 0.799644 0 0 0 0 0 0 0 0 0 0 0 0 0
2 111 215 0 0 0 278.737 4.86965 0.121884 257.64 4.86206 0.118685 0 0 0 0 0 0 299.611 4.87366 0.135461 0 0 0 0 0 0 277.595 50.8411 0.74674 293.525 101.037 0.72147 311.745 146.154 0.739045 301.128 49.4851 0.813264 310.503 99.7789 0.763722 329.777 148.032 0.697025 0 0 0 0 0 0 0 0 0 0 0 0 0
2 111 216 0 0 0 275.245 4.86992 0.122194 254.022 4.86092 0.116284 0 0 0 0 0 0 294.137 4.8748 0.116802 304.586 16.2123 0.729512 314.975 53.517 0.813962 276.086 50.7039 0.824353 293.584 100.25 0.803599 312.391 145.628 0.797296 298.068 48.9994 0.795327 304.758 99.8503 0.766298 320.36 148.909 0.768396 0 0 0 0 0 0 0 0 0 0 0 0 0
2 111 217 0 0 0 271.754 4.87019 0.102596 250.404 4.85978 0.1 0 0 0 0 0 0 288.664 4.87594 0.1 300.262 16.9067 0.1 309.49 54.2709 0.1 274.576 50.5666 0.776846 293.644 99.4634 0.713157 313.037 145.101 0.686679 295.008 48.5137 0.699411 299.013 99.9218 0.730714 310.942 149.786 0.718843 0 0 0 0 0 0 0 0 0 0 0 0 0
2 111 218 0 0 0 268.263 4.87046 0.139508 246.786 4.85865 0.127272 0 0 0 0 0 0 283.191 4.87707 0.134937 295.937 17.601 0.72704 304.005 55.0249 0.83266 273.066 50.4294 0.767935 293.703 98.6765 0.703146 313.683 144.575 0.610502 291.948 48.028 0.735117 293.269 99.9933 0.759572 301.524 150.663 0.77508 0 0 0 0 0 0 0 0 0 0 0 0 0
2 111 219 0 0 0 264.346 4.87088 0.117054 243.168 4.85751 0.134253 242.325 16.7674 0.594249 242.878 37.5984 0.895925 277.717 4.87821 0.104632 291.612 18.2954 0.731088 298.52 55.7788 0.745779 271.106 50.4288 0.789824 293.474 98.2393 0.665333 314.116 144.352 0.647516 288.91 47.8136 0.745508 286.965 99.9912 0.783444 292.612 150.666 0.704215 0 0 0 0 0 0 0 0 0 0 0 0 0
2 111 220 0 0 0 260 4.87131 0.181341 239.699 4.85631 0.188015 239.356 17.3522 0.646645 239.546 38.5347 0.901082 271.854 4.87871 0.11993 287.288 18.9897 0.778319 293.035 56.5327 0.826544 268.282 50.2078 0.816062 292.816 97.8104 0.73987 314.326 144.34 0.782161 285.448 47.3838 0.738625 281.514 99.765 0.786707 283.919 150.677 0.724873 0 0 0 0 0 0 0 0 0 0 0 0 0
2 111 221 0 0 0 256.524 4.87069 0.20397 236.881 4.85549 0.203928 236.387 17.937 0.591673 236.214 39.471 0.872225 267.726 4.8761 0.152203 282.938 19.6518 0.837515 287.389 57.1927 0.850012 266.095 50.422 0.815765 292.597 97.5899 0.788186 315.189 144.327 0.813185 281.745 47.6087 0.727486 275.635 99.5602 0.853533 275.443 150.677 0.791891 0 0 0 0 0 0 0 0 0 0 0 0 0
2 111 222 0 0 0 252.4 4.86848 0.178905 233.076 4.85487 0.164776 233.418 18.5217 0.61566 232.883 40.4073 0.841185 262.837 4.87445 0.154009 278.27 20.2061 0.833427 281.733 58.2781 0.810388 262.838 51.7218 0.78172 291.946 97.8089 0.851081 315.832 144.115 0.811635 277.83 49.13 0.704059 269.328 100.002 0.782698 268.06 150.891 0.7734 0 0 0 0 0 0 0 0 0 0 0 0 0
2 111 223 0 0 0 247.403 4.86692 0.174813 228.734 4.85335 0.157481 230.449 19.1065 0.60058 229.551 41.3436 0.924942 256.754 4.8723 0.125429 273.694 21.0734 0.826752 276.286 59.7887 0.853219 259.359 52.3779 0.761075 290.639 98.0243 0.847856 315.832 144.328 0.847136 273.908 49.7911 0.709825 263.885 100.223 0.79445 261.093 151.114 0.859056 0 0 0 0 0 0 0 0 0 0 0 0 0
2 111 224 0 0 0 243.484 4.86461 0.208577 225.462 4.85094 0.231445 227.838 20.6295 0.661556 226.29 42.2106 0.909032 251.314 4.86852 0.127671 269.121 21.7415 0.800642 269.989 61.0911 0.83334 256.321 53.2521 0.728334 289.557 98.6726 0.823175 315.184 145.403 0.840384 269.568 51.3168 0.72463 258.681 100.887 0.81938 254.786 151.764 0.778659 0 0 0 0 0 0 0 0 0 0 0 0 0
2 111 225 0 0 0 238.7 4.86231 0.292942 221.54 4.85002 0.253952 224.582 22.5796 0.591487 223.035 43.7184 0.851036 245.875 4.86473 0.227144 264.125 23.051 0.841972 264.339 62.5942 0.818777 253.708 54.3448 0.710554 287.82 99.5333 0.843284 313.896 145.623 0.867929 264.362 53.9149 0.697656 253.902 101.55 0.776285 249.801 151.761 0.82035 0 0 0 0 0 0 0 0 0 0 0 0 0
2 111 226 0 0 0 233.707 4.86048 0.290363 216.986 4.84883 0.265758 221.755 24.7565 0.582649 221.297 46.7509 0.826445 240.44 4.86327 0.239007 258.913 24.5702 0.854789 258.257 63.8875 0.88272 250.665 54.7825 0.657955 285.431 99.7572 0.838776 312.601 145.613 0.834147 259.363 54.9999 0.719178 249.333 101.765 0.770067 246.329 151.108 0.84079 0 0 0 0 0 0 0 0 0 0 0 0 0
2 111 227 203.457 4.87186 0.0638933 228.486 4.85898 0.411202 213.064 4.84772 0.424477 219.145 27.3008 0.612249 219.183 49.4795 0.787554 234.926 4.85898 0.353243 253.825 26.1728 0.824736 252.164 65.3455 0.834619 248.491 55.2272 0.699265 283.041 100.188 0.831543 311.088 144.966 0.834387 254.357 56.0925 0.737399 244.353 102.2 0.783122 244.369 150.897 0.834246 0 0 0 0 0 0 0 0 0 209.421 4.88392 0.087589 0
2 111 228 201.543 4.87251 0.0639038 223.789 4.85753 0.499501 208.784 4.84698 0.521547 216.535 29.8451 0.493693 217.069 52.208 0.641146 229.412 4.8547 0.443584 248.737 27.7755 0.793951 246.071 66.8035 0.839807 246.356 55.1087 0.622882 279.869 100.233 0.762465 308.483 143.971 0.830772 248.924 57.1348 0.692014 240.493 102.561 0.735666 242.633 151.152 0.789636 0 0 0 0 0 0 0 0 0 209.392 4.88592 0.119876 0
2 111 229 183.947 4.87656 0.0624674 218.522 4.8564 0.517455 204.504 4.84623 0.517423 213.925 32.3893 0.497437 214.955 54.9366 0.546377 223.898 4.85041 0.474527 243.65 29.3781 0.809271 239.978 68.2615 0.827367 244.045 54.8492 0.599424 275.695 100.098 0.761996 304.796 142.417 0.84756 243.482 57.9189 0.721504 236.68 103.043 0.705636 241.549 151.447 0.809706 0 0 0 0 0 0 0 0 0 195.625 4.88783 0.0903727 0
2 111 230 181.965 4.87747 0.0715923 212.465 4.85582 0.473343 200.224 4.84549 0.439118 211.315 34.9336 0.308442 212.841 57.6652 0.250314 218.384 4.84612 0.456185 238.562 30.9808 0.769885 233.885 69.7195 0.757639 241.57 53.8085 0.621285 270.523 99.5739 0.813516 300.022 140.513 0.863127 238.274 57.7858 0.731915 233.125 103.211 0.717228 241.115 151.787 0.847516 0 0 0 0 0 0 0 0 0 193.664 4.88588 0.0845935 0
2 111 231 178.043 4.88483 0.0680783 206.284 4.85489 0.480984 195.944 4.84475 0.420858 0 0 0 0 0 0 0 0 0 0 0 0 0 0 0 239.779 52.4229 0.679011 264.563 98.8808 0.789159 294.16 138.47 0.854991 233.709 57.3954 0.735004 230.47 103.074 0.790485 240.89 151.964 0.889046 0 0 0 0 0 0 0 0 0 0 0 0 0
2 111 232 0 0 0 200.408 4.8548 0.1 0 0 0 0 0 0 0 0 0 0 0 0 0 0 0 0 0 0 237.815 50.6783 0.1 257.824 97.8009 0.1 287.852 135.871 0.1 228.935 56.7415 0.1 227.86 102.845 0.1 240.674 152.179 0.1 0 0 0 0 0 0 0 0 0 0 0 0 127
2 111 233 0 0 0 193.888 4.85634 0.1 0 0 0 0 0 0 0 0 0 0 0 0 0 0 0 0 0 0 233.902 49.3744 0.1 251.302 97.5845 0.1 280.67 134.791 0.1 223.719 56.0809 0.1 225.46 102.402 0.1 240.665 151.74 0.1 0 0 0 0 0 0 0 0 0 0 0 0 127
2 111 234 0 0 0 187.796 4.85818 0.1 0 0 0 0 0 0 0 0 0 0 0 0 0 0 0 0 0 0 229.125 48.2821 0.1 244.56 97.5917 0.1 273.263 135.22 0.1 218.498 55.0007 0.1 222.847 101.977 0.1 240.655 151.745 0.1 0 0 0 0 0 0 0 0 0 0 0 0 127
2 111 235 0 0 0 181.274 4.85895 0.1 0 0 0 0 0 0 0 0 0 0 0 0 0 0 0 0 0 0 223.474 48.2898 0.1 237.604 98.2513 0.1 264.779 135.446 0.1 213.501 54.7825 0.1 221.103 102.187 0.1 240.653 151.531 0.1 0 0 0 0 0 0 0 0 0 0 0 0 127
2 111 236 146.779 4.85656 0.203858 174.977 4.85932 0.427942 0 0 0 0 0 0 0 0 0 168.81 5.04864 0.612802 190.282 39.3483 0.814958 166.026 71.2244 0.85623 217.931 48.2837 0.631965 229.994 98.7952 0.587505 254.234 135.33 0.772512 209.479 54.3454 0.696928 219.575 102.074 0.747518 240.538 151.639 0.756131 0 0 0 0 0 0 0 0 0 158.418 4.87219 0.157142 0
2 111 237 146.659 4.86772 0.113493 169.243 4.85973 0.338272 162.351 4.85949 0.265222 176.039 21.4478 0.0702012 0 0 0 164.324 4.95916 0.473727 181.655 37.8001 0.898959 157.624 65.3459 0.841779 212.668 48.4052 0.582003 222.294 99.1837 0.643362 242.497 134.584 0.60874 205.777 53.9494 0.631651 217.792 101.729 0.679036 240.316 151.811 0.751243 0 0 0 0 0 0 0 0 0 0 0 0 0
2 111 238 0 0 0 163.857 4.85824 0.257834 155.506 4.86233 0.1 0 0 0 0 0 0 159.837 4.86968 0.388538 173.027 36.2518 0.823888 149.222 59.4675 0.843993 206.716 48.8784 0.531516 214.521 99.5236 0.545865 230.763 134.183 0.55663 202.076 53.5968 0.680373 215.966 101.47 0.676311 240.304 151.938 0.695206 0 0 0 0 0 0 0 0 0 0 0 0 0
2 111 239 133.106 4.8813 0.058792 158.497 4.85648 0.255609 148.661 4.86518 0.260572 160.417 33.2244 0.0921944 0 0 0 155.35 4.78019 0.1 164.4 34.7036 0.1 140.82 53.589 0.1 201.264 49.1568 0.528913 207.746 99.4979 0.56289 219.353 133.592 0.491161 197.94 53.5022 0.680014 213.665 101.189 0.612374 240.191 151.918 0.676414 0 0 0 0 0 0 0 0 0 0 0 0 0
2 111 240 0 0 0 153.164 4.85446 0.1 0 0 0 0 0 0 0 0 0 150.863 4.69071 0.1 155.773 33.1554 0.1 132.418 47.7105 0.1 196.311 49.2406 0.1 201.969 99.1066 0.1 208.266 132.811 0.1 193.368 53.6658 0.1 210.889 100.888 0.1 239.977 151.752 0.1 0 0 0 0 0 0 0 0 0 0 0 0 127
2 111 241 0 0 0 147.732 4.85211 0.196355 0 0 0 0 0 0 0 0 0 145.86 4.63655 0.251092 146.865 31.629 0.798683 124.223 41.8703 0.806057 190.439 49.6726 0.575686 197.19 98.8904 0.50772 198.048 133.244 0.61536 187.709 54.0904 0.665798 207.851 100.669 0.781527 239.757 151.33 0.763758 0 0 0 0 0 0 0 0 0 0 0 0 0
2 111 242 0 0 0 142.517 4.85132 0.274142 0 0 0 0 0 0 0 0 0 140.42 4.63319 0.311094 138.385 30.1026 0.706587 116.536 35.6365 0.702092 185.652 49.8851 0.646382 190.882 98.8879 0.623463 188.914 132.584 0.74994 183.359 53.8796 0.668179 204.807 100.463 0.851997 238.683 151.112 0.81041 0 0 0 0 0 0 0 0 0 132.944 4.86061 0.0590057 0
2 111 243 0 0 0 137.733 4.85041 0.1 0 0 0 0 0 0 0 0 0 134.987 4.63008 0.1 130.128 28.3612 0.1 109.785 29.4359 0.1 181.516 49.02 0.1 185.443 98.4468 0.1 180.432 130.621 0.1 179.436 53.4428 0.1 201.108 100.021 0.1 237.177 150.455 0.1 0 0 0 0 0 0 0 0 0 0 0 0 127
2 111 244 115.335 4.87679 0.052358 132.298 4.85145 0.379259 0 0 0 0 0 0 0 0 0 129.154 4.6275 0.419885 122.088 26.6211 0.633107 103.945 23.9607 0.342961 176.512 47.7115 0.590946 180.438 97.1408 0.508524 173.035 128.874 0.751294 174.439 52.1372 0.590706 196.755 99.1464 0.759136 235.436 150.004 0.737264 0 0 0 0 0 0 0 0 0 119.359 4.86891 0.0886412 0
2 111 245 101.73 4.86423 0.10779 126.654 4.85181 0.463294 128.731 4.84641 0.304566 0 0 0 0 0 0 122.921 4.62545 0.1 114.265 24.8823 0.1 99.0139 19.2108 0.1 171.626 46.1957 0.655213 176.302 96.159 0.625784 168.132 128.111 0.6496 169.111 51.2728 0.641483 191.537 98.38 0.727183 232.714 148.591 0.584526 0 0 0 0 0 0 0 0 0 0 0 0 0
2 111 246 86.2298 4.87541 0.123526 120.787 4.85276 0.392004 121.691 4.85049 0.183731 0 0 0 0 0 0 115.746 4.62427 0.490797 106.76 22.5971 0.799681 95.5323 15.1876 0.1 166.848 44.4566 0.652375 172.822 94.8598 0.689162 165.522 128.116 0.747898 163.031 50.1895 0.742054 186.306 97.7178 0.862822 229.237 146.425 0.850038 0 0 0 0 0 0 0 0 0 103.682 4.88149 0.113665 0
2 111 247 88.1166 4.89534 0.0695523 115.355 4.8556 0.380524 114.651 4.85457 0.187479 0 0 0 0 0 0 109.434 4.62596 0.433932 99.1596 19.7675 0.760863 92.7116 11.3863 0.361302 162.932 42.7181 0.609493 169.988 93.5647 0.702449 164.431 127.686 0.783228 157.163 48.8907 0.713339 180.215 96.6278 0.798089 220.986 143.813 0.875589 0 0 0 0 0 0 0 0 0 97.7724 4.8837 0.0956581 0
2 111 248 0 0 0 110.679 4.85869 0.268067 107.611 4.85865 0.135315 0 0 0 0 0 0 103.419 4.68086 0.1 92.7519 17.0454 0.1 90.0355 8.55772 0.1 158.836 41.5237 0.603437 166.942 92.6648 0.69556 163.961 128.084 0.753339 151.442 47.9539 0.645199 173.978 95.9378 0.777843 212.621 141.453 0.820222 0 0 0 0 0 0 0 0 0 0 0 0 0
2 111 249 0 0 0 106.757 4.86202 0.35178 100.571 4.86273 0.171584 0 0 0 0 0 0 97.7018 4.78897 0.414047 87.5367 14.4308 0.589372 87.5041 6.70191 0.217322 154.559 40.8733 0.606634 163.685 92.1599 0.725129 164.112 129.312 0.794236 145.868 47.3791 0.683312 167.594 95.6478 0.745764 204.141 139.344 0.727966 0 0 0 0 0 0 0 0 0 84.0281 4.88663 0.0922086 0
2 111 250 0 0 0 103.717 4.86567 0.245231 0 0 0 0 0 0 0 0 0 92.4872 4.84462 0.318159 82.5372 12.0363 0.1 84.8288 5.46494 0.1 151.52 40.2242 0.553835 160.216 91.5094 0.605256 164.34 129.964 0.714316 141.092 47.1635 0.595611 160.85 95.6556 0.660413 195.452 137.595 0.676093 0 0 0 0 0 0 0 0 0 0 0 0 0
2 111 251 0 0 0 101.32 4.86726 0.1 0 0 0 0 0 0 0 0 0 88.5651 4.84813 0.121599 77.6971 9.8625 0.405815 82.0815 4.84749 0.101095 148.048 38.9281 0.57573 158.042 89.7738 0.645133 164.566 128.669 0.508451 135.647 47.1602 0.581078 153.237 95.432 0.618889 186.542 136.947 0.56547 0 0 0 0 0 0 0 0 0 0 0 0 0
2 111 252 0 0 0 99.1463 4.86809 0.1 0 0 0 0 0 0 0 0 0 85.3039 4.85093 0.1 73.0216 7.90715 0.1 79.262 4.84956 0.1 144.146 38.7042 0.1 155.658 88.0434 0.1 164.574 127.806 0.1 129.787 47.3772 0.1 145.856 95.212 0.1 176.531 135.649 0.1 0 0 0 0 0 0 0 0 0 0 0 0 127
2 111 253 0 0 0 96.9719 4.86792 0.1 0 0 0 0 0 0 0 0 0 81.7186 4.85308 0.1 68.5035 6.16673 0.1 75.8961 4.85153 0.1 141.98 38.0516 0.1 153.271 86.5256 0.1 164.568 127.382 0.1 124.349 47.8192 0.1 137.389 95.0014 0.1 164.574 135.434 0.1 0 0 0 0 0 0 0 0 0 0 0 0 127
2 111 254 0 0 0 94.9972 4.86781 0.130547 0 0 0 0 0 0 0 0 0 78.4541 4.85444 0.221535 64.1429 4.64122 0.493662 71.9837 4.85342 0.141693 139.368 37.6144 0.713954 150.667 85.0087 0.730959 164.348 127.168 0.644808 119.126 48.2461 0.758797 129.781 95.2224 0.724679 152.188 136.306 0.6076 0 0 0 0 0 0 0 0 0 0 0 0 0
2 111 255 0 0 0 92.6005 4.86727 0.208996 109.546 4.87694 0.0697729 0 0 0 0 0 0 75.1971 4.85465 0.300992 59.4652 3.87902 0.1 66.9855 4.85378 0.1 136.319 37.6184 0.770404 147.843 83.9221 0.750159 163.906 127.164 0.658168 114.338 49.1099 0.767065 121.532 95.4446 0.740927 139.574 137.809 0.708797 0 0 0 0 0 0 0 0 0 0 0 0 0
2 111 256 0 0 0 89.3325 4.8668 0.23794 112.298 4.87656 0.10722 0 0 0 0 0 0 71.0695 4.85307 0.322467 54.8274 4.31359 0.1 61.6966 4.8528 0.1 132.844 37.8306 0.801169 145.229 83.4767 0.846803 162.811 127.603 0.79698 108.902 50.4107 0.777754 113.933 96.3159 0.773524 130.225 139.549 0.752455 0 0 0 0 0 0 0 0 0 0 0 0 0
2 111 257 0 0 0 85.636 4.86702 0.252573 105.237 4.87633 0.110548 0 0 0 0 0 0 66.8664 4.85324 0.324425 50.1169 5.18278 0.1 57.2746 4.85269 0.1 128.784 37.8272 0.798109 142.182 82.972 0.839546 161.429 127.534 0.802915 103.755 51.1359 0.815456 106.468 96.8922 0.765926 119.789 140.927 0.775039 0 0 0 0 0 0 0 0 0 0 0 0 0
2 111 258 0 0 0 81.0664 4.8667 0.306729 98.1758 4.87611 0.122032 0 0 0 0 0 0 61.9361 4.85362 0.42614 45.3335 6.48658 0.592745 53.7196 4.85344 0.1 124.148 37.8303 0.776758 138.918 82.8198 0.813999 159.975 127.175 0.844476 98.6786 51.7147 0.826977 98.941 97.3875 0.807974 108.266 142.587 0.844784 0 0 0 0 0 0 0 0 0 0 0 0 0
2 111 259 0 0 0 75.6315 4.86732 0.269178 91.1145 4.87588 0.1 0 0 0 0 0 0 56.0633 4.85467 0.394665 40.7581 7.57313 0.557213 48.4984 4.85265 0.138806 118.926 38.0476 0.765301 135.225 82.8079 0.83208 158.662 126.734 0.841146 93.239 51.9404 0.782484 91.7672 97.609 0.715789 96.537 144.109 0.768705 0 0 0 0 0 0 0 0 0 0 0 0 0
2 111 260 0 0 0 69.1203 4.86718 0.267302 84.0531 4.87565 0.10005 0 0 0 0 0 0 49.5398 4.85429 0.397066 36.0274 9.30577 0.1 42.7867 5.78048 0.1 113.495 38.265 0.79489 131.53 82.8028 0.880992 157.353 127.597 0.836316 87.1639 52.1628 0.814987 84.5945 97.1767 0.784979 85.8809 144.543 0.801067 0 0 0 0 0 0 0 0 0 0 0 0 0
2 111 261 0 0 0 62.3908 4.86755 0.159969 0 0 0 0 0 0 0 0 0 43.2399 4.85353 0.254782 31.9992 11.2615 0.1 36.5844 7.63691 0.1 108.044 38.9201 0.732421 128.044 83.2327 0.84157 156.05 128.244 0.802181 81.2865 52.5984 0.800358 77.6422 98.0482 0.764395 76.538 146.062 0.837453 0 0 0 0 0 0 0 0 0 0 0 0 0
2 111 262 0 0 0 56.0858 4.8687 0.118639 0 0 0 0 0 0 0 0 0 36.9357 4.85231 0.244373 27.6463 13.2221 0.573751 31.7396 10.4707 0.117467 101.738 38.9175 0.745551 123.259 83.6564 0.826214 154.332 127.81 0.801368 75.4116 52.8068 0.739659 71.3318 98.4747 0.798524 69.3614 146.511 0.798453 0 0 0 0 0 0 0 0 0 0 0 0 0
2 111 263 0 0 0 49.3571 4.86895 0.103443 0 0 0 0 0 0 0 0 0 29.9824 4.85075 0.16637 22.9688 15.1876 0.549659 28.2522 14.2819 0.20439 95.438 39.569 0.748441 118.704 84.3074 0.87468 152.385 127.163 0.795208 68.689 53.0289 0.782766 64.8171 98.4761 0.756136 63.4902 146.731 0.837704 0 0 0 0 0 0 0 0 0 0 0 0 0
2 111 264 0 0 0 43.0565 4.86798 0.149156 0 0 0 0 0 0 0 0 0 24.4287 4.85026 0.238223 19.1576 18.4491 0.525885 23.0039 18.5392 0.1 88.4909 40.4354 0.753663 113.499 85.1724 0.865336 149.565 126.085 0.794042 61.7337 53.2608 0.711013 59.1683 99.1267 0.687911 58.7039 146.969 0.870143 0 0 0 0 0 0 0 0 0 0 0 0 0
2 111 265 0 0 0 37.0816 4.86798 0.171786 0 0 0 0 0 0 0 0 0 18.7222 4.84798 0.267755 15.408 20.9661 0.602153 17.7556 22.7965 0.190186 81.746 40.4412 0.748944 106.556 85.1848 0.867518 144.788 123.908 0.805348 55.1112 53.3776 0.796902 53.7286 99.4508 0.774053 55.2197 147.42 0.845177 0 0 0 0 0 0 0 0 0 0 0 0 0
2 111 266 0 0 0 30.9896 4.86834 0.105957 0 0 0 0 0 0 0 0 0 13.0157 4.84569 0.1 11.6585 23.4831 0.1 12.5073 27.0538 0.1 75.0058 40.4455 0.726946 99.6062 85.3964 0.858582 139.793 122.168 0.821183 48.3842 53.5993 0.680892 48.731 99.6707 0.702279 53.0424 148.085 0.87154 0 0 0 0 0 0 0 0 0 0 0 0 0
2 111 267 0 0 0 25.2252 4.87028 0.145125 0 0 0 0 0 0 0 0 0 7.30922 4.84341 0.254492 7.90898 26.0001 0.491502 7.25894 31.3111 0.169375 68.2626 40.2266 0.754909 92.4336 85.3955 0.843101 134.365 120.646 0.767772 42.0851 52.3035 0.697729 43.7218 99.4567 0.727863 52.1774 148.525 0.839484 0 0 0 0 0 0 0 0 0 0 0 0 0
2 111 268 0 0 0 20.3267 4.8702 0.215546 0 0 0 0 0 0 0 0 0 1.60271 4.84113 0.248164 4.15944 28.5171 0.268171 0 0 0 61.5308 41.3098 0.69818 85.2558 85.6184 0.808477 127.845 118.698 0.769912 36.8687 51.7567 0.662428 39.1618 99.451 0.763005 51.7378 148.961 0.805313 0 0 0 0 0 0 0 0 0 0 0 0 0
2 111 269 0 0 0 16.5095 4.86996 0.1 0 0 0 0 0 0 0 0 0 0 0 0 0 0 0 0 0 0 55.5459 42.1727 0.72457 77.8696 85.8397 0.76812 120.887 117.073 0.704027 32.5213 51.965 0.1 35.4767 100.325 0.1 51.3038 149.4 0.1 0 0 0 0 0 0 0 0 0 0 0 0 0
2 111 269 0 0 0 12.3383 4.8706 0.1 0 0 0 0 0 0 0 0 0 0 0 0 0 0 0 0 0 0 49.3214 42.4011 0.1 69.2338 85.6445 0.1 112.278 114.925 0.1 28.1927 51.2306 0.708656 32.147 100.165 0.729342 51.0772 149.69 0.821126 0 0 0 0 0 0 0 0 0 0 0 0 0
2 111 270 0 0 0 8.16696 4.87124 0.135966 0 0 0 0 0 0 0 0 0 0 0 0 0 0 0 0 0 0 43.0969 42.6296 0.580081 60.598 85.4493 0.792118 103.668 112.777 0.796072 23.8641 50.4961 0.624282 28.8173 100.005 0.718076 50.8507 149.98 0.825271 0 0 0 0 0 0 0 0 0 0 0 0 0
2 111 271 0 0 0 3.99566 4.87188 0.1 0 0 0 0 0 0 0 0 0 0 0 0 0 0 0 0 0 0 36.8724 42.858 0.610015 51.9622 85.254 0.845203 95.0584 110.629 0.736671 19.5355 49.7617 0.1 25.4876 99.8448 0.1 50.6241 150.27 0.1 0 0 0 0 0 0 0 0 0 0 0 0 0
2 111 271 0 0 0 -0.175634 4.87252 0.1 0 0 0 0 0 0 0 0 0 0 0 0 0 0 0 0 0 0 30.6479 43.0865 0.1 43.3264 85.0588 0.1 86.4488 108.481 0.1 15.2068 49.0272 0.746462 22.1579 99.6847 0.784626 50.3976 150.56 0.856529 0 0 0 0 0 0 0 0 0 0 0 0 0
2 111 272 0 0 0 4.84547 4.8554 0.199775 0 0 0 0 0 0 0 0 0 0 0 0 0 0 0 0 0 0 27.4043 45.0005 0.421761 45.0276 86.04 0.461284 82.1442 113.491 0.461587 19.5677 50.8433 0.624003 23.5884 101.762 0.741666 50.8939 150.708 0.776206 0 0 0 0 0 0 0 0 0 0 0 0 0
