1 111 105 0 0 0 755.194 4.89272 0.0594999 0 0 0 0 0 0 0 0 0 775.02 4.86824 0.127823 776.428 22.1309 0.819652 770.474 72.9782 0.898297 708.288 43.1643 0.86962 688.201 97.5622 0.868516 693.073 143.365 0.904166 744.779 51.4751 0.896635 737.11 102.82 0.843148 733.412 148.457 0.869503 0 0 0 0 0 0 0 0 0 0 0 0 0
1 111 106 0 0 0 0 0 0 0 0 0 0 0 0 0 0 0 768.774 4.86415 0.1 770.224 26.736 0.1 763.649 77.1584 0.1 703.737 48.1064 0.1 684.949 102.684 0.1 687.948 150.97 0.1 739.647 56.1068 0.1 733.241 106.671 0.1 731.476 148.414 0.1 0 0 0 0 0 0 0 0 0 0 0 0 127
1 111 107 0 0 0 739.519 4.89166 0.0506692 0 0 0 0 0 0 0 0 0 762.529 4.86006 0.1 764.02 31.3411 0.746622 756.824 81.3386 0.878977 699.186 53.0485 0.911137 681.698 107.806 0.901998 682.823 158.576 0.954967 734.515 60.7384 0.769339 729.373 110.523 0.865215 729.541 148.372 0.823701 0 0 0 0 0 0 0 0 0 0 0 0 0
1 111 108 0 0 0 730.694 4.86634 0.198868 0 0 0 0 0 0 0 0 0 756.283 4.85596 0.399027 757.815 35.9463 0.882864 749.999 85.5189 0.823323 694.635 57.9906 0.895548 678.446 112.928 0.932996 677.698 166.182 0.919225 729.383 65.37 0.866395 725.504 114.374 0.817698 727.606 148.329 0.811327 0 0 0 0 0 0 0 0 0 0 0 0 0
1 111 109 0 0 0 724.817 4.86325 0.386426 692.792 4.8668 0.240725 0 0 0 0 0 0 750.038 4.85187 0.58775 751.611 40.5514 0.797974 743.174 89.6991 0.837563 690.085 62.9327 0.831934 675.194 118.05 0.902038 672.572 173.787 0.925369 724.251 70.0016 0.870488 721.635 118.226 0.710635 725.67 148.287 0.80589 0 0 0 0 0 0 0 0 0 0 0 0 0
1 111 110 0 0 0 718.94 4.86016 0.474759 688.129 4.86468 0.417822 668.294 17.3743 0.652883 662.116 46.0321 0.905443 743.512 4.84864 0.667783 745.953 44.46 0.849314 736.451 94.472 0.729803 685.085 67.5015 0.876286 672.151 123.053 0.859023 667.569 180.531 0.891335 719.034 74.3529 0.785738 717.283 122.801 0.677849 723.486 149.371 0.784313 0 0 0 0 0 0 0 0 0 0 0 0 0
1 111 111 0 0 0 713.064 4.85707 0.622896 683.466 4.86256 0.410827 664.433 18.1928 0.727482 658.109 48.7605 0.870425 737.132 4.84554 0.753356 739.762 48.4763 0.871494 729.169 98.927 0.809559 680.62 70.6553 0.879714 668.897 126.756 0.909454 663.874 185.416 0.859933 712.839 77.6171 0.845283 709.781 126.5 0.636643 715.439 154.368 0.700391 0 0 0 0 0 0 0 0 0 0 0 0 0
1 111 112 0 0 0 707.187 4.85398 0.552423 678.803 4.86044 0.309259 660.573 19.0112 0.1 654.102 51.4889 0.1 730.031 4.73741 0.687034 733.885 53.4746 0.797031 722.197 103.93 0.804455 676.489 74.3555 0.78329 665.649 130.45 0.915504 661.701 188.892 0.87933 706.977 81.3106 0.830985 702.824 129.548 0.618325 709.13 158.929 0.540802 0 0 0 0 0 0 0 0 0 0 0 0 0
1 111 113 0 0 0 701.313 4.85004 0.68879 674.14 4.85832 0.475999 656.712 19.8297 0.684094 650.095 54.2173 0.893305 722.861 5.35442 0.762003 728.09 57.6806 0.858067 715.227 109.356 0.738512 672.244 76.4234 0.771999 662.514 132.738 0.912412 661.152 190.744 0.884431 701.552 82.8381 0.821851 695.871 131.942 0.58313 702.394 163.704 0.499744 0 0 0 0 0 0 0 0 0 0 0 0 0
1 111 114 0 0 0 695.219 4.84715 0.653059 669.152 4.85531 0.360398 652.852 20.6481 0.719396 646.088 56.9457 0.88085 715.267 6.69758 0.755403 722.355 61.5278 0.760209 707.612 114.784 0.75046 667.896 77.0788 0.799767 659.484 134.253 0.818835 661.148 192.049 0.830059 696.347 83.2799 0.765448 689.124 133.903 0.591469 695.428 168.914 0.617718 0 0 0 0 0 0 0 0 0 0 0 0 0
1 111 115 0 0 0 689.778 6.47806 0.461751 664.806 4.85315 0.220306 649.035 21.6274 0.613224 642.399 59.7663 0.810666 708.325 8.76612 0.708847 717.134 65.4472 0.757157 699.565 121.077 0.755442 663.982 79.2455 0.675294 656.862 136.643 0.626291 659.65 193.135 0.521688 690.483 86.1039 0.700369 680.879 137.378 0.66573 687.378 174.351 0.635451 0 0 0 0 0 0 0 0 0 0 0 0 0
1 111 116 0 0 0 683.902 7.89102 0.655185 659.589 4.85098 0.406198 645.111 22.7173 0.663819 638.925 62.1675 0.820459 701.58 12.1386 0.753383 711.492 69.5834 0.825079 692.371 126.737 0.756837 660.506 79.0259 0.700778 654.672 137.52 0.728752 658.14 194.445 0.739749 686.991 86.1004 0.688194 673.495 139.547 0.546122 677.596 181.522 0.471993 0 0 0 0 0 0 0 0 0 0 0 0 0
1 111 117 0 0 0 677.163 9.95666 0.1 654.313 4.84795 0.1 641.201 23.7153 0.1 635.72 64.8996 0.1 695.044 15.9505 0.1 705.84 75.0242 0.1 683.915 132.823 0.1 656.824 78.8105 0.1 652.279 139.03 0.1 658.14 194.887 0.1 683.075 86.5361 0.1 666.103 142.158 0.1 666.296 189.785 0.1 0 0 0 0 0 0 0 0 0 0 0 0 127
1 111 118 0 0 0 669.99 12.0287 0.56304 649.036 4.84492 0.324096 637.292 24.7134 0.666352 632.516 67.6316 0.841538 688.297 19.9819 0.1 700.394 80.2473 0.1 676.509 139.137 0.1 652.918 78.5914 0.592844 649.246 140.336 0.656648 658.142 195.112 0.625155 680.677 85.8814 0.439519 659.58 144.768 0.304658 656.294 198.916 0.327455 0 0 0 0 0 0 0 0 0 0 0 0 0
1 111 119 647.647 4.85623 0.0996449 661.943 15.0785 0.69 643.76 4.84189 0.1 633.383 25.7114 0.1 629.311 70.3637 0.1 681.765 25.1516 0.748758 693.932 86.2316 0.826357 668.232 145.613 0.873129 648.96 78.6929 0.670926 643.436 142.346 0.634523 657.74 196.043 0.665885 678.39 85.6076 0.607757 652.792 147.155 0.562647 645.644 207.12 0.591278 0 0 0 0 0 0 0 0 0 673.037 4.87517 0.130966 0
1 111 120 629.943 4.85423 0.065477 652.604 19.1058 0.423967 638.484 4.83886 0.204039 629.474 26.7094 0.407279 626.106 73.0958 0.594977 674.796 31.4598 0.534816 687.298 93.1914 0.703448 659.966 152.679 0.839728 644.518 80.2135 0.490699 635.285 146.36 0.532036 657.338 196.973 0.433378 677.298 87.2309 0.256472 648.986 150.632 0.370572 640.423 211.793 0.43243 0 0 0 0 0 0 0 0 0 657.383 4.85854 0.1 0
1 111 121 0 0 0 643.474 24.1132 0.359282 0 0 0 0 0 0 0 0 0 668.26 39.0117 0.459824 679.642 100.252 0.607593 650.841 159.471 0.778985 639.794 81.1917 0.366662 624.578 151.084 0.35868 656.935 197.904 0.460724 676.09 89.2352 0.225524 644.468 154.973 0.332027 633.031 217.284 0.514327 0 0 0 0 0 0 0 0 0 641.729 4.84192 0.1396 0
1 111 122 0 0 0 633.472 30.0987 0.100585 0 0 0 0 0 0 0 0 0 661.505 46.9772 0.17265 671.316 108 0.404128 641.497 166.646 0.653258 634.688 83.6875 0.179664 610.987 157.709 0.273892 656.533 198.834 0.331758 674.561 93.1404 0.22916 639.463 160.621 0.290689 625.644 222.94 0.617179 0 0 0 0 0 0 0 0 0 0 0 0 0
1 111 123 0 0 0 623.038 36.8449 0.1 0 0 0 0 0 0 0 0 0 654.533 54.4394 0.1 662.809 116 0.1 632.587 173.714 0.1 630.018 87.3798 0.1 597.719 164.988 0.1 0 0 0 672.927 97.9218 0.1 634.141 166.71 0.1 619.234 228.052 0.1 0 0 0 0 0 0 0 0 0 0 0 0 127
1 111 124 0 0 0 612.388 42.7184 0.1 0 0 0 0 0 0 0 0 0 647.344 61.3984 0.1 654.122 124.251 0.1 624.11 180.673 0.1 626.098 89.1234 0.1 584.903 170.638 0.1 0 0 0 672.495 99.891 0.1 630.221 171.066 0.1 614.663 232.613 0.1 0 0 0 0 0 0 0 0 0 0 0 0 127
1 111 125 0 0 0 602.562 49.2886 0.1 0 0 0 0 0 0 0 0 0 639.345 67.7066 0.1 644.949 132.684 0.1 614.457 188.552 0.1 623.191 93.3472 0.1 573.606 176.727 0.1 0 0 0 670.412 104.161 0.1 625.959 175.768 0.1 611.706 235.525 0.1 0 0 0 0 0 0 0 0 0 0 0 0 127
1 111 126 0 0 0 593.781 55.6844 0.32125 545.881 48.8909 0.14304 0 0 0 0 0 0 631.388 74.2276 0.504358 635.733 140.632 0.505189 604.804 196.431 0.494385 621.929 97.4381 0.282965 564.255 181.515 0.136981 0 0 0 668.63 108.12 0.610587 621.79 179.511 0.312545 610.359 236.785 0.234931 0 0 0 0 0 0 0 0 0 0 0 0 0
1 111 127 0 0 0 586.688 62.5533 0.1 536.09 55.7428 0.1 0 0 0 0 0 0 623.043 81.1826 0.1 625.824 149.406 0.1 595.151 204.311 0.1 622.97 101.613 0.1 557.291 185.864 0.1 0 0 0 666.073 113.295 0.1 618.137 183.384 0.1 609.32 237.917 0.1 0 0 0 0 0 0 0 0 0 0 0 0 127
1 111 128 0 0 0 580.859 68.9225 0.416076 526.299 62.5947 0.18866 0 0 0 0 0 0 614.522 87.6514 0.492676 616.033 157.812 0.537124 585.498 212.19 0.328321 625.936 105.764 0.252077 554.84 188.421 0.129454 0 0 0 663.491 117.784 0.609493 614.626 186.517 0.33371 608.584 238.755 0.259593 0 0 0 0 0 0 0 0 0 0 0 0 0
1 111 129 0 0 0 576.293 74.7921 0.1 0 0 0 0 0 0 0 0 0 605.825 93.6339 0.1 606.36 165.85 0.1 0 0 0 630.828 109.893 0.1 556.9 189.185 0.1 0 0 0 660.885 121.587 0.1 611.258 188.912 0.1 608.151 239.298 0.1 0 0 0 0 0 0 0 0 0 0 0 0 127
1 111 130 0 0 0 572.596 80.3325 0.1 0 0 0 0 0 0 0 0 0 598.221 99.1265 0.1 598.15 172.698 0.1 0 0 0 636.214 113.698 0.1 561.956 188.591 0.1 0 0 0 658.817 124.582 0.1 608.591 190.441 0.1 607.936 239.456 0.1 0 0 0 0 0 0 0 0 0 0 0 0 127
1 111 131 0 0 0 570.857 85.5484 0.1 0 0 0 0 0 0 0 0 0 591.272 104.566 0.1 590.978 178.785 0.1 0 0 0 642.297 117.172 0.1 570.216 188.154 0.1 0 0 0 656.208 126.541 0.1 605.334 191.533 0.1 604.232 256.845 0.1 0 0 0 0 0 0 0 0 0 0 0 0 127
1 111 132 0 0 0 569.976 90.3078 0.1 0 0 0 0 0 0 0 0 0 583.805 110.435 0.1 582.983 185.083 0.1 0 0 0 650.352 121.172 0.1 580.751 186.196 0.1 0 0 0 653.496 129.108 0.1 602.363 192.674 0.1 601.104 267.803 0.1 0 0 0 0 0 0 0 0 0 0 0 0 127
1 111 133 0 0 0 569.095 95.0671 0.234601 0 0 0 0 0 0 0 0 0 576.338 116.304 0.174421 574.988 191.381 0.123927 0 0 0 658.407 125.172 0.325462 591.286 184.237 0.141407 614.275 215.258 0.066623 650.784 131.675 0.440164 599.392 193.815 0.227814 597.975 278.761 0.309386 0 0 0 0 0 0 0 0 0 0 0 0 0
1 111 134 0 0 0 568.214 99.8264 0.320259 553.627 84.0857 0.186399 0 0 0 0 0 0 568.872 122.173 0.271504 566.993 197.679 0.180639 587.035 242.671 0.0600989 666.462 129.172 0.298088 601.821 182.279 0.157718 0 0 0 648.073 134.242 0.470737 596.421 194.956 0.233425 594.846 289.719 0.346896 0 0 0 0 0 0 0 0 0 0 0 0 0
1 111 135 0 0 0 567.333 104.586 0.249302 0 0 0 0 0 0 0 0 0 561.405 128.042 0.174589 558.998 203.976 0.127207 571.265 318.9 0.0577298 674.517 133.172 0.329482 612.356 180.32 0.175586 602.575 240.605 0.171229 645.361 136.81 0.372121 593.451 196.098 0.125116 591.717 300.678 0.374977 0 0 0 0 0 0 0 0 0 0 0 0 0
1 111 136 0 0 0 0 0 0 0 0 0 0 0 0 0 0 0 0 0 0 0 0 0 0 0 0 0 0 0 0 0 0 0 0 0 0 0 0 0 0 0 0 0 0 0 0 0 0 0 0 0 0 0 0 0 0 127
1 111 137 0 0 0 0 0 0 0 0 0 0 0 0 0 0 0 0 0 0 0 0 0 0 0 0 0 0 0 0 0 0 0 0 0 0 0 0 0 0 0 0 0 0 0 0 0 0 0 0 0 0 0 0 0 0 127
1 111 138 0 0 0 0 0 0 0 0 0 0 0 0 0 0 0 0 0 0 0 0 0 0 0 0 0 0 0 0 0 0 0 0 0 0 0 0 0 0 0 0 0 0 0 0 0 0 0 0 0 0 0 0 0 0 127
1 111 139 0 0 0 0 0 0 0 0 0 0 0 0 0 0 0 0 0 0 0 0 0 0 0 0 0 0 0 0 0 0 0 0 0 0 0 0 0 0 0 0 0 0 0 0 0 0 0 0 0 0 0 0 0 0 127
1 111 140 0 0 0 0 0 0 0 0 0 0 0 0 0 0 0 0 0 0 0 0 0 0 0 0 0 0 0 0 0 0 0 0 0 0 0 0 0 0 0 0 0 0 0 0 0 0 0 0 0 0 0 0 0 0 127
1 111 141 0 0 0 0 0 0 0 0 0 0 0 0 0 0 0 0 0 0 0 0 0 0 0 0 0 0 0 0 0 0 0 0 0 0 0 0 0 0 0 0 0 0 0 0 0 0 0 0 0 0 0 0 0 0 127
1 111 142 0 0 0 0 0 0 0 0 0 0 0 0 0 0 0 0 0 0 0 0 0 0 0 0 0 0 0 0 0 0 0 0 0 0 0 0 0 0 0 0 0 0 0 0 0 0 0 0 0 0 0 0 0 0 127
1 111 143 0 0 0 0 0 0 0 0 0 0 0 0 0 0 0 0 0 0 0 0 0 0 0 0 0 0 0 0 0 0 0 0 0 0 0 0 0 0 0 0 0 0 0 0 0 0 0 0 0 0 0 0 0 0 127
1 111 144 0 0 0 0 0 0 0 0 0 0 0 0 0 0 0 0 0 0 0 0 0 0 0 0 0 0 0 0 0 0 0 0 0 0 0 0 0 0 0 0 0 0 0 0 0 0 0 0 0 0 0 0 0 0 127
1 111 145 0 0 0 0 0 0 0 0 0 0 0 0 0 0 0 0 0 0 0 0 0 0 0 0 0 0 0 0 0 0 0 0 0 0 0 0 0 0 0 0 0 0 0 0 0 0 0 0 0 0 0 0 0 0 127
1 111 146 0 0 0 0 0 0 0 0 0 0 0 0 0 0 0 0 0 0 0 0 0 0 0 0 0 0 0 0 0 0 0 0 0 0 0 0 0 0 0 0 0 0 0 0 0 0 0 0 0 0 0 0 0 0 127
1 111 147 0 0 0 0 0 0 0 0 0 0 0 0 0 0 0 0 0 0 0 0 0 0 0 0 0 0 0 0 0 0 0 0 0 0 0 0 0 0 0 0 0 0 0 0 0 0 0 0 0 0 0 0 0 0 127
1 111 148 0 0 0 0 0 0 0 0 0 0 0 0 0 0 0 0 0 0 0 0 0 0 0 0 0 0 0 0 0 0 0 0 0 0 0 0 0 0 0 0 0 0 0 0 0 0 0 0 0 0 0 0 0 0 127
1 111 149 0 0 0 0 0 0 0 0 0 0 0 0 0 0 0 0 0 0 0 0 0 0 0 0 0 0 0 0 0 0 0 0 0 0 0 0 0 0 0 0 0 0 0 0 0 0 0 0 0 0 0 0 0 0 127
1 111 150 0 0 0 0 0 0 0 0 0 0 0 0 0 0 0 0 0 0 0 0 0 0 0 0 0 0 0 0 0 0 0 0 0 0 0 0 0 0 0 0 0 0 0 0 0 0 0 0 0 0 0 0 0 0 127
1 111 151 0 0 0 0 0 0 0 0 0 0 0 0 0 0 0 0 0 0 0 0 0 0 0 0 0 0 0 0 0 0 0 0 0 0 0 0 0 0 0 0 0 0 0 0 0 0 0 0 0 0 0 0 0 0 127
1 111 152 0 0 0 0 0 0 0 0 0 0 0 0 0 0 0 0 0 0 0 0 0 0 0 0 0 0 0 0 0 0 0 0 0 0 0 0 0 0 0 0 0 0 0 0 0 0 0 0 0 0 0 0 0 0 127
1 111 153 0 0 0 0 0 0 0 0 0 0 0 0 0 0 0 0 0 0 0 0 0 0 0 0 0 0 0 0 0 0 0 0 0 0 0 0 0 0 0 0 0 0 0 0 0 0 0 0 0 0 0 0 0 0 127
1 111 154 0 0 0 0 0 0 0 0 0 0 0 0 0 0 0 0 0 0 0 0 0 0 0 0 0 0 0 0 0 0 0 0 0 0 0 0 0 0 0 0 0 0 0 0 0 0 0 0 0 0 0 0 0 0 127
1 111 155 0 0 0 0 0 0 0 0 0 0 0 0 0 0 0 0 0 0 0 0 0 0 0 0 0 0 0 0 0 0 0 0 0 0 0 0 0 0 0 0 0 0 0 0 0 0 0 0 0 0 0 0 0 0 127
1 111 156 0 0 0 0 0 0 0 0 0 0 0 0 0 0 0 0 0 0 0 0 0 0 0 0 0 0 0 0 0 0 0 0 0 0 0 0 0 0 0 0 0 0 0 0 0 0 0 0 0 0 0 0 0 0 127
1 111 157 0 0 0 0 0 0 0 0 0 0 0 0 0 0 0 0 0 0 0 0 0 0 0 0 0 0 0 0 0 0 0 0 0 0 0 0 0 0 0 0 0 0 0 0 0 0 0 0 0 0 0 0 0 0 127
1 111 158 0 0 0 0 0 0 0 0 0 0 0 0 0 0 0 0 0 0 0 0 0 0 0 0 0 0 0 0 0 0 0 0 0 0 0 0 0 0 0 0 0 0 0 0 0 0 0 0 0 0 0 0 0 0 127
1 111 159 0 0 0 0 0 0 0 0 0 0 0 0 0 0 0 0 0 0 0 0 0 0 0 0 0 0 0 0 0 0 0 0 0 0 0 0 0 0 0 0 0 0 0 0 0 0 0 0 0 0 0 0 0 0 127
1 111 160 0 0 0 0 0 0 0 0 0 0 0 0 0 0 0 0 0 0 0 0 0 0 0 0 0 0 0 0 0 0 0 0 0 0 0 0 0 0 0 0 0 0 0 0 0 0 0 0 0 0 0 0 0 0 127
1 111 161 0 0 0 571.262 97.7993 0.313472 534.143 76.3041 0.1523 0 0 0 0 0 0 602.676 121.312 0.332747 612.348 178.062 0.355346 602.639 228.901 0.425318 602.624 115.398 0.10398 524.389 213.261 0.144782 0 0 0 649.596 131.043 0.395428 569.3 242.652 0.43347 569.319 401.085 0.503479 0 0 0 0 0 0 0 0 0 0 0 0 0
1 111 162 0 0 0 0 0 0 0 0 0 0 0 0 0 0 0 0 0 0 0 0 0 0 0 0 0 0 0 0 0 0 0 0 0 0 0 0 0 0 0 0 0 0 0 0 0 0 0 0 0 0 0 0 0 0 127
1 111 163 0 0 0 0 0 0 0 0 0 0 0 0 0 0 0 0 0 0 0 0 0 0 0 0 0 0 0 0 0 0 0 0 0 0 0 0 0 0 0 0 0 0 0 0 0 0 0 0 0 0 0 0 0 0 127
1 111 164 0 0 0 0 0 0 0 0 0 0 0 0 0 0 0 0 0 0 0 0 0 0 0 0 0 0 0 0 0 0 0 0 0 0 0 0 0 0 0 0 0 0 0 0 0 0 0 0 0 0 0 0 0 0 127
1 111 165 0 0 0 0 0 0 0 0 0 0 0 0 0 0 0 0 0 0 0 0 0 0 0 0 0 0 0 0 0 0 0 0 0 0 0 0 0 0 0 0 0 0 0 0 0 0 0 0 0 0 0 0 0 0 127
1 111 166 0 0 0 0 0 0 0 0 0 0 0 0 0 0 0 0 0 0 0 0 0 0 0 0 0 0 0 0 0 0 0 0 0 0 0 0 0 0 0 0 0 0 0 0 0 0 0 0 0 0 0 0 0 0 127
1 111 167 0 0 0 0 0 0 0 0 0 0 0 0 0 0 0 0 0 0 0 0 0 0 0 0 0 0 0 0 0 0 0 0 0 0 0 0 0 0 0 0 0 0 0 0 0 0 0 0 0 0 0 0 0 0 127
1 111 168 0 0 0 603.581 57.8184 0.32487 547.933 65.4879 0.133751 0 0 0 0 0 0 650.221 57.2144 0.593529 672.822 117.712 0.77666 645.622 170.038 0.812869 567.392 105.654 0.0777052 0 0 0 0 0 0 635.547 114.468 0.279976 627.854 171.263 0.57066 608.828 235.084 0.663995 0 0 0 0 0 0 0 0 0 0 0 0 0
1 111 169 0 0 0 611.571 51.1323 0.163748 559.131 56.7739 0.1 0 0 0 0 0 0 656.165 51.6352 0.494518 678.015 112.463 0.785944 649.959 159.828 0.734745 605.993 105.868 0.156941 0 0 0 0 0 0 641.42 113.326 0.397224 632.547 170.184 0.749581 614.117 233.676 0.774158 0 0 0 0 0 0 0 0 0 0 0 0 0
1 111 170 0 0 0 619.561 44.4461 0.273464 570.329 48.0599 0.1 0 0 0 0 0 0 662.108 46.0561 0.573808 683.208 107.213 0.776763 654.295 149.618 0.684711 611.1 105.458 0.248873 0 0 0 0 0 0 647.293 112.183 0.492403 637.24 169.106 0.81768 619.406 232.269 0.797921 0 0 0 0 0 0 0 0 0 0 0 0 0
1 111 171 0 0 0 627.551 37.7599 0.423719 581.527 39.3459 0.157804 551.756 86.0646 0.0712115 0 0 0 668.052 40.4769 0.601035 688.4 101.964 0.784128 658.631 139.407 0.681259 616.208 105.049 0.166112 567.417 160.446 0.0652557 0 0 0 653.166 111.04 0.390524 641.933 168.027 0.733967 624.694 230.862 0.778134 0 0 0 0 0 0 0 0 0 0 0 0 0
1 111 172 0 0 0 635.54 31.0737 0.1 592.725 30.6319 0.1 0 0 0 0 0 0 673.996 34.8977 0.1 693.593 96.7145 0.1 662.968 129.197 0.1 621.315 104.64 0.1 0 0 0 0 0 0 659.038 109.897 0.1 646.626 166.949 0.1 629.983 229.454 0.1 0 0 0 0 0 0 0 0 0 0 0 0 127
1 111 173 626.06 4.85452 0.056127 643.363 25.4161 0.467963 601.856 23.6735 0.286885 623.42 57.0988 0.14121 616.022 93.2817 0.387884 679.654 29.6739 0.661411 698.816 91.7133 0.797339 667.535 118.985 0.786197 626.422 104.23 0.644517 645.252 163.52 0.561967 662.478 193.373 0.564224 664.901 109.457 0.678482 651.838 165.209 0.759832 635.644 228.151 0.861069 0 0 0 0 0 0 0 0 0 669.104 4.85614 0.11528 0
1 111 174 622.172 4.88235 0.0559326 649.143 20.2816 0.635609 611.8 16.1648 0.484612 620.839 56.3135 0.303985 616.558 92.6184 0.565614 684.354 23.8861 0.1 704.038 86.6674 0.1 672.443 108.636 0.1 630.637 104.137 0.656669 646.561 159.626 0.540804 662.429 192.911 0.251304 669.812 107.71 0.657847 657.491 164.252 0.682846 642.13 226.673 0.833761 0 0 0 0 0 0 0 0 0 673.004 4.86065 0.1 0
1 111 175 633.941 4.83482 0.1523 654.184 15.2389 0.779264 621.745 8.65612 0.1 618.257 55.5282 0.1 617.094 91.9552 0.1 689.395 18.4048 0.772613 709.475 82.0065 0.8986 677.702 98.1602 0.823506 634.72 103.089 0.716592 647.87 155.731 0.580515 662.38 192.448 0.440274 674.86 105.747 0.74888 663.786 163.857 0.654142 649.439 224.803 0.807352 0 0 0 0 0 0 0 0 0 676.903 4.86516 0.157406 0
1 111 176 0 0 0 661.1 12.4512 0.1 631.689 1.14741 0.1 615.676 54.7429 0.1 617.63 91.2919 0.1 694.789 16.0543 0.1 714.483 78.39 0.1 682.659 87.773 0.1 641.067 103.049 0.1 649.179 151.836 0.1 662.332 191.986 0.1 680.028 105.311 0.1 669.661 163.817 0.1 657.353 222.985 0.1 0 0 0 0 0 0 0 0 0 0 0 0 127
1 111 177 657.378 4.88996 0.054044 666.833 10.9469 0.843924 641.634 -6.3613 0.770853 613.095 53.9576 0.86898 618.166 90.6287 0.901557 699.987 14.5485 0.78907 719.484 75.5945 0.877419 687.745 78.0144 0.831359 645.653 102.269 0.755813 650.487 147.942 0.668314 662.283 191.524 0.781498 684.567 104.329 0.765251 676.076 163.906 0.708694 665.225 221.314 0.637385 0 0 0 0 0 0 633.98 4.86542 0.0789512 0 0 0 0
1 111 178 0 0 0 671.385 10.7261 0.1 0 0 0 0 0 0 0 0 0 704.988 13.8875 0.1 724.479 73.6198 0.1 692.959 68.8844 0.1 648.478 100.751 0.1 651.799 144.466 0.1 662.067 191.296 0.1 688.478 102.802 0.1 683.032 164.124 0.1 673.053 219.791 0.1 0 0 0 0 0 0 0 0 0 0 0 0 127
1 111 179 0 0 0 676.378 12.1365 0.1 0 0 0 0 0 0 0 0 0 709.479 13.1579 0.1 729.37 71.5482 0.1 698.681 60.8098 0.1 651.945 99.8826 0.1 653.203 140.987 0.1 662.498 190.642 0.1 692.816 101.825 0.1 689.552 163.473 0.1 680.767 218.6 0.1 0 0 0 0 0 0 0 0 0 0 0 0 127
1 111 180 0 0 0 679.849 11.9149 0.1 0 0 0 0 0 0 0 0 0 713.46 12.3596 0.1 734.156 69.3795 0.1 704.911 53.7906 0.1 655.193 100.101 0.1 655.37 139.896 0.1 662.484 190.86 0.1 696.288 102.044 0.1 694.992 163.266 0.1 687.722 217.957 0.1 0 0 0 0 0 0 0 0 0 0 0 0 127
1 111 181 0 0 0 683.446 12.6707 0.1 0 0 0 0 0 0 0 0 0 717.587 12.5776 0.1 738.94 67.7597 0.1 711.323 48.0375 0.1 658.234 100.214 0.1 657.536 139.351 0.1 662.58 191.074 0.1 699.559 102.262 0.1 699.784 163.264 0.1 693.597 217.746 0.1 0 0 0 0 0 0 0 0 0 0 0 0 127
1 111 182 687.528 28.3185 0.583551 687.577 14.6268 0.785582 0 0 0 0 0 0 0 0 0 722.158 14.3216 0.703623 744.155 67.1189 0.956488 717.419 44.1153 0.908793 661.282 100.225 0.76513 659.917 139.345 0.734199 662.576 191.288 0.925382 703.041 102.487 0.763598 703.923 163.49 0.800764 698.587 217.956 0.795086 679.394 19.6516 0.623221 694.332 21.3409 0.610259 0 0 0 708.377 19.7445 0.426592 0
1 111 183 693.034 29.5578 0.1 692.016 16.5091 0.1 0 0 0 0 0 0 0 0 0 726.595 16.4156 0.1 749.37 66.7281 0.1 724.027 40.768 0.1 664.463 100.537 0.1 662.646 139.605 0.1 662.523 191.667 0.1 706.823 103.358 0.1 708.266 163.795 0.1 702.75 218.349 0.1 685.467 21.0999 0.1 700.15 22.4203 0.1 0 0 0 713.083 20.0083 0.1 127
1 111 184 698.54 30.797 0.1 696.118 18.5145 0.803608 653.32 18.0184 0.768104 628.618 59.6794 0.888776 645.618 107.039 0.920369 730.902 18.4228 0.1 754.379 66.3896 0.1 730.718 38.4195 0.1 667.563 102.015 0.813694 665.292 140.57 0.7077 662.213 191.795 0.892491 710.687 105.1 0.803716 712.172 164.409 0.884693 706.086 219.12 0.888253 691.539 22.5482 0.1 705.969 23.4997 0.1 0 0 0 717.788 20.2722 0.1 0
1 111 185 704.045 32.0363 0.319046 700.732 20.8631 0.786981 658.95 20.9008 0.761056 634.289 63.5662 0.891616 652.855 110.33 0.884752 735.723 20.7718 0.626959 760.242 66.0964 0.917739 737.714 36.8605 0.840548 671.433 103.796 0.746194 667.861 142.435 0.783268 661.649 191.887 0.912269 714.643 107.061 0.783435 715.439 165.535 0.879186 708.4 220.064 0.92468 697.612 23.9965 0.335417 711.788 24.579 0.277994 0 0 0 722.494 20.536 0.1 0
1 111 186 709.551 33.2755 0.404535 705.225 23.341 0.856321 664.581 23.7833 0.850614 639.96 67.453 0.865722 660.093 113.621 0.862357 740.208 23.2532 0.70715 766.1 65.8442 0.882881 744.8 36.0778 0.895806 675.439 105.882 0.773863 670.33 145.432 0.731669 660.39 192.155 0.903875 719.119 109.457 0.763636 718.269 166.748 0.823186 710.086 221.186 0.923177 703.684 25.4448 0.406761 717.607 25.6584 0.354441 0 0 0 727.2 20.7999 0.1 0
1 111 187 715.429 34.7946 0.540059 709.577 25.7314 0.908207 670.211 26.6657 0.801619 645.631 71.3398 0.8674 667.331 116.912 0.876346 744.557 25.649 0.736497 771.969 65.8434 0.934903 751.757 36.2928 0.868809 679.353 108.706 0.775906 672.938 150.213 0.791215 659.307 192.158 0.907762 723.458 112.716 0.782674 720.456 168.06 0.808383 710.952 222.483 0.923104 710.203 27.1744 0.588694 723.267 27.1798 0.499734 696.411 19.0084 0.529163 732.649 21.2364 0.140902 0
1 111 188 721.232 36.964 0.533304 714.582 28.249 0.888828 675.842 29.5482 0.812499 651.302 75.2266 0.885619 674.569 120.203 0.867208 749.417 28.335 0.748031 778.055 65.8516 0.924259 758.853 36.4385 0.915246 683.49 111.963 0.771042 676.531 154.993 0.838012 658.874 192.158 0.885331 727.59 116.083 0.870082 722.627 169.582 0.826544 711.492 223.46 0.933799 716.372 29.0537 0.506908 729.493 28.9201 0.458979 702.25 20.2897 0.474837 738.439 21.6385 0.143481 0
1 111 189 727.613 39.1373 0.567458 719.817 31.0787 0.847315 681.492 31.9511 0.871251 656.529 79.1345 0.846863 681.306 123.234 0.83621 754.348 31.3061 0.771458 783.915 66.2771 0.93253 765.453 36.9418 0.896756 688.277 114.785 0.737908 681.098 159.342 0.850454 659.095 192.371 0.851297 731.513 119.127 0.794374 724.589 171.318 0.867512 711.707 224.111 0.949933 722.601 30.8753 0.513408 735.439 30.6665 0.3961 708.088 21.571 0.497972 744.572 22.0061 0.11378 0
1 111 190 733.923 41.3006 0.381162 725.037 33.6997 0.95066 686.925 34.5708 0.838864 661.968 82.615 0.937558 688.262 125.842 0.808602 759.134 34.3536 0.845468 789.35 66.9249 0.93746 771.756 37.5976 0.883501 693.063 117.819 0.772492 688.06 163.264 0.858457 664.534 196.078 0.847275 735.852 122.175 0.803032 725.887 173.274 0.839606 707.352 221.713 0.95503 729.336 32.8314 0.350242 741.951 32.4093 0.2924 713.927 22.8524 0.42055 750.765 22.3982 0.161995 0
1 111 191 740.226 43.4659 0.612998 730.253 36.3142 0.928932 692.351 37.4041 0.872641 667.83 86.0951 0.905622 695.005 128.231 0.86621 763.91 37.1766 0.76876 794.564 67.3584 0.890922 778.267 37.8269 0.950454 697.847 121.285 0.73279 695.018 167.18 0.73938 670.189 199.991 0.786721 740.187 125.438 0.863897 727.409 175.218 0.826049 703.878 219.546 0.946105 735.856 34.7937 0.605149 748.683 34.3701 0.496896 719.765 24.1337 0.559998 757.02 22.8148 0.110352 0
1 111 192 746.308 45.6395 0.739099 735.463 38.4774 0.884616 697.574 40.2241 0.875922 673.265 89.3569 0.862343 701.516 131.285 0.84218 768.905 38.9142 0.7897 799.77 67.5921 0.913972 784.125 38.2698 0.877711 702.845 123.239 0.700119 700.676 170.226 0.744582 675.638 202.396 0.815366 744.107 127.397 0.840617 729.36 176.734 0.741663 703.232 219.111 0.940179 741.092 37.1796 0.784447 754.115 36.5385 0.675807 724.987 25.8735 0.690168 763.337 23.2558 0.1 0
1 111 193 752.398 47.5995 0.819861 740.662 41.2989 0.933686 702.584 43.044 0.820299 678.48 92.6201 0.88074 707.38 134.117 0.813998 773.681 41.7316 0.803833 804.975 68.0373 0.946164 789.566 38.7031 0.94778 707.831 125.851 0.724155 707.842 174.998 0.692754 681.298 206.319 0.703217 747.587 129.578 0.800489 731.108 179.122 0.815388 703.027 219.122 0.963082 747.822 39.5661 0.80608 760.64 38.9329 0.760806 731.287 27.6146 0.615342 770.136 23.7841 0.150876 0
1 111 194 759.135 49.7663 0.754037 745.877 43.7065 0.899067 708.028 45.8769 0.834683 683.919 96.0982 0.850913 713.888 136.737 0.803919 778.257 44.1244 0.791599 810.193 69.7755 0.935154 795.654 40.0036 0.932345 713.047 129.765 0.720817 716.757 181.089 0.690327 689.993 212.187 0.913781 751.284 133.056 0.784047 731.751 180.647 0.62395 703.226 219.341 0.762282 753.915 41.9528 0.730843 766.731 41.5271 0.56473 736.941 29.5833 0.573404 776.935 24.3124 0.1 0
1 111 195 766.098 52.5837 0.738486 751.077 46.7582 0.812949 714.105 49.5573 0.856064 689.344 99.5731 0.859365 719.76 139.566 0.774836 783.034 47.1651 0.754259 815.203 71.7374 0.889588 801.74 41.747 0.938172 718.047 134.112 0.706748 726.11 186.521 0.691354 700.429 220.013 0.894507 754.546 136.751 0.774996 732.188 182.388 0.643347 703.027 219.353 0.750864 760.881 43.9245 0.751728 773.487 43.9174 0.599767 743.464 32.1886 0.6865 783.734 24.8407 0.1 0
1 111 196 772.828 55.615 0.807987 756.291 49.8069 0.826257 719.549 53.0302 0.802377 694.78 103.049 0.898116 725.198 142.835 0.867423 788.033 49.9897 0.7377 819.982 73.7158 0.957943 808.473 44.1419 0.973156 723.263 138.237 0.716954 735.88 190.866 0.641172 712.167 228.921 0.361378 757.819 139.799 0.719912 732.825 184.113 0.740378 703.026 219.563 0.810387 766.972 46.102 0.7551 780.007 46.1003 0.670633 749.122 35.0163 0.641318 790.534 25.369 0.112142 0
1 111 197 779.576 57.782 0.876223 761.296 53.2673 0.890762 725.424 56.3002 0.905395 700.211 106.967 0.919464 730.634 146.309 0.859002 792.812 53.0316 0.809749 824.541 76.5441 0.931623 814.345 47.1798 0.900246 728.477 141.935 0.716685 744.573 194.57 0.753161 725.002 238.064 0.704706 761.301 143.057 0.764177 733.916 185.631 0.538524 703.027 219.77 0.68586 773.925 48.0626 0.838592 786.318 48.2706 0.631355 755.858 38.2644 0.684968 0 0 0 0
1 111 198 785.662 60.1685 0.847374 766.498 56.7484 0.825703 731.501 60.8564 0.816385 705.628 111.092 0.860645 736.069 149.804 0.859267 797.594 56.0795 0.76845 829.33 80.0269 0.883669 820.637 50.6532 0.923246 733.695 146.283 0.705845 752.412 199.359 0.877129 738.698 248.068 0.63626 764.989 146.752 0.657789 735.42 187.362 0.624815 703.037 219.978 0.848897 780.452 51.0927 0.821954 793.041 51.5167 0.655964 762.385 41.3199 0.739618 0 0 0 0
1 111 199 792.393 63.4335 0.836545 771.711 61.3038 0.804313 736.946 65.6262 0.879207 711.274 115.227 0.945953 741.294 154.152 0.892115 802.601 59.9908 0.782436 834.322 83.5143 0.947231 826.94 54.5565 0.938747 738.91 151.289 0.707797 758.494 204.79 0.83492 747.395 255.02 0.638373 768.899 150.882 0.631285 737.376 189.11 0.509435 707.612 223.016 0.839587 786.762 54.3556 0.934419 798.922 54.9909 0.556746 768.469 45.229 0.725843 0 0 0 0
1 111 200 798.709 66.9108 0.857749 776.934 65.8608 0.824514 743.036 69.9726 0.932435 717.137 119.369 0.878686 746.946 158.716 0.861614 807.383 64.3398 0.773282 838.897 87.4283 0.898244 832.588 59.1179 0.931836 744.128 156.293 0.725 764.791 209.799 0.804576 756.094 261.765 0.813736 772.614 155.661 0.620193 740.194 191.077 0.551989 711.307 225.412 0.846867 793.506 57.8293 0.84965 805.436 58.688 0.672297 775.419 49.3594 0.690535 0 0 0 0
1 111 201 805.45 70.6054 0.843145 781.938 71.5128 0.840906 749.331 75.1896 0.851937 722.79 124.581 0.850552 752.613 162.843 0.871157 811.952 69.9935 0.808085 844.12 92.4129 0.814604 837.825 64.1181 0.907958 749.345 162.818 0.701936 771.969 215.894 0.816633 765.008 269.812 0.805868 776.741 161.533 0.602282 742.173 194.346 0.506701 713.048 226.05 0.826939 800.671 61.744 0.88365 812.185 63.2472 0.489503 782.803 53.2815 0.669315 0 0 0 0
1 111 202 811.972 74.0987 0.830997 787.162 76.7245 0.823043 755.198 80.2032 0.862612 729.307 130.004 0.924889 758.923 167.839 0.892734 816.954 75.0019 0.822648 849.329 97.404 0.909346 843.471 69.5563 0.904833 755.007 167.818 0.719406 778.066 220.026 0.792229 773.927 276.538 0.815135 781.746 166.317 0.601227 745.654 196.74 0.555301 714.784 225.615 0.846748 807.185 65.6522 0.896652 818.062 67.1663 0.585089 788.679 57.2016 0.727741 0 0 0 0
1 111 203 817.628 77.7957 0.868405 792.379 81.9264 0.837539 761.492 84.7716 0.921121 734.955 134.572 0.880674 764.579 172.828 0.829599 821.519 80.2178 0.803513 854.113 101.317 0.938371 848.251 74.5571 0.897074 760.013 171.734 0.721982 782.615 222.204 0.796371 774.148 274.142 0.875674 786.535 170.45 0.586059 753.693 202.173 0.550905 723.701 232.145 0.835099 813.48 69.1339 0.894009 824.362 70.8702 0.652799 795.197 61.3256 0.676707 0 0 0 0
1 111 204 824.131 81.9294 0.873577 797.173 86.2814 0.859322 766.713 89.5689 0.831677 740.83 139.791 0.878789 770.883 177.61 0.889625 825.865 84.5679 0.848377 859.107 105.877 0.827022 852.813 79.7798 0.839273 765.438 176.302 0.704605 786.969 225.463 0.845037 779.156 276.748 0.864123 791.967 174.803 0.637019 761.505 207.394 0.521978 729.134 232.793 0.777453 819.565 73.2579 0.893918 830.019 75.4335 0.493867 801.067 65.8901 0.704994 0 0 0 0
1 111 205 829.78 85.8487 0.759926 802.181 91.2845 0.811032 771.942 94.773 0.859783 747.126 145.008 0.896092 777.402 182.181 0.850177 830.651 89.7824 0.801855 864.314 110.856 0.877502 856.521 84.3557 0.882746 770.877 180.23 0.692863 788.283 228.505 0.835736 780.899 276.54 0.852075 797.843 179.156 0.645428 770.199 212.835 0.374593 737.848 239.535 0.604969 825.65 77.8166 0.755205 835.676 80.2026 0.350574 806.938 70.2347 0.734961 0 0 0 0
1 111 206 835.854 90.2065 0.810572 807.607 96.2867 0.873758 777.598 99.976 0.870396 752.776 149.787 0.847252 783.493 187.176 0.825278 835.22 94.7862 0.8349 869.096 115.411 0.923805 861.3 88.9304 0.80055 776.959 184.147 0.670112 791.319 231.758 0.766348 782.849 278.061 0.829522 804.365 183.292 0.675602 779.107 218.498 0.359256 746.541 245.192 0.565348 831.295 82.6055 0.770891 841.552 84.783 0.529165 812.593 74.8033 0.692205 0 0 0 0
1 111 207 842.373 94.5561 0.745283 812.831 101.287 0.889908 782.821 104.108 0.865005 758.653 154.791 0.860045 790.01 192.174 0.901291 840.222 100.006 0.854779 874.097 119.337 0.870987 865.43 93.2832 0.78834 782.604 188.709 0.653964 795.009 234.144 0.504567 783.294 278.492 0.648946 811.109 188.286 0.702378 788.898 224.808 0.680841 756.314 250.196 0.714122 837.815 86.5176 0.811991 847.647 88.4835 0.484255 818.673 79.575 0.691316 0 0 0 0
1 111 208 847.819 98.4759 0.707202 818.047 105.426 0.82737 788.044 108.468 0.840981 764.521 159.793 0.873175 796.306 196.533 0.859493 845.22 104.574 0.818738 879.102 124.325 0.842532 869.347 97.8476 0.896485 788.256 192.626 0.690587 798.056 236.532 0.797943 783.309 278.479 0.825563 817.631 192.853 0.68322 800.202 231.539 0.34118 766.736 255.42 0.261783 843.685 91.0845 0.657486 853.937 93.2615 0.210865 824.762 83.7037 0.692508 0 0 0 0
1 111 209 854.324 102.623 0.576897 823.695 109.784 0.862518 793.698 113.036 0.871398 769.75 164.575 0.901029 801.957 201.098 0.882206 850.225 109.137 0.812428 883.884 129.106 0.924665 874.344 102.412 0.85575 793.688 196.318 0.716127 800.02 239.35 0.631428 783.318 278.469 0.33552 824.357 196.759 0.721447 810.858 238.047 0.794546 778.696 262.15 0.872342 849.765 95.8694 0.551993 859.808 97.833 0.317842 830.861 88.0437 0.607734 0 0 0 0
1 111 210 859.975 107.188 0.628513 829.126 113.919 0.851551 798.92 116.954 0.853421 775.183 168.923 0.882053 807.393 205.875 0.865993 855.23 113.477 0.828512 888.242 133.241 0.896308 879.544 106.968 0.799148 799.115 199.787 0.731299 801.76 242.167 0.656935 783.323 278.674 0.748604 830.877 200.232 0.759513 822.366 243.694 0.742472 792.609 270.863 0.633359 855.845 99.9983 0.709772 865.45 101.538 0.277321 836.3 92.6005 0.653355 0 0 0 0
1 111 211 865.419 112.397 0.611567 834.558 117.632 0.931236 804.135 120.866 0.865837 780.194 173.489 0.838656 812.608 210.008 0.883811 860.664 117.604 0.862136 893.243 138.445 0.841433 884.765 111.534 0.783085 804.116 204.353 0.73204 803.717 244.99 0.728857 783.528 278.678 0.766865 837.395 205.222 0.796751 832.585 250.424 0.603444 806.963 281.948 0.576327 861.508 105.21 0.635886 871.529 106.747 0.207813 842.391 97.3832 0.672192 0 0 0 0
1 111 212 871.5 117.832 0.706812 839.557 121.986 0.851797 809.134 125.637 0.82907 785.199 177.842 0.879637 817.609 214.355 0.884504 865.882 122.169 0.83015 897.601 143.662 0.875888 890.204 116.314 0.83095 809.546 208.925 0.704892 805.67 248.237 0.583336 789.622 285.857 0.765165 844.124 210.002 0.778839 839.766 256.087 0.810987 815.216 287.822 0.701344 867.167 110.436 0.686976 877.175 111.964 0.270132 848.051 102.161 0.674035 0 0 0 0
1 111 213 877.158 122.832 0.590992 845.415 126.973 0.789384 814.364 129.757 0.822138 789.773 181.754 0.908746 822.179 219.352 0.850414 871.974 127.178 0.781471 902.817 149.097 0.885039 895.432 121.084 0.806442 814.761 213.056 0.694845 807.615 250.207 0.656927 790.052 285.853 0.823275 850.212 214.997 0.808963 847.601 262.177 0.846839 827.379 301.297 0.78821 873.042 115.43 0.601266 883.253 116.32 0.150547 853.707 106.947 0.60187 0 0 0 0
1 111 214 882.607 128.058 0.617006 851.067 131.329 0.911122 819.795 133.678 0.88634 794.35 186.525 0.829848 826.744 224.131 0.8591 877.623 132.184 0.848995 908.036 154.538 0.835692 901.08 126.293 0.814498 819.769 217.612 0.757633 813.05 252.383 0.762315 792.44 287.811 0.877688 856.513 219.987 0.782666 854.347 268.047 0.762716 836.063 309.126 0.847956 878.697 120.862 0.634505 889.33 121.555 0.169396 859.794 111.951 0.656304 0 0 0 0
1 111 215 888.258 134.135 0.703533 856.721 136.55 0.874365 825.23 138.473 0.846168 799.344 191.306 0.857593 831.308 229.354 0.833554 883.916 137.828 0.849504 914.122 160.847 0.897417 906.303 131.724 0.831096 824.557 222.606 0.714478 816.97 255.655 0.688781 792.872 287.808 0.865874 862.16 225.424 0.756755 861.294 273.905 0.752718 844.766 318.69 0.843673 884.348 126.502 0.692255 894.76 127.845 0.245697 865.445 117.594 0.695292 0 0 0 0
1 111 216 893.694 140.01 0.676538 862.373 141.767 0.773493 830.667 143.265 0.804481 803.909 195.225 0.925961 835.224 234.565 0.802018 889.79 143.689 0.796372 919.781 167.571 0.895315 911.957 137.599 0.811659 829.35 227.177 0.696382 820.014 260.444 0.675054 793.951 288.022 0.816836 867.38 230.648 0.787135 867.158 279.988 0.824832 852.379 328.907 0.860616 889.995 132.813 0.741519 900.413 134.581 0.197677 871.528 123.034 0.710786 0 0 0 0
1 111 217 899.561 146.316 0.666313 868.239 147.845 0.930803 836.093 148.043 0.901381 808.263 199.355 0.885379 839.356 239.995 0.877128 895.87 149.993 0.869224 925.433 174.309 0.834398 918.259 143.903 0.760386 833.912 232.613 0.701935 821.537 266.523 0.597941 796.111 289.339 0.788806 872.17 236.946 0.808212 871.725 285.642 0.745923 859.339 338.908 0.894674 895.648 138.678 0.66073 906.068 140.456 0.185076 877.403 128.481 0.717246 0 0 0 0
1 111 218 904.998 152.623 0.682058 873.896 153.719 0.808088 841.523 153.252 0.837046 813.253 203.913 0.825067 843.489 245.436 0.790867 902.381 156.516 0.804217 931.952 181.48 0.950183 923.707 150.203 0.793012 838.691 238.052 0.700589 825.451 273.481 0.588461 798.059 290.428 0.84196 877.389 243.468 0.805441 876.075 291.522 0.731794 864.56 347.815 0.866579 901.298 144.553 0.725247 911.297 147.188 0.284339 882.403 134.571 0.70952 0 0 0 0
1 111 219 910.437 159.144 0.704923 879.342 159.159 0.900699 846.748 158.258 0.85008 817.817 208.253 0.874232 847.611 250.649 0.844705 908.691 162.827 0.852472 938.254 189.09 0.826121 929.586 156.504 0.806559 842.828 244.357 0.700956 830.448 280.435 0.700085 801.744 291.955 0.841534 882.177 250.422 0.767415 879.337 297.396 0.751982 866.958 354.755 0.895259 906.957 151.297 0.704841 916.737 154.151 0.174796 888.701 140.441 0.760702 0 0 0 0
1 111 220 916.734 165.876 0.738236 885.214 165.454 0.897743 851.972 163.042 0.916054 821.944 211.948 0.921222 851.299 255.858 0.830404 914.353 169.568 0.839161 943.923 196.277 0.947609 935.673 163.456 0.798066 847.171 249.789 0.690516 836.309 287.831 0.654128 805.015 295.654 0.737401 886.321 256.943 0.783746 882.592 303.049 0.842836 868.483 359.75 0.902674 913.038 157.179 0.74218 922.402 160.891 0.208489 895 146.954 0.785215 0 0 0 0
1 111 221 921.952 172.401 0.690893 890.863 171.31 0.798159 857.189 166.962 0.828107 825.861 215.628 0.839658 854.567 260.64 0.822778 920.433 175.873 0.81433 950.215 204.534 0.838812 941.106 170.205 0.80321 851.092 255.007 0.713846 842.186 294.801 0.546479 813.483 304.129 0.408466 890.243 263.027 0.708504 885.63 307.393 0.785867 868.929 362.352 0.9104 918.26 163.912 0.817478 927.626 167.848 0.240673 900.866 153.264 0.752442 0 0 0 0
1 111 222 926.734 179.78 0.671058 896.098 176.532 0.921505 862.401 171.314 0.828891 830.206 219.106 0.83783 857.39 265.204 0.791785 926.088 182.385 0.848183 955.65 212.151 0.9045 946.533 177.592 0.834098 854.578 260.223 0.710985 848.277 301.528 0.662731 821.734 312.824 0.526408 894.161 268.464 0.751261 888.445 310.427 0.747664 868.063 362.351 0.915797 923.036 170.882 0.627118 932.41 175.886 0.232298 905.864 159.348 0.692591 0 0 0 0
1 111 223 931.501 186.727 0.747388 901.309 182.179 0.863117 867.396 176.098 0.873821 834.114 221.938 0.906585 859.775 269.981 0.793282 931.523 188.47 0.829898 960.866 220.412 0.8355 951.528 184.556 0.753766 858.043 265.876 0.685079 853.49 309.134 0.619966 830.646 321.949 0.438569 897.634 274.125 0.767568 890.187 314.558 0.711601 868.058 363.221 0.911543 927.597 177.629 0.8037 936.552 183.046 0.335679 910.427 165.859 0.72152 0 0 0 0
1 111 224 935.419 193.688 0.654577 906.095 187.387 0.801948 871.529 180.006 0.868201 837.608 224.986 0.942551 861.727 273.898 0.843616 936.743 194.348 0.843821 965.014 228.242 0.872266 956.529 192.372 0.839403 860.657 271.314 0.722509 858.914 316.518 0.674795 840.208 332.598 0.518407 900.885 280.208 0.770872 890.42 319.133 0.714839 868.064 364.96 0.909214 931.953 184.586 0.664894 941.328 190.225 0.164131 914.987 171.521 0.658304 0 0 0 0
1 111 225 938.898 200.649 0.572154 910.659 192.611 0.848442 875.658 184.349 0.867512 841.089 228.468 0.899004 863.685 278.678 0.846673 941.522 200.439 0.809787 969.136 236.725 0.811718 960.884 199.548 0.844434 862.823 277.615 0.764865 864.562 324.124 0.733442 849.118 348.254 0.699214 903.056 286.94 0.766638 888.912 325.869 0.6832 867.851 365.396 0.647549 935.436 191.542 0.577314 945.229 197.19 0.155551 918.691 178.034 0.660985 0 0 0 0
1 111 226 942.158 208.042 0.726441 915.004 198.258 0.876303 880.218 189.124 0.824375 844.344 232.594 0.860296 865.207 283.463 0.813434 945.869 206.958 0.789934 973.485 244.774 0.895282 964.572 206.935 0.823658 864.564 283.7 0.664127 872.165 331.088 0.629361 858.03 364.341 0.71697 905.227 293.036 0.721632 889.991 328.917 0.602185 867.74 365.834 0.637228 938.706 198.931 0.645566 948.927 205.224 0.348705 922.165 184.771 0.669118 0 0 0 0
1 111 227 944.557 215.426 0.625552 918.485 203.695 0.823807 883.478 193.693 0.874105 846.958 236.723 0.858164 866.507 288.242 0.847848 949.573 213.267 0.771834 977.168 253.248 0.860442 968.264 213.904 0.820156 865.867 290.223 0.702228 877.386 333.696 0.642251 866.504 373.69 0.659537 906.745 299.13 0.729755 890.419 331.743 0.600978 867.73 366.07 0.761096 941.315 206.753 0.599274 952.185 212.608 0.378762 925.421 191.514 0.61287 0 0 0 0
1 111 228 947.168 223.464 0.622168 921.96 209.774 0.858692 886.733 198.906 0.854984 849.571 241.515 0.914976 867.603 293.685 0.835859 953.259 219.356 0.731977 980.427 261.511 0.846603 971.526 221.944 0.791965 867.824 296.319 0.689804 882.373 338.481 0.594652 874.764 390.863 0.638417 908.695 305.66 0.759744 891.831 335.656 0.640135 869.242 366.686 0.566374 943.704 214.365 0.637064 955.44 221.067 0.303485 927.596 198.478 0.602276 0 0 0 0
1 111 229 949.119 230.652 0.636691 924.564 215.64 0.846443 889.763 205.202 0.78048 852.393 246.946 0.945354 869.13 299.992 0.846619 956.299 225.874 0.757076 983.47 269.976 0.817662 974.134 229.116 0.808735 869.997 303.282 0.702579 886.069 344.564 0.678737 883.451 406.288 0.785749 911.078 311.754 0.658401 894.223 339.574 0.171012 872.273 367.673 0.426719 945.663 222.4 0.625174 957.607 228.452 0.341683 929.339 205.221 0.604941 0 0 0 0
1 111 230 951.515 238.912 0.516589 927.609 221.953 0.860201 891.939 212.152 0.843199 855.208 253.259 0.875695 870.858 306.741 0.871253 960.21 231.749 0.737646 985.873 277.594 0.786524 976.308 236.499 0.835698 871.952 310.448 0.650651 889.544 350.861 0.61885 886.934 417.151 0.762971 914.337 318.275 0.647859 897.597 344.356 0.150414 876.62 369.472 0.1 948.482 230.016 0.515454 960.86 236.061 0.247633 930.863 212.616 0.692614 0 0 0 0
1 111 231 953.695 246.091 0.620819 930.21 228.905 0.851059 893.89 219.109 0.801471 857.593 260 0.898062 872.809 313.7 0.819592 963.032 238.491 0.769283 988.051 285.852 0.85937 979.133 243.47 0.746299 875.214 317.842 0.698067 892.374 358.039 0.366634 890.418 427.808 0.174553 918.248 325.228 0.643992 901.955 351.102 0.228961 883.575 372.733 0.619871 950.871 238.043 0.639967 963.683 243.014 0.374734 933.251 220.44 0.61324 0 0 0 0
1 111 232 955.443 254.354 0.49748 933.036 236.288 0.832926 895.846 226.066 0.851208 859.555 267.61 0.840843 874.776 320.888 0.864167 966.292 245.449 0.689009 990.669 293.26 0.822879 981.955 250.854 0.726376 877.172 325.669 0.635053 894.766 364.565 0.586521 893.028 438.033 0.847671 920.647 333.492 0.604696 906.73 358.715 0.1 888.794 377.079 0.1 952.823 245.45 0.458132 965.855 250.627 0.249077 934.775 227.833 0.69425 0 0 0 0
1 111 233 957.615 261.54 0.570787 935.216 243.242 0.858131 897.588 233.033 0.801457 861.501 275.006 0.876231 877.17 329.139 0.816958 968.905 251.967 0.746197 993.696 301.084 0.871904 983.913 257.602 0.779797 879.127 333.931 0.701076 896.943 371.087 0.755705 894.994 446.735 0.869243 923.266 341.754 0.630416 911.948 367.618 0.1 894.007 381.214 0.1 954.773 253.282 0.557648 967.813 258.007 0.264305 936.306 235.657 0.631089 0 0 0 0
1 111 234 958.916 269.784 0.555001 937.39 250.2 0.79786 899.329 240.209 0.846699 863.251 283.04 0.853262 879.997 336.744 0.859752 971.511 258.705 0.657195 996.512 308.046 0.858288 986.087 264.558 0.714013 881.519 340.896 0.664072 898.896 376.09 0.84579 896.953 450.222 0.913272 927.388 348.935 0.62794 918.898 374.8 0.1 900.092 388.168 0.1 956.075 260.885 0.536865 968.48 265.182 0.273087 937.607 243.05 0.670741 0 0 0 0
1 111 235 960.226 276.947 0.470747 939.562 256.945 0.879824 900.637 246.965 0.828247 864.996 290.439 0.935194 882.821 344.123 0.839574 974.556 265.013 0.715876 998.691 315.004 0.868178 987.838 271.303 0.83021 885.001 347.634 0.701259 900.196 381.093 0.860239 898.037 452.169 0.909278 931.736 355.89 0.690342 923.034 386.75 0.186137 906.939 396.868 0.180004 957.588 267.852 0.484241 969.991 272.139 0.214813 939.123 250.007 0.564621 0 0 0 0
1 111 236 961.957 283.692 0.541023 941.51 264.328 0.859419 902.377 254.357 0.859421 866.522 297.839 0.918564 885.435 351.732 0.882889 976.515 272.189 0.701492 1000.65 321.75 0.827764 990.229 278.249 0.790559 888.264 354.588 0.678599 902.154 389.358 0.808012 899.568 461.078 0.90247 935.652 363.495 0.68142 928.256 399.355 0.441962 913.902 407.08 0.191974 959.119 274.588 0.491022 971.726 278.887 0.35579 940.861 256.097 0.589352 976.364 258.366 0.104187 0
1 111 237 963.696 290.448 0.368671 943.464 271.721 0.88797 903.901 261.524 0.837312 867.824 305.227 0.956712 888.035 358.695 0.844566 979.12 279.578 0.705475 1002.62 328.274 0.818916 992.186 284.562 0.823734 891.082 361.542 0.720804 903.03 395.885 0.821959 899.575 461.517 0.900718 939.353 370.673 0.650041 932.066 411.528 0.342661 919.333 419.086 0.205091 960.427 281.54 0.343341 973.255 285.63 0.222751 942.38 263.045 0.528318 974.355 266.143 0.1 0
1 111 238 965.436 298.045 0.2195 945.432 278.687 0.877308 905.433 268.264 0.795129 868.699 312.41 0.882155 889.987 365.871 0.853658 981.731 286.756 0.692586 1004.58 335.016 0.882299 993.923 291.516 0.790002 893.256 368.281 0.692995 903.046 401.101 0.805636 899.575 461.74 0.937258 942.403 377.845 0.714249 934.894 422.826 0.645497 922.816 433.763 0.287319 961.518 288.723 0.208847 975.208 292.383 0.13835 943.472 270.213 0.490022 972.346 273.92 0.138201 0
1 111 239 966.732 305.211 0.43517 946.744 286.074 0.864335 906.958 275.014 0.84106 869.357 319.797 0.914608 891.737 372.827 0.822942 983.259 294.583 0.727101 1006.53 341.758 0.838369 996.527 298.692 0.791579 894.989 375.234 0.704138 902.825 406.541 0.793748 899.567 461.739 0.902152 944.147 385.459 0.75684 936.091 434.34 0.600073 924.767 450.666 0.524146 961.959 296.323 0.392762 975.656 299.777 0.277444 944.561 277.169 0.627414 972.382 281.759 0.0897908 0
1 111 240 967.38 312.607 0.451074 948.696 293.034 0.847879 908.475 281.539 0.798122 870.011 327.19 0.85582 893.263 380.212 0.815833 985.651 301.753 0.807845 1008.27 348.926 0.862457 997.614 305.862 0.677857 895.425 381.32 0.686387 901.516 411.319 0.792197 899.571 461.299 0.885495 945.449 392.425 0.710468 935.66 445.422 0.409884 923.909 469.575 0.559307 961.964 303.509 0.429042 975.877 307.166 0.278948 944.994 283.476 0.565759 0 0 0 0
1 111 241 968.9 319.776 0.495245 950.005 300.21 0.875107 909.772 288.497 0.845067 870.661 334.365 0.910686 894.769 387.169 0.848316 987.179 309.14 0.695244 1009.79 357.167 0.876708 998.711 313.681 0.708535 896.95 387.409 0.705293 899.565 415.888 0.749479 899.572 461.073 0.845312 947.62 399.368 0.757641 935.876 455.412 0.551697 923.907 486.322 0.562511 962.843 311.108 0.466251 977.18 314.558 0.31769 946.296 290.439 0.612848 0 0 0 0
1 111 242 969.333 328.03 0.331983 951.517 307.83 0.865453 911.071 296.094 0.804657 871.105 341.749 0.873255 895.638 394.349 0.807152 988.491 317.623 0.696638 1010.88 364.991 0.835976 1000.01 321.509 0.717756 898.464 393.276 0.665903 896.956 421.095 0.481381 899.354 460.846 0.795319 949.36 406.105 0.689392 935.875 464.331 0.704551 923.47 503.06 0.750059 962.845 318.71 0.338046 977.624 321.745 0.243077 946.731 297.823 0.482938 0 0 0 0
1 111 243 971.075 335.434 0.422129 952.605 316.298 0.82684 911.94 303.92 0.843454 871.75 349.146 0.899363 895.85 402.181 0.842152 989.792 326.103 0.672084 1011.76 373.69 0.858023 1001.52 330.203 0.679844 899.34 400.44 0.668238 894.127 427.178 0.544119 899.129 461.925 0.783348 950.019 413.492 0.727309 935.649 472.815 0.752314 921.947 518.493 0.732708 964.373 326.54 0.35915 980.445 328.92 0.26356 947.82 305.865 0.516672 0 0 0 0
1 111 244 971.935 343.917 0.423563 953.907 324.127 0.864225 912.601 312.168 0.82783 872.402 356.753 0.82544 896.063 410.449 0.746403 991.317 334.362 0.64951 1012.84 383.253 0.878881 1003.04 339.335 0.701571 899.33 408.917 0.635686 890.218 437.825 0.437545 893.485 471.281 0.719138 950.454 422.187 0.678327 935.425 480.862 0.803334 919.769 532.173 0.82315 964.593 334.804 0.450707 980.889 336.53 0.411354 948.048 314.339 0.521266 990.025 318.535 0.250826 0
1 111 245 971.722 353.045 0.454419 955.431 331.948 0.842538 912.831 319.779 0.855656 873.052 364.791 0.861721 896.054 418.927 0.783929 994.353 341.101 0.683664 1013.72 392.608 0.809823 1003.47 348.908 0.746305 899.77 416.093 0.661837 887.82 445.432 0.456445 893.034 474.328 0.717303 951.973 429.573 0.7074 934.338 488.683 0.845893 917.379 544.337 0.868561 964.373 343.925 0.373975 980.889 345.438 0.309853 947.834 323.246 0.516193 989.639 328.847 0.115237 0
1 111 246 970.854 361.955 0.286331 956.73 339.772 0.823619 913.266 327.826 0.834556 873.918 372.402 0.81382 895.839 427.615 0.739071 996.307 348.926 0.660692 1014.37 403.043 0.833864 1004.33 358.91 0.708159 899.778 423.702 0.622406 885.64 453.686 0.474981 891.938 478.672 0.459889 953.057 437.391 0.65613 933.462 496.287 0.806142 914.562 554.559 0.810154 963.281 352.62 0.264432 983.058 353.271 0.23742 947.835 331.95 0.462909 989.252 339.159 0.212249 0
1 111 247 969.767 371.514 0.270835 958.24 347.811 0.862564 913.697 335.661 0.858906 874.782 380.227 0.849555 894.767 435.877 0.720556 998.702 355.882 0.670955 1014.79 413.692 0.862391 1005.2 369.358 0.79047 900.431 430.651 0.6358 884.111 461.948 0.406207 891.285 484.332 0.335698 954.571 444.35 0.681185 932.377 503.469 0.831528 912.172 561.729 0.815889 962.835 361.525 0.235233 982.627 363.475 0.203852 947.832 340.435 0.41756 988.866 349.471 0.12264 0
1 111 248 968.249 380.209 0.218519 959.325 355.217 0.832464 914.125 343.262 0.817479 875.649 387.399 0.812547 893.462 444.349 0.826725 1000.65 363.49 0.669752 1014.79 424.553 0.846686 1005.42 380.222 0.808655 901.083 437.393 0.644978 882.594 473.899 0.29134 890.089 492.167 0.160897 955.868 451.305 0.687979 931.728 509.349 0.751313 909.79 566.294 0.798308 961.959 369.572 0.189493 981.752 372.389 0.191372 947.618 348.909 0.381809 988.479 359.783 0.191667 0
1 111 249 966.724 389.12 0.359047 959.756 363.48 0.869184 914.131 351.311 0.842897 875.873 395.005 0.836754 892.153 452.179 0.72964 1002.17 371.1 0.695154 1014.57 435.206 0.819389 1005.85 391.092 0.736589 901.737 444.131 0.632519 882.382 483.685 0.438307 888.339 502.606 0.204777 956.531 458.255 0.702252 931.719 514.573 0.757682 908.909 568.473 0.825256 960.444 378.253 0.341113 980.014 381.104 0.324457 947.41 357.176 0.438056 987.181 370.014 0.230875 0
1 111 250 964.115 397.824 0.135347 960.178 371.096 0.833343 913.921 358.914 0.792617 875.876 402.169 0.808038 889.988 460.642 0.764428 1003.69 379.145 0.606189 1013.71 445.643 0.842241 1005.21 402.187 0.696729 901.742 451.088 0.597585 882.385 493.898 0.400492 885.947 513.913 0.374214 957.177 464.782 0.637477 931.517 519.145 0.82144 907.829 570.426 0.791155 958.273 386.946 0.131839 978.048 390.241 0.138141 946.968 366.089 0.361756 985.671 380.656 0.23688 0
1 111 251 961.512 406.298 0.217686 960.185 378.916 0.852836 913.699 366.518 0.854998 875.872 409.562 0.805724 886.955 468.033 0.740784 1005.21 386.531 0.688295 1012.83 456.294 0.823313 1004.11 413.706 0.704304 901.752 457.607 0.606895 882.821 503.692 0.462813 884.196 525.866 0.547153 958.044 470.649 0.668676 933.033 522.401 0.800164 907.176 570.872 0.789875 956.319 395.427 0.207608 975.655 399.15 0.152453 946.528 374.354 0.386874 984.578 390.855 0.16066 0
1 111 252 958.039 414.998 0.297726 960.396 386.524 0.872461 913.483 373.687 0.819489 875.223 416.52 0.822193 883.694 475.203 0.794465 1006.52 394.362 0.677292 1011.95 466.934 0.818578 1002.38 425.227 0.693065 901.745 464.137 0.612838 883.252 514.559 0.517011 880.511 541.74 0.1 958.913 476.522 0.695331 934.563 525.436 0.729057 906.957 571.096 0.804699 953.059 403.683 0.242118 971.524 409.151 0.188497 945.006 381.969 0.421618 984.367 400.857 0.206134 0
1 111 253 954.997 423.479 0.406856 959.969 394.793 0.866486 913.466 380.863 0.857055 874.358 423.045 0.788374 879.781 482.159 0.733032 1006.73 403.926 0.709068 1010.65 477.577 0.862873 1000.65 437.184 0.687247 900.668 469.573 0.59527 883.684 521.304 0.494756 881.597 551.961 0.619851 958.477 482.385 0.682122 935.222 527.611 0.693454 906.528 571.327 0.818479 950.446 412.152 0.342692 967.839 418.282 0.414489 943.485 389.581 0.435013 983.715 409.999 0.297809 0
1 111 254 952.17 432.392 0.360125 958.882 403.279 0.862381 913.029 388.035 0.818143 873.273 430.001 0.831743 875.221 488.257 0.75562 1005.43 414.568 0.71328 1009.34 488.221 0.865047 998.04 450.226 0.738546 898.265 477.399 0.672798 881.728 533.481 0.69814 877.254 570.226 0.555564 954.784 490.869 0.690225 928.48 536.092 0.681754 900.232 581.769 0.829781 947.407 420.637 0.288721 964.573 427.198 0.288758 941.965 397.629 0.411114 980.893 420.216 0.247266 0
1 111 255 950.209 441.299 0.485544 957.374 411.547 0.853281 911.941 395.438 0.80737 871.751 436.746 0.790262 870.222 494.994 0.83041 1004.14 423.917 0.706315 1008.47 498.431 0.789504 994.789 463.7 0.696039 895.658 485.009 0.617285 879.996 545.655 0.524498 873.555 588.71 0.375845 951.304 498.91 0.616017 926.527 539.132 0.499385 900.67 582.85 0.737366 946.104 429.768 0.460662 959.36 437.198 0.412948 940.241 406.106 0.35029 979.803 429.131 0.265769 0
1 111 256 946.74 450.009 0.598332 955.424 420.671 0.827166 910.208 403.475 0.819211 869.147 444.344 0.852793 865 501.295 0.824887 1002.4 434.56 0.67978 1007.61 508.007 0.822803 990.88 477.167 0.621302 891.535 493.491 0.586535 878.032 558.699 0.558253 869.006 606.968 0.268914 946.081 508.255 0.539724 919.566 549.132 0.511126 894.793 594.809 0.758401 942.854 438.684 0.461728 955.667 446.118 0.520743 938.287 415.441 0.342254 977.848 438.262 0.31133 0
1 111 257 943.701 459.15 0.643003 953.463 430.224 0.812695 908.039 411.958 0.824143 866.316 451.527 0.8667 859.347 507.38 0.808169 1000.67 444.994 0.647165 1006.73 518.01 0.735829 985.887 489.772 0.493968 888.919 501.749 0.575639 875.319 567.073 0.435032 864.999 622.294 0.330514 943.475 516.736 0.526579 918.26 554.131 0.287787 894.137 598.063 0.547882 940.022 448.46 0.52646 952.833 455.26 0.591429 936.318 424.351 0.291014 976.76 447.603 0.373673 0
1 111 258 940.444 468.931 0.505414 950.646 439.359 0.810845 905.434 420.652 0.789085 863.697 458.483 0.86498 852.397 513.676 0.820554 998.709 455.223 0.663244 1005.64 528.017 0.673239 981.093 502.812 0.614956 884.356 511.318 0.626516 871.624 577.075 0.402968 861.537 634.688 0.405047 939.124 526.737 0.575991 911.095 563.911 0.662277 888.045 610.234 0.72774 937.19 458.248 0.406832 949.574 465.676 0.567747 933.271 434.351 0.253266 975.451 456.3 0.366687 0
1 111 259 937.399 479.14 0.618777 947.4 449.139 0.854009 902.614 429.564 0.824064 860.43 465.453 0.803545 845.438 519.333 0.853373 995.671 465.87 0.743884 1004.12 537.804 0.826863 976.949 515.206 0.78443 878.916 520.233 0.657896 864.881 586.639 0.654824 858.719 646.1 0.571325 932.6 536.524 0.595501 903.905 574.128 0.129522 882.169 622.189 0.329933 933.923 468.023 0.575091 946.104 475.88 0.556779 930.018 443.049 0.480419 973.058 466.095 0.265893 0
1 111 260 934.135 489.143 0.473454 944.142 458.927 0.859241 899.571 438.707 0.824739 856.518 472.621 0.837683 838.695 524.76 0.862022 992.405 476.526 0.787618 1002.6 547.596 0.796847 971.96 527.389 0.782913 873.913 530.45 0.651294 860.754 596.42 0.587498 855.475 656.972 0.577125 926.3 547.401 0.594535 895.211 585.867 0.638899 876.085 634.575 0.679313 930.654 478.237 0.453375 943.052 486.323 0.344528 926.751 452.613 0.393265 969.583 476.105 0.192511 0
1 111 261 930.653 499.133 0.472565 940.882 468.925 0.850762 896.312 448.493 0.819483 853.027 479.574 0.825709 831.973 529.329 0.83047 989.148 486.747 0.763996 1000.88 557.596 0.834884 966.96 539.557 0.803237 870.437 539.573 0.629557 855.321 602.08 0.1 854.167 661.972 0.1 922.168 558.485 0.579426 886.516 597.177 0.298914 869.997 646.977 0.506729 927.378 488.017 0.480201 939.58 496.522 0.444281 922.842 462.395 0.415173 966.107 485.242 0.282844 0
1 111 262 926.958 509.561 0.282095 937.612 478.268 0.854388 892.41 457.852 0.807892 848.239 487.819 0.790595 825.894 534.106 0.873804 986.111 495.225 0.74139 999.354 566.735 0.817415 961.742 550.21 0.79196 868.042 549.357 0.560072 852.938 609.689 0.284264 853.303 666.75 0.175921 919.988 568.921 0.459725 880.862 613.267 0.523867 864.127 660.02 0.783704 923.245 498.237 0.249755 936.101 506.524 0.230805 918.927 472.182 0.293716 962.84 494.376 0.17192 0
1 111 263 923.697 520.426 0.553628 934.79 487.83 0.841621 888.714 467.858 0.801083 843.23 494.986 0.79435 820.687 538.656 0.848089 983.927 504.147 0.775731 997.611 576.516 0.801108 957.61 560.206 0.745304 864.784 559.137 0.598524 848.159 616.211 0.247385 852.868 669.138 0.1 918.47 579.139 0.592341 881.952 623.05 0.540932 864.335 663.495 0.803868 919.977 508.669 0.56314 932.636 516.962 0.584186 915.228 482.388 0.332084 959.581 504.798 0.26578 0
1 111 264 918.923 530.428 0.3658 931.956 497.819 0.848638 885.234 477.195 0.842627 836.717 503.014 0.816678 815.911 542.142 0.847727 981.75 514.14 0.739112 995.223 586.307 0.861953 953.692 569.117 0.811088 860.866 570.003 0.628261 841.205 625.124 0.364238 852.502 669.526 0.324123 916.518 590.234 0.544521 876.95 639.366 0.513616 859.023 674.323 0.711061 915.628 518.883 0.350007 928.722 527.286 0.333284 911.736 491.73 0.319892 956.102 514.142 0.213705 0
1 111 265 915.444 540.851 0.293929 928.921 507.606 0.862542 881.757 486.763 0.812614 830.625 509.769 0.884566 812.225 545.407 0.863268 979.573 524.358 0.739939 992.615 596.097 0.844785 950.424 578.029 0.832698 857.598 580.872 0.618886 834.47 633.82 0.531208 852.135 669.913 0.364264 915.654 601.322 0.593469 876.958 650.452 0.439845 853.71 685.151 0.635669 912.147 529.1 0.22967 925.447 537.498 0.219215 908.248 500.87 0.27483 951.541 524.579 0.225179 0
1 111 266 911.747 552.144 0.559166 925.67 517.61 0.855809 878.488 496.544 0.801957 823.677 517.799 0.759082 809.611 548.457 0.884355 976.522 535.22 0.744386 990.01 606.317 0.852778 948.242 587.816 0.879564 854.125 590.44 0.623319 829.575 641.97 0.412299 851.769 670.301 0.728545 913.044 611.978 0.632369 872.605 664.363 0.785666 848.397 695.979 0.1 908.46 539.748 0.46162 921.546 548.357 0.588695 904.766 511.082 0.301695 947.2 535.88 0.270092 0
1 111 267 908.478 563.454 0.395106 922.625 528.261 0.837996 874.793 506.328 0.793122 815.43 526.058 0.8568 808.737 551.077 0.878807 973.261 546.515 0.739418 987.628 616.532 0.846442 945.86 597.813 0.83556 850.86 601.087 0.490651 824.354 651.75 0.211084 851.403 670.689 0.14495 911.95 622.626 0.557381 874.125 673.498 0.492813 843.085 706.808 0.133696 905.195 550.621 0.290194 918.286 559.01 0.455728 901.288 521.506 0.267908 943.286 547.831 0.253511 0
1 111 268 904.785 574.333 0.185757 919.365 538.908 0.816768 871.31 516.122 0.754273 807.606 534.749 0.823363 808.737 553.911 0.907143 970.217 556.965 0.759171 985.669 626.752 0.784956 943.04 607.808 0.873802 848.248 613.796 0.482801 820.245 664.171 0.246345 0 0 0 910.867 636.102 0.494092 876.736 683.501 0.419181 0 0 0 901.724 561.718 0.1 915.022 569.886 0.1 897.812 533.238 0.206368 939.373 559.343 0.147094 0
1 111 269 902.605 585.859 0.404703 916.104 548.911 0.783133 867.836 526.338 0.782135 800.431 543.66 0.822149 809.816 556.955 0.877703 966.745 567.396 0.720694 983.706 637.835 0.817239 941.077 618.447 0.836083 844.327 627.705 0.459512 816.136 676.592 0.228889 0 0 0 909.125 650.017 0.502921 878.693 693.221 0.399496 0 0 0 898.905 572.601 0.337005 912.853 581.619 0.376749 894.565 543.237 0.242752 937.631 569.986 0.21519 0
1 111 270 899.12 597.814 0.570891 912.407 559.353 0.810797 863.917 536.985 0.744177 793.041 552.58 0.826607 811.535 560.868 0.869881 963.259 578.042 0.702209 981.956 648.713 0.851955 939.328 629.106 0.759421 840.635 641.402 0.385085 812.027 689.013 0.258961 0 0 0 906.947 662.628 0.495428 880.65 702.941 0.412635 853.172 714.163 0.0539121 895 584.13 0.453727 908.726 592.717 0.53386 891.297 553.886 0.285443 935.217 582.337 0.324411 0
1 111 271 896.242 609.527 0.602275 909.148 570.648 0.782941 860.872 547.844 0.707945 786.302 561.278 0.773369 813.274 564.781 0.859151 959.13 589.558 0.689947 979.349 660.893 0.80223 937.372 640.407 0.682381 835.418 655.535 0.311181 807.918 701.434 0.171358 0 0 0 903.261 676.159 0.370267 882.607 712.662 0.362844 868.648 714.174 0.0692649 892.132 595.486 0.466939 905.916 604.652 0.657911 888.231 565.359 0.353207 932.803 594.688 0.266394 0
1 111 272 893.364 621.24 0.381824 905.257 581.769 0.736892 857.185 559.026 0.669084 779.553 570.611 0.811012 815.575 568.957 0.866709 954.148 600.517 0.631462 977.16 672.992 0.789077 935.059 652.116 0.724745 831.899 669.543 0.1 0 0 0 0 0 0 899.575 689.691 0.201342 884.564 722.382 0.135494 0 0 0 889.264 606.842 0.284256 903.105 616.587 0.396257 885.165 576.831 0.261251 930.389 607.038 0.198906 0
1 111 273 890.486 632.954 0.321196 901.367 592.89 0.675707 853.498 570.208 0.614133 772.804 579.943 0.801307 817.875 573.134 0.875733 949.166 611.477 0.515854 974.971 685.09 0.64562 932.746 663.826 0.672763 828.379 683.552 0.216268 0 0 0 0 0 0 895.889 703.223 0.159473 0 0 0 0 0 0 886.395 618.199 0.269483 900.294 628.523 0.312253 882.099 588.304 0.17309 927.975 619.389 0.117706 0
1 111 274 887.607 644.667 0.327515 897.476 604.011 0.775261 849.811 581.389 0.597957 766.056 589.275 0.808711 820.176 577.31 0.77108 944.184 622.436 0.63937 972.782 697.189 0.708825 930.434 675.535 0.727948 824.86 697.561 0.247171 0 0 0 0 0 0 892.203 716.755 0.193351 0 0 0 0 0 0 883.527 629.555 0.205963 897.483 640.458 0.366645 879.033 599.776 0.164681 0 0 0 0
1 111 275 0 0 0 893.585 615.132 0.667252 846.123 592.571 0.490081 759.307 598.608 0.712007 822.477 581.486 0.801355 939.202 633.396 0.431027 970.593 709.288 0.353626 928.121 687.245 0.460819 821.341 711.57 0.115905 0 0 0 0 0 0 896.116 714.185 0.0618922 0 0 0 0 0 0 0 0 0 0 0 0 872.664 606.524 0.0642663 0 0 0 0
1 111 276 911.741 684.781 0.0618386 892.163 631.982 0.421514 851.016 604.557 0.391055 763.014 602.628 0.753959 825.635 590.886 0.709943 931.304 647.626 0.145704 960.619 714.184 0.107214 0 0 0 0 0 0 0 0 0 0 0 0 0 0 0 0 0 0 0 0 0 909.802 674.973 0.0675469 0 0 0 886.319 616.309 0.0553604 0 0 0 0
