1 111 57 1241.41 8.00625 0.241525 1249.62 46.8921 0.831948 1227.89 19.132 0.803608 1190.22 53.9712 0.759651 1155.75 75.6702 0.808323 1271.54 73.0654 0.599153 0 0 0 0 0 0 1178.2 126.576 0.719758 1148.35 171.334 0.602405 1181.05 214.775 0.372349 1211.77 150.159 0.800134 1168.02 190.856 0.787273 1139.42 236.092 0.820234 0 0 0 1251.44 7.99888 0.173335 0 0 0 0 0 0 0
1 111 58 1232.14 14.3218 0.220379 1241.45 49.7345 0.862449 1218.8 22.6082 0.806125 1181.63 56.1862 0.796289 1146.98 77.7253 0.835093 1264.2 76.3198 0.668222 1263.65 142.153 0.843028 1248.49 191.148 0.817236 1169.52 128.896 0.745472 1137.63 174.309 0.709892 1161.89 218.281 0.1 1203.71 153.164 0.765347 1164.33 196.462 0.686941 1137.24 241.045 0.750753 0 0 0 1241.89 13.8266 0.159259 0 0 0 1259.43 30.9838 0.263702 0
1 111 59 1222.87 20.6374 0.322096 1233.29 52.577 0.853732 1209.7 26.0844 0.821271 1173.05 58.4012 0.728101 1138.21 79.7805 0.778794 1256.86 79.5741 0.76205 1253.55 144.112 0.853609 1235.61 192.491 0.789542 1160.84 131.215 0.737465 1126.9 177.284 0.74886 1142.74 221.787 0.15648 1195.66 156.168 0.795757 1160.64 202.068 0.689594 1135.05 245.997 0.747647 0 0 0 1232.34 19.6543 0.315098 0 0 0 1250.83 33.7245 0.439055 0
1 111 60 1213.6 26.953 0.534968 1225.13 55.4194 0.868877 1200.6 29.5606 0.828234 1164.47 60.6161 0.821597 1129.43 81.8356 0.841246 1249.52 82.8285 0.753691 1243.44 146.071 0.872992 1222.73 193.834 0.829535 1152.16 133.535 0.762811 1116.18 180.259 0.842956 1123.58 225.293 0.571785 1187.61 159.172 0.748804 1156.95 207.675 0.673288 1132.86 250.95 0.648172 1214.65 22.8061 0.344808 1222.79 25.4821 0.489091 0 0 0 1242.22 36.4652 0.600178 0
1 111 61 1204.32 33.2685 0.51312 1216.97 58.2619 0.837837 1191.51 33.0368 0.828828 1155.89 62.8311 0.770797 1120.66 83.8907 0.786551 1242.18 86.0829 0.850356 1233.34 148.031 0.866075 1209.86 195.176 0.849418 1143.47 135.855 0.776152 1105.45 183.233 0.801396 1104.42 228.799 0.629895 1179.56 162.176 0.807594 1153.26 213.281 0.696477 1130.67 255.902 0.628737 1204.85 26.8859 0.277563 1213.25 31.3098 0.548443 0 0 0 1233.61 39.206 0.671795 0
1 111 62 1194.54 39.0382 0.561136 1208.26 61.5232 0.900851 1181.74 36.5142 0.884969 1146.33 66.0749 0.845351 1111.75 86.0647 0.841167 1234.35 89.5513 0.831138 1223.24 149.99 0.857854 1196.98 196.519 0.862902 1134.56 139.118 0.800682 1094.57 186.724 0.799177 1088.77 231.625 0.827059 1171.09 165.658 0.739068 1149.56 218.267 0.834912 1128.48 260.904 0.746319 1195.05 30.9657 0.300923 1202.82 36.8521 0.54774 0 0 0 1225.01 41.9467 0.74963 0
1 111 63 1185.62 45.4563 0.472067 1199.12 65.0022 0.837039 1171.95 40.4254 0.887371 1135.67 69.7724 0.811255 1101.1 90.6284 0.842351 1226.09 92.1589 0.826602 1213.03 151.956 0.890357 1184.58 198.255 0.843022 1125.64 142.161 0.751531 1084.57 190.853 0.761394 1071.28 236.085 0.798778 1162.39 168.276 0.791442 1145.86 222.827 0.71446 1126.09 266.982 0.67681 1185.25 35.0455 0.228202 1193.69 42.6139 0.517615 0 0 0 1216.1 44.5582 0.687275 0
1 111 64 1175.85 50.0214 0.652935 1189.77 68.4732 0.886558 1161.95 44.1207 0.864036 1126.09 72.815 0.791423 1092.17 93.4562 0.731138 1217.16 94.3378 0.798749 1202.39 153.922 0.79949 1172.18 200.208 0.826704 1115.64 145.215 0.807013 1075.22 194.568 0.779357 1051.08 243.044 0.781499 1153.26 171.097 0.755699 1140.65 227.815 0.754659 1123.04 271.755 0.363699 1175.44 39.1253 0.484849 1183.69 46.5318 0.602164 0 0 0 1206.74 47.6035 0.766308 0
1 111 65 1165.42 53.7174 0.63489 1179.55 72.1713 0.878512 1151.3 48.6799 0.834939 1115.65 76.5092 0.831888 1081.75 97.3625 0.806542 1207.38 97.3781 0.864354 1191.95 156.533 0.836035 1160.02 202.81 0.803817 1105.63 148.904 0.792236 1065.23 199.784 0.772526 1035.21 249.124 0.745606 1143.25 174.572 0.799095 1135.44 231.513 0.7624 1119.78 275.014 0.33806 1165.03 42.6198 0.395958 1173.27 50.0147 0.617144 0 0 0 1196.32 50.8513 0.788299 0
1 111 66 1155.42 56.9723 0.58606 1168.89 75.8548 0.865618 1140 52.3799 0.846198 1104.78 80.6343 0.76684 1072.39 101.056 0.812287 1197.16 100.424 0.872783 1181.74 159.358 0.875366 1149.37 204.998 0.861079 1095.41 152.81 0.777641 1056.32 203.928 0.811208 1023.05 254.34 0.845753 1133.47 178.055 0.843309 1128.91 234.987 0.795521 1115.21 276.971 0.414658 1155.02 45.667 0.359189 1162.84 53.2638 0.636584 0 0 0 1186.1 53.8989 0.748005 0
1 111 67 1145 60.2368 0.530093 1158.24 79.3336 0.842662 1129.33 55.8631 0.804918 1093.92 84.3316 0.734711 1062.16 104.771 0.712962 1186.52 103.678 0.836608 1171.52 162.404 0.865464 1138.95 208.46 0.942105 1085.18 156.515 0.788474 1046.76 207.627 0.799284 1013.04 259.342 0.836601 1123.9 181.749 0.784957 1121.73 238.024 0.747757 1111.31 276.971 0.39103 1144.6 48.7129 0.335495 1152.62 56.5208 0.534699 0 0 0 1175.66 56.9386 0.72962 0
1 111 68 1134.13 62.8453 0.555649 1147.37 82.1615 0.88606 1117.81 59.3256 0.82759 1083.05 88.0394 0.811314 1052.37 108.477 0.817567 1176.09 106.509 0.826395 1161.74 165.446 0.848187 1130.01 211.724 0.816256 1074.54 160.865 0.798874 1037.19 212.835 0.8278 1004.79 264.125 0.840962 1113.9 185.442 0.735709 1113.26 241.941 0.62148 1106.3 278.271 0.225622 1133.94 51.3318 0.315309 1141.96 59.5579 0.529162 0 0 0 1165 59.9716 0.703661 0
1 111 69 1123.28 65.4484 0.563285 1136.71 84.7682 0.905572 1106.52 62.3685 0.838882 1072.83 91.5165 0.8002 1043.68 111.52 0.804771 1166.08 108.469 0.829605 1152.39 168.483 0.849515 1122.18 214.977 0.835151 1064.33 163.915 0.78961 1029.36 214.79 0.783635 999.361 267.162 0.909909 1104.33 187.841 0.779088 1103.7 242.595 0.613472 1099.34 275.443 0.257929 1123.29 54.3705 0.352306 1131.09 62.1702 0.557805 0 0 0 1153.92 62.1493 0.750185 0
1 111 70 1112.64 67.4016 0.515041 1126.29 86.2944 0.85564 1095.87 64.1107 0.815402 1062.62 94.5598 0.767389 1034.34 115 0.799316 1156.07 110 0.836056 1143.9 170.441 0.78643 1115.86 217.593 0.769684 1054.98 165.874 0.775763 1022.18 215.665 0.787245 996.105 269.118 0.882613 1094.35 189.788 0.787641 1092.61 242.588 0.382942 1090.43 270.66 0.158379 1112.84 56.9739 0.324512 1120.44 64.1217 0.534298 0 0 0 1143.47 63.9025 0.683922 0
1 111 71 1101.77 68.924 0.582603 1116.51 88.0276 0.866987 1086.08 65.8338 0.82844 1053.91 96.5282 0.790752 1025.85 118.042 0.864424 1146.29 111.74 0.830769 1136.09 172.623 0.835365 1109.77 220.639 0.855499 1045.42 167.614 0.764348 1015.24 216.306 0.832826 994.151 270.642 0.944928 1085.21 191.518 0.81728 1080.64 242.159 0.321338 1080 268.918 0.122472 1101.98 58.9288 0.362913 1109.78 65.6541 0.55423 0 0 0 1132.39 65.853 0.812111 0
1 111 72 1091.33 70.0092 0.562185 1106.72 89.338 0.898107 1076.09 66.9255 0.887855 1045.64 98.0509 0.83615 1017.59 119.784 0.803264 1136.73 113.698 0.865776 1128.92 174.787 0.821804 1104.99 223.689 0.872039 1036.94 169.354 0.74557 1009.15 217.176 0.828329 992.619 271.939 0.951701 1076.73 193.245 0.801134 1067.61 241.072 0.520321 1066.97 265.872 0.221456 1091.54 60.4525 0.276275 1099.56 67.1753 0.553167 0 0 0 1122.16 67.5957 0.773717 0
1 111 73 1081.11 70.6663 0.579579 1096.94 91.082 0.839145 1066.31 68.4412 0.865921 1036.74 99.7955 0.812742 1008.9 122.392 0.837335 1126.95 115.657 0.829448 1122.17 176.738 0.906242 1101.08 226.729 0.864498 1028.89 171.519 0.743171 1002.84 219.121 0.797773 991.091 272.592 0.957081 1068.25 194.557 0.763268 1054.78 240.861 0.474305 1053.06 265.863 0.202936 1081.32 61.962 0.349741 1089.99 68.4774 0.61792 0 0 0 1111.95 68.4818 0.711118 0
1 111 74 1071.97 72.1873 0.667147 1088.02 92.6039 0.887783 1057.59 69.104 0.892828 1028.04 101.101 0.859535 1000.2 124.362 0.817025 1118.03 117.181 0.895947 1115.65 178.473 0.881119 1097.81 229.553 0.822159 1021.3 173.266 0.732012 998.914 221.308 0.846161 988.698 274.773 0.935036 1060 195.432 0.800685 1041.51 241.298 0.467921 1037.18 268.25 0.398946 1072.18 63.692 0.406281 1080.21 69.5694 0.668027 0 0 0 1103.03 69.5745 0.842567 0
1 111 75 1062.19 73.9264 0.593782 1079.32 94.1362 0.828947 1049.33 70.8341 0.841089 1020 101.769 0.844619 990.856 126.314 0.847107 1108.91 119.127 0.830743 1109.77 180.645 0.849243 1094.76 232.587 0.816762 1013.9 175.873 0.727321 995.439 225.872 0.780487 988.475 275.214 0.835454 1051.3 197.165 0.782381 1028.46 242.377 0.538421 1020.45 273.031 0.532253 1062.18 65.6432 0.227877 1070.86 71.3199 0.660673 0 0 0 1093.46 71.529 0.813212 0
1 111 76 1051.74 77.1814 0.610062 1069.55 96.9603 0.86724 1039.99 73.0065 0.880721 1010.22 103.723 0.855907 980.423 128.27 0.861477 1098.69 121.741 0.848439 1102.81 183.256 0.857807 1091.5 235.859 0.837005 1005.87 178.693 0.763123 992.604 229.127 0.764798 988.268 274.994 0.769009 1041.53 199.132 0.781303 1017.58 240.862 0.552272 1001.03 280.488 0.484337 1051.73 68.6932 0.332919 1060.21 74.1487 0.609248 0 0 0 1083.03 74.9981 0.763868 0
1 111 77 1041.95 81.0985 0.656695 1060.2 100.229 0.869832 1031.07 75.8462 0.803827 1000.65 105.68 0.835267 969.773 130.659 0.856177 1088.47 125.438 0.797426 1095.43 186.728 0.872093 1088.02 239.544 0.858343 998.033 181.08 0.758367 989.556 229.794 0.685778 988.252 274.779 0.678858 1032.39 201.306 0.804386 1006.92 237.822 0.713699 980.668 287.366 0.638882 1041.73 72.8159 0.366165 1050 77.8496 0.696848 0 0 0 1073.47 78.4853 0.830109 0
1 111 78 1031.95 85.4453 0.708051 1050.42 103.703 0.879528 1021.72 79.1056 0.831507 990.434 108.069 0.842236 958.254 133.482 0.882812 1078.47 129.133 0.768456 1088.24 190.209 0.841933 1083.47 243.25 0.950875 989.771 184.12 0.748442 985.862 232.822 0.585392 987.81 274.562 0.492522 1022.83 204.555 0.748719 992.998 241.3 0.690537 961.759 296.92 0.609353 1031.52 76.7292 0.514577 1040 81.7646 0.653831 0 0 0 1063.46 82.6153 0.745707 0
1 111 79 1021.94 90.2371 0.638276 1040.63 108.477 0.824029 1012.37 82.8061 0.733588 979.787 111.328 0.795996 946.73 136.079 0.847605 1068.03 134.34 0.834211 1079.77 194.132 0.861542 1078.26 247.371 0.915875 980.427 188.247 0.66913 981.943 235.429 0.408935 986.295 274.134 0.393087 1012.83 208.251 0.758508 984.509 241.298 0.85091 944.691 307.239 0.760923 1021.51 81.0737 0.305449 1030.21 86.7614 0.60767 0 0 0 1053.47 87.8164 0.800812 0
1 111 80 1012.59 96.315 0.581627 1030.86 112.401 0.844468 1002.6 86.2985 0.71483 969.146 114.587 0.776426 934.779 138.268 0.865018 1058.04 139.346 0.759446 1071.08 198.912 0.895698 1072.6 252.147 0.840935 970.638 192.154 0.591152 976.605 239.778 0.21992 983.906 274.029 0.695549 1002.18 212.602 0.726562 972.12 246.953 0.221531 928.813 314.845 0.1 1012.37 86.2999 0.319451 1020.43 92.4057 0.55738 0 0 0 1044.76 93.0356 0.758678 0
1 111 81 1002.37 102.401 0.541345 1020.66 116.966 0.843486 992.597 91.0741 0.779573 958.273 118.058 0.789014 923.471 140.661 0.787518 1047.81 144.347 0.818688 1062.16 203.484 0.850064 1065.65 256.279 0.854486 960.212 196.507 0.62309 969.862 245.431 0.338917 980.216 274.26 0.664194 991.522 217.175 0.666452 961.036 252.172 0.298266 916.184 322.029 0.1 1002.14 91.7332 0.323515 1010.86 98.2772 0.600331 0 0 0 1034.77 98.4728 0.729245 0
1 111 82 993.237 108.913 0.47927 1011.1 121.32 0.855103 982.819 95.6379 0.845221 946.754 121.752 0.82728 911.084 144.128 0.83984 1038.45 149.137 0.804738 1052.18 208.279 0.903183 1057.4 260.631 0.834456 949.567 201.291 0.608869 960.736 252.172 0.206844 968.916 280.998 0.59734 981.09 222.383 0.709712 949.742 258.04 0.765544 904.01 328.554 0.79993 992.997 97.1743 0.326057 1001.3 104.576 0.465745 0 0 0 1025.85 104.112 0.638774 0
1 111 83 983.241 114.352 0.618387 1000.89 126.315 0.855661 972.396 100.42 0.809237 936.088 125.022 0.833805 899.561 147.162 0.884645 1028.47 154.135 0.79996 1042.83 213.072 0.866973 1048.48 265.415 0.824774 938.915 206.063 0.602666 948.126 254.987 0.153833 960.649 279.039 0.491459 971.09 227.382 0.718005 939.537 262.829 0.168098 894.662 332.915 0.1 982.999 102.401 0.37581 992.152 110.648 0.614408 0 0 0 1016.29 109.547 0.684509 0
1 111 84 974.109 119.573 0.617728 991.539 130.875 0.857636 962.393 104.331 0.799196 924.998 128.706 0.811484 888.256 150.209 0.869644 1019.75 158.275 0.784378 1033.05 217.206 0.80852 1038.26 269.769 0.842326 928.27 209.113 0.634135 933.13 256.074 0.1 951.732 281.429 0.1 961.737 231.091 0.737803 930.852 266.971 0.79033 887.919 335.75 0.731478 973.44 107.404 0.421494 982.589 115.859 0.623146 0 0 0 1007.38 114.121 0.801469 0
1 111 85 965.635 123.271 0.500815 982.848 134.352 0.829525 953.041 107.601 0.792023 915.644 131.322 0.804633 878.042 153.236 0.813467 1011.71 161.757 0.850152 1024.35 221.121 0.871954 1027.82 273.031 0.844521 918.7 212.8 0.691828 918.125 259.547 0.232747 940 285.998 0.307405 953.904 234.786 0.724406 920.637 275.011 0.757602 883.202 338.078 0.798596 964.96 111.1 0.31183 974.762 119.99 0.490513 0 0 0 998.905 117.601 0.694449 0
1 111 86 957.378 126.304 0.567159 974.584 137.383 0.834961 944.137 109.993 0.817114 906.089 134.136 0.782439 868.259 155.62 0.798466 1004.33 164.577 0.797203 1016.09 224.384 0.84939 1016.96 276.296 0.818823 909.359 216.072 0.702964 902.489 264.099 0.552141 927.616 291.202 0.475462 945.646 238.912 0.785487 910.42 283.475 0.686995 880.509 340.326 0.669606 956.702 113.292 0.347828 966.283 123.033 0.539736 0 0 0 990.637 120.856 0.746538 0
1 111 87 948.692 128.694 0.559191 966.319 139.993 0.874162 935.233 112.173 0.880876 896.53 136.731 0.77537 858.682 157.37 0.783812 996.727 167.401 0.797297 1007.62 227.846 0.884004 1006.09 279.34 0.858552 900.022 219.116 0.770512 887.491 267.799 0.575709 911.102 296.85 0.11487 938.24 242.396 0.802473 905.433 288.249 0.724033 878.772 342.07 0.759777 948.009 115.466 0.377814 958.451 126.064 0.546604 946.985 99.8591 0.056912 982.16 123.689 0.661087 0
1 111 88 940.002 130.862 0.5907 958.485 141.738 0.852156 926.533 114.134 0.823844 887.828 138.472 0.788881 848.679 159.119 0.845743 989.766 168.922 0.774105 999.998 230.877 0.843459 994.781 281.958 0.881926 891.544 221.939 0.722374 872.281 272.58 0.729647 893.48 303.802 0.146034 931.499 245.654 0.820264 896.971 296.297 0.707263 877.362 343.487 0.74442 939.11 117.853 0.369658 949.759 128.024 0.587093 0 0 0 973.899 125.645 0.706002 0
1 111 89 931.313 132.604 0.650455 950.221 143.68 0.86651 917.614 116.737 0.857786 878.262 140.426 0.767247 839.11 161.067 0.866218 983.02 170.224 0.766353 992.167 232.823 0.833253 983.914 283.484 0.818647 883.718 225.42 0.797874 858.475 276.496 0.827906 874.345 311.078 0.266233 925.193 248.699 0.790163 893.501 300.211 0.650715 876.071 345.006 0.725736 930.209 119.592 0.401388 941.709 129.763 0.621106 0 0 0 965.221 127.381 0.676326 0
1 111 90 923.052 134.56 0.66085 942.608 145.203 0.867937 908.702 118.692 0.811978 869.568 142.169 0.802665 829.109 162.807 0.868226 976.08 171.532 0.773419 984.761 234.784 0.807615 973.049 285.238 0.82286 876.326 228.465 0.772009 845.218 279.753 0.864441 854.345 318.895 0.492643 919.535 251.739 0.766653 890.233 304.782 0.701228 874.554 346.957 0.660429 921.527 121.339 0.428045 933.243 131.504 0.667118 0 0 0 957.394 128.906 0.699521 0
1 111 91 914.572 136.303 0.648914 934.356 146.728 0.886879 899.999 120.66 0.840588 860.652 144.13 0.767288 819.323 164.545 0.885234 969.126 173.049 0.766718 977.583 236.727 0.892833 962.827 287.201 0.887858 868.94 231.077 0.792626 834.568 281.275 0.851161 842.164 320.418 0.80995 913.232 255.002 0.776069 887.614 310.002 0.73367 873.029 350.873 0.581725 912.829 123.084 0.410224 925.197 133.242 0.630633 0 0 0 948.912 130.221 0.794979 0
1 111 92 906.084 138.247 0.54019 926.522 148.257 0.896045 891.291 122.623 0.791782 851.091 146.943 0.838736 809.107 166.723 0.865448 962.159 174.145 0.813993 970.193 238.463 0.855347 952.617 288.942 0.86084 861.756 234.338 0.765654 825.222 286.062 0.773048 826.518 329.985 0.790224 906.933 258.471 0.757784 884.783 315.868 0.742492 872.163 352.386 0.747237 903.924 125.03 0.265518 916.507 134.774 0.608919 0 0 0 940.434 131.309 0.768865 0
1 111 93 897.388 140.852 0.639687 917.839 150.427 0.855733 881.3 125.242 0.816932 841.745 149.768 0.800267 798.675 168.907 0.856221 954.346 175.661 0.775413 962.798 240.199 0.894018 943.494 291.106 0.879819 853.939 238.465 0.828623 817.832 291.057 0.75207 809.122 337.804 0.77455 900.853 261.952 0.783403 882.389 321.952 0.759995 869.339 358.031 0.695336 894.579 128.061 0.418092 907.819 136.947 0.653255 0 0 0 931.748 132.83 0.85571 0
1 111 94 888.477 143.892 0.592567 909.139 152.393 0.87197 871.523 128.495 0.85483 831.755 152.597 0.84467 788.238 171.528 0.860942 946.949 176.97 0.824476 955.407 241.507 0.8688 934.799 293.068 0.867782 846.549 242.178 0.815606 810.449 296.283 0.767974 793.675 344.549 0.724877 894.337 265.644 0.757055 880.659 327.166 0.738741 866.302 362.375 0.612305 885.235 131.307 0.381104 898.909 139.129 0.607416 0 0 0 923.268 134.357 0.800113 0
1 111 95 878.694 146.726 0.711692 899.8 154.58 0.847519 861.31 132.182 0.858089 822.395 155.645 0.77891 777.805 175.007 0.813087 938.479 178.494 0.836526 947.807 242.598 0.932877 926.751 294.799 0.789877 838.515 246.739 0.7958 803.708 301.731 0.831843 778.464 351.511 0.777203 888.47 268.906 0.77407 880.22 332.171 0.701929 865.223 362.596 0.269872 875.442 134.554 0.46743 889.769 141.523 0.654517 0 0 0 913.494 136.317 0.824439 0
1 111 96 869.34 149.991 0.737578 890.668 157.184 0.839982 851.088 135.874 0.879059 812.61 159.135 0.76907 767.366 178.911 0.869576 930.22 180.016 0.855295 940.204 243.265 0.878851 919.573 296.534 0.832059 831.334 251.303 0.783513 797.403 306.083 0.787033 767.814 358.033 0.760117 881.959 272.167 0.802481 878.703 335.864 0.647553 864.836 362.596 0.27332 865.236 137.817 0.534237 879.782 144.352 0.709609 0 0 0 904.369 138.057 0.798696 0
1 111 97 860.2 153.249 0.703926 880.46 160.222 0.891852 840.006 140.215 0.810006 802.181 163.048 0.862705 756.721 183.685 0.932413 921.314 181.548 0.786126 932.172 243.926 0.890423 913.05 298.268 0.823636 823.516 255.876 0.820242 791.744 310.206 0.814241 759.556 363.034 0.809618 875.654 275.44 0.748225 876.965 339.99 0.703653 864.072 362.591 0.155054 855.228 140.653 0.536983 870.437 147.393 0.774825 0 0 0 894.801 139.805 0.835331 0
1 111 98 849.766 155.863 0.722207 870.668 163.272 0.87727 829.352 144.331 0.80206 792.608 166.967 0.831203 745.86 188.686 0.822845 911.752 183.494 0.810863 924.787 244.8 0.837086 906.529 300.016 0.853509 816.127 259.571 0.814695 785.235 313.244 0.796023 753.691 367.163 0.758219 868.917 278.479 0.789117 874.349 343.458 0.686933 863.141 362.152 0.204499 844.57 143.474 0.540955 859.79 150.428 0.751026 0 0 0 884.364 141.769 0.801578 0
1 111 99 838.907 158.257 0.728218 860.447 166.315 0.848504 818.698 148.036 0.883838 782.17 171.746 0.776716 735.203 194.336 0.860543 902.823 185.223 0.797015 917.397 245.236 0.857822 901.306 301.52 0.900571 808.306 263.051 0.787273 779.58 315.207 0.803594 749.789 370.205 0.810833 862.174 281.084 0.778004 869.354 344.976 0.69378 861.842 361.708 0.17702 833.911 146.721 0.558652 849.346 153.041 0.764951 0 0 0 873.711 143.933 0.875675 0
1 111 100 828.253 160.869 0.646865 850.227 169.135 0.870485 807.4 151.731 0.856134 771.741 176.314 0.825248 724.335 199.994 0.885096 893.05 186.527 0.778326 910.44 245.458 0.816454 896.953 302.172 0.866917 801.35 266.311 0.791533 774.567 316.935 0.722636 746.75 372.597 0.812248 856.517 282.829 0.790676 865.007 345.189 0.652404 861.194 358.663 0.1 822.403 149.975 0.492974 838.052 155.43 0.658569 0 0 0 863.065 146.314 0.861174 0
1 111 101 817.82 164.127 0.730497 840.226 171.312 0.867949 796.747 155.85 0.804091 761.526 180.456 0.871459 713.893 206.079 0.846771 884.139 187.605 0.815925 903.913 245.445 0.855545 893.463 302.177 0.873466 794.828 268.714 0.831252 770.652 318.02 0.774022 745.442 373.686 0.798419 851.073 284.349 0.833045 860.221 344.968 0.664519 858.804 358.657 0.1 811.95 153.247 0.539463 827.612 158.04 0.698906 0 0 0 852.416 149.134 0.884014 0
1 111 102 807.604 166.957 0.708168 830.227 173.269 0.837346 786.306 159.979 0.83623 751.301 185.245 0.813696 703.463 212.818 0.886329 875.661 188.043 0.786047 897.617 245.01 0.851332 890.204 301.098 0.892129 789.167 271.106 0.803887 766.948 319.545 0.811383 744.14 374.343 0.825561 845.417 285.862 0.819303 855.226 344.314 0.682179 857.282 354.745 0.1 801.514 156.079 0.4711 817.606 160.869 0.659227 0 0 0 841.975 151.734 0.807688 0
1 111 103 797.174 169.351 0.674134 821.091 175.228 0.90076 776.513 163.68 0.877833 741.941 190.238 0.873063 694.11 219.989 0.816545 867.181 188.686 0.807725 891.529 244.346 0.827214 888.021 299.791 0.890816 783.95 273.054 0.789581 763.688 320.199 0.8128 743.701 374.347 0.823368 840.204 286.514 0.812031 849.571 343.441 0.679557 855.55 353.004 0.577391 790.868 158.917 0.528637 807.167 163.898 0.68752 0 0 0 831.323 154.121 0.812456 0
1 111 104 787.387 171.96 0.58925 811.955 177.18 0.870625 766.514 167.17 0.848059 732.592 194.8 0.874184 685.416 226.941 0.903009 859.773 188.688 0.781849 886.304 242.822 0.862987 886.058 298.058 0.870168 779.81 274.356 0.787069 761.501 320.199 0.738026 743.689 373.701 0.83137 835.421 286.729 0.815108 843.486 341.705 0.638821 851.858 354.964 0.529281 780.656 162.18 0.440691 797.168 166.928 0.627936 0 0 0 822.184 155.867 0.823687 0
1 111 105 777.825 175 0.675945 803.48 178.705 0.917101 757.813 170.437 0.839501 724.331 198.717 0.81384 677.385 233.69 0.78486 852.164 188.465 0.798289 881.529 240.653 0.883138 884.317 296.1 0.83677 775.678 275.01 0.809354 759.113 321.068 0.772715 743.675 373.056 0.821596 831.517 285.856 0.795044 838.262 339.541 0.644593 848.336 357.138 0.633691 771.301 165.65 0.552747 788.024 169.539 0.643277 0 0 0 812.4 158.036 0.679198 0
1 111 106 768.913 178.255 0.658665 795.868 180.224 0.881755 749.978 173.704 0.838153 717.139 203.279 0.837744 670.642 240.003 0.877537 845.211 187.815 0.782751 877.824 238.469 0.866133 883.016 293.71 0.860842 772.625 275.66 0.77476 757.374 321.076 0.715066 743.452 372.839 0.826088 828.254 284.768 0.766631 833.049 338.023 0.631507 845.185 360.188 0.598619 762.181 169.124 0.507773 778.467 171.939 0.622062 0 0 0 803.479 160.429 0.815693 0
1 111 107 760.658 181.723 0.682366 788.267 181.956 0.897495 742.149 177.184 0.87921 709.544 207.845 0.847418 664.56 246.733 0.794583 838.911 187.172 0.797163 874.348 235.868 0.862089 882.357 291.089 0.909102 769.804 276.321 0.804662 756.284 321.948 0.722063 743.442 373.055 0.835362 826.075 283.469 0.767421 829.136 336.29 0.669764 842.403 363.666 0.733674 753.928 172.609 0.419563 770.413 174.773 0.610502 0 0 0 795.208 163.253 0.740368 0
1 111 108 753.687 184.988 0.663513 781.529 183.907 0.833947 735.404 180.667 0.857603 702.821 211.765 0.869486 659.559 252.81 0.841748 832.613 186.964 0.780104 870.873 233.692 0.838342 881.696 288.484 0.904247 768.059 277.188 0.763752 755.852 321.943 0.732136 743.425 373.275 0.843192 824.116 282.604 0.765039 827.406 336.505 0.670053 839.581 367.368 0.761856 746.542 176.086 0.520081 762.59 178.02 0.687997 0 0 0 787.166 166.07 0.81845 0
1 111 109 745.649 188.027 0.652583 775.86 185.859 0.84172 729.531 184.148 0.847152 697.396 215.459 0.892166 655.644 258.251 0.875716 827.172 187.396 0.782105 867.614 231.725 0.884753 880.404 286.094 0.865269 766.32 277.628 0.756089 754.344 323.687 0.734078 743.213 373.922 0.850339 821.942 281.728 0.783975 825.456 336.078 0.704584 836.97 370.854 0.802904 739.351 179.559 0.480298 754.761 181.282 0.658696 0 0 0 779.119 168.893 0.72501 0
1 111 110 738.479 190.218 0.622039 770.21 187.815 0.787955 724.099 187.203 0.781136 692.824 219.587 0.843911 651.731 264.331 0.849171 821.953 188.053 0.7958 864.151 229.783 0.907109 878.893 283.92 0.837524 764.58 278.706 0.724391 753.04 325.427 0.701875 743.003 374.571 0.840474 819.557 281.084 0.777731 823.938 336.298 0.753524 834.577 374.34 0.765514 732.398 182.806 0.473686 746.944 184.112 0.624089 0 0 0 771.512 171.288 0.724963 0
1 111 111 731.746 193.039 0.655591 765.21 189.562 0.81383 719.751 190.027 0.808592 688.921 223.284 0.824001 648.904 269.548 0.876923 816.947 188.926 0.765664 861.533 228.258 0.880471 877.368 283.044 0.831247 763.267 279.572 0.742316 751.746 326.948 0.642842 742.79 375.433 0.826123 817.605 280.645 0.790571 822.411 335.872 0.788489 832.84 377.39 0.76822 726.733 185.634 0.470347 739.56 186.504 0.61492 0 0 0 764.562 173.465 0.685737 0
1 111 112 726.742 196.298 0.636293 760.65 191.518 0.874392 715.841 193.281 0.847199 685.656 226.762 0.852581 646.948 273.893 0.864791 812.387 189.792 0.778548 859.135 226.96 0.847987 875.636 282.599 0.815498 761.754 280.87 0.7078 750.451 328.693 0.650674 742.579 376.3 0.83298 816.075 280.856 0.779692 821.108 336.31 0.774944 831.53 379.358 0.775832 722.152 188.679 0.382454 733.699 188.909 0.619945 0 0 0 759.13 175.423 0.750517 0
1 111 113 721.963 199.549 0.600884 756.748 193.905 0.876587 712.579 196.533 0.824607 683.04 230.241 0.890815 645.206 277.816 0.829864 807.832 190.878 0.824309 856.308 226.315 0.886903 873.689 282.384 0.815175 760.451 281.743 0.779934 749.149 330.652 0.717418 742.372 376.945 0.792454 814.343 280.645 0.755646 820.024 336.75 0.784879 830.439 381.102 0.782922 717.375 191.938 0.251969 728.26 191.955 0.662525 0 0 0 752.621 178.881 0.762773 0
1 111 114 717.612 201.957 0.614646 753.055 196.297 0.831818 709.111 199.785 0.770406 680.213 233.933 0.829724 643.687 282.376 0.841661 803.911 191.971 0.829362 853.473 226.518 0.898986 871.73 282.596 0.84223 759.578 282.831 0.813889 748.055 332.606 0.710327 742.168 377.593 0.775957 812.817 280.645 0.750231 819.154 337.392 0.744919 829.559 382.631 0.798307 713.031 194.989 0.3155 723.048 195.209 0.676475 0 0 0 747.195 182.132 0.731523 0
1 111 115 713.921 204.353 0.593591 750.005 198.467 0.833019 706.066 202.394 0.754345 676.972 237.62 0.841277 642.381 286.291 0.851261 800.638 193.281 0.819849 850.433 226.962 0.91349 869.34 283.248 0.885199 758.922 283.914 0.824222 746.759 335.648 0.695642 741.964 378.453 0.750946 811.303 280.859 0.768523 818.703 337.617 0.739773 828.691 383.284 0.792168 709.973 198.038 0.299357 719.13 198.253 0.657275 0 0 0 742.215 184.96 0.731722 0
1 111 116 710.224 206.967 0.647526 747.601 200.428 0.794865 703.676 204.794 0.77059 674.577 241.085 0.838486 641.075 289.769 0.851403 797.589 195.015 0.810259 847.389 227.613 0.871853 866.734 284.124 0.903286 758.473 284.779 0.839097 745.892 338.254 0.665005 741.76 379.104 0.734054 809.787 280.858 0.779955 817.837 337.611 0.734833 827.833 383.515 0.777423 707.068 201.22 0.291425 714.36 200.861 0.630775 0 0 0 738.079 187.363 0.757401 0
1 111 117 706.971 210.212 0.585605 745.426 202.159 0.799181 701.509 206.962 0.774327 672.834 244.121 0.828123 639.571 293.031 0.829742 794.985 196.318 0.805277 844.784 228.259 0.847973 863.921 285.206 0.869017 757.816 285.647 0.832467 744.589 342.608 0.682492 741.55 379.973 0.742985 808.28 281.077 0.775816 817.391 337.612 0.753708 827.394 383.733 0.798793 704.531 204.336 0.137242 710.663 203.262 0.62094 0 0 0 734.379 189.771 0.747319 0
1 111 118 705.877 213.466 0.456392 743.261 203.473 0.829114 699.773 209.126 0.801883 671.307 246.943 0.772083 638.496 295.851 0.795918 792.596 197.188 0.801604 842.602 228.708 0.851485 861.74 286.288 0.863567 757.583 286.511 0.825402 744.368 344.568 0.70938 741.544 380.408 0.758498 807.195 280.866 0.766003 817.164 337.395 0.758901 827.172 383.736 0.822623 703.024 207.811 0.106033 708.486 206.089 0.567409 0 0 0 731.337 192.596 0.753314 0
1 111 119 704.354 216.73 0.479833 741.302 204.983 0.823105 698.042 211.078 0.787972 669.79 249.324 0.795869 637.849 297.38 0.800699 790.209 198.059 0.797636 840.843 229.571 0.846645 859.571 287.371 0.863183 757.359 286.944 0.84224 744.154 346.749 0.673166 741.537 380.839 0.694399 806.541 280.43 0.756536 817.154 336.749 0.755488 827.171 383.744 0.818148 701.514 211.289 0.17512 706.315 209.344 0.621337 0 0 0 728.292 195.646 0.682132 0
1 111 120 702.618 219.339 0.460868 739.774 206.496 0.821317 696.731 212.602 0.728475 668.478 251.06 0.841833 637.195 298.68 0.824625 788.04 199.355 0.763299 838.89 230.444 0.856481 857.614 288.028 0.87499 757.139 287.165 0.835322 743.939 348.273 0.678816 741.538 380.846 0.679429 806.317 279.78 0.757106 816.941 336.311 0.761328 827.387 383.747 0.823068 699.789 214.553 0.1 704.564 212.59 0.60184 0 0 0 725.462 198.695 0.70558 0
1 111 121 700.659 221.512 0.498377 738.254 208.005 0.83297 695.217 213.692 0.684317 667.178 252.368 0.836655 635.894 299.118 0.863585 786.298 200.869 0.76887 837.159 231.313 0.861135 855.661 288.466 0.913302 756.914 287.179 0.830146 743.932 349.354 0.647999 741.535 381.054 0.536537 805.889 278.92 0.738243 816.933 335.657 0.776776 827.599 383.75 0.817024 697.63 217.48 0.1 702.386 215.612 0.604729 0 0 0 722.63 201.951 0.707268 0
1 111 122 699.347 223.691 0.482147 736.942 208.881 0.828633 694.337 214.784 0.69068 665.67 253.241 0.841737 634.37 298.907 0.849426 784.985 202.387 0.752111 836.073 231.963 0.854889 853.923 288.896 0.922238 756.692 287.604 0.844799 743.722 350.866 0.656469 741.532 381.272 0.657558 805.668 278.702 0.758096 817.14 335.434 0.785543 827.599 383.754 0.820552 696.107 219.859 0.113622 700.863 217.785 0.543475 0 0 0 721.098 203.916 0.612187 0
1 111 123 698.042 226.075 0.406218 735.853 209.754 0.800872 693.681 215.874 0.68202 664.799 253.462 0.847426 633.062 297.821 0.826038 783.688 203.91 0.713088 835.204 232.619 0.843984 852.403 289.113 0.92473 756.475 287.819 0.829153 743.722 350.87 0.654451 741.527 381.278 0.584666 805.45 278.698 0.756472 816.926 335.006 0.77625 827.597 383.754 0.818311 694.472 222.027 0.1 699.349 219.541 0.516707 0 0 0 719.781 205.672 0.73107 0
1 111 124 696.517 228.253 0.446147 734.559 210.2 0.804163 693.037 216.522 0.66354 664.578 252.383 0.840569 631.756 296.518 0.820244 782.392 205.419 0.701997 834.55 232.838 0.82567 851.31 289.32 0.920989 756.261 287.814 0.82501 743.932 349.789 0.657005 741.523 381.279 0.632675 805.228 278.262 0.755399 816.502 334.567 0.784206 827.594 383.758 0.8234 692.311 223.984 0.111398 697.83 221.483 0.581098 0 0 0 718.47 207.418 0.721861 0
1 111 125 696.079 230.214 0.460952 733.485 210.425 0.79623 692.814 216.525 0.659041 664.368 251.087 0.822911 631.093 294.57 0.789389 781.524 206.292 0.727015 834.115 233.268 0.824001 850.438 289.527 0.908947 756.054 287.811 0.803077 744.142 348.268 0.625876 741.523 381.06 0.698072 805.22 278.041 0.75055 816.065 333.706 0.786573 827.591 383.757 0.829649 690.431 225.372 0.1 697.399 223.222 0.610013 0 0 0 717.388 209.147 0.798465 0
1 111 126 695.632 231.527 0.433504 732.617 210.663 0.788197 692.59 216.743 0.657002 664.353 249.786 0.811409 630.645 292.399 0.783028 781.087 207.168 0.752654 833.894 233.705 0.821284 849.988 289.527 0.915104 755.846 288.021 0.804205 744.153 346.101 0.630326 741.524 380.839 0.682799 805.208 277.822 0.750234 815.842 333.269 0.786378 827.593 383.55 0.830468 688.621 226.185 0.100926 696.961 224.736 0.609275 0 0 0 716.518 210.661 0.81997 0
1 111 127 694.328 232.621 0.455582 731.75 211.101 0.766653 692.156 216.745 0.6417 664.137 248.488 0.782985 629.549 290.664 0.765768 780.649 208.047 0.761221 833.68 234.137 0.82209 849.333 289.52 0.915279 755.63 288.029 0.788126 744.362 344.587 0.649993 741.523 380.623 0.766972 804.997 278.034 0.753018 815.631 333.255 0.782415 827.592 383.546 0.841683 686.875 226.416 0.1 696.1 225.602 0.639301 0 0 0 716.083 211.537 0.83878 0
1 111 128 693.888 233.483 0.518197 731.748 211.321 0.8045 692.367 216.31 0.61981 664.149 246.965 0.817783 629.114 288.054 0.767546 780.215 208.921 0.748636 833.471 234.571 0.820628 848.887 289.515 0.908821 755.203 288.03 0.785403 744.576 342.627 0.65413 741.527 380.403 0.763405 804.773 278.038 0.756503 814.985 333.024 0.774305 827.383 383.543 0.843132 685.347 226.638 0.179764 695.879 226.029 0.711308 0 0 0 716.083 211.968 0.804498 0
1 111 129 693.67 233.919 0.492535 731.749 211.542 0.805741 692.378 216.305 0.613801 664.375 245.665 0.828401 629.102 285.238 0.765576 779.997 209.366 0.752249 833.259 234.792 0.819492 848.234 289.512 0.906092 754.563 288.241 0.782967 744.58 342.402 0.695545 741.526 380.4 0.787328 804.554 278.26 0.746192 814.55 332.801 0.757271 827.38 383.746 0.847618 684.466 226.843 0.16471 695.673 226.049 0.660668 0 0 0 716.298 212.192 0.784032 0
1 111 130 693.885 234.353 0.46817 731.966 211.554 0.792149 692.801 216.086 0.614624 665.028 244.57 0.838535 629.112 283.061 0.78231 779.782 209.591 0.772281 833.043 235.22 0.816268 847.58 289.52 0.913394 754.126 288.23 0.804188 744.579 341.102 0.649913 741.53 380.187 0.742005 804.334 278.256 0.739308 813.477 332.58 0.765874 827.169 383.746 0.840522 684.299 226.84 0.144606 695.889 226.069 0.637367 0 0 0 716.3 212.415 0.768639 0
1 111 131 693.896 234.149 0.482305 732.83 211.768 0.803428 693.246 215.869 0.61076 666.11 243.7 0.833262 629.549 281.307 0.800414 779.787 209.811 0.762118 832.822 235.872 0.825643 846.713 289.742 0.902223 753.691 288.021 0.793293 744.577 339.583 0.665953 741.536 379.975 0.743226 804.111 278.255 0.739427 812.404 331.926 0.759376 826.957 383.743 0.834669 684.847 226.628 0.173037 695.903 226.073 0.66301 0 0 0 716.299 212.63 0.758466 0
1 111 132 694.328 233.707 0.475458 733.478 211.553 0.790765 693.895 215.005 0.590741 667.63 242.832 0.845359 630.427 279.342 0.812539 779.571 210.022 0.765324 832.601 236.52 0.826242 845.845 289.97 0.895425 753.259 288.023 0.772285 744.366 339.58 0.676768 741.539 379.969 0.751475 803.89 278.474 0.728441 811.745 331.275 0.751081 826.74 383.743 0.844802 685.99 226.298 0.142327 696.332 226.054 0.663544 0 0 0 716.094 212.622 0.765346 0
1 111 133 695.639 232.624 0.471757 734.341 211.336 0.793113 694.548 214.354 0.611067 669.147 242.397 0.810735 631.307 277.598 0.851552 779.784 210.232 0.770069 832.17 237.392 0.825077 844.772 290.843 0.899681 752.82 288.034 0.786023 744.155 339.583 0.650828 741.543 379.763 0.672277 803.236 279.341 0.739802 811.089 331.059 0.742872 826.525 383.745 0.83437 687.73 225.85 0.15634 697.632 224.98 0.645029 0 0 0 716.313 212.173 0.740987 0
1 111 134 696.721 231.315 0.446112 735.416 211.113 0.799293 694.999 213.7 0.606825 670.878 241.741 0.792846 632.619 275.852 0.904642 779.568 210.242 0.770802 831.518 238.049 0.825045 843.696 291.722 0.887537 752.383 288.047 0.772166 743.944 340.017 0.68441 741.545 379.772 0.739596 802.378 280.429 0.735233 810.87 331.701 0.790324 826.313 383.956 0.834617 689.253 225.186 0.1 698.71 223.68 0.604371 0 0 0 716.533 211.305 0.759279 0
1 111 135 696.947 230.005 0.463157 736.491 210.883 0.810252 695.661 213.044 0.612162 672.624 240.871 0.776054 634.571 273.254 0.889117 779.35 210.445 0.771117 830.872 238.913 0.83439 842.617 293.025 0.87001 751.945 288.054 0.786969 743.936 340.665 0.722343 741.548 379.986 0.763279 801.735 281.301 0.716264 810.226 331.925 0.779456 826.098 384.168 0.843938 691.316 224.458 0.1 698.93 222.377 0.610732 0 0 0 716.314 210.648 0.792405 0
1 111 136 697.166 228.481 0.455947 737.579 210.65 0.799475 696.53 212.389 0.618535 674.583 239.775 0.807603 637.183 270.213 0.834886 779.139 210.442 0.766582 830.22 239.784 0.84358 841.546 294.33 0.859135 751.298 288.266 0.775326 743.725 341.526 0.701266 741.552 380.2 0.744503 801.077 282.168 0.713594 809.575 331.928 0.786161 825.886 384.381 0.849064 693.38 223.73 0.1 699.137 220.861 0.563667 0 0 0 715.886 209.779 0.820903 0
1 111 137 697.389 226.738 0.544547 738.236 210.435 0.809865 696.967 212.383 0.595947 676.308 238.914 0.821271 639.364 267.822 0.800299 779.354 210.643 0.779772 829.358 240.443 0.85031 840.469 295.64 0.867438 750.864 288.702 0.788672 743.51 342.826 0.701087 741.554 380.419 0.753953 800.436 283.256 0.702978 809.361 332.156 0.793706 825.881 384.597 0.842954 695.443 223.001 0.203181 699.351 219.135 0.589305 0 0 0 715.667 208.688 0.643695 0
1 111 138 697.39 224.779 0.531065 739.095 210.208 0.816057 697.622 211.736 0.572991 678.262 237.396 0.816951 641.343 265.629 0.792955 779.35 210.642 0.773193 828.494 241.093 0.844317 839.604 296.951 0.87964 750.431 288.933 0.79929 743.501 342.827 0.706053 741.563 380.426 0.751921 799.573 284.13 0.729358 809.139 332.38 0.787106 825.669 384.609 0.834185 697.507 222.273 0.163842 699.342 217.598 0.585397 0 0 0 715.022 207.595 0.683543 0
1 111 139 697.174 222.61 0.500674 739.743 209.974 0.852201 698.497 211.298 0.545826 679.357 236.314 0.73343 643.724 262.375 0.864823 779.348 210.433 0.78922 827.619 241.538 0.848489 838.943 298.462 0.89357 750.214 289.805 0.796398 743.495 344.126 0.678596 741.567 380.647 0.704656 798.923 285.433 0.757057 809.138 332.815 0.765579 825.665 384.824 0.82114 0 0 0 698.915 215.857 0.576959 0 0 0 714.583 206.294 0.776521 0
1 111 140 697.165 220.863 0.467134 739.968 209.104 0.837356 699.798 210.418 0.554847 681.313 234.358 0.677507 646.121 258.688 0.927714 779.125 210.214 0.784858 826.538 241.975 0.845538 838.294 299.758 0.895739 750.001 290.461 0.785939 743.491 345.644 0.680873 741.567 380.869 0.702525 798.271 286.523 0.738436 809.353 333.902 0.781428 825.667 385.249 0.826832 0 0 0 698.69 214.124 0.56531 0 0 0 713.937 204.99 0.801464 0
1 111 141 697.165 218.914 0.476317 740.624 208.226 0.851513 701.531 209.541 0.624924 683.271 232.176 0.661403 648.718 254.997 0.879267 779.553 210.002 0.775708 825.452 242.415 0.84077 837.642 301.058 0.917862 749.996 291.542 0.769882 743.486 347.173 0.684548 741.562 381.303 0.667725 797.621 287.832 0.749738 809.79 336.071 0.779824 825.674 385.684 0.822256 0 0 0 698.471 212.385 0.596503 0 0 0 713.495 203.47 0.710936 0
1 111 142 696.301 217.392 0.487985 741.279 207.352 0.852651 703.27 208.454 0.58701 685.438 229.352 0.717217 651.539 250.649 0.847271 779.339 209.796 0.79702 824.576 242.851 0.874133 837.191 301.716 0.916081 749.787 292.624 0.760537 743.48 348.902 0.699794 741.559 381.525 0.65138 797.19 288.712 0.748327 809.798 336.942 0.776342 825.677 386.11 0.807765 0 0 0 697.389 211.505 0.608908 0 0 0 712.626 202.176 0.738917 0
1 111 143 695.651 215.879 0.460364 741.726 206.268 0.862045 705.223 206.933 0.643442 687.611 226.533 0.705903 653.707 245.885 0.836278 779.123 209.792 0.797514 823.712 243.288 0.873439 836.535 302.372 0.927643 749.571 293.922 0.750774 743.475 350.43 0.717423 741.554 381.95 0.669972 796.75 289.587 0.752204 809.799 337.602 0.757356 825.679 386.332 0.80743 0 0 0 696.52 210.848 0.579322 0 0 0 711.754 201.089 0.74554 0
1 111 144 695.653 214.579 0.387599 741.952 204.753 0.84639 707.387 204.977 0.600541 689.568 223.929 0.711935 655.233 241.97 0.905516 778.463 209.583 0.804464 822.835 243.727 0.875783 835.883 302.602 0.91656 749.568 295.222 0.755191 743.468 352.381 0.709058 741.545 382.178 0.643755 796.096 290.886 0.75221 810.015 338.901 0.734213 825.681 386.55 0.792805 0 0 0 696.307 210.201 0.513708 0 0 0 711.101 199.788 0.710474 0
1 111 145 695.652 213.709 0.352759 742.381 203.462 0.829424 709.341 203.243 0.587228 691.513 221.542 0.748569 656.749 238.056 0.874874 777.816 209.787 0.809793 821.751 244.373 0.869421 835.428 302.834 0.921333 749.569 296.525 0.759264 743.461 354.334 0.724164 741.536 382.404 0.587622 795.66 292.195 0.728087 810.232 340.427 0.704958 825.683 386.766 0.768107 0 0 0 696.088 209.976 0.435224 0 0 0 710.225 198.705 0.630168 0
1 111 146 694.14 213.71 0.294002 742.595 201.951 0.829775 710.869 200.854 0.592745 693.046 218.93 0.741254 658.041 233.927 0.858311 776.948 209.787 0.811895 820.874 245.02 0.853151 834.768 303.262 0.915096 749.57 297.608 0.751238 743.456 356.073 0.703215 741.524 382.844 0.599534 795.223 293.277 0.723624 810.229 341.514 0.717345 825.897 386.769 0.788172 0 0 0 694.363 209.765 0.375617 0 0 0 708.49 198.06 0.610849 0
1 111 147 692.841 213.933 0.265881 742.595 200.444 0.820794 712.166 198.677 0.534445 694.138 216.962 0.818744 659.111 229.806 0.908767 776.287 209.784 0.816084 819.992 245.889 0.855777 833.683 303.687 0.900098 749.569 298.684 0.749073 743.453 357.816 0.696384 741.509 383.282 0.578158 794.792 294.36 0.721029 810.015 342.595 0.700711 826.11 386.977 0.77999 0 0 0 693.06 209.564 0.373252 0 0 0 706.958 197.621 0.591572 0
1 111 148 691.551 214.152 0.223625 742.597 198.94 0.852197 713.045 195.638 0.515585 695.863 214.356 0.811291 659.978 226.543 0.939955 775.627 209.999 0.814846 818.694 247.183 0.8467 832.598 303.918 0.901123 749.57 299.122 0.741013 743.453 359.339 0.66369 741.494 383.935 0.480555 794.351 295.447 0.719253 809.798 343.902 0.676155 826.112 387.188 0.765063 0 0 0 691.974 209.558 0.355808 0 0 0 705.439 197.182 0.576322 0
1 111 149 690.036 214.583 0.197232 741.941 197.641 0.826212 713.697 190.863 0.533559 696.291 212.603 0.77308 660.191 223.719 0.881177 774.111 210.221 0.824125 817.177 248.476 0.832872 831.296 304.153 0.896798 749.355 299.116 0.75363 743.454 360.43 0.677822 741.483 384.371 0.472241 793.704 295.879 0.728153 809.359 344.769 0.681176 826.109 387.187 0.756047 0 0 0 690.667 209.556 0.330064 0 0 0 703.919 196.754 0.60127 0
1 111 150 688.311 215.014 0.174473 741.069 196.561 0.832456 713.919 186.519 0.499967 696.292 211.087 0.683318 660.188 220.9 0.812797 772.161 210.44 0.810156 815.657 249.559 0.829692 829.987 304.378 0.885426 748.927 298.682 0.734424 743.458 361.074 0.696287 741.473 384.809 0.397667 792.839 296.089 0.707994 808.497 344.556 0.659275 825.895 386.972 0.765346 0 0 0 689.154 209.564 0.3277 0 0 0 702.396 196.754 0.690785 0
1 111 151 686.576 215.446 0.208516 739.98 195.906 0.823296 714.35 182.392 0.511219 696.075 210.425 0.702185 659.751 218.941 0.809802 770.425 210.663 0.790423 813.927 250.641 0.804534 828.472 305.025 0.884597 748.923 297.82 0.737241 743.459 361.294 0.707239 741.469 385.025 0.376043 792.403 295.872 0.727267 808.266 344.989 0.667863 825.89 386.76 0.763646 0 0 0 687.634 209.573 0.365355 0 0 0 700.87 196.966 0.681108 0
1 111 152 684.837 215.877 0.22025 738.462 195.47 0.8367 714.132 178.919 0.514312 695.42 209.773 0.723879 658.882 217.415 0.867412 768.689 211.089 0.808028 812.403 251.93 0.818037 827.157 305.462 0.880522 748.924 296.738 0.730509 743.46 361.942 0.711278 741.251 385.688 0.399518 791.976 295.439 0.740448 807.833 345.853 0.729185 825.89 386.548 0.767173 0 0 0 685.906 209.581 0.370053 0 0 0 699.344 197.185 0.642128 0
1 111 153 682.887 216.314 0.276479 736.948 195.472 0.781067 713.481 176.1 0.51183 694.546 209.54 0.63913 657.797 216.324 0.798221 767.175 211.526 0.761287 810.892 253.009 0.838619 825.637 306.108 0.885329 748.71 295.442 0.708468 743.464 361.729 0.69523 740.385 388.507 0.42745 791.543 294.573 0.732828 807.184 346.071 0.744463 826.321 386.334 0.782356 0 0 0 684.168 209.584 0.444228 0 0 0 697.83 197.406 0.680786 0
1 111 154 681.155 216.322 0.246668 735.651 195.469 0.769424 712.836 174.14 0.507102 693.893 209.319 0.690976 656.718 215.886 0.833425 765.862 211.758 0.76395 809.591 253.873 0.857402 824.114 307.183 0.882616 748.922 294.354 0.709763 743.465 361.729 0.695283 739.307 391.544 0.449836 791.118 293.705 0.721914 806.541 346.28 0.764697 826.963 386.336 0.802801 0 0 0 682.649 209.38 0.409035 0 0 0 696.736 197.62 0.621182 0
1 111 155 680.702 216.317 0.248014 734.351 195.468 0.771797 712.829 171.536 0.499375 693.239 209.112 0.671973 655.637 216.317 0.813792 764.341 212.201 0.746246 808.29 254.738 0.857751 822.599 308.062 0.858802 749.139 293.272 0.715071 743.468 361.3 0.663203 738.446 393.716 0.454133 790.695 293.272 0.712977 806.544 346.931 0.738845 827.614 386.764 0.797243 0 0 0 682.204 209.584 0.406796 0 0 0 696.076 197.835 0.664274 0
1 111 156 680.263 216.745 0.24875 733.054 195.469 0.792022 712.826 169.147 0.521954 692.579 208.902 0.6095 654.344 216.967 0.821777 762.823 212.849 0.744172 807.202 255.388 0.862161 821.514 308.94 0.852115 749.571 292.186 0.715099 743.468 360.866 0.683697 737.37 396.104 0.383016 790.692 292.832 0.702901 807.191 347.589 0.749186 828.475 386.768 0.768628 0 0 0 681.558 209.798 0.411363 0 0 0 695.21 198.052 0.664622 0
1 111 157 679.821 217.387 0.283164 731.54 195.468 0.801998 712.603 167.41 0.512623 691.069 208.903 0.587405 652.819 218.049 0.810873 761.097 213.285 0.744289 806.337 255.611 0.882748 820.426 309.807 0.851035 749.787 291.098 0.717188 743.468 360.43 0.696002 736.296 398.055 0.408984 790.693 291.964 0.707223 808.053 347.806 0.770316 829.562 386.554 0.770168 0 0 0 680.905 210.02 0.443007 0 0 0 694.127 198.277 0.659364 0
1 111 158 679.599 218.042 0.260851 730.241 196.117 0.783191 710.646 169.586 0.484253 688.683 209.351 0.647597 650.434 219.573 0.811522 760.222 213.931 0.752158 805.891 255.84 0.882484 819.759 310.884 0.848593 750.214 290.669 0.712917 743.463 360.212 0.727648 735.216 400.005 0.432774 790.908 291.532 0.716488 809.352 348.021 0.770751 830.872 386.337 0.766951 0 0 0 680.471 210.453 0.409391 0 0 0 692.819 199.143 0.606453 0
1 111 159 679.154 218.687 0.261803 729.163 196.98 0.785728 709.345 171.543 0.534752 686.947 210.001 0.616354 648.267 221.742 0.831389 759.561 214.576 0.739129 805.446 256.064 0.89447 819.109 311.742 0.847311 750.864 290.671 0.707034 743.456 360.86 0.70989 734.142 402.177 0.421641 791.339 291.321 0.70157 810.864 348.458 0.705828 832.603 386.119 0.745577 0 0 0 679.807 210.679 0.442776 0 0 0 691.087 200.008 0.609862 0
1 111 160 678.059 219.338 0.212007 728.29 197.42 0.794122 707.614 173.497 0.52662 685.214 210.666 0.670141 646.742 224.136 0.84281 758.471 215.001 0.74329 804.998 256.279 0.869177 818.676 311.747 0.836942 751.513 291.097 0.713663 743.449 361.509 0.711738 732.846 404.131 0.448712 791.766 291.529 0.695668 812.392 349.318 0.693338 834.994 386.111 0.75548 0 0 0 678.711 211.114 0.388455 0 0 0 689.352 201.084 0.587776 0
1 111 161 677.41 219.99 0.226541 727.841 198.719 0.801814 706.093 176.751 0.524965 683.702 212.186 0.678093 645.658 226.95 0.853049 757.596 215.438 0.74926 804.336 256.293 0.870767 818.463 312.173 0.810695 752.168 291.094 0.718988 743.447 361.291 0.706324 732.845 403.693 0.459321 792.411 291.305 0.69037 813.906 348.67 0.698423 837.808 386.1 0.813345 0 0 0 678.257 211.551 0.406619 0 0 0 687.625 202.171 0.547837 0
1 111 162 676.098 221.067 0.258142 726.966 200.235 0.760159 704.349 181.088 0.442951 682.182 213.925 0.458243 644.788 229.767 0.713549 756.51 216.089 0.743895 803.46 256.513 0.869205 818.452 311.964 0.815538 753.031 291.09 0.716835 743.441 361.508 0.703465 733.493 401.307 0.453228 793.494 290.65 0.67326 815.419 347.581 0.690922 840.41 386.095 0.838827 0 0 0 676.731 212.634 0.389069 0 0 0 685.889 203.478 0.605775 0
1 111 163 674.581 222.156 0.275634 725.441 201.545 0.793148 702.605 184.567 0.512184 680.443 215.878 0.665903 643.48 232.81 0.773988 754.778 216.732 0.749665 802.37 256.531 0.855313 818.24 311.319 0.827199 753.685 291.09 0.719566 743.437 361.076 0.709959 734.36 398.482 0.412317 794.142 290.21 0.697514 816.94 346.503 0.716028 843.027 385.875 0.824316 0 0 0 674.997 213.718 0.434049 0 0 0 684.156 204.99 0.635346 0
1 111 164 673.067 223.023 0.258918 724.136 203.273 0.788762 700.657 189.125 0.530551 679.347 217.837 0.639125 642.828 236.284 0.819007 753.254 217.384 0.739706 801.281 256.743 0.848964 818.446 310.668 0.837363 754.552 291.088 0.725196 743.432 361.076 0.700544 735.009 396.31 0.437526 795.435 289.341 0.692306 818.247 345.63 0.734694 846.076 385.442 0.779055 0 0 0 673.263 214.805 0.420495 0 0 0 682.638 206.289 0.692376 0
1 111 165 671.544 223.893 0.246187 722.404 205.013 0.792889 698.492 193.694 0.54693 678.257 220.013 0.724854 642.597 239.975 0.870548 751.527 218.249 0.725302 800.415 256.971 0.827013 818.656 310.238 0.842768 755.421 291.095 0.750174 743.225 361.723 0.668471 735.868 393.919 0.436752 796.736 288.468 0.634615 819.337 345.188 0.722752 849.557 385.223 0.828795 0 0 0 671.729 216.315 0.383959 0 0 0 681.329 207.597 0.640937 0
1 111 166 670.021 224.562 0.250972 720.668 206.961 0.803311 696.528 198.689 0.563961 677.596 222.839 0.63121 642.166 243.888 0.866079 749.786 219.107 0.726509 799.541 257.193 0.820714 818.869 309.803 0.837264 756.507 291.316 0.762932 743.02 362.377 0.684751 736.731 391.528 0.366936 798.045 287.595 0.583884 820.426 344.758 0.738958 853.246 385.006 0.84516 0 0 0 670.197 217.828 0.359151 0 0 0 680.234 208.908 0.736529 0
1 111 167 668.292 225.428 0.262573 719.361 208.484 0.810014 695.663 201.516 0.590366 678.026 225.667 0.688882 642.81 248.013 0.830011 748.047 219.766 0.754042 798.894 257.625 0.830587 819.092 309.585 0.843937 757.385 291.53 0.76059 742.814 363.244 0.667814 737.596 389.351 0.457047 799.349 286.505 0.623485 821.083 344.327 0.770693 856.723 385.013 0.830449 0 0 0 668.459 219.141 0.362302 0 0 0 679.363 209.993 0.723735 0
1 111 168 666.769 226.518 0.330485 717.832 210.223 0.815689 693.92 204.779 0.575548 677.593 228.711 0.65064 642.594 252.356 0.830624 746.311 220.629 0.770474 797.821 257.848 0.82631 819.302 309.367 0.860304 758.046 291.312 0.76772 742.609 363.901 0.670368 738.456 386.74 0.410833 800.864 284.763 0.616209 821.955 343.89 0.747813 860.418 385.222 0.798861 0 0 0 666.935 220.863 0.430113 0 0 0 678.273 211.518 0.744924 0
1 111 169 666.329 228.47 0.375949 716.314 212.821 0.825477 692.393 208.905 0.573169 677.368 231.758 0.63588 642.805 256.493 0.884538 744.79 221.719 0.789409 796.744 258.286 0.780811 819.521 310.236 0.847148 759.573 290.662 0.774872 743.482 362.164 0.706689 739.756 384.792 0.302329 802.389 282.588 0.60595 822.608 343.459 0.761517 864.109 386.305 0.84733 0 0 0 666.074 222.605 0.495024 0 0 0 678.268 212.395 0.734466 0
1 111 170 665.672 230.851 0.416087 714.806 215.011 0.834419 691.3 212.822 0.574593 676.931 235.667 0.683078 643.232 261.497 0.86744 743.484 223.029 0.791202 795.883 259.372 0.761903 819.74 311.108 0.834144 761.302 291.959 0.755287 743.702 364.555 0.671872 740.183 385.228 0.373907 804.129 281.287 0.595711 824.141 344.328 0.739259 867.598 387.831 0.854641 0 0 0 664.996 225.21 0.520467 0 0 0 678.258 214.357 0.656561 0
1 111 171 666.106 233.685 0.462706 714.37 217.618 0.846728 691.3 215.438 0.537698 677.362 239.379 0.666724 643.89 266.939 0.823947 742.403 225.2 0.793388 795.662 260.901 0.757609 820.185 312.848 0.83743 763.257 293.483 0.749524 745.008 365.643 0.686213 740.625 386.319 0.355968 805.866 281.076 0.564329 825.892 346.067 0.727661 871.081 389.787 0.836818 0 0 0 665.003 227.822 0.626877 0 0 0 678.475 216.962 0.723446 0
1 111 172 666.32 237.148 0.364228 713.936 220.873 0.813761 691.08 219.129 0.552926 677.588 243.514 0.685741 645.19 271.949 0.857359 741.962 227.586 0.808256 795.656 262.847 0.759633 820.843 314.802 0.8456 765.211 295.224 0.738634 745.88 368.258 0.697142 741.059 387.833 0.292553 808.249 280.862 0.58991 827.626 347.588 0.738481 874.331 392.394 0.833541 0 0 0 665.007 230.646 0.483439 0 0 0 678.471 220.014 0.657829 0
1 111 173 666.537 240.42 0.524837 713.286 224.35 0.819952 690.205 223.7 0.539001 677.37 248.508 0.747846 645.848 276.524 0.87863 741.529 229.763 0.833759 795.659 264.599 0.790427 821.288 316.758 0.881249 766.738 297.397 0.69602 746.755 370.862 0.569548 741.499 389.14 0.748237 809.769 280.862 0.617543 829.352 349.111 0.688179 876.935 395.424 0.796222 0 0 0 665.223 233.48 0.607317 0 0 0 678.466 223.277 0.678071 0
1 111 174 666.543 243.687 0.555826 713.065 227.826 0.848664 689.337 228.475 0.580182 677.155 253.289 0.697358 646.509 281.308 0.847789 741.296 231.934 0.809039 795.443 266.341 0.787806 821.727 318.712 0.926972 768.478 299.129 0.690596 748.049 372.61 0.632808 742.166 390.431 0.465468 811.294 281.083 0.586572 830.865 350.421 0.769607 878.686 398.472 0.861548 0 0 0 665.229 236.531 0.558137 0 0 0 678.458 226.75 0.648642 0
1 111 175 666.756 247.163 0.493786 713.061 231.304 0.796308 688.911 232.825 0.562873 677.373 257.415 0.650796 648.251 284.792 0.80863 741.076 234.12 0.829385 795.013 268.082 0.813631 822.171 320.668 0.848841 770.218 300.867 0.703951 749.558 374.345 0.53905 743.252 391.737 0.631552 813.029 281.522 0.602785 832.169 351.944 0.741028 880.202 401.948 0.840363 0 0 0 665.236 239.796 0.608441 0 0 0 678.456 230.224 0.733201 0
1 111 176 666.963 250.647 0.399148 713.066 235.645 0.842753 689.119 237.824 0.583032 676.295 262.838 0.644741 649.556 288.266 0.78463 741.071 236.731 0.838942 794.579 270.034 0.801358 822.614 322.625 0.838594 772.171 302.605 0.703187 751.289 374.785 0.64379 744.344 393.045 0.377325 814.764 282.388 0.593702 833.259 353.47 0.748687 881.493 405.205 0.835014 0 0 0 665.239 243.265 0.471888 0 0 0 678.454 233.703 0.749321 0
1 111 177 667.186 254.127 0.479042 713.07 238.914 0.911335 689.122 242.383 0.681615 676.501 267.4 0.624513 651.51 291.525 0.764403 741.067 239.349 0.857662 794.579 272.205 0.777109 823.06 324.803 0.831836 773.897 304.342 0.706755 753.015 375.873 0.652816 745.44 394.14 0.362113 816.069 283.691 0.57417 833.697 355.428 0.757433 881.283 409.118 0.861675 0 0 0 665.254 246.535 0.516183 0 0 0 679.309 236.537 0.754359 0
1 111 178 666.745 257.605 0.461259 713.079 241.965 0.8885 689.342 246.295 0.652198 676.502 272.173 0.573318 653.468 294.557 0.678796 741.276 242.604 0.807475 795.443 275.029 0.775973 824.142 326.76 0.833784 774.551 306.303 0.715393 753.662 379.57 0.631125 746.304 395.425 0.424086 817.152 285.438 0.606622 834.133 357.393 0.748589 879.985 412.606 0.857363 0 0 0 664.81 249.794 0.499085 0 0 0 679.084 240.449 0.765634 0
1 111 179 666.307 260.863 0.426827 713.504 244.994 0.839935 689.996 249.331 0.617443 677.144 274.572 0.579857 655.212 296.515 0.696046 741.275 245.423 0.782965 796.091 277.412 0.782019 825.013 328.711 0.845071 774.993 307.176 0.68701 754.748 380.004 0.574379 746.748 396.068 0.49312 817.803 286.96 0.649106 833.477 359.137 0.743855 878.232 416.093 0.855681 0 0 0 664.366 252.194 0.491915 0 0 0 678.86 243.49 0.719022 0
1 111 180 665.662 263.043 0.377149 713.288 247.594 0.811219 689.787 252.375 0.621635 676.933 277.604 0.493247 656.726 298.031 0.515715 741.267 247.376 0.749137 796.745 279.362 0.743437 825.877 330.444 0.825866 775.218 308.043 0.647734 754.961 380.869 0.548778 747.4 395.842 0.572854 818.235 287.824 0.639015 832.164 360.658 0.718164 875.408 419.569 0.82165 0 0 0 663.931 254.153 0.445905 0 0 0 678.63 245.881 0.75373 0
1 111 181 665.448 265.014 0.407119 713.721 249.55 0.823964 690.002 254.552 0.626507 677.147 280.217 0.567997 658.25 299.111 0.630103 741.485 249.123 0.744682 797.186 281.105 0.733525 826.747 332.401 0.845612 775.225 308.913 0.644424 755.4 380.641 0.592831 748.051 395.411 0.4797 818.241 288.695 0.611928 830.649 361.96 0.723587 871.722 423.26 0.804131 0 0 0 663.918 256.545 0.495041 0 0 0 678.635 247.828 0.742064 0
1 111 182 665.887 266.972 0.419554 715.017 251.297 0.806602 691.088 256.286 0.531287 677.593 282.167 0.407259 660.203 300.189 0.450281 741.921 251.073 0.760381 798.045 283.058 0.749406 828.041 335.004 0.862002 775.225 309.78 0.63726 755.836 380.428 0.57195 748.272 395.394 0.500372 818.24 289.997 0.63163 828.925 363.485 0.750246 867.807 426.957 0.854656 0 0 0 663.92 259.144 0.533339 0 0 0 678.857 249.573 0.802941 0
1 111 183 666.749 268.929 0.445 716.313 253.04 0.838681 692.166 257.378 0.595918 677.812 285.418 0.424285 660.855 301.5 0.622331 743.02 253.252 0.750388 799.131 285.654 0.762859 829.349 337.61 0.881625 774.789 311.301 0.631286 756.048 380.642 0.62744 748.275 395.398 0.448162 818.021 291.739 0.637914 826.984 365.656 0.77581 862.815 431.519 0.82954 0 0 0 664.359 261.312 0.554833 0 0 0 679.088 251.528 0.816043 0
1 111 184 668.047 271.746 0.429762 717.832 254.57 0.844454 693.042 258.031 0.593501 677.818 287.597 0.425155 661.616 303.943 0.445865 744.969 256.068 0.777734 800.655 288.695 0.800421 830.862 340.432 0.850904 773.704 313.688 0.632619 755.404 381.95 0.555171 747.847 395.609 0.530309 817.154 295.219 0.644888 825.019 368.273 0.804186 857.39 436.726 0.788036 0 0 0 665.446 263.487 0.491263 0 0 0 679.533 253.915 0.841053 0
1 111 185 669.575 274.348 0.440444 719.353 255.664 0.84357 693.694 258.899 0.630863 679.346 289.568 0.273808 664.008 306.01 0.176871 746.927 258.877 0.800497 802.392 291.735 0.799312 832.385 343.046 0.847122 772.394 316.726 0.657997 754.534 384.767 0.58835 747.632 395.816 0.538225 815.851 300.434 0.625839 822.627 374.581 0.772852 850.876 443.686 0.827925 0 0 0 667.181 265.451 0.491195 0 0 0 680.622 256.088 0.827574 0
1 111 186 671.969 277.171 0.378621 721.091 258.265 0.869596 694.783 260.211 0.667542 681.299 293.046 0.24534 667.156 307.911 0.484397 749.11 261.698 0.777449 804.563 294.995 0.821314 834.335 346.73 0.921236 771.308 319.778 0.703595 753.891 386.499 0.662691 747.629 396.237 0.434874 814.554 305.656 0.582777 820.027 379.576 0.821062 844.78 450.429 0.827215 0 0 0 669.35 268.057 0.444935 0 0 0 681.937 259.122 0.767777 0
1 111 187 675.015 279.346 0.311001 723.045 260.437 0.840918 695.869 261.086 0.682998 683.477 295.222 0.647573 670.419 310.08 0.401906 751.944 264.096 0.723839 806.736 298.468 0.7752 836.074 350.207 0.956463 770.221 323.467 0.69383 752.816 388.233 0.652232 747.203 396.461 0.4348 813.265 312.391 0.550082 817.407 386.532 0.824656 837.612 458.902 0.799741 0 0 0 671.755 271.306 0.369723 0 0 0 683.903 261.737 0.687385 0
1 111 188 677.196 282.395 0.3215 724.783 262.393 0.827031 696.306 260.436 0.517416 685.225 296.962 0.123868 674.108 312.909 0.1 755.42 267.791 0.733048 809.564 302.17 0.821776 838.243 354.121 0.959464 769.347 327.385 0.655378 751.947 389.54 0.654054 746.989 396.688 0.377478 811.969 319.35 0.499519 814.793 393.485 0.757729 829.366 467.151 0.788011 0 0 0 673.726 274.775 0.41721 0 0 0 685.869 264.992 0.677689 0
1 111 189 681.103 285.87 0.317696 727.169 264.793 0.799922 697.387 262.169 0.552468 687.611 299.135 0.452226 678.028 316.177 0.1 758.903 271.281 0.766173 812.178 306.306 0.820572 840.417 358.902 0.917732 768.473 331.729 0.697835 750.656 390.848 0.675442 746.555 396.91 0.1 810.464 326.964 0.580469 811.969 400.664 0.760524 821.534 475.421 0.782709 0 0 0 677.42 278.469 0.401738 0 0 0 689.131 268.465 0.612138 0
1 111 190 685.219 290.642 0.222084 729.557 267.837 0.820687 697.829 263.038 0.517154 689.78 301.519 0.517441 681.518 320.085 0.1 762.603 275.192 0.764233 815.867 311.294 0.779834 842.596 363.475 0.876715 766.949 336.508 0.703517 749.349 392.815 0.6433 745.9 397.564 0.409277 809.16 335.218 0.637585 808.695 409.368 0.800057 813.278 484.331 0.748635 0 0 0 681.122 282.806 0.284207 0 0 0 692.833 272.387 0.606062 0
1 111 191 689.78 295.626 0.23565 731.509 271.306 0.765629 698.042 263.694 0.519515 692.817 304.999 0.461008 685.761 325.303 0.517201 767.17 280.187 0.714781 819.348 316.299 0.82209 844.561 368.696 0.886845 765.423 340.863 0.664202 747.837 393.685 0.611175 745.898 397.578 0.443286 808.069 343.264 0.685356 805.209 417.84 0.895549 804.807 492.819 0.756288 0 0 0 686.332 286.945 0.334935 0 0 0 697.398 277.385 0.540906 0
1 111 192 693.691 301.711 0.232084 734.56 275.648 0.773339 700.439 264.995 0.45742 696.948 308.479 0.277819 692.071 331.598 0.586754 771.514 285.624 0.710951 822.825 321.947 0.848373 846.522 374.354 0.848152 764.12 346.734 0.622428 746.436 393.788 0.60147 745.566 397.914 0.41916 806.759 352.175 0.685881 801.722 425.885 0.858882 797.609 500.649 0.740631 0 0 0 690.899 292.177 0.411965 0 0 0 702.618 282.394 0.694647 0
1 111 193 697.829 307.576 0.211024 738.027 280.851 0.755719 702.609 267.601 0.480851 701.945 314.344 0.379706 698.38 339.363 0.561184 776.734 291.5 0.733111 826.945 327.818 0.797859 848.485 381.094 0.917611 763.249 352.167 0.595714 745.781 392.477 0.425792 744.911 398.575 0.529124 805.878 360.215 0.684918 798.243 434.566 0.781101 790.433 508.267 0.791662 0 0 0 696.327 298.051 0.293608 0 0 0 708.919 288.262 0.589237 0
1 111 194 703.476 313.885 0.19076 742.154 286.93 0.703001 706.744 270.863 0.43788 707.591 319.986 0.211804 704.69 348.599 0.307671 781.733 297.603 0.643316 831.297 334.782 0.834765 850.443 388.92 0.891642 763.031 358.91 0.59754 748.826 400.094 0.486053 746.864 412.712 0.390261 805.433 367.612 0.732512 795.201 440.431 0.843905 784.562 514.134 0.782929 0 0 0 701.989 304.989 0.310302 0 0 0 715.661 294.342 0.673397 0
1 111 195 709.556 320.839 0.220316 747.366 292.359 0.736601 711.743 273.692 0.450595 711.408 324.986 0.1 709.801 358.22 0.1 787.602 304.563 0.62851 835.427 343.043 0.835426 852.185 396.538 0.878156 762.165 365.864 0.48513 749.695 403.362 0.182366 747.515 421.587 0.42979 804.781 376.308 0.675668 792.796 448.048 0.812173 779.127 520.428 0.831502 0 0 0 708.726 311.517 0.328299 0 0 0 723.272 300.431 0.641803 0
1 111 196 715.207 328.667 0.274825 752.369 298.664 0.617131 716.522 278.482 0.409111 714.672 331.073 0.1 713.712 368.227 0.1 793.463 311.735 0.579922 838.915 351.092 0.788099 853.491 405.241 0.840615 761.505 372.385 0.43858 749.041 402.067 0.1 748.165 430.463 0.1 804.557 383.486 0.674317 790.837 453.266 0.762772 775.207 524.131 0.805536 0 0 0 715.675 318.488 0.36923 0 0 0 731.314 307.173 0.698098 0
1 111 197 721.733 336.061 0.231589 757.375 305.628 0.640736 720.866 285.441 0.423044 717.059 337.59 0.1 716.548 372.8 0.1 798.907 318.907 0.578619 842.17 359.574 0.736043 854.146 414.804 0.862573 759.768 378.255 0.461142 746.642 404.456 0.158586 748.815 439.338 0.255114 804.12 390.658 0.646901 789.105 458.048 0.732289 772.38 527.824 0.747687 0 0 0 723.706 325.875 0.335251 0 0 0 740.232 313.912 0.667933 0
1 111 198 728.029 343.453 0.327953 761.735 312.591 0.611384 723.48 290.664 0.362213 718.582 344.985 0.227299 719.368 378.46 0.33536 805.642 327.373 0.624741 845.426 369.129 0.816124 854.377 423.937 0.826707 757.381 384.562 0.493624 744.248 408.588 0.181125 749.466 448.214 0.18707 803.896 398.047 0.752574 788.026 462.615 0.742865 769.999 531.081 0.759567 0 0 0 730.882 333.478 0.433726 0 0 0 748.934 321.09 0.671491 0
1 111 199 736.296 349.764 0.246733 766.088 319.111 0.646214 726.524 296.967 0.426633 719.683 352.161 0.1 721.101 384.986 0.1 812.152 334.765 0.615869 847.829 377.839 0.81437 854.581 434.359 0.817005 755.43 390.436 0.46977 741.861 414.238 0.1 0 0 0 803.887 404.355 0.718641 787.813 465.654 0.787033 769.121 532.828 0.798311 0 0 0 740.883 340.435 0.344469 0 0 0 757.844 328.699 0.63535 0
1 111 200 742.167 356.731 0.226069 770.447 326.086 0.668267 729.57 304.143 0.510849 719.896 359.99 0.244705 721.848 390.427 0.160562 817.805 341.959 0.663053 850.228 388.043 0.773806 854.363 444.999 0.864076 753.696 397.392 0.429504 739.462 422.499 0.147074 0 0 0 803.887 411.527 0.73177 787.82 469.355 0.763713 768.682 534.559 0.811426 0 0 0 748.708 347.821 0.315385 0 0 0 765.889 335.862 0.62048 0
1 111 201 749.334 362.602 0.291351 774.575 333.041 0.688685 730.875 311.316 0.555647 718.807 367.165 0.239276 721.62 394.999 0.137395 824.54 349.791 0.706117 853.052 398.269 0.820267 853.918 455.643 0.864753 752.169 403.26 0.460239 737.169 432.398 0.299601 721.931 432.419 0.0561069 804.121 417.829 0.640348 788.908 472.621 0.726315 768.042 536.071 0.806061 730.427 348.784 0.174394 757.615 354.541 0.343813 0 0 0 774.579 342.812 0.711333 0
1 111 202 754.556 368.477 0.153581 778.067 340.004 0.681118 732.184 318.709 0.652363 715.774 373.688 0.439348 719.771 398.707 0.269837 829.766 356.967 0.674703 855.228 408.478 0.804248 853.047 466.072 0.89268 750.648 409.128 0.501101 735.211 443.709 0.435963 708.244 463.725 0.0687055 804.36 423.916 0.655861 789.782 476.104 0.765689 768.035 536.934 0.817707 736.684 356.27 0.1 765.013 360.851 0.182233 739.086 327.803 0.102953 782.187 349.763 0.667119 0
1 111 203 759.56 374.779 0.141804 781.104 346.741 0.782173 731.749 325.663 0.789908 711.855 379.773 0.521366 716.946 401.759 0.673125 835.204 364.571 0.689094 857.177 417.395 0.789708 851.516 475.635 0.909729 748.692 413.912 0.655952 729.555 448.058 0.622492 725.743 446.064 0.0540555 804.593 429.786 0.67077 790.87 479.362 0.715005 768.248 537.797 0.81029 742.942 363.756 0.1 771.967 367.591 0.159407 743.227 336.501 0.192298 789.358 357.16 0.370176 0
1 111 204 764.996 382.18 0.165022 783.072 353.704 0.792493 731.309 333.701 0.823296 708.488 385.207 0.494479 713.476 404.157 0.629535 839.556 371.318 0.71491 858.925 425.864 0.787981 849.775 485.622 0.885106 747.175 420.213 0.643927 726.292 455.879 0.634554 0 0 0 805.031 436.742 0.677809 791.305 483.055 0.719899 768.47 538.017 0.806077 749.2 371.242 0.1 778.704 375.838 0.145957 747.367 345.2 0.262065 796.313 364.981 0.448329 0
1 111 205 770.871 389.571 0.141798 785.457 360.441 0.765903 731.094 340.868 0.731667 706.745 389.332 0.558148 709.999 406.332 0.434677 843.483 378.272 0.729584 860.882 433.905 0.752738 848.035 494.531 0.841344 745.446 427.604 0.596041 724.986 470.655 0.591228 772.97 483.279 0.0767867 805.021 444.777 0.615719 789.797 488.705 0.660788 768.253 538.667 0.812445 755.458 378.728 0.1 785.442 383.019 0.137947 751.508 353.898 0.226968 802.402 372.367 0.396745 0
1 111 206 776.737 396.964 0.146307 788.276 367.176 0.787299 731.753 348.041 0.744934 706.099 394.545 0.542087 706.728 414.37 0.555488 847.827 385.011 0.720317 862.839 442.16 0.803162 846.517 502.578 0.852147 744.583 436.513 0.585237 725.868 484.129 0.462887 723.999 492.129 0.476717 805.018 453.251 0.644181 788.06 494.792 0.690555 767.813 539.322 0.789964 761.541 386.548 0.150871 791.533 390.849 0.130133 755.649 362.596 0.263395 807.622 379.976 0.422737 0
1 111 207 781.525 405.221 0.289636 790.879 373.911 0.798651 733.498 355.428 0.721659 705.668 398.894 0.586643 703.033 421.328 0.465786 850.44 390.676 0.726633 865.01 449.133 0.809482 845.201 510.831 0.80341 744.154 445.637 0.595684 727.167 498.476 0.508786 723.054 515.676 0.256118 805.224 460.859 0.622888 787.832 500.006 0.615302 767.374 539.76 0.761947 767.107 394.581 0.278261 796.751 398.675 0.316282 759.345 371.289 0.330029 811.974 387.151 0.45279 0
1 111 208 784.348 413.918 0.601211 793.703 381.521 0.798569 735.888 363.471 0.755261 705.87 403.674 0.476145 699.987 428.505 0.598634 853.488 398.282 0.758329 867.395 457.603 0.84743 843.691 518.018 0.823963 744.364 455.199 0.604885 728.472 511.952 0.5147 722.109 539.222 0.657854 805.231 469.997 0.647962 787.399 506.094 0.49625 766.938 541.278 0.66033 772.368 403.268 0.523076 799.143 407.161 0.699979 763.038 379.549 0.403776 816.104 394.751 0.540422 0
1 111 209 788.91 422.84 0.600815 796.086 388.9 0.78393 738.063 371.076 0.772776 705.875 407.806 0.638346 696.518 436.549 0.734822 855.878 405.235 0.719928 869.994 464.778 0.889201 842.389 524.979 0.869395 744.371 464.981 0.690767 730.428 525.219 0.683777 721.164 562.768 0.782314 805.026 478.909 0.652015 787.401 511.315 0.5259 766.724 543.025 0.557997 777.972 412.607 0.570882 803.268 416.509 0.730177 767.384 388.243 0.418362 820.665 402.585 0.530722 0
1 111 210 791.525 433.05 0.541006 797.394 396.515 0.799856 739.802 379.559 0.758597 705.657 413.03 0.78134 692.833 445.684 0.775098 856.972 412.178 0.740037 871.958 471.948 0.848455 841.521 531.512 0.827994 744.167 475.641 0.733885 732.175 539.343 0.699018 720.219 586.315 0.605366 805.027 489.343 0.718568 785.233 519.521 0.464625 765.639 548.575 0.52012 781.967 421.957 0.526054 805.222 425.862 0.644146 770.209 396.29 0.406606 822.845 411.281 0.475568 0
1 111 211 794.999 444.341 0.627451 798.041 404.994 0.802512 741.092 388.692 0.803249 705.864 419.558 0.80616 689.775 455.242 0.784315 858.054 419.789 0.730883 874.119 479.126 0.871211 840.87 538.257 0.87777 743.956 487.604 0.649576 733.698 553.904 0.60218 720.426 607.175 0.580491 805.022 500.218 0.62008 782.195 529.201 0.419591 763.254 557.927 0.533278 785.436 432.601 0.685249 806.964 436.292 0.727308 772.381 405.204 0.387742 824.594 420.206 0.413859 0
1 111 212 797.607 455.866 0.611857 798.912 413.698 0.822541 742.399 398.696 0.73805 706.735 425.866 0.76248 686.513 464.151 0.799151 858.921 426.971 0.736231 875.855 487.379 0.838522 840.872 544.997 0.854194 743.752 500.429 0.669663 735.43 567.597 0.723515 721.073 626.307 0.610154 805.022 511.521 0.616504 777.848 541.434 0.332074 759.565 571.08 0.250669 788.477 444.33 0.66009 808.489 446.944 0.735733 774.129 415.205 0.394185 825.899 429.98 0.419644 0
1 111 213 798.91 466.09 0.580513 798.912 422.837 0.795699 742.615 409.136 0.759268 706.509 434.994 0.798211 683.684 474.794 0.819506 859.349 435.44 0.740857 877.579 495.643 0.890156 840.66 551.743 0.864565 743.744 513.031 0.642309 736.514 583.041 0.733217 721.298 644.779 0.670558 805.015 522.173 0.555447 772.85 555.347 0.281126 754.999 587.821 0.259224 790.002 455.195 0.557028 808.931 456.952 0.646681 775.213 425.435 0.439706 826.116 439.545 0.31539 0
1 111 214 799.343 476.527 0.556253 798.265 432.844 0.826714 741.534 420.868 0.79268 704.762 446.959 0.679426 680.429 486.964 0.8336 859.121 443.924 0.731432 879.096 504.338 0.85208 840.451 558.689 0.85766 743.959 525.639 0.663135 737.162 597.174 0.772833 721.514 660.433 0.689224 806.321 533.262 0.559792 776.332 569.478 0.1 750.469 606.631 0.1 790.223 465.852 0.542112 808.93 467.384 0.622447 775.642 436.738 0.369838 825.898 449.543 0.366105 0
1 111 215 798.477 487.615 0.552194 796.966 443.277 0.8122 740.441 432.169 0.759106 703.019 459.578 0.611537 677.613 499.562 0.770413 858.032 452.849 0.679868 880.615 512.819 0.860063 840.665 565.648 0.79707 743.961 537.814 0.648756 737.591 609.353 0.665365 722.595 672.398 0.610349 807.408 544.57 0.51453 780.244 584.699 0.1 745.939 625.442 0.1 788.709 476.932 0.520384 808.493 478.037 0.658897 774.77 447.605 0.345599 825.68 459.764 0.43557 0
1 111 216 797.177 498.922 0.488519 795.868 454.149 0.802474 738.702 444.348 0.734227 701.05 473.706 0.699022 674.578 513.69 0.854281 857.38 462.408 0.715149 881.706 521.731 0.888655 840.671 572.611 0.840208 744.388 549.776 0.642095 736.736 624.133 0.680871 724.119 681.749 0.693563 808.936 556.305 0.454625 783.072 599.807 0.1 741.409 644.252 0.1 787.4 488.677 0.514472 808.047 489.776 0.636464 773.893 459.552 0.34395 825.028 471.495 0.382259 0
1 111 217 796.098 510.661 0.417902 794.342 465.238 0.804777 736.524 456.956 0.732973 698.877 488.927 0.668676 672.395 528.688 0.767983 856.295 471.764 0.679917 882.587 530.216 0.827245 841.532 579.345 0.800189 744.39 562.17 0.575656 736.091 637.614 0.564225 725.423 689.579 0.512107 810.464 567.605 0.428205 786.329 613.496 0.402177 736.88 663.062 0.425294 786.958 500.636 0.390869 807.617 501.725 0.514324 772.591 471.286 0.331062 824.588 482.155 0.340269 0
1 111 218 795.663 522.596 0.429243 793.051 476.973 0.849353 734.786 470.219 0.759954 697.142 504.567 0.746364 670.653 544.332 0.826591 855.645 481.978 0.722073 884.328 538.704 0.904421 842.615 586.081 0.862628 745.036 572.608 0.623922 734.902 649.89 0.581296 725.753 696.319 0.600786 811.983 577.391 0.590195 789.368 628.494 0.223438 0 0 0 786.09 511.949 0.391376 806.322 512.602 0.564364 771.503 482.813 0.321925 823.501 493.451 0.420823 0
1 111 219 796.314 534.125 0.481909 792.178 488.917 0.835182 733.269 483.693 0.755074 696.272 520.209 0.741298 669.126 559.984 0.805118 854.778 491.99 0.721057 886.273 546.967 0.844239 843.707 592.814 0.787161 745.677 583.259 0.592902 733.595 660.543 0.407876 725.1 701.537 0.485468 813.489 586.96 0.53692 793.932 642.458 0.123409 0 0 0 786.316 524.107 0.484028 806.758 524.345 0.609183 771.503 494.981 0.328659 824.364 504.108 0.42735 0
1 111 220 797.842 545.226 0.513251 792.18 500.437 0.842472 732.838 497.381 0.763743 696.056 535.853 0.699461 668.055 576.509 0.773372 854.135 501.769 0.698616 888.03 555.238 0.865342 845.025 598.693 0.853431 746.324 593.257 0.506974 732.299 669.899 0.382608 725.102 705.242 0.25003 815.01 595.652 0.512345 799.805 654.519 0.1 0 0 0 788.057 536.062 0.488586 808.273 536.286 0.626894 772.805 507.164 0.316944 825.872 514.754 0.364428 0
1 111 221 800.014 556.304 0.541465 792.401 511.529 0.865881 732.403 510.203 0.781826 695.197 552.811 0.766809 668.048 595.641 0.830319 854.138 512.2 0.728599 889.998 563.284 0.826567 846.984 605.418 0.82999 747.618 601.739 0.52237 730.796 677.507 0.375031 724.89 708.073 0.289252 816.744 603.697 0.491536 807.191 661.638 0.173711 0 0 0 790.019 546.934 0.498025 810.227 547.164 0.687257 774.754 519.329 0.326087 828.257 523.9 0.349479 0
1 111 222 801.966 568.246 0.558074 793.69 523.482 0.872136 732.622 523.674 0.755819 695.418 569.552 0.782043 669.352 615.22 0.849305 855.217 522.637 0.738612 892.183 571.766 0.852403 850.014 611.298 0.803184 749.135 610.66 0.513391 729.504 686.415 0.1 724.187 710.854 0.1 818.707 612.824 0.537593 815.452 670.551 0.632896 806.161 651.542 0.066653 792.191 558.034 0.583459 812.183 558.262 0.664364 776.498 531.707 0.406803 830.863 533.694 0.372 0
1 111 223 804.357 580.641 0.527163 795.423 535.428 0.852798 734.135 536.288 0.751163 696.3 586.067 0.788176 672.401 634.577 0.85113 856.961 533.719 0.72463 895.003 580.476 0.799065 853.06 618.253 0.86714 749.786 622.401 0.553551 728.47 693.916 0.545135 723.483 713.635 0.120483 819.366 623.695 0.562219 817.406 677.51 0.671748 0 0 0 795.445 570.211 0.569766 815.004 570.645 0.612134 778.465 543.231 0.411715 834.116 544.346 0.352182 0
1 111 224 808.267 593.466 0.470001 797.377 548.035 0.793909 735.226 551.514 0.738474 696.955 606.715 0.799947 675.762 654.967 0.741031 859.142 544.152 0.750383 898.055 590.036 0.896286 856.321 626.072 0.819449 751.074 634.354 0.506716 727.436 701.416 0.588375 722.779 716.415 0.169714 820.457 633.69 0.514988 818.97 684.966 0.60832 0 0 0 800.439 582.614 0.585524 818.706 583.042 0.546468 782.162 556.28 0.432288 837.372 555.43 0.314848 0
1 111 225 811.956 606.513 0.51851 799.995 561.076 0.830045 737.614 566.504 0.726561 699.13 623.887 0.779789 679.124 675.356 0.798554 862.177 555.448 0.765855 901.31 600.031 0.813617 860.012 634.328 0.839139 752.243 646.286 0.514441 726.402 708.916 0.47391 722.075 719.196 0.255038 820.854 644.842 0.507793 820.534 692.422 0.395257 0 0 0 805.002 595.228 0.630752 821.976 595.447 0.429762 786.294 569.759 0.529132 841.498 565.872 0.228734 0
1 111 226 816.516 619.993 0.504671 803.26 574.546 0.834986 740.662 581.724 0.707148 701.533 641.717 0.723702 682.485 695.746 0.540387 865.43 567.188 0.752941 904.569 611.119 0.783212 863.492 644.104 0.846846 753.411 658.217 0.432187 725.368 716.417 0.280275 0 0 0 821.25 655.995 0.479426 822.098 699.878 0.199054 0 0 0 809.356 608.058 0.598602 826.753 608.498 0.489288 790.644 582.59 0.443314 845.631 577.391 0.275879 0
1 111 227 821.732 634.569 0.235907 806.946 588.251 0.8058 744.793 597.378 0.698078 703.914 660.512 0.665367 685.847 716.135 0.349646 868.694 579.138 0.720703 906.97 623.5 0.796128 867.405 653.468 0.884926 754.579 670.149 0.374986 741.459 714.161 0.0862258 0 0 0 821.647 667.147 0.432852 823.662 707.334 0.111691 0 0 0 815.439 623.486 0.260662 831.286 622.203 0.214856 795.643 597.803 0.295499 849.981 588.267 0.21614 0
1 111 228 826.325 649.606 0.285714 810.828 602.437 0.730026 748.672 613.46 0.646004 706.295 679.306 0.427783 0 0 0 872.668 591.2 0.721169 909.684 636.408 0.853303 871.505 664.359 0.833919 755.748 682.08 0.161519 741.486 714.206 0.0655475 0 0 0 822.044 678.3 0.288398 825.644 714.173 0.0906842 0 0 0 820.65 638.335 0.317416 835.819 635.907 0.263916 800.018 612.675 0.402603 853.803 600.552 0.247011 0
1 111 229 830.917 664.643 0.378827 814.71 616.623 0.717477 752.552 629.543 0.637107 708.677 698.101 0.541612 0 0 0 876.641 603.262 0.687559 912.398 649.315 0.78395 875.604 675.25 0.722505 765.009 714.156 0.0636493 0 0 0 0 0 0 827.616 678.873 0.0670367 0 0 0 0 0 0 825.861 653.185 0.36277 840.352 649.612 0.263625 804.392 627.546 0.371957 857.624 612.838 0.239881 0
1 111 230 835.51 679.679 0.331878 818.591 630.81 0.706461 756.432 645.626 0.547686 711.058 716.896 0.120752 0 0 0 880.615 615.323 0.687802 915.112 662.222 0.780025 879.703 686.141 0.670077 761.064 714.151 0.0722569 0 0 0 0 0 0 823.71 680.988 0.056827 0 0 0 0 0 0 831.071 668.034 0.332613 844.885 663.317 0.19993 808.766 642.417 0.320786 861.445 625.123 0.187796 0
1 111 231 840.103 694.716 0.217763 822.473 644.996 0.631806 760.312 661.708 0.388698 723.929 714.175 0.0578345 0 0 0 884.588 627.385 0.607303 917.826 675.129 0.709709 883.802 697.031 0.492525 755.227 714.152 0.0585604 0 0 0 0 0 0 0 0 0 0 0 0 0 0 0 836.282 682.883 0.305529 0 0 0 813.141 657.289 0.305927 865.266 637.409 0.114877 0
1 111 232 882.389 714.19 0.149185 845.186 665.195 0.321459 788.447 659.359 0.144877 0 0 0 0 0 0 901.94 661.292 0.342756 929.322 714.171 0.331929 882.418 714.174 0.10385 0 0 0 0 0 0 0 0 0 0 0 0 0 0 0 0 0 0 0 0 0 0 0 0 831.525 694.547 0.104878 0 0 0 0
