0 111 21 60.6141 389.329 0.0585981 24.9847 413.923 0.594808 40.5158 414.624 0.452312 52.3594 458.144 0.145109 0 0 0 0 0 0 0 0 0 0 0 0 47.6571 500.525 0.403079 71.4413 547.95 0.340807 72.8275 609.276 0.396905 21.2573 504.722 0.344067 38.5548 560.17 0.319318 52.8815 620.327 0.356701 56.7609 381.497 0.0947599 0 0 0 50.8009 383.089 0.37104 0 0 0 0
0 111 22 0 0 0 32.5177 412.422 0.645917 48.8891 413.386 0.621451 60.7101 458.038 0.262874 0 0 0 11.3634 410.485 0.550522 -1.23033 461.107 0.137778 4.85974 489.123 0.0782838 54.5729 499.77 0.535597 83.3066 545.311 0.337287 83.424 605.379 0.246574 26.7598 503 0.539596 40.7953 557.297 0.494787 53.2134 617.096 0.472663 0 0 0 0 0 0 57.9038 382.088 0.29802 28.6287 379.906 0.118893 0
0 111 23 74.4009 383.398 0.0821747 40.0506 410.92 0.775071 57.2623 412.147 0.694657 69.0608 457.933 0.441828 84.1202 493.061 0.157979 19.0416 408.949 0.651548 6.03953 459.095 0.109962 0 0 0 61.4888 499.016 0.54573 95.172 542.671 0.351119 94.0204 601.483 0.284442 32.2623 501.279 0.567647 43.0359 554.425 0.591141 53.5453 613.865 0.587416 72.4483 377.638 0.125263 0 0 0 65.0067 381.087 0.554632 35.8465 379.084 0.1 0
0 111 24 0 0 0 47.5836 409.419 0.424758 65.6356 410.909 0.391025 77.4115 457.828 0.17228 100.758 500.869 0.1 26.7197 407.413 0.29161 13.3094 457.083 0.1 0 0 0 68.4046 498.261 0.345306 107.037 540.032 0.221502 104.617 597.587 0.136608 37.7648 499.557 0.383577 45.2765 551.552 0.401714 53.8772 610.634 0.457648 80.2663 378.611 0.1 0 0 0 72.1097 380.086 0.250226 43.0644 378.262 0.1 0
0 111 25 95.8347 383.561 0.0917661 55.1166 407.917 0.623542 74.0089 409.671 0.570293 85.7622 457.722 0.272524 114.461 506.114 0.113859 34.3979 405.876 0.548154 20.5793 455.071 0.1 0 0 0 75.3205 497.507 0.41865 118.903 537.393 0.165709 115.213 593.69 0.128224 43.2673 497.835 0.516874 47.5171 548.68 0.572869 54.2091 607.403 0.780688 88.0843 379.584 0.129612 0 0 0 79.2126 379.085 0.432032 50.2822 377.44 0.1 0
0 111 26 0 0 0 63.3703 406.612 0.749591 83.1486 408.798 0.743419 95.5369 457.284 0.646697 126.696 510.076 0.715383 42.076 404.34 0.690136 27.8491 453.058 0.12552 0 0 0 83.7923 496.417 0.531256 129.113 534.344 0.572144 125.867 589.995 0.332849 49.3445 496.308 0.582241 49.9117 546.934 0.444238 54.8678 606.101 0.586793 0 0 0 0 0 0 86.3853 377.788 0.544212 57.5001 376.618 0.119527 0
0 111 27 0 0 0 70.7728 405.527 0.1 90.323 408.361 0.1 102.491 458.581 0.1 0 0 0 50.5556 402.819 0.1 34.9201 453.06 0.1 0 0 0 91.1901 498.146 0.1 136.333 532.731 0.1 134.346 589.994 0.1 56.5164 497.609 0.1 54.9059 545.195 0.1 56.8276 602.186 0.1 0 0 0 0 0 0 93.7664 376.494 0.1 64.4898 375.755 0.1 127
0 111 28 0 0 0 78.3859 404.445 0.556123 97.8295 407.825 0.502575 110.214 457.817 0.177354 0 0 0 57.5105 401.838 0.547717 42.8592 453.277 0.136553 0 0 0 99.9937 499.229 0.318251 142.294 532.12 0.1 140.599 590.488 0.1 64.3434 498.582 0.414655 59.6835 544.765 0.419893 58.7826 600.77 0.402462 0 0 0 0 0 0 100.3 375.294 0.305935 71.4136 374.618 0.107571 0
0 111 29 0 0 0 85.5558 403.796 0.816977 105.438 407.615 0.671665 117.394 457.389 0.270637 119.356 471.523 0.0917135 63.6031 400.754 0.746343 50.9006 452.913 0.269946 54.787 467.577 0.115456 108.461 500.746 0.52112 147.423 531.206 0.257713 145.271 591.9 0.154664 71.7298 499.882 0.58519 64.4673 546.076 0.411321 60.7494 601.636 0.309734 0 0 0 0 0 0 107.268 373.997 0.453683 78.2714 373.208 0.147257 0
0 111 30 0 0 0 92.6154 402.174 0.819195 112.611 406.424 0.738034 124.24 454.461 0.29901 140.854 491.051 0.0785881 70.0168 398.803 0.801447 58.6142 451.644 0.368795 68.4528 471.535 0.147927 115.958 499.331 0.547639 151.732 530.42 0.176983 149.67 590.763 0.1 79.4499 498.579 0.583516 70.5473 545.535 0.347417 63.7928 599.132 0.249223 0 0 0 0 0 0 113.69 372.27 0.609497 85.0632 371.523 0.251953 0
0 111 31 0 0 0 99.1388 399.998 0.502019 119.357 404.68 0.439976 131.418 450.765 0.16004 0 0 0 76.752 395.763 0.422115 66 449.471 0.15635 0 0 0 123.777 496.935 0.263195 153.257 527.165 0.1 152.065 587.072 0.111429 87.0614 496.617 0.295032 76.4251 544.234 0.103352 67.7127 595.432 0.153679 0 0 0 0 0 0 120.428 370.537 0.291326 91.7891 369.565 0.1 0
0 111 32 0 0 0 105.769 397.715 0.1 125.551 402.615 0.1 138.256 449.35 0.1 0 0 0 83.5956 393.377 0.1 73.4918 448.384 0.1 0 0 0 130.412 495.743 0.1 153.909 527.027 0.1 153.161 586.137 0.1 94.2366 495.528 0.1 83.4913 544.023 0.1 73.3113 592.387 0.1 0 0 0 0 0 0 126.634 367.716 0.1 98.3568 367.668 0.1 127
0 111 33 144.793 365.948 0.0504666 112.215 396.045 0.493752 131.275 400.879 0.473738 144.334 449.424 0.115578 0 0 0 90.2578 391.573 0.400897 80.7267 447.952 0.334852 0 0 0 136.577 495.168 0.361157 154.999 527.683 0.1 154.109 586.432 0.1 101.411 494.946 0.449099 91.6072 543.812 0.255715 80.5885 589.999 0.131171 140.851 363.93 0.0812373 0 0 0 132.66 364.963 0.343296 104.925 365.77 0.1 0
0 111 34 0 0 0 118.151 394.237 0.1 136.85 399.135 0.1 150.631 448.921 0.1 0 0 0 95.9854 389.69 0.1 86.9464 447.518 0.1 0 0 0 142.372 494.442 0.1 156.527 529.133 0.1 154.91 587.957 0.1 107.931 494.218 0.1 100.881 543.593 0.1 89.8821 587.182 0.1 0 0 0 0 0 0 138.389 362.277 0.1 111.492 363.873 0.1 127
0 111 35 0 0 0 123.37 392.053 0.725178 141.621 396.743 0.714422 156.287 447.84 0.261599 166.316 479.363 0.0974767 102.07 387.085 0.694502 92.813 445.992 0.343239 101.752 461.808 0.0669829 147.163 492.485 0.518603 158.49 528.7 0.191065 155.344 586.655 0.206083 113.804 492.047 0.576783 110.439 541.857 0.200675 100.315 583.276 0.16098 0 0 0 0 0 0 143.829 359.666 0.522537 118.06 361.975 0.166471 0
0 111 36 162.429 352.267 0.101997 128.796 389.337 0.752429 146.614 393.702 0.744287 161.727 445.674 0.509834 188.979 495.912 0.467716 107.726 384.372 0.620683 98.462 442.946 0.246919 0 0 0 150.968 488.577 0.540987 160.622 528.681 0.207706 155.562 583.392 0.143577 119.559 488.137 0.556953 118.373 540.551 0.227193 109.553 582.082 0.1 161.865 348.706 0.14932 0 0 0 149.373 356.734 0.596141 129.048 354.118 0.0731496 0
0 111 37 0 0 0 133.793 385.648 0.1 150.854 389.683 0.1 166.621 443.393 0.1 194.586 493.614 0.1 113.598 381.008 0.1 103.897 439.901 0.1 0 0 0 154.129 484.452 0.1 162.925 529.074 0.1 156.27 580.944 0.1 125.203 484.118 0.1 126.418 538.373 0.1 118.684 579.148 0.1 166.615 347.886 0.1 0 0 0 155.014 353.368 0.1 0 0 0 127
0 111 38 0 0 0 138.472 381.732 0.1 154.226 385.121 0.1 171.402 441.757 0.1 200.193 491.315 0.1 119.676 377.421 0.1 109.119 436.859 0.1 0 0 0 157.401 481.3 0.1 164.968 529.338 0.1 156.74 579.168 0.1 130.524 480.425 0.1 135.549 534.528 0.1 128.394 574.298 0.1 171.364 347.066 0.1 0 0 0 160.546 349.999 0.1 0 0 0 127
0 111 39 178.108 350.233 0.0543419 143.373 378.355 0.569177 157.27 381.106 0.551744 176.51 440.558 0.479021 205.799 489.016 0.470098 125.644 374.37 0.476688 114.557 434.14 0.165698 0 0 0 161.648 480.102 0.458821 166.752 529.472 0.34686 156.972 578.063 0.274045 135.85 478.255 0.441926 144.678 531.734 0.320095 137.598 571.875 0.238108 176.113 346.246 0.1 0 0 0 165.873 346.738 0.319859 0 0 0 0
0 111 40 0 0 0 148.164 375.535 0.1 161.184 378.283 0.1 181.509 439.042 0.1 211.406 486.718 0.1 131.297 372.19 0.1 120.212 431.745 0.1 0 0 0 165.127 477.279 0.1 168.276 529.476 0.1 156.967 577.63 0.1 141.291 475.213 0.1 153.805 529.993 0.1 146.296 571.881 0.1 180.863 345.425 0.1 0 0 0 170.875 343.913 0.1 0 0 0 127
0 111 41 189.789 352.113 0.0928619 153.165 373.365 0.517539 165.973 375.898 0.531063 186.522 437.091 0.440017 217.709 484.757 0.472294 136.73 370.011 0.460027 125.642 428.698 0.1 0 0 0 169.687 474.23 0.430438 172.405 527.52 0.191493 158.474 575.67 0.153325 146.519 472.168 0.415271 160.111 527.164 0.245195 152.539 571.885 0.209395 186.088 344.127 0.116176 0 0 0 176.087 342.169 0.423701 0 0 0 0
0 111 42 0 0 0 158.241 371.986 0.1 171.122 375.023 0.1 191.746 435.497 0.1 223.581 482.87 0.1 142.028 368.348 0.1 131.274 426.123 0.1 0 0 0 174.604 471.775 0.1 176.313 525.707 0.1 159.919 573.709 0.1 152.176 469.914 0.1 165.48 524.123 0.1 157.21 570.15 0.1 190.916 342.789 0.1 0 0 0 180.937 340.79 0.1 0 0 0 127
0 111 43 0 0 0 163.259 370.235 0.318233 176.111 373.669 0.364984 196.793 432.262 0.186243 228.15 477.882 0.227731 147.353 366.497 0.221903 136.906 423.547 0.1 0 0 0 179.409 469.161 0.170461 180.046 523.515 0.1 162.12 571.443 0.1 157.659 467.591 0.153989 170.079 521.04 0.1 161.131 567.76 0.1 195.597 341.771 0.1 0 0 0 185.813 339.166 0.17278 0 0 0 0
0 111 44 201.521 352.109 0.143616 168.218 368.11 0.668272 180.937 371.835 0.6873 201.662 427.387 0.704503 231.415 469.793 0.731939 152.706 364.457 0.589927 142.538 420.971 0.127529 0 0 0 184.1 466.39 0.711014 183.604 520.945 0.668217 165.077 568.874 0.607672 162.969 465.198 0.600622 173.909 517.916 0.395808 164.303 564.713 0.272057 200.277 340.753 0.177138 0 0 0 190.716 337.297 0.563442 0 0 0 0
0 111 45 206.414 350.149 0.1 173.263 366.218 0.763359 185.892 369.958 0.731622 206.788 421.381 0.703261 233.808 458.749 0.706621 158.012 362.478 0.696065 148.17 418.396 0.123544 0 0 0 188.856 463.092 0.673333 186.556 517.093 0.498912 168.642 565.133 0.455023 167.998 462.153 0.707566 178.236 513.662 0.509049 168.628 560.909 0.461402 204.958 339.735 0.10911 0 0 0 195.472 335.575 0.526765 172.191 332.561 0.0609068 0
0 111 46 211.308 348.19 0.116132 178.393 364.558 0.77662 190.975 368.038 0.702579 212.171 414.245 0.687936 235.327 444.751 0.709581 163.27 360.561 0.7569 0 0 0 0 0 0 193.677 459.267 0.717004 188.902 511.957 0.576061 172.815 560.221 0.63282 172.745 458.456 0.695371 183.06 508.28 0.431185 174.104 556.347 0.476103 209.639 338.717 0.172988 0 0 0 200.08 334 0.601063 177.94 336.518 0.086969 0
0 111 47 0 0 0 183.497 362.384 0.1 196.299 365.637 0.1 217.379 405.22 0.1 236.523 428.012 0.1 168.489 358.278 0.1 0 0 0 0 0 0 197.806 453.726 0.1 191.072 506.083 0.1 178.323 554.28 0.1 177.423 453.671 0.1 187.407 502.564 0.1 180.045 551.202 0.1 0 0 0 0 0 0 204.747 332.143 0.1 0 0 0 127
0 111 48 0 0 0 188.271 359.998 0.1 201.302 363.022 0.1 222.592 395.878 0.1 236.967 411.272 0.1 173.497 356.11 0.1 0 0 0 0 0 0 201.5 446.775 0.1 196.287 500.644 0.1 185.648 548.487 0.1 181.772 448.01 0.1 191.1 497.422 0.1 186.06 546.996 0.1 0 0 0 0 0 0 208.653 330.19 0.1 0 0 0 127
0 111 49 0 0 0 193.485 357.815 0.1 206.956 360.411 0.1 227.808 387.175 0.1 237.405 396.059 0.1 178.276 354.15 0.1 0 0 0 0 0 0 207.589 442.864 0.1 204.541 495.423 0.1 198.256 540.88 0.1 185.682 444.967 0.1 194.359 493.076 0.1 191.281 542.207 0.1 0 0 0 0 0 0 212.788 328.017 0.1 0 0 0 127
0 111 50 0 0 0 198.484 354.768 0.1 211.742 357.576 0.1 232.153 378.042 0.1 235.777 374.714 0.1 183.065 351.113 0.1 0 0 0 0 0 0 212.808 437.866 0.1 211.067 488.03 0.1 212.168 529.576 0.1 189.591 440.837 0.1 197.839 487.204 0.1 197.59 537.199 0.1 0 0 0 0 0 0 217.778 325.629 0.1 0 0 0 127
0 111 51 0 0 0 203.485 351.074 0.5027 215.874 353.018 0.395824 236.264 366.924 0.204553 234.148 353.369 0.133587 188.278 347.848 0.413877 179.971 395.233 0.0599549 0 0 0 217.819 432.856 0.389835 218.683 480.857 0.249712 225.102 521.426 0.272728 193.712 436.933 0.453672 201.749 483.499 0.389979 204.333 534.582 0.423737 0 0 0 0 0 0 222.564 323.45 0.201244 0 0 0 0
0 111 52 0 0 0 208.182 348.12 0.677104 219.225 349.804 0.637527 240.374 355.806 0.72522 232.52 332.023 0.588124 193.107 345.067 0.665355 240.595 352.216 0.0660529 0 0 0 222.43 429.243 0.589247 227.344 476.376 0.429979 236.236 516.733 0.328403 197.8 433.896 0.607429 205.055 480.498 0.558823 210.042 533.049 0.509631 0 0 0 0 0 0 226.962 321.663 0.294605 0 0 0 0
0 111 53 0 0 0 212.937 345.759 0.42738 223.531 347.285 0.326144 244.485 344.688 0.141289 230.891 310.678 0.132954 197.761 342.908 0.39754 181.972 399.16 0.148356 189.805 430.383 0.0803508 227.808 427.095 0.291585 238.767 471.421 0.163234 246.907 513.213 0.104897 201.914 432.089 0.329995 208.187 477.972 0.213208 214.776 531.591 0.234075 0 0 0 0 0 0 231.478 320.269 0.135084 211.301 318.917 0.0652295 0
0 111 54 0 0 0 217.749 343.992 0.4547 228.791 345.462 0.351869 248.595 333.569 0.126304 0 0 0 202.24 341.372 0.43471 0 0 0 0 0 0 233.953 426.41 0.274821 250.19 466.465 0.124068 257.114 510.864 0.134528 206.056 431.511 0.355086 211.144 475.922 0.319219 218.533 530.207 0.481642 0 0 0 0 0 0 236.11 319.266 0.240686 217.149 316.896 0.0737842 0
0 111 55 0 0 0 222.617 342.819 0.358244 235.005 344.335 0.224008 254.303 342.409 0.0732657 0 0 0 206.545 340.458 0.293854 0 0 0 0 0 0 240.865 427.19 0.197741 261.612 461.51 0.103911 266.858 509.687 0.1 210.224 432.164 0.250606 213.927 474.347 0.247572 221.314 528.899 0.373079 0 0 0 0 0 0 240.86 318.657 0.142793 0 0 0 0
0 111 56 256.297 318.913 0.0989617 227.617 342.112 0.436756 241.416 343.848 0.329582 201.556 381.464 0.0852707 0 0 0 210.788 339.97 0.319183 0 0 0 0 0 0 247.765 428.274 0.240662 273.035 456.555 0.118085 275.665 509.141 0.106764 214.351 432.925 0.269035 216.591 473.305 0.293659 223.489 527.974 0.38672 254.361 315.018 0.128642 0 0 0 245.654 318.386 0.292068 0 0 0 0
0 111 57 0 0 0 233.051 341.568 0.1 248.586 343.738 0.1 0 0 0 0 0 0 215.14 339.428 0.1 0 0 0 0 0 0 254.396 429.358 0.1 0 0 0 283.055 508.049 0.1 218.697 433.582 0.1 219.312 471.89 0.1 225.448 525.912 0.1 0 0 0 0 0 0 251.313 318.271 0.1 0 0 0 127
0 111 58 0 0 0 238.481 340.755 0.1 254.343 343.139 0.1 0 0 0 0 0 0 219.827 338.405 0.1 0 0 0 0 0 0 259.671 429.57 0.1 0 0 0 285.561 508.374 0.1 223.263 433.038 0.1 221.87 469.878 0.1 228.059 524.234 0.1 0 0 0 0 0 0 256.965 318.106 0.1 0 0 0 127
0 111 59 0 0 0 243.7 340.967 0.408483 260.21 343.138 0.337665 0 0 0 0 0 0 224.399 338.624 0.377168 210.816 395.711 0.236877 213.275 418.688 0.0525856 265.325 430.655 0.250053 299.347 477.392 0.0925601 286.223 512.723 0.119798 228.264 433.255 0.306597 226.002 469.881 0.214857 230.682 522.504 0.432564 0 0 0 0 0 0 261.975 318.324 0.165914 242.626 316.934 0.0701116 0
0 111 60 0 0 0 248.771 341.04 0.1 266.513 343.349 0.1 0 0 0 0 0 0 228.678 338.772 0.1 216.446 394.31 0.1 0 0 0 270.971 431.669 0.1 0 0 0 288.002 514.861 0.1 232.913 433.108 0.1 229.845 468.655 0.1 232.719 520.045 0.1 0 0 0 0 0 0 267.621 317.757 0.1 0 0 0 127
0 111 61 0 0 0 254.132 340.751 0.1 273.9 342.697 0.1 0 0 0 0 0 0 233.308 338.842 0.1 222.075 392.908 0.1 0 0 0 277.273 431.957 0.1 0 0 0 290.898 514.788 0.1 238.056 432.816 0.1 234.264 467.491 0.1 234.816 517.084 0.1 0 0 0 0 0 0 273.697 316.829 0.1 0 0 0 127
0 111 62 0 0 0 259.423 340.246 0.1 280.635 341.828 0.1 0 0 0 0 0 0 238.08 338.694 0.1 227.705 391.506 0.1 0 0 0 283.062 431.451 0.1 0 0 0 293.576 514.787 0.1 243.633 432.017 0.1 238.83 466.619 0.1 236.916 514.628 0.1 0 0 0 0 0 0 279.7 315.54 0.1 0 0 0 127
0 111 63 295.413 318.961 0.084496 264.351 339.447 0.435254 286.067 340.737 0.383582 0 0 0 0 0 0 242.636 338.187 0.421948 233.335 390.105 0.178733 236.691 412.866 0.0825942 287.479 429.135 0.255088 300.279 469.929 0.111841 295.891 514.137 0.105191 248.925 429.343 0.326983 244.473 465.748 0.207404 240.469 513.831 0.320721 293.602 316.375 0.126146 0 0 0 284.768 314.029 0.357525 0 0 0 0
0 111 64 0 0 0 269.344 338.352 0.1 290.416 339.433 0.1 0 0 0 0 0 0 247.629 336.884 0.1 238.556 388.584 0.1 0 0 0 290.947 427.178 0.1 302.545 468.32 0.1 297.622 514.795 0.1 253.718 426.74 0.1 249.686 466.181 0.1 244.168 513.178 0.1 298.034 314.397 0.1 0 0 0 289.766 312.3 0.1 0 0 0 127
0 111 65 0 0 0 273.9 336.667 0.1 294.013 338.178 0.1 0 0 0 0 0 0 252.73 334.98 0.1 243.19 386.79 0.1 0 0 0 293.83 424.79 0.1 304.811 466.711 0.1 300.551 512.518 0.1 258.502 424.029 0.1 256.376 465.696 0.1 251.776 511.277 0.1 302.466 312.419 0.1 0 0 0 294.546 310.625 0.1 0 0 0 127
0 111 66 0 0 0 277.811 334.396 0.734108 297.063 335.902 0.678044 307.983 387.311 0.287359 333.883 425.945 0.281413 257.3 332.915 0.721105 247.441 384.944 0.334269 254.283 410.849 0.0619709 296.543 422.177 0.552023 307.077 465.102 0.368056 302.939 510.56 0.357205 263.283 421.203 0.587965 263.657 464.72 0.393458 259.378 509.643 0.471706 306.898 310.441 0.1 0 0 0 298.675 308.565 0.443876 273.941 314.988 0.117618 0
0 111 67 0 0 0 281.293 332.175 0.755391 300.215 333.463 0.682932 311.86 385.647 0.347769 338.24 424.192 0.337803 261.531 330.908 0.72939 252.172 383.693 0.482861 256.23 408.924 0.0955111 299.103 419.138 0.590402 309.343 463.493 0.460943 305.005 508.708 0.392998 268.49 418.269 0.65325 270.876 463.037 0.43345 266.551 508.06 0.448139 311.33 308.463 0.1 0 0 0 302.584 305.899 0.298378 271.994 309.146 0.0993632 0
0 111 68 317.515 312.887 0.133984 285.199 329.79 0.837548 303.477 331.069 0.771294 315.737 383.982 0.742371 342.597 422.44 0.734521 266.3 328.725 0.743745 256.53 381.522 0.52601 245.6 411.77 0.151824 301.283 416.103 0.662296 310.648 461.32 0.574709 306.303 507.399 0.449963 273.27 415.44 0.68103 277.615 461.08 0.491967 272.844 506.311 0.448627 315.893 305.65 0.177875 0 0 0 306.289 303.068 0.589282 283.66 303.189 0.0757338 0
0 111 69 321.294 311.019 0.422008 288.829 327.757 0.810423 306.744 328.896 0.748153 319.614 382.317 0.723289 346.954 420.687 0.726124 270.708 326.832 0.755139 260.453 379.199 0.297201 251.186 409.236 0.1 303.893 413.348 0.617095 312.321 459.297 0.376439 307.029 505.804 0.217338 277.317 412.549 0.592359 282.472 459.056 0.268962 277.979 504.421 0.180231 320.065 302.876 0.461687 0 0 0 309.559 300.393 0.669061 0 0 0 0
0 111 70 325.073 309.152 0.304451 292.16 325.883 0.845167 309.365 327.157 0.772923 323.491 380.652 0.720815 351.311 418.935 0.71827 274.757 325.023 0.782308 264.154 376.944 0.240703 256.772 406.702 0.159547 306.286 411.102 0.670059 313.912 458.062 0.418748 307.598 503.923 0.276026 280.436 410.228 0.579628 286.749 456.955 0.377825 284.131 502.61 0.256814 323.848 301.227 0.370101 0 0 0 312.825 298.501 0.704114 289.534 299.348 0.0619256 0
0 111 71 328.852 307.284 0.186554 295.423 323.931 0.856801 312.195 325.413 0.755299 327.399 379.345 0.682323 355.648 417.627 0.718226 278.674 323.063 0.784243 268.069 374.341 0.442436 262.358 404.168 0.188833 308.247 408.923 0.688755 316.078 457.183 0.495434 309.118 502.185 0.394396 283.267 407.409 0.680425 291.527 454.789 0.567019 290.868 501.081 0.462206 327.673 298.974 0.221324 0 0 0 316.305 296.542 0.63065 289.564 295.415 0.0745317 0
0 111 72 332.632 305.416 0.277001 299.116 322.417 0.82903 315.023 324.116 0.759493 331.53 378.471 0.679906 360.202 416.116 0.677242 283.242 321.534 0.736141 271.761 371.947 0.354847 267.944 401.634 0.16268 310.642 407.184 0.702537 319.123 455.45 0.4953 310.863 500.446 0.457098 286.954 405.67 0.70362 295.879 452.836 0.423035 297.169 498.265 0.300997 331.543 297.193 0.344279 0 0 0 320 295.021 0.719043 0 0 0 0
0 111 73 336.311 303.024 0.179088 302.597 321.114 0.909929 318.071 322.819 0.813982 335.221 378.033 0.762678 364.551 415.457 0.722867 287.163 320.443 0.786228 275.255 369.771 0.420573 273.165 399.017 0.294825 313.906 404.791 0.707696 322.384 452.194 0.701068 312.827 496.965 0.629999 290.859 403.501 0.77836 300.665 449.797 0.594003 303.041 495.661 0.548901 335.009 295.237 0.240441 0 0 0 323.046 293.491 0.693449 301.273 291.566 0.0886741 0
0 111 74 339.574 299.99 0.133087 306.091 320.454 0.882206 321.768 321.529 0.785669 338.699 377.166 0.766354 368.24 414.363 0.774542 290.649 320.011 0.780248 280.02 368.467 0.374131 277.615 397.81 0.242169 317.605 403.047 0.693782 324.342 450.24 0.583963 314.788 495.873 0.57986 294.771 401.757 0.703596 303.27 447.614 0.527094 305.212 494.564 0.546543 338.267 293.054 0.164544 0 0 0 325.883 291.753 0.638704 305.167 293.472 0.0886379 0
0 111 75 343.052 298.041 0.143402 310.44 320.436 0.867068 326.756 321.31 0.79227 343.258 376.942 0.76977 372.38 414.131 0.749145 294.55 319.793 0.771497 285.005 367.166 0.313045 281.738 397.361 0.171933 321.521 402.182 0.707864 327.607 448.067 0.563388 317.831 493.479 0.457956 298.903 400.68 0.688598 305.665 446.088 0.541577 307.182 493.264 0.560059 341.54 291.313 0.21053 0 0 0 329.797 290.656 0.741555 314.956 289.51 0.102077 0
0 111 76 346.963 296.087 0.525626 314.994 320.203 0.869923 331.106 321.093 0.762272 347.388 376.077 0.820024 376.731 413.682 0.785611 298.894 319.344 0.764841 288.925 365.431 0.533088 286.518 396.266 0.407349 325.217 401.53 0.725637 330.872 447.849 0.672592 320.658 493.267 0.526302 302.388 400.026 0.774993 308.061 445.653 0.595544 309.567 492.4 0.54496 344.805 289.359 0.545074 0 0 0 333.709 289.79 0.74763 316.444 289.046 0.1 0
0 111 77 350.454 294.573 0.519001 318.7 319.764 0.858914 335.231 320.657 0.781623 350.873 375.208 0.814605 379.773 411.942 0.801385 302.378 318.913 0.732812 292.621 364.119 0.396243 290.434 395.395 0.205056 329.343 400.434 0.664689 334.797 445.894 0.547131 325.448 490.44 0.429611 306.073 398.728 0.694713 310.669 443.914 0.475389 313.478 490.009 0.390628 348.491 288.271 0.549635 0 0 0 337.403 289.138 0.718452 317.932 288.582 0.1 0
0 111 78 353.93 293.488 0.542967 322.389 318.463 0.92088 338.706 319.788 0.797655 354.349 374.551 0.799617 383.465 410.425 0.83912 306.083 317.393 0.829503 296.528 362.593 0.440948 295.215 394.087 0.384984 333.039 398.693 0.739002 340.225 443.704 0.663115 332.186 486.96 0.500878 309.775 396.991 0.724661 315.672 442.17 0.681638 320.432 488.043 0.710941 351.971 287.181 0.565987 0 0 0 341.096 288.046 0.773407 319.42 288.119 0.1 0
0 111 79 357.623 291.758 0.219762 326.088 317.154 0.886059 342.183 319.35 0.790425 357.828 373.255 0.786313 386.96 408.694 0.8154 310.22 315.647 0.810176 301.085 360.648 0.598441 299.945 392.139 0.497667 336.529 397.169 0.716287 346.959 440.875 0.519392 338.066 483.482 0.548126 314.331 394.826 0.750923 321.963 440.438 0.674835 326.52 486.082 0.758644 355.457 285.88 0.265726 0 0 0 344.573 286.96 0.636599 320.908 287.655 0.105594 0
0 111 80 361.1 290.467 0.280143 329.993 315.637 0.889598 345.014 318.271 0.798373 360.654 371.943 0.762085 389.796 406.52 0.782829 314.562 313.912 0.82549 304.992 359.337 0.602962 303.979 389.754 0.524889 340.015 395.436 0.733081 351.749 438.92 0.642376 343.502 481.092 0.560633 318.46 393.516 0.81632 327.179 440.214 0.687268 331.953 484.78 0.542675 358.717 285.644 0.315929 0 0 0 347.627 286.52 0.69551 324.744 285.681 0.0905538 0
0 111 81 364.357 289.164 0.324473 333.475 314.763 0.891502 348.275 317.613 0.81467 363.908 370.644 0.792269 393.057 404.779 0.741454 318.248 312.613 0.783633 308.486 359.122 0.539201 307.302 387.146 0.436622 344.802 395.646 0.646921 357.179 440.002 0.594947 349.363 481.526 0.490678 322.171 393.509 0.715377 331.963 441.3 0.566092 336.298 486.508 0.531205 361.97 284.985 0.344233 0 0 0 350.893 285.645 0.686286 328.68 285.671 0.0739654 0
0 111 82 367.625 288.726 0.265678 337.169 312.814 0.854302 352.178 315.862 0.743415 366.952 368.688 0.729804 395.881 402.609 0.749438 321.939 310.659 0.813862 311.96 356.081 0.213737 310.787 384.113 0.118379 348.288 393.034 0.673947 362.399 436.297 0.548583 355.657 477.61 0.309892 325.442 390.89 0.733135 336.086 438.041 0.676275 340.655 483.027 0.665605 365.454 284.324 0.321805 0 0 0 354.802 284.559 0.675652 334.562 283.691 0.0792189 0
0 111 83 370.89 288.716 0.428274 340.65 311.088 0.798834 355.66 314.552 0.741807 370.195 367.159 0.74627 398.925 400.663 0.740323 325.422 309.127 0.718914 314.361 353.473 0.103413 314.922 380.654 0.1 351.545 390.867 0.657073 367.832 433.029 0.464242 360.874 474.779 0.25989 328.493 388.93 0.666677 340.425 435.011 0.595962 344.353 479.546 0.658142 368.935 284.109 0.499359 0 0 0 359.359 284.116 0.70261 0 0 0 0
0 111 84 373.937 288.495 0.240721 343.476 309.131 0.764841 357.839 312.378 0.643931 373.028 358.899 0.544291 398.056 386.753 0.551298 328.902 307.381 0.702298 316.979 351.293 0.106706 319.258 376.965 0.1 354.8 387.171 0.64151 371.745 430.2 0.355139 365.873 472.822 0.231962 331.318 385.881 0.602538 343.689 431.968 0.41925 347.832 476.493 0.215006 372.406 283.459 0.317817 0 0 0 361.974 283.255 0.682804 344.362 283.66 0.0770487 0
0 111 85 377.417 288.702 0.247253 346.956 307.395 0.748315 360.881 310.85 0.667568 375.431 357.37 0.650182 400.46 385.013 0.694645 332.812 305.428 0.693542 320.24 349.551 0.176661 323.059 373.498 0.1 357.831 385.433 0.642333 376.097 427.373 0.484311 372.607 470.642 0.201799 334.356 384.136 0.624981 347.174 429.578 0.467825 350.87 473.007 0.157736 376.53 283.891 0.310938 0 0 0 365.67 282.82 0.660984 348.199 281.743 0.0664214 0
0 111 86 381.103 288.703 0.174912 350.429 306.305 0.920147 363.931 309.769 0.796207 378.472 356.937 0.645522 403.507 384.354 0.63583 336.715 304.123 0.809493 323.709 349.115 0.553453 326.115 371.548 0.518794 361.308 385.435 0.650937 382.827 424.112 0.583855 378.473 469.124 0.682264 337.629 383.914 0.686225 350.432 428.926 0.665405 352.835 471.056 0.580597 380.015 284.103 0.209244 0 0 0 369.152 282.601 0.647006 350.197 274.637 0.132108 0
0 111 87 384.591 288.7 0.121388 353.914 305.652 0.891686 367.406 308.905 0.754458 381.511 355.422 0.729955 405.476 382.611 0.657064 340.416 303.255 0.808936 327.508 348.469 0.480605 328.881 369.367 0.389011 364.787 385.225 0.649124 385.868 423.035 0.578295 381.733 468.697 0.695645 340.901 383.685 0.691835 353.035 428.055 0.59439 353.497 469.542 0.610507 383.702 283.893 0.155859 0 0 0 372.846 282.384 0.641641 354.458 274.713 0.173738 0
0 111 88 388.061 288.486 0.178919 357.824 304.998 0.830402 371.312 307.602 0.663912 384.549 354.334 0.619585 408.286 381.517 0.492691 344.112 302.822 0.768475 330.984 347.596 0.193633 331.647 367.186 0.149325 368.468 385.012 0.67014 392.61 421.736 0.384471 387.819 470.212 0.281115 343.511 383.249 0.651499 353.485 426.532 0.596239 353.933 468.022 0.543292 387.177 283.239 0.185546 0 0 0 376.979 281.952 0.569274 358.719 274.788 0.1 0
0 111 89 391.971 288.256 0.149148 361.962 304.766 0.834596 376.084 306.951 0.709621 388.032 353.26 0.71932 411.547 380.649 0.67813 348.031 301.953 0.761071 334.725 346.468 0.160478 334.414 365.005 0.1 373.029 386.091 0.675771 401.078 419.349 0.367709 393.258 469.992 0.252345 346.769 382.602 0.639098 353.925 423.047 0.353728 354.583 465.419 0.439276 391.302 282.38 0.196458 0 0 0 381.112 281.3 0.647648 362.981 274.863 0.117612 0
0 111 90 395.667 288.049 0.333993 366.089 303.684 0.816645 380.444 306.083 0.671499 391.079 352.387 0.602588 414.153 379.987 0.582998 351.956 300.866 0.707631 338.932 344.644 0.299501 337.18 362.824 0.157487 375.201 384.571 0.471705 404.781 415.22 0.284826 397.602 466.516 0.225861 349.804 380.863 0.539433 355.222 419.354 0.283564 354.371 460.418 0.405469 395.21 282.17 0.35108 0 0 0 385.453 281.297 0.628547 367.242 274.939 0.1 0
0 111 91 399.727 288.055 0.264675 370.005 303.905 0.866885 384.146 306.955 0.766495 394.783 352.608 0.659032 417.626 379.775 0.674358 355.876 301.076 0.750563 343.618 345.608 0.1 0 0 0 378.89 385.88 0.6191 410.649 415 0.432208 401.511 467.17 0.442914 353.275 381.519 0.662869 356.751 419.784 0.50691 355.009 460.633 0.54082 399.262 282.463 0.328858 0 0 0 390.225 281.736 0.692882 371.155 275.154 0.1 0
0 111 92 404.356 287.85 0.139802 374.78 304.33 0.825764 389.123 308.04 0.704719 398.499 353.049 0.685768 421.315 379.553 0.700712 360.649 300.865 0.761422 348.573 346.095 0.109513 0 0 0 383.885 387.621 0.621616 417.605 414.568 0.613089 406.727 465.871 0.693278 357.836 383.259 0.639871 356.765 424.78 0.440008 361.966 460.859 0.571973 403.88 282.394 0.191759 0 0 0 394.349 282.171 0.644966 375.498 275.585 0.131967 0
0 111 93 409.568 287.639 0.110124 379.568 304.771 0.796735 394.13 309.559 0.673485 402.624 360.001 0.444463 428.489 391.514 0.402487 365.223 300.875 0.688324 353.355 346.757 0.1 0 0 0 388.239 390.66 0.441275 411.516 417.396 0.427135 411.186 465.547 0.466236 362.178 386.077 0.439107 357.632 429.562 0.305424 369.343 460.868 0.436775 408.87 282.822 0.153881 0 0 0 399.564 282.6 0.636396 379.745 275.9 0.138515 0
0 111 94 413.584 287.652 0.137379 383.499 304.776 0.885889 398.493 309.787 0.779485 407.181 360.225 0.658759 432.173 391.733 0.710955 369.143 300.437 0.771914 358.177 347.028 0.1 0 0 0 393.248 391.961 0.643752 419.126 416.519 0.438502 414.013 464.025 0.486274 366.311 386.518 0.670242 358.717 431.946 0.487794 375.87 460.879 0.56526 412.887 282.928 0.181109 0 0 0 404.134 282.817 0.680966 383.467 275.895 0.150556 0
0 111 95 417.059 288.084 0.1 387.632 304.348 0.829553 402.626 309.788 0.711557 411.306 360.003 0.72787 435.654 391.941 0.679694 373.07 299.14 0.784149 363 347.299 0.1 0 0 0 397.821 392.61 0.625248 424.777 418.472 0.539719 416.189 464.466 0.645348 371.516 386.738 0.654419 363.065 430.419 0.44615 377.388 459.349 0.557676 416.581 283.358 0.1 0 0 0 408.904 282.606 0.636501 387.326 275.813 0.192919 0
0 111 96 420.754 288.507 0.1 392.191 304.133 0.83285 406.978 309.78 0.723421 415.012 359.79 0.606789 439.776 391.941 0.477067 377.626 298.493 0.772078 367.822 347.569 0.1 0 0 0 402.6 392.825 0.576558 432.179 418.472 0.274398 420.095 465.113 0.211933 376.722 386.955 0.624693 370.021 431.077 0.425828 383.912 459.132 0.527537 420.29 283.786 0.1 0 0 0 413.462 282.603 0.575323 391.745 275.458 0.306525 0
0 111 97 425.322 288.488 0.14164 396.529 303.688 0.82597 411.535 309.35 0.691264 419.144 359.138 0.589432 443.702 392.373 0.532331 381.753 297.404 0.717467 372.645 347.84 0.26195 0 0 0 407.39 391.952 0.515984 434.576 419.125 0.183822 422.055 464.029 0.1 381.724 386.298 0.65095 378.484 431.943 0.583358 390.432 457.389 0.62151 425.065 283.568 0.183951 0 0 0 417.37 282.168 0.631524 396.089 274.886 0.169952 0
0 111 98 429.022 288.272 0.1 400.008 302.173 0.876555 414.589 307.821 0.744773 423.268 352.178 0.712881 444.999 380.197 0.7424 385.238 296.538 0.787067 0 0 0 0 0 0 411.304 388.261 0.599369 436.535 417.385 0.411131 423.351 460.557 0.540347 386.293 384.34 0.576316 385.213 431.299 0.352817 395.869 456.295 0.155231 428.989 282.926 0.1 0 0 0 420.845 281.508 0.611574 399.781 274.371 0.303064 0
0 111 99 432.715 287.397 0.14318 403.701 300.639 0.827335 418.286 305.865 0.734457 426.964 351.3 0.748351 448.697 378.9 0.7371 388.719 295.233 0.775776 408.892 287.62 0.0758688 0 0 0 416.085 385.868 0.652338 442.835 416.078 0.663279 427.707 459.473 0.697969 390.429 382.165 0.556309 390.878 429.773 0.142451 402.82 454.78 0.352359 432.693 281.832 0.174779 0 0 0 424.762 280.202 0.669925 403.484 273.503 0.183577 0
0 111 100 436.055 286.299 0.127842 406.971 299.329 0.833903 421.551 304.349 0.722395 430.658 349.785 0.734367 452.612 378.029 0.730893 392.629 293.724 0.760862 408.911 287.598 0.0779856 0 0 0 419.789 384.561 0.635266 447.185 416.736 0.622746 430.762 459.473 0.569697 395.208 380.862 0.672091 398.277 429.991 0.304226 411.736 455.002 0.263371 435.831 280.458 0.154274 0 0 0 427.814 278.893 0.648137 407.459 272.184 0.195303 0
0 111 101 439.673 284.777 0.156707 410.233 297.165 0.830249 423.957 301.742 0.742929 433.914 348.043 0.558776 456.092 376.94 0.511992 396.319 291.77 0.790795 414.789 287.654 0.0591508 0 0 0 422.832 382.599 0.57867 450.884 416.518 0.402714 433.804 460.774 0.3931 399.114 378.47 0.531914 406.097 423.248 0.205797 412.824 452.825 0.193799 439.028 279.007 0.208667 0 0 0 431.292 276.939 0.670024 411.435 270.865 0.1 0
0 111 102 443.139 283.461 0.254742 413.488 295.209 0.793996 426.346 298.92 0.645249 437.83 339.568 0.530196 456.097 363.675 0.444993 399.791 290.029 0.753193 0 0 0 0 0 0 426.749 379.994 0.650245 467.188 414.56 0.226553 435.648 460.234 0.202607 402.811 375.429 0.605422 412.181 416.292 0.382743 410.872 451.301 0.284109 442.513 277.483 0.272047 0 0 0 434.542 275.205 0.590656 415.411 269.546 0.1 0
0 111 103 446.737 281.714 0.174627 416.957 293.697 0.891632 429.6 297.39 0.752993 440.872 338.47 0.611774 459.352 361.505 0.671329 403.267 289.379 0.782931 396.273 337.273 0.322094 385.12 365.538 0.249688 429.79 377.387 0.720797 466.317 414.785 0.456287 437.383 460.232 0.390389 406.513 373.471 0.679581 418.92 412.17 0.568946 411.307 449.989 0.490497 446.1 275.639 0.225544 0 0 0 437.369 273.677 0.692929 419.387 268.228 0.109141 0
0 111 104 450.228 280.193 0.227816 420.01 292.18 0.805089 432.412 295.435 0.768056 444.132 330.424 0.7412 460.426 348.037 0.734965 407.177 288.929 0.717651 399.212 336.006 0.101341 390.032 364.446 0.1 433.035 374.13 0.687895 464.584 414.132 0.566459 439.559 459.352 0.487399 410.001 371.074 0.594828 423.488 411.737 0.292584 418.915 450.434 0.255806 449.586 273.909 0.301065 0 0 0 439.985 272.369 0.685811 0 0 0 0
0 111 105 453.914 278.47 0.125917 423.268 290.888 0.831777 435.242 294.354 0.696866 447.605 329.761 0.662901 463.474 346.953 0.563147 410.444 288.49 0.735247 402.152 334.739 0.1 394.944 363.354 0.1 435.437 371.953 0.591472 462.841 413.046 0.532815 440.002 456.959 0.542016 413.254 369.113 0.56955 424.348 408.689 0.254648 420.207 448.702 0.255553 453.061 272.815 0.182264 0 0 0 443.247 271.705 0.650449 426.548 264.097 0.0923484 0
0 111 106 457.384 276.752 0.129668 426.751 290.026 0.80102 438.729 293.265 0.704724 450.657 328.458 0.591043 466.932 345.424 0.382627 413.917 288.495 0.72983 405.091 333.473 0.1 399.856 362.262 0.1 438.043 369.997 0.592091 462.181 411.519 0.281031 440.872 453.915 0.335748 416.524 367.807 0.603208 424.581 406.083 0.284588 421.511 448.706 0.345658 456.531 271.94 0.171272 0 0 0 446.734 270.835 0.597313 0 0 0 0
0 111 107 460.863 275.241 0.290386 430.438 290.032 0.880032 442.857 293.269 0.750944 454.137 333.455 0.703551 472.795 356.297 0.742286 417.381 288.715 0.793218 408.03 332.206 0.245663 404.768 361.169 0.258791 441.309 369.78 0.65762 462.184 411.953 0.664834 446.303 453.257 0.624272 419.786 367.59 0.698918 426.983 405.43 0.442357 423.906 448.059 0.439173 460 271.488 0.344397 0 0 0 450.641 270.193 0.706288 430.364 266.094 0.0647953 0
0 111 108 464.345 274.58 0.279611 433.709 290.029 0.826126 446.333 293.058 0.708688 458.047 332.382 0.468873 476.283 356.286 0.339847 420.647 288.72 0.691245 411.725 331.336 0.1 409.68 360.077 0.1 444.785 369.775 0.718461 461.091 411.083 0.585751 448.476 450.427 0.487875 423.91 367.799 0.694454 430.028 404.351 0.428113 426.085 447.182 0.304517 463.478 271.053 0.328789 0 0 0 453.9 269.759 0.672938 0 0 0 0
0 111 109 467.605 274.156 0.222519 437.179 289.589 0.847797 449.814 291.97 0.674775 461.305 330.86 0.62344 478.9 354.766 0.595915 423.687 288.707 0.741608 415.857 330.889 0.1 414.592 358.985 0.1 448.255 369.123 0.727446 459.135 412.609 0.578818 444.124 448.038 0.476313 427.611 367.37 0.747868 431.765 405 0.61521 424.345 445.448 0.603747 466.948 270.832 0.269016 0 0 0 456.951 269.108 0.660805 440.205 266.106 0.090191 0
0 111 110 470.226 274.151 0.175573 440.22 289.152 0.924052 452.86 291.308 0.80085 464.34 328.907 0.703187 480.865 352.165 0.688466 426.956 288.488 0.756009 419.413 329.574 0.377291 419.504 357.893 0.33917 451.084 366.729 0.723605 457.831 411.514 0.522551 444.774 444.562 0.374247 431.089 365.201 0.764836 434.806 404.574 0.760026 427.821 444.368 0.815526 469.995 270.621 0.215305 0 0 0 459.784 268.244 0.723516 443.99 264.151 0.139442 0
0 111 111 473.495 273.501 0.178293 443.919 288.501 0.953457 457.412 291.084 0.806275 465.865 332.172 0.730365 485.846 360.21 0.78229 430.644 287.4 0.833305 422.393 327.393 0.375462 424.416 356.8 0.269404 454.122 364.126 0.719105 457.824 407.819 0.672598 447.82 442.163 0.437494 434.789 363.035 0.745784 439.802 403.921 0.709824 434.125 442.19 0.845609 473.255 269.54 0.223779 0 0 0 463.273 267.16 0.712405 444.166 264.164 0.14492 0
0 111 112 476.75 272.637 0.287784 447.391 288.061 0.919127 460.887 290.649 0.78964 469.123 330.442 0.667671 488.888 358.69 0.697801 433.92 286.533 0.799916 430.003 320.655 0.174831 426.555 361.902 0.0994124 458.252 362.393 0.682581 464.557 404.343 0.399006 453.908 438.257 0.33197 438.699 361.735 0.674148 443.5 402.39 0.540796 439.354 440.013 0.464488 476.516 268.456 0.332874 0 0 0 466.325 266.081 0.712403 0 0 0 0
0 111 113 480.225 271.546 0.287075 450.868 287.621 0.876495 464.595 290.434 0.773004 471.526 335.227 0.672855 494.327 368.032 0.686361 436.961 285.89 0.769153 436.194 316.001 0.114211 0 0 0 462.17 361.31 0.731002 473.255 401.304 0.591776 461.29 436.739 0.411477 442.174 360.649 0.701669 446.761 400.653 0.443951 442.834 436.536 0.214589 479.986 267.147 0.331076 0 0 0 470.014 264.777 0.694827 0 0 0 0
0 111 114 483.707 271.103 0.305683 453.697 287.17 0.825837 467.641 289.774 0.814325 473.493 334.133 0.604651 497.371 366.072 0.604288 440.431 285.02 0.743805 442.386 311.347 0.1 0 0 0 466.073 360.873 0.711229 482.163 398.69 0.586934 468.679 434.785 0.527715 445.658 359.79 0.716045 450.682 398.7 0.693752 447.837 433.051 0.595195 483.253 266.067 0.352668 0 0 0 472.63 263.268 0.669183 0 0 0 0
0 111 115 487.183 270.444 0.171657 456.748 286.083 0.853011 469.819 289.121 0.796375 476.748 333.257 0.369683 500.208 364.549 0.259042 443.921 283.493 0.808586 448.577 306.692 0.109261 0 0 0 469.129 360.217 0.675682 490.21 396.09 0.551797 475.849 433.915 0.561221 449.34 358.706 0.691706 455.673 398.263 0.560761 453.059 430.007 0.502003 486.302 264.774 0.213143 0 0 0 475.667 261.969 0.648291 0 0 0 0
0 111 116 490.66 269.357 0.293001 460.016 285.423 0.893711 473.072 288.688 0.808033 479.795 332.818 0.537326 503.692 363.466 0.339115 447.404 282.181 0.744055 454.769 302.038 0.121911 0 0 0 471.734 359.351 0.646493 497.161 393.697 0.379883 478.033 432.174 0.273875 452.596 357.62 0.661477 459.801 396.739 0.57148 456.971 427.83 0.618757 489.567 263.481 0.347327 0 0 0 478.714 260.878 0.711985 0 0 0 0
0 111 117 494.143 268.063 0.255043 463.498 284.779 0.85519 476.544 288.472 0.809503 482.838 332.167 0.589622 507.16 362.392 0.582655 451.092 281.092 0.782417 451.99 318.943 0.0919666 0 0 0 475.206 358.922 0.708507 503.691 391.965 0.781343 480.648 431.084 0.666996 455.208 356.76 0.737895 462.404 394.995 0.41026 461.097 425.66 0.590739 493.041 262.178 0.315652 0 0 0 481.764 259.789 0.727211 0 0 0 0
0 111 118 497.619 267.188 0.469656 466.973 284.558 0.819813 480.029 288.26 0.806422 485.889 330.857 0.51696 509.328 360.218 0.401481 454.351 280.661 0.716278 463.685 320.89 0.0840884 502.837 338.526 0.0511143 478.687 356.75 0.605103 510.425 386.526 0.4155 492.176 427.823 0.275258 458.029 355.022 0.654599 464.135 389.563 0.192828 465.445 421.964 0.355677 496.509 260.885 0.491451 0 0 0 484.811 258.929 0.72324 0 0 0 0
0 111 119 501.093 266.31 0.392561 471.107 283.685 0.786157 484.373 287.831 0.777169 489.588 329.988 0.655847 513.241 359.784 0.437494 458.045 279.796 0.716116 481.39 271.894 0.0695118 0 0 0 482.381 356.757 0.597359 518.256 384.787 0.335339 498.695 426.739 0.243146 461.074 354.806 0.604001 466.308 386.513 0.217782 465.881 419.354 0.171862 499.988 259.575 0.448553 0 0 0 488.725 258.275 0.76466 0 0 0 0
0 111 120 504.789 265.219 0.259885 474.793 283.247 0.874671 487.86 287.829 0.83429 493.496 331.508 0.731331 518.245 361.738 0.675897 461.536 279.365 0.80936 453.94 316.93 0.0751449 0 0 0 484.997 357.184 0.600514 525.001 384.132 0.336221 503.26 425.221 0.315946 464.11 355.013 0.690857 468.267 384.998 0.470444 466.749 417.842 0.479291 503.473 259.129 0.31808 0 0 0 492.415 258.048 0.728434 475.345 256.221 0.0701687 0
0 111 121 508.268 264.785 0.445208 478.284 283.452 0.853485 491.552 287.825 0.830301 496.975 331.287 0.700796 521.954 361.948 0.583782 465.219 279.79 0.793196 461.773 318.893 0.0935659 0 0 0 488.04 357.396 0.582193 527.832 384.346 0.255563 505.874 424.138 0.235206 466.943 354.585 0.62022 469.783 383.695 0.313295 466.958 416.335 0.377247 506.947 258.91 0.497178 0 0 0 496.102 257.838 0.753694 0 0 0 0
0 111 122 511.732 264.792 0.444349 482.194 283.875 0.874767 495.249 287.83 0.826416 501.526 331.499 0.611385 525.874 363.039 0.277925 469.564 280.22 0.827428 457.701 329.432 0.104513 0 0 0 491.074 356.742 0.661255 529.998 384.346 0.321913 507.614 422.177 0.354756 469.768 353.933 0.676176 470.65 382.387 0.445965 466.735 415.896 0.579346 510.216 258.914 0.487862 0 0 0 499.798 257.85 0.723957 0 0 0 0
0 111 123 515.002 265 0.144228 486.965 283.665 0.745127 499.593 287.62 0.655697 506.51 330.855 0.494902 529.788 363.473 0.228747 473.699 280 0.629628 465.125 320.283 0.1 0 0 0 494.551 355.439 0.475921 533.257 384.129 0.474532 510.224 421.085 0.380823 473.239 352.841 0.476844 471.954 380.858 0.157091 465.871 415.679 0.344616 513.695 258.915 0.194848 0 0 0 504.35 258.066 0.669815 486.432 255.925 0.130245 0
0 111 124 518.49 265.643 0.175039 491.098 284.093 0.875129 504.364 287.84 0.85571 509.986 330.85 0.743241 533.051 362.831 0.536198 478.044 279.787 0.846775 472.55 311.133 0.1 0 0 0 498.456 355.007 0.678574 534.125 386.946 0.326284 510.224 418.688 0.367848 476.726 352.404 0.679603 473.684 377.812 0.264699 464.566 413.072 0.36638 517.394 259.78 0.234102 0 0 0 508.27 258.927 0.717366 490.83 255.988 0.135367 0
0 111 125 521.981 266.502 0.142215 495.228 284.088 0.85591 508.063 288.051 0.810344 513.254 330.42 0.576555 536.314 362.386 0.389117 483.04 279.569 0.736283 479.974 301.984 0.110561 0 0 0 503.025 354.356 0.536416 538.908 386.952 0.193718 513.269 417.611 0.212685 481.076 351.967 0.616364 474.775 376.729 0.338443 464.353 410.241 0.477409 521.085 260.214 0.184868 0 0 0 511.963 259.143 0.593133 495.228 256.05 0.108476 0
0 111 126 525.244 267.364 0.15302 499.997 283.87 0.801889 511.761 288.26 0.812497 517.385 330.197 0.692874 540.015 362.6 0.492222 488.043 279.13 0.699838 487.398 292.835 0.108456 0 0 0 506.727 352.832 0.580964 543.253 387.6 0.197085 516.086 416.305 0.245284 485.858 350.23 0.60813 479.121 374.994 0.304085 463.701 406.331 0.432191 524.353 260.652 0.195638 0 0 0 516.089 259.373 0.581933 499.627 256.113 0.1 0
0 111 127 530.015 266.708 0.168067 504.793 282.367 0.840892 516.316 287.601 0.78403 521.295 329.758 0.76314 544.797 359.443 0.620457 493.485 277.612 0.772045 494.362 287.617 0.1 0 0 0 511.299 351.308 0.675488 549.333 387.817 0.712038 518.255 416.306 0.570041 490.426 348.92 0.675011 485.43 373.915 0.451521 469.787 405.024 0.512318 528.491 260.431 0.209095 0 0 0 520.65 259.363 0.632784 504.025 256.175 0.1 0
0 111 128 534.58 266.062 0.208314 508.919 281.712 0.86164 520.228 286.518 0.791212 526.504 324.107 0.729954 547.838 350.083 0.702581 498.693 276.521 0.764688 500.521 279.421 0.153093 0 0 0 516.078 348.701 0.66209 552.593 387.602 0.395636 519.784 416.303 0.301804 495.641 346.966 0.672852 491.509 373.919 0.314299 476.093 405.239 0.333817 533.048 260.429 0.236015 0 0 0 524.34 259.356 0.645596 507.951 256.135 0.154658 0
0 111 129 538.274 266.718 0.299309 513.487 281.063 0.787302 523.932 285.869 0.781851 531.281 317.373 0.68296 550.124 343.125 0.556154 503.686 276.293 0.713769 506.324 272.608 0.124734 0 0 0 521.515 346.97 0.685628 556.731 387.612 0.695139 523.039 417.395 0.637808 501.078 345.883 0.642479 497.379 374.344 0.339338 482.622 404.363 0.34351 536.956 260.655 0.336968 0 0 0 528.255 259.367 0.669559 512.29 255.955 0.1 0
0 111 130 542.18 266.504 0.149462 518.264 279.548 0.746724 527.846 285.433 0.730184 535.196 316.285 0.643609 552.289 339.651 0.545284 508.694 274.344 0.688391 511.559 264.561 0.214428 0 0 0 526.516 345.444 0.551646 561.516 387.174 0.217862 525.864 418.69 0.244029 506.502 344.788 0.567906 503.466 373.481 0.270964 489.364 403.915 0.194148 540.67 260.656 0.184059 0 0 0 532.822 259.149 0.52268 517.072 255.214 0.143854 0
0 111 131 546.751 265.635 0.468487 522.827 278.045 0.819742 532.623 285.2 0.659386 538.687 314.99 0.310765 554.676 336.388 0.1 512.825 272.822 0.736064 516.999 256.083 0.121367 0 0 0 531.527 345.22 0.671758 565.649 386.738 0.666593 528.696 418.696 0.371371 511.078 344.567 0.658516 510.209 372.83 0.319209 496.753 403.697 0.333424 545.229 260.433 0.504541 0 0 0 536.957 258.928 0.683407 521.641 254.412 0.1 0
0 111 132 551.523 264.126 0.434913 526.542 276.523 0.815162 536.974 283.678 0.65843 543.688 309.34 0.290472 557.705 325.949 0.383915 516.954 271.087 0.68086 522.208 251.304 0.248172 542.417 254.77 0.240982 536.304 343.7 0.746292 568.905 386.086 0.567052 531.737 419.349 0.308338 515.437 343.266 0.689511 517.164 373.921 0.557068 504.578 404.351 0.477255 550.211 259.773 0.453477 0 0 0 540.879 258.483 0.64022 525.78 253.571 0.1 0
0 111 133 555.429 262.62 0.268033 530.453 274.996 0.739061 540.678 281.939 0.618602 547.392 307.597 0.270579 560.095 321.601 0.1 521.084 269.996 0.689969 526.126 250.216 0.190091 544.268 252.384 0.12059 540.861 341.736 0.682234 571.305 381.74 0.66372 537.381 419.573 0.490377 519.997 341.533 0.681555 522.603 374.141 0.388069 512.83 406.308 0.309654 554.336 258.68 0.297652 0 0 0 545.433 257.396 0.589116 529.488 252.69 0.1 0
0 111 134 559.109 261.328 0.320203 534.792 273.688 0.828074 544.384 280.423 0.716277 551.292 306.08 0.472387 562.052 317.476 0.124154 524.78 268.689 0.707016 527.658 246.736 0.470489 546.12 249.999 0.219682 544.56 340.206 0.702679 573.261 380.219 0.743888 541.29 419.785 0.668383 524.129 340.009 0.698389 529.345 374.351 0.415691 521.308 408.052 0.497686 558.035 258.022 0.378246 0 0 0 550.217 256.745 0.716176 533.726 251.174 0.1 0
0 111 135 563.018 260.033 0.290511 538.7 272.38 0.871344 548.728 278.682 0.74643 554.997 300.429 0.472726 563.935 312.258 0.111896 528.69 267.383 0.789922 531.566 246.511 0.352762 547.971 247.613 0.159734 548.048 338.47 0.716922 573.045 378.48 0.654073 544.769 420.225 0.598432 527.834 338.703 0.701059 533.052 374.565 0.438677 529.352 411.095 0.543503 561.957 257.15 0.345651 0 0 0 554.561 256.079 0.684619 537.851 249.669 0.13055 0
0 111 136 566.71 260.254 0.315323 542.395 272.148 0.858052 552.642 278.029 0.762837 558.476 299.778 0.34952 566.618 312.373 0.397267 532.594 266.511 0.751257 534.171 243.471 0.175235 549.822 245.227 0.122105 551.089 337.827 0.784371 572.841 377.829 0.671631 548.025 420.869 0.652832 531.311 338.049 0.728309 536.528 375.425 0.669302 532.175 412.62 0.579921 566.295 257.36 0.344242 0 0 0 558.689 255.858 0.723622 541.564 248.509 0.1 0
0 111 137 570.614 260.475 0.253977 545.876 272.154 0.840654 556.546 278.243 0.790019 560.881 304.553 0.455988 570.102 317.819 0.164383 535.859 266.724 0.773726 537.437 243.468 0.153145 550.679 241.746 0.1 554.352 338.037 0.759451 573.277 377.831 0.541502 550.419 420.656 0.659431 534.146 337.834 0.731572 539.362 376.071 0.687751 531.963 412.835 0.594376 570.001 257.372 0.279833 0 0 0 562.393 255.859 0.67424 545.268 247.8 0.140447 0
0 111 138 574.087 260.685 0.130523 549.355 271.942 0.85167 560.023 277.593 0.760902 563.502 308.469 0.527074 573.264 320.001 0.195932 539.337 266.511 0.774328 539.612 248.905 0.352231 554.583 241.31 0.178596 557.383 337.594 0.729533 572.842 376.96 0.589881 553.464 419.353 0.682707 537.413 336.96 0.769647 542.41 374.772 0.732996 534.348 413.054 0.676974 573.474 257.162 0.171721 0 0 0 566.521 255.633 0.684072 548.962 247.541 0.26891 0
0 111 139 577.575 260.893 0.145446 553.049 271.945 0.824214 563.936 276.942 0.708265 566.974 307.6 0.278223 576.307 320.008 0.1 543.026 266.939 0.724295 542.535 252.382 0.151309 557.403 241.308 0.1 559.987 336.731 0.720539 571.972 376.315 0.498055 554.987 417.835 0.539735 540.68 336.083 0.67519 545.452 373.901 0.61605 536.084 413.05 0.423396 577.16 257.153 0.158952 0 0 0 570.214 255.626 0.595875 552.655 247.199 0.172596 0
0 111 140 581.056 260.677 0.251053 556.75 271.725 0.850473 567.628 276.08 0.710607 570.666 305.642 0.260259 579.46 318.924 0.1 546.944 266.51 0.691773 546.001 252.378 0.244793 559.142 240.655 0.151711 562.383 335.202 0.683832 571.099 375.66 0.471429 556.073 416.748 0.504072 544.586 334.345 0.681915 548.493 373.245 0.498796 537.17 412.831 0.415227 580.425 256.943 0.273082 0 0 0 573.913 255.618 0.676381 556.348 246.774 0.163236 0
0 111 141 584.534 261.754 0.400991 560.442 272.16 0.876641 571.322 276.945 0.751979 573.279 309.335 0.549325 582.727 325.015 0.23881 550.421 267.381 0.732752 547.751 258.243 0.276747 562.076 240.648 0.155387 565.861 335.197 0.709882 571.104 375.878 0.488681 559.119 415.452 0.495834 548.709 334.335 0.707447 551.757 372.375 0.600615 539.349 412.175 0.419923 583.905 257.172 0.434518 0 0 0 577.827 255.633 0.724226 559.827 247.1 0.1 0
0 111 142 588.02 262.287 0.148375 564.784 272.177 0.816568 575.446 277.595 0.742446 577.838 310.43 0.568767 588.392 328.714 0.183951 554.126 267.596 0.775146 550.995 257.587 0.106261 564.794 240.649 0.1 569.343 335.854 0.707629 574.352 376.971 0.521759 562.595 414.804 0.456611 552.408 334.769 0.693574 555.237 372.806 0.475813 542.83 411.735 0.293304 587.39 257.288 0.167006 0 0 0 581.75 255.841 0.544241 564.385 246.463 0.130385 0
0 111 143 591.726 262.287 0.206481 568.486 272.192 0.877488 579.782 278.028 0.733142 582.188 310.646 0.456818 593.604 330.239 0.175504 557.828 268.028 0.788434 554.468 257.587 0.1 568.485 240.656 0.1 573.251 335.863 0.772057 577.827 376.752 0.698917 566.512 414.357 0.61604 556.322 334.771 0.738024 558.928 371.944 0.623179 546.297 410.86 0.585622 591.088 257.29 0.259153 0 0 0 585.447 256.052 0.641543 568.083 246.468 0.1 0
0 111 144 596.068 262.271 0.13 571.985 272.2 0.855867 583.902 278.034 0.71461 585.65 314.769 0.296001 598.455 331.763 0.1 561.525 268.033 0.715522 557.733 257.362 0.203321 571.855 239.353 0.142539 577.81 335.858 0.725921 584.127 375.23 0.570252 571.295 412.831 0.538004 560.444 334.768 0.637746 563.05 371.716 0.538669 550.003 409.332 0.491609 595.426 257.495 0.159502 0 0 0 589.149 256.06 0.560992 571.58 246.47 0.141721 0
0 111 145 599.547 262.048 0.100405 575.887 271.982 0.86088 587.598 277.815 0.77139 589.343 308.468 0.492187 602.616 332.633 0.193772 565.438 267.814 0.769954 561.429 257.35 0.139572 575.333 239.137 0.1 582.148 334.983 0.695346 589.335 373.058 0.515191 576.511 410.877 0.487741 565.002 333.897 0.671404 566.74 370.416 0.559222 554.57 407.37 0.430818 598.905 257.283 0.123623 0 0 0 593.059 256.061 0.542278 575.26 246.682 0.185242 0
0 111 146 602.823 261.613 0.1 580.013 271.97 0.885155 591.313 277.385 0.758244 593.039 307.599 0.739727 606.089 332.848 0.765424 568.917 267.598 0.738504 564.903 257.352 0.457491 578.166 239.13 0.260035 586.064 334.116 0.677648 594.553 370.672 0.476543 583.248 409.352 0.521711 569.132 333.456 0.717133 570.866 369.33 0.58501 562.604 405.847 0.422565 602.587 257.057 0.1 0 0 0 597.612 256.055 0.732173 578.725 246.568 0.337882 0
0 111 147 606.449 260.538 0.15676 583.924 271.749 0.890202 595.866 277.172 0.760377 597.379 307.158 0.639181 610.21 332.803 0.557321 572.617 266.944 0.724072 569.473 250.392 0.397373 581.643 239.13 0.157373 589.77 333.252 0.705738 599.761 369.362 0.469147 587.82 407.823 0.554313 572.818 332.809 0.71418 574.343 369.111 0.622903 567.606 404.539 0.516948 606.373 256.831 0.216587 0 0 0 601.31 256.058 0.79378 582.63 245.714 0.256383 0
0 111 148 610.19 260.113 0.200228 587.408 271.313 0.888589 599.778 276.314 0.82134 601.518 306.07 0.498966 614.775 331.408 0.496233 576.091 266.294 0.725476 573.491 247.128 0.498642 584.908 239.126 0.310069 593.904 332.379 0.738337 605.845 367.188 0.527973 594.552 406.297 0.646464 576.294 331.949 0.683836 577.836 368.901 0.741384 573.046 403.244 0.594223 610.243 256.618 0.233055 0 0 0 604.796 255.843 0.73862 586.311 245.072 0.238868 0
0 111 149 613.415 260.115 0.225364 590.879 271.086 0.806107 603.261 275.664 0.768796 605.325 305.96 0.256062 619.014 330.624 0.1 579.138 265.86 0.72165 576.759 247.143 0.421171 588.17 239.132 0.300379 598.456 331.303 0.714343 612.583 364.803 0.600373 601.287 404.988 0.676917 579.768 331.302 0.694479 581.316 368.695 0.721035 579.136 402.589 0.587854 613.982 256.611 0.244741 0 0 0 608.262 255.621 0.622612 589.57 244.645 0.168212 0
0 111 150 616.553 259.045 0.160198 594.353 270.646 0.852936 606.729 274.583 0.808099 608.806 304.657 0.45065 622.927 330.452 0.220253 582.622 265.208 0.779828 580.677 241.057 0.373293 591.324 239.138 0.26355 602.155 330.655 0.738194 619.982 362.848 0.646332 607.589 404.76 0.704564 583.034 330.872 0.7807 583.496 368.256 0.711553 583.046 401.076 0.679858 617.165 256.381 0.190454 0 0 0 611.308 255.395 0.634713 593.03 243.781 0.240281 0
0 111 151 619.816 258.512 0.1 597.182 270.63 0.775412 609.571 273.931 0.692901 612.067 303.138 0.230233 625.089 326.756 0.1 585.875 265.211 0.672521 583.518 241.205 0.347769 594.636 239.142 0.253153 606.071 330.012 0.588278 628.458 361.103 0.266163 613.259 405.411 0.345837 586.723 330.654 0.624496 585.463 366.95 0.506793 585.005 399.769 0.299323 620.435 256.263 0.1 0 0 0 614.349 255.181 0.476364 595.431 243.778 0.237518 0
0 111 152 623.287 258.731 0.1 600.227 270.834 0.856266 611.977 273.505 0.748954 615.547 303.14 0.236373 629.226 327.612 0.1 589.13 265.639 0.780071 586.774 241.279 0.25627 596.917 239.148 0.177506 609.327 330.878 0.6978 634.117 360.443 0.479609 619.126 405.426 0.587627 589.767 331.306 0.759357 587.419 366.305 0.712754 587.618 398.905 0.509212 623.698 256.475 0.1 0 0 0 617.384 255.187 0.445968 598.367 243.989 0.305492 0
0 111 153 626.119 259.177 0.1 603.479 271.264 0.824429 614.59 274.156 0.761017 618.813 303.361 0.1 633.791 328.48 0.1 592.178 266.509 0.732798 590.46 241.287 0.208811 599.9 240.464 0.194726 612.802 333.058 0.694235 641.076 360.657 0.51866 624.999 406.519 0.506973 592.818 333.478 0.678823 596.547 364.359 0.585951 590.108 398.688 0.468098 626.315 256.49 0.1 0 0 0 620.635 255.412 0.422357 601.825 244.409 0.294596 0
0 111 154 629.601 259.182 0.1 606.531 271.495 0.801105 617.846 274.594 0.733632 622.296 310.316 0.26207 638.688 330.22 0.1 595.01 266.949 0.703948 592.865 241.505 0.206774 603.154 240.694 0.196419 615.855 335.668 0.672397 648.027 360.868 0.475874 630.226 407.609 0.437672 595.221 335.436 0.664904 598.507 364.139 0.470427 591.198 398.682 0.433825 629.581 256.695 0.1 0 0 0 623.681 255.425 0.416472 605.08 244.198 0.353154 0
0 111 155 633.294 259.4 0.153767 609.795 271.502 0.80243 621.107 275.026 0.787376 625.985 311.628 0.573336 644.13 333.269 0.179035 598.7 266.949 0.754535 595.914 241.505 0.1 607.167 240.71 0.1 619.114 338.491 0.647734 654.111 360.648 0.656544 633.922 408.472 0.616153 598.043 337.389 0.683243 600.685 363.055 0.364195 592.716 398.466 0.595412 633.066 256.908 0.173023 0 0 0 627.159 255.431 0.570538 608.67 243.99 0.184943 0
0 111 156 636.859 259.618 0.252108 613.059 271.721 0.807602 623.939 275.673 0.759042 629.459 313.596 0.707081 649.137 335.916 0.435329 602.165 266.954 0.759014 599.595 241.501 0.1 611.082 240.716 0.1 622.59 340.876 0.603899 661.297 360.864 0.590483 638.273 408.692 0.605816 601.302 338.911 0.598201 602.858 362.623 0.250261 593.807 398.676 0.452611 636.466 257.125 0.297355 0 0 0 630.637 255.436 0.611291 611.94 244.2 0.1 0
0 111 157 640.718 260.262 0.108359 616.738 271.945 0.796534 626.766 277.184 0.628457 632.934 315.773 0.600901 654.354 338.831 0.381058 606.086 266.956 0.689851 604.814 241.073 0.14993 617.493 241.267 0.1 625.636 344.356 0.554878 668.252 361.728 0.591775 642.408 409.565 0.572365 604.777 341.522 0.510036 605.237 364.351 0.147201 595.327 398.466 0.1 639.772 257.351 0.141743 0 0 0 634.328 255.656 0.557379 615.433 244.307 0.154804 0
0 111 158 644.561 261.015 0.174978 620.439 271.951 0.862071 630.454 277.839 0.719227 636.294 317.844 0.798662 659.782 341.569 0.760745 610.209 266.298 0.713259 609.156 240.197 0.302381 626.188 242.348 0.150954 628.469 345.447 0.635082 673.689 361.942 0.573352 645.892 409.136 0.624956 607.826 342.391 0.592573 608.493 363.255 0.309261 597.069 398.029 0.51828 643.845 257.573 0.203065 0 0 0 638.466 255.884 0.64253 619.35 244.305 0.218029 0
0 111 159 648.385 261.879 0.220065 624.57 271.738 0.784378 633.723 279.141 0.730982 639.337 320.017 0.709422 664.792 344.782 0.703372 614.559 264.993 0.700549 614.136 239.544 0.1 636.621 240.381 0.1 630.865 345.668 0.595265 676.953 362.161 0.314231 647.63 407.835 0.317945 611.306 342.602 0.550187 613.702 361.741 0.213335 600.329 397.373 0.477307 647.62 258.016 0.267936 0 0 0 642.595 256.316 0.675176 623.322 244.098 0.1 0
0 111 160 652.074 262.306 0.210258 628.696 270.88 0.847218 637.196 279.58 0.721233 642.809 320.88 0.738786 669.58 348.252 0.732273 618.469 263.253 0.760138 624.129 237.442 0.332669 648.525 235.368 0.158081 633.9 345.228 0.686483 678.917 361.939 0.658924 649.362 406.308 0.667949 614.781 342.156 0.674234 618.687 361.529 0.355197 604.897 397.159 0.603226 651.302 258.239 0.263235 0 0 0 646.499 256.534 0.731196 627.32 244.099 0.227499 0
0 111 161 655.555 262.086 0.20195 632.385 270.017 0.766906 640.889 279.358 0.652156 646.069 320.881 0.658165 672.41 348.689 0.62744 621.948 261.524 0.570127 631.083 237.374 0.128845 659.724 230.357 0.1 636.945 343.272 0.565438 680.657 361.939 0.446153 650.88 404.773 0.382568 618.246 340.417 0.540647 623.466 360.223 0.122996 609.901 396.069 0.385509 654.996 258.024 0.235439 0 0 0 650.206 256.318 0.62758 630.829 243.889 0.1 0
0 111 162 658.814 261.547 0.1 635.864 269.153 0.768033 643.513 278.478 0.681615 649.984 314.144 0.64421 673.932 338.911 0.581677 625.424 260.654 0.657562 636.52 237.053 0.27769 668.479 227.737 0.106646 639.346 339.799 0.599976 680.659 360.636 0.393438 652.614 403.03 0.396998 621.933 337.38 0.652165 621.511 360.656 0.361523 615.225 395.418 0.493516 658.028 256.717 0.125556 0 0 0 653.471 255.874 0.594982 633.848 243.468 0.269183 1
0 111 163 661 261.115 0.180315 639.123 268.28 0.499982 646.767 277.816 0.484528 654.114 307.406 0.490659 675.678 328.902 0.495974 628.464 259.785 0.436451 641.505 236.196 0.108357 674.79 227.511 0.1 642.391 336.544 0.332468 680.675 359.33 0.235838 654.133 401.293 0.272161 625.199 334.986 0.311204 625.004 359.569 0.106316 619.785 394.335 0.149978 660.427 255.854 0.200689 0 0 0 656.52 255.218 0.462338 637.122 243.255 0.1 1
0 111 164 663.345 260.591 0.192442 642.04 267.37 0.623983 649.926 277.156 0.647486 657.768 301.924 0.475861 677.636 320.456 0.306435 630.953 258.917 0.586043 646.415 235.292 0.186436 681.206 226.328 0.242947 645.133 333.293 0.429591 681.068 359.197 0.190775 655.478 399.608 0.25959 628.336 332.47 0.458254 628.409 359.653 0.251068 623.833 393.642 0.208628 662.695 254.903 0.232714 0 0 0 658.79 254.524 0.590286 640.067 243 0.1 1
0 111 165 665.863 259.979 0.172564 644.612 266.413 0.784163 652.79 276.285 0.782618 660.949 297.699 0.691083 680.243 314.457 0.633502 633.527 258.263 0.743632 651.248 234.342 0.140228 687.728 224.19 0.140966 647.785 331.127 0.579239 680.757 359.153 0.321706 656.864 399.265 0.333305 630.916 330.909 0.624226 632.159 359.176 0.429884 628.215 392.909 0.368229 665.047 253.863 0.222616 0 0 0 661.14 253.781 0.719714 643.012 242.745 0.1 1
0 111 166 668.13 258.852 0.1 647.061 265.406 0.492903 655.569 274.763 0.472772 664.076 294.527 0.110946 682.853 310.236 0.127159 635.744 257.394 0.41274 655.119 233.124 0.1 692.618 220.554 0.1 650.353 328.304 0.407457 679.763 359.848 0.190475 657.431 398.314 0.277534 633.573 328.779 0.395257 636.041 357.051 0.221579 632.728 392.553 0.256732 667.488 252.73 0.107241 0 0 0 663.573 252.992 0.300758 645.957 242.491 0.1 1
0 111 167 670.459 257.527 0.178088 649.58 264.578 0.808026 657.402 274.105 0.699298 667.167 292.83 0.273276 685.464 308.236 0.298407 638.053 257.395 0.782016 660.64 232.078 0.190534 695.878 215.418 0.155752 652.616 328.518 0.665791 679.157 362.147 0.45261 658.259 398.489 0.536725 636.308 328.699 0.729439 638.753 358.058 0.518855 636.722 392.384 0.54846 669.16 251.515 0.183495 0 0 0 665.655 252.158 0.570379 648.902 242.236 0.211281 1
0 111 168 672.848 256.003 0.1 651.755 263.922 0.1 659.573 272.801 0.1 670.424 292.398 0.1 688.707 307.805 0.1 640.01 257.825 0.1 666.086 230.555 0.1 698.048 212.37 0.1 655.013 329.386 0.1 678.716 364.318 0.1 658.916 398.493 0.1 638.479 328.933 0.1 640.29 359.582 0.1 639.978 393.034 0.1 671.126 249.993 0.1 0 0 0 667.827 251.073 0.1 0 0 0 127
0 111 169 675.331 254.956 0.1 653.925 263.265 0.1 661.744 271.924 0.1 673.039 292.177 0.1 691.953 307.38 0.1 641.974 258.252 0.1 666.956 229.035 0.1 698.056 212.374 0.1 656.971 332.862 0.1 678.5 368.245 0.1 659.459 398.065 0.1 640.007 331.546 0.1 641.814 363.93 0.1 641.497 392.382 0.1 673.226 248.857 0.1 0 0 0 670.011 250.424 0.1 0 0 0 127
0 111 170 677.813 253.909 0.1 656.11 262.405 0.1 664.558 271.484 0.1 675.429 291.523 0.1 695.208 306.516 0.1 644.805 258.245 0.1 670.219 225.661 0.1 698.278 212.486 0.1 658.717 334.166 0.1 676.541 369.553 0.1 659.243 397.638 0.1 641.757 332.422 0.1 643.12 363.928 0.1 640.846 391.513 0.1 675.325 247.722 0.1 0 0 0 672.187 249.341 0.1 0 0 0 127
0 111 171 680.296 252.862 0.1 658.289 261.538 0.1 667.582 271.271 0.1 676.957 296.75 0.1 698.475 314.773 0.1 647.842 257.374 0.1 674.351 222.719 0.1 700.454 210.317 0.1 660.232 335.683 0.1 675.022 370.859 0.1 658.159 397.424 0.1 643.07 333.499 0.1 644.859 363.93 0.1 644.759 390.647 0.1 677.425 246.586 0.1 0 0 0 674.584 248.695 0.1 0 0 0 127
0 111 172 682.778 251.815 0.277848 660.461 260.887 0.786357 669.537 270.629 0.791117 678.481 302.835 0.8103 701.948 323.916 0.75592 650.672 256.939 0.670575 679.497 219.671 0.322984 704.586 205.608 0.300604 661.326 342.198 0.649432 679.584 372.6 0.357531 663.155 398.939 0.319888 644.799 339.584 0.613547 652.459 363.932 0.286297 650.635 390.979 0.311051 679.524 245.45 0.328297 0 0 0 678.27 247.819 0.593495 0 0 0 1
0 111 173 696.571 256.3 0.085028 662.979 260.277 0.683383 671.379 270.197 0.569131 680.264 307.228 0.732558 704.774 331.047 0.734019 653.415 256.501 0.556869 684.004 216.453 0.138398 707.848 201.711 0.151496 662.713 345.889 0.530916 680.924 375.782 0.101538 666.947 399.902 0.1 646.664 342.976 0.430873 655.141 367.105 0.108229 657.253 391.899 0.1 694.535 248.475 0.0846074 0 0 0 681.661 247.208 0.283812 0 0 0 1
0 111 174 696.577 256.303 0.0862443 665.623 259.932 0.754321 673.089 270.21 0.691395 682.533 311.01 0.68138 707.16 336.618 0.638515 656.06 255.847 0.654092 687.872 213.066 0.1 710.24 198.627 0.1 663.976 350.665 0.586133 681.656 377.242 0.257693 669.537 400.315 0.261882 647.799 347.58 0.59896 657.368 368.452 0.23305 661.022 391.777 0.217505 694.56 248.459 0.0948839 0 0 0 684.53 247.729 0.379552 0 0 0 1
0 111 175 694.609 256.287 0.0666367 667.102 259.847 0.696385 674.864 269.777 0.67467 684.397 312.236 0.690817 708.899 339.527 0.679054 658.189 255.851 0.616757 691.065 209.608 0.128471 711.387 196.95 0.116723 665.541 351.089 0.586102 681.779 376.98 0.256203 670.925 400.176 0.310328 649.711 347.752 0.520036 659.138 367.972 0.239076 661.941 390.61 0.246473 694.491 246.531 0.072493 0 0 0 686.008 247.206 0.316063 0 0 0 1
0 111 176 0 0 0 668.49 259.378 0.704428 676.507 268.688 0.699515 685.663 311.979 0.70203 709.771 340.218 0.745572 660.016 255.845 0.668808 694.258 206.15 0.1 712.533 195.274 0.1 667.4 351.08 0.660178 682.169 375.992 0.186746 675.313 400.438 0.250373 651.323 347.832 0.493651 660.774 368.278 0.166873 666.64 391 0.1 0 0 0 0 0 0 687.616 246.303 0.251371 0 0 0 1
0 111 177 0 0 0 670.005 259.162 0.59881 678.024 267.817 0.68676 687.411 311.319 0.656608 710.212 338.914 0.656082 661.748 255.844 0.579087 697.451 202.692 0.1 713.68 193.597 0.1 669.576 352.82 0.528331 683.535 373.84 0.112841 680.965 400.867 0.1 653.056 349.779 0.438656 661.841 368.489 0.152358 671.425 391.212 0.234172 0 0 0 0 0 0 689.568 245.435 0.221551 0 0 0 1
0 111 178 0 0 0 671.491 258.994 0.329924 679.408 266.819 0.469905 688.629 309.935 0.343011 710.048 336.826 0.282026 662.921 256.172 0.300642 700.643 199.234 0.158375 714.826 191.921 0.175163 671.194 350.908 0.258669 684.901 371.688 0.1 686.162 401.341 0.1 655.052 348.52 0.238933 663.32 364.575 0.1 676.467 392.165 0.1 0 0 0 0 0 0 691.386 244.047 0.103137 0 0 0 1
0 111 179 696.516 254.261 0.0509525 673.351 258.422 0.720109 680.021 265.474 0.822696 689.545 308.67 0.69315 709.484 334.613 0.653041 664.094 256.5 0.707387 667.187 291.613 0.0501844 0 0 0 672.887 350.775 0.608787 686.267 369.536 0.384858 690.903 401.859 0.420727 656.872 348.601 0.598898 664.97 365.441 0.337985 681.768 393.857 0.371059 0 0 0 0 0 0 693.722 243.001 0.331244 0 0 0 1
0 111 180 0 0 0 675.387 257.465 0.719307 680.727 263.784 0.819411 690.15 307.529 0.682284 709.18 333.135 0.626207 665.268 256.828 0.713709 0 0 0 0 0 0 674.453 350.033 0.619859 687.633 367.384 0.345827 695.727 402.204 0.335162 658.519 347.866 0.595486 665.708 365.874 0.33552 681.682 394.981 0.297021 0 0 0 0 0 0 696.368 241.435 0.267032 0 0 0 1
0 111 181 0 0 0 677.82 256.12 0.591937 681.306 262.173 0.725853 690.016 305.007 0.556434 707.835 330.434 0.40689 666.441 257.156 0.600491 0 0 0 0 0 0 675.661 343.248 0.467096 708.236 352.171 0.0609166 694.121 400.643 0.242332 660.22 341.083 0.445969 661.621 365.877 0.142767 679.897 395.212 0.220979 0 0 0 0 0 0 698.241 240.01 0.166229 0 0 0 1
0 111 182 0 0 0 679.997 254.388 0.1 681.954 260.001 0.1 689.143 302.395 0.1 706.098 327.178 0.1 0 0 0 0 0 0 0 0 0 676.315 337.81 0.1 0 0 0 693.542 399.416 0.1 661.531 335.644 0.1 662.28 361.968 0.1 676.413 394.55 0.1 0 0 0 0 0 0 700.629 238.061 0.1 0 0 0 127
0 111 183 0 0 0 681.524 252.429 0.1 683.467 256.947 0.1 687.839 298.698 0.1 704.14 323.045 0.1 0 0 0 0 0 0 0 0 0 677.18 330.422 0.1 0 0 0 694.769 398.696 0.1 663.259 328.464 0.1 663.26 359.575 0.1 677.17 394.973 0.1 0 0 0 0 0 0 703.455 234.802 0.1 0 0 0 127
0 111 184 0 0 0 684.566 250.69 0.1 684.566 254.992 0.1 686.344 295.69 0.1 702.189 319.789 0.1 0 0 0 0 0 0 0 0 0 677.397 326.946 0.1 0 0 0 697.163 398.479 0.1 664.348 325.421 0.1 665.215 358.699 0.1 681.299 396.271 0.1 0 0 0 0 0 0 708.056 232.361 0.1 0 0 0 127
0 111 185 0 0 0 687.637 248.439 0.1 685.947 252.711 0.1 684.848 292.682 0.1 699.684 315.647 0.1 0 0 0 0 0 0 0 0 0 676.877 320.752 0.1 0 0 0 695.788 397.432 0.1 665.172 319.453 0.1 667.017 355.889 0.1 679.802 395.621 0.1 0 0 0 0 0 0 712.657 229.92 0.1 0 0 0 127
0 111 186 0 0 0 690.708 246.187 0.278458 687.328 250.429 0.3376 683.353 289.674 0.265573 697.179 311.505 0.292449 0 0 0 0 0 0 0 0 0 676.357 314.558 0.365986 683.83 351.9 0.28682 694.413 396.385 0.269776 665.997 313.486 0.291113 668.819 353.079 0.278596 678.305 394.97 0.27328 0 0 0 0 0 0 717.258 227.479 0.10337 0 0 0 1
0 111 187 0 0 0 693.778 243.936 0.474664 688.709 248.148 0.465975 681.857 286.665 0.297093 694.674 307.364 0.37786 680.884 242.538 0.482114 682.838 281.714 0.0625668 696.489 301.281 0.054504 675.837 308.364 0.613123 680.885 350.917 0.536604 693.038 395.338 0.518012 666.821 307.518 0.560049 670.621 350.269 0.558251 676.807 394.32 0.452219 0 0 0 0 0 0 721.858 225.038 0.127224 698.51 221.048 0.0555098 1
0 111 188 0 0 0 696.849 241.685 0.17082 690.09 245.867 0.225508 680.868 283.687 0.0834695 692.169 303.222 0.112576 0 0 0 0 0 0 0 0 0 675.317 302.17 0.332844 677.939 349.934 0.246961 691.663 394.291 0.284858 667.646 301.551 0.255274 672.423 347.459 0.256851 675.31 393.669 0.301029 0 0 0 0 0 0 0 0 0 0 0 0 1
0 111 189 0 0 0 0 0 0 0 0 0 0 0 0 0 0 0 0 0 0 0 0 0 0 0 0 0 0 0 0 0 0 0 0 0 0 0 0 0 0 0 0 0 0 0 0 0 0 0 0 0 0 0 0 0 0 127
0 111 190 0 0 0 0 0 0 0 0 0 0 0 0 0 0 0 0 0 0 0 0 0 0 0 0 0 0 0 0 0 0 0 0 0 0 0 0 0 0 0 0 0 0 0 0 0 0 0 0 0 0 0 0 0 0 127
0 111 191 0 0 0 0 0 0 0 0 0 0 0 0 0 0 0 0 0 0 0 0 0 0 0 0 0 0 0 0 0 0 0 0 0 0 0 0 0 0 0 0 0 0 0 0 0 0 0 0 0 0 0 0 0 0 127
0 111 192 0 0 0 0 0 0 0 0 0 0 0 0 0 0 0 0 0 0 0 0 0 0 0 0 0 0 0 0 0 0 0 0 0 0 0 0 0 0 0 0 0 0 0 0 0 0 0 0 0 0 0 0 0 0 127
0 111 193 0 0 0 0 0 0 0 0 0 0 0 0 0 0 0 0 0 0 0 0 0 0 0 0 0 0 0 0 0 0 0 0 0 0 0 0 0 0 0 0 0 0 0 0 0 0 0 0 0 0 0 0 0 0 127
0 111 194 0 0 0 0 0 0 0 0 0 0 0 0 0 0 0 0 0 0 0 0 0 0 0 0 0 0 0 0 0 0 0 0 0 0 0 0 0 0 0 0 0 0 0 0 0 0 0 0 0 0 0 0 0 0 127
0 111 195 0 0 0 725.89 273.973 0.42303 761.083 279.766 0.313793 0 0 0 0 0 0 688.715 273.859 0.374626 663.257 336.512 0.14725 651.595 365.88 0.151585 755.188 399.103 0.130737 0 0 0 0 0 0 674.985 383.475 0.175482 0 0 0 0 0 0 0 0 0 0 0 0 753.236 226.978 0.124303 704.336 227.005 0.19189 1
0 111 196 0 0 0 0 0 0 0 0 0 0 0 0 0 0 0 0 0 0 0 0 0 0 0 0 0 0 0 0 0 0 0 0 0 0 0 0 0 0 0 0 0 0 0 0 0 0 0 0 0 0 0 0 0 0 127
0 111 197 0 0 0 0 0 0 0 0 0 0 0 0 0 0 0 0 0 0 0 0 0 0 0 0 0 0 0 0 0 0 0 0 0 0 0 0 0 0 0 0 0 0 0 0 0 0 0 0 0 0 0 0 0 0 127
0 111 198 0 0 0 0 0 0 0 0 0 0 0 0 0 0 0 0 0 0 0 0 0 0 0 0 0 0 0 0 0 0 0 0 0 0 0 0 0 0 0 0 0 0 0 0 0 0 0 0 0 0 0 0 0 0 127
0 111 199 0 0 0 0 0 0 0 0 0 0 0 0 0 0 0 0 0 0 0 0 0 0 0 0 0 0 0 0 0 0 0 0 0 0 0 0 0 0 0 0 0 0 0 0 0 0 0 0 0 0 0 0 0 0 127
0 111 200 0 0 0 0 0 0 0 0 0 0 0 0 0 0 0 0 0 0 0 0 0 0 0 0 0 0 0 0 0 0 0 0 0 0 0 0 0 0 0 0 0 0 0 0 0 0 0 0 0 0 0 0 0 0 127
0 111 201 0 0 0 0 0 0 0 0 0 0 0 0 0 0 0 0 0 0 0 0 0 0 0 0 0 0 0 0 0 0 0 0 0 0 0 0 0 0 0 0 0 0 0 0 0 0 0 0 0 0 0 0 0 0 127
0 111 202 0 0 0 0 0 0 0 0 0 0 0 0 0 0 0 0 0 0 0 0 0 0 0 0 0 0 0 0 0 0 0 0 0 0 0 0 0 0 0 0 0 0 0 0 0 0 0 0 0 0 0 0 0 0 127
0 111 203 0 0 0 0 0 0 0 0 0 0 0 0 0 0 0 0 0 0 0 0 0 0 0 0 0 0 0 0 0 0 0 0 0 0 0 0 0 0 0 0 0 0 0 0 0 0 0 0 0 0 0 0 0 0 127
0 111 204 0 0 0 0 0 0 0 0 0 0 0 0 0 0 0 0 0 0 0 0 0 0 0 0 0 0 0 0 0 0 0 0 0 0 0 0 0 0 0 0 0 0 0 0 0 0 0 0 0 0 0 0 0 0 127
0 111 205 0 0 0 0 0 0 0 0 0 0 0 0 0 0 0 0 0 0 0 0 0 0 0 0 0 0 0 0 0 0 0 0 0 0 0 0 0 0 0 0 0 0 0 0 0 0 0 0 0 0 0 0 0 0 127
0 111 206 0 0 0 0 0 0 0 0 0 0 0 0 0 0 0 0 0 0 0 0 0 0 0 0 0 0 0 0 0 0 0 0 0 0 0 0 0 0 0 0 0 0 0 0 0 0 0 0 0 0 0 0 0 0 127
0 111 207 0 0 0 0 0 0 0 0 0 0 0 0 0 0 0 0 0 0 0 0 0 0 0 0 0 0 0 0 0 0 0 0 0 0 0 0 0 0 0 0 0 0 0 0 0 0 0 0 0 0 0 0 0 0 127
0 111 208 0 0 0 0 0 0 0 0 0 0 0 0 0 0 0 0 0 0 0 0 0 0 0 0 0 0 0 0 0 0 0 0 0 0 0 0 0 0 0 0 0 0 0 0 0 0 0 0 0 0 0 0 0 0 127
0 111 209 0 0 0 0 0 0 0 0 0 0 0 0 0 0 0 0 0 0 0 0 0 0 0 0 0 0 0 0 0 0 0 0 0 0 0 0 0 0 0 0 0 0 0 0 0 0 0 0 0 0 0 0 0 0 127
0 111 210 0 0 0 0 0 0 0 0 0 0 0 0 0 0 0 0 0 0 0 0 0 0 0 0 0 0 0 0 0 0 0 0 0 0 0 0 0 0 0 0 0 0 0 0 0 0 0 0 0 0 0 0 0 0 127
0 111 211 0 0 0 0 0 0 0 0 0 0 0 0 0 0 0 0 0 0 0 0 0 0 0 0 0 0 0 0 0 0 0 0 0 0 0 0 0 0 0 0 0 0 0 0 0 0 0 0 0 0 0 0 0 0 127
0 111 212 0 0 0 0 0 0 0 0 0 0 0 0 0 0 0 0 0 0 0 0 0 0 0 0 0 0 0 0 0 0 0 0 0 0 0 0 0 0 0 0 0 0 0 0 0 0 0 0 0 0 0 0 0 0 127
0 111 213 0 0 0 0 0 0 0 0 0 0 0 0 0 0 0 0 0 0 0 0 0 0 0 0 0 0 0 0 0 0 0 0 0 0 0 0 0 0 0 0 0 0 0 0 0 0 0 0 0 0 0 0 0 0 127
0 111 214 0 0 0 0 0 0 0 0 0 0 0 0 0 0 0 0 0 0 0 0 0 0 0 0 0 0 0 0 0 0 0 0 0 0 0 0 0 0 0 0 0 0 0 0 0 0 0 0 0 0 0 0 0 0 127
0 111 215 0 0 0 0 0 0 0 0 0 0 0 0 0 0 0 0 0 0 0 0 0 0 0 0 0 0 0 0 0 0 0 0 0 0 0 0 0 0 0 0 0 0 0 0 0 0 0 0 0 0 0 0 0 0 127
0 111 216 0 0 0 0 0 0 0 0 0 0 0 0 0 0 0 0 0 0 0 0 0 0 0 0 0 0 0 0 0 0 0 0 0 0 0 0 0 0 0 0 0 0 0 0 0 0 0 0 0 0 0 0 0 0 127
0 111 217 0 0 0 0 0 0 0 0 0 0 0 0 0 0 0 0 0 0 0 0 0 0 0 0 0 0 0 0 0 0 0 0 0 0 0 0 0 0 0 0 0 0 0 0 0 0 0 0 0 0 0 0 0 0 127
0 111 218 0 0 0 0 0 0 0 0 0 0 0 0 0 0 0 0 0 0 0 0 0 0 0 0 0 0 0 0 0 0 0 0 0 0 0 0 0 0 0 0 0 0 0 0 0 0 0 0 0 0 0 0 0 0 127
0 111 219 0 0 0 0 0 0 0 0 0 0 0 0 0 0 0 0 0 0 0 0 0 0 0 0 0 0 0 0 0 0 0 0 0 0 0 0 0 0 0 0 0 0 0 0 0 0 0 0 0 0 0 0 0 0 127
0 111 220 0 0 0 0 0 0 0 0 0 0 0 0 0 0 0 0 0 0 0 0 0 0 0 0 0 0 0 0 0 0 0 0 0 0 0 0 0 0 0 0 0 0 0 0 0 0 0 0 0 0 0 0 0 0 127
0 111 221 0 0 0 0 0 0 0 0 0 0 0 0 0 0 0 0 0 0 0 0 0 0 0 0 0 0 0 0 0 0 0 0 0 0 0 0 0 0 0 0 0 0 0 0 0 0 0 0 0 0 0 0 0 0 127
0 111 222 0 0 0 0 0 0 0 0 0 0 0 0 0 0 0 0 0 0 0 0 0 0 0 0 0 0 0 0 0 0 0 0 0 0 0 0 0 0 0 0 0 0 0 0 0 0 0 0 0 0 0 0 0 0 127
0 111 223 0 0 0 0 0 0 0 0 0 0 0 0 0 0 0 0 0 0 0 0 0 0 0 0 0 0 0 0 0 0 0 0 0 0 0 0 0 0 0 0 0 0 0 0 0 0 0 0 0 0 0 0 0 0 127
0 111 224 0 0 0 0 0 0 0 0 0 0 0 0 0 0 0 0 0 0 0 0 0 0 0 0 0 0 0 0 0 0 0 0 0 0 0 0 0 0 0 0 0 0 0 0 0 0 0 0 0 0 0 0 0 0 127
0 111 225 0 0 0 0 0 0 0 0 0 0 0 0 0 0 0 0 0 0 0 0 0 0 0 0 0 0 0 0 0 0 0 0 0 0 0 0 0 0 0 0 0 0 0 0 0 0 0 0 0 0 0 0 0 0 127
0 111 226 0 0 0 0 0 0 0 0 0 0 0 0 0 0 0 0 0 0 0 0 0 0 0 0 0 0 0 0 0 0 0 0 0 0 0 0 0 0 0 0 0 0 0 0 0 0 0 0 0 0 0 0 0 0 127
0 111 227 0 0 0 0 0 0 0 0 0 0 0 0 0 0 0 0 0 0 0 0 0 0 0 0 0 0 0 0 0 0 0 0 0 0 0 0 0 0 0 0 0 0 0 0 0 0 0 0 0 0 0 0 0 0 127
0 111 228 0 0 0 0 0 0 0 0 0 0 0 0 0 0 0 0 0 0 0 0 0 0 0 0 0 0 0 0 0 0 0 0 0 0 0 0 0 0 0 0 0 0 0 0 0 0 0 0 0 0 0 0 0 0 127
0 111 229 0 0 0 0 0 0 0 0 0 0 0 0 0 0 0 0 0 0 0 0 0 0 0 0 0 0 0 0 0 0 0 0 0 0 0 0 0 0 0 0 0 0 0 0 0 0 0 0 0 0 0 0 0 0 127
0 111 230 0 0 0 0 0 0 0 0 0 0 0 0 0 0 0 0 0 0 0 0 0 0 0 0 0 0 0 0 0 0 0 0 0 0 0 0 0 0 0 0 0 0 0 0 0 0 0 0 0 0 0 0 0 0 127
0 111 231 0 0 0 0 0 0 0 0 0 0 0 0 0 0 0 0 0 0 0 0 0 0 0 0 0 0 0 0 0 0 0 0 0 0 0 0 0 0 0 0 0 0 0 0 0 0 0 0 0 0 0 0 0 0 127
0 111 232 0 0 0 0 0 0 0 0 0 0 0 0 0 0 0 0 0 0 0 0 0 0 0 0 0 0 0 0 0 0 0 0 0 0 0 0 0 0 0 0 0 0 0 0 0 0 0 0 0 0 0 0 0 0 127
0 111 233 0 0 0 0 0 0 0 0 0 0 0 0 0 0 0 0 0 0 0 0 0 0 0 0 0 0 0 0 0 0 0 0 0 0 0 0 0 0 0 0 0 0 0 0 0 0 0 0 0 0 0 0 0 0 127
0 111 234 0 0 0 0 0 0 0 0 0 0 0 0 0 0 0 0 0 0 0 0 0 0 0 0 0 0 0 0 0 0 0 0 0 0 0 0 0 0 0 0 0 0 0 0 0 0 0 0 0 0 0 0 0 0 127
0 111 235 0 0 0 0 0 0 0 0 0 0 0 0 0 0 0 0 0 0 0 0 0 0 0 0 0 0 0 0 0 0 0 0 0 0 0 0 0 0 0 0 0 0 0 0 0 0 0 0 0 0 0 0 0 0 127
0 111 236 0 0 0 0 0 0 0 0 0 0 0 0 0 0 0 0 0 0 0 0 0 0 0 0 0 0 0 0 0 0 0 0 0 0 0 0 0 0 0 0 0 0 0 0 0 0 0 0 0 0 0 0 0 0 127
0 111 237 0 0 0 0 0 0 0 0 0 0 0 0 0 0 0 0 0 0 0 0 0 0 0 0 0 0 0 0 0 0 0 0 0 0 0 0 0 0 0 0 0 0 0 0 0 0 0 0 0 0 0 0 0 0 127
0 111 238 0 0 0 0 0 0 0 0 0 0 0 0 0 0 0 0 0 0 0 0 0 0 0 0 0 0 0 0 0 0 0 0 0 0 0 0 0 0 0 0 0 0 0 0 0 0 0 0 0 0 0 0 0 0 127
0 111 239 0 0 0 727.626 281.166 0.467129 765.164 275.677 0.345457 0 0 0 0 0 0 694.498 288.615 0.518804 663.495 349.781 0.176742 649.565 375.623 0.149669 776.225 399.236 0.146662 0 0 0 0 0 0 727.577 408.454 0.146421 737.593 457.816 0.0626937 0 0 0 0 0 0 0 0 0 748.386 227.133 0.116609 705.744 233.989 0.235649 1
0 111 240 0 0 0 727.743 280.223 0.1 764.904 275.345 0.1 0 0 0 0 0 0 694.507 287.221 0.1 663.761 349.129 0.1 649.555 374.066 0.1 769.969 397.797 0.1 0 0 0 0 0 0 719.648 405.523 0.1 0 0 0 0 0 0 0 0 0 0 0 0 748.086 226.652 0.1 706.1 233.21 0.1 127
0 111 241 0 0 0 727.859 279.281 0.1 764.644 275.013 0.1 0 0 0 0 0 0 694.516 285.827 0.1 664.027 348.476 0.1 649.545 372.509 0.1 763.714 396.359 0.1 0 0 0 0 0 0 711.72 402.592 0.1 0 0 0 0 0 0 0 0 0 0 0 0 747.786 226.171 0.1 706.455 232.432 0.1 127
0 111 242 0 0 0 727.976 278.338 0.1 764.384 274.681 0.1 0 0 0 0 0 0 694.525 284.434 0.1 664.293 347.824 0.1 649.534 370.952 0.1 757.458 394.92 0.1 0 0 0 0 0 0 703.791 399.662 0.1 0 0 0 0 0 0 0 0 0 0 0 0 747.486 225.689 0.1 706.81 231.653 0.1 127
0 111 243 0 0 0 728.093 277.395 0.1 764.124 274.35 0.1 0 0 0 0 0 0 694.533 283.04 0.1 664.559 347.172 0.1 649.524 369.395 0.1 751.202 393.481 0.1 0 0 0 0 0 0 695.863 396.731 0.1 0 0 0 0 0 0 0 0 0 0 0 0 747.186 225.208 0.1 707.165 230.874 0.1 127
0 111 244 0 0 0 728.3 276.744 0.502165 764.345 274.13 0.358929 0 0 0 0 0 0 694.543 281.962 0.499399 664.782 346.518 0.190619 649.514 367.838 0.123009 747.943 392.607 0.149446 0 0 0 0 0 0 689.782 394.56 0.154426 0 0 0 0 0 0 0 0 0 0 0 0 746.968 224.341 0.129717 707.594 230.44 0.240356 1
0 111 245 0 0 0 728.453 276.169 0.438376 764.348 273.955 0.300181 0 0 0 0 0 0 694.553 280.86 0.43104 664.983 345.344 0.1 0 0 0 743.575 391.833 0.1 0 0 0 0 0 0 684.037 392.444 0.24063 0 0 0 0 0 0 0 0 0 0 0 0 746.861 223.602 0.1 707.861 230.081 0.220683 0
0 111 246 0 0 0 728.553 275.671 0.438812 764.133 273.822 0.322078 0 0 0 0 0 0 694.563 279.736 0.427613 665.185 344.169 0.100558 649.607 363.837 0.0545218 738.098 391.158 0.139168 0 0 0 0 0 0 678.628 390.385 0.284983 0 0 0 0 0 0 0 0 0 0 0 0 746.755 222.863 0.1 707.967 229.797 0.211222 0
0 111 247 0 0 0 728.598 275.249 0.525686 763.701 273.734 0.403888 0 0 0 0 0 0 694.574 278.588 0.489069 665.386 342.995 0.144766 649.565 363.848 0.066532 731.512 390.582 0.162212 0 0 0 0 0 0 673.554 388.381 0.368972 0 0 0 0 0 0 0 0 0 0 0 0 746.649 222.123 0.154088 707.911 229.588 0.247864 1
0 111 248 0 0 0 728.751 275.105 0.507735 763.637 273.775 0.381172 0 0 0 0 0 0 694.585 277.528 0.450361 665.588 341.821 0.117455 0 0 0 725.786 390.59 0.144125 0 0 0 0 0 0 668.825 386.726 0.339151 0 0 0 0 0 0 0 0 0 0 0 0 746.542 221.384 0.113938 707.907 229.667 0.267225 0
0 111 249 0 0 0 728.904 274.962 0.1 763.574 273.817 0.1 0 0 0 0 0 0 694.597 276.469 0.1 0 0 0 0 0 0 720.059 390.598 0.1 0 0 0 0 0 0 664.097 385.071 0.1 0 0 0 0 0 0 0 0 0 0 0 0 0 0 0 707.903 229.746 0.1 127
0 111 250 0 0 0 729.057 274.818 0.1 763.511 273.858 0.1 0 0 0 0 0 0 694.608 275.409 0.1 0 0 0 0 0 0 714.332 390.605 0.1 0 0 0 0 0 0 659.369 383.416 0.1 0 0 0 0 0 0 0 0 0 0 0 0 0 0 0 707.898 229.824 0.1 127
0 111 251 0 0 0 729.21 274.674 0.1 763.448 273.9 0.1 0 0 0 0 0 0 694.62 274.349 0.1 0 0 0 0 0 0 708.605 390.613 0.1 0 0 0 0 0 0 654.64 381.761 0.1 0 0 0 0 0 0 0 0 0 0 0 0 0 0 0 707.894 229.903 0.1 127
0 111 252 0 0 0 727.82 273.949 0.355266 759.149 273.887 0.246825 0 0 0 0 0 0 694.616 273.936 0.349538 669.139 334.574 0.0803998 0 0 0 694.59 387.41 0.192878 0 0 0 0 0 0 663.276 381.56 0.362655 0 0 0 0 0 0 0 0 0 0 0 0 0 0 0 704.365 228.911 0.186361 0
