4 111 61 0 0 0 1202.74 4.8663 0.308289 1190.95 4.86434 0.207465 0 0 0 0 0 0 1216.09 4.85494 0.339753 1217.79 19.1537 0.690392 1211.49 47.7428 0.784143 1182.52 38.3813 0.779964 1192.17 78.1283 0.678525 1207.37 110.652 0.793615 1195.07 41.2327 0.772652 1172.89 80.4023 0.8185 1148.96 117.434 0.840081 0 0 0 0 0 0 0 0 0 0 0 0 0
4 111 62 0 0 0 1198.63 4.86728 0.262356 1186.83 4.86658 0.143992 0 0 0 0 0 0 1211.9 4.85559 0.303305 1213.47 19.1373 0.696226 1206.6 46.9624 0.73419 1178.41 38.0177 0.803428 1184.67 77.3523 0.647188 1200.21 109.839 0.833138 1190.6 40.8708 0.753107 1168.69 79.4288 0.837935 1147.53 117.435 0.822447 0 0 0 0 0 0 0 0 0 0 0 0 0
4 111 63 0 0 0 1194.52 4.86826 0.167541 1182.72 4.86883 0.1 0 0 0 0 0 0 1207.72 4.85624 0.224685 1209.15 19.1209 0.689101 1201.71 46.1821 0.692768 1174.3 37.6541 0.720958 1177.18 76.5762 0.709684 1193.04 109.027 0.834056 1186.13 40.5089 0.767405 1164.49 78.4554 0.835642 1146.1 117.437 0.79896 0 0 0 0 0 0 0 0 0 0 0 0 0
4 111 64 0 0 0 1190.41 4.86924 0.252124 1178.61 4.87107 0.149155 1159.16 3.77758 0.459204 1152.1 23.6887 0.542165 1203.53 4.8569 0.298413 1204.84 19.1044 0.63749 1196.83 45.4017 0.689178 1170.19 37.2905 0.84302 1169.68 75.8001 0.674019 1185.88 108.214 0.853618 1181.66 40.1469 0.866369 1160.29 77.482 0.823724 1144.68 117.438 0.770616 0 0 0 0 0 0 0 0 0 0 0 0 0
4 111 65 0 0 0 1186.31 4.87022 0.261098 1174.5 4.87331 0.138092 1155.05 3.95027 0.405717 1149.29 23.3413 0.488377 1199.34 4.85755 0.278246 1200.52 19.088 0.630581 1191.94 44.6213 0.67507 1166.08 36.9269 0.786314 1162.19 75.024 0.650642 1178.71 107.401 0.81587 1177.19 39.785 0.804841 1156.08 76.5085 0.862711 1143.25 117.439 0.763662 0 0 0 0 0 0 0 0 0 0 0 0 0
4 111 66 0 0 0 1182.39 4.87114 0.1 0 0 0 1150.95 4.12296 0.1 1146.49 22.9939 0.1 1195.42 4.85811 0.1 0 0 0 0 0 0 1161.95 36.4871 0.1 1154.58 73.9481 0.1 1171.33 107.185 0.1 1172.62 39.3488 0.1 1151.96 75.4296 0.1 1141.94 117.439 0.1 0 0 0 0 0 0 0 0 0 0 0 0 127
4 111 67 0 0 0 1178.26 4.87117 0.1 0 0 0 1146.84 4.29566 0.1 1143.69 22.6466 0.1 1191.71 4.85793 0.1 0 0 0 0 0 0 1156.75 36.2702 0.1 1146.97 73.0834 0.1 1161.76 107.179 0.1 1168.28 39.3486 0.1 1149.57 75.4315 0.1 1140.87 117.439 0.1 0 0 0 0 0 0 0 0 0 0 0 0 127
4 111 68 0 0 0 1173.48 4.87179 0.1 0 0 0 1142.74 4.46835 0.1 1140.89 22.2992 0.1 1187.15 4.85881 0.1 0 0 0 0 0 0 1152.18 36.489 0.1 1139.36 73.0834 0.1 1150.67 107.82 0.1 1164.58 39.7806 0.1 1147.38 76.0858 0.1 1140.22 117.439 0.1 0 0 0 0 0 0 0 0 0 0 0 0 127
4 111 69 0 0 0 1168.92 4.87212 0.1 0 0 0 1138.63 4.64104 0.1 1138.08 21.9518 0.1 1182.59 4.8594 0.1 0 0 0 0 0 0 1147.83 36.4919 0.1 1132.4 73.2942 0.1 1138.72 108.897 0.1 1160.87 39.994 0.1 1144.57 76.7366 0.1 1139.58 117.222 0.1 0 0 0 0 0 0 0 0 0 0 0 0 127
4 111 70 0 0 0 1164.78 4.87262 0.130892 1158.26 4.87751 0.0697569 1134.52 4.81373 0.242762 1135.28 21.6044 0.389941 1178.46 4.8601 0.157301 0 0 0 0 0 0 1142.83 36.5043 0.65699 1125.44 73.5163 0.56587 1126.12 110.626 0.542656 1156.52 40.4257 0.687865 1142.4 77.1768 0.609671 1138.93 117.209 0.630453 0 0 0 0 0 0 0 0 0 0 0 0 0
4 111 71 0 0 0 1160.43 4.87276 0.390292 1149.28 4.87175 0.279833 0 0 0 0 0 0 1173.86 4.86066 0.443053 1173.76 21.4481 0.727835 1158.87 48.6961 0.753914 1137.84 36.765 0.859941 1118.96 74.2898 0.891361 1114.34 112.186 0.775049 1152.25 40.8632 0.819272 1140.41 77.4854 0.770376 1138.4 116.547 0.793332 0 0 0 0 0 0 0 0 0 0 0 0 0
4 111 72 0 0 0 1155.64 4.87191 0.318803 1143.29 4.87017 0.22475 0 0 0 0 0 0 1169.21 4.8604 0.408608 1168.47 21.3509 0.675523 1153.94 49.1797 0.736686 1132.62 37.0777 0.829373 1112.52 74.9774 0.84489 1103.81 113.585 0.837052 1148.29 41.5183 0.816427 1138.78 78.0949 0.762855 1138.01 116.322 0.763556 0 0 0 0 0 0 0 0 0 0 0 0 0
4 111 73 0 0 0 1150.85 4.87218 0.255021 1137.3 4.8686 0.157448 0 0 0 0 0 0 1164.73 4.86072 0.343114 1163.19 21.2538 0.672739 1149.01 49.6634 0.710538 1126.97 36.997 0.79502 1106.57 75.7964 0.868809 1094.34 115.022 0.886738 1143.99 41.5224 0.780903 1136.26 78.7905 0.800288 1137.52 116.106 0.752427 0 0 0 0 0 0 0 0 0 0 0 0 0
4 111 74 0 0 0 1145.21 4.87129 0.23864 1131.31 4.86703 0.150955 0 0 0 0 0 0 1159.35 4.86068 0.288388 1157.9 21.1566 0.470034 1144.09 50.147 0.5012 1121.33 37.3918 0.769868 1101.09 76.7497 0.777515 1086.11 116.291 0.764755 1139.55 42.1739 0.68026 1133.47 79.794 0.668722 1136.95 115.88 0.631559 0 0 0 0 0 0 0 0 0 0 0 0 0
4 111 75 0 0 0 1139.76 4.87065 0.209052 1125.32 4.86545 0.116489 0 0 0 0 0 0 1154.12 4.86036 0.303193 1152.62 21.0595 0.451737 1139.16 50.6307 0.445753 1115.67 37.8258 0.721173 1096.09 78.0392 0.659979 1079.15 117.385 0.741938 1135.42 42.6099 0.65068 1129.77 80.8829 0.61863 1135.43 114.794 0.586779 0 0 0 0 0 0 0 0 0 0 0 0 0
4 111 76 0 0 0 1133.46 4.86975 0.410283 1119.66 4.86349 0.288982 0 0 0 0 0 0 1147.61 4.86072 0.516322 1146.97 21.063 0.75468 1134.37 50.8412 0.689431 1110.45 38.4765 0.799065 1091.1 79.3438 0.856828 1074.37 118.264 0.907098 1130.41 43.6846 0.812317 1124.33 81.3207 0.796837 1133.25 114.562 0.821683 0 0 0 0 0 0 0 0 0 0 0 0 0
4 111 77 0 0 0 1128.02 4.86787 0.138452 1114.02 4.86202 0.1 0 0 0 0 0 0 1141.95 4.85967 0.175727 1141.32 21.2881 0.566453 1128.72 51.0541 0.583909 1105.45 39.1287 0.799714 1086.75 80.6303 0.869071 1071.33 118.923 0.845377 1125.19 44.5502 0.748717 1117.82 81.5351 0.825875 1129.99 114.336 0.860298 0 0 0 0 0 0 0 0 0 0 0 0 0
4 111 78 0 0 0 1122.79 4.86669 0.398223 1108.58 4.86026 0.275918 0 0 0 0 0 0 1136.52 4.85911 0.509634 1136.1 21.5132 0.716317 1123.5 51.4901 0.650704 1100.46 39.3515 0.845449 1083.26 81.4959 0.843004 1069.58 118.931 0.849684 1119.97 45.1982 0.807532 1110.65 81.7439 0.765669 1125.64 113.89 0.838 0 0 0 0 0 0 0 0 0 0 0 0 0
4 111 79 0 0 0 1116.5 4.8643 0.179719 1102.93 4.85707 0.117801 0 0 0 0 0 0 1130.43 4.8581 0.201812 1131.75 21.7232 0.261877 1118.5 51.2663 0.261608 1095.25 39.5587 0.583779 1079.78 81.4945 0.618213 1069.36 118.714 0.709146 1114.74 45.2025 0.56664 1103.69 81.7418 0.595847 1118.47 113.893 0.554141 0 0 0 0 0 0 0 0 0 0 0 0 0
4 111 80 0 0 0 1110.63 4.86416 0.446111 1096.85 4.85533 0.356891 1081.43 14.2292 0.390834 1084.68 37.8867 0.333438 1125 4.85798 0.45059 1126.96 21.5053 0.717812 1114.58 50.8411 0.610427 1090.24 39.3467 0.866067 1076.74 80.8506 0.881107 1069.35 118.506 0.836465 1109.53 44.9772 0.820426 1096.72 81.5251 0.793923 1111.07 114.764 0.834217 0 0 0 0 0 0 0 0 0 0 0 0 0
4 111 81 1089.84 4.89322 0.0502042 1105.43 4.86625 0.528217 1091.9 4.85482 0.454716 1076.76 12.7804 0.620825 1079.2 34.3762 0.497672 1119.56 4.85866 0.560527 1116.96 19.4335 0.763231 1109.94 50.4197 0.700972 1087.64 39.1233 0.900933 1075 79.9896 0.851612 1068.06 118.508 0.82738 1102.81 43.8904 0.888724 1089.55 81.0875 0.875774 1102.38 116.285 0.80864 0 0 0 0 0 0 0 0 0 1103.42 4.88149 0.069069 0
4 111 82 0 0 0 1100.08 4.86667 0.389491 1087.33 4.85475 0.328819 1072.08 11.3316 0.1 1073.72 30.8657 0.1 1113.91 4.85872 0.447072 1108.13 18.3921 0.693544 1105.3 49.9983 0.603093 1084.74 39.4109 0.826559 1073.4 79.487 0.733557 1067.41 118.296 0.592109 1096.87 43.7457 0.828897 1083.03 80.8669 0.906078 1092.61 117.799 0.500059 0 0 0 0 0 0 0 0 0 0 0 0 0
4 111 83 0 0 0 1095.43 4.86769 0.399121 1083.13 4.85511 0.341153 1067.41 9.88278 0.1 1068.25 27.3552 0.1 1109.13 4.85914 0.392331 1100.7 17.0629 0.62599 1100.67 49.5769 0.530762 1081.12 39.3409 0.77227 1071.95 79.3399 0.665208 1067.19 118.077 0.719831 1091.52 43.2443 0.785388 1076.5 80.6418 0.859978 1081.75 119.326 0.704141 0 0 0 0 0 0 0 0 0 0 0 0 0
4 111 84 0 0 0 1090.43 4.86791 0.291934 1079.22 4.85614 0.193888 1062.74 8.43395 0.366656 1062.77 23.8447 0.335785 1104.14 4.85981 0.285317 1094.01 16.5462 0.570414 1096.03 49.1556 0.525379 1076.78 39.3494 0.794221 1070.65 79.3463 0.661435 1067.4 117.858 0.662137 1086.32 43.2493 0.820836 1070.63 80.6346 0.766664 1070.66 121.716 0.680749 0 0 0 0 0 0 0 0 0 0 0 0 0
4 111 85 0 0 0 1086.19 4.86829 0.156177 1074.98 4.85694 0.1 1057.97 7.61749 0.1 0 0 0 1099.9 4.86004 0.1 1089.13 16.1764 0.193517 0 0 0 1072.87 39.0322 0.603723 1069.45 79.4543 0.416811 1067.4 117.316 0.22672 1081.55 42.8196 0.646015 1064.87 80.523 0.716959 1059.26 123.353 0.75673 0 0 0 0 0 0 0 0 0 0 0 0 0
4 111 86 0 0 0 1081.63 4.86822 0.1 1071.27 4.85665 0.1 1054.26 6.09535 0.1 0 0 0 1095.12 4.86046 0.1 1085 15.954 0.1 0 0 0 1068.74 38.8218 0.1 1067.93 79.4702 0.1 1067.18 116.667 0.1 1076.56 42.8206 0.1 1059.86 80.5295 0.1 1047.96 125.098 0.1 0 0 0 0 0 0 0 0 0 0 0 0 127
4 111 87 0 0 0 1076.71 4.86728 0.1 1067.07 4.85522 0.1 1050.42 5.48047 0.1 0 0 0 1089.83 4.86 0.1 1080.14 15.8878 0.1 0 0 0 1064.47 39.2597 0.1 1065.55 79.6275 0.1 1066.31 116.45 0.1 1071.21 43.3247 0.1 1055.72 80.6847 0.1 1037.89 127.277 0.1 0 0 0 0 0 0 0 0 0 0 0 0 127
4 111 88 0 0 0 1072.73 4.86722 0.205574 1062.79 4.85515 0.116552 1046.43 5.77285 0.192333 0 0 0 1085.34 4.85955 0.213962 1074.78 16.1864 0.1 0 0 0 1060.48 39.9181 0.688118 1062.72 80.5712 0.54791 1064.79 116.456 0.62687 1066.36 44.3292 0.712011 1050.94 81.4073 0.744583 1030.79 128.801 0.698076 0 0 0 0 0 0 0 0 0 0 0 0 0
4 111 89 0 0 0 1068.59 4.86506 0.1 1058.65 4.85387 0.1 1042.3 6.97249 0.1 0 0 0 1080.55 4.85797 0.1 1069.78 16.8499 0.1 0 0 0 1056.12 41.0057 0.1 1059.24 81.8786 0.1 1063.06 116.448 0.1 1061.35 45.6318 0.1 1045.73 82.7045 0.1 1023.85 130.11 0.1 0 0 0 0 0 0 0 0 0 0 0 0 127
4 111 90 0 0 0 1064.45 4.86139 0.398299 1055.55 4.85184 0.301131 1038.08 8.09934 0.216116 0 0 0 1075.55 4.8565 0.452424 1069.56 18.924 0.547654 1068.19 54.6701 0.422386 1050.25 42.0965 0.6595 1054.02 83.4049 0.591906 1062.18 115.567 0.649852 1057.64 47.3645 0.743864 1040.3 83.8003 0.812498 1018.2 130.334 0.815743 0 0 0 0 0 0 0 0 0 0 0 0 0
4 111 91 0 0 0 1060.03 4.85845 0.1 1051.97 4.8499 0.1 1033.78 9.15338 0.1 0 0 0 1070.98 4.85505 0.1 1068.61 20.6277 0.1 1062.91 53.5252 0.1 1044.45 42.8935 0.1 1048.86 84.5648 0.1 1059.79 114.469 0.1 1053.57 48.808 0.1 1034.87 84.6797 0.1 1013.84 130.559 0.1 0 0 0 0 0 0 0 0 0 0 0 0 127
4 111 92 0 0 0 1055.77 4.85572 0.1 1047.24 4.84813 0.1 1029.38 10.1346 0.1 0 0 0 1066.63 4.85336 0.1 1067.34 21.963 0.1 1057.63 52.3803 0.1 1038.94 43.4016 0.1 1042.93 85.364 0.1 1056.53 112.946 0.1 1048.92 50.1704 0.1 1029.67 85.3389 0.1 1010.78 130.784 0.1 0 0 0 0 0 0 0 0 0 0 0 0 127
4 111 93 0 0 0 1051.64 4.85311 0.464365 1042.68 4.84544 0.319006 1026.71 11.4768 0.186518 0 0 0 1062.06 4.85129 0.573505 1065.12 23.1362 0.521719 1052.36 51.2355 0.465807 1033.94 43.8312 0.691377 1035.32 85.5753 0.62772 1051.53 111.198 0.791313 1043.92 51.0377 0.808413 1025.11 85.7698 0.836486 1009.26 130.561 0.81564 0 0 0 0 0 0 0 0 0 0 0 0 0
4 111 94 0 0 0 1047.4 4.85287 0.471997 1039.64 4.84361 0.286183 1025.48 13.2337 0.1 0 0 0 1056.74 4.85014 0.532898 1059.13 23.6126 0.48238 1047.08 50.0906 0.396136 1029.37 43.9343 0.653384 1027.82 85.4597 0.657143 1045.02 109.349 0.779602 1039.13 50.8249 0.788418 1021.08 85.224 0.838134 1008.5 128.933 0.832107 0 0 0 0 0 0 0 0 0 0 0 0 0
4 111 95 0 0 0 1043.7 4.85157 0.448391 1038.13 4.84264 0.274859 1025.7 15.4054 0.1 0 0 0 1050.65 4.84991 0.531104 1049.36 23.3921 0.57681 1039.46 48.3445 0.435282 1026.54 44.7952 0.6939 1020.64 85.4504 0.669104 1037.41 110.001 0.859716 1033.7 50.6092 0.795106 1017.17 85.2245 0.904506 1008.05 128.929 0.790878 0 0 0 0 0 0 0 0 0 0 0 0 0
4 111 96 0 0 0 1039.39 4.85064 0.441945 1034.94 4.84189 0.349097 1023.56 16.9257 0.260934 1023.35 39.2805 0.185476 1045.4 4.84924 0.52464 1042.38 23.461 0.604712 1033.23 47.3623 0.466034 1022.65 45.3312 0.691686 1013.25 85.1919 0.560599 1028.82 110.655 0.704957 1028.85 50.5391 0.79829 1013.91 85.2969 0.854381 1007.79 128.928 0.803384 0 0 0 0 0 0 0 0 0 0 0 0 0
4 111 97 0 0 0 1034.47 4.85006 0.426867 1030.09 4.84137 0.313672 1019.06 17.7946 0.1 1017.76 39.3494 0.1 1040.98 4.84813 0.491875 1038.18 23.8192 0.454444 1028.38 47.144 0.302436 1017.71 45.5422 0.68963 1005.63 84.6842 0.602703 1019.25 111.311 0.484086 1024.58 50.6144 0.779638 1011.31 85.4413 0.746934 1007.7 128.931 0.7028 0 0 0 0 0 0 0 0 0 0 0 0 0
4 111 98 0 0 0 1029.91 4.84973 0.179263 1025.76 4.841 0.1 1015.14 18.2268 0.1 1012.17 39.4183 0.1 1037.06 4.84768 0.1 1034.26 24.468 0.1 1023.82 47.3591 0.1 1013.14 45.7564 0.439596 997.6 84.2515 0.452094 1008.8 112.617 0.292487 1020.67 50.6242 0.452283 1009.35 85.6648 0.506181 1007.68 128.93 0.52591 0 0 0 0 0 0 0 0 0 0 0 0 0
4 111 99 0 0 0 1025.34 4.84871 0.423437 1020.1 4.84099 0.304236 1010.71 18.9471 0.231877 1006.58 39.4872 0.116285 1033.37 4.84584 0.355915 1030.34 25.7683 0.364904 1019.9 48.4494 0.26208 1007.71 46.1857 0.623987 990.441 84.2479 0.601241 997.064 114.791 0.480851 1016.98 51.0594 0.696617 1007.18 86.3106 0.643185 1007.46 128.934 0.672162 0 0 0 0 0 0 0 0 0 0 0 0 0
4 111 100 0 0 0 1021.42 4.84659 0.1 1015.98 4.83946 0.1 1006.87 19.0914 0.1 1000.99 39.5561 0.1 1028.6 4.84375 0.1 1025.99 27.2763 0.1 1014.91 49.3234 0.1 1004 47.055 0.1 986.979 84.6807 0.1 993.143 117.395 0.1 1011.77 51.2822 0.1 1001.31 86.5222 0.1 999.862 128.713 0.1 0 0 0 0 0 0 0 0 0 0 0 0 127
4 111 101 1003.66 4.88754 0.121563 1016.63 4.73921 0.613273 1011.19 4.83746 0.523254 1002.51 19.9673 0.460729 996.852 39.7771 0.379582 1023.71 4.78886 0.670086 1021 28.7895 0.708209 1009.79 50.3032 0.65468 999.429 48.1357 0.878825 980.453 84.9013 0.877834 981.629 120.421 0.79389 1007.86 51.7301 0.897774 999.782 87.1737 0.826826 999.649 128.699 0.859074 0 0 0 1005.64 4.89292 0.0775753 0 0 0 1011.51 4.88118 0.131327 0
4 111 102 998.196 4.88132 0.1 1011.85 4.73684 0.591299 1005.98 4.83618 0.45816 996.058 20.4708 0.444626 991.123 39.3421 0.312068 1019.15 4.6813 0.649831 1016.01 30.1016 0.703821 1004.79 52.0406 0.619057 994.859 49.2256 0.851773 975.016 85.5626 0.879625 971.191 123.692 0.841362 1004.15 52.3818 0.845541 997.833 87.834 0.746948 998.996 128.914 0.775626 0 0 0 0 0 0 0 0 0 1007.21 4.87811 0.1 0
4 111 103 992.732 4.8751 0.1 1007.5 4.73324 0.633645 999.276 4.83503 0.492393 987.8 20.4695 0.502259 984.019 39.0519 0.374071 1012.84 4.67965 0.692407 1009.04 29.5557 0.667101 998.367 51.7207 0.600511 991.594 50.7549 0.788394 973.497 86.8683 0.898861 969.876 126.731 0.89208 997.627 53.2454 0.809255 990.674 89.1438 0.741846 990.076 130.867 0.77413 0 0 0 0 0 0 0 0 0 1002.91 4.87504 0.1 0
4 111 104 987.268 4.86887 0.1 1002.28 4.73139 0.601192 991.088 4.83399 0.391413 977.733 19.9633 0.176936 975.54 38.9063 0.1 1007.62 4.6778 0.609189 1004.25 29.5529 0.645866 992.714 51.9497 0.541271 986.393 51.6218 0.701508 971.968 88.3914 0.663367 969.455 127.385 0.714065 991.97 53.675 0.768055 983.506 90.0087 0.854468 981.594 131.094 0.826113 0 0 0 0 0 0 0 0 0 998.611 4.87198 0.1 0
4 111 105 981.804 4.86265 0.1 997.389 4.72959 0.725412 984.564 4.83287 0.633546 970.027 19.53 0.593069 968.582 39.4456 0.468553 1003.81 4.57005 0.1 1001.95 31.2868 0.1 989.443 53.1477 0.1 979.77 52.1715 0.865143 966.326 89.371 0.858201 963.04 128.693 0.852586 987.182 54.3385 0.833483 979.376 91.5229 0.831087 979.974 130.654 0.818265 0 0 0 0 0 0 0 0 0 994.312 4.86891 0.1 0
4 111 106 976.34 4.85643 0.180049 992.818 4.72767 0.71569 980.005 4.83203 0.606152 965.037 19.3143 0.587774 965.208 40.6367 0.462869 998.59 4.5688 0.744786 997.178 32.3763 0.804831 984.871 53.3709 0.671441 974.564 52.8214 0.844527 961.347 90.4516 0.869226 958.04 130.215 0.900279 981.744 54.5647 0.839086 973.936 92.6055 0.796152 976.945 129.561 0.782134 0 0 0 978.225 4.85758 0.144906 0 0 0 990.012 4.86584 0.186541 0
4 111 107 0 0 0 987.597 4.72553 0.650648 977.174 4.83102 0.1 963.961 21.2638 0.1 963.254 42.163 0.1 991.415 4.56799 0.570851 986.962 31.2871 0.294562 978.563 52.2894 0.149915 970.007 53.4699 0.787256 957.436 91.7463 0.742995 954.56 130.874 0.811782 975.012 54.7747 0.863335 966.325 93.4672 0.85777 973.477 128.686 0.88347 0 0 0 0 0 0 0 0 0 986.071 4.88065 0.0747224 0
4 111 108 0 0 0 982.176 4.72427 0.662569 974.787 4.72435 0.1 963.531 22.7919 0.1 961.51 43.0321 0.1 983.588 4.5679 0.557189 976.966 29.765 0.287446 970.524 49.6856 0.172066 966.308 53.9121 0.847092 955.034 92.6095 0.792275 956.295 129.577 0.783195 968.058 54.771 0.808428 958.496 93.9031 0.799461 964.566 129.118 0.874664 0 0 0 0 0 0 0 0 0 988.028 4.88393 0.0758622 0
4 111 109 0 0 0 976.419 4.72413 0.682008 970.982 4.67214 0.525398 962.335 24.7501 0.251204 960.433 44.7378 0.104331 976.629 4.56862 0.667923 969.354 28.7934 0.691553 963.513 47.838 0.429502 961.415 53.9142 0.793952 948.497 92.6101 0.830588 949.559 128.497 0.860307 962.519 54.7634 0.764491 954.579 94.3414 0.69348 963.372 129.554 0.733646 0 0 0 0 0 0 0 0 0 0 0 0 0
4 111 110 0 0 0 971.413 4.82978 0.546529 968.589 4.67321 0.426617 961.473 25.831 0.16307 959.355 46.4435 0.1 969.78 4.62301 0.532355 963.918 28.5726 0.464519 956.559 45.9913 0.235103 957.72 53.7002 0.73636 945.446 92.3912 0.833185 949.126 127.854 0.843983 955.776 54.1062 0.750236 946.323 93.9116 0.666894 955.116 129.563 0.709348 0 0 0 0 0 0 0 0 0 972.354 4.88228 0.0748003 0
4 111 111 0 0 0 966.207 4.83194 0.541188 966.414 4.67498 0.397346 958.862 26.2687 0.231793 958.277 48.1491 0.100769 963.045 4.73155 0.477088 958.476 26.8286 0.175839 949.664 44.1454 0.1 953.589 53.2611 0.606956 943.048 91.9542 0.607674 948.262 127.839 0.650123 949.048 53.4545 0.697649 938.056 93.4807 0.772229 946.205 130.226 0.639745 0 0 0 0 0 0 0 0 0 0 0 0 0
4 111 112 0 0 0 960.987 4.83312 0.574531 961.922 4.67528 0.453558 954.22 26.1959 0.292907 957.2 49.8548 0.124696 960.003 4.73182 0.510249 957.828 28.9946 0.37408 946.19 45.2287 0.202861 947.065 52.8196 0.673165 935.871 91.5254 0.625837 939.133 128.06 0.727891 945.561 53.669 0.735317 934.562 93.4802 0.838122 944.899 130.233 0.765482 0 0 0 0 0 0 0 0 0 0 0 0 0
4 111 113 0 0 0 955.557 4.83274 0.1 959.243 4.56985 0.1 951.786 27.1343 0.1 0 0 0 955.446 4.73137 0.1 953.694 29.4366 0.1 942.386 46.2031 0.1 941.837 52.6008 0.1 930.006 90.873 0.1 931.938 128.706 0.1 941.217 53.6877 0.1 930.645 93.6981 0.1 940.993 130.664 0.1 0 0 0 0 0 0 0 0 0 0 0 0 127
4 111 114 0 0 0 950.564 4.83289 0.368636 957.281 4.46511 0.257045 951.56 29.084 0.108757 960.556 41.1549 0.0761441 948.488 4.83752 0.327625 943.71 27.7058 0.150203 933.916 45.3368 0.1 939.66 52.8061 0.517926 928.479 91.0895 0.48765 932.153 128.703 0.362576 935.555 53.2466 0.580891 923.041 93.4892 0.701289 928.597 132.188 0.762382 0 0 0 0 0 0 0 0 0 0 0 0 0
4 111 115 0 0 0 945.783 4.83287 0.289767 954.021 4.35994 0.175985 950.774 31.1213 0.1 0 0 0 942.186 4.83796 0.240427 934.148 25.9632 0.118891 925.227 44.7861 0.1 936.394 53.0362 0.485698 926.51 91.7431 0.394017 932.361 128.484 0.227328 930.113 53.2489 0.60552 916.512 93.7084 0.691273 916.198 134.576 0.706765 0 0 0 0 0 0 0 0 0 0 0 0 0
4 111 116 0 0 0 940.57 4.72806 0.462259 948.537 4.63512 0.341652 945.292 31.0838 0.149011 0 0 0 936.538 4.83817 0.496577 929.368 25.9671 0.383175 917.843 45.2111 0.24076 932.468 53.2634 0.649767 924.11 91.961 0.509944 932.149 128.261 0.515656 924.879 53.2581 0.778154 910.857 94.1467 0.748771 903.589 136.961 0.705575 0 0 0 0 0 0 0 0 0 0 0 0 0
4 111 117 0 0 0 935.352 4.98515 0.2707 942.774 5.39618 0.151794 939.462 31.3408 0.1 0 0 0 931.829 5.23775 0.226919 925.387 26.6943 0.129953 912.338 46.5817 0.1 927.535 53.6977 0.467271 919.908 92.4677 0.308979 928.007 129.707 0.42977 919.514 53.5595 0.478707 905.424 94.7982 0.442414 896.337 138.111 0.364812 0 0 0 0 0 0 0 0 0 0 0 0 0
4 111 118 0 0 0 930.246 5.60389 0.433644 937.28 6.48407 0.346574 933.607 31.9049 0.150282 0 0 0 927.191 6.0355 0.373876 920.024 27.3869 0.215476 906.596 47.7024 0.230926 922.354 54.5676 0.610702 915.638 93.4792 0.438127 925.168 130.651 0.619294 914.115 54.3658 0.682381 899.774 95.8827 0.635408 888.471 139.554 0.468606 0 0 0 0 0 0 0 0 0 0 0 0 0
4 111 119 0 0 0 925.252 6.58429 0.397755 932.056 7.89881 0.271226 927.728 32.776 0.1 0 0 0 922.626 7.23144 0.360263 913.279 28.0449 0.134328 900.617 48.5733 0.1 916.924 55.8729 0.56834 911.3 94.9957 0.450474 923.632 131.093 0.592913 908.684 55.6772 0.59532 893.906 97.4002 0.670212 879.991 141.292 0.659377 0 0 0 0 0 0 0 0 0 0 0 0 0
4 111 120 0 0 0 919.815 7.07343 0.215245 926.395 8.60553 0.1 925.372 34.9986 0.1 0 0 0 917.078 7.82834 0.201748 905.023 28.1511 0.166888 893.198 49.0519 0.105182 911.923 56.8531 0.465736 906.629 96.3001 0.38387 921.781 130.238 0.516928 903.138 56.4434 0.558877 888.255 98.7014 0.552509 872.275 142.592 0.617881 0 0 0 0 0 0 0 0 0 0 0 0 0
4 111 121 0 0 0 913.523 7.07333 0.1 922.689 8.60656 0.1 923.015 37.2213 0.1 0 0 0 909.901 7.8294 0.1 895.248 24.4644 0.1 885.778 49.5304 0.1 907.36 57.0674 0.1 902.706 96.9512 0.1 919.826 128.937 0.1 897.276 56.2399 0.1 882.831 99.567 0.1 865.104 144.104 0.1 0 0 0 0 0 0 0 0 0 0 0 0 127
4 111 122 0 0 0 907.784 7.69822 0.1 916.988 9.60686 0.1 920.659 39.444 0.1 0 0 0 904.686 8.57897 0.1 891.343 23.9759 0.1 878.358 50.0089 0.1 902.358 56.6324 0.1 896.413 96.3029 0.1 914.832 126.334 0.1 891.832 56.0109 0.1 878.473 99.1292 0.1 860.555 144.969 0.1 0 0 0 0 0 0 0 0 0 0 0 0 127
4 111 123 901.952 4.88176 0.0899888 902.046 8.3231 0.570818 911.286 10.6072 0.467726 918.302 41.6667 0.10726 0 0 0 899.471 9.32855 0.604307 887.437 23.4875 0.392934 870.939 50.4874 0.513859 896.838 56.2899 0.665184 890.376 95.7388 0.654852 909.145 124.506 0.81682 886.404 55.8776 0.795138 874.416 98.4732 0.862751 857.565 145.314 0.841341 0 0 0 0 0 0 0 0 0 903.943 4.86373 0.19014 0
4 111 124 0 0 0 896.307 8.94799 0.1 905.584 11.6075 0.1 0 0 0 0 0 0 894.255 10.0781 0.1 883.532 22.999 0.1 0 0 0 892.1 56.022 0.1 884.603 95.0463 0.1 902.772 123.46 0.1 880.968 55.6081 0.1 870.245 97.825 0.1 855.919 145.358 0.1 0 0 0 0 0 0 0 0 0 0 0 0 127
4 111 125 0 0 0 890.569 9.57288 0.325941 899.883 12.6078 0.244062 0 0 0 0 0 0 889.04 10.8277 0.314064 879.626 22.5105 0.218137 0 0 0 887.062 55.6297 0.6191 878.868 94.661 0.544645 895.916 123.411 0.669973 876.404 55.4286 0.691629 867.026 97.1755 0.782888 854.968 145.102 0.854096 0 0 0 0 0 0 0 0 0 0 0 0 0
4 111 126 0 0 0 886.292 4.84264 0.0901303 0 0 0 0 0 0 0 0 0 882.355 4.85691 0.0607015 0 0 0 0 0 0 882.299 55.111 0.387157 873.464 94.5067 0.292902 888.803 124.215 0.379762 871.982 55.0483 0.432639 864.111 96.7427 0.459417 854.347 144.686 0.489308 0 0 0 0 0 0 0 0 0 0 0 0 0
4 111 127 0 0 0 0 0 0 0 0 0 0 0 0 0 0 0 0 0 0 0 0 0 0 0 0 877.809 54.4659 0.1 868.39 94.5832 0.1 881.432 125.872 0.1 867.701 54.4673 0.1 861.501 96.5266 0.1 854.058 144.109 0.1 0 0 0 0 0 0 0 0 0 0 0 0 127
4 111 128 0 0 0 0 0 0 0 0 0 0 0 0 0 0 0 0 0 0 0 0 0 0 0 0 873.682 53.8111 0.1 863.824 94.3699 0.1 874.702 127.605 0.1 862.489 53.5909 0.1 854.533 93.6994 0.1 846.889 140.852 0.1 0 0 0 0 0 0 0 0 0 0 0 0 127
4 111 129 0 0 0 0 0 0 0 0 0 0 0 0 0 0 0 0 0 0 0 0 0 0 0 0 868.898 52.8359 0.1 854.795 91.9769 0.1 860.254 126.942 0.1 858.466 53.0359 0.1 852.138 93.4802 0.1 846.995 140.632 0.1 0 0 0 0 0 0 0 0 0 0 0 0 127
4 111 130 0 0 0 0 0 0 0 0 0 0 0 0 0 0 0 0 0 0 0 0 0 0 0 0 863.809 52.4916 0.1 845.662 89.8004 0.1 846.43 126.977 0.1 854.25 53.0678 0.1 849.527 93.5226 0.1 847.032 140.241 0.1 0 0 0 0 0 0 0 0 0 0 0 0 127
4 111 131 0 0 0 859.813 4.8317 0.542607 871.846 4.49797 0.387459 882.432 37.1121 0.282574 0 0 0 846.884 4.83635 0.477885 853.774 26.8127 0.166557 844.409 51.2824 0.118479 857.549 52.4546 0.626996 837.166 88.7123 0.591772 833.783 127.928 0.54372 850.387 53.3725 0.708965 846.279 94.4776 0.381387 846.887 139.899 0.348781 0 0 0 0 0 0 0 0 0 0 0 0 0
4 111 132 0 0 0 853.729 4.83343 0.626103 861.853 4.56685 0.471286 876.501 39.0578 0.441875 0 0 0 844.29 4.83722 0.538307 849.532 27.0983 0.265294 841.33 51.8429 0.1 850.853 52.4136 0.726393 828.411 87.3199 0.75603 821.481 128.144 0.78697 846.437 53.6347 0.780882 842.942 95.2561 0.772681 846.528 139.469 0.746909 0 0 0 0 0 0 0 0 0 0 0 0 0
4 111 133 0 0 0 847.645 4.83516 0.324135 851.859 4.63574 0.226999 0 0 0 0 0 0 841.695 4.83809 0.28182 845.29 27.3839 0.372537 838.251 52.4035 0.204194 843.72 52.3687 0.60173 819.397 85.6232 0.790529 809.524 127.625 0.81638 842.399 53.8542 0.705538 839.516 95.858 0.776725 845.953 138.954 0.835809 0 0 0 0 0 0 0 0 0 0 0 0 0
4 111 134 0 0 0 841.561 4.83689 0.1 841.865 4.70462 0.1 0 0 0 0 0 0 839.1 4.83895 0.1 841.048 27.6694 0.1 835.171 52.9641 0.1 836.152 52.32 0.1 810.125 83.6223 0.1 797.911 126.371 0.1 838.275 54.0311 0.1 836.001 96.2834 0.1 845.163 138.352 0.1 0 0 0 0 0 0 0 0 0 0 0 0 127
4 111 135 0 0 0 835.405 4.83787 0.1 832.359 4.70477 0.1 0 0 0 0 0 0 836.013 4.83871 0.1 835.195 27.3932 0.1 832.092 53.5247 0.1 827.877 51.9387 0.1 798.986 80.346 0.1 783.887 123.004 0.1 834.464 54.0529 0.1 833.809 97.1503 0.1 846.292 138.63 0.1 0 0 0 0 0 0 0 0 0 0 0 0 127
4 111 136 0 0 0 829.537 4.83799 0.1 821.937 4.80475 0.1 0 0 0 0 0 0 835.085 4.83779 0.1 835.915 29.8476 0.1 829.217 53.4889 0.1 819.602 51.5575 0.1 787.847 77.0697 0.1 769.864 119.637 0.1 830.652 54.0746 0.1 831.617 98.0172 0.1 847.421 138.909 0.1 0 0 0 0 0 0 0 0 0 0 0 0 127
4 111 137 0 0 0 823.668 4.83811 0.1 811.516 4.90474 0.1 0 0 0 0 0 0 834.157 4.83687 0.1 836.634 32.3019 0.1 826.342 53.4531 0.1 811.327 51.1762 0.1 776.708 73.7933 0.1 755.841 116.27 0.1 826.841 54.0964 0.1 829.425 98.8841 0.1 848.55 139.187 0.1 0 0 0 0 0 0 0 0 0 0 0 0 127
4 111 138 0 0 0 817.799 4.83824 0.607152 801.094 5.00473 0.505051 794.333 21.4846 0.360826 792.417 46.9563 0.222407 833.229 4.83594 0.661167 837.354 34.7562 0.698328 823.467 53.4173 0.533091 803.052 50.795 0.846123 765.569 70.517 0.859438 741.818 112.903 0.836116 823.03 54.1182 0.880538 827.233 99.751 0.798815 849.679 139.465 0.814028 0 0 0 0 0 0 0 0 0 813.88 4.86581 0.13115 0
4 111 139 0 0 0 0 0 0 0 0 0 0 0 0 0 0 0 0 0 0 0 0 0 0 0 0 0 0 0 0 0 0 0 0 0 0 0 0 0 0 0 0 0 0 0 0 0 0 0 0 0 0 0 0 0 0 127
4 111 140 0 0 0 0 0 0 0 0 0 0 0 0 0 0 0 0 0 0 0 0 0 0 0 0 0 0 0 0 0 0 0 0 0 0 0 0 0 0 0 0 0 0 0 0 0 0 0 0 0 0 0 0 0 0 127
4 111 141 0 0 0 0 0 0 0 0 0 0 0 0 0 0 0 0 0 0 0 0 0 0 0 0 0 0 0 0 0 0 0 0 0 0 0 0 0 0 0 0 0 0 0 0 0 0 0 0 0 0 0 0 0 0 127
4 111 142 0 0 0 0 0 0 0 0 0 0 0 0 0 0 0 0 0 0 0 0 0 0 0 0 0 0 0 0 0 0 0 0 0 0 0 0 0 0 0 0 0 0 0 0 0 0 0 0 0 0 0 0 0 0 127
4 111 143 0 0 0 0 0 0 0 0 0 0 0 0 0 0 0 0 0 0 0 0 0 0 0 0 0 0 0 0 0 0 0 0 0 0 0 0 0 0 0 0 0 0 0 0 0 0 0 0 0 0 0 0 0 0 127
4 111 144 0 0 0 0 0 0 0 0 0 0 0 0 0 0 0 0 0 0 0 0 0 0 0 0 0 0 0 0 0 0 0 0 0 0 0 0 0 0 0 0 0 0 0 0 0 0 0 0 0 0 0 0 0 0 127
4 111 145 0 0 0 0 0 0 0 0 0 0 0 0 0 0 0 0 0 0 0 0 0 0 0 0 0 0 0 0 0 0 0 0 0 0 0 0 0 0 0 0 0 0 0 0 0 0 0 0 0 0 0 0 0 0 127
4 111 146 0 0 0 0 0 0 0 0 0 0 0 0 0 0 0 0 0 0 0 0 0 0 0 0 0 0 0 0 0 0 0 0 0 0 0 0 0 0 0 0 0 0 0 0 0 0 0 0 0 0 0 0 0 0 127
4 111 147 0 0 0 0 0 0 0 0 0 0 0 0 0 0 0 0 0 0 0 0 0 0 0 0 0 0 0 0 0 0 0 0 0 0 0 0 0 0 0 0 0 0 0 0 0 0 0 0 0 0 0 0 0 0 127
4 111 148 0 0 0 0 0 0 0 0 0 0 0 0 0 0 0 0 0 0 0 0 0 0 0 0 0 0 0 0 0 0 0 0 0 0 0 0 0 0 0 0 0 0 0 0 0 0 0 0 0 0 0 0 0 0 127
4 111 149 0 0 0 0 0 0 0 0 0 0 0 0 0 0 0 0 0 0 0 0 0 0 0 0 0 0 0 0 0 0 0 0 0 0 0 0 0 0 0 0 0 0 0 0 0 0 0 0 0 0 0 0 0 0 127
4 111 150 0 0 0 0 0 0 0 0 0 0 0 0 0 0 0 0 0 0 0 0 0 0 0 0 0 0 0 0 0 0 0 0 0 0 0 0 0 0 0 0 0 0 0 0 0 0 0 0 0 0 0 0 0 0 127
4 111 151 0 0 0 0 0 0 0 0 0 0 0 0 0 0 0 0 0 0 0 0 0 0 0 0 0 0 0 0 0 0 0 0 0 0 0 0 0 0 0 0 0 0 0 0 0 0 0 0 0 0 0 0 0 0 127
4 111 152 0 0 0 0 0 0 0 0 0 0 0 0 0 0 0 0 0 0 0 0 0 0 0 0 0 0 0 0 0 0 0 0 0 0 0 0 0 0 0 0 0 0 0 0 0 0 0 0 0 0 0 0 0 0 127
4 111 153 0 0 0 0 0 0 0 0 0 0 0 0 0 0 0 0 0 0 0 0 0 0 0 0 0 0 0 0 0 0 0 0 0 0 0 0 0 0 0 0 0 0 0 0 0 0 0 0 0 0 0 0 0 0 127
4 111 154 0 0 0 0 0 0 0 0 0 0 0 0 0 0 0 0 0 0 0 0 0 0 0 0 0 0 0 0 0 0 0 0 0 0 0 0 0 0 0 0 0 0 0 0 0 0 0 0 0 0 0 0 0 0 127
4 111 155 0 0 0 0 0 0 0 0 0 0 0 0 0 0 0 0 0 0 0 0 0 0 0 0 0 0 0 0 0 0 0 0 0 0 0 0 0 0 0 0 0 0 0 0 0 0 0 0 0 0 0 0 0 0 127
4 111 156 0 0 0 0 0 0 0 0 0 0 0 0 0 0 0 0 0 0 0 0 0 0 0 0 0 0 0 0 0 0 0 0 0 0 0 0 0 0 0 0 0 0 0 0 0 0 0 0 0 0 0 0 0 0 127
4 111 157 0 0 0 725.948 4.86996 0.270428 714.102 4.85503 0.21287 704.365 19.555 0.24092 706.313 39.1711 0.231299 743.428 4.85486 0.295173 743.559 29.3442 0.643411 716.068 48.9052 0.487625 712.233 43.0703 0.559461 718.031 86.0345 0.333672 743.521 105.711 0.203887 729.76 50.8005 0.60792 725.851 84.1983 0.581489 751.322 115.337 0.585258 0 0 0 0 0 0 0 0 0 0 0 0 0
4 111 158 0 0 0 725.899 4.86837 0.154811 710.24 4.86334 0.12886 706.271 21.5789 0.109332 0 0 0 741.417 4.85141 0.183305 741.56 31.302 0.42569 710.228 50.8444 0.335583 710.289 43.0985 0.350169 710.166 84.0981 0.136302 733.702 101.684 0.130414 725.93 50.8658 0.349821 712.24 82.1489 0.245231 702.427 136.968 0.174312 0 0 0 0 0 0 0 0 0 0 0 0 0
4 111 159 0 0 0 0 0 0 0 0 0 0 0 0 0 0 0 0 0 0 0 0 0 0 0 0 0 0 0 0 0 0 0 0 0 0 0 0 0 0 0 0 0 0 0 0 0 0 0 0 0 0 0 0 0 0 127
4 111 160 0 0 0 0 0 0 0 0 0 0 0 0 0 0 0 0 0 0 0 0 0 0 0 0 0 0 0 0 0 0 0 0 0 0 0 0 0 0 0 0 0 0 0 0 0 0 0 0 0 0 0 0 0 0 127
4 111 161 0 0 0 0 0 0 0 0 0 0 0 0 0 0 0 0 0 0 0 0 0 0 0 0 0 0 0 0 0 0 0 0 0 0 0 0 0 0 0 0 0 0 0 0 0 0 0 0 0 0 0 0 0 0 127
4 111 162 0 0 0 0 0 0 0 0 0 0 0 0 0 0 0 0 0 0 0 0 0 0 0 0 0 0 0 0 0 0 0 0 0 0 0 0 0 0 0 0 0 0 0 0 0 0 0 0 0 0 0 0 0 0 127
4 111 163 0 0 0 0 0 0 0 0 0 0 0 0 0 0 0 0 0 0 0 0 0 0 0 0 0 0 0 0 0 0 0 0 0 0 0 0 0 0 0 0 0 0 0 0 0 0 0 0 0 0 0 0 0 0 127
4 111 164 0 0 0 700.471 4.87376 0.172139 710.251 4.85653 0.121806 0 0 0 0 0 0 694.595 4.85923 0.164423 680.893 17.5886 0.328093 680.874 41.0753 0.414237 710.152 43.0382 0.543885 696.448 86.1547 0.516896 694.522 123.243 0.443971 694.653 44.9852 0.61075 669.122 84.1762 0.718943 684.789 131.043 0.675339 0 0 0 0 0 0 0 0 0 0 0 0 0
4 111 165 0 0 0 697.485 4.87668 0.1 0 0 0 0 0 0 0 0 0 687.698 4.8518 0.1 675.04 18.5737 0.1 678.922 44.975 0.1 710.169 41.0945 0.1 696.471 86.1285 0.1 696.523 128.129 0.1 692.66 43.0303 0.1 667.13 85.0939 0.1 673.966 132.072 0.1 0 0 0 0 0 0 0 0 0 0 0 0 127
4 111 166 0 0 0 694.499 4.8796 0.180776 702.42 4.86857 0.0955415 0 0 0 0 0 0 680.802 4.84438 0.170337 669.187 19.5587 0.570282 676.97 48.8747 0.731308 710.186 39.1509 0.726342 696.495 86.1023 0.833547 698.524 133.016 0.759481 690.668 41.0755 0.710654 665.138 86.0116 0.846497 663.144 133.102 0.812624 0 0 0 0 0 0 0 0 0 0 0 0 0
4 111 167 0 0 0 0 0 0 0 0 0 0 0 0 0 0 0 0 0 0 0 0 0 0 0 0 0 0 0 0 0 0 0 0 0 0 0 0 0 0 0 0 0 0 0 0 0 0 0 0 0 0 0 0 0 0 127
4 111 168 0 0 0 0 0 0 0 0 0 0 0 0 0 0 0 0 0 0 0 0 0 0 0 0 0 0 0 0 0 0 0 0 0 0 0 0 0 0 0 0 0 0 0 0 0 0 0 0 0 0 0 0 0 0 127
4 111 169 0 0 0 0 0 0 0 0 0 0 0 0 0 0 0 0 0 0 0 0 0 0 0 0 0 0 0 0 0 0 0 0 0 0 0 0 0 0 0 0 0 0 0 0 0 0 0 0 0 0 0 0 0 0 127
4 111 170 0 0 0 0 0 0 0 0 0 0 0 0 0 0 0 0 0 0 0 0 0 0 0 0 0 0 0 0 0 0 0 0 0 0 0 0 0 0 0 0 0 0 0 0 0 0 0 0 0 0 0 0 0 0 127
4 111 171 0 0 0 0 0 0 0 0 0 0 0 0 0 0 0 0 0 0 0 0 0 0 0 0 0 0 0 0 0 0 0 0 0 0 0 0 0 0 0 0 0 0 0 0 0 0 0 0 0 0 0 0 0 0 127
4 111 172 0 0 0 0 0 0 0 0 0 0 0 0 0 0 0 0 0 0 0 0 0 0 0 0 0 0 0 0 0 0 0 0 0 0 0 0 0 0 0 0 0 0 0 0 0 0 0 0 0 0 0 0 0 0 127
4 111 173 0 0 0 0 0 0 0 0 0 0 0 0 0 0 0 0 0 0 0 0 0 0 0 0 0 0 0 0 0 0 0 0 0 0 0 0 0 0 0 0 0 0 0 0 0 0 0 0 0 0 0 0 0 0 127
4 111 174 0 0 0 0 0 0 0 0 0 0 0 0 0 0 0 0 0 0 0 0 0 0 0 0 0 0 0 0 0 0 0 0 0 0 0 0 0 0 0 0 0 0 0 0 0 0 0 0 0 0 0 0 0 0 127
4 111 175 0 0 0 650.253 3.72323 0.741179 629.014 4.66893 0.664584 615.67 33.8904 0.599102 631.834 56.7933 0.495016 0 0 0 0 0 0 0 0 0 629.397 69.0868 0.820859 615.089 104.981 0.839813 609.853 155.564 0.844404 654.799 71.0563 0.790909 650.635 112.481 0.800915 695.566 132.994 0.73408 0 0 0 0 0 0 637.826 4.8634 0.0559038 0 0 0 0
4 111 176 635.899 4.85942 0.13637 648.262 4.19508 0.777995 641.736 4.201 0.655123 635.263 35.8226 0.504744 618.3 54.7648 0.275857 0 0 0 0 0 0 0 0 0 637.179 67.1393 0.791601 622.849 106.948 0.819796 635.272 146.737 0.875681 645.012 69.1041 0.833307 633.935 109.565 0.736121 661.348 140.847 0.749103 0 0 0 0 0 0 0 0 0 0 0 0 0
4 111 177 0 0 0 646.271 4.66693 0.398325 654.458 3.73307 0.300393 654.856 37.7549 0.150676 647.591 56.7272 0.0955642 633.922 4.82754 0.405754 618.319 31.2986 0.480962 626.087 62.6209 0.605331 644.96 65.1919 0.612882 630.61 108.916 0.790661 660.69 137.91 0.69157 635.224 67.1519 0.743184 617.236 106.649 0.752902 627.13 148.7 0.84357 0 0 0 0 0 0 0 0 0 0 0 0 0
4 111 178 0 0 0 0 0 0 0 0 0 0 0 0 0 0 0 0 0 0 0 0 0 0 0 0 0 0 0 0 0 0 0 0 0 0 0 0 0 0 0 0 0 0 0 0 0 0 0 0 0 0 0 0 0 0 127
4 111 179 0 0 0 0 0 0 0 0 0 0 0 0 0 0 0 0 0 0 0 0 0 0 0 0 0 0 0 0 0 0 0 0 0 0 0 0 0 0 0 0 0 0 0 0 0 0 0 0 0 0 0 0 0 0 127
4 111 180 0 0 0 0 0 0 0 0 0 0 0 0 0 0 0 0 0 0 0 0 0 0 0 0 0 0 0 0 0 0 0 0 0 0 0 0 0 0 0 0 0 0 0 0 0 0 0 0 0 0 0 0 0 0 127
4 111 181 0 0 0 0 0 0 0 0 0 0 0 0 0 0 0 0 0 0 0 0 0 0 0 0 0 0 0 0 0 0 0 0 0 0 0 0 0 0 0 0 0 0 0 0 0 0 0 0 0 0 0 0 0 0 127
4 111 182 0 0 0 0 0 0 0 0 0 0 0 0 0 0 0 0 0 0 0 0 0 0 0 0 0 0 0 0 0 0 0 0 0 0 0 0 0 0 0 0 0 0 0 0 0 0 0 0 0 0 0 0 0 0 127
4 111 183 0 0 0 0 0 0 0 0 0 0 0 0 0 0 0 0 0 0 0 0 0 0 0 0 0 0 0 0 0 0 0 0 0 0 0 0 0 0 0 0 0 0 0 0 0 0 0 0 0 0 0 0 0 0 127
4 111 184 0 0 0 0 0 0 0 0 0 0 0 0 0 0 0 0 0 0 0 0 0 0 0 0 0 0 0 0 0 0 0 0 0 0 0 0 0 0 0 0 0 0 0 0 0 0 0 0 0 0 0 0 0 0 127
4 111 185 0 0 0 0 0 0 0 0 0 0 0 0 0 0 0 0 0 0 0 0 0 0 0 0 0 0 0 0 0 0 0 0 0 0 0 0 0 0 0 0 0 0 0 0 0 0 0 0 0 0 0 0 0 0 127
4 111 186 0 0 0 0 0 0 0 0 0 0 0 0 0 0 0 0 0 0 0 0 0 0 0 0 0 0 0 0 0 0 0 0 0 0 0 0 0 0 0 0 0 0 0 0 0 0 0 0 0 0 0 0 0 0 127
4 111 187 0 0 0 617.102 4.22517 0.222677 624.115 4.83009 0.141654 0 0 0 0 0 0 608.493 4.8413 0.211223 0 0 0 0 0 0 614.812 63.1687 0.419832 598.685 109.46 0.562421 618.483 148.499 0.7655 604.113 63.5466 0.557548 593.675 112.115 0.637727 605.644 153.106 0.589717 0 0 0 0 0 0 0 0 0 0 0 0 0
4 111 188 0 0 0 611.79 4.29251 0.39181 0 0 0 0 0 0 0 0 0 602.643 4.8275 0.39465 584.992 31.2821 0.280783 586.897 62.5832 0.169739 613.346 62.8901 0.512418 596.717 110.233 0.607568 618.141 148.84 0.566668 602.865 64.5199 0.680019 590.329 113.025 0.705377 601.186 156.307 0.413502 0 0 0 0 0 0 0 0 0 0 0 0 0
4 111 189 0 0 0 606.479 4.35985 0.1 0 0 0 0 0 0 0 0 0 0 0 0 0 0 0 0 0 0 611.88 62.6115 0.1 594.75 111.006 0.1 617.799 149.18 0.1 601.616 65.4932 0.1 586.982 113.934 0.1 596.728 159.508 0.1 0 0 0 0 0 0 0 0 0 0 0 0 127
4 111 190 0 0 0 601.167 4.42719 0.1 0 0 0 0 0 0 0 0 0 0 0 0 0 0 0 0 0 0 610.415 62.3329 0.1 592.782 111.78 0.1 617.457 149.521 0.1 600.367 66.4666 0.1 583.636 114.844 0.1 592.27 162.709 0.1 0 0 0 0 0 0 0 0 0 0 0 0 127
4 111 191 0 0 0 597.266 6.53451 0.1 0 0 0 0 0 0 0 0 0 0 0 0 0 0 0 0 0 0 608.189 63.455 0.1 591.095 112.886 0.1 617.18 149.527 0.1 598.692 67.8764 0.1 580.84 115.682 0.1 590.602 164.105 0.1 0 0 0 0 0 0 0 0 0 0 0 0 127
4 111 192 0 0 0 592.806 8.28406 0.1 0 0 0 0 0 0 0 0 0 0 0 0 0 0 0 0 0 0 606.516 63.5969 0.1 589.345 113.443 0.1 616.839 149.676 0.1 597.235 68.4462 0.1 577.689 116.393 0.1 582.579 168.759 0.1 0 0 0 0 0 0 0 0 0 0 0 0 127
4 111 193 0 0 0 588.347 10.0336 0.230183 585.018 4.84522 0.161644 0 0 0 0 0 0 0 0 0 0 0 0 0 0 0 604.842 63.7389 0.568705 587.595 114 0.720129 616.498 149.825 0.83028 595.778 69.0161 0.700054 574.539 117.105 0.751202 574.557 173.414 0.737352 0 0 0 0 0 0 0 0 0 0 0 0 0
4 111 194 0 0 0 583.887 11.7832 0.423978 590.893 17.5523 0.324351 0 0 0 0 0 0 586.963 21.5186 0.501702 579.132 58.7108 0.42775 553.744 99.816 0.494011 603.168 63.8809 0.619693 585.845 114.557 0.714612 616.157 149.975 0.814263 594.32 69.5859 0.686246 571.389 117.816 0.732806 566.535 178.068 0.670063 0 0 0 0 0 0 0 0 0 584.993 4.85173 0.142587 0
4 111 195 0 0 0 0 0 0 0 0 0 0 0 0 0 0 0 0 0 0 0 0 0 0 0 0 0 0 0 0 0 0 0 0 0 0 0 0 0 0 0 0 0 0 0 0 0 0 0 0 0 0 0 0 0 0 127
4 111 196 0 0 0 0 0 0 0 0 0 0 0 0 0 0 0 0 0 0 0 0 0 0 0 0 0 0 0 0 0 0 0 0 0 0 0 0 0 0 0 0 0 0 0 0 0 0 0 0 0 0 0 0 0 0 127
4 111 197 0 0 0 0 0 0 0 0 0 0 0 0 0 0 0 0 0 0 0 0 0 0 0 0 0 0 0 0 0 0 0 0 0 0 0 0 0 0 0 0 0 0 0 0 0 0 0 0 0 0 0 0 0 0 127
4 111 198 0 0 0 0 0 0 0 0 0 0 0 0 0 0 0 0 0 0 0 0 0 0 0 0 0 0 0 0 0 0 0 0 0 0 0 0 0 0 0 0 0 0 0 0 0 0 0 0 0 0 0 0 0 0 127
4 111 199 0 0 0 0 0 0 0 0 0 0 0 0 0 0 0 0 0 0 0 0 0 0 0 0 0 0 0 0 0 0 0 0 0 0 0 0 0 0 0 0 0 0 0 0 0 0 0 0 0 0 0 0 0 0 127
4 111 200 0 0 0 0 0 0 0 0 0 0 0 0 0 0 0 0 0 0 0 0 0 0 0 0 0 0 0 0 0 0 0 0 0 0 0 0 0 0 0 0 0 0 0 0 0 0 0 0 0 0 0 0 0 0 127
4 111 201 0 0 0 0 0 0 0 0 0 0 0 0 0 0 0 0 0 0 0 0 0 0 0 0 0 0 0 0 0 0 0 0 0 0 0 0 0 0 0 0 0 0 0 0 0 0 0 0 0 0 0 0 0 0 127
4 111 202 0 0 0 0 0 0 0 0 0 0 0 0 0 0 0 0 0 0 0 0 0 0 0 0 0 0 0 0 0 0 0 0 0 0 0 0 0 0 0 0 0 0 0 0 0 0 0 0 0 0 0 0 0 0 127
4 111 203 0 0 0 0 0 0 0 0 0 0 0 0 0 0 0 0 0 0 0 0 0 0 0 0 0 0 0 0 0 0 0 0 0 0 0 0 0 0 0 0 0 0 0 0 0 0 0 0 0 0 0 0 0 0 127
4 111 204 0 0 0 0 0 0 0 0 0 0 0 0 0 0 0 0 0 0 0 0 0 0 0 0 0 0 0 0 0 0 0 0 0 0 0 0 0 0 0 0 0 0 0 0 0 0 0 0 0 0 0 0 0 0 127
4 111 205 0 0 0 0 0 0 0 0 0 0 0 0 0 0 0 0 0 0 0 0 0 0 0 0 0 0 0 0 0 0 0 0 0 0 0 0 0 0 0 0 0 0 0 0 0 0 0 0 0 0 0 0 0 0 127
4 111 206 0 0 0 0 0 0 0 0 0 0 0 0 0 0 0 0 0 0 0 0 0 0 0 0 0 0 0 0 0 0 0 0 0 0 0 0 0 0 0 0 0 0 0 0 0 0 0 0 0 0 0 0 0 0 127
4 111 207 0 0 0 0 0 0 0 0 0 0 0 0 0 0 0 0 0 0 0 0 0 0 0 0 0 0 0 0 0 0 0 0 0 0 0 0 0 0 0 0 0 0 0 0 0 0 0 0 0 0 0 0 0 0 127
4 111 208 0 0 0 0 0 0 0 0 0 0 0 0 0 0 0 0 0 0 0 0 0 0 0 0 0 0 0 0 0 0 0 0 0 0 0 0 0 0 0 0 0 0 0 0 0 0 0 0 0 0 0 0 0 0 127
4 111 209 0 0 0 0 0 0 0 0 0 0 0 0 0 0 0 0 0 0 0 0 0 0 0 0 0 0 0 0 0 0 0 0 0 0 0 0 0 0 0 0 0 0 0 0 0 0 0 0 0 0 0 0 0 0 127
4 111 210 0 0 0 0 0 0 0 0 0 0 0 0 0 0 0 0 0 0 0 0 0 0 0 0 0 0 0 0 0 0 0 0 0 0 0 0 0 0 0 0 0 0 0 0 0 0 0 0 0 0 0 0 0 0 127
4 111 211 0 0 0 0 0 0 0 0 0 0 0 0 0 0 0 0 0 0 0 0 0 0 0 0 0 0 0 0 0 0 0 0 0 0 0 0 0 0 0 0 0 0 0 0 0 0 0 0 0 0 0 0 0 0 127
4 111 212 0 0 0 0 0 0 0 0 0 0 0 0 0 0 0 0 0 0 0 0 0 0 0 0 0 0 0 0 0 0 0 0 0 0 0 0 0 0 0 0 0 0 0 0 0 0 0 0 0 0 0 0 0 0 127
4 111 213 0 0 0 0 0 0 0 0 0 0 0 0 0 0 0 0 0 0 0 0 0 0 0 0 0 0 0 0 0 0 0 0 0 0 0 0 0 0 0 0 0 0 0 0 0 0 0 0 0 0 0 0 0 0 127
4 111 214 0 0 0 0 0 0 0 0 0 0 0 0 0 0 0 0 0 0 0 0 0 0 0 0 0 0 0 0 0 0 0 0 0 0 0 0 0 0 0 0 0 0 0 0 0 0 0 0 0 0 0 0 0 0 127
4 111 215 0 0 0 0 0 0 0 0 0 0 0 0 0 0 0 0 0 0 0 0 0 0 0 0 0 0 0 0 0 0 0 0 0 0 0 0 0 0 0 0 0 0 0 0 0 0 0 0 0 0 0 0 0 0 127
4 111 216 0 0 0 0 0 0 0 0 0 0 0 0 0 0 0 0 0 0 0 0 0 0 0 0 0 0 0 0 0 0 0 0 0 0 0 0 0 0 0 0 0 0 0 0 0 0 0 0 0 0 0 0 0 0 127
4 111 217 0 0 0 0 0 0 0 0 0 0 0 0 0 0 0 0 0 0 0 0 0 0 0 0 0 0 0 0 0 0 0 0 0 0 0 0 0 0 0 0 0 0 0 0 0 0 0 0 0 0 0 0 0 0 127
4 111 218 0 0 0 0 0 0 0 0 0 0 0 0 0 0 0 0 0 0 0 0 0 0 0 0 0 0 0 0 0 0 0 0 0 0 0 0 0 0 0 0 0 0 0 0 0 0 0 0 0 0 0 0 0 0 127
4 111 219 0 0 0 0 0 0 0 0 0 0 0 0 0 0 0 0 0 0 0 0 0 0 0 0 0 0 0 0 0 0 0 0 0 0 0 0 0 0 0 0 0 0 0 0 0 0 0 0 0 0 0 0 0 0 127
4 111 220 0 0 0 0 0 0 0 0 0 0 0 0 0 0 0 0 0 0 0 0 0 0 0 0 0 0 0 0 0 0 0 0 0 0 0 0 0 0 0 0 0 0 0 0 0 0 0 0 0 0 0 0 0 0 127
4 111 221 0 0 0 0 0 0 0 0 0 0 0 0 0 0 0 0 0 0 0 0 0 0 0 0 0 0 0 0 0 0 0 0 0 0 0 0 0 0 0 0 0 0 0 0 0 0 0 0 0 0 0 0 0 0 127
4 111 222 0 0 0 0 0 0 0 0 0 0 0 0 0 0 0 0 0 0 0 0 0 0 0 0 0 0 0 0 0 0 0 0 0 0 0 0 0 0 0 0 0 0 0 0 0 0 0 0 0 0 0 0 0 0 127
4 111 223 0 0 0 0 0 0 0 0 0 0 0 0 0 0 0 0 0 0 0 0 0 0 0 0 0 0 0 0 0 0 0 0 0 0 0 0 0 0 0 0 0 0 0 0 0 0 0 0 0 0 0 0 0 0 127
4 111 224 0 0 0 0 0 0 0 0 0 0 0 0 0 0 0 0 0 0 0 0 0 0 0 0 0 0 0 0 0 0 0 0 0 0 0 0 0 0 0 0 0 0 0 0 0 0 0 0 0 0 0 0 0 0 127
4 111 225 0 0 0 0 0 0 0 0 0 0 0 0 0 0 0 0 0 0 0 0 0 0 0 0 0 0 0 0 0 0 0 0 0 0 0 0 0 0 0 0 0 0 0 0 0 0 0 0 0 0 0 0 0 0 127
4 111 226 0 0 0 0 0 0 0 0 0 0 0 0 0 0 0 0 0 0 0 0 0 0 0 0 0 0 0 0 0 0 0 0 0 0 0 0 0 0 0 0 0 0 0 0 0 0 0 0 0 0 0 0 0 0 127
4 111 227 0 0 0 0 0 0 0 0 0 0 0 0 0 0 0 0 0 0 0 0 0 0 0 0 0 0 0 0 0 0 0 0 0 0 0 0 0 0 0 0 0 0 0 0 0 0 0 0 0 0 0 0 0 0 127
4 111 228 0 0 0 0 0 0 0 0 0 0 0 0 0 0 0 0 0 0 0 0 0 0 0 0 0 0 0 0 0 0 0 0 0 0 0 0 0 0 0 0 0 0 0 0 0 0 0 0 0 0 0 0 0 0 127
4 111 229 0 0 0 0 0 0 0 0 0 0 0 0 0 0 0 0 0 0 0 0 0 0 0 0 0 0 0 0 0 0 0 0 0 0 0 0 0 0 0 0 0 0 0 0 0 0 0 0 0 0 0 0 0 0 127
4 111 230 0 0 0 0 0 0 0 0 0 0 0 0 0 0 0 0 0 0 0 0 0 0 0 0 0 0 0 0 0 0 0 0 0 0 0 0 0 0 0 0 0 0 0 0 0 0 0 0 0 0 0 0 0 0 127
4 111 231 0 0 0 0 0 0 0 0 0 0 0 0 0 0 0 0 0 0 0 0 0 0 0 0 0 0 0 0 0 0 0 0 0 0 0 0 0 0 0 0 0 0 0 0 0 0 0 0 0 0 0 0 0 0 127
4 111 232 0 0 0 586.967 54.7836 0.070379 600.684 54.7665 0.0556614 0 0 0 0 0 0 0 0 0 0 0 0 0 0 0 604.53 97.7928 0.264315 600.709 147.693 0.352698 605.369 196.188 0.375171 584.333 101.678 0.227904 575.307 158.434 0.360533 571.287 209.347 0.300672 0 0 0 0 0 0 0 0 0 0 0 0 0
4 111 233 0 0 0 0 0 0 0 0 0 0 0 0 0 0 0 0 0 0 0 0 0 0 0 0 606.302 99.4622 0.1 601.699 148.708 0.1 605.257 197.278 0.1 584.936 102.722 0.1 575.664 158.256 0.1 571.36 209.339 0.1 0 0 0 0 0 0 0 0 0 0 0 0 127
4 111 234 0 0 0 587.899 52.7359 0.262938 604.254 44.5386 0.269184 620.629 64.4934 0.255034 0 0 0 574.038 49.6773 0.222948 565.951 81.7518 0.143021 559.276 101.486 0.136735 608.075 101.132 0.644523 602.69 149.723 0.836929 605.145 198.368 0.794179 585.539 103.766 0.668427 576.021 158.077 0.72146 571.433 209.331 0.718052 0 0 0 0 0 0 0 0 0 0 0 0 0
4 111 235 0 0 0 590.054 51.1859 0.198793 606.67 44.1156 0.200406 624.38 65.3178 0.195105 0 0 0 575.475 49.2166 0.185504 566.884 81.5008 0.1 561.606 100.571 0.1 609.848 102.801 0.571545 603.68 150.738 0.716645 605.033 199.458 0.696442 586.143 104.81 0.577489 576.378 157.898 0.671629 571.507 209.323 0.583199 0 0 0 0 0 0 0 0 0 0 0 0 0
4 111 236 0 0 0 592.209 49.6358 0.772974 609.086 43.6926 0.689653 628.131 66.1422 0.667192 615.936 91.059 0.119282 576.912 48.7559 0.691731 567.817 81.2497 0.508126 563.935 99.6557 0.399869 611.621 104.47 0.808044 604.671 151.753 0.853308 604.921 200.548 0.876248 586.746 105.854 0.761907 576.735 157.719 0.798293 571.58 209.315 0.82742 0 0 0 0 0 0 598.698 30.3927 0.105072 580.407 32.3697 0.116451 0
4 111 237 0 0 0 594.364 48.0857 0.782961 611.502 43.2695 0.681658 631.882 66.9666 0.7868 620.117 88.444 0.376033 578.349 48.2953 0.721987 568.75 80.9987 0.496891 566.265 98.7408 0.39148 613.144 105.33 0.777685 605.755 152.623 0.816777 604.918 201.847 0.875666 587.406 105.862 0.739815 577.386 157.076 0.803324 571.804 208.884 0.834893 0 0 0 0 0 0 601.144 28.9886 0.112641 581.992 29.1679 0.120263 0
4 111 238 0 0 0 596.519 46.5357 0.783207 613.918 42.8465 0.772494 635.633 67.7911 0.876929 624.298 85.8291 0.444102 579.786 47.8346 0.719979 569.683 80.7476 0.477503 568.594 97.826 0.351044 614.341 106.521 0.808808 606.944 153.493 0.799471 604.811 202.819 0.865286 587.849 106.294 0.758723 577.823 156.319 0.806164 572.452 207.8 0.811335 0 0 0 0 0 0 603.59 27.5844 0.188683 583.578 25.966 0.129892 0
4 111 239 0 0 0 598.481 45.4568 0.806089 616.522 42.8464 0.803138 638.888 68.8778 0.844023 628.48 83.2141 0.276715 581.301 47.1826 0.696143 570.988 80.5275 0.48024 570.923 96.9111 0.35544 615.21 107.608 0.821286 608.246 153.712 0.809863 604.603 203.245 0.879897 588.286 106.524 0.745346 578.473 155.23 0.809914 573.097 206.059 0.834639 0 0 0 0 0 0 606.036 26.1802 0.210571 585.164 22.7642 0.146356 0
4 111 240 0 0 0 600.429 44.163 0.872319 618.912 42.6331 0.847297 641.723 69.5411 0.896962 632.661 80.5992 0.325315 582.388 46.751 0.760721 571.961 79.7634 0.385617 573.253 95.9962 0.182623 615.872 107.832 0.852317 609.547 153.503 0.825275 604.608 203.248 0.885084 588.935 106.522 0.772072 579.338 153.717 0.820487 574.595 204.312 0.811731 0 0 0 0 0 0 608.482 24.7761 0.230309 586.749 19.5623 0.174758 0
4 111 241 0 0 0 602.165 42.6407 0.863645 620.441 41.3349 0.830466 643.89 69.9842 0.895963 636.064 78.9321 0.396828 583.906 45.0052 0.770935 572.823 78.0272 0.381098 575.582 95.0813 0.210094 616.096 107.175 0.827579 610.839 153.066 0.809864 604.609 202.821 0.865543 589.579 105.215 0.753698 580.001 152.404 0.834314 576.109 202.588 0.825649 0 0 0 0 0 0 610.44 22.6064 0.241801 588.925 15.9715 0.183494 0
4 111 242 0 0 0 603.035 41.5471 0.852223 621.536 40.4603 0.800565 645.847 70.6459 0.922192 639.327 76.7584 0.277564 584.559 43.4879 0.771272 573.695 76.7318 0.31498 577.911 94.1664 0.161012 616.524 106.308 0.832475 611.915 152.845 0.805309 604.609 203.038 0.849092 590.234 104.123 0.764889 581.088 151.106 0.831763 577.837 201.073 0.795985 0 0 0 0 0 0 612.379 20.6466 0.187356 590.234 13.6837 0.1 0
4 111 243 0 0 0 603.913 40.4518 0.828691 622.838 40.018 0.789049 647.155 71.0888 0.855427 642.152 76.1063 0.31242 585.868 41.7485 0.757239 574.561 75.2146 0.128991 0 0 0 616.541 105.212 0.807219 612.779 151.971 0.851782 604.605 202.812 0.842396 590.873 102.597 0.760032 582.388 149.155 0.830565 579.369 198.904 0.816623 0 0 0 0 0 0 614.321 18.4707 0.185392 591.761 11.8272 0.1 0
4 111 244 0 0 0 605.005 39.7961 0.830667 624.363 39.7958 0.813501 648.028 71.7526 0.837554 643.887 76.3182 0.1 586.956 40.4364 0.771516 575.223 73.698 0.203476 584.912 88.1028 0.0608581 616.549 104.336 0.818814 613.645 151.105 0.896671 604.609 202.381 0.842627 591.301 101.503 0.782315 583.915 147.414 0.866036 581.316 196.08 0.885688 0 0 0 0 0 0 615.878 15.9871 0.181684 593.715 9.97599 0.170749 0
4 111 245 0 0 0 606.097 39.1458 0.797573 625.868 39.5691 0.806262 648.254 72.6127 0.820875 645.191 76.5275 0.1 587.613 39.3457 0.752273 576.104 72.8266 0.21098 584.913 88.0216 0.067891 616.558 103.038 0.822292 614.722 150.017 0.910447 604.613 201.303 0.826092 591.946 100.201 0.755571 585.877 146.101 0.860535 583.698 193.266 0.917281 0 0 0 0 0 0 617.435 13.5035 0.176445 595.23 8.1128 0.176411 0
4 111 246 0 0 0 607.177 38.7105 0.812821 627.158 39.3455 0.821432 648.264 73.2721 0.812883 645.196 76.4176 0.379218 588.05 38.4743 0.752151 576.963 71.9575 0.252818 583.056 86.2073 0.0981493 616.56 102.173 0.826765 615.157 149.158 0.900834 604.608 200.227 0.824541 592.384 99.7616 0.763513 588.263 145.871 0.872157 586.746 192.185 0.873251 0 0 0 0 0 0 618.992 11.02 0.1 596.531 6.37244 0.183979 0
4 111 247 0 0 0 608.466 38.4786 0.828193 628.243 39.1173 0.82316 648.263 73.9144 0.799499 646.066 75.1214 0.44774 588.694 37.8264 0.774718 577.825 70.8727 0.241792 583.016 86.0473 0.091901 616.567 101.303 0.81991 615.164 148.506 0.905077 604.396 199.149 0.833187 593.253 99.1131 0.738994 590.863 145.66 0.807641 589.584 191.966 0.861149 0 0 0 0 0 0 620.549 8.53641 0.277969 597.691 5.17639 0.200536 0
4 111 248 0 0 0 609.557 38.0483 0.844787 629.114 38.6835 0.871402 648.053 74.1319 0.829434 645.422 74.8944 0.316093 589.357 37.3922 0.802152 578.701 70.4434 0.245703 583.037 84.2313 0.109009 616.779 100.862 0.826763 614.729 148.502 0.910152 604.387 198.292 0.809376 594.345 98.8853 0.744375 593.036 145.874 0.786597 592.626 192.182 0.83312 0 0 0 0 0 0 0 0 0 598.921 4.52562 0.304391 0
4 111 249 0 0 0 610.645 37.8258 0.85491 629.776 38.4649 0.882815 648.042 74.5575 0.837679 644.052 74.9651 0.257303 590.013 37.163 0.800439 579.779 70.0145 0.181469 585.02 86.0777 0.0697838 616.982 100.853 0.821237 614.511 148.712 0.856659 604.377 197.853 0.801443 595.217 98.6766 0.752333 594.991 146.297 0.751467 594.808 192.403 0.724787 0 0 0 0 0 0 0 0 0 600.224 4.52444 0.400592 0
4 111 250 0 0 0 611.51 37.6058 0.848405 630.435 38.2493 0.862267 647.83 74.5647 0.856428 642.831 74.4632 0.1 590.877 36.7381 0.798843 580.643 69.7952 0.151979 0 0 0 617.191 100.647 0.804495 614.304 148.718 0.737144 604.367 197.426 0.717619 595.873 98.6741 0.732191 596.938 146.521 0.739866 596.976 192.831 0.695616 0 0 0 0 0 0 0 0 0 600.875 4.5226 0.358907 0
4 111 251 0 0 0 612.593 37.385 0.855559 631.294 38.0347 0.8758 647.616 74.3508 0.876935 641.53 74.0337 0.225062 591.754 36.5122 0.770584 581.297 69.3585 0.169807 0 0 0 617.196 100.647 0.793902 614.094 148.93 0.697795 604.153 196.779 0.715685 596.309 98.6747 0.727058 598.675 146.743 0.741999 598.93 193.262 0.711714 0 0 0 0 0 0 0 0 0 601.745 4.52136 0.307967 0
4 111 252 0 0 0 613.89 36.9629 0.893134 632.156 37.8169 0.89332 647.611 74.1448 0.883132 640.019 73.1695 0.181182 593.052 36.079 0.790817 582.179 69.1395 0.243922 586.962 86.1273 0.0716991 617.406 100.655 0.806299 613.881 149.158 0.703363 604.148 196.561 0.708247 597.171 98.8936 0.762273 600.205 147.614 0.753107 600.88 194.14 0.702588 0 0 0 0 0 0 0 0 0 602.41 4.5218 0.404417 0
4 111 253 0 0 0 614.746 36.5213 0.900522 632.37 37.3836 0.908246 647.597 73.7016 0.896293 638.944 71.8685 0.173808 594.139 35.4314 0.798974 583.157 68.4876 0.275235 586.935 86.1493 0.0962361 617.616 100.661 0.823703 613.672 149.367 0.734453 604.145 196.334 0.729487 598.039 99.1085 0.769254 601.515 148.485 0.764629 602.623 195.448 0.69934 0 0 0 0 0 0 621.97 4.18198 0.439237 602.64 4.52413 0.431315 0
4 111 254 0 0 0 615.183 35.6497 0.923791 632.388 36.7337 0.926188 647.582 72.8366 0.913876 637.195 71.9179 0.206808 595.222 34.3514 0.795186 584.021 67.4047 0.238831 586.96 86.1107 0.0810504 618.04 100.437 0.835527 613.688 149.365 0.771624 604.361 196.119 0.749247 598.692 98.4608 0.772107 602.387 148.496 0.781219 603.93 196.744 0.683831 0 0 0 0 0 0 622.904 4.29412 0.445297 603.29 4.52708 0.428891 0
4 111 255 0 0 0 615.629 34.7711 0.908215 632.407 36.0808 0.915731 647.566 71.9577 0.905175 635.445 71.9673 0.204961 596.519 33.2666 0.779888 584.826 66.0683 0.226363 587.012 86.1361 0.06906 618.479 99.566 0.826368 614.132 148.92 0.745514 604.37 195.681 0.72246 599.348 97.1609 0.755008 602.61 146.979 0.750627 604.154 196.525 0.661916 0 0 0 0 0 0 623.839 4.40627 0.434452 603.727 4.63536 0.419163 0
4 111 256 0 0 0 616.069 33.0471 0.859348 632.62 34.779 0.866294 647.349 70.865 0.840884 633.695 72.0167 0.167569 597.822 31.7374 0.741565 585.631 64.7319 0.178628 0 0 0 618.913 98.2621 0.803429 615.219 147.834 0.736612 604.579 195.232 0.702888 599.788 95.641 0.737666 602.617 145.236 0.760832 604.149 195.435 0.703435 0 0 0 0 0 0 624.774 4.51841 0.40104 604.09 4.74987 0.272326 0
4 111 257 0 0 0 616.502 31.5242 0.73408 632.83 33.64 0.783896 647.179 69.9031 0.770541 631.946 72.0661 0.147141 598.944 30.169 0.597189 586.436 63.3955 0.1 0 0 0 619.229 96.8729 0.691452 616.874 146.441 0.614406 604.844 194.176 0.59531 600.049 94.0771 0.610697 602.623 143.2 0.638709 603.933 193.823 0.629262 0 0 0 0 0 0 625.709 4.63056 0.372022 604.453 4.86437 0.187495 0
4 111 258 0 0 0 616.937 30.007 0.827302 633.04 32.4627 0.843388 647.054 68.8578 0.832115 0 0 0 600.112 28.566 0.720731 587.241 62.0591 0.106826 0 0 0 619.629 95.3929 0.767163 618.659 144.742 0.739192 605.369 192.311 0.672647 600.354 92.4645 0.715354 602.629 141.077 0.745719 603.723 191.689 0.708902 0 0 0 0 0 0 626.879 4.73663 0.407142 604.817 4.97887 0.245855 0
4 111 259 0 0 0 617.169 28.4911 0.619495 633.25 31.2437 0.682505 646.972 67.9381 0.587276 0 0 0 600.896 27.1287 0.459107 0 0 0 0 0 0 620.112 94.0385 0.559565 620.577 142.953 0.488278 606.156 190.042 0.459564 600.701 90.8209 0.514741 602.637 139.08 0.531981 603.515 189.038 0.457954 0 0 0 0 0 0 627.871 4.84296 0.24531 605.18 5.09338 0.115317 0
4 111 260 0 0 0 617.399 26.9795 0.753766 633.261 29.9877 0.762306 646.931 66.9368 0.666986 0 0 0 601.716 25.6546 0.614086 0 0 0 0 0 0 620.681 92.5941 0.682595 622.842 140.648 0.702132 607.405 186.961 0.659003 601.09 89.131 0.701363 602.641 136.988 0.726631 603.304 185.86 0.629385 0 0 0 0 0 0 628.69 4.84442 0.200813 610.475 4.85315 0.0721478 0
4 111 261 0 0 0 617.628 25.887 0.1 633.277 28.906 0.1 646.938 66.0592 0.1 0 0 0 602.362 24.5686 0.1 0 0 0 0 0 0 621.332 91.0693 0.1 625.455 138.245 0.1 608.71 183.28 0.1 601.313 87.6063 0.1 602.643 134.811 0.1 603.091 182.16 0.1 0 0 0 0 0 0 629.554 4.84459 0.1 0 0 0 127
4 111 262 0 0 0 618.075 24.5986 0.1 633.509 27.6133 0.1 646.936 64.5434 0.1 0 0 0 603.444 23.4882 0.1 0 0 0 0 0 0 621.985 89.3268 0.1 628.282 135.641 0.1 610.012 180.024 0.1 601.54 85.8667 0.1 602.848 132.843 0.1 603.3 178.679 0.1 0 0 0 0 0 0 631.391 4.84405 0.1 0 0 0 127
4 111 263 0 0 0 618.943 23.7316 0.1 634.367 26.5345 0.1 646.943 63.6686 0.1 0 0 0 604.322 22.8307 0.1 0 0 0 0 0 0 622.855 87.8084 0.1 631.318 132.815 0.1 611.745 177.19 0.1 601.765 84.7735 0.1 603.067 130.452 0.1 603.088 175.203 0.1 0 0 0 0 0 0 632.914 4.84371 0.1 0 0 0 127
4 111 264 0 0 0 620.023 22.8613 0.1 635.445 25.4475 0.1 646.957 62.3733 0.1 0 0 0 605.409 22.1728 0.1 0 0 0 0 0 0 623.934 86.7147 0.1 634.564 130.002 0.1 614.564 174.58 0.1 602.188 84.1063 0.1 603.29 129.358 0.1 603.288 172.376 0.1 0 0 0 0 0 0 634.864 4.8439 0.1 0 0 0 127
4 111 265 0 0 0 621.325 22.6292 0.792016 636.748 25.0105 0.797655 647.179 61.5105 0.734814 659.742 59.3249 0.275828 606.71 21.9438 0.633978 590.86 48.9357 0.0937074 0 0 0 625.013 86.0576 0.775719 637.392 127.616 0.836003 617.833 171.759 0.840724 602.411 83.4523 0.809594 603.729 128.052 0.808563 603.297 169.994 0.701769 0 0 0 0 0 0 636.387 4.84429 0.231554 616.25 4.85068 0.0655923 0
4 111 266 0 0 0 622.63 22.3996 0.40087 638.05 24.6146 0.442307 647.352 60.5205 0.257858 660.298 60.2339 0.1 607.978 21.7586 0.301247 0 0 0 0 0 0 626.01 85.4891 0.492306 639.876 125.537 0.481046 621.272 169.338 0.542934 602.8 82.8437 0.463689 604.377 126.832 0.497024 603.304 168.127 0.380717 0 0 0 0 0 0 638.084 4.8448 0.1 0 0 0 0
4 111 267 647.612 4.85672 0.0608907 624.152 22.1725 0.79765 639.565 24.2631 0.801038 647.689 59.8275 0.690677 660.854 61.1429 0.409538 609.423 21.6154 0.671525 596.727 50.4381 0.120074 0 0 0 627.135 85.0143 0.774703 642.215 123.976 0.82054 625.539 167.727 0.791202 603.583 82.4905 0.777951 605.028 125.696 0.760146 603.306 166.779 0.791057 0 0 0 0 0 0 639.74 4.84516 0.308809 620.235 4.85948 0.0804763 0
4 111 268 0 0 0 625.781 21.8388 0.788456 641.082 23.7398 0.795746 647.887 59.0006 0.636175 661.409 62.0519 0.397667 611.04 21.1927 0.668546 598.096 48.6841 0.118548 0 0 0 628.179 84.4058 0.780565 644.213 122.826 0.858611 630.302 166.609 0.834774 604.539 81.6407 0.747034 606.109 124.542 0.778903 603.307 165.848 0.847113 0 0 0 0 0 0 641.855 4.8459 0.248922 622.158 4.86219 0.0885856 0
4 111 269 0 0 0 627.517 21.3984 0.817668 642.599 23.0449 0.835153 648.085 58.1737 0.66824 661.965 62.961 0.445766 612.83 20.4905 0.677771 599.464 46.93 0.116917 0 0 0 629.141 83.6638 0.808642 645.868 122.088 0.926913 635.562 165.986 0.900186 605.669 80.2944 0.772979 607.62 123.37 0.817765 603.309 165.334 0.868491 0 0 0 0 0 0 643.97 4.84665 0.242712 626.073 4.86748 0.0865874 0
4 111 270 655.454 4.85646 0.0505777 629.631 21.0185 0.822096 644.548 22.5542 0.840418 648.284 57.3468 0.669962 662.52 63.87 0.518716 614.954 19.9934 0.69159 600.833 45.176 0.131297 0 0 0 630.448 83.1187 0.812875 647.502 121.657 0.926608 640.943 165.97 0.875936 607.083 79.2101 0.762339 609.189 122.448 0.812283 603.363 165.394 0.87804 0 0 0 0 0 0 646.084 4.8474 0.238353 629.985 4.86152 0.0769086 0
4 111 271 0 0 0 631.919 20.9017 0.746564 646.928 22.4427 0.780997 648.482 56.5199 0.515471 663.076 64.779 0.375914 617.024 19.6599 0.570651 602.202 43.4219 0.109831 0 0 0 632.186 82.903 0.774368 649.242 121.442 0.883939 646.7 165.748 0.869007 608.815 78.5634 0.659994 610.609 121.694 0.736029 603.043 165.507 0.852823 0 0 0 0 0 0 648.199 4.84815 0.22053 632.041 4.86442 0.0724387 0
4 111 272 0 0 0 634.156 20.8503 0.1 649.102 22.4949 0.1 0 0 0 0 0 0 619.468 19.4988 0.1 0 0 0 0 0 0 633.925 82.7906 0.1 650.874 121.663 0.1 652.191 165.312 0.1 610.873 78.131 0.1 612.078 121.744 0.1 603.198 165.675 0.1 0 0 0 0 0 0 0 0 0 0 0 0 127
4 111 273 0 0 0 636.556 20.8627 0.124496 651.491 22.7181 0.194949 647.654 43.0066 0.0615948 0 0 0 622.075 19.5015 0.101948 0 0 0 0 0 0 635.876 82.7938 0.382294 652.405 122.093 0.459176 657.19 164.879 0.522239 613.048 77.9199 0.304993 613.607 121.747 0.4931 603.201 165.675 0.518873 0 0 0 0 0 0 0 0 0 0 0 0 0
4 111 274 0 0 0 638.741 21.0776 0.1 653.666 22.7284 0.1 0 0 0 0 0 0 624.476 19.5158 0.1 0 0 0 0 0 0 638.051 82.5781 0.1 654.137 122.304 0.1 661.96 164.452 0.1 616.3 77.9168 0.1 615.558 121.53 0.1 603.619 165.447 0.1 0 0 0 0 0 0 0 0 0 0 0 0 127
4 111 275 0 0 0 641.354 21.0869 0.1 656.066 22.7327 0.1 0 0 0 0 0 0 627.514 19.5179 0.1 0 0 0 0 0 0 640.655 82.3668 0.1 656.077 122.517 0.1 666.304 164.227 0.1 619.555 77.9177 0.1 617.944 121.314 0.1 604.257 165.238 0.1 0 0 0 0 0 0 0 0 0 0 0 0 127
4 111 276 0 0 0 644.284 21.0924 0.1 658.898 22.6288 0.1 0 0 0 0 0 0 630.655 19.5244 0.1 0 0 0 0 0 0 643.592 81.8243 0.1 658.144 122.409 0.1 669.665 163.903 0.1 622.597 77.2719 0.1 620.656 120.996 0.1 605.33 165.023 0.1 0 0 0 0 0 0 0 0 0 0 0 0 127
4 111 277 667.224 4.84303 0.139536 647.642 21.2033 0.809112 662.374 22.6328 0.824892 662.852 61.6547 0.55089 671.064 72.353 0.437225 633.904 19.857 0.659827 617.12 46.285 0.301753 614.305 70.4516 0.175008 647.072 81.1779 0.780038 660.535 122.085 0.754553 672.374 163.794 0.836252 625.646 76.7311 0.683668 623.268 120.679 0.789578 606.832 164.905 0.791502 0 0 0 0 0 0 662.482 4.83791 0.44594 647.594 4.84199 0.095158 0
4 111 278 0 0 0 651.009 21.4214 0.348261 665.965 22.8516 0.377513 666.297 60.3174 0.1 0 0 0 637.156 20.5104 0.264958 620.061 46.7687 0.1 0 0 0 650.66 80.6438 0.422495 663.138 121.763 0.388463 674.329 163.795 0.475448 629.024 76.6268 0.379625 626.204 120.46 0.388858 608.447 164.68 0.428694 0 0 0 0 0 0 665.47 4.83939 0.120861 0 0 0 0
4 111 279 0 0 0 654.113 21.5794 0.330323 669.239 22.9093 0.350677 669.742 58.9802 0.1 0 0 0 640.25 20.9998 0.250965 623.003 47.2524 0.1 0 0 0 653.929 79.8914 0.392005 665.633 121.55 0.342926 675.908 163.791 0.442347 632.619 76.2003 0.359255 629.839 120.071 0.413489 610.123 164.189 0.471404 0 0 0 0 0 0 668.458 4.84088 0.15799 0 0 0 0
4 111 280 0 0 0 657.049 21.6826 0.1 672.291 22.7953 0.1 673.187 57.643 0.1 0 0 0 643.181 21.3297 0.1 625.944 47.7361 0.1 0 0 0 656.979 78.8128 0.1 666.937 120.899 0.1 677.107 163.573 0.1 636.101 75.5555 0.1 633.862 119.312 0.1 611.968 163.634 0.1 0 0 0 0 0 0 671.446 4.84236 0.1 0 0 0 127
4 111 281 679.004 4.85287 0.0662821 660.249 21.732 0.749664 675.766 22.5292 0.734312 676.632 56.3058 0.307965 682.811 72.4213 0.0993925 645.957 21.5079 0.604254 628.886 48.2198 0.169617 0 0 0 660.462 78.269 0.728387 669.004 120.462 0.725874 677.927 163.565 0.850841 639.481 75.1219 0.646071 638.901 118.6 0.823852 614.848 162.17 0.868125 0 0 0 0 0 0 674.434 4.84384 0.311741 659.165 4.85085 0.126312 0
4 111 282 0 0 0 663.715 21.7127 0.1 679.242 22.0927 0.1 680.327 54.7832 0.1 0 0 0 649.222 21.5035 0.1 632.047 48.1098 0.1 0 0 0 663.953 76.9712 0.1 670.523 119.811 0.1 678.368 163.345 0.1 643.397 74.039 0.1 644.322 117.52 0.1 618.107 160.644 0.1 0 0 0 0 0 0 677.482 4.8458 0.1 661.372 4.85273 0.1 127
4 111 283 0 0 0 667.195 21.2868 0.564914 682.723 21.8739 0.571877 683.745 54.2393 0.232848 691.098 71.5113 0.106087 652.488 21.2762 0.412692 635.375 47.5681 0.1 0 0 0 667.422 75.8935 0.546857 672.275 119.381 0.369811 678.588 163.548 0.542887 646.867 72.9552 0.475655 649.974 117.083 0.611684 622.457 158.918 0.722185 0 0 0 0 0 0 681.183 4.84753 0.206977 663.579 4.85461 0.1 0
4 111 284 0 0 0 670.453 21.2705 0.330989 686.194 21.8733 0.324163 686.679 54.4563 0.143212 694.391 71.2688 0.1 655.53 20.8504 0.258691 638.966 46.7057 0.1 0 0 0 670.46 74.808 0.333098 674.238 118.718 0.193057 678.806 163.549 0.254559 650.123 71.6558 0.277239 655.412 116.421 0.263254 627.239 157.166 0.322018 0 0 0 0 0 0 684.881 4.8462 0.132143 665.786 4.85649 0.1 0
4 111 285 0 0 0 673.389 21.0498 0.625935 689.458 21.7698 0.613631 689.993 54.1308 0.376623 697.685 71.0263 0.203795 658.039 20.4191 0.516828 642.394 45.945 0.177728 647.601 70.4688 0.0531906 673.175 74.0446 0.553158 676.089 118.159 0.478246 678.915 163.432 0.59703 653.376 70.9963 0.493539 660.744 115.868 0.514478 632.897 155.427 0.502716 0 0 0 0 0 0 688.249 4.84547 0.233005 667.993 4.85836 0.115083 0
4 111 286 0 0 0 676.655 20.8352 0.282813 691.855 21.9772 0.30559 692.167 54.5652 0.105358 700.979 70.7838 0.1 661.529 19.7647 0.196944 645.987 44.9224 0.1 0 0 0 675.137 73.1737 0.28164 678.043 117.499 0.188076 678.707 162.57 0.148656 656.423 70.1283 0.206742 666.176 115.202 0.212716 639.647 154.344 0.139663 0 0 0 0 0 0 691.513 4.84507 0.1 670.2 4.86024 0.1 0
4 111 287 708.279 4.85695 0.0987583 680.019 20.6904 0.729563 694.568 22.1876 0.780602 694.561 55.0021 0.446301 704.272 70.5413 0.365268 664.943 19.0389 0.532144 649.581 43.8999 0.13129 0 0 0 677.491 72.483 0.704944 679.999 116.806 0.632474 678.641 162.143 0.637881 659.426 69.5064 0.586993 671.209 114.691 0.634289 646.574 153.766 0.510829 0 0 0 0 0 0 694.778 4.84412 0.325078 672.407 4.86212 0.1 0
4 111 288 710.922 4.8425 0.12494 683.481 20.6155 0.82893 697.599 22.401 0.863207 697.174 55.4416 0.646529 707.171 70.3284 0.626554 668.281 18.2417 0.618703 653.174 42.8774 0.110675 0 0 0 680.236 71.9722 0.79752 681.955 116.08 0.773235 678.717 162.15 0.81941 662.386 69.1308 0.71315 675.845 114.333 0.702783 653.677 153.692 0.694945 0 0 0 0 0 0 698.045 4.84263 0.404413 674.615 4.864 0.1 0
4 111 289 713.327 4.84124 0.1 686.947 20.6053 0.822282 700.854 22.6278 0.810988 700.007 55.8835 0.570641 709.89 70.2201 0.624411 671.546 17.369 0.721624 656.767 41.8549 0.173629 659.363 64.5577 0.0502869 683.273 71.7495 0.815323 684.995 115.866 0.782476 678.937 162.803 0.837093 665.633 68.8976 0.779418 680.392 114.327 0.769342 660.848 153.922 0.689345 0 0 0 0 0 0 701.31 4.84051 0.329274 676.822 4.86588 0.145894 0
4 111 290 715.732 4.83998 0.255349 689.987 20.388 0.698001 703.254 22.8315 0.762129 702.189 55.8868 0.534856 712.289 70.4342 0.547592 675.241 16.7018 0.500737 0 0 0 0 0 0 685.655 70.6715 0.710658 687.161 115.431 0.553063 679.151 162.82 0.591163 668.672 67.8107 0.572919 684.088 114.108 0.544382 666.716 155.212 0.517953 712.256 4.85206 0.277642 0 0 0 704.571 4.84077 0.466358 0 0 0 0
4 111 291 718.137 4.83872 0.1 693.038 20.1683 0.1 705.433 23.0455 0.1 704.158 56.3257 0.1 714.577 70.6555 0.1 678.284 16.0554 0.1 0 0 0 0 0 0 687.611 70.2255 0.1 689.566 114.774 0.1 679.358 163.041 0.1 670.849 66.2858 0.1 687.786 113.019 0.1 672.16 156.296 0.1 0 0 0 0 0 0 707.619 4.8401 0.1 0 0 0 127
4 111 292 720.542 4.83746 0.1 695.639 20.1703 0.1 707.394 23.262 0.1 705.897 56.7606 0.1 716.966 70.8778 0.1 681.324 15.6285 0.1 0 0 0 0 0 0 689.366 70.2177 0.1 691.726 114.555 0.1 679.368 163.044 0.1 672.822 66.0714 0.1 691.479 112.796 0.1 680.418 155.851 0.1 0 0 0 0 0 0 710.442 4.83795 0.1 0 0 0 127
4 111 293 722.513 4.83641 0.179309 698.678 20.1735 0.787819 709.791 23.2649 0.808457 707.642 56.546 0.483969 718.924 71.1096 0.4176 684.37 15.6258 0.560374 665.259 37.1375 0.0990822 0 0 0 691.336 69.9968 0.730253 693.685 114.562 0.644357 679.374 163.252 0.586635 675.22 66.0564 0.612796 694.964 112.583 0.504257 688.902 155.852 0.382643 0 0 0 0 0 0 713.266 4.8372 0.4496 696.591 4.85787 0.0618967 0
4 111 294 724.581 4.8361 0.1 701.719 20.391 0.374185 712.182 23.4726 0.413397 708.735 56.9832 0.129366 720.887 71.5436 0.108953 687.85 15.8449 0.245072 0 0 0 0 0 0 694.162 70.2132 0.420202 695.428 115.011 0.374313 679.384 163.486 0.36509 678.488 66.067 0.297655 698.447 113.016 0.284994 696.3 156.074 0.258613 0 0 0 0 0 0 715.88 4.83567 0.173866 0 0 0 0
4 111 295 726.882 4.83612 0.1 703.908 20.6133 0.366658 715.011 23.4822 0.404725 710.905 56.9798 0.141736 722.399 71.7606 0.122787 690.459 16.4903 0.1 0 0 0 0 0 0 697.197 70.6455 0.425873 697.601 115.453 0.355536 679.81 164.355 0.444537 681.742 66.5091 0.313035 702.364 113.235 0.227797 703.039 155.423 0.200259 0 0 0 0 0 0 718.27 4.83382 0.214216 0 0 0 0
4 111 296 729.17 4.8361 0.235936 706.308 20.7652 0.779127 717.628 23.4907 0.825549 713.505 56.7684 0.667235 723.994 72.1961 0.650429 693.349 17.2054 0.577351 678.88 48.8644 0.0854635 0 0 0 700.163 71.0139 0.76006 699.558 116.035 0.779617 680.089 164.781 0.838848 684.714 67.0172 0.685143 706.579 113.521 0.623117 709.925 154.7 0.535401 0 0 0 0 0 0 721.094 4.83309 0.467264 0 0 0 0
4 111 297 731.445 4.83605 0.148009 708.922 20.8501 0.779984 720.171 23.4956 0.749092 715.741 56.8433 0.545636 725.957 72.7033 0.462319 696.459 17.9934 0.56939 680.963 44.9591 0.0708573 0 0 0 703.058 71.5989 0.715817 701.441 116.757 0.685563 680.223 164.779 0.780534 687.764 67.6017 0.582654 710.652 113.739 0.558436 716.738 154.119 0.482761 0 0 0 0 0 0 723.991 4.83281 0.462871 0 0 0 0
4 111 298 733.707 4.83595 0.174133 711.751 20.8679 0.69787 722.639 23.497 0.731249 717.614 57.2046 0.419483 728.288 73.2821 0.403827 699.789 18.8541 0.504246 682.864 46.9082 0.0700728 0 0 0 705.884 72.4005 0.618842 703.248 117.619 0.577508 680.213 164.349 0.651154 690.892 68.2626 0.482628 714.583 113.891 0.377885 723.478 153.682 0.358464 729.251 4.84149 0.198766 0 0 0 726.961 4.83299 0.46216 0 0 0 0
4 111 299 736.099 4.8362 0.1 714.793 21.0895 0.483919 725.465 23.5118 0.540336 719.564 58.0691 0.252867 731.124 73.7149 0.223867 702.83 19.4982 0.342865 682.878 48.9224 0.0577918 0 0 0 708.934 73.7009 0.437786 704.987 118.704 0.354792 680.21 164.345 0.368084 694.583 69.5665 0.30924 718.509 114.126 0.215267 730.649 153.473 0.286573 732.579 4.84367 0.1 0 0 0 730.01 4.83085 0.277762 0 0 0 0
4 111 300 738.491 4.83653 0.1 717.396 21.5276 0.614912 728.295 23.5244 0.636697 721.519 58.2912 0.272581 733.514 73.935 0.194431 706.307 20.1481 0.459436 686.735 48.8909 0.099722 0 0 0 712.402 75.2254 0.596751 706.722 120.437 0.51967 680.215 164.336 0.613401 699.581 72.3866 0.444543 722.64 115.649 0.511988 738.036 153.484 0.640335 735.907 4.84585 0.1 0 0 0 732.619 4.82933 0.349847 714.19 4.85033 0.0782471 0
4 111 301 741.531 4.83782 0.1 720.876 21.7525 0.1 731.561 23.5269 0.1 725 57.855 0.1 735.688 74.1586 0.1 709.999 20.7959 0.1 0 0 0 0 0 0 716.09 76.3096 0.1 708.472 121.951 0.1 680.432 164.347 0.1 704.573 73.6885 0.1 726.122 116.526 0.1 741.519 155.446 0.1 739.235 4.84803 0.1 0 0 0 735.45 4.82938 0.1 0 0 0 127
4 111 302 744.723 4.83882 0.1 724.133 21.974 0.1 735.04 23.5338 0.1 729.779 57.6368 0.1 739.157 74.3664 0.1 713.253 21.2338 0.1 0 0 0 0 0 0 720.65 77.6081 0.1 711.076 122.822 0.1 680.862 164.343 0.1 709.134 74.7869 0.1 729.589 117.615 0.1 744.342 156.964 0.1 742.563 4.85021 0.1 0 0 0 738.711 4.82958 0.1 0 0 0 127
4 111 303 747.869 4.83947 0.168808 727.393 22.0779 0.81556 738.299 23.4355 0.821934 734.337 57.4188 0.637733 742.842 74.4681 0.655559 716.719 21.3417 0.636064 0 0 0 0 0 0 724.347 78.2571 0.764788 714.224 123.254 0.703894 681.937 164.33 0.807659 713.259 75.439 0.579255 732.951 117.948 0.690307 746.947 158.255 0.763751 745.715 4.85182 0.201178 0 0 0 742.075 4.83061 0.556984 0 0 0 0
4 111 304 750.833 4.84019 0.239955 730.859 22.0634 0.792957 741.55 23.2207 0.817822 738.461 56.9909 0.557006 746.757 74.47 0.62542 720.192 21.133 0.651485 710.251 44.9805 0.0848255 0 0 0 728.259 78.9077 0.810981 717.059 123.903 0.747618 683.456 164.325 0.855475 718.036 76.0875 0.59876 735.569 118.606 0.72111 748.692 159.768 0.798941 748.683 4.85299 0.27357 0 0 0 745.333 4.8323 0.587187 725.927 4.85076 0.0562051 0
4 111 305 753.615 4.84098 0.151852 734.116 22.0658 0.729782 744.586 23.2161 0.749317 741.718 57.2016 0.496325 750.885 74.4707 0.428972 723.895 21.1357 0.642056 712.217 45.0124 0.0942948 0 0 0 731.951 79.5535 0.757985 720.761 123.904 0.738675 685.203 163.682 0.811722 723.026 76.7414 0.591892 737.953 119.264 0.653668 749.776 161.071 0.729419 751.465 4.85374 0.154323 0 0 0 747.944 4.83204 0.450759 731.784 4.85284 0.0960141 0
4 111 306 757.131 4.84167 0.1 737.371 21.8481 0.782973 747.478 23.0009 0.689709 744.258 57.3418 0.464269 754.938 74.1856 0.200752 727.448 20.9198 0.744997 702.285 51.1123 0.190947 712.125 70.4643 0.0662585 735.213 80.1302 0.752428 724.536 123.684 0.681503 687.816 161.735 0.814471 727.438 77.3969 0.605188 740.117 119.632 0.636285 750.426 161.933 0.684377 754.989 4.85523 0.1 0 0 0 750.696 4.83376 0.441357 733.705 4.85389 0.193039 0
4 111 307 760.517 4.84267 0.1 739.98 21.8348 0.1 750.44 22.776 0.1 747.814 56.7689 0.1 758.914 73.8185 0.1 729.986 20.924 0.1 709.37 51.3764 0.1 0 0 0 738.907 80.1994 0.1 729.246 123.037 0.1 691.308 159.771 0.1 730.847 77.4022 0.1 742.507 119.706 0.1 750.866 161.926 0.1 758.383 4.85658 0.1 0 0 0 753.156 4.83601 0.1 0 0 0 127
4 111 308 763.786 4.84387 0.1 743.025 21.6013 0.548615 753.046 22.553 0.57704 751.301 56.1122 0.272065 762.382 73.3826 0.219388 733.025 20.2789 0.416377 716.456 51.6404 0.1 0 0 0 741.949 79.5508 0.608587 734.246 122.163 0.547116 698.918 158.897 0.570663 733.891 76.9665 0.446212 744.892 119.488 0.540885 751.087 160.623 0.537675 761.65 4.85818 0.1 0 0 0 755.981 4.83874 0.228425 741.626 4.8657 0.0552796 0
4 111 309 767.269 4.84491 0.135643 746.288 21.1745 0.598753 755.657 22.3344 0.656016 754.556 55.8979 0.369963 766.08 73.1606 0.414548 736.284 19.8436 0.441336 723.541 51.9044 0.1 0 0 0 744.997 79.1174 0.645106 739.451 121.085 0.670688 704.787 156.948 0.531826 736.286 76.3174 0.480486 747.275 119.271 0.552618 751.73 159.965 0.52989 765.13 4.85914 0.161718 0 0 0 759.45 4.84035 0.406338 0 0 0 0
4 111 310 770.744 4.84376 0.237477 749.111 20.9509 0.776774 758.473 22.1159 0.857802 756.31 56.3337 0.599423 770.208 72.9479 0.748 739.331 19.4084 0.626971 730.627 52.1684 0.1 0 0 0 748.041 78.904 0.78213 745.309 120.004 0.812878 710.654 155.211 0.60568 739.326 76.1 0.608547 749.887 119.047 0.671829 751.298 158.877 0.655579 768.388 4.85729 0.226382 0 0 0 762.28 4.84099 0.460905 0 0 0 0
4 111 311 774.055 4.84245 0.361928 751.947 20.5238 0.878085 759.992 21.8935 0.876787 756.751 56.5491 0.623939 773.04 72.7334 0.789173 744.12 19.1834 0.751393 737.807 52.1728 0.360737 729.757 68.5477 0.0971004 750.003 78.6902 0.834825 750.313 119.566 0.855255 717.181 154.571 0.685275 743.032 76.0944 0.685318 752.944 118.831 0.749906 751.508 157.798 0.748687 771.483 4.85561 0.3042 0 0 0 764.243 4.8426 0.503911 741.446 4.85031 0.0741248 0
4 111 312 777.213 4.84159 0.284583 754.561 20.4159 0.754923 761.948 21.788 0.854457 757.62 56.9794 0.609676 775.87 72.8416 0.739336 747.387 19.069 0.591136 744.424 52.3521 0.1 0 0 0 752.178 78.6918 0.744272 754.991 119.127 0.818978 724.354 154.136 0.593552 746.08 76.3051 0.635524 756.092 118.717 0.687432 751.938 157.158 0.507791 774.636 4.85463 0.269935 0 0 0 766.315 4.8433 0.439789 0 0 0 0
4 111 313 780.212 4.84045 0.247542 757.389 20.4263 0.755312 763.909 21.9977 0.816782 759.148 57.6304 0.579676 778.916 73.0582 0.647138 750.433 19.0718 0.503627 751.987 52.4886 0.1 0 0 0 754.353 79.1217 0.757979 759.336 118.699 0.830671 731.098 153.929 0.566296 748.693 76.9543 0.595072 759.34 118.72 0.707379 752.378 156.955 0.683375 777.834 4.85348 0.241241 0 0 0 768.495 4.84301 0.425769 0 0 0 0
4 111 314 783.474 4.839 0.541485 760.431 20.4294 0.805781 766.518 22.002 0.882486 761.111 57.8502 0.692982 781.956 73.0549 0.822741 752.829 19.0721 0.55764 759.422 52.5729 0.100219 787.454 67.0399 0.159367 756.963 79.5509 0.818853 763.019 118.912 0.824066 737.829 154.354 0.743634 750.66 77.3876 0.61447 762.165 118.719 0.640117 753.252 156.734 0.549393 781.101 4.85232 0.4888 788.364 4.88284 0.118759 771.748 4.8429 0.624292 0 0 0 0
4 111 315 786.519 4.83748 0.630126 763.256 20.8622 0.790095 769.78 22.4344 0.886938 765.022 57.85 0.761858 785.434 73.0512 0.819162 755.01 19.3072 0.583198 761.947 52.833 0.24929 790.076 66.8254 0.331272 760.002 79.9792 0.7778 767.143 119.136 0.849881 745.435 156.518 0.851417 752.621 77.8225 0.646546 764.989 118.715 0.617189 753.901 156.301 0.544767 783.926 4.85152 0.572742 788.818 4.87813 0.214983 775.007 4.84074 0.655044 0 0 0 0
4 111 316 789.787 4.83557 0.502311 766.31 21.0959 0.800129 772.612 23.3028 0.855203 767.196 59.1374 0.707829 788.482 73.2724 0.768563 758.488 19.322 0.604767 764.34 53.0433 0.135986 792.697 66.6109 0.197943 762.182 80.6242 0.778989 770.629 119.352 0.842818 751.729 158.267 0.778043 755.227 78.6881 0.626523 767.808 118.714 0.680347 754.767 156.093 0.640785 787.19 4.85037 0.471132 789.433 4.87622 0.1 778.491 4.83828 0.635868 0 0 0 0
4 111 317 792.83 4.83307 0.494423 768.927 21.7618 0.820425 775.66 24.3898 0.842021 769.796 60.0083 0.73037 791.738 73.4964 0.800685 761.536 20.1972 0.616905 766.375 53.2557 0.190066 795.319 66.3964 0.250267 764.796 81.7083 0.755678 774.104 120.225 0.850081 755.211 159.353 0.811422 758.271 79.9902 0.631293 770.425 119.356 0.682575 755.419 156.961 0.65993 790.378 5.24692 0.480232 790.372 4.8799 0.114384 781.751 4.73022 0.649195 0 0 0 0
4 111 318 795.659 6.03125 0.415282 771.533 22.8481 0.865857 778.487 25.9029 0.835433 771.758 61.5115 0.763297 794.782 73.9339 0.78396 763.933 21.07 0.69753 769.784 53.9031 0.221989 797.94 66.1819 0.280352 766.98 82.3681 0.795876 777.369 121.304 0.848058 760.642 161.525 0.76736 761.086 80.8645 0.65437 773.041 119.786 0.666574 755.643 156.961 0.637297 793.492 6.04223 0.433258 0 0 0 784.694 5.38282 0.736357 0 0 0 0
4 111 319 797.634 7.66252 0.218018 774.146 24.3668 0.919425 780.886 27.634 0.852502 773.923 62.5914 0.727659 797.18 74.5755 0.901118 766.314 22.1641 0.839994 771.523 55.1983 0.307651 799.908 66.395 0.204459 769.367 83.029 0.905417 779.975 122.596 0.857506 766.941 164.563 0.757147 763.254 81.7377 0.756151 775.65 120.661 0.68458 756.939 157.171 0.745833 795.884 7.23754 0.231504 0 0 0 787.951 6.7955 0.662575 774.433 4.85677 0.168794 0
4 111 320 799.813 9.5119 0.261561 776.74 26.0969 0.871825 783.929 29.3678 0.831256 776.958 63.8904 0.698968 799.789 75.6617 0.853487 766.977 23.0475 0.759084 773.044 56.9246 0.190419 802.294 66.8342 0.199655 772.186 83.9053 0.877855 782.37 123.897 0.851423 772.371 166.518 0.636582 764.989 82.8231 0.710611 777.81 121.743 0.697981 757.381 157.388 0.647157 798.283 8.86834 0.281778 0 0 0 791.204 8.4224 0.6766 777.337 4.8524 0.1 0
4 111 321 802.198 11.3646 0.197746 779.562 27.836 0.818017 786.541 31.3076 0.819517 779.563 65.4197 0.710946 803.049 76.7423 0.868606 770.02 24.5782 0.766916 775.865 58.2277 0.185072 805.538 67.069 0.1 775.221 85.4295 0.898203 784.553 125.415 0.843163 776.719 168.489 0.732169 768.242 84.5675 0.683148 779.77 123.05 0.7106 757.612 157.382 0.732475 800.677 10.5007 0.1 0 0 0 794.464 10.0588 0.676801 780.241 4.84803 0.198251 0
4 111 322 804.799 13.6607 0.253576 782.165 29.5782 0.78011 789.582 33.0554 0.833026 781.959 67.1571 0.779803 806.091 78.036 0.900687 773.053 26.3142 0.745814 776.744 59.7422 0.161881 808.357 68.1553 0.262242 778.256 86.9558 0.868352 787.164 127.146 0.820246 781.071 170.663 0.534992 771.278 86.3027 0.651221 781.739 124.561 0.699062 757.827 156.944 0.666299 803.081 12.5656 0.1 0 0 0 797.727 11.92 0.1 783.146 4.84366 0.142408 0
4 111 323 807.615 15.9536 0.241143 784.775 31.3145 0.802024 790.888 34.5776 0.832851 783.486 69.3292 0.80873 808.912 79.3483 0.932556 777.825 28.0667 0.75942 778.93 61.2716 0.150917 810.966 69.2447 0.227138 780.435 88.4816 0.851508 789.782 128.885 0.875458 785.421 173.934 0.721847 775.408 88.0445 0.67147 784.353 126.09 0.744112 758.045 156.514 0.626222 805.9 14.6344 0.28789 0 0 0 799.899 13.7742 0.74477 785.661 4.84029 0.168444 0
4 111 324 810.001 19.3298 0.522151 787.608 33.266 0.860958 792.848 36.96 0.810225 784.573 72.1447 0.770616 811.093 81.0809 0.863276 781.296 29.7947 0.745476 785.673 63.0051 0.160618 813.363 70.7659 0.184692 782.607 90.0098 0.81443 792.39 131.268 0.89669 787.608 176.763 0.748135 778.88 89.7821 0.693597 787.405 127.835 0.710385 758.925 156.299 0.676764 808.517 17.1411 0.558169 0 0 0 802.945 16.2798 0.796262 787.886 4.83581 0.1 0
4 111 325 811.968 22.7034 0.376297 790.869 35.8668 0.859379 794.151 38.9156 0.800759 786.09 74.3202 0.784748 813.7 82.825 0.855652 786.729 32.8265 0.668759 793.499 64.9811 0.238653 816.83 72.9382 0.329419 784.992 91.9699 0.832341 794.565 134.088 0.876964 787.177 176.546 0.792505 783.88 91.9576 0.661725 790.676 130.878 0.730579 763.061 159.77 0.697987 810.692 19.8595 0.425313 0 0 0 805.551 18.7886 0.807249 790.111 4.83134 0.112097 0
4 111 326 814.566 26.288 0.199145 793.913 38.6874 0.841477 795.451 40.8698 0.827997 787.397 76.7234 0.734767 816.531 85.2082 0.899427 792.152 36.0764 0.725869 800.239 67.5933 0.175637 820.41 75.0056 0.246116 787.599 94.1468 0.861482 796.542 136.475 0.837992 786.306 176.105 0.7293 788.66 94.1392 0.670661 794.797 133.707 0.697369 767.841 163.027 0.774826 813.149 22.3982 0.257092 0 0 0 807.944 21.6152 0.767653 792.336 4.82687 0.176794 0
4 111 327 817.388 28.6874 0.533031 796.747 41.2924 0.790878 798.266 43.0377 0.869605 790.657 79.1204 0.743767 820.015 87.3735 0.841645 795.847 38.8985 0.74399 803.938 70.2044 0.43653 823.878 77.179 0.489223 790.853 97.1829 0.781232 799.368 138.874 0.820055 788.048 179.143 0.514741 792.361 96.9621 0.670522 797.406 136.539 0.674926 770.233 163.907 0.521456 815.903 24.9706 0.583304 819.67 23.4575 0.183398 810.444 24.3287 0.6843 0 0 0 0
4 111 328 820.63 30.8787 0.161255 799.363 43.4669 0.750665 801.309 45.0015 0.800492 794.786 80.877 0.711718 823.711 88.6835 0.901321 799.111 41.4982 0.653233 807.644 71.5141 0.120262 827.354 79.1292 0.203107 793.902 99.996 0.826556 801.984 140.842 0.850417 788.275 180.875 0.702441 795.416 99.3466 0.622387 800.874 138.716 0.629865 774.586 167.173 0.617114 819.152 27.3683 0.208458 822.304 25.4319 0.1 813.271 26.5034 0.675083 0 0 0 0
4 111 329 823.69 32.8403 0.489607 802.416 45.4278 0.812485 804.35 46.9575 0.794367 798.48 82.8363 0.80813 827.841 89.9848 0.84218 802.587 43.888 0.700805 811.555 73.4689 0.431466 831.05 81.0798 0.487538 796.522 102.386 0.836519 804.375 142.799 0.882846 788.927 181.962 0.583947 798.895 101.524 0.816523 804.794 140.665 0.758356 779.801 170.429 0.563307 822.416 29.3196 0.538531 824.939 27.4062 0.1 816.748 28.4573 0.714398 0 0 0 0
4 111 330 827.17 34.8092 0.592674 805.679 47.1758 0.889758 807.615 48.7059 0.80193 802.398 84.7852 0.805491 831.53 91.2971 0.800741 805.198 45.8341 0.793257 815.032 75.6328 0.543065 834.316 83.2488 0.605549 798.916 104.343 0.821448 806.536 144.546 0.899696 789.368 182.825 0.665443 801.944 103.476 0.791692 809.362 142.186 0.756754 785.227 173.473 0.691412 825.899 31.2777 0.632039 827.573 29.3806 0.110175 820.438 30.4073 0.786831 0 0 0 0
4 111 331 831.082 36.3204 0.398659 808.949 48.9132 0.820235 811.093 50.4398 0.788651 806.957 86.09 0.712887 835.223 92.392 0.79259 808.248 47.5697 0.669671 817.097 77.5844 0.309889 837.653 84.9873 0.510624 801.966 105.866 0.814026 808.491 146.074 0.877904 789.8 183.896 0.84232 805.212 104.998 0.653155 814.129 143.496 0.539198 792.173 176.078 0.555531 829.806 32.797 0.442516 0 0 0 823.91 32.1275 0.864981 0 0 0 0
4 111 332 834.784 37.8416 0.215413 811.997 50.642 0.834022 816.087 52.3868 0.848009 812.38 86.9502 0.733642 838.718 93.2581 0.847546 809.554 48.8704 0.723222 815.574 79.5298 0.172524 840.627 86.9456 0.267104 805.656 107.172 0.84246 810.229 147.376 0.851515 789.587 183.892 0.752196 807.38 106.083 0.610871 818.465 144.577 0.656539 800.645 178.68 0.566387 833.718 34.3172 0.299829 0 0 0 828.045 33.8562 0.894226 0 0 0 0
4 111 333 838.258 38.2899 0.215146 815.258 51.9438 0.794842 819.785 53.2536 0.825451 816.951 86.9676 0.781055 842.187 94.133 0.826026 812.595 50.1796 0.681464 815.352 80.8336 0.163959 843.456 88.903 0.22313 808.929 108.473 0.790113 811.753 148.041 0.73017 790.445 184.103 0.587643 810.65 107.168 0.593663 822.382 145.875 0.75789 809.992 181.298 0.736978 837.399 35.4091 0.288653 0 0 0 831.731 34.9385 0.831136 0 0 0 0
4 111 334 841.719 39.3779 0.209757 818.29 52.805 0.862363 824.572 54.1347 0.796877 822.389 86.97 0.781524 846.101 94.5644 0.85887 812.817 50.6121 0.655085 813.821 82.134 0.156303 840.217 90.866 0.212027 812.846 109.563 0.792003 813.271 148.909 0.736312 794.356 187.793 0.55933 812.172 108.036 0.595899 826.068 146.307 0.822143 816.517 180.651 0.796378 840.876 36.4946 0.284524 0 0 0 835.651 36.0295 0.875855 0 0 0 0
4 111 335 845.423 39.8206 0.523012 821.55 53.0303 0.854125 829.79 54.7928 0.78564 828.036 86.9622 0.678054 850.018 94.5655 0.802883 813.056 50.404 0.657904 812.301 82.5618 0.1 840.114 92.1726 0.1 816.105 110.638 0.815225 814.776 149.357 0.847627 797.607 191.276 0.775829 813.694 108.689 0.610095 829.33 146.304 0.776289 822.825 180 0.80388 845.007 37.1544 0.56903 0 0 0 839.777 36.899 0.892092 0 0 0 0
4 111 336 849.33 40.0362 0.299729 825.019 53.0408 0.823062 833.484 54.8085 0.816082 831.726 86.7495 0.706861 853.48 94.996 0.836317 816.307 50.412 0.697264 815.772 82.3486 0.246832 843.372 92.612 0.1 819.145 110.638 0.822065 815.651 149.366 0.814849 798.046 191.275 0.789688 817.167 108.909 0.615598 834.106 146.083 0.72109 831.523 181.948 0.784493 849.122 37.3751 0.379378 0 0 0 843.474 37.1194 0.799249 0 0 0 0
4 111 337 853.027 40.0323 0.158152 828.706 53.0425 0.817015 837.403 54.8113 0.795872 835.858 86.5283 0.660832 856.744 96.0859 0.822536 819.134 50.4218 0.750587 815.117 82.5674 0.177589 846.98 93.3458 0.122452 822.836 110.421 0.820276 816.737 149.373 0.830424 799.334 191.282 0.841505 819.781 108.475 0.631932 837.592 146.077 0.766659 838.48 182.161 0.773757 852.819 37.3789 0.232634 0 0 0 847.599 37.1277 0.789106 833.04 25.8546 0.194682 0
4 111 338 856.725 40.468 0.106028 832.186 53.0534 0.869111 841.533 54.8227 0.785426 839.344 86.3086 0.680963 859.781 96.7472 0.777063 822.381 50.8457 0.846012 814.469 82.3583 0.414939 850.306 94.1402 0.226088 826.518 110.636 0.834101 818.045 149.602 0.779892 799.987 192.139 0.84952 822.172 108.262 0.676171 840.642 146.088 0.741636 844.787 182.384 0.784312 856.719 37.605 0.175363 0 0 0 851.51 37.1462 0.835412 834.721 27.5105 0.248148 0
4 111 339 861.068 40.4642 0.192104 835.667 53.0559 0.879436 845.01 54.8266 0.792919 842.382 85.883 0.667253 862.828 97.1878 0.789539 826.075 50.8572 0.771859 817.732 82.3638 0.126276 853.353 95.0037 0.1 829.79 110.638 0.815466 820.648 149.814 0.793419 800.846 192.79 0.822912 825.219 108.262 0.631077 843.24 146.313 0.737128 851.09 183.038 0.804793 861.052 37.6092 0.278433 0 0 0 854.986 37.15 0.898878 836.402 29.1664 0.248618 0
4 111 340 864.765 40.473 0.522343 839.136 53.0579 0.826118 848.272 54.8345 0.803858 844.777 86.1001 0.707025 866.302 97.6241 0.835068 829.336 50.8575 0.672132 823.697 82.1573 0.170569 856.757 95.436 0.255159 832.835 111.071 0.765065 823.251 150.028 0.852173 801.503 192.584 0.851629 828.476 108.697 0.623306 845.644 146.743 0.750472 855.879 184.127 0.783863 864.75 37.617 0.564465 0 0 0 858.468 37.1539 0.881189 839.914 29.9529 0.1 0
4 111 341 868.452 40.4673 0.222281 842.822 53.0583 0.84288 851.745 54.837 0.816052 846.961 86.3222 0.702681 869.771 98.482 0.783108 833.036 50.8575 0.772685 831.733 82.1597 0.230293 860.306 95.6535 0.1 836.101 111.505 0.810156 826.514 150.251 0.837503 802.805 192.368 0.836146 832.177 109.347 0.630167 848.047 147.188 0.716027 858.927 185.002 0.737622 868.233 37.6121 0.307327 0 0 0 861.727 36.9504 0.793008 843.623 30.5236 0.165588 0
4 111 342 872.16 40.2459 0.143837 846.512 52.8472 0.848044 855.211 54.6305 0.796465 849.785 86.5391 0.807585 873.465 99.1255 0.842703 836.732 50.6399 0.810823 838.683 82.3881 0.194366 864.009 95.8629 0.1 839.573 111.723 0.82936 830.214 150.249 0.792304 804.33 190.864 0.84225 835.437 109.563 0.603957 850.864 147.409 0.781213 860.881 186.08 0.767272 871.73 37.3872 0.215575 0 0 0 864.993 36.524 0.847171 847.331 31.0943 0.210284 0
4 111 343 876.724 39.3847 0.498713 850.433 52.4156 0.814325 858.258 54.3991 0.828471 852.389 86.539 0.816255 876.509 99.9861 0.873199 841.941 49.9923 0.642431 845.874 82.3768 0.147943 873.125 95.422 0.227852 842.398 111.289 0.758979 834.344 149.815 0.788953 806.504 189.341 0.858567 839.141 109.131 0.60445 853.475 147.405 0.786317 862.182 186.512 0.783985 875.644 36.9523 0.546384 0 0 0 868.46 35.8686 0.827117 0 0 0 0
4 111 344 880.633 39.1671 0.698487 854.124 52.1875 0.866722 861.086 54.1745 0.822918 854.996 86.5336 0.838389 879.979 100.636 0.939601 846.498 49.3394 0.698756 853.589 82.4933 0.136091 879.536 95.8421 0.220823 846.309 110.427 0.763674 839.134 149.594 0.825267 808.686 187.814 0.871387 842.624 108.476 0.612957 856.074 147.625 0.755819 863.269 186.951 0.779648 879.126 36.9359 0.70655 882.389 37.2307 0.178216 871.719 35.4397 0.916802 0 0 0 0
4 111 345 884.121 38.9461 0.722837 857.819 51.7437 0.813522 864.785 53.9391 0.872595 858.265 86.3048 0.77193 883.467 100.649 0.926495 849.768 48.2582 0.694734 857.072 82.7106 0.114917 883.018 96.71 0.207641 850.002 109.563 0.809394 843.916 149.574 0.820608 811.512 186.291 0.882166 845.025 107.394 0.611662 858.249 148.048 0.755019 864.348 187.603 0.755425 882.615 36.5024 0.723044 886.305 37.1898 0.1 875.411 34.7903 0.876539 0 0 0 0
4 111 346 887.616 38.7164 0.605889 861.729 51.0858 0.792101 868.254 53.5004 0.86572 860.876 86.2961 0.811188 886.724 100.853 0.914392 853.893 47.1708 0.708347 863.921 82.8755 0.118403 886.462 97.182 0.189701 853.047 108.695 0.805523 849.348 149.35 0.840935 815.431 184.764 0.814432 848.495 106.96 0.604226 860.428 148.04 0.74534 864.135 186.959 0.787486 886.105 35.8493 0.638937 890.221 37.1488 0.1 878.673 33.9148 0.843884 0 0 0 0
4 111 347 891.514 38.0597 0.756782 865.21 50.6431 0.766951 871.518 53.2716 0.850364 864.126 86.0883 0.835614 889.776 100.851 0.889364 857.381 46.095 0.601067 869.572 82.3365 0.15237 889.868 97.2581 0.218369 856.314 107.822 0.738813 855.857 149.118 0.885407 821.081 183.265 0.813305 851.545 106.518 0.628586 862.599 148.038 0.725518 863.485 186.309 0.790428 889.59 35.1986 0.766306 894.138 37.1078 0.1 881.938 33.2513 0.862606 0 0 0 0
4 111 348 894.997 37.8328 0.715751 868.684 50.1996 0.749357 875.645 53.0406 0.804536 867.83 85.8692 0.760383 893.255 100.839 0.882579 860.214 45.0109 0.593719 869.9 81.3072 0.1 893.236 96.9383 0.15419 859.569 106.949 0.737534 861.737 148.689 0.812549 827.395 182.176 0.833011 852.854 105.428 0.614048 864.345 147.814 0.770536 862.834 185.224 0.778552 893.282 34.7576 0.707084 898.054 37.0669 0.112824 885.426 32.3887 0.849434 0 0 0 0
4 111 349 898.682 37.6117 0.602011 872.158 49.9695 0.720305 879.564 52.8155 0.797114 871.315 85.6428 0.738753 896.305 100.842 0.8946 862.832 44.1446 0.596313 868.827 80.2184 0.101584 896.499 96.7246 0.203416 863.256 105.659 0.737073 868.256 148.262 0.802654 834.349 181.524 0.810656 854.167 104.12 0.586449 865.65 147.163 0.836035 862.615 184.355 0.799278 897.182 34.3245 0.605702 0 0 0 889.123 31.7457 0.845897 0 0 0 0
4 111 350 901.961 37.3892 0.630295 875.216 49.3222 0.745434 883.051 52.5913 0.810705 874.798 85.2186 0.724766 899.775 100.621 0.945176 865.228 43.2798 0.699354 868.391 78.4871 0.1 899.759 96.7201 0.1 866.509 104.794 0.837563 874.337 147.829 0.869362 841.743 181.519 0.754262 855.688 103.044 0.660159 866.745 146.715 0.768263 862.608 183.704 0.772992 900.659 33.6782 0.638898 0 0 0 892.603 30.8794 0.851244 0 0 0 0
4 111 351 905.222 37.3734 0.520178 877.834 49.1065 0.788362 886.541 52.5786 0.805319 878.49 84.9877 0.806807 902.821 100.411 0.954828 867.198 43.2763 0.730654 867.532 77.6138 0.1 903.013 96.5151 0.1 869.984 103.932 0.848693 879.769 147.604 0.902761 849.563 182.158 0.820329 857.854 102.184 0.695748 867.62 146.274 0.771576 862.603 182.846 0.708297 904.118 33.2441 0.56641 0 0 0 895.435 30.2304 0.884144 882.343 23.4362 0.0732917 0
4 111 352 907.845 37.3691 0.518004 880.657 49.1074 0.822707 890.88 52.5805 0.806306 882.191 84.7816 0.843535 905.864 100.206 0.909936 868.294 43.4961 0.765371 866.44 77.3924 0.1 900.84 96.9521 0.1 873.895 103.936 0.848472 884.984 147.396 0.935526 858.254 183.684 0.773648 859.592 101.969 0.710351 868.487 146.05 0.713966 862.596 182.847 0.670794 907.379 33.2417 0.544162 0 0 0 898.913 30.224 0.88515 0 0 0 0
4 111 353 911.109 37.3615 0.520445 883.912 49.1089 0.853829 895.224 52.5812 0.855353 885.89 84.7797 0.751039 908.911 100.201 0.892233 870.468 43.7153 0.792378 865.244 77.2792 0.142152 898.02 97.1794 0.163111 877.375 103.935 0.825854 889.55 147.173 0.946191 867.605 185.204 0.819556 861.337 101.762 0.764495 869.367 145.821 0.843698 862.596 182.845 0.713801 910.858 33.037 0.547676 0 0 0 902.398 30.2163 0.87952 0 0 0 0
4 111 354 914.573 37.5736 0.666228 886.743 49.3326 0.830123 898.912 52.6003 0.873261 889.793 84.785 0.794409 911.954 100.407 0.908286 872.631 44.3625 0.790302 863.508 77.4819 0.11968 894.99 97.405 0.16181 880.861 104.151 0.821722 894.332 147.173 1.0012 877.375 186.736 0.771735 863.507 101.969 0.759305 870.462 145.604 0.823074 862.59 182.628 0.770203 914.329 33.461 0.678261 0 0 0 905.877 30.4391 0.906555 0 0 0 0
4 111 355 918.04 37.5873 0.612854 889.577 49.5549 0.833433 902.395 52.8173 0.852969 893.054 85.0033 0.809406 915.42 100.408 0.947794 874.818 44.7951 0.769907 862.968 77.7489 0.23118 897.935 97.5154 0.154478 884.344 104.803 0.858927 898.681 147.4 1.01361 886.29 188.477 0.847304 866.546 102.402 0.810398 871.972 145.604 0.865613 863.243 183.058 0.823053 917.799 33.8902 0.626175 0 0 0 909.139 30.8732 0.858841 0 0 0 0
4 111 356 921.308 37.8043 0.489419 893.05 49.9771 0.856635 906.305 52.8278 0.833364 896.758 85.0047 0.856078 918.685 100.621 0.918415 878.076 45.6524 0.795357 864.27 78.2894 0.334218 895.77 98.1765 0.256158 888.038 105.673 0.812254 902.167 147.419 0.968243 894.116 189.99 0.95323 869.803 102.841 0.812388 873.279 145.611 0.903152 864.11 183.493 0.876952 921.278 34.3118 0.538682 0 0 0 912.618 31.0987 0.879016 896.233 23.9072 0.145167 0
4 111 357 924.356 38.0312 0.439139 896.527 50.2017 0.886452 910.215 52.8415 0.892775 900.459 85.2196 0.841093 921.733 100.839 0.917085 881.543 46.5117 0.809559 866.761 78.8859 0.285867 898.275 98.7101 0.225514 892.38 106.545 0.813851 905.429 147.645 0.912414 901.292 191.302 0.875045 873.282 103.278 0.798061 875.023 145.834 0.843949 864.969 184.142 0.878516 924.334 34.751 0.49596 0 0 0 916.095 31.7471 0.89524 899.995 24.1534 0.1 0
4 111 358 927.625 38.4618 0.472033 899.803 50.4304 0.871377 913.905 53.0594 0.880826 904.149 85.4417 0.764046 925 101.057 0.885958 885.014 47.5913 0.799965 870.02 80.1928 0.365699 901.758 99.3462 0.248662 896.3 107.834 0.800574 908.262 148.079 0.898977 908.237 192.598 0.964321 876.973 103.724 0.759655 877.407 146.28 0.844037 865.399 184.361 0.870171 927.609 35.1924 0.527051 0 0 0 919.782 32.3936 0.879023 903.756 24.3997 0.1 0
4 111 359 931.301 38.6973 0.558342 903.495 51.0744 0.833083 917.606 53.2838 0.861145 908.701 85.6618 0.772034 928.493 101.286 0.941368 888.917 48.4593 0.766921 873.714 81.7054 0.179148 904.263 99.9917 0.19018 900.218 108.698 0.809332 911.308 148.517 0.876312 914.53 193.261 0.881629 880.889 104.148 0.756424 880.881 146.506 0.880256 865.626 184.366 0.864767 931.295 35.8531 0.591216 0 0 0 923.913 33.4669 0.88229 907.517 24.646 0.1 0
4 111 360 934.792 38.9225 0.419828 907.836 51.5022 0.863881 921.733 53.5053 0.847714 912.838 85.8948 0.856121 932.41 101.505 0.922908 893.469 48.8923 0.786726 878.049 82.3508 0.355643 905.782 100.85 0.278671 904.135 109.772 0.84125 914.352 148.961 0.930794 919.528 194.352 0.889583 884.385 104.574 0.772454 884.366 146.934 0.889887 866.072 184.353 0.864931 934.792 36.5006 0.486741 0 0 0 928.254 34.3339 0.87535 911.278 24.8922 0.123715 0
4 111 361 938.918 39.1369 0.398179 911.959 51.7199 0.896057 925.645 53.7249 0.8622 916.747 86.1131 0.82547 936.54 101.715 0.913462 897.822 49.1054 0.815073 882.605 82.36 0.219615 911.543 101.282 0.129097 908.046 110.198 0.808152 917.388 149.387 0.920014 923.003 194.573 0.904455 888.506 104.57 0.781296 889.157 146.953 0.920658 867.162 183.697 0.899079 938.917 36.7194 0.481059 0 0 0 931.953 34.7767 0.939281 915.039 25.1385 0.1 0
4 111 362 942.818 39.1484 0.333912 915.657 51.9385 0.927929 929.336 53.9471 0.896775 920.658 86.5516 0.742998 940.668 101.717 0.884654 901.524 49.5343 0.838139 886.729 82.5756 0.278487 916.536 101.933 0.146077 911.954 110.419 0.846401 920.213 149.611 0.878807 925.606 194.804 0.946537 893.275 104.778 0.739452 894.378 146.968 0.888565 869.125 182.817 0.89454 942.615 36.9334 0.429789 0 0 0 935.644 35.2076 0.921673 918.8 25.3847 0.1 0
4 111 363 946.515 39.1451 0.350824 919.783 52.1402 0.852959 933.044 54.151 0.890393 925.219 86.7751 0.788764 944.801 101.716 0.97083 905.66 49.7479 0.748707 891.51 82.3619 0.153113 921.42 102.572 0.1 915.859 110.632 0.857635 922.813 149.615 0.863635 927.141 195.023 0.942871 897.618 104.571 0.753546 899.596 146.974 0.88783 871.961 181.727 0.914472 946.112 36.9324 0.436897 0 0 0 939.341 35.4189 0.911638 922.561 25.631 0.126822 0
4 111 364 950.432 39.1429 0.324724 924.125 52.5632 0.878805 936.951 54.3644 0.846259 929.783 86.7883 0.800982 948.934 101.513 0.929805 910.222 50.1844 0.799697 895.855 82.3624 0.231195 920.115 103.219 0.1 919.769 110.42 0.845318 924.989 149.602 0.864734 928.227 195.24 0.933022 901.54 104.362 0.771141 905.027 146.979 0.887189 876.092 180.637 0.903718 949.817 36.9318 0.406452 0 0 0 943.462 35.4235 0.904115 926.322 25.8773 0.167649 0
4 111 365 954.557 39.1367 0.389987 928.036 52.3601 0.914569 941.076 54.5661 0.876749 933.693 87.0029 0.78791 953.276 101.305 0.925219 914.13 49.7575 0.822375 899.55 81.929 0.217329 923.593 103.203 0.1 923.682 109.558 0.801461 927.168 149.374 0.867403 927.134 193.499 0.904883 905.447 103.923 0.739551 910.894 146.969 0.846212 883.471 181.716 0.825597 953.727 36.7295 0.466136 0 0 0 947.153 35.4219 0.953939 0 0 0 0
4 111 366 958.676 39.1235 0.488611 931.727 52.5628 0.89646 944.562 54.7717 0.889688 937.601 87.2135 0.696629 957.405 101.301 0.936619 917.615 49.7582 0.790905 903.023 82.1433 0.255176 922.507 103.421 0.111874 927.597 108.906 0.823777 929.775 149.147 0.840262 927.346 193.061 0.827428 910.01 103.706 0.750023 916.762 146.959 0.843475 890.428 181.719 0.742548 957.639 36.5129 0.549266 0 0 0 950.637 35.2028 0.941151 0 0 0 0
4 111 367 962.598 38.6884 0.606654 936.5 51.9081 0.822533 948.269 54.5449 0.868492 942.378 86.7873 0.772363 961.533 101.29 0.942441 922.61 48.4665 0.704281 907.586 80.6205 0.159964 919.656 103.561 0.1 931.071 107.391 0.845655 932.379 148.058 0.903818 927.357 192.842 0.887441 914.357 102.827 0.768218 923.063 146.294 0.777562 897.398 182.366 0.738429 961.549 36.0661 0.636588 0 0 0 954.339 34.341 0.894994 0 0 0 0
4 111 368 966.776 38.512 0.601293 940.861 51.4545 0.847235 952.053 54.4069 0.813046 946.261 86.6816 0.775474 965.41 101.188 0.907943 926.977 47.6871 0.735727 911.142 79.6843 0.312813 916.806 103.702 0.201188 934.657 105.931 0.846771 934.438 147.073 0.906433 926.747 191.823 0.806482 918.461 102.107 0.747686 928.922 145.798 0.792083 906.815 183.472 0.656976 965.562 35.6086 0.644613 0 0 0 957.768 33.5971 0.874739 0 0 0 0
4 111 369 970.953 38.3355 0.52765 945.223 51.0009 0.883743 955.837 54.269 0.841849 950.144 86.576 0.793564 969.286 101.086 0.88536 931.344 46.9076 0.786056 914.698 78.7482 0.344031 913.955 103.842 0.236942 938.243 104.472 0.814914 936.497 146.089 0.818747 926.137 190.804 0.757842 922.564 101.388 0.751052 934.78 145.302 0.787856 916.232 184.578 0.806252 969.575 35.151 0.571657 0 0 0 961.197 32.8532 0.93268 0 0 0 0
4 111 370 975.13 38.1591 0.641775 949.584 50.5473 0.868102 959.621 54.131 0.847941 954.027 86.4703 0.696901 973.162 100.985 0.874146 935.711 46.1281 0.740341 918.254 77.812 0.533603 911.105 103.982 0.38658 941.829 103.013 0.79978 938.556 145.104 0.780016 925.526 189.785 0.734235 926.668 100.668 0.702119 940.639 144.805 0.749078 925.65 185.683 0.675386 973.589 34.6934 0.649569 0 0 0 964.626 32.1092 0.873001 0 0 0 0
4 111 371 979.308 37.9826 0.65251 953.946 50.0937 0.736538 963.404 53.993 0.767286 957.91 86.3646 0.704427 977.039 100.883 0.834735 940.078 45.3486 0.653562 921.81 76.8758 0.136369 935.253 99.6951 0.0897029 945.415 101.554 0.7722 940.615 144.12 0.732901 924.916 188.766 0.788656 930.771 99.9491 0.658292 946.497 144.309 0.677637 935.067 186.789 0.624132 977.602 34.2358 0.663508 0 0 0 968.055 31.3653 0.819661 0 0 0 0
4 111 372 982.193 37.0899 0.453281 960.55 48.859 0.783639 968.493 52.8094 0.748902 962.561 84.1928 0.68943 978.214 99.8613 0.817953 946.929 41.1346 0.683855 929.291 70.4851 0.142934 0 0 0 946.91 99.8361 0.782058 945.048 144.759 0.751485 929.409 193.711 0.828327 931.332 97.7869 0.665516 946.944 142.836 0.731166 933.336 189.745 0.625911 980.276 33.2092 0.508697 0 0 0 976.255 31.2937 0.80351 0 0 0 0
