0 111 20 119.443 209.02 0.852606 85.9536 242.442 0.79796 71.0599 247.534 0.800924 72.1365 312.313 0.80061 110.267 340.387 0.735761 101.464 241.297 0.665013 0 0 0 0 0 0 96.989 351.007 0.642566 132.44 404.647 0.770605 107.864 455.975 0.864394 113.07 345.898 0.552694 93.3383 404.448 0.71864 77.694 462.897 0.758398 113.685 200.667 0.805539 0 0 0 96.4711 208.381 0.752782 0 0 0 0
0 111 21 128.599 209.751 0.852526 94.4642 242.928 0.78913 80.2547 248.149 0.753874 81.0047 312.114 0.763698 118.024 341.596 0.768443 109.523 241.632 0.677282 0 0 0 0 0 0 104.975 351.297 0.638332 137.106 405.497 0.716078 112.265 457.968 0.845431 121.705 346.16 0.563732 107.232 404.156 0.744986 90.7693 463.208 0.827771 122.877 201.964 0.776624 0 0 0 105.664 208.84 0.755025 0 0 0 0
0 111 22 137.755 210.482 0.835117 102.975 243.415 0.800842 89.4494 248.765 0.773124 89.8728 311.915 0.740644 125.781 342.804 0.700519 117.582 241.967 0.697028 0 0 0 0 0 0 112.961 351.588 0.64403 141.772 406.347 0.574424 116.667 459.961 0.588019 130.34 346.422 0.61962 121.125 403.864 0.609468 103.845 463.519 0.489931 132.069 203.261 0.793477 0 0 0 114.856 209.299 0.724259 0 0 0 0
0 111 23 146.911 211.213 0.859321 111.485 243.901 0.788457 98.6441 249.38 0.809158 98.741 311.715 0.770158 133.538 344.013 0.727794 125.641 242.302 0.681128 0 0 0 0 0 0 120.947 351.878 0.640239 146.438 407.197 0.656558 121.069 461.954 0.807112 138.975 346.684 0.635932 135.018 403.572 0.701888 116.92 463.83 0.85284 141.261 204.558 0.751384 0 0 0 124.049 209.757 0.714307 0 0 0 0
0 111 24 156.067 211.945 0.790699 119.996 244.387 0.779358 107.839 249.996 0.766887 107.609 311.516 0.684884 141.296 345.222 0.633563 133.7 242.637 0.680475 0 0 0 0 0 0 128.933 352.169 0.683454 151.104 408.047 0.714568 125.47 463.948 0.589102 147.61 346.946 0.634373 148.912 403.28 0.660282 129.995 464.141 0.631289 150.453 205.854 0.79166 0 0 0 133.242 210.216 0.809735 0 0 0 0
0 111 25 164.769 212.381 0.832004 128.689 245.03 0.794381 116.539 251.083 0.789253 116.303 311.951 0.748129 149.562 346.302 0.653701 142.176 242.864 0.664479 0 0 0 0 0 0 136.543 352.391 0.658956 155.446 408.49 0.761361 125.691 464.148 0.550418 156.308 347.375 0.60565 163.264 402.834 0.67047 146.311 464.998 0.472977 159.349 206.724 0.847929 0 0 0 141.938 210.658 0.774471 0 0 0 0
0 111 26 173.47 213.907 0.791164 136.952 245.453 0.766172 125.453 250.651 0.764499 124.789 311.52 0.731604 157.6 347.172 0.641309 149.793 243.301 0.652134 0 0 0 0 0 0 144.14 352.401 0.667316 159.355 409.574 0.766699 125.904 464.152 0.821465 164.775 347.373 0.629278 178.47 401.964 0.616052 164.788 466.946 0.795601 168.697 207.823 0.781273 0 0 0 151.275 211.084 0.799486 0 0 0 0
0 111 27 182.377 215.436 0.777695 145.434 246.315 0.781 134.151 251.297 0.776012 133.268 311.739 0.739382 164.996 347.612 0.685055 158.054 243.731 0.650355 0 0 0 0 0 0 151.1 352.827 0.644459 163.037 411.091 0.665733 136.556 467.853 0.826919 173.033 347.587 0.628159 187.604 401.966 0.644643 174.997 466.289 0.525228 177.604 209.128 0.851288 0 0 0 160.196 212.39 0.810862 0 0 0 0
0 111 28 191.072 217.187 0.843053 153.911 247.18 0.725825 142.623 252.378 0.759318 141.952 312.611 0.690286 173.262 348.269 0.626267 166.747 244.38 0.596412 0 0 0 0 0 0 157.837 353.257 0.678759 166.741 412.832 0.791206 144.812 472.633 0.861745 180.414 348.233 0.650152 197.378 401.968 0.817833 186.73 464.767 0.779839 186.511 211.087 0.808622 0 0 0 168.253 213.916 0.81355 0 0 0 0
0 111 29 199.55 218.924 0.813594 162.389 248.257 0.782224 151.107 252.609 0.765652 150.213 313.271 0.743701 181.094 348.931 0.686196 175.436 245.672 0.635699 0 0 0 0 0 0 164.788 354.124 0.72507 170.865 414.35 0.809647 151.552 477.634 0.891761 188.45 348.468 0.672408 207.815 402.391 0.861498 199.123 464.763 0.812255 195.207 212.819 0.862395 0 0 0 176.948 215.433 0.831833 0 0 0 0
0 111 30 208.238 220.24 0.886001 170.869 249.55 0.73473 159.796 253.479 0.768881 158.695 314.582 0.694577 189.796 350.234 0.653967 183.906 246.968 0.624899 0 0 0 0 0 0 172.392 355.209 0.698506 175.434 415.878 0.786519 152.622 477.415 0.881429 196.488 349.12 0.662931 218.91 402.39 0.80476 212.382 464.987 0.73409 203.698 214.541 0.855465 0 0 0 185.43 216.942 0.795775 0 0 0 0
0 111 31 216.714 221.976 0.860639 179.35 250.852 0.771837 168.062 254.358 0.798692 166.529 316.328 0.742716 198.496 351.755 0.621271 192.593 248.474 0.591582 0 0 0 0 0 0 179.791 356.725 0.699907 180.429 417.838 0.812738 153.918 477.189 0.851514 204.753 349.783 0.706062 230.856 402.395 0.782946 227.819 468.693 0.845266 211.965 216.276 0.845842 0 0 0 193.903 218.467 0.818218 0 0 0 0
0 111 32 225.208 222.854 0.945678 188.047 252.362 0.761565 176.74 255.446 0.791369 175.223 318.283 0.776286 207.631 353.063 0.761916 201.718 249.981 0.652915 0 0 0 0 0 0 187.833 358.258 0.713536 191.946 418.701 0.806319 167.601 477.405 0.831069 212.581 351.305 0.704428 240.642 403.909 0.767049 240.645 469.78 0.818446 220.652 217.79 0.829052 0 0 0 202.383 219.988 0.796011 0 0 0 0
0 111 33 233.699 224.58 0.839996 196.53 253.669 0.795916 184.575 256.749 0.800992 183.916 320.463 0.761876 217.411 354.144 0.663771 210.634 251.289 0.655309 0 0 0 0 0 0 196.304 359.783 0.691419 204.98 418.259 0.749081 181.068 477.616 0.823617 220.847 352.821 0.685488 248.9 404.993 0.758836 246.633 471.306 0.854648 229.132 219.107 0.820188 0 0 0 210.864 221.51 0.772114 0 0 0 0
0 111 34 242.385 226.092 0.884854 205.223 254.976 0.743822 193.052 258.052 0.818663 192.611 322.201 0.786468 226.099 355.673 0.696283 219.552 252.799 0.612806 0 0 0 0 0 0 205.862 361.296 0.664448 218.024 418.255 0.816746 194.536 477.843 0.822259 229.544 353.696 0.670496 254.121 408.476 0.84126 245.978 471.964 0.881624 237.621 220.626 0.836943 0 0 0 219.555 223.24 0.78012 0 0 0 0
0 111 35 251.071 226.533 0.784602 213.493 256.273 0.80356 201.311 259.575 0.784016 200.869 324.16 0.770579 233.923 357.846 0.696569 228.456 253.669 0.650853 0 0 0 0 0 0 215.425 362.379 0.709565 229.553 418.469 0.820616 201.272 476.105 0.868245 238.462 354.136 0.663839 261.308 410 0.825914 251.848 473.484 0.844348 245.667 222.126 0.791629 0 0 0 227.607 224.754 0.787608 0 0 0 0
0 111 36 259.553 226.748 0.839647 222.178 256.934 0.835758 209.777 260.882 0.80816 209.566 325.681 0.778153 242.4 359.809 0.726584 237.366 254.748 0.713169 0 0 0 0 0 0 224.558 363.251 0.701379 241.515 418.478 0.640615 209.749 474.588 0.540774 247.367 354.363 0.648149 268.266 411.514 0.631752 255.326 474.364 0.556352 254.154 222.777 0.825715 0 0 0 236.293 225.398 0.809762 0 0 0 0
0 111 37 268.24 227.185 0.880185 230.216 257.381 0.806804 217.823 261.969 0.748247 216.967 326.118 0.740409 249.14 361.548 0.667136 244.984 254.967 0.681973 0 0 0 0 0 0 233.905 364.335 0.697035 253.468 418.473 0.718877 221.045 474.587 0.866864 256.062 354.594 0.633547 275.007 412.595 0.312249 257.073 475.657 0.1 262.417 223.653 0.81045 0 0 0 244.767 225.84 0.807463 0 0 0 0
0 111 38 276.511 227.628 0.812139 238.685 257.613 0.835398 226.514 263.489 0.779063 225.451 326.978 0.736254 256.098 363.273 0.652689 252.381 254.536 0.6879 266.086 248.48 0.0710113 0 0 0 243.256 364.556 0.633437 265.211 418.476 0.68003 233.651 475.017 0.837897 264.325 354.803 0.634252 281.301 413.689 0.621721 258.385 475.45 0.770872 271.097 224.102 0.803877 0 0 0 253.242 226.284 0.807618 0 0 0 0
0 111 39 284.987 228.487 0.883418 246.089 257.841 0.804887 234.345 264.789 0.718783 232.632 327.62 0.725498 262.614 364.355 0.603603 259.989 254.539 0.594683 0 0 0 0 0 0 252.608 364.776 0.639169 277.822 418.479 0.654464 248.439 476.326 0.852739 272.807 355.021 0.66801 285.647 414.778 0.695807 258.386 475.455 0.854492 279.353 224.333 0.816465 0 0 0 261.289 226.721 0.833396 0 0 0 0
0 111 40 292.612 229.777 0.813806 254.334 258.276 0.832072 242.175 266.309 0.781839 240.449 328.263 0.731528 268.703 365.01 0.574262 267.603 254.329 0.670038 0 0 0 0 0 0 261.289 365 0.663206 286.758 418.466 0.686789 260.628 476.976 0.77794 281.062 355.67 0.692835 291.085 416.951 0.676174 262.729 476.529 0.841978 287.617 224.573 0.816309 0 0 0 269.337 227.371 0.802401 0 0 0 0
0 111 41 300.866 231.288 0.866152 261.519 258.929 0.801419 249.363 267.401 0.712378 247.41 328.919 0.679247 275.218 365.876 0.530385 274.78 254.558 0.583733 0 0 0 0 0 0 269.978 365.426 0.636006 292.205 420.426 0.673145 267.595 478.495 0.757485 289.111 356.104 0.703509 293.263 418.9 0.630108 262.725 476.75 0.790216 295.447 225.239 0.846414 0 0 0 276.953 228.236 0.839399 0 0 0 0
0 111 42 308.26 233.031 0.771912 269.124 260.01 0.803944 257.403 268.495 0.715027 254.37 328.916 0.676955 281.741 365.876 0.511835 281.515 254.767 0.558127 291.092 276.845 0.13549 0 0 0 277.584 365.643 0.662103 298.066 422.813 0.689234 276.509 480.241 0.777742 296.063 356.533 0.628919 295.444 421.288 0.663102 267.179 477.625 0.589716 303.485 227.187 0.86828 0 0 0 284.989 229.764 0.811335 0 0 0 0
0 111 43 316.302 234.782 0.836506 276.306 261.52 0.805441 265.23 269.793 0.692376 261.333 329.783 0.71274 290.215 365.007 0.577413 288.681 255.858 0.561696 298.647 282.148 0.1 0 0 0 284.113 366.519 0.703368 303.935 424.99 0.782421 287.165 483.272 0.80801 301.927 358.05 0.660848 300.438 421.293 0.686934 276.1 478.94 0.818758 311.091 229.136 0.843835 0 0 0 292.383 231.29 0.814603 0 0 0 0
0 111 44 323.482 236.741 0.796487 284.125 263.055 0.785371 272.844 271.106 0.793702 268.508 330.65 0.684378 298.044 365.438 0.550782 295.646 257.59 0.597511 306.202 287.452 0.1 0 0 0 291.294 368.476 0.742913 311.981 427.604 0.793371 305.637 488.489 0.837252 308.446 360.223 0.677466 302.174 423.464 0.864628 276.316 478.728 0.795263 319.12 230.888 0.837918 0 0 0 300.203 233.03 0.78035 0 0 0 0
0 111 45 330.871 238.709 0.847151 291.3 264.784 0.7748 280.025 272.19 0.791719 275.468 331.308 0.729451 305.226 365.219 0.546427 302.609 259.122 0.603981 313.757 292.755 0.102358 0 0 0 298.903 370.423 0.67437 320.246 430.853 0.757502 322.801 493.913 0.84756 313.895 362.393 0.658089 303.909 425.215 0.690343 276.536 478.721 0.85891 326.5 232.851 0.789838 0 0 0 307.388 234.769 0.770428 0 0 0 0
0 111 46 337.842 241.529 0.858124 298.908 266.956 0.741361 287.848 274.793 0.750257 283.944 333.695 0.569711 314.355 365.864 0.347559 309.565 261.288 0.573697 321.311 298.058 0.192308 339.751 335.364 0.473239 306.738 372.605 0.704083 329.158 434.124 0.753451 336.949 498.044 0.785662 319.986 365.43 0.579542 305.866 427.606 0.731123 276.976 478.936 0.825908 334.107 235.021 0.8279 0 0 0 314.778 236.731 0.759622 0 0 0 0
0 111 47 344.796 244.353 0.852585 305.882 269.343 0.827416 295.015 276.74 0.755392 291.334 335.006 0.705902 322.825 366.306 0.511821 317.175 263.683 0.588255 329.561 304.139 0.244823 349.272 335.764 0.623273 314.774 374.773 0.663558 338.717 436.735 0.772451 349.782 501.963 0.817443 326.945 367.821 0.58402 308.92 428.704 0.754732 278.487 478.922 0.833511 341.07 237.62 0.821212 0 0 0 321.741 239.124 0.792658 0 0 0 0
0 111 48 351.757 246.745 0.856929 313.918 271.95 0.801671 302.625 278.916 0.746544 300.028 336.319 0.658573 331.961 366.749 0.509246 324.577 265.854 0.606252 337.319 308.193 0.434963 358.794 336.163 0.756471 321.946 376.952 0.688179 346.974 438.914 0.80752 360.434 505.22 0.828123 334.335 370.43 0.523355 315.005 431.09 0.75947 281.955 477.614 0.870568 348.242 240.014 0.855803 0 0 0 328.905 241.728 0.804 0 0 0 0
0 111 49 359.137 248.706 0.812077 321.311 274.34 0.861886 310.009 280.863 0.780845 307.856 337.629 0.695315 340.653 367.829 0.533021 332.397 268.023 0.675075 345.432 310.003 0.617966 368.315 336.562 0.861223 330.425 378.696 0.669921 357.182 440.875 0.745382 365.205 503.488 0.834267 342.376 372.386 0.535037 321.965 433.049 0.762874 290.651 480.442 0.876575 355.409 242.608 0.867888 0 0 0 336.074 244.335 0.794554 0 0 0 0
0 111 50 366.519 250.447 0.881679 329.344 276.519 0.791009 317.832 282.813 0.740285 315.905 339.575 0.662151 348.694 369.564 0.560574 340.442 269.977 0.623255 353.26 310.425 0.611165 377.836 336.962 0.885113 337.397 380.654 0.691933 364.127 442.619 0.85467 364.117 500.442 0.844405 349.98 374.549 0.507985 332.612 435.013 0.789183 303.483 484.352 0.850013 363.224 244.35 0.841372 0 0 0 343.897 246.288 0.768887 0 0 0 0
0 111 51 374.338 252.185 0.8566 337.161 278.254 0.820382 324.789 284.543 0.769777 323.51 341.753 0.665433 355.868 372.182 0.565814 348.923 271.722 0.649821 362.601 311.068 0.6294 387.832 338.261 0.79587 345.445 382.18 0.692301 370.443 444.137 0.772175 367.825 503.044 0.822071 358.901 375.863 0.544182 343.473 436.539 0.747216 311.744 483.041 0.871183 370.619 246.088 0.836035 0 0 0 351.086 247.81 0.735587 0 0 0 0
0 111 52 381.727 253.918 0.901232 344.981 279.135 0.788814 331.527 285.851 0.801564 330.684 343.267 0.628841 361.314 375.007 0.503802 357.402 272.594 0.669296 371.937 311.072 0.627678 396.754 339.78 0.860873 352.613 383.483 0.694362 376.96 445.647 0.720777 370.005 504.354 0.743682 367.594 376.953 0.62705 354.346 438.057 0.492212 324.557 486.295 0.645188 378.653 247.614 0.805163 0 0 0 358.696 249.332 0.767928 0 0 0 0
0 111 53 389.561 255.44 0.830724 352.375 280.219 0.833487 338.485 287.358 0.797244 337.86 344.568 0.601824 368.481 376.307 0.409618 365.651 273.249 0.652046 380.429 312.161 0.659111 405.66 341.302 0.773185 360.435 383.918 0.698007 382.611 446.083 0.644111 370.67 504.784 0.568981 376.507 377.603 0.666883 366.954 438.924 0.70293 338.033 488.899 0.621213 386.059 249.135 0.811818 0 0 0 366.304 250.641 0.756213 0 0 0 0
0 111 54 397.593 256.947 0.876107 359.987 281.093 0.803279 345.657 288.658 0.785965 344.803 345.859 0.684683 375.21 378.258 0.541981 373.909 273.686 0.659211 388.26 313.883 0.671199 414.345 343.246 0.761333 367.171 384.151 0.66954 386.746 446.522 0.670539 370.894 505.002 0.707655 385.199 378.249 0.654146 380.653 439.348 0.740748 353.245 490.422 0.717347 394.311 250.43 0.832477 0 0 0 373.698 251.942 0.722757 0 0 0 0
0 111 55 405.628 257.371 0.845383 367.389 281.96 0.830099 352.608 288.894 0.855136 350.672 346.725 0.775533 381.081 379.995 0.570623 382.386 273.917 0.635754 396.732 315.186 0.75044 422.392 344.986 0.774305 373.681 384.8 0.638715 390.233 447.168 0.738335 371.322 504.788 0.747466 393.463 378.464 0.678758 394.558 439.783 0.635266 370.198 492.599 0.570782 401.714 251.297 0.819827 0 0 0 381.738 253.23 0.727029 0 0 0 0
0 111 56 413.892 257.602 0.864097 374.779 282.611 0.772069 359.142 289.117 0.770903 357.187 347.803 0.667528 387.597 381.307 0.42243 391.077 274.778 0.657017 404.351 316.49 0.716739 430.646 346.739 0.856445 379.121 385.457 0.632728 393.271 447.819 0.684193 371.535 504.568 0.657686 401.285 379.109 0.644932 408.033 440.209 0.610873 388.038 496.075 0.260883 409.981 251.949 0.82586 0 0 0 389.566 253.87 0.772828 0 0 0 0
0 111 57 421.505 257.819 0.846308 382.16 283.047 0.83138 365.657 289.558 0.828229 362.397 349.106 0.742232 392.594 382.831 0.603788 399.339 274.998 0.643529 412.605 317.574 0.747959 438.476 348.902 0.813456 384.557 386.533 0.653914 396.53 448.464 0.715473 371.753 504.569 0.779695 408.25 379.321 0.692002 420.207 440.203 0.729658 407.179 500.641 0.654945 417.593 252.598 0.843057 0 0 0 397.614 254.319 0.805322 0 0 0 0
0 111 58 429.542 258.264 0.879869 389.339 283.691 0.767378 372.399 289.785 0.78767 368.692 349.767 0.779732 398.465 384.787 0.583751 407.601 275.657 0.642636 420.216 318.659 0.760577 446.312 351.071 0.8933 389.774 387.836 0.654419 400.004 449.772 0.789565 380.232 510.434 0.797566 414.777 379.981 0.692057 429.767 440.195 0.833728 418.268 500.202 0.837123 425.639 253.256 0.826339 0 0 0 405.228 254.748 0.796604 0 0 0 0
0 111 59 436.725 259.133 0.847361 396.722 284.119 0.864077 379.348 290.005 0.836646 374.34 349.769 0.746897 404.114 385.227 0.56998 415.202 276.094 0.673977 428.264 319.104 0.789221 453.911 353.456 0.827896 395.207 388.918 0.680459 403.261 451.287 0.814383 387.837 516.304 0.833707 421.518 380.424 0.702197 439.122 440.191 0.831209 430.869 499.556 0.839775 432.816 254.552 0.840681 0 0 0 412.617 255.62 0.817792 0 0 0 0
0 111 60 444.334 260 0.879479 403.911 284.768 0.833074 386.093 290.662 0.841168 379.781 349.98 0.795763 409.553 386.518 0.6083 423.892 277.388 0.664514 436.092 319.771 0.804367 461.295 355.404 0.887074 400.43 390.437 0.691129 406.084 453.028 0.741756 388.698 516.303 0.843002 428.478 381.725 0.724861 448.907 440.843 0.774647 448.69 504.556 0.836278 440.639 254.991 0.843495 0 0 0 420.001 256.278 0.808041 0 0 0 0
0 111 61 451.521 260.87 0.785402 411.514 285.848 0.859765 392.838 291.964 0.787936 386.077 350.424 0.821205 416.292 387.601 0.637111 431.296 278.47 0.708168 444.132 320.644 0.831015 468.896 357.152 0.790065 406.516 391.961 0.655412 408.917 454.773 0.800792 389.347 516.302 0.847524 435.448 383.461 0.711318 458.913 441.496 0.859814 462.167 506.069 0.90851 447.812 255.44 0.827217 0 0 0 427.391 256.944 0.816289 0 0 0 0
0 111 62 459.135 261.304 0.852451 419.338 286.726 0.866673 399.783 293.269 0.819093 391.729 351.077 0.775973 421.95 388.263 0.628512 440.212 279.993 0.664617 452.606 322.598 0.806973 476.302 359.117 0.853178 411.518 393.704 0.695053 411.956 456.726 0.872836 390.849 516.523 0.83824 442.415 385.423 0.728858 467.399 443.243 0.826548 474.795 508.246 0.872614 455.64 255.866 0.831245 0 0 0 434.79 257.394 0.808014 0 0 0 0
0 111 63 466.971 261.96 0.799359 427.385 287.607 0.879855 407.174 294.367 0.784481 398.039 351.522 0.85039 427.825 389.354 0.664859 449.337 281.502 0.712841 461.085 324.35 0.777706 484.558 361.296 0.802211 417.61 395.435 0.715804 416.087 458.039 0.895708 392.15 516.092 0.828555 450.456 387.377 0.687103 476.084 444.991 0.85689 485.888 511.712 0.845653 462.834 256.519 0.870614 0 0 0 442.825 258.062 0.80929 0 0 0 0
0 111 64 474.796 263.266 0.865564 435.854 288.472 0.875331 414.349 295.441 0.817748 404.334 351.316 0.813322 433.26 389.573 0.654219 458.251 283.029 0.733693 469.788 326.095 0.740201 492.601 363.907 0.906268 423.702 396.513 0.689928 421.077 459.126 0.895901 393.445 515.87 0.846934 458.504 388.898 0.717537 483.917 446.295 0.775425 495.026 514.531 0.868509 471.291 257.18 0.851803 0 0 0 450.653 258.726 0.826318 0 0 0 0
0 111 65 483.05 264.56 0.808452 444.338 289.128 0.88253 422.384 296.531 0.768131 410.421 351.547 0.818338 438.71 391.078 0.665117 467.385 283.907 0.697896 478.482 327.832 0.75021 501.086 366.726 0.819765 430.221 397.594 0.714059 425.859 460.212 0.846515 394.759 515.008 0.849531 465.895 390.419 0.678148 491.307 447.608 0.834303 501.982 516.275 0.894109 478.9 257.838 0.876659 0 0 0 458.487 259.822 0.793737 0 0 0 0
0 111 66 491.318 265.863 0.889099 452.821 289.775 0.848583 429.991 297.398 0.816288 417.162 351.757 0.814954 445.236 392.156 0.658025 476.51 285.215 0.807299 487.182 329.353 0.796175 510.209 369.115 0.883928 436.743 398.245 0.669257 430.861 461.31 0.880707 396.28 513.698 0.85427 473.286 391.939 0.731064 498.042 448.917 0.776792 506.116 517.791 0.880162 487.374 258.49 0.87141 0 0 0 466.529 260.683 0.804181 0 0 0 0
0 111 67 499.368 267.151 0.790939 461.303 290.006 0.898464 437.381 298.048 0.76858 422.813 351.53 0.801437 450.453 391.077 0.662467 485.645 286.078 0.7811 496.309 330.659 0.793333 519.122 370.418 0.831756 442.4 398.462 0.706868 436.077 461.748 0.820792 398.461 512.386 0.890287 480.449 393.016 0.71265 503.92 450.009 0.800293 508.731 519.32 0.886116 494.988 259.14 0.855009 0 0 0 474.354 261.772 0.793094 0 0 0 0
0 111 68 507.63 268.025 0.869722 468.922 290.237 0.864834 444.554 298.697 0.822435 428.899 351.538 0.830618 455.892 391.293 0.589678 494.346 286.95 0.804362 505.207 331.529 0.87137 528.7 370.856 0.833453 448.911 398.245 0.69037 441.094 461.973 0.85467 400.85 511.08 0.895908 487.196 393.235 0.741949 509.34 450.455 0.791312 509.827 520.838 0.888942 503.245 259.794 0.863933 506.785 258.2 0.0687448 481.756 262.635 0.780409 0 0 0 0
0 111 69 515.027 268.676 0.837448 476.961 290.255 0.880652 451.72 298.483 0.776457 435.408 351.106 0.818546 461.328 390.433 0.708067 501.964 287.388 0.802652 514.546 332.178 0.835899 538.917 370.431 0.866542 454.34 397.807 0.685528 446.099 461.768 0.82195 403.461 509.769 0.901013 492.84 393.234 0.71684 513.681 450.889 0.770925 510.481 521.929 0.854597 510.647 260.232 0.827797 0 0 0 489.577 263.279 0.787646 0 0 0 0
0 111 70 522.848 269.115 0.862005 484.145 290.26 0.846793 458.675 298.487 0.814141 441.072 351.105 0.87684 466.323 391.297 0.680552 510.433 287.396 0.761366 523.033 331.728 0.897258 549.138 368.903 0.793849 459.554 396.939 0.694417 450.661 461.759 0.786999 406.291 508.466 0.8527 498.276 392.157 0.704614 517.368 451.105 0.801485 510.712 522.153 0.862083 517.828 260.66 0.872706 0 0 0 496.749 264.134 0.796411 0 0 0 0
0 111 71 529.8 270.206 0.832353 490.883 290.26 0.88928 465.411 298.486 0.761362 446.3 350.892 0.839814 471.105 392.157 0.659576 517.395 287.387 0.764014 531.719 330.197 0.844535 559.791 366.291 0.841079 463.899 396.493 0.694708 454.373 461.551 0.849265 408.7 507.596 0.893689 502.831 391.073 0.705852 520.631 450.671 0.817011 510.926 522.364 0.862245 524.778 261.541 0.840886 526.288 258.262 0.126252 503.485 265.205 0.785351 0 0 0 0
0 111 72 535.895 271.08 0.922587 497.403 290.256 0.833871 471.28 298.262 0.780873 450.87 350.669 0.812253 475.889 392.368 0.646115 523.924 287.394 0.732043 541.282 328.465 0.878247 571.536 362.389 0.898571 467.383 395.626 0.690947 457.843 461.337 0.892304 411.1 507.162 0.931747 506.734 389.776 0.717863 522.598 450.881 0.842752 511.135 522.369 0.868472 531.506 262.196 0.834035 0 0 0 509.791 266.065 0.788731 0 0 0 0
0 111 73 541.766 271.085 0.873574 502.848 290.045 0.849617 476.501 298.262 0.810763 455.224 350.874 0.822554 480.23 393.023 0.648677 530.227 287.378 0.712461 549.538 326.283 0.82858 583.265 357.605 0.819746 470.431 395.197 0.68787 460.019 461.333 0.894279 413.28 506.732 0.875908 510.206 388.696 0.706186 524.12 451.532 0.82757 511.347 522.38 0.857044 536.958 262.406 0.864043 0 0 0 515.66 266.499 0.787812 0 0 0 0
0 111 74 547.194 271.302 0.874642 508.056 289.824 0.877536 480.849 297.387 0.753163 458.703 349.995 0.819372 483.488 391.724 0.648425 535.45 287.375 0.705379 558.021 323.681 0.875211 594.357 351.518 0.830176 473.474 394.335 0.688926 461.768 461.112 0.883846 415.234 506.722 0.84864 513.471 387.837 0.687173 524.781 451.963 0.841528 511.561 522.386 0.863356 542.18 262.837 0.852461 0 0 0 520.88 266.716 0.803852 0 0 0 0
0 111 75 552.189 271.516 0.955394 512.195 289.603 0.835319 484.982 296.517 0.779642 461.53 348.909 0.852151 485.656 390.423 0.638255 540.446 287.364 0.694283 565.2 320.436 0.821506 603.719 344.999 0.822896 476.508 393.469 0.70632 462.849 461.096 0.881757 416.762 506.731 0.856801 516.298 386.761 0.685342 525.226 451.752 0.834023 511.776 522.387 0.872474 546.964 263.27 0.833414 551.681 258.38 0.0692411 525.237 267.149 0.826433 0 0 0 0
0 111 76 556.527 271.529 0.902618 515.893 289.594 0.872586 489.115 296.297 0.779258 464.79 348.907 0.828499 488.27 390.634 0.640301 543.925 287.36 0.729298 571.282 317.396 0.863916 612.415 339.134 0.81419 478.903 393.035 0.686346 463.502 461.089 0.850253 417.418 506.737 0.843329 518.272 386.109 0.717346 525.653 451.53 0.832448 512.205 522.379 0.88659 551.739 263.7 0.856928 0 0 0 529.801 267.363 0.785883 0 0 0 1
0 111 77 560.226 271.531 0.795152 519.592 289.577 0.899988 492.814 295.87 0.790073 467.4 348.253 0.788867 490.45 389.983 0.572537 547.399 287.137 0.743194 576.507 314.575 0.778803 619.59 333.904 0.84622 480.644 392.608 0.710656 464.577 461.087 0.872525 417.858 506.735 0.850739 520.217 386.104 0.708558 525.886 451.53 0.821703 512.634 522.372 0.882537 555.44 263.706 0.831135 0 0 0 533.923 267.798 0.789198 0 0 0 1
0 111 78 563.701 271.535 0.88775 523.068 289.566 0.9399 496.085 295.657 0.810251 469.355 347.819 0.800083 492.185 389.554 0.675822 551.089 286.925 0.840115 580.441 312.399 0.814698 625.035 329.127 0.852304 482.594 392.394 0.66422 465.658 461.286 0.847143 418.079 506.746 0.852591 521.965 386.105 0.710603 526.328 451.531 0.820855 512.856 522.364 0.877805 558.916 264.136 0.842515 563.444 260.221 0.125928 537.617 268.448 0.800828 0 0 0 1
0 111 79 566.315 271.961 0.940337 525.676 289.564 0.901517 499.121 295.009 0.775517 471.092 347.382 0.79922 492.839 388.476 0.632677 552.832 287.144 0.790128 583.694 311.756 0.862745 629.6 325.661 0.919778 484.346 392.61 0.660666 466.748 461.292 0.84733 418.941 506.958 0.853392 523.911 386.537 0.715474 526.549 451.963 0.827943 513.284 522.357 0.873429 562.174 264.79 0.832012 567.349 258.385 0.0813641 541.092 268.669 0.77681 0 0 0 1
0 111 80 568.704 272.16 0.926585 528.07 289.561 0.883478 501.301 294.366 0.753799 473.043 347.158 0.828554 494.14 388.046 0.581353 554.563 287.157 0.715424 585.648 311.762 0.875458 632.84 324.136 0.894412 486.094 392.401 0.656697 468.259 461.494 0.850054 420.024 507.173 0.852565 525.217 386.968 0.676197 526.972 452.609 0.816513 513.709 522.35 0.860071 564.576 265.002 0.830096 569.252 258.323 0.0610653 544.569 268.676 0.763846 0 0 0 1
0 111 81 571.085 272.592 0.918839 529.587 289.565 0.870174 503.259 294.795 0.790668 474.779 347.372 0.841082 495.223 388.259 0.605098 555.004 287.153 0.673432 584.785 311.741 0.850643 631.981 323.912 0.883185 487.819 392.831 0.650876 469.56 461.699 0.843141 421.325 507.611 0.8467 525.879 387.835 0.678981 527.185 453.26 0.810467 513.926 522.343 0.868708 566.542 265.866 0.853344 0 0 0 546.954 269.102 0.789346 0 0 0 1
0 111 82 573.258 273.034 0.874127 531.103 289.774 0.904643 504.997 295.013 0.825369 476.086 347.371 0.850859 496.526 388.259 0.633953 555.656 287.157 0.72546 583.707 312.175 0.788148 630.245 324.57 0.9 489.547 393.042 0.672773 471.087 461.706 0.85271 423.287 508.48 0.835691 526.537 388.7 0.68852 527.402 453.698 0.788216 513.928 522.335 0.867983 568.495 267.157 0.838759 0 0 0 548.913 269.749 0.801561 0 0 0 1
0 111 83 574.785 273.262 0.843885 532.184 289.999 0.852655 506.515 296.312 0.800607 477.612 348.249 0.843857 498.041 389.563 0.538247 555.866 287.157 0.654309 581.537 312.83 0.792613 626.765 327.394 0.899185 490.427 393.697 0.683763 473.251 461.711 0.87253 426.325 509.568 0.871949 527.191 389.565 0.688208 527.83 454.558 0.803643 514.138 522.333 0.872102 570.225 268.02 0.839968 0 0 0 550.635 270.194 0.811042 0 0 0 1
0 111 84 576.088 273.492 0.805966 533.055 290.222 0.859849 507.605 297.395 0.799183 478.918 349.332 0.839315 499.35 391.078 0.552073 555.866 287.163 0.711993 579.568 314.557 0.849775 623.061 330.884 0.811634 491.301 394.567 0.685397 475.431 461.727 0.893958 429.588 511.303 0.886456 528.057 390.866 0.683879 528.049 455.429 0.775645 514.346 522.332 0.863081 571.312 268.889 0.79658 0 0 0 552.372 270.633 0.766108 0 0 0 1
0 111 85 577.396 273.714 0.809705 534.138 290.449 0.826901 508.254 298.258 0.8152 479.584 349.766 0.825837 500.215 392.165 0.544107 556.296 287.179 0.638617 577.401 316.508 0.819968 618.268 334.803 0.875205 492.391 395.003 0.698792 477.825 461.945 0.888103 434.142 513.049 0.863449 529.131 391.735 0.672747 528.482 456.299 0.785836 514.344 522.333 0.867904 572.396 269.54 0.878743 0 0 0 553.677 270.861 0.790986 0 0 0 1
0 111 86 578.688 273.94 0.835248 534.784 290.891 0.829184 508.475 299.334 0.831667 480.025 350.633 0.836906 500.426 393.681 0.586242 556.31 287.61 0.616995 574.793 318.462 0.87302 613.031 339.38 0.851401 493.047 395.867 0.704869 479.994 462.599 0.874128 438.923 515.229 0.809415 529.785 392.819 0.673528 528.689 457.59 0.779058 514.345 522.334 0.855554 573.482 270.405 0.857685 0 0 0 554.982 271.085 0.828415 0 0 0 1
0 111 87 579.769 274.382 0.831402 534.569 291.548 0.789831 508.685 300.63 0.851936 480.256 351.497 0.817502 501.295 394.978 0.633005 555.658 288.042 0.610218 571.522 319.773 0.883215 607.153 343.937 0.82461 493.497 396.735 0.703989 482.164 463.261 0.809199 444.137 518.052 0.858542 530.43 393.685 0.683282 528.477 458.671 0.794393 514.345 522.337 0.853983 574.776 271.068 0.863317 0 0 0 556.725 271.311 0.798614 0 0 0 1
0 111 88 580.418 275.478 0.787157 534.994 292.638 0.812184 508.48 301.713 0.835719 480.47 351.936 0.837837 502.164 396.057 0.631841 556.088 289.342 0.599702 568.706 321.08 0.875355 600.407 348.494 0.936045 493.924 397.611 0.716162 484.119 464.561 0.808971 449.57 521.321 0.890984 530.868 394.985 0.715217 528.689 459.553 0.81034 514.347 522.341 0.855116 575.431 271.73 0.818852 0 0 0 557.387 271.748 0.752627 0 0 0 1
0 111 89 580.854 277 0.836124 534.777 293.717 0.831812 508.27 302.8 0.852373 480.465 352.379 0.843918 502.814 396.491 0.643484 556.102 289.552 0.61599 565.672 321.301 0.858689 593.021 351.975 0.872391 494.135 399.559 0.714388 485.86 466.087 0.817892 455.002 524.796 0.875909 530.868 396.721 0.692555 528.478 460.643 0.800831 514.351 522.345 0.859924 575.861 272.821 0.828429 0 0 0 557.608 272.62 0.762519 0 0 0 1
0 111 90 581.074 278.313 0.811911 534.347 295.013 0.831127 508.057 303.244 0.859669 480.039 352.604 0.85625 502.379 396.5 0.608451 556.31 290.641 0.627202 563.502 321.532 0.817335 586.488 355.231 0.870271 494.362 401.081 0.713164 487.397 467.617 0.796546 460.436 528.273 0.872233 531.087 398.026 0.689224 528.267 461.515 0.807039 514.142 522.345 0.854122 576.078 274.125 0.804642 0 0 0 557.842 273.502 0.729075 0 0 0 1
0 111 91 580.862 280.041 0.641401 533.692 296.31 0.802524 507.843 303.905 0.843512 479.599 352.835 0.856861 501.513 396.72 0.592355 556.086 291.076 0.619345 561.541 321.975 0.785435 579.747 358.264 0.796185 494.587 402.609 0.696152 488.912 469.345 0.836654 466.294 532.181 0.791098 531.084 399.331 0.685731 527.839 462.167 0.806857 514.358 522.128 0.840052 576.078 275.441 0.679272 0 0 0 558.048 274.809 0.757963 0 0 0 1
0 111 92 580.431 281.779 0.759233 533.691 297.611 0.809349 507.631 305.216 0.844571 478.946 353.479 0.850542 501.298 396.945 0.632126 556.523 291.297 0.61359 560.444 322.409 0.732027 573.871 360.218 0.853779 494.573 404.128 0.689248 489.782 471.086 0.860345 471.5 536.092 0.927069 530.651 400.416 0.690879 527.619 462.396 0.781004 514.574 521.907 0.839429 575.862 277.174 0.77397 0 0 0 557.621 276.528 0.729873 0 0 0 1
0 111 93 579.992 283.285 0.687801 533.684 299.132 0.763346 507.199 306.516 0.842556 478.283 354.35 0.812675 501.078 397.169 0.647909 556.962 292.822 0.551465 558.712 324.153 0.712102 568.641 362.174 0.771748 494.143 405.656 0.700438 490.438 473.249 0.872361 476.496 539.783 0.902317 530.002 401.939 0.653782 527.402 463.042 0.779405 514.792 521.685 0.831836 575.432 278.044 0.666022 0 0 0 557.182 278.038 0.679825 0 0 0 1
0 111 94 578.691 285.236 0.828942 532.599 300.646 0.790737 506.548 308.253 0.857116 477.62 355.444 0.840779 500.862 397.601 0.698665 556.749 293.902 0.572369 557.19 325.24 0.653259 564.512 363.679 0.771558 493.924 407.604 0.694187 491.088 475.64 0.885265 480.203 543.476 0.841824 529.358 403.675 0.676283 527.404 463.264 0.784811 515.014 521.253 0.84067 574.557 279.785 0.772825 0 0 0 555.664 279.775 0.716044 0 0 0 1
0 111 95 577.172 287.182 0.834207 531.511 301.952 0.784322 505.246 309.987 0.819213 476.962 356.751 0.860559 500.644 398.038 0.70313 556.746 294.773 0.560946 556.11 326.101 0.540956 561.039 364.111 0.675549 493.7 409.35 0.691394 491.318 478.027 0.848684 483.477 547.172 0.780951 528.929 405.413 0.649028 527.412 463.496 0.7578 515.444 520.824 0.818362 572.823 281.531 0.801869 0 0 0 553.496 281.519 0.74459 0 0 0 1
0 111 96 575.438 288.706 0.862495 530.419 303.262 0.78588 503.514 311.731 0.79342 476.302 358.281 0.817713 499.775 399.552 0.621757 556.744 295.864 0.549991 555.463 327.394 0.311954 558.215 364.762 0.393502 493.486 411.305 0.687763 491.531 480.634 0.839176 486.306 551.086 0.80715 528.932 407.149 0.632215 527.627 463.937 0.726633 515.877 520.387 0.806881 570.22 283.264 0.8685 574.534 279.236 0.112586 550.245 283.462 0.788634 0 0 0 0
0 111 97 573.912 289.79 0.832404 528.909 304.35 0.804256 501.978 313.693 0.761187 474.991 360.025 0.824736 498.692 401.075 0.661289 556.313 296.08 0.633172 555.022 328.253 0.371836 556.48 364.987 0.367821 493.489 413.47 0.712803 491.743 482.811 0.807661 488.056 554.774 0.850585 529.147 408.671 0.670203 527.63 464.36 0.691875 516.304 519.953 0.806556 567.84 284.993 0.828323 571.637 280.601 0.1 547.845 285.21 0.761757 0 0 0 0
0 111 98 571.303 291.317 0.75739 527.817 306.089 0.796965 500.224 315.646 0.775768 473.253 361.765 0.832779 497.173 402.161 0.664106 556.086 297.603 0.567025 554.809 329.779 0.479924 555.408 365.424 0.552152 493.705 414.559 0.723417 491.949 484.779 0.803368 489.583 558.25 0.851021 530.226 409.535 0.661473 528.708 464.359 0.701277 516.733 519.736 0.810467 565.228 286.514 0.750894 568.74 281.966 0.105611 544.36 287.167 0.72377 0 0 0 0
0 111 99 568.259 293.053 0.824135 526.51 307.613 0.82236 498.044 317.816 0.784668 471.515 364.371 0.842636 496.514 403.686 0.749012 555.645 298.259 0.618168 554.586 331.299 0.618049 554.967 365.651 0.748513 493.478 415.863 0.72918 491.938 486.948 0.831991 490.885 561.503 0.802844 530.87 410.405 0.675483 530.011 463.927 0.689903 517.383 519.528 0.806106 561.743 288.26 0.761333 565.842 283.331 0.183466 540.657 288.902 0.766153 0 0 0 0
0 111 100 564.994 294.579 0.880545 525.202 309.364 0.83812 495.217 320.198 0.835465 469.572 366.978 0.87386 495.859 405.632 0.783781 555.209 300.216 0.699489 554.793 334.34 0.589845 554.759 367.174 0.6906 493.046 416.953 0.71326 491.935 489.128 0.872187 491.109 563.686 0.844505 531.523 411.272 0.685946 531.526 463.708 0.675328 518.033 519.528 0.804528 558.046 289.992 0.86406 562.945 284.696 0.174682 536.75 290.427 0.780924 0 0 0 0
0 111 101 561.081 296.316 0.819935 522.814 311.104 0.811339 491.957 321.721 0.831763 467.824 369.364 0.85097 494.125 407.15 0.77541 554.12 302.602 0.626744 554.353 337.385 0.590716 554.764 368.693 0.728863 492.617 418.251 0.699027 491.722 491.516 0.88324 491.118 565.856 0.854669 532.383 412.146 0.657599 532.841 463.708 0.593451 518.681 519.321 0.78567 554.132 291.529 0.837322 559.888 286.651 0.201123 532.399 291.747 0.705557 0 0 0 0
0 111 102 556.741 299.36 0.883946 519.994 312.851 0.861772 488.69 323.678 0.824845 465.873 371.538 0.859139 491.738 408.884 0.756012 552.383 304.553 0.754339 554.343 340.427 0.717339 554.122 370.637 0.797279 492.178 419.548 0.716104 491.06 493.475 0.843224 491.113 567.606 0.861796 533.244 412.576 0.734434 534.583 463.279 0.675149 519.34 519.106 0.833275 549.351 294.359 0.809512 556.516 289.145 0.463657 527.605 293.703 0.696825 0 0 0 0
0 111 103 552.829 302.18 0.915039 518.026 314.804 0.81857 485.424 324.995 0.775789 463.055 373.496 0.855855 489.344 410.41 0.779859 550.863 306.952 0.718296 554.123 344.129 0.686574 552.608 374.121 0.81832 491.093 420.852 0.744373 489.97 494.999 0.801925 491.1 569.342 0.833283 533.459 413.022 0.708018 536.106 463.929 0.744151 519.995 519.318 0.874005 544.363 296.533 0.825158 553.044 291.328 0.464678 523.032 295.441 0.697439 0 0 0 0
0 111 104 548.27 305.221 0.823725 515.854 316.972 0.876728 482.374 326.523 0.766638 460.231 375.443 0.866295 487.384 411.725 0.777782 549.122 309.565 0.825444 553.676 347.829 0.748549 551.098 377.386 0.709723 490.23 421.934 0.740206 489.529 496.088 0.79331 491.082 570.642 0.846858 533.668 413.251 0.739714 537.846 465.006 0.774384 520.438 519.531 0.898548 539.793 298.924 0.806773 549.348 293.517 0.47189 518.239 297.384 0.644749 0 0 0 0
0 111 105 543.499 308.479 0.848526 513.684 318.924 0.885121 479.114 328.249 0.819137 457.186 376.743 0.85567 484.347 412.376 0.758749 547.376 311.733 0.80681 553.24 350.012 0.745055 550.23 379.571 0.764931 489.135 423.231 0.731462 488.452 496.96 0.767592 491.066 571.073 0.840341 533.444 413.697 0.744817 539.8 466.526 0.773355 520.876 519.968 0.909884 535.443 301.532 0.801414 545.442 296.346 0.696687 513.444 298.918 0.671612 0 0 0 0
0 111 106 538.716 311.53 0.818383 511.718 320.668 0.923489 475.856 329.753 0.826606 454.582 378.253 0.818665 481.295 413.471 0.74117 545.644 314.135 0.82295 553.02 353.061 0.682875 548.501 383.269 0.584446 487.612 424.326 0.711774 487.158 498.478 0.738213 491.056 571.293 0.835894 532.795 415.218 0.735213 541.111 468.919 0.78069 521.539 520.839 0.912637 530.431 304.571 0.794641 541.742 299.39 0.72888 508.449 300.648 0.720236 0 0 0 0
0 111 107 534.589 313.931 0.866168 509.544 322.404 0.91803 472.603 331.051 0.793971 452.406 379.557 0.813196 478.254 415.647 0.793091 544.118 316.744 0.853963 552.362 356.752 0.776528 546.76 387.612 0.613556 485.871 425.855 0.712885 486.075 499.998 0.76081 491.048 571.517 0.849394 531.505 417.176 0.729848 541.335 471.96 0.771323 522.195 522.577 0.92891 525.644 307.605 0.90795 538.263 302.432 0.887518 504.529 301.955 0.760118 0 0 0 0
0 111 108 530.456 316.106 0.861154 507.807 324.574 0.875237 469.572 332.145 0.781142 450.428 379.989 0.822244 474.571 417.167 0.722356 542.83 320.223 0.832093 552.347 361.748 0.698154 545.031 392.391 0.651017 484.136 427.816 0.704803 484.989 501.515 0.755746 491.043 571.739 0.82451 530.422 419.565 0.740786 541.11 475.661 0.790098 522.84 524.968 0.948734 521.728 309.771 0.834669 534.798 305.463 0.829577 500.823 303.481 0.766512 0 0 0 0
0 111 109 526.114 318.713 0.939334 505.853 326.303 0.834564 467.181 332.802 0.810188 448.466 380.425 0.811543 471.087 418.481 0.657541 541.523 322.616 0.780259 552.342 363.488 0.655623 543.734 395.44 0.696754 482.607 430.206 0.73995 483.907 502.817 0.769883 491.036 571.953 0.837984 529.345 422.18 0.731129 540.239 480.667 0.816621 523.268 528.891 0.947727 517.816 311.953 0.843523 531.746 308.707 0.862314 496.909 305.215 0.81423 0 0 0 0
0 111 110 522.411 321.747 0.885511 504.328 328.039 0.837731 465.219 333.667 0.85646 446.514 380.864 0.886085 467.607 420.43 0.700416 540.227 325.003 0.818684 552.343 365.438 0.600689 542.652 398.915 0.630476 481.089 432.596 0.725781 482.818 504.121 0.801152 491.028 572.177 0.842456 528.262 425.218 0.725352 538.928 486.093 0.79546 523.491 534.323 0.889917 513.692 314.127 0.882342 528.92 311.526 0.821309 493.657 307.165 0.807995 537.677 300.236 0.110751 0
0 111 111 518.935 323.918 0.834159 503.017 329.561 0.832828 463.474 334.323 0.889599 444.769 381.523 0.903838 465.213 422.177 0.75763 539.567 326.735 0.820248 552.574 365.868 0.665109 542.218 401.738 0.705995 479.79 434.772 0.722831 481.961 505.428 0.827926 491.019 572.172 0.82751 527.18 428.264 0.771079 536.973 491.528 0.862357 523.698 540.636 0.850038 510.209 315.874 0.946417 526.304 313.496 0.904349 490.41 308.694 0.817887 535.538 303.051 0.308471 0
0 111 112 515.666 325.875 0.828542 501.508 331.092 0.860996 461.743 334.98 0.895529 443.889 382.392 0.865695 462.824 424.564 0.751729 539.127 328.69 0.830692 553.018 366.731 0.642886 543.078 403.04 0.640419 478.924 436.95 0.74955 481.317 506.954 0.83471 491.015 572.169 0.814896 526.525 431.524 0.762412 534.81 497.609 0.78621 523.7 548.03 0.84082 506.943 317.616 0.908741 523.469 315.661 0.934418 487.806 310.433 0.76683 533.399 305.866 0.295439 0
0 111 113 513.05 327.829 0.842221 499.994 332.619 0.834164 460.224 336.069 0.904961 443.017 383.702 0.882229 460.217 426.949 0.784863 538.895 330.43 0.808564 553.893 368.471 0.71533 543.508 405.22 0.740624 477.839 439.56 0.80084 480.233 509.34 0.853579 491.02 571.96 0.844113 525.872 435.002 0.766915 532.633 503.482 0.826599 523.699 556.512 0.885493 503.69 319.783 0.879924 520.643 318.045 0.924337 485.637 312.169 0.767963 531.26 308.681 0.242551 0
0 111 114 510.215 329.999 0.912536 498.694 334.571 0.842307 459.34 337.38 0.896346 442.152 385.655 0.867023 458.691 429.567 0.76473 538.679 332.39 0.814669 554.762 371.731 0.765766 542.853 408.692 0.743505 476.958 442.177 0.807244 479.576 511.941 0.843995 491.027 571.958 0.861096 525.214 438.483 0.778367 530.244 509.354 0.822128 523.701 565.428 0.873967 500.654 322.177 0.857943 518.026 320.873 0.907279 483.681 314.129 0.765302 529.12 311.496 0.474165 0
0 111 115 507.608 332.383 0.957444 497.405 336.953 0.838869 458.471 338.91 0.868062 441.279 387.388 0.835078 457.174 431.95 0.797336 538.662 334.559 0.796128 555.633 374.565 0.831581 543.065 411.298 0.796362 476.297 444.782 0.81222 479.132 513.692 0.843294 491.032 571.743 0.895607 524.563 441.097 0.79019 528.496 514.787 0.838888 523.483 573.916 0.845313 498.486 324.138 0.872894 516.059 323.266 0.890128 481.938 316.299 0.797895 527.386 313.902 0.431261 0
0 111 116 505.213 335.2 0.952772 496.54 339.12 0.862283 458.029 340.651 0.854276 440.412 389.128 0.826526 455.87 433.896 0.780864 538.448 336.945 0.824671 556.724 376.96 0.80007 543.496 413.903 0.76644 475.863 447.17 0.803302 478.481 515.636 0.832285 491.044 571.522 0.89736 524.334 443.714 0.815887 526.973 519.796 0.831699 523.27 582.618 0.86367 496.528 326.105 0.894127 514.109 325.656 0.872029 480.215 319.117 0.830657 525.659 317.166 0.489397 0
0 111 117 503.044 338.239 0.927079 495.675 341.071 0.895743 457.797 342.6 0.83233 439.552 391.09 0.841162 454.991 436.07 0.789136 538.226 338.691 0.844068 557.605 378.927 0.856937 543.504 416.512 0.805187 475.636 449.555 0.791043 477.84 517.384 0.831422 491.053 571.308 0.890304 523.901 446.753 0.809284 525.667 525.223 0.837467 523.055 590.88 0.833445 494.78 328.503 0.896959 512.363 328.056 0.865646 478.708 321.946 0.899313 524.138 320.437 0.463769 0
0 111 118 501.3 341.071 0.876409 495.029 343.259 0.872712 457.569 344.988 0.84625 439.111 393.476 0.853852 453.918 438.249 0.775828 538.021 341.091 0.852066 558.487 382.837 0.90363 543.283 420.418 0.876571 475.414 451.736 0.760114 477.188 519.35 0.860906 491.068 571.303 0.901644 523.677 449.581 0.786652 524.594 530.214 0.815626 522.839 597.841 0.867595 493.04 331.541 0.927729 510.626 331.101 0.924692 477.628 324.561 0.843537 523.058 323.91 0.610188 0
0 111 119 499.569 343.468 0.842311 494.601 346.081 0.873479 457.348 347.598 0.859405 438.893 396.088 0.869414 453.263 440.214 0.797762 538.022 343.705 0.836105 559.364 387.402 0.867839 542.854 424.331 0.838571 475.396 453.919 0.770077 476.747 521.096 0.866039 491.08 571.087 0.90948 523.461 452.195 0.782541 524.151 535.002 0.817311 522.616 603.928 0.87172 491.731 334.581 0.942718 509.109 334.154 0.949707 476.971 326.953 0.791359 522.612 326.954 0.631279 0
0 111 120 498.049 345.87 0.880308 494.607 349.331 0.878864 457.139 350.637 0.873295 438.896 399.122 0.875684 452.83 443.034 0.816417 538.234 346.755 0.849453 560.441 392.413 0.849868 542.636 428.901 0.864655 475.382 456.958 0.782101 476.529 523.699 0.851786 491.094 571.087 0.907578 523.25 455.244 0.784376 524.14 539.992 0.854185 522.398 608.931 0.868905 490.854 337.827 0.919529 508.015 337.403 0.939076 476.536 329.56 0.753638 522.376 330.004 0.732321 0
0 111 121 496.531 348.911 0.927029 495.038 352.372 0.885388 457.14 353.676 0.854823 438.902 401.937 0.855785 452.614 445.64 0.826335 538.451 349.79 0.893256 561.301 396.984 0.904034 541.77 434.119 0.884924 475.363 459.786 0.78742 476.301 526.084 0.815812 491.099 571.094 0.908695 523.029 458.496 0.786202 524.128 543.687 0.822062 522.385 612.635 0.872982 489.341 340.879 0.856244 507.147 340.457 0.920158 476.093 332.172 0.810293 521.94 332.843 0.798434 0
0 111 122 495.016 352.163 0.934621 495.896 355.406 0.868805 457.565 356.276 0.844597 439.332 404.121 0.834059 452.837 448.458 0.835988 538.684 352.833 0.880135 561.736 400.904 0.863579 541.116 439.322 0.84669 475.357 462.831 0.782162 475.433 527.826 0.773669 491.096 571.303 0.892179 523.026 461.97 0.789422 524.134 547.169 0.861216 522.38 615.243 0.849888 487.823 343.491 0.857937 506.283 343.294 0.900657 475.861 335.007 0.782775 521.721 336.097 0.793478 0
0 111 123 494.136 355.205 0.928575 496.538 358.016 0.842795 457.791 358.45 0.852806 439.981 406.295 0.826962 453.054 450.85 0.822757 538.909 355.868 0.858185 561.953 404.813 0.84287 540.898 444.316 0.893796 475.356 465.662 0.778862 474.565 529.563 0.777873 491.093 571.313 0.907604 523.029 465.447 0.788639 524.346 549.999 0.85814 522.373 617.207 0.829854 486.509 345.674 0.873077 505.205 345.901 0.908257 475.636 338.042 0.650837 521.704 339.138 0.758499 0
0 111 124 493.255 358.026 0.904487 496.968 360.403 0.848449 458.012 360.419 0.869309 440.845 408.261 0.866342 453.27 452.818 0.779768 539.135 358.7 0.861588 561.956 408.938 0.895442 540.67 448.669 0.797626 475.363 468.276 0.774397 473.047 531.079 0.798004 491.086 571.746 0.871688 523.244 468.924 0.768282 524.359 553.044 0.854202 522.363 619.592 0.844746 484.997 347.855 0.909686 504.123 348.725 0.942966 475.212 340.862 0.669873 521.488 342.174 0.772645 0
0 111 125 491.954 360.208 0.899954 497.186 362.379 0.857879 458.014 362.379 0.871239 441.715 410.433 0.852487 453.269 454.787 0.797105 539.356 361.099 0.869702 561.954 413.07 0.883014 540.016 452.803 0.854101 475.354 470.884 0.763838 472.175 532.833 0.782779 491.071 573.263 0.857717 523.251 472.18 0.759043 524.369 555.865 0.791459 522.352 620.467 0.1 483.479 350.246 0.912369 502.601 351.762 0.927181 474.98 343.026 0.518587 520.844 344.57 0.742699 0
0 111 126 490.642 362.389 0.952437 497.185 364.34 0.866603 457.805 364.125 0.892601 442.589 413.036 0.883583 453.059 457.178 0.809119 539.561 363.268 0.857305 561.311 416.53 0.866375 539.787 456.71 0.855845 475.144 473.711 0.779538 471.076 535.654 0.742205 490.849 575.224 0.858362 523.463 475.229 0.764339 524.386 558.471 0.817831 522.344 621.771 0.844586 481.761 352.857 0.951419 501.074 354.794 0.899337 474.108 344.971 0.437104 520.191 346.535 0.811386 0
0 111 127 488.905 364.775 0.950989 496.978 366.723 0.876837 457.594 365.65 0.893229 443.249 415.426 0.874606 452.846 459.346 0.807874 539.556 365.869 0.870451 560.44 419.572 0.82685 539.555 459.974 0.840457 474.72 476.531 0.764831 469.768 538.906 0.745189 489.972 578.494 0.86815 523.464 478.268 0.749138 524.808 560.212 0.781073 522.133 622.635 0.825782 480.238 355.027 0.959456 499.345 356.976 0.844454 473.014 346.709 0.374591 518.892 348.495 0.835839 0
0 111 128 487.153 367.597 0.937056 496.97 368.901 0.867056 457.382 366.746 0.898755 443.683 417.382 0.859792 452.63 461.739 0.804084 539.554 368.7 0.861658 559.563 422.192 0.824828 538.461 463.455 0.8447 473.863 479.562 0.780164 468.248 542.173 0.78923 488.45 583.709 0.887702 523.247 481.315 0.739552 524.823 561.519 0.787865 522.132 622.855 0.819144 478.504 357.198 0.916607 497.595 359.154 0.827829 471.874 348.533 0.38823 517.372 350.888 0.850943 0
0 111 129 485.191 370.63 0.886737 496.538 370.856 0.849072 456.734 367.835 0.902127 443.896 418.906 0.831628 451.769 463.482 0.774785 539.343 371.097 0.846814 558.264 425.438 0.846926 536.725 466.506 0.816675 472.781 481.741 0.767638 466.506 545.214 0.75349 486.494 590.45 0.925048 522.807 483.929 0.736303 524.831 562.607 0.782439 522.134 623.504 0.803798 476.119 359.385 0.928291 495.427 361.982 0.908095 470.734 350.357 0.223774 515.644 353.283 0.819039 0
0 111 130 483.016 373.035 0.851452 495.878 373.02 0.859999 455.857 369.35 0.889113 443.896 420.643 0.81734 450.901 465.441 0.771218 539.123 373.713 0.866491 557.17 428.697 0.857309 535.423 470.207 0.764041 471.283 484.352 0.744902 464.554 549.345 0.78518 483.458 598.059 0.897776 522.595 486.976 0.750921 524.832 564.131 0.839277 522.129 624.584 0.802651 474.154 362.2 0.961493 492.605 365.235 0.950692 469.594 352.181 0.188585 513.908 355.891 0.821706 0
0 111 131 480.622 375.441 0.869029 494.793 375.206 0.844449 454.356 371.096 0.860215 443.252 422.586 0.813169 449.601 467.192 0.769983 538.678 377.184 0.823842 556.085 432.175 0.875421 533.902 473.478 0.721664 469.761 487.397 0.739456 462.376 553.912 0.859529 479.987 606.761 0.903055 521.951 490.235 0.755725 524.825 565.646 0.813141 522.12 625.88 0.801342 472.193 365.245 0.964377 489.782 368.487 0.95351 468.453 354.005 0.171006 511.746 358.283 0.816396 0
0 111 132 477.588 378.69 0.935939 493.706 378.034 0.883883 453.046 373.053 0.843913 442.389 424.543 0.81385 448.288 469.146 0.738914 537.374 380.671 0.883833 554.778 435.873 0.826833 532.163 476.748 0.718885 468.032 490.43 0.727952 459.781 558.699 0.860062 476.08 616.753 0.907519 520.869 493.274 0.74329 524.605 566.945 0.784065 522.111 627.167 0.815882 470.021 368.5 0.886686 487.174 371.535 0.909602 463.795 350.312 0.0516241 508.931 361.322 0.841219 0
0 111 133 474.337 381.953 0.950702 492.609 381.295 0.894852 451.526 375.223 0.812254 441.095 427.153 0.826219 446.765 471.534 0.757845 535.646 384.368 0.867072 552.828 439.999 0.836405 529.776 480.435 0.757788 466.076 493.686 0.739455 457.612 564.129 0.843526 471.312 626.75 0.876452 519.142 496.32 0.718106 524.384 567.821 0.789596 522.105 628.03 0.829646 467.831 371.765 0.828353 484.352 374.37 0.84782 461.812 359.961 0.0580069 505.887 364.582 0.852509 0
0 111 134 471.507 385.424 0.898351 490.655 384.556 0.887309 449.784 378.046 0.834281 439.573 429.979 0.791523 444.597 474.573 0.718544 533.901 388.064 0.821123 550.645 443.915 0.836224 526.729 484.352 0.697967 463.482 496.736 0.72886 454.786 569.334 0.843342 466.326 635.889 0.815881 517.401 499.157 0.716837 524.161 568.69 0.829734 522.103 628.895 0.832774 464.796 375.238 0.837177 481.735 377.632 0.90758 461.669 363.795 0.070315 503.059 367.834 0.849769 0
0 111 135 468.251 388.685 0.852614 488.486 387.827 0.859635 447.39 381.297 0.880698 437.832 432.813 0.744221 442.641 477.618 0.718932 531.739 392.195 0.810135 548.671 447.841 0.808887 523.477 488.696 0.713442 460.663 499.562 0.762934 452.185 574.554 0.80478 461.548 645.664 0.866107 515.44 501.771 0.744217 523.929 569.13 0.851545 522.104 629.114 0.856924 461.527 378.279 0.906096 478.264 380.898 0.972377 459.723 365.764 0.0721118 500.01 371.306 0.821217 0
0 111 136 464.562 391.949 0.905466 486.298 390.879 0.831051 444.565 384.555 0.875955 435.434 436.073 0.747509 440.454 481.092 0.750894 528.913 396.103 0.843434 546.275 451.971 0.764576 520.004 492.824 0.717048 457.831 503.04 0.783573 449.796 579.56 0.821288 457.632 654.357 0.83203 513.046 504.812 0.716821 523.275 570 0.839802 522.308 629.755 0.869513 457.837 381.749 0.938853 474.775 384.373 0.988178 455.914 365.947 0.0767826 496.744 374.781 0.789499 0
0 111 137 460.883 395.208 0.952775 482.83 394.348 0.871218 441.306 388.243 0.864121 432.185 439.985 0.760529 437.842 485 0.755379 525.639 399.362 0.855983 542.816 455.881 0.854278 517.175 496.311 0.760197 455 506.532 0.763202 446.971 584.989 0.874028 454.158 661.31 0.854068 510.224 508.066 0.741774 522.397 571.733 0.822233 522.098 630.616 0.880816 454.351 385.021 0.847676 471.085 387.834 0.911882 0 0 0 493.063 377.606 0.893545 0
0 111 138 456.969 398.255 0.949337 479.338 397.612 0.877213 437.612 391.51 0.808033 428.722 444.119 0.80925 434.576 489.354 0.728347 521.94 402.614 0.840472 539.348 458.927 0.86193 514.131 499.789 0.73176 451.958 510.23 0.739838 443.706 590.424 0.853405 451.114 666.754 0.843315 507.404 511.314 0.727613 520.659 573.911 0.814866 521.884 631.26 0.872465 450.226 388.272 0.825692 466.53 390.449 0.848731 446.074 379.474 0.0584085 489.36 380.429 0.872748 0
0 111 139 452.195 401.497 0.888137 475.215 400.879 0.886213 433.698 394.779 0.865277 424.814 448.045 0.780898 431.087 493.277 0.719018 517.163 405.647 0.802134 535.663 462.178 0.852196 510.223 503.048 0.784047 448.477 513.925 0.726464 440.452 594.771 0.787411 449.152 671.535 0.833722 503.928 514.138 0.719099 518.052 575.875 0.799986 521.674 631.264 0.874512 446.098 390.888 0.845056 462.605 392.841 0.935457 0 0 0 484.798 383.686 0.787299 0
0 111 140 447.627 404.528 0.890467 470.649 404.128 0.839407 429.773 398.252 0.87623 420.471 452.18 0.738887 427.385 497.403 0.734988 512.383 407.828 0.804473 531.527 465.207 0.826894 506.529 506.306 0.838138 444.781 517.183 0.751318 438.057 598.906 0.82615 447.626 675.228 0.819596 499.372 516.534 0.693711 513.923 578.707 0.748724 521.033 629.972 0.876084 441.316 393.491 0.860363 458.252 395.447 0.952114 0 0 0 480.021 386.728 0.786165 0
0 111 141 443.061 406.711 0.899031 465.876 406.739 0.854778 425.426 401.513 0.839297 416.336 456.531 0.793823 422.619 501.322 0.693592 508.26 410.005 0.863885 527.187 467.809 0.849092 502.621 509.782 0.801412 440.864 520.884 0.737462 435.872 602.609 0.774023 446.529 677.62 0.84406 495.032 519.795 0.701926 508.501 582.183 0.717605 519.743 629.76 0.874896 436.314 395.878 0.856642 453.249 398.265 0.884727 0 0 0 475.675 389.114 0.834859 0
0 111 142 437.856 408.896 0.890703 461.099 408.924 0.890392 420.636 404.559 0.81726 412.403 460.226 0.837671 418.063 504.802 0.733881 504.333 412.39 0.832803 523.266 469.769 0.861694 498.709 513.261 0.74864 436.525 524.801 0.718243 433.697 606.306 0.836299 446.294 679.797 0.865949 491.321 523.487 0.73684 503.49 587.174 0.771847 518.236 629.99 0.861801 431.308 398.903 0.907482 448.247 401.293 0.937607 0 0 0 471.114 391.086 0.828423 0
0 111 143 432.851 411.501 0.950122 456.745 411.31 0.884085 415.645 406.957 0.828099 407.621 463.265 0.762466 413.926 507.2 0.741864 499.561 414.774 0.835685 519.146 471.72 0.841505 495.021 516.082 0.785769 432.398 528.49 0.725264 431.091 609.568 0.793395 446.075 681.54 0.87845 486.549 526.959 0.727638 496.746 591.953 0.737162 515.424 631.938 0.847528 426.525 401.509 0.884404 443.462 403.474 0.937112 0 0 0 466.122 393.265 0.862133 0
0 111 144 428.274 414.531 0.978662 452.169 413.912 0.868721 411.289 409.133 0.82704 402.616 466.081 0.793998 409.569 510.023 0.729713 494.778 416.948 0.876463 514.589 474.108 0.81826 491.318 518.26 0.78239 428.483 531.753 0.765475 428.056 611.73 0.820723 445.863 682.197 0.874742 481.566 530.212 0.733789 489.579 596.296 0.713154 511.942 635.621 0.806171 421.532 404.113 0.842289 438.891 405.652 0.837742 0 0 0 461.347 395.651 0.881789 0
0 111 145 423.274 417.348 0.886162 447.384 416.507 0.885624 406.508 411.09 0.842179 398.054 468.48 0.837131 405.006 513.065 0.749484 490.64 418.907 0.85535 510.017 476.934 0.867638 486.544 521.52 0.824026 424.358 534.149 0.739559 425.016 613.471 0.793107 445.437 683.061 0.887975 476.993 533.038 0.748343 481.108 601.072 0.759405 506.739 640.842 0.840777 416.533 406.089 0.825187 433.685 407.83 0.879794 0 0 0 456.78 398.473 0.861559 0
0 111 146 418.271 419.739 0.887543 443.244 418.472 0.843401 401.724 413.263 0.842687 394.134 470.428 0.784861 400.435 515.239 0.708529 486.079 421.077 0.789405 506.304 479.547 0.886658 481.551 524.987 0.777022 420.013 537.405 0.702801 422.624 614.991 0.79839 445.425 683.935 0.860704 472.421 536.732 0.742547 471.976 605.214 0.815608 499.783 647.582 0.830465 411.541 408.474 0.823868 428.896 410.45 0.954835 0 0 0 452.21 401.309 0.854218 0
0 111 147 413.489 422.354 0.869169 438.908 420.647 0.81454 397.588 416.078 0.871029 389.784 472.389 0.744764 396.727 516.977 0.744457 481.518 423.261 0.779014 502.161 482.814 0.81242 476.766 528.675 0.781148 416.319 540.888 0.746787 420.668 615.873 0.799859 445.205 685.012 0.863974 468.284 540.651 0.698587 463.273 609.782 0.801838 491.527 654.756 0.847085 406.97 411.518 0.796722 424.757 413.702 0.901273 0 0 0 447.43 404.136 0.828203 0
0 111 148 409.355 425.406 0.882179 434.353 423.039 0.817723 393.458 418.684 0.828341 385.655 474.992 0.801882 392.604 518.71 0.678521 477.606 426.09 0.851499 497.597 486.508 0.807857 471.33 531.937 0.780776 412.838 544.369 0.752807 419.359 617.616 0.820846 445.859 685.881 0.879093 464.152 544.349 0.708209 455.004 615.648 0.725592 481.307 664.106 0.802074 402.188 414.777 0.788622 419.772 416.952 0.843518 0 0 0 443.289 406.315 0.822673 0
0 111 149 404.57 428.671 0.899484 430.232 425.874 0.855055 388.894 420.652 0.813688 382.164 477.388 0.832932 388.691 521.315 0.70795 473.696 429.354 0.857103 493.475 490.422 0.885074 465.882 535.625 0.726614 409.367 547.631 0.710069 417.841 619.567 0.88537 446.517 687.172 0.875221 460.879 548.258 0.685926 447.173 619.558 0.78301 470.003 674.539 0.821588 398.049 417.832 0.802944 415.205 420.004 0.92897 0 0 0 438.938 409.575 0.793639 0
0 111 150 400.008 432.16 0.950801 426.307 429.127 0.87164 384.336 423.048 0.82556 378.47 479.558 0.738429 385.203 524.127 0.704258 469.125 432.62 0.802415 489.767 494.12 0.883373 460.663 538.885 0.755364 405.889 550.888 0.676612 416.324 621.741 0.753611 446.749 688.263 0.667741 457.391 551.733 0.64657 440.424 623.907 0.668132 458.264 683.897 0.709959 393.482 421.745 0.829233 411.073 423.697 0.908688 0 0 0 434.157 412.852 0.84608 0
0 111 151 395.866 436.063 0.893531 421.956 432.383 0.826238 380.21 426.512 0.794591 373.924 482.164 0.703999 381.489 527.168 0.710108 464.349 435.667 0.816707 485.85 497.609 0.792602 455.876 542.372 0.683754 402.197 553.926 0.656953 414.797 623.705 0.560269 446.976 689.132 0.536979 453.265 554.774 0.635333 433.243 628.256 0.639048 445.876 692.808 0.729098 388.493 425.228 0.819676 406.08 427.181 0.907917 0 0 0 429.802 416.333 0.872237 0
0 111 152 391.089 440.197 0.87577 417.393 435.854 0.825828 375.862 429.981 0.797086 370.224 485.643 0.690256 376.929 530.641 0.669005 460.211 439.154 0.835066 481.291 502.171 0.843751 450.656 546.722 0.712079 398.503 557.405 0.67183 412.196 625.658 0.454878 447.196 689.994 0.650363 449.356 558.253 0.625773 426.51 633.692 0.589068 434.993 700.209 0.481954 383.926 428.937 0.85152 401.086 431.098 0.925442 0 0 0 425.661 420.464 0.829832 0
0 111 153 385.877 443.899 0.90682 413.255 439.758 0.8453 371.09 433.463 0.812572 366.538 489.129 0.74689 372.806 533.903 0.659814 455.859 443.057 0.852009 477.163 506.308 0.891885 445.447 551.503 0.730813 394.808 561.972 0.689263 410.665 628.276 0.633108 447.409 690.639 0.769775 445.659 562.603 0.631834 419.987 641.085 0.717482 424.775 705.875 0.562606 378.921 432.433 0.80555 396.088 435.007 0.921584 0 0 0 420.873 424.809 0.817434 0
0 111 154 381.521 447.602 0.906706 408.91 443.679 0.832233 366.953 437.811 0.792121 362.405 492.82 0.677345 368.679 537.169 0.597983 451.086 447.412 0.806185 472.609 511.089 0.850165 441.308 555.645 0.687613 390.464 566.963 0.661937 406.097 630.663 0.536491 447.406 690.42 0.794913 441.104 567.389 0.655601 414.765 647.391 0.661261 416.07 708.707 0.301069 373.926 436.338 0.756834 391.301 439.349 0.887403 0 0 0 416.515 428.72 0.86442 0
0 111 155 376.306 451.308 0.811255 404.345 447.589 0.81671 362.393 441.939 0.740129 357.837 497.173 0.623808 364.554 540.649 0.548018 446.95 451.972 0.837247 467.625 516.08 0.789921 436.305 560.215 0.670269 386.335 570.446 0.670693 401.753 633.271 0.504381 446.763 689.56 0.787486 436.76 570.866 0.624315 410.417 650.646 0.62075 408.897 711.104 0.241389 368.913 440.254 0.762282 386.085 443.469 0.889428 0 0 0 411.951 432.625 0.857071 0
0 111 156 371.076 455.003 0.860412 399.771 451.718 0.822528 357.4 445.418 0.741808 353.493 501.298 0.598639 359.992 544.128 0.547664 442.602 456.757 0.825689 463.055 520.423 0.796984 431.519 564.348 0.66216 381.335 573.912 0.691115 398.052 636.304 0.531056 445.03 688.473 0.804601 431.98 574.127 0.625746 406.285 653.258 0.575557 402.379 713.07 0.16843 363.482 443.734 0.708984 380.433 446.957 0.858388 0 0 0 406.746 437.183 0.780486 0
0 111 157 365.638 458.92 0.879067 395.624 456.066 0.812854 352.613 448.898 0.738287 349.352 504.558 0.535011 355.209 547.605 0.470562 438.032 460.899 0.803868 458.053 524.568 0.814612 427.165 568.69 0.710976 376.545 576.957 0.634183 392.617 638.699 0.386052 438.719 688.904 0.737767 427.622 577.387 0.600388 403.243 654.347 0.70295 401.294 710.024 0.108504 358.264 447.64 0.701795 375.21 450.877 0.80751 0 0 0 401.752 441.968 0.836642 0
0 111 158 360.208 462.622 0.872509 390.622 459.98 0.814379 347.618 453.453 0.758116 344.362 508.476 0.587198 350.21 551.305 0.524517 433.04 464.807 0.771186 453.047 528.274 0.686481 422.178 572.836 0.629681 371.54 581.085 0.661714 385.23 640.664 0.490701 432.636 687.829 0.803326 423.273 581.732 0.614837 399.551 656.958 0.398305 398.034 708.72 0.296137 353.042 451.541 0.757061 369.984 455.431 0.836424 0 0 0 396.751 445.882 0.901756 0
0 111 159 354.976 466.957 0.862366 385.621 463.468 0.794526 342.613 457.146 0.719151 339.357 512.17 0.553455 344.997 554.57 0.458493 428.258 468.716 0.824019 447.836 533.06 0.755329 416.962 578.483 0.60881 366.329 584.999 0.644738 378.482 643.708 0.425968 426.545 688.04 0.777713 418.495 585.869 0.59317 396.071 660 0.574974 395.65 706.973 0.385611 347.396 455.452 0.730492 364.117 459.132 0.918974 0 0 0 391.54 449.582 0.836564 0
0 111 160 348.889 470.439 0.822399 380.623 466.955 0.788168 337.397 460.407 0.775095 335.212 516.518 0.437238 340.005 558.049 0.323007 423.255 473.484 0.816445 442.832 538.054 0.805763 410.667 583.691 0.65373 361.32 589.129 0.628761 370.221 648.268 0.44174 418.722 688.912 0.774997 414.145 590.867 0.606246 392.382 662.178 0.603885 394.13 706.099 0.405949 341.968 458.928 0.701554 358.677 462.822 0.856514 0 0 0 386.321 453.489 0.800462 0
0 111 161 343.02 473.912 0.820953 375.616 470.654 0.771285 332.609 463.896 0.719664 330.355 519.341 0.551023 335.439 561.835 0.494149 418.04 477.386 0.78732 438.042 541.753 0.662425 405.439 587.607 0.544865 356.314 593.906 0.613309 361.962 653.278 0.467938 409.149 691.528 0.369778 410.434 595.861 0.597276 390.203 664.57 0.537811 392.406 706.102 0.490743 336.097 462.399 0.703757 352.805 466.288 0.817336 0 0 0 380.449 457.183 0.872368 0
0 111 162 336.936 477.601 0.861046 370.402 474.131 0.827097 327.392 467.379 0.747436 324.983 520.858 0.594062 330.221 565.486 0.455219 413.037 480.664 0.83102 433.037 545.223 0.753794 400.22 590.87 0.600604 350.661 597.603 0.605737 352.172 657.412 0.417507 397.994 694.529 0.352484 406.294 599.995 0.559284 388.248 666.529 0.539084 390.579 706.102 0.352559 330.446 466.086 0.65839 346.72 470.199 0.856179 0 0 0 375.007 460.66 0.86969 0
0 111 163 330.632 481.079 0.815692 365.184 477.399 0.791163 321.963 470.86 0.679204 319.334 521.074 0.453479 325.007 569.006 0.369564 407.815 483.71 0.754107 428.471 547.836 0.728406 394.573 593.905 0.454788 345.226 600.647 0.575155 344.557 661.539 0.425809 386.839 697.531 0.226489 402.375 603.686 0.530821 386.499 668.923 0.440563 388.85 707.196 0.202942 324.995 469.565 0.738583 340.847 473.892 0.8661 0 0 0 368.93 464.144 0.837668 0
0 111 164 324.759 484.775 0.782459 359.754 480.878 0.75075 316.528 474.554 0.635507 314.119 522.6 0.250353 319.579 572.831 0.230101 402.387 487.191 0.785059 424.111 550.883 0.737297 389.356 596.307 0.505262 339.793 604.556 0.555338 336.074 666.541 0.531173 375.684 700.533 0.1011 398.67 608.039 0.539268 383.459 673.701 0.436601 387.112 707.199 0.1 318.485 473.469 0.686399 334.331 477.377 0.879388 0 0 0 362.636 467.62 0.800102 0
0 111 165 318.463 489.114 0.909491 354.326 484.36 0.762781 311.302 478.258 0.598045 309.112 526.083 0.1 313.934 576.958 0.1 396.95 490.663 0.826589 419.118 554.577 0.790151 383.706 599.999 0.647767 333.92 607.82 0.664652 326.075 672.201 0.741279 364.529 703.535 0.12241 393.675 611.513 0.614014 380.637 677.391 0.537731 385.582 707.2 0.14709 312.825 477.38 0.644481 328.253 481.285 0.853233 0 0 0 357.198 471.101 0.793898 0
0 111 166 312.375 492.802 0.825802 348.676 487.833 0.777197 305.873 481.737 0.6167 303.898 530.219 0.1 308.72 581.956 0.1 391.311 494.142 0.787729 414.333 559.13 0.82269 376.967 603.265 0.690339 328.059 612.162 0.659846 316.724 678.069 0.711871 324.842 714.189 0.0922917 388.678 616.521 0.628158 371.511 684.566 0.631605 382.108 710.273 0.1 307.169 480.864 0.671522 322.595 485.197 0.827868 0 0 0 351.324 474.583 0.851956 0
0 111 167 306.724 497.146 0.888444 343.231 491.524 0.783859 300.212 485.65 0.654119 298.998 534.23 0.120644 303.071 585.863 0.1 385.87 497.624 0.780008 408.91 564.129 0.761993 369.788 606.74 0.616098 321.541 615.643 0.688825 308.463 683.722 0.77104 313.062 714.208 0.086617 383.465 620.437 0.652099 362.817 691.087 0.595706 378.634 713.345 0.137375 300.658 485.213 0.570298 316.307 488.893 0.828432 0 0 0 345.234 478.054 0.836936 0
0 111 168 300.432 500.625 0.838167 337.584 495.221 0.793183 294.562 490.21 0.652221 293.567 539.01 0.1 297.424 590.213 0.1 380.435 501.53 0.792843 403.699 568.042 0.706653 363.267 609.567 0.675653 315.241 619.56 0.643107 299.339 689.594 0.590943 291.546 714.211 0.0525701 378.243 625.22 0.563512 354.561 696.31 0.372777 375.159 716.417 0.1 295.008 488.692 0.620156 310.442 492.374 0.887127 0 0 0 339.785 481.527 0.868751 0
0 111 169 294.787 504.757 0.820129 331.505 499.341 0.744565 288.263 494.132 0.650816 287.272 543.141 0.212413 291.553 594.992 0.165398 374.992 504.801 0.781771 398.055 571.733 0.745482 357.826 612.611 0.469948 308.504 624.124 0.655371 291.078 693.732 0.596886 287.661 714.188 0.0953478 372.16 630.004 0.558214 346.74 700.661 0.428187 371.685 719.49 0.131318 289.133 492.602 0.633706 304.79 495.867 0.834035 0 0 0 333.916 485.007 0.840495 0
0 111 170 288.919 508.251 0.877318 325.634 503.253 0.73495 281.735 497.82 0.633748 280.828 548.139 0.16433 285.028 599.254 0.114338 369.337 508.287 0.78953 392.412 575.647 0.631932 351.531 616.3 0.347151 301.542 627.822 0.622859 283.893 697.645 0.536741 273.901 714.203 0.0562173 365.426 634.137 0.546676 338.693 703.929 0.30773 0 0 0 283.046 496.297 0.589282 298.71 499.568 0.816287 0 0 0 328.266 488.699 0.851009 0
0 111 171 283.044 511.744 0.843574 318.694 506.952 0.80332 274.561 502.158 0.624776 274.56 554.765 0.1 278.391 603.754 0.1 363.04 511.971 0.779753 386.76 579.561 0.791089 345.439 620.439 0.536344 293.937 633.246 0.675057 276.853 703.063 0.5586 0 0 0 358.039 639.57 0.579801 327.25 707.426 0.324266 0 0 0 277.17 500.204 0.776702 293.263 503.479 0.867218 0 0 0 322.406 492.183 0.890812 0
0 111 172 277.172 515.444 0.804806 311.959 510.643 0.778886 267.6 505.848 0.68463 268.467 563.019 0.547013 271.643 608.493 0.46677 356.958 515.446 0.751666 380.248 583.908 0.826709 339.344 625.222 0.59348 286.759 639.337 0.632259 269.813 708.481 0.468162 0 0 0 350.868 645.877 0.624 315.807 710.924 0.230609 0 0 0 270.441 504.114 0.740681 286.961 506.958 0.903121 0 0 0 316.318 495.647 0.87502 0
0 111 173 270.862 518.915 0.890292 305.006 514.339 0.769203 260.214 509.332 0.651668 261.286 569.323 0.288402 264.459 613.147 0.24997 350.229 518.705 0.810757 373.938 587.6 0.799785 333.691 630.211 0.726862 279.151 645.427 0.583028 262.772 713.899 0.244519 0 0 0 343.483 651.959 0.551268 304.364 714.421 0.1 0 0 0 264.561 507.377 0.692749 281.305 510.428 0.858473 0 0 0 310.865 498.918 0.777204 0
0 111 174 264.989 521.967 0.841696 298.046 518.248 0.762565 252.831 513.245 0.698838 253.24 573.888 0.410578 256.838 617.717 0.361111 343.711 521.961 0.806448 367.414 590.853 0.833094 328.255 634.564 0.723168 271.988 652.165 0.63174 255.732 719.316 0.251632 0 0 0 336.74 658.701 0.573199 292.921 717.919 0.115724 0 0 0 257.831 510.645 0.693854 275.215 513.477 0.819499 0 0 0 304.131 501.535 0.847861 0
0 111 175 259.125 525.222 0.879344 290.88 521.938 0.794825 245.007 518.021 0.658583 244.774 579.102 0.1 248.576 622.719 0.1 337.612 524.999 0.808964 361.321 592.609 0.795086 323.911 639.127 0.684972 265.024 658.474 0.633787 0 0 0 0 0 0 329.786 664.344 0.568424 0 0 0 0 0 0 251.306 513.906 0.718581 268.709 516.085 0.857065 0 0 0 297.834 503.704 0.880483 0
0 111 176 252.609 527.835 0.824051 284.139 525.202 0.77178 237.839 521.287 0.618422 236.841 583.775 0.194968 240.745 628.373 0.115585 331.099 528.04 0.773094 355.659 594.343 0.784095 320.443 643.683 0.693788 258.715 664.558 0.624978 0 0 0 0 0 0 323.257 669.348 0.548166 0 0 0 0 0 0 245.431 516.516 0.783963 262.837 518.698 0.861842 0 0 0 292.388 506.538 0.890718 0
0 111 177 246.949 530.661 0.87337 277.399 528.668 0.761235 230.45 524.559 0.705988 228.582 587.911 0.200786 233.566 633.374 0.1 325.011 530.643 0.771968 349.785 596.08 0.762626 316.955 647.165 0.685747 252.186 670.43 0.57516 0 0 0 0 0 0 317.173 674.125 0.561896 0 0 0 0 0 0 239.341 519.562 0.783151 257.397 521.739 0.896977 0 0 0 286.306 509.783 0.904305 0
0 111 178 241.734 533.058 0.882832 270.87 531.714 0.781873 223.274 528.249 0.746582 220.973 591.389 0.640788 225.96 636.856 0.533396 319.147 532.818 0.789416 343.915 597.831 0.788444 313.263 650.641 0.681177 246.315 675.211 0.602195 0 0 0 0 0 0 311.522 677.603 0.580983 0 0 0 0 0 0 233.685 522.603 0.786147 252.396 524.768 0.853283 0 0 0 280.438 512.596 0.849242 0
0 111 179 237.156 535.876 0.878766 264.354 535.196 0.806046 216.322 532.817 0.726557 213.801 595.957 0.676976 219.439 640.989 0.47854 313.286 535.21 0.774874 338.683 599.574 0.829144 310.213 654.117 0.609671 240.878 679.997 0.558985 0 0 0 0 0 0 306.305 681.517 0.52977 0 0 0 0 0 0 228.465 525.64 0.882023 247.828 527.58 0.912099 0 0 0 275.215 514.562 0.91265 0
0 111 180 233.242 539.114 0.93827 259.125 538.886 0.845554 210.445 536.953 0.769222 206.734 600.429 0.733358 213.248 645.666 0.515505 308.282 538.257 0.814891 333.685 602.619 0.804731 306.297 658.457 0.649496 236.733 683.694 0.546884 0 0 0 0 0 0 302.171 684.776 0.539841 0 0 0 0 0 0 223.692 528.26 0.811273 243.275 529.75 0.905225 0 0 0 270.43 516.74 0.845038 0
0 111 181 229.761 542.37 0.925434 254.114 542.369 0.82317 204.144 541.089 0.767515 199.995 604.141 0.697213 207.602 650.017 0.504263 303.714 541.294 0.828334 329.967 604.794 0.781396 303.477 661.07 0.688122 232.17 685.869 0.535955 0 0 0 0 0 0 298.036 685.648 0.50403 0 0 0 0 0 0 219.99 531.092 0.784539 239.802 532.36 0.871197 0 0 0 266.726 519.789 0.822107 0
0 111 182 227.153 545.636 0.885048 249.544 546.066 0.773508 198.914 545.652 0.767443 193.698 608.055 0.393806 202.822 654.8 0.189168 300.013 543.907 0.795839 326.064 607.404 0.768511 300.648 664.762 0.69149 228.257 687.821 0.551611 0 0 0 0 0 0 293.688 686.307 0.483965 0 0 0 0 0 0 216.726 534.352 0.822227 236.762 535.193 0.858174 207.333 524.288 0.0958462 263.03 523.044 0.862158 0
0 111 183 224.553 548.898 0.848012 245.196 549.974 0.807464 193.911 550.221 0.778785 188.048 612.61 0.48414 199.131 659.797 0.311495 296.745 546.736 0.748596 323.019 610.452 0.7937 298.261 668.236 0.670355 224.994 689.993 0.537041 0 0 0 0 0 0 290.211 688.042 0.5015 0 0 0 0 0 0 214.333 537.814 0.914138 234.584 538.446 0.846132 197.763 525.524 0.102797 260.412 526.298 0.900134 0
0 111 184 222.597 552.391 0.886631 241.491 553.464 0.8659 189.557 553.922 0.816007 182.828 616.303 0.570281 196.083 664.148 0.354157 293.703 549.995 0.784561 319.989 613.921 0.801434 297.604 672.584 0.645461 221.518 691.509 0.493512 0 0 0 0 0 0 286.728 689.134 0.489157 0 0 0 0 0 0 212.164 541.298 0.98268 233.057 541.926 0.864547 196.914 530.771 0.143723 258.016 529.997 0.858845 0
0 111 185 221.936 556.085 0.887322 238.032 557.376 0.840333 185.643 558.05 0.859978 177.828 620.87 0.822177 192.819 668.723 0.726975 291.728 553.481 0.824638 317.377 618.054 0.820542 296.511 676.723 0.646187 218.263 694.774 0.568498 0 0 0 0 0 0 283.47 692.612 0.576214 0 0 0 0 0 0 210.43 545.211 0.942584 231.758 545.188 0.854038 196.064 536.018 0.234848 255.635 533.686 0.844645 0
0 111 186 221.5 560.218 0.84215 234.996 562.159 0.785728 182.38 563.041 0.84902 173.485 625.431 0.74337 189.562 674.163 0.698311 289.766 557.405 0.828744 314.776 623.045 0.788943 294.997 682.811 0.675431 214.789 697.385 0.554639 0 0 0 0 0 0 279.778 695.226 0.568868 0 0 0 0 0 0 209.344 549.331 0.912014 230.885 548.668 0.85922 195.214 541.265 0.334506 253.9 537.381 0.867332 0
0 111 187 221.275 564.982 0.824227 232.829 567.162 0.830844 179.771 568.04 0.854134 169.353 630.876 0.769697 186.951 681.774 0.69823 288.247 562.397 0.781868 312.604 629.556 0.748903 292.386 688.689 0.62983 211.311 700 0.519804 0 0 0 0 0 0 276.078 698.058 0.5277 0 0 0 0 0 0 208.692 553.247 0.916953 230.451 552.372 0.876058 194.365 546.511 0.320209 253.031 541.312 0.81261 0
0 111 188 221.289 569.325 0.899468 231.081 572.161 0.832789 176.953 573.045 0.81789 165.437 636.308 0.828811 184.125 688.729 0.610767 287.371 567.397 0.766211 310.656 636.065 0.753478 289.57 694.137 0.529564 207.84 702.611 0.538888 0 0 0 0 0 0 272.604 700.887 0.513257 0 0 0 0 0 0 208.685 557.174 0.93573 231.091 556.083 0.893995 193.718 551.514 0.44535 252.595 546.091 0.785731 0
0 111 189 221.724 573.041 0.864012 229.555 577.168 0.817564 174.784 578.041 0.797867 161.965 641.513 0.809072 181.296 694.382 0.623326 286.715 572.606 0.832499 308.911 641.933 0.759732 287.395 698.493 0.590337 204.583 704.578 0.465233 0 0 0 0 0 0 269.354 703.067 0.457689 0 0 0 0 0 0 208.901 561.725 0.907274 231.964 559.792 0.861711 193.49 556.512 0.595437 252.375 550.873 0.799461 0
0 111 190 222.393 577.172 0.845626 228.046 582.39 0.822172 173.043 583.04 0.79638 158.924 646.946 0.768771 178.687 699.603 0.526985 286.066 577.827 0.770251 307.176 648.021 0.811211 285.002 703.499 0.524322 202.182 707.627 0.390316 0 0 0 0 0 0 266.964 706.55 0.348156 0 0 0 0 0 0 209.338 566.493 0.937824 233.265 563.707 0.869486 193.48 561.519 0.643721 252.372 554.783 0.854021 0
0 111 191 223.483 581.941 0.928463 226.961 587.182 0.841937 171.309 587.603 0.782334 156.538 652.382 0.755481 176.087 703.955 0.438989 285.196 582.833 0.811411 305.867 654.11 0.798264 283.48 707.211 0.284758 199.784 710.245 0.400247 0 0 0 0 0 0 265.439 709.815 0.355082 0 0 0 0 0 0 209.785 570.845 0.988632 234.575 567.826 0.888184 193.476 566.94 0.734057 252.587 558.484 0.783407 0
0 111 192 225.007 586.075 0.974144 225.875 591.756 0.817064 169.575 592.803 0.788437 154.578 657.607 0.763847 173.042 707.657 0.394074 283.905 587.404 0.793169 304.786 659.545 0.857562 282.392 710.482 0.323046 197.384 712.21 0.391695 0 0 0 0 0 0 263.913 711.999 0.379061 0 0 0 0 0 0 210.652 574.768 0.946738 236.09 571.526 0.923406 193.475 571.94 0.788011 253.227 562.393 0.750469 0
0 111 193 226.745 589.775 0.933878 224.796 596.967 0.85758 168.057 598.242 0.802472 152.836 662.83 0.807229 170.004 710.707 0.321857 282.818 591.748 0.784457 304.131 664.758 0.797995 281.094 712.448 0.266428 195.422 714.175 0.346128 0 0 0 0 0 0 262.833 714.177 0.332896 0 0 0 0 0 0 211.953 579.11 0.891945 237.608 575.007 0.908461 193.685 576.499 0.836045 253.874 566.729 0.810814 0
0 111 194 228.052 593.468 0.85955 223.911 602.186 0.858485 166.744 604.111 0.804061 151.102 668.484 0.775198 167.396 712.568 0.246169 281.316 596.304 0.806495 303.48 669.316 0.795692 280.874 714.194 0.242579 193.848 714.179 0.267612 0 0 0 0 0 0 261.75 714.182 0.275044 0 0 0 0 0 0 213.042 583.028 0.897911 239.114 578.481 0.940361 193.891 581.498 0.827085 254.516 570.44 0.662822 0
0 111 195 229.364 597.586 0.903883 222.602 606.976 0.814537 165.216 609.765 0.798941 149.789 676.098 0.765626 164.788 714.43 0.24272 280.02 600.645 0.807558 303.247 673.454 0.801262 281.723 714.2 0.197318 192.274 714.183 0.239084 0 0 0 0 0 0 262.008 714.186 0.252043 0 0 0 0 0 0 213.908 586.731 0.902966 240.412 582.169 0.977305 193.886 586.065 0.853244 255.164 573.935 0.555023 0
0 111 196 230.885 601.289 0.896094 221.508 611.968 0.784649 163.693 614.998 0.818073 148.487 683.05 0.804747 162.18 716.291 0.16047 278.928 604.341 0.804228 303.233 677.14 0.822376 282.572 714.207 0.194951 190.7 714.188 0.198854 0 0 0 0 0 0 262.266 714.191 0.223224 0 0 0 0 0 0 214.779 590.653 0.861098 241.287 585.654 1.00389 193.675 590.637 0.795767 255.385 578.055 0.355026 0
0 111 197 232.189 604.995 0.882285 220.212 616.325 0.78301 162.6 620.424 0.809582 147.186 688.927 0.781228 159.572 718.152 0.119455 277.631 607.61 0.794926 303.219 680.406 0.823746 283.421 714.213 0.145516 189.125 714.192 0.166071 0 0 0 0 0 0 262.524 714.195 0.180043 0 0 0 0 0 0 215.869 595.215 0.816913 241.729 589.345 1.00112 193.456 595.636 0.809839 255.178 581.957 0.244596 0
0 111 198 233.71 609.978 0.856385 218.912 620.892 0.778538 161.291 625.653 0.743009 145.883 694.37 0.666568 150.654 714.211 0.0773198 276.337 611.094 0.776133 303.219 683.46 0.815078 284.27 714.219 0.12154 185.872 714.192 0.0941489 0 0 0 0 0 0 262.782 714.199 0.128652 0 0 0 0 0 0 217.164 599.57 0.852335 242.172 593.903 0.950839 193.237 600.421 0.849695 254.897 585.899 0.197225 0
0 111 199 235.216 614.548 0.865071 218.036 625.883 0.787219 160.21 630.881 0.77956 144.362 699.588 0.525096 0 0 0 275.259 614.789 0.794412 303.219 688.242 0.759923 297.381 714.213 0.082402 189.782 714.194 0.0543649 0 0 0 0 0 0 268.047 714.198 0.097964 0 0 0 0 0 0 218.457 604.145 0.887083 242.609 598.249 0.941034 193.024 605.207 0.826081 254.615 589.841 0.133571 0
0 111 200 236.516 618.909 0.917207 217.161 631.31 0.801297 159.121 636.971 0.774397 142.861 705.659 0.511044 0 0 0 274.611 619.566 0.781533 303.218 692.594 0.669138 297.403 714.214 0.0569276 0 0 0 0 0 0 0 0 0 0 0 0 0 0 0 0 0 0 219.754 609.143 0.822305 243.045 602.39 0.98631 193.019 610.219 0.77356 254.334 593.783 0.125882 0
0 111 201 237.6 624.13 0.880212 216.293 636.957 0.798575 158.029 642.426 0.743967 141.36 711.731 0.373438 0 0 0 274.177 624.35 0.807704 303.207 696.734 0.69846 293.479 714.215 0.0693838 0 0 0 0 0 0 0 0 0 0 0 0 0 0 0 0 0 0 220.629 614.362 0.849535 243.278 607.598 0.96263 193.009 615.44 0.870483 254.052 597.724 0.110421 0
0 111 202 238.25 629.558 0.924057 215.421 642.615 0.790581 156.73 649.158 0.767632 139.859 717.802 0.316032 0 0 0 273.745 629.359 0.793421 303.202 700.66 0.643268 289.549 714.22 0.0546306 0 0 0 0 0 0 0 0 0 0 0 0 0 0 0 0 0 0 221.275 620.01 0.885146 243.494 612.821 0.93067 192.799 621.528 0.861352 256.274 600.669 0.0774226 0
0 111 203 239.115 635.644 0.969692 214.341 648.488 0.811548 155.222 655.461 0.749341 138.359 723.873 0.286382 0 0 0 273.507 634.791 0.791769 302.984 704.369 0.531379 0 0 0 0 0 0 0 0 0 0 0 0 0 0 0 0 0 0 0 0 0 221.926 625.658 0.83259 243.51 618.688 0.961346 192.367 626.974 0.817861 256.289 610.451 0.0856667 0
0 111 204 239.55 641.087 0.907897 213.475 654.571 0.803136 153.922 662.197 0.760501 136.947 714.204 0.0770103 0 0 0 273.064 640.235 0.759492 302.556 707.641 0.353489 0 0 0 0 0 0 0 0 0 0 0 0 0 0 0 0 0 0 0 0 0 222.361 631.746 0.936243 243.511 624.134 0.881957 191.496 633.282 0.856855 258.222 610.471 0.0567108 0
0 111 205 239.544 646.531 0.993472 212.383 660.662 0.812866 152.617 669.145 0.744152 134.975 714.199 0.0523566 0 0 0 271.766 645.682 0.798133 302.21 710.623 0.36435 0 0 0 0 0 0 0 0 0 0 0 0 0 0 0 0 0 0 0 0 0 222.365 638.043 0.850186 243.289 629.778 0.908166 190.201 639.361 0.80856 0 0 0 0
0 111 206 238.894 652.834 0.948745 211.51 667.172 0.797893 151.528 675.03 0.729585 144.775 714.206 0.0545658 0 0 0 270.671 651.981 0.776562 301.863 713.605 0.166298 0 0 0 0 0 0 0 0 0 0 0 0 0 0 0 0 0 0 0 0 0 221.506 643.7 0.898112 242.855 635.867 0.906636 188.894 645.223 0.807997 0 0 0 0
0 111 207 237.607 658.278 0.930503 210.854 673.254 0.779619 150.667 682.415 0.753618 146.624 714.221 0.0668202 0 0 0 269.575 657.425 0.739714 301.517 716.587 0.1 0 0 0 0 0 0 0 0 0 0 0 0 0 0 0 0 0 0 0 0 0 220.428 650 0.916024 242.412 641.518 0.875971 187.391 651.741 0.77222 0 0 0 0
0 111 208 236.531 663.924 0.952723 209.98 678.905 0.756243 150.016 689.58 0.70579 146.725 714.216 0.0893413 0 0 0 268.264 662.856 0.770054 301.171 719.569 0.100213 0 0 0 0 0 0 0 0 0 0 0 0 0 0 0 0 0 0 0 0 0 219.352 655.872 0.825939 241.965 646.958 0.976785 185.884 657.828 0.7912 0 0 0 0
0 111 209 235.449 669.791 0.866206 209.333 685.643 0.715348 150.232 695.454 0.671406 144.76 714.195 0.0918403 0 0 0 267.176 667.424 0.695371 299.349 714.203 0.0527024 0 0 0 0 0 0 0 0 0 0 0 0 0 0 0 0 0 0 0 0 0 218.272 661.316 0.883534 241.519 653.046 0.920899 184.58 663.697 0.857668 0 0 0 0
0 111 210 235.224 675.217 0.880394 210.639 691.52 0.703238 151.313 700.885 0.613847 140.849 714.2 0.0939736 0 0 0 266.953 672.851 0.688216 0 0 0 0 0 0 0 0 0 0 0 0 0 0 0 0 0 0 0 0 0 0 0 0 217.617 667.61 0.906371 241.287 658.485 0.865018 183.722 670.435 0.863891 0 0 0 0
0 111 211 235.217 680.868 0.947639 213.676 696.741 0.649836 152.835 704.808 0.56918 140.879 714.195 0.0678733 0 0 0 266.949 678.05 0.726282 0 0 0 0 0 0 0 0 0 0 0 0 0 0 0 0 0 0 0 0 0 0 0 0 217.402 673.052 0.87343 241.08 664.342 0.969448 183.071 675.882 0.871312 246.498 659.284 0.0649059 0
0 111 212 235.016 686.152 0.890564 216.607 702.158 0.553449 154.919 708.731 0.56863 135.089 714.202 0.0583479 0 0 0 266.926 682.8 0.672089 0 0 0 0 0 0 0 0 0 0 0 0 0 0 0 0 0 0 0 0 0 0 0 0 217.265 678.63 0.92938 241.109 669.852 0.944935 182.98 681.624 0.892128 244.62 663.277 0.0539019 0
0 111 213 234.816 691.437 0.922512 219.538 707.574 0.443078 157.003 712.655 0.531371 0 0 0 0 0 0 266.904 687.549 0.632223 287.59 714.207 0.055888 0 0 0 0 0 0 0 0 0 0 0 0 0 0 0 0 0 0 0 0 0 217.127 684.207 0.935913 241.138 675.361 0.92399 182.889 687.366 0.85328 246.583 669.126 0.0713978 0
0 111 214 234.616 696.721 0.982951 222.469 712.991 0.343091 159.088 716.578 0.339821 0 0 0 0 0 0 266.882 692.299 0.594649 285.655 714.213 0.0593833 0 0 0 0 0 0 0 0 0 0 0 0 0 0 0 0 0 0 0 0 0 216.99 689.784 0.897851 241.167 680.871 1.02135 182.797 693.108 0.801729 248.455 678.854 0.111695 0
0 111 215 234.415 702.005 0.862644 225.4 718.408 0.296243 161.172 720.502 0.1107 0 0 0 0 0 0 266.86 697.048 0.574295 0 0 0 0 0 0 0 0 0 0 0 0 0 0 0 0 0 0 0 0 0 0 0 0 216.853 695.362 0.925711 241.196 686.38 0.931404 182.706 698.851 0.819666 252.398 682.788 0.103388 0
0 111 216 0 0 0 242.632 714.198 0.227915 0 0 0 0 0 0 0 0 0 273.898 696.616 0.507246 0 0 0 0 0 0 0 0 0 0 0 0 0 0 0 0 0 0 0 0 0 0 0 0 0 0 0 0 0 0 0 0 0 256.356 684.792 0.134683 0
