0 111 76 0 0 0 358.636 190.409 0.292759 358.705 190.377 0.273383 359.935 195.674 0.176487 359.931 202.22 0.103179 357.326 189.115 0.223549 353.462 194.334 0.137678 356.077 202.204 0.111223 358.762 202.204 0.336657 359.916 212.652 0.214398 358.721 224.378 0.160247 358.607 202.223 0.30772 358.618 213.901 0.198311 358.664 224.331 0.159906 0 0 0 0 0 0 0 0 0 0 0 0 0
0 111 77 0 0 0 358.648 190.423 0.313408 358.726 190.389 0.294256 359.996 198.238 0.186487 360.017 203.466 0.11064 357.324 189.14 0.240922 352.201 195.633 0.140005 354.784 203.443 0.114567 358.761 203.423 0.342168 359.908 212.664 0.217113 358.704 224.386 0.177045 357.406 203.431 0.311076 357.385 213.929 0.200642 357.418 224.345 0.165712 0 0 0 0 0 0 0 0 0 0 0 0 0
0 111 78 0 0 0 0 0 0 0 0 0 0 0 0 0 0 0 0 0 0 0 0 0 0 0 0 0 0 0 0 0 0 0 0 0 0 0 0 0 0 0 0 0 0 0 0 0 0 0 0 0 0 0 0 0 0 127
0 111 79 0 0 0 0 0 0 0 0 0 0 0 0 0 0 0 0 0 0 0 0 0 0 0 0 0 0 0 0 0 0 0 0 0 0 0 0 0 0 0 0 0 0 0 0 0 0 0 0 0 0 0 0 0 0 127
0 111 80 0 0 0 0 0 0 0 0 0 0 0 0 0 0 0 0 0 0 0 0 0 0 0 0 0 0 0 0 0 0 0 0 0 0 0 0 0 0 0 0 0 0 0 0 0 0 0 0 0 0 0 0 0 0 127
0 111 81 0 0 0 0 0 0 0 0 0 0 0 0 0 0 0 0 0 0 0 0 0 0 0 0 0 0 0 0 0 0 0 0 0 0 0 0 0 0 0 0 0 0 0 0 0 0 0 0 0 0 0 0 0 0 127
0 111 82 0 0 0 0 0 0 0 0 0 0 0 0 0 0 0 0 0 0 0 0 0 0 0 0 0 0 0 0 0 0 0 0 0 0 0 0 0 0 0 0 0 0 0 0 0 0 0 0 0 0 0 0 0 0 127
0 111 83 0 0 0 0 0 0 0 0 0 0 0 0 0 0 0 0 0 0 0 0 0 0 0 0 0 0 0 0 0 0 0 0 0 0 0 0 0 0 0 0 0 0 0 0 0 0 0 0 0 0 0 0 0 0 127
0 111 84 0 0 0 0 0 0 0 0 0 0 0 0 0 0 0 0 0 0 0 0 0 0 0 0 0 0 0 0 0 0 0 0 0 0 0 0 0 0 0 0 0 0 0 0 0 0 0 0 0 0 0 0 0 0 127
0 111 85 0 0 0 0 0 0 0 0 0 0 0 0 0 0 0 0 0 0 0 0 0 0 0 0 0 0 0 0 0 0 0 0 0 0 0 0 0 0 0 0 0 0 0 0 0 0 0 0 0 0 0 0 0 0 127
0 111 86 0 0 0 0 0 0 0 0 0 0 0 0 0 0 0 0 0 0 0 0 0 0 0 0 0 0 0 0 0 0 0 0 0 0 0 0 0 0 0 0 0 0 0 0 0 0 0 0 0 0 0 0 0 0 127
0 111 87 0 0 0 0 0 0 0 0 0 0 0 0 0 0 0 0 0 0 0 0 0 0 0 0 0 0 0 0 0 0 0 0 0 0 0 0 0 0 0 0 0 0 0 0 0 0 0 0 0 0 0 0 0 0 127
0 111 88 0 0 0 0 0 0 0 0 0 0 0 0 0 0 0 0 0 0 0 0 0 0 0 0 0 0 0 0 0 0 0 0 0 0 0 0 0 0 0 0 0 0 0 0 0 0 0 0 0 0 0 0 0 0 127
0 111 89 0 0 0 0 0 0 0 0 0 0 0 0 0 0 0 0 0 0 0 0 0 0 0 0 0 0 0 0 0 0 0 0 0 0 0 0 0 0 0 0 0 0 0 0 0 0 0 0 0 0 0 0 0 0 127
0 111 90 0 0 0 0 0 0 0 0 0 0 0 0 0 0 0 0 0 0 0 0 0 0 0 0 0 0 0 0 0 0 0 0 0 0 0 0 0 0 0 0 0 0 0 0 0 0 0 0 0 0 0 0 0 0 127
0 111 91 0 0 0 0 0 0 0 0 0 0 0 0 0 0 0 0 0 0 0 0 0 0 0 0 0 0 0 0 0 0 0 0 0 0 0 0 0 0 0 0 0 0 0 0 0 0 0 0 0 0 0 0 0 0 127
0 111 92 0 0 0 0 0 0 0 0 0 0 0 0 0 0 0 0 0 0 0 0 0 0 0 0 0 0 0 0 0 0 0 0 0 0 0 0 0 0 0 0 0 0 0 0 0 0 0 0 0 0 0 0 0 0 127
0 111 93 0 0 0 0 0 0 0 0 0 0 0 0 0 0 0 0 0 0 0 0 0 0 0 0 0 0 0 0 0 0 0 0 0 0 0 0 0 0 0 0 0 0 0 0 0 0 0 0 0 0 0 0 0 0 127
0 111 94 0 0 0 358.677 191.776 0.402747 358.799 191.732 0.392808 360.067 198.279 0.208183 362.612 204.82 0.093805 357.338 191.757 0.322437 356.073 199.553 0.148694 358.651 204.793 0.105983 359.962 204.77 0.321331 360.019 215.23 0.12619 359.998 225.624 0.106088 358.687 204.786 0.298179 358.712 215.256 0.140112 358.796 224.415 0.133611 0 0 0 0 0 0 359.948 183.949 0.07018 0 0 0 0
0 111 95 0 0 0 0 0 0 0 0 0 0 0 0 0 0 0 0 0 0 0 0 0 0 0 0 0 0 0 0 0 0 0 0 0 0 0 0 0 0 0 0 0 0 0 0 0 0 0 0 0 0 0 0 0 0 127
0 111 96 0 0 0 0 0 0 0 0 0 0 0 0 0 0 0 0 0 0 0 0 0 0 0 0 0 0 0 0 0 0 0 0 0 0 0 0 0 0 0 0 0 0 0 0 0 0 0 0 0 0 0 0 0 0 127
0 111 97 0 0 0 0 0 0 0 0 0 0 0 0 0 0 0 0 0 0 0 0 0 0 0 0 0 0 0 0 0 0 0 0 0 0 0 0 0 0 0 0 0 0 0 0 0 0 0 0 0 0 0 0 0 0 127
0 111 98 0 0 0 0 0 0 0 0 0 0 0 0 0 0 0 0 0 0 0 0 0 0 0 0 0 0 0 0 0 0 0 0 0 0 0 0 0 0 0 0 0 0 0 0 0 0 0 0 0 0 0 0 0 0 127
0 111 99 0 0 0 0 0 0 0 0 0 0 0 0 0 0 0 0 0 0 0 0 0 0 0 0 0 0 0 0 0 0 0 0 0 0 0 0 0 0 0 0 0 0 0 0 0 0 0 0 0 0 0 0 0 0 127
0 111 100 0 0 0 0 0 0 0 0 0 0 0 0 0 0 0 0 0 0 0 0 0 0 0 0 0 0 0 0 0 0 0 0 0 0 0 0 0 0 0 0 0 0 0 0 0 0 0 0 0 0 0 0 0 0 127
0 111 101 0 0 0 0 0 0 0 0 0 0 0 0 0 0 0 0 0 0 0 0 0 0 0 0 0 0 0 0 0 0 0 0 0 0 0 0 0 0 0 0 0 0 0 0 0 0 0 0 0 0 0 0 0 0 127
0 111 102 0 0 0 0 0 0 0 0 0 0 0 0 0 0 0 0 0 0 0 0 0 0 0 0 0 0 0 0 0 0 0 0 0 0 0 0 0 0 0 0 0 0 0 0 0 0 0 0 0 0 0 0 0 0 127
0 111 103 0 0 0 0 0 0 0 0 0 0 0 0 0 0 0 0 0 0 0 0 0 0 0 0 0 0 0 0 0 0 0 0 0 0 0 0 0 0 0 0 0 0 0 0 0 0 0 0 0 0 0 0 0 0 127
0 111 104 0 0 0 0 0 0 0 0 0 0 0 0 0 0 0 0 0 0 0 0 0 0 0 0 0 0 0 0 0 0 0 0 0 0 0 0 0 0 0 0 0 0 0 0 0 0 0 0 0 0 0 0 0 0 127
0 111 105 0 0 0 0 0 0 0 0 0 0 0 0 0 0 0 0 0 0 0 0 0 0 0 0 0 0 0 0 0 0 0 0 0 0 0 0 0 0 0 0 0 0 0 0 0 0 0 0 0 0 0 0 0 0 127
0 111 106 0 0 0 0 0 0 0 0 0 0 0 0 0 0 0 0 0 0 0 0 0 0 0 0 0 0 0 0 0 0 0 0 0 0 0 0 0 0 0 0 0 0 0 0 0 0 0 0 0 0 0 0 0 0 127
0 111 107 0 0 0 0 0 0 0 0 0 0 0 0 0 0 0 0 0 0 0 0 0 0 0 0 0 0 0 0 0 0 0 0 0 0 0 0 0 0 0 0 0 0 0 0 0 0 0 0 0 0 0 0 0 0 127
0 111 108 0 0 0 0 0 0 0 0 0 0 0 0 0 0 0 0 0 0 0 0 0 0 0 0 0 0 0 0 0 0 0 0 0 0 0 0 0 0 0 0 0 0 0 0 0 0 0 0 0 0 0 0 0 0 127
0 111 109 0 0 0 0 0 0 0 0 0 0 0 0 0 0 0 0 0 0 0 0 0 0 0 0 0 0 0 0 0 0 0 0 0 0 0 0 0 0 0 0 0 0 0 0 0 0 0 0 0 0 0 0 0 0 127
0 111 110 0 0 0 0 0 0 0 0 0 0 0 0 0 0 0 0 0 0 0 0 0 0 0 0 0 0 0 0 0 0 0 0 0 0 0 0 0 0 0 0 0 0 0 0 0 0 0 0 0 0 0 0 0 0 127
0 111 111 0 0 0 0 0 0 0 0 0 0 0 0 0 0 0 0 0 0 0 0 0 0 0 0 0 0 0 0 0 0 0 0 0 0 0 0 0 0 0 0 0 0 0 0 0 0 0 0 0 0 0 0 0 0 127
0 111 112 0 0 0 0 0 0 0 0 0 0 0 0 0 0 0 0 0 0 0 0 0 0 0 0 0 0 0 0 0 0 0 0 0 0 0 0 0 0 0 0 0 0 0 0 0 0 0 0 0 0 0 0 0 0 127
0 111 113 0 0 0 0 0 0 0 0 0 0 0 0 0 0 0 0 0 0 0 0 0 0 0 0 0 0 0 0 0 0 0 0 0 0 0 0 0 0 0 0 0 0 0 0 0 0 0 0 0 0 0 0 0 0 127
0 111 114 0 0 0 0 0 0 0 0 0 0 0 0 0 0 0 0 0 0 0 0 0 0 0 0 0 0 0 0 0 0 0 0 0 0 0 0 0 0 0 0 0 0 0 0 0 0 0 0 0 0 0 0 0 0 127
0 111 115 0 0 0 0 0 0 0 0 0 0 0 0 0 0 0 0 0 0 0 0 0 0 0 0 0 0 0 0 0 0 0 0 0 0 0 0 0 0 0 0 0 0 0 0 0 0 0 0 0 0 0 0 0 0 127
0 111 116 0 0 0 0 0 0 0 0 0 0 0 0 0 0 0 0 0 0 0 0 0 0 0 0 0 0 0 0 0 0 0 0 0 0 0 0 0 0 0 0 0 0 0 0 0 0 0 0 0 0 0 0 0 0 127
0 111 117 0 0 0 0 0 0 0 0 0 0 0 0 0 0 0 0 0 0 0 0 0 0 0 0 0 0 0 0 0 0 0 0 0 0 0 0 0 0 0 0 0 0 0 0 0 0 0 0 0 0 0 0 0 0 127
0 111 118 0 0 0 0 0 0 0 0 0 0 0 0 0 0 0 0 0 0 0 0 0 0 0 0 0 0 0 0 0 0 0 0 0 0 0 0 0 0 0 0 0 0 0 0 0 0 0 0 0 0 0 0 0 0 127
0 111 119 0 0 0 0 0 0 0 0 0 0 0 0 0 0 0 0 0 0 0 0 0 0 0 0 0 0 0 0 0 0 0 0 0 0 0 0 0 0 0 0 0 0 0 0 0 0 0 0 0 0 0 0 0 0 127
0 111 120 0 0 0 0 0 0 0 0 0 0 0 0 0 0 0 0 0 0 0 0 0 0 0 0 0 0 0 0 0 0 0 0 0 0 0 0 0 0 0 0 0 0 0 0 0 0 0 0 0 0 0 0 0 0 127
0 111 121 0 0 0 0 0 0 0 0 0 0 0 0 0 0 0 0 0 0 0 0 0 0 0 0 0 0 0 0 0 0 0 0 0 0 0 0 0 0 0 0 0 0 0 0 0 0 0 0 0 0 0 0 0 0 127
0 111 122 371.806 178.68 0.272652 373.562 182.962 0.608036 373.724 182.468 0.576501 373.551 192.621 0.381519 376.256 200.247 0.224722 376.588 182.353 0.603666 378.272 192.342 0.451772 381.49 200.746 0.334403 375.833 200.576 0.508317 376.472 212.902 0.328037 376.867 223.879 0.186391 377.618 200.89 0.528763 377.86 213.069 0.335934 379.147 223.231 0.279834 370.539 176.067 0.268024 373.066 176.093 0.220651 371.322 176.807 0.20784 376.962 177.401 0.138783 0
0 111 123 373.081 181.271 0.149848 373.151 183.028 0.474096 374.097 182.552 0.45304 374.659 192.582 0.276799 377.84 200.552 0.130679 375.379 182.499 0.47825 376.706 192.357 0.344829 379.565 200.755 0.249405 376.289 200.321 0.419124 376.947 212.832 0.282864 377.278 223.924 0.172891 376.481 200.912 0.437426 376.804 213.243 0.280765 378.379 223.77 0.210426 371.794 179.968 0.130096 374.333 179.996 0.108399 371.39 176.889 0.101192 375.659 179.979 0.0864142 0
0 111 124 0 0 0 372.739 183.093 0.516964 374.47 182.636 0.495266 375.766 192.544 0.380303 379.423 200.857 0.272918 374.171 182.645 0.459889 375.14 192.372 0.199915 377.64 200.764 0.127535 376.746 200.066 0.494854 377.422 212.762 0.303364 377.689 223.97 0.195083 375.343 200.934 0.439398 375.749 213.416 0.268204 377.611 224.309 0.233761 0 0 0 0 0 0 371.457 176.971 0.1 371.775 179.984 0.0863073 0
0 111 125 0 0 0 372.328 183.159 0.46327 374.843 182.72 0.430086 376.873 192.506 0.341823 381.007 201.163 0.170703 372.962 182.791 0.1 373.575 192.387 0.1 375.715 200.773 0.1 377.202 199.811 0.446739 377.896 212.692 0.258278 378.099 224.016 0.185132 374.206 200.957 0.38688 374.693 213.589 0.23467 376.843 224.848 0.214861 0 0 0 0 0 0 371.525 177.053 0.1 0 0 0 0
0 111 126 0 0 0 371.916 183.225 0.484062 375.216 182.803 0.444193 377.98 192.467 0.371538 382.591 201.468 0.25076 371.753 182.937 0.441445 372.009 192.403 0.224717 373.79 200.782 0.116205 377.659 199.557 0.432456 378.371 212.622 0.171579 378.51 224.062 0.109438 373.069 200.979 0.386798 373.638 213.763 0.16156 376.075 225.387 0.142665 0 0 0 0 0 0 371.593 177.135 0.1 371.72 181.254 0.0776399 0
0 111 127 0 0 0 371.626 183.509 0.563726 375.361 182.948 0.50895 378.989 192.475 0.422163 383.75 201.615 0.308576 370.736 183.22 0.502687 370.704 192.412 0.249669 372.201 200.777 0.159509 378.089 199.555 0.531681 378.809 212.766 0.304121 378.944 224.637 0.266098 372.071 201.118 0.505822 372.779 214.055 0.341081 375.361 226.248 0.304251 0 0 0 0 0 0 371.67 177.492 0.104101 370.509 181.23 0.0991872 0
0 111 128 0 0 0 371.196 183.801 0.602142 375.794 183.233 0.541609 379.856 192.632 0.468893 384.762 202.336 0.365895 369.72 183.504 0.529531 368.684 192.695 0.261726 370.6 201.064 0.186746 377.948 199.852 0.554125 378.095 213.923 0.332575 378.087 225.8 0.258019 371.058 201.419 0.520798 371.767 215.215 0.367603 374.357 227.413 0.322424 0 0 0 0 0 0 371.564 177.456 0.116632 370.461 181.231 0.114504 0
0 111 129 0 0 0 370.903 184.226 0.626332 375.362 183.516 0.567588 379.72 192.926 0.524775 384.19 203.052 0.41376 369.423 183.791 0.580536 367.672 193.424 0.345721 369.874 201.507 0.26698 377.23 200.724 0.626515 377.083 216.092 0.400224 376.924 229.276 0.307674 370.617 202.293 0.591993 371.044 217.097 0.408546 372.909 231.172 0.338615 0 0 0 0 0 0 371.421 177.529 0.120867 370.447 181.281 0.146069 0
0 111 130 0 0 0 370.743 184.521 0.480951 374.932 183.798 0.394683 379.722 193.213 0.330595 384.337 203.627 0.206925 369.27 184.079 0.422375 367.093 193.79 0.187936 369.439 201.876 0.117397 376.655 201.451 0.418677 376.22 217.403 0.193709 375.912 231.301 0.132853 370.036 202.877 0.385186 370.46 218.261 0.179598 371.897 232.77 0.141845 0 0 0 0 0 0 371.272 177.815 0.1 370.41 181.27 0.0902496 0
0 111 131 0 0 0 370.587 184.951 0.462695 373.924 184.087 0.396348 378.421 193.646 0.315056 383.032 203.914 0.197038 369.421 184.508 0.417206 368.255 194.074 0.234878 371.179 202.598 0.163266 375.647 202.611 0.431711 375.07 218.709 0.212968 374.767 233.045 0.106701 370.023 203.75 0.423688 370.172 219.413 0.212211 371.175 234.212 0.137516 0 0 0 0 0 0 370.98 178.175 0.1 370.469 182.567 0.066084 0
0 111 132 0 0 0 370.568 185.599 0.614405 372.983 184.664 0.52362 376.965 194.364 0.489688 380.937 204.276 0.380465 369.707 185.156 0.530213 369.422 194.576 0.325069 372.912 203.539 0.208595 374.704 203.916 0.579856 373.922 220.16 0.334555 373.613 234.719 0.139467 370.087 204.692 0.54891 370.091 220.714 0.331621 370.456 235.584 0.189444 0 0 0 0 0 0 370.685 178.684 0.1 370.441 181.288 0.0917096 0
0 111 133 0 0 0 370.552 186.463 0.63019 372.114 185.528 0.553704 375.224 195.371 0.45816 378.05 204.713 0.380952 369.997 186.017 0.501325 370.575 195.293 0.200385 374.36 204.693 0.116068 373.689 205.078 0.542146 372.772 221.606 0.328064 372.458 236.173 0.119579 370.219 205.422 0.495629 369.945 222.013 0.319705 369.592 236.743 0.185594 0 0 0 0 0 0 370.392 179.126 0.122603 369.158 179.98 0.0872496 0
0 111 134 0 0 0 370.267 187.044 0.590127 370.95 186.24 0.507383 373.059 196.102 0.400579 375.438 205.145 0.29706 370.277 186.456 0.481551 371.735 195.589 0.212927 375.802 205.423 0.133797 372.53 206.375 0.52266 371.621 223.201 0.352825 371.301 238.345 0.156162 370.206 206.436 0.486263 369.796 223.325 0.334467 369.151 238.767 0.195782 0 0 0 0 0 0 370.089 179.419 0.114545 369.148 181.26 0.098207 0
0 111 135 369.705 181.363 0.185934 370.12 187.618 0.672624 370.003 186.886 0.561624 370.96 196.968 0.241304 372.905 205.863 0.136966 370.567 186.959 0.573308 373.035 196.237 0.388498 377.174 206.368 0.354954 371.372 207.604 0.554056 370.603 225.008 0.475594 370.135 240.807 0.322071 370.201 207.454 0.578028 369.581 224.772 0.476448 368.857 240.508 0.368749 370.001 180.837 0.139356 370.051 181.118 0.145404 369.754 179.745 0.146718 372.04 180.158 0.183442 0
0 111 136 369.451 181.543 0.1 369.971 188.054 0.1 368.992 187.601 0.1 368.94 197.973 0.1 370.731 206.874 0.1 370.724 187.395 0.1 374.188 197.24 0.1 378.333 207.531 0.1 370.5 208.769 0.1 369.731 227.029 0.1 368.976 243.13 0.1 370.192 208.614 0.1 369.427 226.65 0.1 368.424 242.394 0.1 369.561 180.926 0.1 369.793 181.188 0.1 369.386 180.102 0.1 371.048 180.285 0.1 127
0 111 137 369.197 181.722 0.293905 369.675 188.491 0.636141 367.261 188.179 0.513183 366.619 198.69 0.308866 368.121 207.308 0.193362 370.875 187.972 0.536621 375.782 197.964 0.408871 379.647 208.548 0.336399 369.05 209.637 0.493843 369.139 227.897 0.426677 368.39 244.292 0.264628 370.194 209.478 0.4927 369.428 227.518 0.391525 368.42 243.553 0.308244 369.122 181.015 0.267023 369.535 181.259 0.255135 368.762 180.431 0.176587 370.056 180.412 0.161363 0
0 111 138 368.943 181.901 0.263768 369.245 188.921 0.657355 366.824 188.614 0.54198 366.034 199.409 0.335009 367.685 207.749 0.222348 370.005 188.543 0.563356 374.912 198.106 0.403582 378.483 208.834 0.369404 368.615 210.068 0.535451 368.996 228.045 0.44577 368.534 244.287 0.277903 369.329 209.767 0.539322 368.996 227.805 0.413773 368.85 242.828 0.301093 368.682 181.104 0.240201 369.277 181.33 0.203911 368.611 180.718 0.196909 369.064 180.539 0.129941 0
0 111 139 368.689 182.081 0.1 368.675 189.211 0.1 366.529 189.046 0.1 365.167 199.841 0.1 367.239 208.333 0.1 369.005 189.111 0.1 374.045 198.394 0.1 377.322 208.978 0.1 368.17 210.21 0.1 368.704 227.891 0.1 368.389 243.564 0.1 368.329 209.912 0.1 368.271 227.66 0.1 368.559 242.401 0.1 368.242 181.194 0.1 369.018 181.4 0.1 368.455 180.865 0.1 368.071 180.666 0.1 127
0 111 140 368.25 182.334 0.193063 368.1 189.644 0.527709 366.533 189.622 0.421108 365.6 200.422 0.271806 367.673 209.203 0.162844 367.696 189.548 0.453013 371 199.114 0.370937 373.556 209.413 0.357472 367.883 210.211 0.424346 368.409 227.892 0.31099 368.238 243.561 0.149036 367.169 210.059 0.442115 367.25 227.663 0.282812 367.548 242.262 0.191832 367.661 181.31 0.172138 368.688 181.52 0.151639 368.45 181.018 0.131447 367.193 180.957 0.104764 0
0 111 141 367.666 182.555 0.45111 367.385 190.003 0.782492 365.592 190.05 0.696604 364.581 200.853 0.475332 365.861 209.565 0.339102 367.402 189.911 0.728781 370.133 199.763 0.580185 372.968 209.916 0.59261 366.942 210.5 0.638695 367.539 227.901 0.467579 367.368 243.775 0.293578 366.667 210.418 0.666851 366.741 227.672 0.487084 367.109 242.481 0.354214 366.935 181.458 0.409033 368.184 181.67 0.420322 367.868 181.236 0.270245 366.828 181.178 0.297327 0
0 111 142 367.003 182.853 0.1 366.38 190.154 0.732527 365.596 190.201 0.69091 365.309 201.007 0.509443 367.735 210.289 0.504996 365.947 190.062 0.622854 367.093 200.197 0.396259 369.633 210.063 0.212349 366.799 210.643 0.659056 367.252 227.9 0.429971 366.937 243.772 0.207615 365.363 210.852 0.630813 365.58 227.681 0.402088 366.082 242.766 0.203647 366.062 181.711 0.1 367.605 181.843 0.1 367.288 181.376 0.279155 365.659 181.467 0.174584 0
0 111 143 366.34 183.151 0.1 365.37 190.448 0.675054 365.74 190.498 0.62991 366.323 201.434 0.446799 368.901 211.009 0.388511 364.357 190.5 0.587596 363.773 200.914 0.359793 366.016 210.493 0.254854 366.793 210.642 0.621156 367.103 227.611 0.463279 366.797 243.187 0.401714 364.065 210.999 0.611564 364.418 227.676 0.502638 364.927 242.477 0.421712 365.19 181.965 0.1 367.026 182.016 0.1 366.428 181.662 0.168717 364.355 181.765 0.119651 0
0 111 144 365.677 183.449 0.1 364.354 190.736 0.692286 365.665 190.716 0.644946 367.399 201.725 0.463289 370.711 211.74 0.434203 362.9 190.862 0.59781 360.449 201.28 0.434819 362.461 210.704 0.258904 366.357 210.712 0.567059 366.233 227.251 0.33339 365.928 242.602 0.232286 362.757 211.141 0.601602 363.182 227.244 0.427641 363.761 241.902 0.341165 364.318 182.218 0.1 366.447 182.189 0.1 365.496 181.738 0.191815 363.052 182.057 0.143279 0
0 111 145 365.014 183.746 0.170678 363.335 191.169 0.613215 365.23 191.006 0.553438 366.812 201.873 0.331217 369.548 211.887 0.242466 361.736 191.296 0.584255 359.002 201.578 0.38083 362.022 211.716 0.3475 365.496 210.855 0.553283 365.225 226.533 0.416047 365.059 241.725 0.338166 361.604 211.151 0.523241 362.028 226.525 0.377734 362.604 241.179 0.345133 363.445 182.471 0.152048 365.868 182.363 0.135971 364.45 181.819 0.123491 361.747 182.383 0.116847 0
0 111 146 0 0 0 362.328 191.748 0.698184 365.23 191.441 0.631484 367.824 202.597 0.469113 370.858 213.049 0.349593 360.42 191.876 0.615597 355.966 202.012 0.467661 358.678 211.865 0.327174 365.216 211.288 0.604933 364.647 226.531 0.364114 364.34 241.573 0.269598 360.297 211.448 0.636451 360.856 226.524 0.486503 361.158 241.022 0.42784 0 0 0 0 0 0 363.513 181.963 0.112398 360.58 182.597 0.132838 0
0 111 147 0 0 0 361.451 192.189 0.738622 364.215 191.88 0.638283 367.238 202.755 0.463448 369.845 213.336 0.335978 359.553 192.319 0.623546 355.379 202.315 0.55654 357.522 212.593 0.428152 364.638 211.432 0.649324 364.209 225.517 0.423266 364.201 239.552 0.330483 359.721 211.596 0.694344 359.838 225.662 0.528753 359.856 240.007 0.466789 0 0 0 0 0 0 361.957 182.187 0.124567 360.286 182.846 0.135779 0
0 111 148 0 0 0 360.58 192.631 0.652608 362.182 192.325 0.538252 364.633 203.48 0.390682 366.088 213.769 0.315219 359.55 192.619 0.541113 356.102 203.037 0.35713 358.542 213.891 0.298595 362.908 212.444 0.535302 362.477 226.531 0.352376 362.315 240.564 0.33614 359.713 212.326 0.567229 359.554 226.098 0.435259 359.283 240.723 0.417253 0 0 0 0 0 0 360.229 182.482 0.111287 359.988 183.128 0.10977 0
0 111 149 358.758 186.507 0.0632063 359.564 192.927 0.476046 360.006 192.62 0.382565 361.881 204.055 0.149989 362.465 214.203 0.121163 359.55 192.909 0.389808 357.266 203.474 0.167179 360.415 215.05 0.190249 361.17 213.168 0.410137 360.74 227.395 0.330245 360.294 241.148 0.285804 359.717 212.765 0.436155 359.702 226.386 0.29369 360.29 241.441 0.287499 0 0 0 0 0 0 358.603 182.841 0.1 359.41 183.136 0.1 0
0 111 150 0 0 0 358.595 193.128 0.559732 359.137 192.822 0.450838 361.307 204.495 0.301987 362.702 215.218 0.245351 358.148 193.106 0.469065 355.575 203.813 0.403468 358.244 215.682 0.304857 360.209 213.603 0.515659 359.63 228.254 0.34845 359.089 241.585 0.26865 358.602 213.109 0.530716 358.836 226.863 0.337078 360.049 241.922 0.271227 0 0 0 0 0 0 357.663 183.131 0.1 358.648 183.176 0.1 0
0 111 151 0 0 0 357.819 193.369 0.569322 357.687 193.061 0.474793 359.711 204.929 0.359384 360.864 215.942 0.229946 357.521 193.345 0.472952 355.38 204.2 0.408957 357.952 216.214 0.296704 358.57 214.182 0.500892 357.989 229.126 0.24974 357.544 242.314 0.180553 357.828 213.497 0.51427 358.119 227.535 0.313049 359.717 242.457 0.345102 0 0 0 0 0 0 356.833 183.495 0.1 357.886 183.217 0.1 0
0 111 152 354.796 185.25 0.181026 357.089 193.659 0.699412 356.533 193.349 0.668722 358.551 205.228 0.580876 360.56 216.818 0.421009 356.654 193.634 0.650169 354.79 204.636 0.404662 357.076 216.364 0.345378 356.982 214.621 0.585987 356.258 229.994 0.442994 355.808 242.901 0.390355 356.806 213.927 0.611852 357.106 228.261 0.328575 358.85 242.753 0.220731 352.198 183.89 0.145589 357.356 182.667 0.170989 356.395 183.931 0.105058 357.123 183.257 0.188553 0
0 111 153 350.929 185.224 0.155685 356.221 193.809 0.64639 355.805 193.499 0.630563 357.394 205.235 0.477834 359.548 216.958 0.307808 355.647 193.782 0.635605 354.351 204.784 0.427032 355.946 216.427 0.386545 355.825 214.631 0.536082 355.536 230.139 0.392288 355.233 242.905 0.388143 355.79 213.936 0.559466 356.103 228.548 0.23117 358.13 242.894 0.169092 350.865 182.651 0.125849 353.459 182.665 0.13766 356.095 184.511 0.1 356.361 183.298 0.165445 0
0 111 154 0 0 0 355.259 193.741 0.1 355.386 193.538 0.1 356.984 205.285 0.1 360.549 217.458 0.1 354.385 193.714 0.1 352.603 204.841 0.1 354.816 216.489 0.1 354.682 214.593 0.1 354.313 230.55 0.1 354.022 243.088 0.1 354.532 214.033 0.1 354.877 228.888 0.1 357.533 242.956 0.1 0 0 0 0 0 0 356.131 185.117 0.1 0 0 0 127
0 111 155 0 0 0 354.297 193.673 0.1 354.967 193.577 0.1 356.574 205.334 0.1 361.55 217.957 0.1 353.123 193.645 0.1 350.856 204.897 0.1 353.685 216.552 0.1 353.54 214.554 0.1 353.089 230.961 0.1 352.811 243.271 0.1 353.274 214.13 0.1 353.651 229.227 0.1 356.936 243.019 0.1 0 0 0 0 0 0 356.166 185.723 0.1 0 0 0 127
0 111 156 0 0 0 353.335 193.605 0.422069 354.549 193.617 0.358911 356.164 205.383 0.200125 362.551 218.456 0.193338 351.86 193.577 0.341389 349.109 204.954 0.17246 352.555 216.615 0.119169 352.397 214.516 0.351145 351.865 231.371 0.279718 351.601 243.454 0.259798 352.015 214.226 0.397129 352.424 229.566 0.332136 356.339 243.082 0.291756 0 0 0 0 0 0 356.202 186.329 0.107849 0 0 0 0
0 111 157 0 0 0 352.373 193.537 0.466165 354.13 193.656 0.413412 355.754 205.433 0.282964 363.553 218.956 0.224089 350.598 193.508 0.369297 347.361 205.011 0.147846 349.566 213.911 0.0775495 351.255 214.478 0.39595 350.642 231.782 0.281943 350.39 243.637 0.242748 350.757 214.323 0.409302 351.198 229.906 0.311309 355.742 243.145 0.264176 0 0 0 0 0 0 356.238 186.935 0.114089 0 0 0 0
0 111 158 0 0 0 0 0 0 0 0 0 0 0 0 0 0 0 0 0 0 0 0 0 0 0 0 0 0 0 0 0 0 0 0 0 0 0 0 0 0 0 0 0 0 0 0 0 0 0 0 0 0 0 0 0 0 127
0 111 159 0 0 0 0 0 0 0 0 0 0 0 0 0 0 0 0 0 0 0 0 0 0 0 0 0 0 0 0 0 0 0 0 0 0 0 0 0 0 0 0 0 0 0 0 0 0 0 0 0 0 0 0 0 0 127
0 111 160 0 0 0 0 0 0 0 0 0 0 0 0 0 0 0 0 0 0 0 0 0 0 0 0 0 0 0 0 0 0 0 0 0 0 0 0 0 0 0 0 0 0 0 0 0 0 0 0 0 0 0 0 0 0 127
0 111 161 0 0 0 0 0 0 0 0 0 0 0 0 0 0 0 0 0 0 0 0 0 0 0 0 0 0 0 0 0 0 0 0 0 0 0 0 0 0 0 0 0 0 0 0 0 0 0 0 0 0 0 0 0 0 127
0 111 162 0 0 0 0 0 0 0 0 0 0 0 0 0 0 0 0 0 0 0 0 0 0 0 0 0 0 0 0 0 0 0 0 0 0 0 0 0 0 0 0 0 0 0 0 0 0 0 0 0 0 0 0 0 0 127
0 111 163 0 0 0 0 0 0 0 0 0 0 0 0 0 0 0 0 0 0 0 0 0 0 0 0 0 0 0 0 0 0 0 0 0 0 0 0 0 0 0 0 0 0 0 0 0 0 0 0 0 0 0 0 0 0 127
0 111 164 0 0 0 0 0 0 0 0 0 0 0 0 0 0 0 0 0 0 0 0 0 0 0 0 0 0 0 0 0 0 0 0 0 0 0 0 0 0 0 0 0 0 0 0 0 0 0 0 0 0 0 0 0 0 127
0 111 165 0 0 0 0 0 0 0 0 0 0 0 0 0 0 0 0 0 0 0 0 0 0 0 0 0 0 0 0 0 0 0 0 0 0 0 0 0 0 0 0 0 0 0 0 0 0 0 0 0 0 0 0 0 0 127
0 111 166 0 0 0 0 0 0 0 0 0 0 0 0 0 0 0 0 0 0 0 0 0 0 0 0 0 0 0 0 0 0 0 0 0 0 0 0 0 0 0 0 0 0 0 0 0 0 0 0 0 0 0 0 0 0 127
0 111 167 0 0 0 340.328 202.183 0.507139 341.53 202.119 0.406242 348.736 212.002 0.228977 0 0 0 336.697 201.865 0.382711 329.944 212.259 0.245274 325.779 223.116 0.117615 344.627 222.698 0.406621 341.485 237.438 0.294427 339.676 253.185 0.221218 338.173 222.828 0.414207 340.195 239.961 0.343437 339.927 251.754 0.324939 0 0 0 0 0 0 340.812 192.979 0.116901 337.199 193.084 0.129447 0
0 111 168 0 0 0 338.831 202.187 0.43861 340.391 202.166 0.355075 347.019 212.045 0.179282 0 0 0 335.351 202.015 0.315229 329.271 212.347 0.128 325.388 222.912 0.1 343.039 222.748 0.326429 340.503 237.931 0.23115 339.062 253.185 0.200674 336.891 222.917 0.32197 338.843 239.789 0.265423 338.747 252.074 0.263469 0 0 0 0 0 0 339.282 192.962 0.143097 335.893 193.085 0.1 0
0 111 169 0 0 0 337.335 202.191 0.737432 339.252 202.213 0.638041 345.303 212.088 0.419793 344.902 223.507 0.296373 334.005 202.165 0.604854 328.598 212.436 0.45786 324.997 222.707 0.250694 341.45 222.798 0.624626 339.52 238.425 0.477399 338.449 253.184 0.382843 335.608 223.006 0.557991 337.491 239.618 0.451611 337.566 252.394 0.378539 0 0 0 0 0 0 337.753 192.946 0.196239 334.587 193.086 0.202528 0
0 111 170 0 0 0 335.838 202.196 0.3826 338.112 202.261 0.315688 343.587 212.132 0.16865 343.872 222.297 0.1 332.659 202.315 0.285459 327.924 212.525 0.166586 324.607 222.503 0.11631 339.862 222.847 0.316124 338.538 238.918 0.243042 337.835 253.183 0.211573 334.326 223.095 0.28159 336.139 239.447 0.230261 336.386 252.714 0.231002 0 0 0 0 0 0 336.224 192.93 0.1 333.281 193.088 0.1 0
0 111 171 0 0 0 334.342 202.2 0.657041 336.973 202.308 0.580988 341.87 212.175 0.397186 342.842 221.087 0.239049 331.313 202.464 0.566187 327.251 212.613 0.366605 324.216 222.299 0.226959 338.273 222.897 0.589046 337.555 239.412 0.483502 337.221 253.183 0.389514 333.043 223.184 0.545424 334.787 239.275 0.419004 335.206 253.034 0.372575 0 0 0 0 0 0 334.695 192.913 0.180634 331.975 193.089 0.172694 0
0 111 172 329.995 193.128 0.147377 333.183 202.348 0.395862 335.961 202.458 0.339452 340.72 212.321 0.139303 341.812 219.877 0.1 330.009 202.619 0.31869 326.094 212.897 0.138678 323.057 222.448 0.131503 336.681 223.05 0.318758 336.398 239.985 0.293295 336.635 253.329 0.274604 331.597 223.332 0.295501 333.041 239.56 0.261331 333.177 253.467 0.275742 328.799 192.994 0.120852 330.005 193.033 0.123411 333.535 193.067 0.118897 330.809 193.378 0.122601 0
0 111 173 328.713 194.347 0.669849 331.702 202.438 0.860047 335.124 202.57 0.765117 339.459 212.512 0.58268 340.7 219.505 0.399954 328.468 202.817 0.832803 324.94 213.16 0.565713 322.445 222.438 0.427254 335.244 223.206 0.733311 335.349 240.524 0.639804 335.963 253.396 0.550284 330.158 223.49 0.682746 331.106 239.669 0.587542 331.177 253.858 0.534659 328.631 193.06 0.675676 328.788 193.061 0.675696 331.977 193.157 0.428465 329.678 193.548 0.522417 0
0 111 174 0 0 0 330.221 202.527 0.832819 334.286 202.682 0.766117 338.199 212.703 0.566908 340.447 218.481 0.320671 326.928 203.015 0.704257 323.786 213.423 0.540742 321.833 222.429 0.344712 333.807 223.362 0.720929 334.301 241.063 0.602308 335.29 253.462 0.562458 328.719 223.647 0.727205 329.17 239.777 0.683339 329.178 254.248 0.678064 0 0 0 0 0 0 330.419 193.246 0.281589 328.546 193.718 0.255553 0
0 111 175 0 0 0 328.74 202.616 0.859726 333.449 202.794 0.788461 336.938 212.894 0.593789 340.194 217.457 0.332927 325.387 203.213 0.761883 322.631 213.686 0.559494 321.22 222.419 0.337449 332.37 223.518 0.71892 333.253 241.602 0.563451 334.618 253.529 0.492335 327.279 223.805 0.738303 327.235 239.886 0.617728 327.178 254.638 0.676596 0 0 0 0 0 0 328.861 193.336 0.368021 327.415 193.888 0.333785 0
0 111 176 327.333 202.11 0.0884242 327.258 202.706 0.846055 332.612 202.906 0.718824 335.677 213.084 0.427452 339.941 216.433 0.178437 323.847 203.411 0.723316 321.477 213.949 0.584105 320.608 222.409 0.404357 330.933 223.675 0.683554 332.204 242.141 0.594528 333.945 253.595 0.545695 325.84 223.962 0.725009 325.3 239.995 0.65922 325.179 255.028 0.68752 0 0 0 0 0 0 327.303 193.425 0.260286 326.284 194.058 0.39784 0
0 111 177 0 0 0 0 0 0 0 0 0 0 0 0 0 0 0 0 0 0 0 0 0 0 0 0 0 0 0 0 0 0 0 0 0 0 0 0 0 0 0 0 0 0 0 0 0 0 0 0 0 0 0 0 0 0 127
0 111 178 0 0 0 0 0 0 0 0 0 0 0 0 0 0 0 0 0 0 0 0 0 0 0 0 0 0 0 0 0 0 0 0 0 0 0 0 0 0 0 0 0 0 0 0 0 0 0 0 0 0 0 0 0 0 127
0 111 179 0 0 0 0 0 0 0 0 0 0 0 0 0 0 0 0 0 0 0 0 0 0 0 0 0 0 0 0 0 0 0 0 0 0 0 0 0 0 0 0 0 0 0 0 0 0 0 0 0 0 0 0 0 0 127
0 111 180 0 0 0 0 0 0 0 0 0 0 0 0 0 0 0 0 0 0 0 0 0 0 0 0 0 0 0 0 0 0 0 0 0 0 0 0 0 0 0 0 0 0 0 0 0 0 0 0 0 0 0 0 0 0 127
0 111 181 0 0 0 0 0 0 0 0 0 0 0 0 0 0 0 0 0 0 0 0 0 0 0 0 0 0 0 0 0 0 0 0 0 0 0 0 0 0 0 0 0 0 0 0 0 0 0 0 0 0 0 0 0 0 127
0 111 182 0 0 0 0 0 0 0 0 0 0 0 0 0 0 0 0 0 0 0 0 0 0 0 0 0 0 0 0 0 0 0 0 0 0 0 0 0 0 0 0 0 0 0 0 0 0 0 0 0 0 0 0 0 0 127
0 111 183 0 0 0 0 0 0 0 0 0 0 0 0 0 0 0 0 0 0 0 0 0 0 0 0 0 0 0 0 0 0 0 0 0 0 0 0 0 0 0 0 0 0 0 0 0 0 0 0 0 0 0 0 0 0 127
0 111 184 0 0 0 0 0 0 0 0 0 0 0 0 0 0 0 0 0 0 0 0 0 0 0 0 0 0 0 0 0 0 0 0 0 0 0 0 0 0 0 0 0 0 0 0 0 0 0 0 0 0 0 0 0 0 127
0 111 185 0 0 0 0 0 0 0 0 0 0 0 0 0 0 0 0 0 0 0 0 0 0 0 0 0 0 0 0 0 0 0 0 0 0 0 0 0 0 0 0 0 0 0 0 0 0 0 0 0 0 0 0 0 0 127
0 111 186 0 0 0 0 0 0 0 0 0 0 0 0 0 0 0 0 0 0 0 0 0 0 0 0 0 0 0 0 0 0 0 0 0 0 0 0 0 0 0 0 0 0 0 0 0 0 0 0 0 0 0 0 0 0 127
0 111 187 0 0 0 0 0 0 0 0 0 0 0 0 0 0 0 0 0 0 0 0 0 0 0 0 0 0 0 0 0 0 0 0 0 0 0 0 0 0 0 0 0 0 0 0 0 0 0 0 0 0 0 0 0 0 127
0 111 188 0 0 0 0 0 0 0 0 0 0 0 0 0 0 0 0 0 0 0 0 0 0 0 0 0 0 0 0 0 0 0 0 0 0 0 0 0 0 0 0 0 0 0 0 0 0 0 0 0 0 0 0 0 0 127
0 111 189 0 0 0 0 0 0 0 0 0 0 0 0 0 0 0 0 0 0 0 0 0 0 0 0 0 0 0 0 0 0 0 0 0 0 0 0 0 0 0 0 0 0 0 0 0 0 0 0 0 0 0 0 0 0 127
0 111 190 0 0 0 0 0 0 0 0 0 0 0 0 0 0 0 0 0 0 0 0 0 0 0 0 0 0 0 0 0 0 0 0 0 0 0 0 0 0 0 0 0 0 0 0 0 0 0 0 0 0 0 0 0 0 127
0 111 191 0 0 0 0 0 0 0 0 0 0 0 0 0 0 0 0 0 0 0 0 0 0 0 0 0 0 0 0 0 0 0 0 0 0 0 0 0 0 0 0 0 0 0 0 0 0 0 0 0 0 0 0 0 0 127
0 111 192 0 0 0 0 0 0 0 0 0 0 0 0 0 0 0 0 0 0 0 0 0 0 0 0 0 0 0 0 0 0 0 0 0 0 0 0 0 0 0 0 0 0 0 0 0 0 0 0 0 0 0 0 0 0 127
0 111 193 0 0 0 0 0 0 0 0 0 0 0 0 0 0 0 0 0 0 0 0 0 0 0 0 0 0 0 0 0 0 0 0 0 0 0 0 0 0 0 0 0 0 0 0 0 0 0 0 0 0 0 0 0 0 127
0 111 194 0 0 0 0 0 0 0 0 0 0 0 0 0 0 0 0 0 0 0 0 0 0 0 0 0 0 0 0 0 0 0 0 0 0 0 0 0 0 0 0 0 0 0 0 0 0 0 0 0 0 0 0 0 0 127
0 111 195 0 0 0 0 0 0 0 0 0 0 0 0 0 0 0 0 0 0 0 0 0 0 0 0 0 0 0 0 0 0 0 0 0 0 0 0 0 0 0 0 0 0 0 0 0 0 0 0 0 0 0 0 0 0 127
0 111 196 0 0 0 0 0 0 0 0 0 0 0 0 0 0 0 0 0 0 0 0 0 0 0 0 0 0 0 0 0 0 0 0 0 0 0 0 0 0 0 0 0 0 0 0 0 0 0 0 0 0 0 0 0 0 127
0 111 197 0 0 0 0 0 0 0 0 0 0 0 0 0 0 0 0 0 0 0 0 0 0 0 0 0 0 0 0 0 0 0 0 0 0 0 0 0 0 0 0 0 0 0 0 0 0 0 0 0 0 0 0 0 0 127
0 111 198 0 0 0 0 0 0 0 0 0 0 0 0 0 0 0 0 0 0 0 0 0 0 0 0 0 0 0 0 0 0 0 0 0 0 0 0 0 0 0 0 0 0 0 0 0 0 0 0 0 0 0 0 0 0 127
0 111 199 0 0 0 0 0 0 0 0 0 0 0 0 0 0 0 0 0 0 0 0 0 0 0 0 0 0 0 0 0 0 0 0 0 0 0 0 0 0 0 0 0 0 0 0 0 0 0 0 0 0 0 0 0 0 127
0 111 200 0 0 0 0 0 0 0 0 0 0 0 0 0 0 0 0 0 0 0 0 0 0 0 0 0 0 0 0 0 0 0 0 0 0 0 0 0 0 0 0 0 0 0 0 0 0 0 0 0 0 0 0 0 0 127
0 111 201 0 0 0 0 0 0 0 0 0 0 0 0 0 0 0 0 0 0 0 0 0 0 0 0 0 0 0 0 0 0 0 0 0 0 0 0 0 0 0 0 0 0 0 0 0 0 0 0 0 0 0 0 0 0 127
0 111 202 0 0 0 0 0 0 0 0 0 0 0 0 0 0 0 0 0 0 0 0 0 0 0 0 0 0 0 0 0 0 0 0 0 0 0 0 0 0 0 0 0 0 0 0 0 0 0 0 0 0 0 0 0 0 127
0 111 203 0 0 0 0 0 0 0 0 0 0 0 0 0 0 0 0 0 0 0 0 0 0 0 0 0 0 0 0 0 0 0 0 0 0 0 0 0 0 0 0 0 0 0 0 0 0 0 0 0 0 0 0 0 0 127
0 111 204 0 0 0 0 0 0 0 0 0 0 0 0 0 0 0 0 0 0 0 0 0 0 0 0 0 0 0 0 0 0 0 0 0 0 0 0 0 0 0 0 0 0 0 0 0 0 0 0 0 0 0 0 0 0 127
0 111 205 0 0 0 0 0 0 0 0 0 0 0 0 0 0 0 0 0 0 0 0 0 0 0 0 0 0 0 0 0 0 0 0 0 0 0 0 0 0 0 0 0 0 0 0 0 0 0 0 0 0 0 0 0 0 127
0 111 206 0 0 0 296.124 224.413 0.44767 300.014 224.415 0.381997 306.553 236.087 0.294457 309.155 247.823 0.266874 290.875 224.367 0.378738 285.657 234.776 0.185799 281.769 243.882 0.105047 298.698 243.886 0.590938 297.327 263.436 0.591356 296.099 277.815 0.580412 289.559 243.885 0.534136 293.489 263.436 0.515703 294.751 276.595 0.534817 0 0 0 0 0 0 0 0 0 296.081 217.812 0.0564337 0
0 111 207 0 0 0 296.131 225.257 0.1 299.158 224.844 0.1 305.676 238.261 0.1 308.698 249.554 0.1 292.168 225.235 0.1 0 0 0 0 0 0 298.263 245.639 0.1 296.917 264.328 0.1 296.072 279.562 0.1 290.858 245.203 0.1 293.913 264.319 0.1 294.317 278.74 0.1 0 0 0 0 0 0 0 0 0 0 0 0 127
0 111 208 0 0 0 296.139 226.101 0.1 298.302 225.274 0.1 304.798 240.436 0.1 308.241 251.286 0.1 293.461 226.104 0.1 0 0 0 0 0 0 297.829 247.392 0.1 296.508 265.221 0.1 296.046 281.309 0.1 292.157 246.52 0.1 294.338 265.203 0.1 293.882 280.886 0.1 0 0 0 0 0 0 0 0 0 0 0 0 127
0 111 209 0 0 0 296.146 226.945 0.296233 297.446 225.703 0.265172 303.921 242.61 0.113775 307.784 253.017 0.107715 294.754 226.972 0.24853 288.265 239.987 0.0980806 0 0 0 297.394 249.145 0.310479 296.098 266.113 0.296811 296.019 283.056 0.28034 293.456 247.838 0.263 294.762 266.086 0.234989 293.448 283.031 0.253874 0 0 0 0 0 0 0 0 0 296.098 220.418 0.0675547 0
0 111 210 0 0 0 0 0 0 0 0 0 0 0 0 0 0 0 0 0 0 0 0 0 0 0 0 0 0 0 0 0 0 0 0 0 0 0 0 0 0 0 0 0 0 0 0 0 0 0 0 0 0 0 0 0 0 127
0 111 211 0 0 0 0 0 0 0 0 0 0 0 0 0 0 0 0 0 0 0 0 0 0 0 0 0 0 0 0 0 0 0 0 0 0 0 0 0 0 0 0 0 0 0 0 0 0 0 0 0 0 0 0 0 0 127
0 111 212 0 0 0 0 0 0 0 0 0 0 0 0 0 0 0 0 0 0 0 0 0 0 0 0 0 0 0 0 0 0 0 0 0 0 0 0 0 0 0 0 0 0 0 0 0 0 0 0 0 0 0 0 0 0 127
0 111 213 0 0 0 0 0 0 0 0 0 0 0 0 0 0 0 0 0 0 0 0 0 0 0 0 0 0 0 0 0 0 0 0 0 0 0 0 0 0 0 0 0 0 0 0 0 0 0 0 0 0 0 0 0 0 127
0 111 214 0 0 0 0 0 0 0 0 0 0 0 0 0 0 0 0 0 0 0 0 0 0 0 0 0 0 0 0 0 0 0 0 0 0 0 0 0 0 0 0 0 0 0 0 0 0 0 0 0 0 0 0 0 0 127
0 111 215 0 0 0 0 0 0 0 0 0 0 0 0 0 0 0 0 0 0 0 0 0 0 0 0 0 0 0 0 0 0 0 0 0 0 0 0 0 0 0 0 0 0 0 0 0 0 0 0 0 0 0 0 0 0 127
0 111 216 0 0 0 0 0 0 0 0 0 0 0 0 0 0 0 0 0 0 0 0 0 0 0 0 0 0 0 0 0 0 0 0 0 0 0 0 0 0 0 0 0 0 0 0 0 0 0 0 0 0 0 0 0 0 127
0 111 217 0 0 0 0 0 0 0 0 0 0 0 0 0 0 0 0 0 0 0 0 0 0 0 0 0 0 0 0 0 0 0 0 0 0 0 0 0 0 0 0 0 0 0 0 0 0 0 0 0 0 0 0 0 0 127
0 111 218 0 0 0 0 0 0 0 0 0 0 0 0 0 0 0 0 0 0 0 0 0 0 0 0 0 0 0 0 0 0 0 0 0 0 0 0 0 0 0 0 0 0 0 0 0 0 0 0 0 0 0 0 0 0 127
0 111 219 0 0 0 0 0 0 0 0 0 0 0 0 0 0 0 0 0 0 0 0 0 0 0 0 0 0 0 0 0 0 0 0 0 0 0 0 0 0 0 0 0 0 0 0 0 0 0 0 0 0 0 0 0 0 127
0 111 220 0 0 0 0 0 0 0 0 0 0 0 0 0 0 0 0 0 0 0 0 0 0 0 0 0 0 0 0 0 0 0 0 0 0 0 0 0 0 0 0 0 0 0 0 0 0 0 0 0 0 0 0 0 0 127
0 111 221 0 0 0 0 0 0 0 0 0 0 0 0 0 0 0 0 0 0 0 0 0 0 0 0 0 0 0 0 0 0 0 0 0 0 0 0 0 0 0 0 0 0 0 0 0 0 0 0 0 0 0 0 0 0 127
0 111 222 0 0 0 285.683 234.745 0.183085 280.417 233.515 0.151157 275.202 246.521 0.0667698 0 0 0 289.588 234.732 0.180378 296.088 249.112 0.0938039 305.187 264.771 0.148943 281.75 255.667 0.214243 285.678 276.533 0.270228 286.942 296.092 0.323761 285.626 255.681 0.207841 285.698 276.5 0.249177 286.982 296.032 0.304494 0 0 0 0 0 0 0 0 0 0 0 0 0
0 111 223 0 0 0 0 0 0 0 0 0 0 0 0 0 0 0 0 0 0 0 0 0 0 0 0 0 0 0 0 0 0 0 0 0 0 0 0 0 0 0 0 0 0 0 0 0 0 0 0 0 0 0 0 0 0 127
0 111 224 0 0 0 0 0 0 0 0 0 0 0 0 0 0 0 0 0 0 0 0 0 0 0 0 0 0 0 0 0 0 0 0 0 0 0 0 0 0 0 0 0 0 0 0 0 0 0 0 0 0 0 0 0 0 127
0 111 225 0 0 0 0 0 0 0 0 0 0 0 0 0 0 0 0 0 0 0 0 0 0 0 0 0 0 0 0 0 0 0 0 0 0 0 0 0 0 0 0 0 0 0 0 0 0 0 0 0 0 0 0 0 0 127
0 111 226 0 0 0 0 0 0 0 0 0 0 0 0 0 0 0 0 0 0 0 0 0 0 0 0 0 0 0 0 0 0 0 0 0 0 0 0 0 0 0 0 0 0 0 0 0 0 0 0 0 0 0 0 0 0 127
0 111 227 0 0 0 0 0 0 0 0 0 0 0 0 0 0 0 0 0 0 0 0 0 0 0 0 0 0 0 0 0 0 0 0 0 0 0 0 0 0 0 0 0 0 0 0 0 0 0 0 0 0 0 0 0 0 127
0 111 228 0 0 0 0 0 0 0 0 0 0 0 0 0 0 0 0 0 0 0 0 0 0 0 0 0 0 0 0 0 0 0 0 0 0 0 0 0 0 0 0 0 0 0 0 0 0 0 0 0 0 0 0 0 0 127
0 111 229 0 0 0 0 0 0 0 0 0 0 0 0 0 0 0 0 0 0 0 0 0 0 0 0 0 0 0 0 0 0 0 0 0 0 0 0 0 0 0 0 0 0 0 0 0 0 0 0 0 0 0 0 0 0 127
0 111 230 0 0 0 0 0 0 0 0 0 0 0 0 0 0 0 0 0 0 0 0 0 0 0 0 0 0 0 0 0 0 0 0 0 0 0 0 0 0 0 0 0 0 0 0 0 0 0 0 0 0 0 0 0 0 127
0 111 231 0 0 0 0 0 0 0 0 0 0 0 0 0 0 0 0 0 0 0 0 0 0 0 0 0 0 0 0 0 0 0 0 0 0 0 0 0 0 0 0 0 0 0 0 0 0 0 0 0 0 0 0 0 0 127
0 111 232 0 0 0 0 0 0 0 0 0 0 0 0 0 0 0 0 0 0 0 0 0 0 0 0 0 0 0 0 0 0 0 0 0 0 0 0 0 0 0 0 0 0 0 0 0 0 0 0 0 0 0 0 0 0 127
0 111 233 0 0 0 0 0 0 0 0 0 0 0 0 0 0 0 0 0 0 0 0 0 0 0 0 0 0 0 0 0 0 0 0 0 0 0 0 0 0 0 0 0 0 0 0 0 0 0 0 0 0 0 0 0 0 127
0 111 234 0 0 0 0 0 0 0 0 0 0 0 0 0 0 0 0 0 0 0 0 0 0 0 0 0 0 0 0 0 0 0 0 0 0 0 0 0 0 0 0 0 0 0 0 0 0 0 0 0 0 0 0 0 0 127
0 111 235 275.261 233.512 0.123454 276.495 243.953 0.560313 267.407 245.219 0.477091 264.803 263.49 0.280037 267.37 277.845 0.20641 285.648 243.915 0.482347 292.17 258.277 0.30118 296.085 276.49 0.339035 275.208 273.876 0.453589 276.542 288.25 0.442643 283.041 306.553 0.397324 284.35 270.02 0.404569 285.618 286.985 0.372815 285.705 306.554 0.431736 275.161 230.883 0.096362 276.516 232.153 0.0951951 273.897 233.424 0.0929826 279.113 232.122 0.0892068 0
0 111 236 276.505 223.069 0.112851 275.225 243.908 0.312617 264.794 245.172 0.252669 263.452 266.08 0.0975735 276.506 286.976 0.0610516 285.628 243.879 0.307519 290.858 262.18 0.182171 296.11 280.415 0.249682 273.879 272.619 0.250198 275.206 286.956 0.326145 279.157 306.56 0.367099 281.729 270 0.22625 283.031 286.982 0.216672 285.629 306.549 0.334627 275.189 220.425 0.0939075 0 0 0 266.137 223.04 0.0679936 0 0 0 0
0 111 237 0 0 0 0 0 0 0 0 0 0 0 0 0 0 0 0 0 0 0 0 0 0 0 0 0 0 0 0 0 0 0 0 0 0 0 0 0 0 0 0 0 0 0 0 0 0 0 0 0 0 0 0 0 0 127
0 111 238 0 0 0 0 0 0 0 0 0 0 0 0 0 0 0 0 0 0 0 0 0 0 0 0 0 0 0 0 0 0 0 0 0 0 0 0 0 0 0 0 0 0 0 0 0 0 0 0 0 0 0 0 0 0 127
0 111 239 0 0 0 0 0 0 0 0 0 0 0 0 0 0 0 0 0 0 0 0 0 0 0 0 0 0 0 0 0 0 0 0 0 0 0 0 0 0 0 0 0 0 0 0 0 0 0 0 0 0 0 0 0 0 127
0 111 240 0 0 0 0 0 0 0 0 0 0 0 0 0 0 0 0 0 0 0 0 0 0 0 0 0 0 0 0 0 0 0 0 0 0 0 0 0 0 0 0 0 0 0 0 0 0 0 0 0 0 0 0 0 0 127
0 111 241 0 0 0 0 0 0 0 0 0 0 0 0 0 0 0 0 0 0 0 0 0 0 0 0 0 0 0 0 0 0 0 0 0 0 0 0 0 0 0 0 0 0 0 0 0 0 0 0 0 0 0 0 0 0 127
0 111 242 0 0 0 0 0 0 0 0 0 0 0 0 0 0 0 0 0 0 0 0 0 0 0 0 0 0 0 0 0 0 0 0 0 0 0 0 0 0 0 0 0 0 0 0 0 0 0 0 0 0 0 0 0 0 127
0 111 243 0 0 0 0 0 0 0 0 0 0 0 0 0 0 0 0 0 0 0 0 0 0 0 0 0 0 0 0 0 0 0 0 0 0 0 0 0 0 0 0 0 0 0 0 0 0 0 0 0 0 0 0 0 0 127
0 111 244 264.762 250.455 0.233219 266.102 257.005 0.682006 263.491 258.293 0.628442 257.003 273.918 0.351798 256.975 280.428 0.272349 272.586 256.947 0.598723 277.862 266.131 0.394353 284.333 285.678 0.350767 267.404 284.315 0.64655 271.293 303.887 0.543188 273.905 324.765 0.406064 275.154 281.756 0.617687 273.885 301.313 0.492366 273.887 326.039 0.417986 264.725 247.813 0.189001 264.76 247.807 0.197687 264.707 246.561 0.159353 266.055 246.556 0.207467 0
0 111 245 0 0 0 0 0 0 0 0 0 0 0 0 0 0 0 0 0 0 0 0 0 0 0 0 0 0 0 0 0 0 0 0 0 0 0 0 0 0 0 0 0 0 0 0 0 0 0 0 0 0 0 0 0 0 127
0 111 246 0 0 0 0 0 0 0 0 0 0 0 0 0 0 0 0 0 0 0 0 0 0 0 0 0 0 0 0 0 0 0 0 0 0 0 0 0 0 0 0 0 0 0 0 0 0 0 0 0 0 0 0 0 0 127
0 111 247 0 0 0 0 0 0 0 0 0 0 0 0 0 0 0 0 0 0 0 0 0 0 0 0 0 0 0 0 0 0 0 0 0 0 0 0 0 0 0 0 0 0 0 0 0 0 0 0 0 0 0 0 0 0 127
0 111 248 0 0 0 0 0 0 0 0 0 0 0 0 0 0 0 0 0 0 0 0 0 0 0 0 0 0 0 0 0 0 0 0 0 0 0 0 0 0 0 0 0 0 0 0 0 0 0 0 0 0 0 0 0 0 127
0 111 249 0 0 0 0 0 0 0 0 0 0 0 0 0 0 0 0 0 0 0 0 0 0 0 0 0 0 0 0 0 0 0 0 0 0 0 0 0 0 0 0 0 0 0 0 0 0 0 0 0 0 0 0 0 0 127
0 111 250 0 0 0 0 0 0 0 0 0 0 0 0 0 0 0 0 0 0 0 0 0 0 0 0 0 0 0 0 0 0 0 0 0 0 0 0 0 0 0 0 0 0 0 0 0 0 0 0 0 0 0 0 0 0 127
0 111 251 0 0 0 0 0 0 0 0 0 0 0 0 0 0 0 0 0 0 0 0 0 0 0 0 0 0 0 0 0 0 0 0 0 0 0 0 0 0 0 0 0 0 0 0 0 0 0 0 0 0 0 0 0 0 127
0 111 252 0 0 0 0 0 0 0 0 0 0 0 0 0 0 0 0 0 0 0 0 0 0 0 0 0 0 0 0 0 0 0 0 0 0 0 0 0 0 0 0 0 0 0 0 0 0 0 0 0 0 0 0 0 0 127
0 111 253 0 0 0 0 0 0 0 0 0 0 0 0 0 0 0 0 0 0 0 0 0 0 0 0 0 0 0 0 0 0 0 0 0 0 0 0 0 0 0 0 0 0 0 0 0 0 0 0 0 0 0 0 0 0 127
0 111 254 0 0 0 0 0 0 0 0 0 0 0 0 0 0 0 0 0 0 0 0 0 0 0 0 0 0 0 0 0 0 0 0 0 0 0 0 0 0 0 0 0 0 0 0 0 0 0 0 0 0 0 0 0 0 127
0 111 255 0 0 0 0 0 0 0 0 0 0 0 0 0 0 0 0 0 0 0 0 0 0 0 0 0 0 0 0 0 0 0 0 0 0 0 0 0 0 0 0 0 0 0 0 0 0 0 0 0 0 0 0 0 0 127
0 111 256 0 0 0 0 0 0 0 0 0 0 0 0 0 0 0 0 0 0 0 0 0 0 0 0 0 0 0 0 0 0 0 0 0 0 0 0 0 0 0 0 0 0 0 0 0 0 0 0 0 0 0 0 0 0 127
0 111 257 0 0 0 0 0 0 0 0 0 0 0 0 0 0 0 0 0 0 0 0 0 0 0 0 0 0 0 0 0 0 0 0 0 0 0 0 0 0 0 0 0 0 0 0 0 0 0 0 0 0 0 0 0 0 127
0 111 258 0 0 0 0 0 0 0 0 0 0 0 0 0 0 0 0 0 0 0 0 0 0 0 0 0 0 0 0 0 0 0 0 0 0 0 0 0 0 0 0 0 0 0 0 0 0 0 0 0 0 0 0 0 0 127
0 111 259 0 0 0 0 0 0 0 0 0 0 0 0 0 0 0 0 0 0 0 0 0 0 0 0 0 0 0 0 0 0 0 0 0 0 0 0 0 0 0 0 0 0 0 0 0 0 0 0 0 0 0 0 0 0 127
0 111 260 0 0 0 0 0 0 0 0 0 0 0 0 0 0 0 0 0 0 0 0 0 0 0 0 0 0 0 0 0 0 0 0 0 0 0 0 0 0 0 0 0 0 0 0 0 0 0 0 0 0 0 0 0 0 127
0 111 261 0 0 0 0 0 0 0 0 0 0 0 0 0 0 0 0 0 0 0 0 0 0 0 0 0 0 0 0 0 0 0 0 0 0 0 0 0 0 0 0 0 0 0 0 0 0 0 0 0 0 0 0 0 0 127
0 111 262 0 0 0 0 0 0 0 0 0 0 0 0 0 0 0 0 0 0 0 0 0 0 0 0 0 0 0 0 0 0 0 0 0 0 0 0 0 0 0 0 0 0 0 0 0 0 0 0 0 0 0 0 0 0 127
0 111 263 0 0 0 0 0 0 0 0 0 0 0 0 0 0 0 0 0 0 0 0 0 0 0 0 0 0 0 0 0 0 0 0 0 0 0 0 0 0 0 0 0 0 0 0 0 0 0 0 0 0 0 0 0 0 127
0 111 264 0 0 0 0 0 0 0 0 0 0 0 0 0 0 0 0 0 0 0 0 0 0 0 0 0 0 0 0 0 0 0 0 0 0 0 0 0 0 0 0 0 0 0 0 0 0 0 0 0 0 0 0 0 0 127
0 111 265 0 0 0 0 0 0 0 0 0 0 0 0 0 0 0 0 0 0 0 0 0 0 0 0 0 0 0 0 0 0 0 0 0 0 0 0 0 0 0 0 0 0 0 0 0 0 0 0 0 0 0 0 0 0 127
0 111 266 0 0 0 0 0 0 0 0 0 0 0 0 0 0 0 0 0 0 0 0 0 0 0 0 0 0 0 0 0 0 0 0 0 0 0 0 0 0 0 0 0 0 0 0 0 0 0 0 0 0 0 0 0 0 127
0 111 267 0 0 0 0 0 0 0 0 0 0 0 0 0 0 0 0 0 0 0 0 0 0 0 0 0 0 0 0 0 0 0 0 0 0 0 0 0 0 0 0 0 0 0 0 0 0 0 0 0 0 0 0 0 0 127
0 111 268 0 0 0 0 0 0 0 0 0 0 0 0 0 0 0 0 0 0 0 0 0 0 0 0 0 0 0 0 0 0 0 0 0 0 0 0 0 0 0 0 0 0 0 0 0 0 0 0 0 0 0 0 0 0 127
0 111 269 0 0 0 0 0 0 0 0 0 0 0 0 0 0 0 0 0 0 0 0 0 0 0 0 0 0 0 0 0 0 0 0 0 0 0 0 0 0 0 0 0 0 0 0 0 0 0 0 0 0 0 0 0 0 127
0 111 270 0 0 0 0 0 0 0 0 0 0 0 0 0 0 0 0 0 0 0 0 0 0 0 0 0 0 0 0 0 0 0 0 0 0 0 0 0 0 0 0 0 0 0 0 0 0 0 0 0 0 0 0 0 0 127
0 111 271 0 0 0 0 0 0 0 0 0 0 0 0 0 0 0 0 0 0 0 0 0 0 0 0 0 0 0 0 0 0 0 0 0 0 0 0 0 0 0 0 0 0 0 0 0 0 0 0 0 0 0 0 0 0 127
0 111 272 0 0 0 0 0 0 0 0 0 0 0 0 0 0 0 0 0 0 0 0 0 0 0 0 0 0 0 0 0 0 0 0 0 0 0 0 0 0 0 0 0 0 0 0 0 0 0 0 0 0 0 0 0 0 127
0 111 273 0 0 0 0 0 0 0 0 0 0 0 0 0 0 0 0 0 0 0 0 0 0 0 0 0 0 0 0 0 0 0 0 0 0 0 0 0 0 0 0 0 0 0 0 0 0 0 0 0 0 0 0 0 0 127
0 111 274 0 0 0 0 0 0 0 0 0 0 0 0 0 0 0 0 0 0 0 0 0 0 0 0 0 0 0 0 0 0 0 0 0 0 0 0 0 0 0 0 0 0 0 0 0 0 0 0 0 0 0 0 0 0 127
0 111 275 0 0 0 0 0 0 0 0 0 0 0 0 0 0 0 0 0 0 0 0 0 0 0 0 0 0 0 0 0 0 0 0 0 0 0 0 0 0 0 0 0 0 0 0 0 0 0 0 0 0 0 0 0 0 127
0 111 276 0 0 0 0 0 0 0 0 0 0 0 0 0 0 0 0 0 0 0 0 0 0 0 0 0 0 0 0 0 0 0 0 0 0 0 0 0 0 0 0 0 0 0 0 0 0 0 0 0 0 0 0 0 0 127
0 111 277 0 0 0 0 0 0 0 0 0 0 0 0 0 0 0 0 0 0 0 0 0 0 0 0 0 0 0 0 0 0 0 0 0 0 0 0 0 0 0 0 0 0 0 0 0 0 0 0 0 0 0 0 0 0 127
0 111 278 0 0 0 0 0 0 0 0 0 0 0 0 0 0 0 0 0 0 0 0 0 0 0 0 0 0 0 0 0 0 0 0 0 0 0 0 0 0 0 0 0 0 0 0 0 0 0 0 0 0 0 0 0 0 127
0 111 279 0 0 0 0 0 0 0 0 0 0 0 0 0 0 0 0 0 0 0 0 0 0 0 0 0 0 0 0 0 0 0 0 0 0 0 0 0 0 0 0 0 0 0 0 0 0 0 0 0 0 0 0 0 0 127
0 111 280 0 0 0 0 0 0 0 0 0 0 0 0 0 0 0 0 0 0 0 0 0 0 0 0 0 0 0 0 0 0 0 0 0 0 0 0 0 0 0 0 0 0 0 0 0 0 0 0 0 0 0 0 0 0 127
0 111 281 0 0 0 0 0 0 0 0 0 0 0 0 0 0 0 0 0 0 0 0 0 0 0 0 0 0 0 0 0 0 0 0 0 0 0 0 0 0 0 0 0 0 0 0 0 0 0 0 0 0 0 0 0 0 127
0 111 282 0 0 0 0 0 0 0 0 0 0 0 0 0 0 0 0 0 0 0 0 0 0 0 0 0 0 0 0 0 0 0 0 0 0 0 0 0 0 0 0 0 0 0 0 0 0 0 0 0 0 0 0 0 0 127
0 111 283 0 0 0 0 0 0 0 0 0 0 0 0 0 0 0 0 0 0 0 0 0 0 0 0 0 0 0 0 0 0 0 0 0 0 0 0 0 0 0 0 0 0 0 0 0 0 0 0 0 0 0 0 0 0 127
0 111 284 0 0 0 0 0 0 0 0 0 0 0 0 0 0 0 0 0 0 0 0 0 0 0 0 0 0 0 0 0 0 0 0 0 0 0 0 0 0 0 0 0 0 0 0 0 0 0 0 0 0 0 0 0 0 127
0 111 285 0 0 0 0 0 0 0 0 0 0 0 0 0 0 0 0 0 0 0 0 0 0 0 0 0 0 0 0 0 0 0 0 0 0 0 0 0 0 0 0 0 0 0 0 0 0 0 0 0 0 0 0 0 0 127
0 111 286 0 0 0 0 0 0 0 0 0 0 0 0 0 0 0 0 0 0 0 0 0 0 0 0 0 0 0 0 0 0 0 0 0 0 0 0 0 0 0 0 0 0 0 0 0 0 0 0 0 0 0 0 0 0 127
0 111 287 0 0 0 0 0 0 0 0 0 0 0 0 0 0 0 0 0 0 0 0 0 0 0 0 0 0 0 0 0 0 0 0 0 0 0 0 0 0 0 0 0 0 0 0 0 0 0 0 0 0 0 0 0 0 127
0 111 288 0 0 0 0 0 0 0 0 0 0 0 0 0 0 0 0 0 0 0 0 0 0 0 0 0 0 0 0 0 0 0 0 0 0 0 0 0 0 0 0 0 0 0 0 0 0 0 0 0 0 0 0 0 0 127
0 111 289 0 0 0 0 0 0 0 0 0 0 0 0 0 0 0 0 0 0 0 0 0 0 0 0 0 0 0 0 0 0 0 0 0 0 0 0 0 0 0 0 0 0 0 0 0 0 0 0 0 0 0 0 0 0 127
0 111 290 0 0 0 0 0 0 0 0 0 0 0 0 0 0 0 0 0 0 0 0 0 0 0 0 0 0 0 0 0 0 0 0 0 0 0 0 0 0 0 0 0 0 0 0 0 0 0 0 0 0 0 0 0 0 127
0 111 291 0 0 0 0 0 0 0 0 0 0 0 0 0 0 0 0 0 0 0 0 0 0 0 0 0 0 0 0 0 0 0 0 0 0 0 0 0 0 0 0 0 0 0 0 0 0 0 0 0 0 0 0 0 0 127
0 111 292 0 0 0 0 0 0 0 0 0 0 0 0 0 0 0 0 0 0 0 0 0 0 0 0 0 0 0 0 0 0 0 0 0 0 0 0 0 0 0 0 0 0 0 0 0 0 0 0 0 0 0 0 0 0 127
0 111 293 0 0 0 0 0 0 0 0 0 0 0 0 0 0 0 0 0 0 0 0 0 0 0 0 0 0 0 0 0 0 0 0 0 0 0 0 0 0 0 0 0 0 0 0 0 0 0 0 0 0 0 0 0 0 127
0 111 294 0 0 0 0 0 0 0 0 0 0 0 0 0 0 0 0 0 0 0 0 0 0 0 0 0 0 0 0 0 0 0 0 0 0 0 0 0 0 0 0 0 0 0 0 0 0 0 0 0 0 0 0 0 0 127
0 111 295 0 0 0 0 0 0 0 0 0 0 0 0 0 0 0 0 0 0 0 0 0 0 0 0 0 0 0 0 0 0 0 0 0 0 0 0 0 0 0 0 0 0 0 0 0 0 0 0 0 0 0 0 0 0 127
0 111 296 0 0 0 0 0 0 0 0 0 0 0 0 0 0 0 0 0 0 0 0 0 0 0 0 0 0 0 0 0 0 0 0 0 0 0 0 0 0 0 0 0 0 0 0 0 0 0 0 0 0 0 0 0 0 127
0 111 297 0 0 0 0 0 0 0 0 0 0 0 0 0 0 0 0 0 0 0 0 0 0 0 0 0 0 0 0 0 0 0 0 0 0 0 0 0 0 0 0 0 0 0 0 0 0 0 0 0 0 0 0 0 0 127
0 111 298 0 0 0 0 0 0 0 0 0 0 0 0 0 0 0 0 0 0 0 0 0 0 0 0 0 0 0 0 0 0 0 0 0 0 0 0 0 0 0 0 0 0 0 0 0 0 0 0 0 0 0 0 0 0 127
0 111 299 0 0 0 237.41 302.599 0.167578 254.387 307.811 0.180606 263.444 316.954 0.211019 0 0 0 223.069 296.09 0.113298 0 0 0 0 0 0 254.399 327.353 0.513989 256.958 352.2 0.626833 255.706 382.177 0.67683 234.794 327.343 0.470917 233.535 350.908 0.450905 224.326 379.544 0.29573 0 0 0 0 0 0 0 0 0 0 0 0 1
0 111 300 236.086 293.498 0.0990661 240.02 299.998 0.476895 230.853 302.604 0.434497 223.066 318.237 0.331818 226.978 326.071 0.156958 251.737 299.974 0.443998 264.726 309.148 0.288804 262.169 313.058 0.285136 238.68 328.714 0.626488 234.777 356.075 0.681686 226.988 379.562 0.498617 255.64 327.409 0.675562 255.706 356.052 0.750988 255.683 382.187 0.792513 234.787 289.565 0.0534348 0 0 0 233.497 294.764 0.0623349 0 0 0 1
0 111 301 0 0 0 0 0 0 0 0 0 0 0 0 0 0 0 0 0 0 0 0 0 0 0 0 0 0 0 0 0 0 0 0 0 0 0 0 0 0 0 0 0 0 0 0 0 0 0 0 0 0 0 0 0 0 127
0 111 302 0 0 0 0 0 0 0 0 0 0 0 0 0 0 0 0 0 0 0 0 0 0 0 0 0 0 0 0 0 0 0 0 0 0 0 0 0 0 0 0 0 0 0 0 0 0 0 0 0 0 0 0 0 0 127
0 111 303 0 0 0 0 0 0 0 0 0 0 0 0 0 0 0 0 0 0 0 0 0 0 0 0 0 0 0 0 0 0 0 0 0 0 0 0 0 0 0 0 0 0 0 0 0 0 0 0 0 0 0 0 0 0 127
0 111 304 0 0 0 0 0 0 0 0 0 0 0 0 0 0 0 0 0 0 0 0 0 0 0 0 0 0 0 0 0 0 0 0 0 0 0 0 0 0 0 0 0 0 0 0 0 0 0 0 0 0 0 0 0 0 127
0 111 305 0 0 0 0 0 0 0 0 0 0 0 0 0 0 0 0 0 0 0 0 0 0 0 0 0 0 0 0 0 0 0 0 0 0 0 0 0 0 0 0 0 0 0 0 0 0 0 0 0 0 0 0 0 0 127
0 111 306 0 0 0 0 0 0 0 0 0 0 0 0 0 0 0 0 0 0 0 0 0 0 0 0 0 0 0 0 0 0 0 0 0 0 0 0 0 0 0 0 0 0 0 0 0 0 0 0 0 0 0 0 0 0 127
0 111 307 0 0 0 245.183 306.569 0.353975 254.377 306.452 0.269184 264.811 316.932 0.0878595 0 0 0 234.818 307.845 0.274939 226.951 328.714 0.222375 0 0 0 256.981 339.117 0.312261 255.672 365.198 0.252585 254.353 382.183 0.293873 245.188 341.728 0.292637 247.828 363.913 0.24863 250.425 380.927 0.261844 0 0 0 0 0 0 0 0 0 233.465 296.104 0.0649695 1
0 111 308 0 0 0 0 0 0 0 0 0 0 0 0 0 0 0 0 0 0 0 0 0 0 0 0 0 0 0 0 0 0 0 0 0 0 0 0 0 0 0 0 0 0 0 0 0 0 0 0 0 0 0 0 0 0 127
0 111 309 0 0 0 0 0 0 0 0 0 0 0 0 0 0 0 0 0 0 0 0 0 0 0 0 0 0 0 0 0 0 0 0 0 0 0 0 0 0 0 0 0 0 0 0 0 0 0 0 0 0 0 0 0 0 127
0 111 310 0 0 0 0 0 0 0 0 0 0 0 0 0 0 0 0 0 0 0 0 0 0 0 0 0 0 0 0 0 0 0 0 0 0 0 0 0 0 0 0 0 0 0 0 0 0 0 0 0 0 0 0 0 0 127
0 111 311 0 0 0 0 0 0 0 0 0 0 0 0 0 0 0 0 0 0 0 0 0 0 0 0 0 0 0 0 0 0 0 0 0 0 0 0 0 0 0 0 0 0 0 0 0 0 0 0 0 0 0 0 0 0 127
0 111 312 0 0 0 0 0 0 0 0 0 0 0 0 0 0 0 0 0 0 0 0 0 0 0 0 0 0 0 0 0 0 0 0 0 0 0 0 0 0 0 0 0 0 0 0 0 0 0 0 0 0 0 0 0 0 127
0 111 313 0 0 0 0 0 0 0 0 0 0 0 0 0 0 0 0 0 0 0 0 0 0 0 0 0 0 0 0 0 0 0 0 0 0 0 0 0 0 0 0 0 0 0 0 0 0 0 0 0 0 0 0 0 0 127
0 111 314 0 0 0 0 0 0 0 0 0 0 0 0 0 0 0 0 0 0 0 0 0 0 0 0 0 0 0 0 0 0 0 0 0 0 0 0 0 0 0 0 0 0 0 0 0 0 0 0 0 0 0 0 0 0 127
0 111 315 0 0 0 0 0 0 0 0 0 0 0 0 0 0 0 0 0 0 0 0 0 0 0 0 0 0 0 0 0 0 0 0 0 0 0 0 0 0 0 0 0 0 0 0 0 0 0 0 0 0 0 0 0 0 127
0 111 316 0 0 0 0 0 0 0 0 0 0 0 0 0 0 0 0 0 0 0 0 0 0 0 0 0 0 0 0 0 0 0 0 0 0 0 0 0 0 0 0 0 0 0 0 0 0 0 0 0 0 0 0 0 0 127
0 111 317 0 0 0 0 0 0 0 0 0 0 0 0 0 0 0 0 0 0 0 0 0 0 0 0 0 0 0 0 0 0 0 0 0 0 0 0 0 0 0 0 0 0 0 0 0 0 0 0 0 0 0 0 0 0 127
0 111 318 0 0 0 0 0 0 0 0 0 0 0 0 0 0 0 0 0 0 0 0 0 0 0 0 0 0 0 0 0 0 0 0 0 0 0 0 0 0 0 0 0 0 0 0 0 0 0 0 0 0 0 0 0 0 127
0 111 319 0 0 0 0 0 0 0 0 0 0 0 0 0 0 0 0 0 0 0 0 0 0 0 0 0 0 0 0 0 0 0 0 0 0 0 0 0 0 0 0 0 0 0 0 0 0 0 0 0 0 0 0 0 0 127
0 111 320 0 0 0 0 0 0 0 0 0 0 0 0 0 0 0 0 0 0 0 0 0 0 0 0 0 0 0 0 0 0 0 0 0 0 0 0 0 0 0 0 0 0 0 0 0 0 0 0 0 0 0 0 0 0 127
0 111 321 0 0 0 0 0 0 0 0 0 0 0 0 0 0 0 0 0 0 0 0 0 0 0 0 0 0 0 0 0 0 0 0 0 0 0 0 0 0 0 0 0 0 0 0 0 0 0 0 0 0 0 0 0 0 127
0 111 322 0 0 0 0 0 0 0 0 0 0 0 0 0 0 0 0 0 0 0 0 0 0 0 0 0 0 0 0 0 0 0 0 0 0 0 0 0 0 0 0 0 0 0 0 0 0 0 0 0 0 0 0 0 0 127
0 111 323 0 0 0 0 0 0 0 0 0 0 0 0 0 0 0 0 0 0 0 0 0 0 0 0 0 0 0 0 0 0 0 0 0 0 0 0 0 0 0 0 0 0 0 0 0 0 0 0 0 0 0 0 0 0 127
0 111 324 0 0 0 0 0 0 0 0 0 0 0 0 0 0 0 0 0 0 0 0 0 0 0 0 0 0 0 0 0 0 0 0 0 0 0 0 0 0 0 0 0 0 0 0 0 0 0 0 0 0 0 0 0 0 127
0 111 325 0 0 0 0 0 0 0 0 0 0 0 0 0 0 0 0 0 0 0 0 0 0 0 0 0 0 0 0 0 0 0 0 0 0 0 0 0 0 0 0 0 0 0 0 0 0 0 0 0 0 0 0 0 0 127
0 111 326 0 0 0 0 0 0 0 0 0 0 0 0 0 0 0 0 0 0 0 0 0 0 0 0 0 0 0 0 0 0 0 0 0 0 0 0 0 0 0 0 0 0 0 0 0 0 0 0 0 0 0 0 0 0 127
0 111 327 0 0 0 0 0 0 0 0 0 0 0 0 0 0 0 0 0 0 0 0 0 0 0 0 0 0 0 0 0 0 0 0 0 0 0 0 0 0 0 0 0 0 0 0 0 0 0 0 0 0 0 0 0 0 127
0 111 328 0 0 0 0 0 0 0 0 0 0 0 0 0 0 0 0 0 0 0 0 0 0 0 0 0 0 0 0 0 0 0 0 0 0 0 0 0 0 0 0 0 0 0 0 0 0 0 0 0 0 0 0 0 0 127
0 111 329 0 0 0 0 0 0 0 0 0 0 0 0 0 0 0 0 0 0 0 0 0 0 0 0 0 0 0 0 0 0 0 0 0 0 0 0 0 0 0 0 0 0 0 0 0 0 0 0 0 0 0 0 0 0 127
0 111 330 0 0 0 0 0 0 0 0 0 0 0 0 0 0 0 0 0 0 0 0 0 0 0 0 0 0 0 0 0 0 0 0 0 0 0 0 0 0 0 0 0 0 0 0 0 0 0 0 0 0 0 0 0 0 127
0 111 331 221.916 298.258 0.149579 223.834 329.629 0.216378 212.76 329.446 0.206659 0 0 0 0 0 0 234.181 329.802 0.205864 237.393 361.309 0.0549845 0 0 0 217.184 379.271 0.279329 219.584 409.191 0.307886 224.431 440.341 0.291851 227.773 378.625 0.255631 220.189 409.233 0.34677 224.479 441.661 0.325526 211.315 297.412 0.0954643 215.265 297.395 0.0952804 0 0 0 0 0 0 0
0 111 332 218.795 302.351 0.185846 220.41 331.801 0.384569 209.551 331.889 0.344113 196.948 358.72 0.106046 0 0 0 230.89 331.759 0.339106 237.498 357.547 0.226629 234.828 379.549 0.268517 214.249 380.991 0.440223 217.82 410.23 0.36888 223.848 440.362 0.365207 224.254 380.328 0.391004 219.238 410.35 0.35164 224.355 441.957 0.352927 220.227 295.659 0.153553 229.769 294 0.108498 206.106 303.923 0.0699977 224.349 305.21 0.0691036 0
0 111 333 215.674 306.444 0.1 216.985 333.973 0.1 206.343 334.332 0.1 0 0 0 0 0 0 227.599 333.715 0.1 235.081 358.069 0.1 238.058 369.802 0.1 211.315 382.711 0.1 216.056 411.27 0.1 223.264 440.383 0.1 220.734 382.031 0.1 218.288 411.468 0.1 224.23 442.253 0.1 217.656 299.351 0.1 223.683 300.107 0.1 0 0 0 0 0 0 127
0 111 334 212.552 310.536 0.123953 213.56 336.146 0.232402 203.135 336.775 0.173054 0 0 0 0 0 0 224.308 335.671 0.207828 232.664 358.592 0.1 239.785 364.587 0.10597 208.381 384.431 0.291654 214.292 412.309 0.393696 222.681 440.404 0.382018 217.215 383.734 0.356265 217.337 412.585 0.568997 224.105 442.548 0.586608 215.085 303.043 0.1 217.597 306.214 0.1 0 0 0 223.037 306.506 0.0590651 0
0 111 335 209.431 314.629 0.160104 210.135 338.318 0.398289 199.926 339.218 0.399748 206.095 360.031 0.0928233 242.584 363.926 0.193756 221.017 337.627 0.320895 230.247 359.115 0.108577 240.762 361.638 0.131802 205.446 386.152 0.228883 212.528 413.349 0.181923 222.098 440.425 0.209597 213.696 385.437 0.214014 216.386 413.702 0.155078 223.981 442.844 0.227871 212.514 306.736 0.148096 211.511 312.32 0.109596 212.619 310.426 0.134853 0 0 0 0
0 111 336 205.95 318.98 0.1 205.787 340.347 0.1 195.938 341.604 0.1 0 0 0 0 0 0 216.746 339.581 0.1 227.829 359.638 0.1 0 0 0 201.894 387.676 0.1 208.833 414.501 0.1 218.609 441.512 0.1 210.072 386.882 0.1 215.162 414.716 0.1 223.906 443.064 0.1 209.942 310.428 0.1 205.425 318.427 0.1 0 0 0 0 0 0 127
0 111 337 203.049 322.902 0.125593 202.02 343.252 0.197857 191.881 344.647 0.21277 173.493 344.345 0.0711669 0 0 0 213.123 342.474 0.190936 224.501 360.947 0.12091 0 0 0 197.544 389.857 0.317946 202.892 415.944 0.273239 211.647 443.393 0.491625 206.594 389.195 0.33275 213.855 415.87 0.433082 223.762 443.211 0.482464 206.611 315.065 0.11943 202.378 323.062 0.1 212.586 307.852 0.0632796 0 0 0 0
0 111 338 198.044 327.688 0.1 197.168 346.589 0.1 186.81 348.27 0.1 0 0 0 0 0 0 208.341 345.731 0.1 219.818 362.747 0.1 0 0 0 193.195 392.181 0.204043 196.948 417.753 0.217436 204.038 445.567 0.222037 202.537 391.654 0.20616 210.229 417.529 0.31269 219.561 444.443 0.34556 200.91 319.921 0.1 196.795 327.987 0.1 0 0 0 0 0 0 0
0 111 339 190.934 333.337 0.122202 191.232 350.359 0.311284 180.724 352.471 0.231106 172.173 373.03 0.0573002 0 0 0 202.401 349.351 0.26781 213.779 365.04 0.122942 0 0 0 188.846 394.65 0.308243 191.002 419.93 0.408971 195.78 448.033 0.433287 197.901 394.258 0.364507 204.287 419.693 0.462383 211.301 446.758 0.545157 192.839 324.993 0.1 188.675 333.203 0.103511 0 0 0 192.749 339.879 0.103856 0
0 111 340 182.042 338.839 0.1 184.762 353.17 0.1 175.266 355.416 0.1 0 0 0 0 0 0 194.58 352.447 0.1 206.385 367.825 0.1 0 0 0 184.114 396.682 0.1 185.151 422.153 0.1 189.837 449.722 0.1 191.718 396.912 0.1 196.993 421.817 0.1 202.901 449.125 0.1 184.024 329.978 0.1 179.64 338.466 0.1 0 0 0 184.979 342.156 0.1 127
0 111 341 172.814 344.633 0.216833 178.267 355.954 0.577844 170.436 358.045 0.506014 160.487 383.457 0.38382 163.051 399.133 0.348364 186.539 355.805 0.504634 198.267 371.102 0.33525 205.879 369.4 0.279037 180.442 398.856 0.61458 181.428 424.279 0.720354 186.577 450.93 0.818252 185.872 399.543 0.573166 189.364 423.967 0.580727 194.424 451.471 0.747543 174.803 335.17 0.221405 171.353 343.088 0.171478 179.994 344.333 0.178995 177.209 344.433 0.102161 0
0 111 342 163.25 350.717 0.1 171.747 358.71 0.1 166.235 360.359 0.1 0 0 0 0 0 0 178.276 359.424 0.1 189.426 374.873 0.1 194.793 373.18 0.1 177.828 401.171 0.1 179.832 426.307 0.1 186 451.655 0.1 180.365 402.152 0.1 181.398 426.144 0.1 185.869 453.794 0.1 165.176 340.567 0.1 163.816 347.07 0.1 0 0 0 169.439 346.711 0.1 127
0 111 343 155.206 354.485 0.339454 166.238 360.957 0.358384 162.111 361.81 0.295263 151.375 390.013 0.0658466 0 0 0 170.738 362.247 0.314362 181.092 378.571 0.1 183.708 376.959 0.1 174.491 403.056 0.322434 175.052 428.194 0.330734 183.98 451.798 0.378985 174.854 404.61 0.372379 173.277 427.743 0.362829 177.315 456.259 0.442724 155.903 345.224 0.131556 156.5 350.075 0.384076 0 0 0 161.67 348.988 0.321944 0
0 111 344 148.971 356.223 0.1 160.732 362.84 0.1 157.039 363.118 0.1 0 0 0 0 0 0 164.361 364.279 0.1 172.828 382.05 0.1 172.623 380.738 0.1 168.838 404.799 0.1 167.088 430.368 0.1 175.147 454.409 0.1 170.511 406.211 0.1 167.33 430.06 0.1 174.272 456.117 0.1 146.983 349.141 0.1 150.125 352.101 0.1 0 0 0 155.15 351.013 0.1 127
0 111 345 141.072 358.107 0.1 154.649 364.287 0.1 152.331 363.918 0.1 0 0 0 0 0 0 157.258 365.879 0.1 164.202 385.018 0.1 161.538 384.518 0.1 163.839 406.247 0.1 161.437 432.325 0.1 169.793 456.15 0.1 165.37 407.597 0.1 160.515 432.308 0.1 169.995 456.554 0.1 137.91 352.144 0.1 142.014 354.129 0.1 0 0 0 147.253 352.821 0.1 127
0 111 346 131.509 360.138 0.242592 147.988 365.298 0.542892 147.985 364.211 0.466149 0 0 0 0 0 0 149.427 367.045 0.536177 155.214 387.475 0.387109 150.382 387.267 0.14835 159.494 407.399 0.470148 158.099 434.064 0.338296 167.917 457.022 0.375653 159.431 408.767 0.637536 152.832 434.485 0.574008 164.484 457.568 0.620801 128.837 355.147 0.1 132.167 356.161 0.294572 0 0 0 137.978 354.411 0.447344 0
0 111 347 123.974 361.735 0.284966 142.34 366.091 0.691361 144.364 363.925 0.610366 170.862 379.509 0.052247 0 0 0 142.249 368.209 0.761801 146.373 389.876 0.486855 141.138 391.09 0.414171 156.091 408.476 0.638501 155.273 435.724 0.774115 167.268 457.313 0.767587 153.706 410.073 0.746123 147.035 436.307 0.860221 161.293 458.219 0.758618 119.763 358.15 0.1 124.279 357.761 0.344289 0 0 0 130.65 355.79 0.630543 0
0 111 348 118.039 362.757 0.407911 137.412 366.811 0.565112 141.539 363.706 0.50008 127.828 393.937 0.0959409 0 0 0 135.512 369.441 0.653856 137.967 392.001 0.317588 132.209 395.116 0.232479 152.398 409.483 0.51891 152.6 436.876 0.515165 167.05 457.462 0.494892 148.126 411.235 0.686964 142.831 437.623 0.510787 160.713 458.146 0.471642 110.69 361.153 0.113668 118.059 359.068 0.490721 0 0 0 124.703 357.025 0.648468 0
0 111 349 111.776 363.069 0.1 131.367 367.604 0.1 136.663 363.899 0.1 0 0 0 0 0 0 128.891 370.078 0.1 130.532 393.386 0.1 124.668 400.817 0.1 147.047 410.205 0.1 146.795 438.433 0.1 160.549 459.874 0.1 142.5 411.897 0.1 139.93 439.254 0.1 162.541 457.145 0.1 0 0 0 111.48 359.751 0.1 0 0 0 118.393 357.94 0.1 127
0 111 350 105.514 363.381 0.425553 125.323 368.396 0.651199 131.788 364.092 0.1 0 0 0 0 0 0 122.27 370.716 0.7275 123.097 394.771 0.562252 117.128 406.518 0.465142 141.697 410.928 0.532155 140.991 439.99 0.583323 154.048 462.286 0.540326 136.874 412.56 0.725206 137.03 440.886 0.631673 164.369 456.145 0.630522 0 0 0 104.901 360.434 0.476062 0 0 0 112.084 358.855 0.711567 0
0 111 351 99.2509 363.693 0.334078 119.278 369.189 0.669923 126.913 364.285 0.610608 142.207 382.163 0.0722871 0 0 0 115.649 371.354 0.608309 115.662 396.156 0.43909 109.587 412.22 0.277541 136.346 411.65 0.595692 135.187 441.547 0.569154 147.548 464.698 0.468419 131.248 413.222 0.686294 134.129 442.518 0.737485 166.197 455.144 0.627847 0 0 0 98.3221 361.117 0.417617 0 0 0 105.774 359.77 0.613412 0
0 111 352 92.9883 364.005 0.1 113.234 369.982 0.1 122.038 364.478 0.1 0 0 0 0 0 0 109.028 371.991 0.1 108.228 397.541 0.1 102.047 417.921 0.1 130.996 412.373 0.1 129.382 443.105 0.1 141.047 467.11 0.1 125.621 413.884 0.1 131.229 444.149 0.1 168.025 454.144 0.1 0 0 0 91.7433 361.801 0.1 0 0 0 99.4642 360.685 0.1 127
0 111 353 90.0268 369.134 0.153623 112.206 370.387 0.810732 126.541 367.792 0.7266 138.237 380.891 0.172677 0 0 0 99.1964 374.331 0.738723 96.5302 400.398 0.579963 91.292 412.192 0.350569 131.765 410.86 0.753724 135.669 439.536 0.84374 146.081 465.672 0.667541 110.913 413.509 0.685069 110.881 442.234 0.863706 131.717 465.672 0.660802 0 0 0 88.7443 365.234 0.177005 108.287 358.647 0.0854897 97.8008 360.069 0.443963 0
