12 111 576 0 0 0 582.022 179.786 0.512319 574.851 180.726 0.576681 555.032 223.16 0.55934 543.131 253.769 0.466022 0 0 0 0 0 0 0 0 0 586.698 252.18 0.48196 598.961 304.347 0.420524 600.692 340.42 0.0959443 590.281 251.469 0.391364 599.019 303.914 0.242123 600.623 334.516 0.0738418 0 0 0 0 0 0 584.646 155.818 0.125763 0 0 0 0
12 111 577 0 0 0 581.999 180.116 0.700649 573.96 180.767 0.565508 554.723 221.992 0.1 542.921 252.259 0.1 580.652 179.952 0.71066 583.532 215.767 0.719164 545.871 248.471 0.540792 584.214 250.872 0.582955 595.957 302.392 0.573146 596.475 338.862 0.529917 589.344 250.072 0.659757 597.908 301.796 0.636314 595.06 338.515 0.593098 0 0 0 0 0 0 584.785 156.863 0.1 571.237 162.351 0.151572 0
12 111 578 583.727 161.881 0.129436 581.976 180.446 0.730185 573.069 180.807 0.778761 554.413 220.824 0.793621 542.711 250.749 0.751525 582.392 180.239 0.56933 585.089 215.74 0.113827 600.574 217.175 0.0763748 581.731 249.564 0.662852 592.953 300.438 0.707409 594.748 338.333 0.626117 588.406 248.674 0.633066 596.797 299.677 0.659361 593.96 338.449 0.604998 583.445 157.369 0.128845 586.997 160.443 0.0735956 584.923 157.907 0.280585 0 0 0 0
12 111 579 585.838 163.419 0.135633 581.953 180.776 0.718584 572.178 180.848 0.800815 554.104 219.657 0.801 542.5 249.238 0.693062 584.132 180.527 0.598516 586.646 215.714 0.111391 600.584 223.058 0.0659772 579.248 248.256 0.651535 589.949 298.484 0.609655 593.022 337.803 0.525216 587.469 247.277 0.65935 595.686 297.558 0.586084 592.86 338.384 0.545528 584.975 158.348 0.143882 588.958 162.326 0.0668611 585.061 158.952 0.334134 0 0 0 0
12 111 580 587.949 164.956 0.108855 581.93 181.107 0.701472 571.286 180.888 0.781487 553.794 218.489 0.779134 542.29 247.728 0.711312 585.873 180.815 0.561749 588.203 215.687 0.1 0 0 0 576.765 246.948 0.628893 586.945 296.53 0.637363 591.296 337.274 0.382255 586.532 245.88 0.641146 594.575 295.439 0.533943 591.759 338.319 0.327359 586.505 159.328 0.126189 0 0 0 585.2 159.996 0.33606 0 0 0 0
12 111 581 590.06 166.494 0.165968 581.719 181.331 0.739926 571.275 180.89 0.824523 553.369 217.41 0.79574 542.076 246.205 0.685527 587.613 181.102 0.608763 589.76 215.66 0.1 0 0 0 575.02 245.002 0.697266 583.469 293.058 0.681382 589.57 336.744 0.578593 585.014 244.148 0.689961 592.835 291.962 0.621885 590.659 338.253 0.566146 588.035 160.307 0.178998 590.901 162.36 0.0827226 585.421 161.085 0.3831 0 0 0 0
12 111 582 592.171 168.031 0.173592 582.369 181.551 0.732552 569.314 180.904 0.812281 552.831 216.538 0.778137 541.742 245.002 0.691672 591.094 181.316 0.573862 591.316 215.634 0.111667 0 0 0 572.619 244.79 0.717881 580.426 293.709 0.560931 586.755 337.395 0.505023 585.666 243.713 0.675646 593.477 291.962 0.443603 589.362 339.13 0.456637 589.565 161.286 0.194672 590.912 164.282 0.0919455 585.651 161.738 0.387474 0 0 0 0
12 111 583 593.894 168.909 0.198353 582.601 181.761 0.753444 569.313 180.694 0.850544 552.389 215.465 0.807252 541.305 243.915 0.797623 592.62 181.754 0.620159 592.873 215.607 0.154244 0 0 0 571.305 244.58 0.797791 578.244 294.146 0.728339 584.591 337.386 0.645439 585.458 243.933 0.792201 593.258 292.403 0.739346 588.706 340.22 0.678416 590.658 161.726 0.216662 0 0 0 585.889 161.953 0.446845 0 0 0 0
12 111 584 595.204 169.993 0.22755 583.254 182.184 0.76977 569.316 180.691 0.861226 551.944 214.598 0.799932 540.865 242.839 0.792318 594.58 182.836 0.583647 594.43 215.58 0.143591 0 0 0 570.64 245.666 0.839018 575.852 296.094 0.719637 582.627 338.466 0.575234 585.682 245.444 0.811215 592.395 294.571 0.750095 587.844 341.962 0.744586 591.522 162.158 0.233929 0 0 0 586.122 162.164 0.471579 0 0 0 0
12 111 585 596.709 170.648 0.229297 583.896 182.404 0.778908 569.306 180.692 0.871403 550.862 214.382 0.80375 539.347 243.053 0.732215 596.538 183.706 0.62239 595.987 215.553 0.196452 571.351 234.764 0.0813745 569.118 245.666 0.822276 571.298 296.107 0.638749 579.795 338.689 0.526383 586.121 245.666 0.830905 591.31 295.011 0.70749 587.193 342.613 0.757676 592.391 162.805 0.228465 0 0 0 586.343 162.163 0.478179 0 0 0 0
12 111 586 597.8 171.737 0.210777 584.547 183.057 0.777375 569.09 180.705 0.877514 549.552 215.242 0.797051 537.395 244.365 0.777483 599.352 185.207 0.59079 602.616 211.324 0.0951006 0 0 0 568.239 247.61 0.799579 567.827 300.012 0.701224 575.883 343.254 0.636287 586.984 247.837 0.789445 590.449 299.359 0.805732 586.748 346.521 0.799343 593.044 163.024 0.210878 0 0 0 586.78 162.168 0.445473 0 0 0 0
12 111 587 598.891 173.033 0.170082 584.983 183.923 0.759256 568.865 181.14 0.880442 548.25 216.109 0.808934 535.655 245.672 0.829468 601.524 186.506 0.557283 612.385 211.342 0.0712999 0 0 0 567.798 248.271 0.74735 564.572 301.1 0.624791 572.175 344.763 0.661289 587.641 248.718 0.726362 590.668 300.656 0.721843 586.52 348.033 0.75373 593.483 163.241 0.179471 0 0 0 587.007 162.381 0.3916 0 0 0 0
12 111 588 599.104 174.125 0.137514 585.41 185.005 0.742296 568.437 182.213 0.860124 546.747 217.397 0.776593 533.92 247.189 0.788089 603.036 187.812 0.544353 612.385 221.068 0.0769211 0 0 0 567.361 249.577 0.755768 562.623 303.048 0.720025 568.466 346.946 0.560276 587.866 250.233 0.782517 590.447 302.389 0.726389 586.291 349.765 0.631522 593.486 163.897 0.158286 600.71 166.321 0.0885202 587.214 162.611 0.342275 610.444 162.454 0.0517365 0
12 111 589 599.107 174.786 0.144007 585.406 186.3 0.748006 567.789 183.507 0.834304 545.451 218.688 0.780336 532.404 248.705 0.719275 603.685 189.115 0.558408 606.562 224.923 0.0787689 0 0 0 567.134 250.887 0.745712 560.9 304.57 0.834195 564.983 349.339 0.317038 588.085 251.745 0.758504 590.441 303.92 0.790799 586.276 351.293 0.369523 593.921 165.204 0.165627 602.544 164.385 0.0827143 587.211 163.259 0.371185 0 0 0 0
12 111 590 598.456 175.437 0.100116 585.413 187.612 0.726421 566.704 185.014 0.803847 544.144 220.411 0.816446 530.666 250.876 0.762377 604.985 190.638 0.566814 616.312 224.955 0.0654145 0 0 0 566.264 252.84 0.693177 559.17 307.607 0.779043 561.935 352.173 0.334272 588.308 253.709 0.67138 590.009 306.75 0.705956 586.273 353.049 0.276843 593.274 166.286 0.126019 0 0 0 586.999 164.125 0.3263 0 0 0 0
12 111 591 597.596 176.52 0.128769 585.194 189.127 0.767005 565.402 186.529 0.810157 543.047 221.938 0.809919 529.148 252.839 0.772277 605.205 192.158 0.605657 616.297 217.154 0.0798154 0 0 0 564.971 254.798 0.71409 557.659 310.44 0.6516 559.533 356.088 0.680995 588.319 255.879 0.680209 589.569 310.219 0.715188 586.273 355.655 0.778461 592.623 167.812 0.143479 0 0 0 586.772 165.641 0.354257 0 0 0 0
12 111 592 596.739 178.475 0.218201 584.537 190.647 0.75874 563.888 188.055 0.798564 541.749 223.889 0.842898 527.628 255.02 0.806467 604.988 193.47 0.632895 606.537 221.095 0.0748708 0 0 0 563.468 256.749 0.741729 556.352 313.269 0.727195 557.567 359.786 0.673717 588.312 257.622 0.737778 588.928 312.827 0.745862 586.275 357.183 0.771965 591.969 169.558 0.209001 598.72 172.176 0.0961759 586.546 167.375 0.448424 0 0 0 0
12 111 593 595.647 180.219 0.276417 583.45 191.962 0.762672 562.361 189.791 0.815489 540.449 226.272 0.853248 526.107 257.618 0.785672 604.335 194.343 0.670431 604.589 221.041 0.0699422 0 0 0 562.179 258.701 0.76911 555.475 316.096 0.783226 555.612 364.129 0.772966 588.1 259.358 0.761575 588.721 315.218 0.799878 586.493 360.438 0.836887 591.107 171.302 0.271755 598.688 172.228 0.0873812 586.102 169.118 0.571591 0 0 0 0
12 111 594 594.57 182.827 0.211221 581.935 194.343 0.780559 560.633 191.748 0.826391 539.786 228.016 0.893613 525.877 259.355 0.843542 603.251 196.513 0.665459 606.529 224.998 0.0788448 0 0 0 561.098 260.446 0.758648 555.459 317.822 0.725615 554.099 365.86 0.586081 587.878 261.097 0.745825 588.73 316.523 0.742419 586.719 362.391 0.662632 590.455 174.134 0.213965 594.819 176.092 0.0961684 585.659 171.721 0.462372 0 0 0 0
12 111 595 593.484 185.22 0.262918 580.198 196.517 0.796601 563.463 194.791 0.893853 546.751 229.757 0.905483 525.546 260.758 0.868502 596.51 197.607 0.713739 606.288 229.162 0.103403 0 0 0 563.7 262.186 0.763752 558.946 318.258 0.802761 557.36 364.337 0.510333 583.755 262.403 0.751131 585.036 317.171 0.790072 583.25 363.47 0.471825 589.909 177.292 0.269533 0 0 0 585.446 174.339 0.549785 0 0 0 0
12 111 596 592.18 187.612 0.157775 578.458 198.684 0.764291 561.938 197.188 0.893686 546.094 231.491 0.881797 524.895 262.061 0.874046 594.336 199.356 0.649399 599.473 231.021 0.103622 0 0 0 562.402 265.008 0.749955 558.512 321.301 0.770419 557.144 366.951 0.489788 583.322 265.002 0.73535 584.614 319.787 0.772243 583.261 365.644 0.490835 589.462 180.565 0.151006 0 0 0 585.002 177.386 0.375562 0 0 0 0
12 111 597 590.949 189.93 0.152295 576.732 200.639 0.757619 564.554 199.376 0.886055 552.821 233.245 0.841134 524.089 263.508 0.819288 588.468 200.882 0.647608 592.659 232.881 0.1 0 0 0 564.585 267.185 0.77826 561.992 323.474 0.806282 560.628 368.909 0.477918 579.833 267.177 0.773154 580.491 322.394 0.816082 579.569 367.826 0.422436 588.804 183.464 0.147756 0 0 0 585.001 179.985 0.340082 0 0 0 0
12 111 598 589.354 192.177 0.30545 575.22 202.383 0.789043 567.596 201.543 0.854907 559.547 235.213 0.85386 522.921 265.316 0.818323 582.598 202.607 0.709461 585.845 234.741 0.217818 0 0 0 566.556 269.58 0.804229 565.472 326.744 0.814322 564.117 372.385 0.49301 576.137 269.572 0.786772 576.365 326.085 0.838567 575.88 371.528 0.455562 587.277 185.567 0.294841 0 0 0 585 182.156 0.544236 0 0 0 0
12 111 599 588.26 194.577 0.1 573.701 204.117 0.86293 565.863 203.29 0.759122 557.821 236.746 0.305368 521.398 266.839 0.1 581.298 204.138 0.837599 579.031 236.601 0.838847 522.475 269.955 0.788152 565.896 271.752 0.756114 565.466 329.13 0.67974 563.913 375.644 0.295731 576.123 271.525 0.789597 576.369 328.684 0.759417 575.885 375.001 0.301567 586.396 187.966 0.1 0 0 0 584.769 184.549 0.710587 560.158 181.808 0.226778 0
12 111 600 586.405 196.976 0.237074 572.395 205.636 0.837493 564.341 205.021 0.763824 556.098 238.261 0.795026 519.663 268.354 0.777143 580.649 205.658 0.653172 578.817 238.119 0.184903 522.375 270.957 0.1 565.46 273.487 0.795148 565.456 330.651 0.729936 563.694 377.171 0.450083 576.107 272.839 0.791476 576.588 329.989 0.767629 576.098 377.175 0.464563 584.221 190.463 0.240325 0 0 0 581.732 186.515 0.5222 563.71 183.62 0.1 0
12 111 601 583.79 199.155 0.1 571.516 206.723 0.890634 562.819 206.531 0.767224 554.579 239.341 0.256176 518.141 269.429 0.1 580.423 206.952 0.81574 580.117 238.341 0.738483 521.685 271.625 0.631418 565.231 274.799 0.770078 565.24 332.173 0.722353 563.476 378.916 0.366503 576.104 274.144 0.78669 577.228 331.076 0.707944 576.095 379.564 0.391372 581.179 193.495 0.1 0 0 0 578.261 188.27 0.645408 567.263 185.433 0.298477 0
12 111 602 581.62 201.337 0.1 570.855 208.011 0.921934 561.304 208.035 0.804191 553.062 239.558 0.301109 516.62 269 0.1 579.989 208.039 0.814874 581.529 237.803 0.798446 520.699 272.128 0.730633 565.005 275.024 0.795109 565.027 332.174 0.801708 563.464 378.702 0.405788 576.093 274.365 0.812607 578.085 330.639 0.762282 575.879 379.35 0.418609 578.78 196.532 0.1 0 0 0 575.214 190.223 0.648288 570.815 187.245 0.301366 0
12 111 603 579.438 203.084 0.237342 570.423 208.237 0.85415 559.795 209.118 0.785173 551.55 239.339 0.835544 515.103 267.703 0.8173 579.767 208.039 0.713097 582.832 236.727 0.252854 600.677 260.269 0.0539629 564.779 275.026 0.795036 564.822 331.962 0.797617 563.45 378.701 0.513778 576.082 274.358 0.773295 578.94 329.988 0.82626 575.864 379.353 0.514473 576.381 198.488 0.204295 0 0 0 572.179 191.528 0.428281 574.368 189.057 0.201423 0
12 111 604 577.26 204.613 0.1 570.2 208.441 0.864737 554.138 209.106 0.828064 542.638 238.257 0.842359 513.699 266.295 0.851672 583.908 208.689 0.744575 591.308 235.417 0.293717 0 0 0 561.092 274.819 0.84897 561.127 332.174 0.806854 559.979 380.226 0.540118 579.549 274.352 0.810816 583.497 329.121 0.82509 579.348 379.139 0.566879 573.877 200.116 0.1 0 0 0 568.698 192.609 0.34846 576.313 190.565 0.488989 0
12 111 605 575.305 206.126 0.717967 569.995 208.445 0.867028 552.85 209.313 0.852724 541.337 237.39 0.855067 512.616 264.777 0.880542 584.345 208.692 0.746393 592.395 234.113 0.287285 0 0 0 560.874 275.041 0.868872 561.127 332.832 0.836602 559.98 381.528 0.562568 579.754 274.37 0.834006 584.567 329.986 0.821754 579.781 380.668 0.599863 571.701 201.42 0.523017 570.41 205.531 0.642477 565.87 193.044 0.294224 578.701 191.974 0.648279 0
12 111 606 573.498 207.494 0.642135 569.993 208.457 0.86131 547.636 209.305 0.857404 532.868 236.087 0.828849 512.112 262.894 0.891764 589.127 209.126 0.753303 600.874 231.949 0.354564 0 0 0 557.388 275.475 0.837656 557.427 333.707 0.826412 556.503 383.05 0.630611 583.227 274.593 0.831841 589.128 330.854 0.828996 583.916 382.188 0.643068 569.745 202.858 0.462934 571.189 205.721 0.58027 562.408 193.911 0.302797 581.528 193.286 0.634384 0
12 111 607 571.842 208.511 0.586909 569.993 208.46 0.876147 542.203 209.092 0.879559 524.391 234.567 0.809745 512.399 260.651 0.910904 594.346 209.351 0.773535 610.222 230.433 0.366558 0 0 0 553.897 276.127 0.841104 553.728 334.144 0.811411 553.029 384.141 0.595298 586.916 275.031 0.841665 593.694 331.081 0.808185 588.263 383.488 0.608581 568.013 204.009 0.445441 571.967 205.911 0.526864 559.154 194.771 0.349063 584.567 194.596 0.534695 0
12 111 608 570.327 209.383 0.663589 569.996 208.671 0.876619 541.985 209.093 0.874478 524.381 233.475 0.817019 513.269 258.261 0.897252 594.996 209.572 0.774489 611.745 230.438 0.331708 0 0 0 553.69 277.209 0.843815 553.728 335.449 0.777896 553.244 385.661 0.599987 586.929 276.326 0.853781 594.129 332.606 0.791187 588.704 385.44 0.611358 566.494 204.875 0.517676 572.745 206.101 0.604211 556.344 195.199 0.378303 585.002 195.03 0.541095 0
12 111 609 570.013 209.819 0.634336 569.793 208.895 0.859643 541.772 209.309 0.818457 524.365 232.609 0.801057 514.569 256.093 0.773434 594.783 210.002 0.737911 612.609 230.452 0.243586 0 0 0 553.686 278.511 0.820134 553.731 336.969 0.855412 553.466 387.61 0.549863 586.944 277.829 0.834112 594.348 334.349 0.789361 589.141 387.616 0.53713 566.5 205.202 0.4835 573.523 206.291 0.575578 557.213 195.202 0.309501 584.99 195.253 0.555636 0
12 111 610 570.672 210.033 0.696103 569.797 209.556 0.872086 542.2 209.748 0.82632 524.147 232.393 0.828788 515.878 254.581 0.793859 594.787 210.871 0.747759 612.393 231.54 0.178432 0 0 0 553.694 280.233 0.829621 553.741 338.484 0.86351 553.685 389.346 0.511886 586.957 279.35 0.835652 594.134 336.517 0.820708 589.59 389.79 0.528311 567.593 205.422 0.552449 574.824 206.717 0.635966 558.503 195.418 0.363341 585.203 195.475 0.546391 1
12 111 611 572.187 210.244 0.726695 569.811 209.995 0.887519 542.639 209.98 0.846913 523.93 232.398 0.829431 517.398 254.359 0.801324 595.21 211.305 0.755977 611.959 233.118 0.174146 0 0 0 553.902 281.755 0.829576 553.747 340.431 0.845053 553.699 391.521 0.454192 587.175 280.871 0.809268 593.491 338.912 0.809565 590.239 392.398 0.458939 568.899 205.642 0.58874 576.345 207.144 0.636015 559.808 195.429 0.442838 585.563 196.126 0.466268 1
12 111 612 573.492 210.888 0.579233 570.242 210.439 0.875752 543.922 210.21 0.815781 523.926 232.616 0.818003 518.921 254.358 0.803483 595.869 211.753 0.731384 611.526 234.962 0.227994 600.699 267.989 0.0534882 554.114 283.48 0.835449 553.95 342.389 0.786231 553.923 393.699 0.361333 587.397 282.396 0.821088 592.844 341.51 0.756795 590.684 394.794 0.330446 569.776 206.078 0.453704 577.656 207.789 0.507169 561.31 195.867 0.325755 586.072 197.203 0.411625 1
12 111 613 575.016 211.318 0.500101 570.681 210.893 0.899162 545.218 210.441 0.839505 523.918 233.269 0.812382 520.653 254.577 0.82681 596.953 212.846 0.747967 611.097 237.302 0.31583 602.674 270 0.0760233 554.123 285.212 0.836057 554.158 344.566 0.779741 554.352 396.093 0.342766 587.415 284.131 0.814977 592.409 344.109 0.772837 591.762 396.974 0.347439 571.303 206.51 0.436031 579.376 208.23 0.400452 562.832 196.303 0.468289 586.731 198.506 0.148586 1
12 111 614 576.751 211.326 0.624107 570.903 211.983 0.878663 546.297 210.892 0.818826 523.924 234.135 0.81679 522.61 255.017 0.820531 597.809 214.364 0.730554 610.447 240.126 0.185203 0 0 0 554.336 286.731 0.839458 554.373 346.291 0.763977 554.579 397.402 0.336042 587.432 285.854 0.813521 591.762 345.85 0.776595 591.553 398.702 0.329833 573.05 206.723 0.574268 580.893 208.447 0.577345 564.349 196.739 0.486764 587.49 199.768 0.189472 1
12 111 615 578.7 211.117 0.596956 571.34 212.418 0.823356 547.585 211.323 0.794339 523.924 235.214 0.81347 524.99 255.673 0.823182 598.681 215.016 0.701605 611.023 242.949 0.1 0 0 0 554.559 288.042 0.834602 554.587 348.021 0.804149 554.797 398.922 0.309786 587.659 287.369 0.810656 591.324 347.58 0.815495 591.549 400.218 0.302705 575.007 206.293 0.538333 582.419 208.229 0.481333 566.08 196.956 0.522904 588.248 201.03 0.1 1
12 111 616 580.435 211.333 0.523282 571.776 213.069 0.805978 548.878 211.763 0.820573 523.933 236.295 0.852933 526.952 256.539 0.880463 599.337 215.887 0.713754 611.311 244.902 0.1 0 0 0 554.787 289.345 0.851761 555.017 349.756 0.811535 555.88 400.438 0.339002 588.089 288.674 0.828212 590.891 349.304 0.832955 591.547 400.874 0.313743 576.747 206.722 0.476157 583.933 208.45 0.456142 567.598 197.4 0.475446 589.007 202.292 0.1 1
12 111 617 582.174 211.543 0.605182 572.424 213.517 0.778204 550.18 212.199 0.841389 523.939 236.947 0.855744 528.686 257.197 0.839669 599.773 216.965 0.679962 611.525 245.336 0.1 0 0 0 555.008 289.575 0.831229 555.447 349.975 0.799823 556.528 400.441 0.32577 588.304 288.902 0.811393 590.459 349.312 0.793249 591.546 400.657 0.309046 578.491 207.156 0.554388 585.454 208.668 0.526176 569.109 197.839 0.548972 589.765 203.554 0.104954 1
12 111 618 583.681 211.753 0.435878 573.719 213.951 0.767079 551.699 212.217 0.799251 524.159 237.159 0.868876 529.995 257.416 0.834241 600.639 217.837 0.701407 611.961 246.199 0.115114 0 0 0 555.231 289.802 0.841278 555.88 350.192 0.767554 556.97 400.226 0.329845 588.728 289.132 0.818035 590.033 349.526 0.779755 591.541 400.227 0.339702 580.004 207.155 0.412653 586.11 208.889 0.270623 570.191 198.268 0.497204 0 0 0 1
12 111 619 585.201 211.539 0.321304 574.154 214.812 0.749772 552.782 212.649 0.845821 524.38 236.51 0.874576 531.505 257.188 0.816047 600.847 218.709 0.675719 612.392 246.832 0.1 0 0 0 555.655 290.026 0.815283 556.306 350.418 0.755047 557.189 400.231 0.292627 588.943 289.356 0.792396 589.821 349.743 0.766292 591.32 400.224 0.299108 581.73 206.726 0.29606 586.761 208.25 0.148408 571.067 198.702 0.453704 0 0 0 1
12 111 620 585.857 211.15 0.474291 576.109 214.604 0.759197 555.172 212.421 0.82869 525.024 235.854 0.870193 532.813 256.533 0.834691 602.595 218.72 0.680902 612.824 247.465 0.1 0 0 0 555.885 290.021 0.803416 556.734 350.417 0.732912 557.404 399.797 0.254822 589.595 289.365 0.771274 590.029 349.949 0.761247 591.1 399.794 0.238464 583.123 206.137 0.445139 587.119 207.669 0.299815 574.757 197.827 0.505598 0 0 0 1
12 111 621 586.512 210.761 0.48586 579.15 213.94 0.739888 557.574 211.327 0.854372 526.327 234.981 0.842323 534.323 255.659 0.805966 605.415 218.275 0.68593 613.255 248.099 0.117583 0 0 0 556.114 288.943 0.804297 556.747 349.333 0.685416 557.407 398.063 0.274485 590.465 288.929 0.77923 590.242 349.088 0.735667 590.668 399.355 0.272411 584.516 205.549 0.469152 587.477 207.088 0.330091 578.683 195.438 0.549396 0 0 0 1
12 111 622 587.168 210.371 0.261928 582.196 213.281 0.706214 559.767 210.23 0.857494 527.415 234.112 0.81069 535.629 254.781 0.776168 608.676 217.4 0.613036 613.687 248.732 0.106708 0 0 0 556.978 288.288 0.777584 556.748 348.032 0.668855 556.976 396.536 0.207756 591.758 288.71 0.756868 590.457 348.445 0.712152 589.799 399.134 0.213658 585.908 204.961 0.238673 587.835 206.507 0.153323 582.814 193.045 0.393718 590.89 203.501 0.0615543 1
12 111 623 587.824 209.982 0.304222 586.747 211.763 0.724543 563.455 208.479 0.825789 528.925 232.825 0.847661 536.505 253.469 0.811674 613.469 215.883 0.66023 614.359 240.668 0.0951259 0 0 0 557.85 288.065 0.783174 556.751 347.388 0.703965 556.755 395.235 0.250699 593.263 288.713 0.764164 590.46 348.445 0.731099 596.311 403.379 0.233744 587.301 204.372 0.310957 588.193 205.926 0.120541 586.951 190.002 0.506428 0 0 0 1
12 111 624 0 0 0 591.956 211.315 0.650701 566.939 206.966 0.768759 530.446 231.532 0.799361 536.739 251.95 0.762352 619.774 215.232 0.512792 628.019 242.609 0.0645765 0 0 0 559.365 288.274 0.690972 560.008 346.958 0.584155 556.643 393.611 0.173033 606.085 292.627 0.696619 603.713 352.586 0.604911 609.138 412.08 0.173944 0 0 0 0 0 0 592.726 186.35 0.166607 0 0 0 1
12 111 625 0 0 0 596.734 210.446 0.44756 570.433 205.232 0.66971 532.188 230.223 0.7321 537.173 250.434 0.684444 625.205 214.366 0.296913 0 0 0 0 0 0 560.662 286.541 0.529671 559.786 344.564 0.375257 555.775 391.01 0.108952 607.167 291.976 0.53175 604.357 350.857 0.43917 609.356 410.774 0.115183 0 0 0 0 0 0 598.5 182.699 0.170934 0 0 0 1
12 111 626 631.957 193.697 0.0631518 601.515 209.786 0.532014 573.903 204.574 0.684655 533.916 229.573 0.747195 537.618 249.345 0.747782 633.244 213.06 0.376621 633.891 242.619 0.0522761 0 0 0 562.614 286.096 0.571042 563.051 343.916 0.447592 555.272 388.585 0.144161 608.031 291.969 0.586472 605.002 349.987 0.494091 616.197 414.691 0.168378 622.169 179.972 0.0660625 0 0 0 604.274 179.047 0.184263 0 0 0 1
12 111 627 0 0 0 607.386 209.35 0.405809 577.597 204.127 0.684043 535.228 228.924 0.777654 538.49 248.479 0.798072 641.722 211.978 0.273924 0 0 0 0 0 0 572.391 290.654 0.50377 565.828 342.481 0.329155 554.77 386.16 0.105947 619.772 296.746 0.49694 617.82 354.991 0.408167 629.455 423.601 0.1 0 0 0 0 0 0 610.049 175.395 0.132292 0 0 0 1
12 111 628 0 0 0 613.905 208.701 0.305948 581.296 203.471 0.583199 536.961 228.926 0.664807 539.798 248.055 0.692468 650.642 211.758 0.17673 712.19 271.933 0.0768652 0 0 0 582.828 296.526 0.217317 568.605 341.046 0.116349 554.268 383.735 0.1 631.722 303.04 0.174068 630.855 361.516 0.19831 642.924 432.303 0.246057 0 0 0 0 0 0 604.549 174.157 0.0752774 0 0 0 0
12 111 629 0 0 0 618.9 209.563 0.359535 583.477 203.487 0.611079 538.264 229.364 0.640168 541.106 248.056 0.690896 657.379 213.047 0.22309 712.149 273.872 0.061316 0 0 0 592.822 303.261 0.325872 571.382 339.611 0.213045 553.766 381.31 0.108825 642.808 309.772 0.298534 643.677 368.48 0.279513 656.395 441.426 0.115428 0 0 0 0 0 0 606.512 172.198 0.072196 0 0 0 1
12 111 630 0 0 0 622.814 211.086 0.234132 585.002 204.574 0.456324 538.492 230.233 0.445149 542.199 248.059 0.519236 663.684 214.783 0.11731 712.216 268.043 0.05227 0 0 0 601.298 310.433 0.204737 574.159 338.176 0.121268 577.161 387.395 0.0656719 653.681 317.596 0.170498 656.501 377.175 0.168085 670.076 450.562 0.1 0 0 0 0 0 0 606.521 178.024 0.0637685 0 0 0 1
12 111 631 0 0 0 626.286 211.739 0.372764 586.51 205.449 0.599839 538.713 231.319 0.650053 543.719 248.497 0.678103 669.12 215.222 0.244535 712.216 269.992 0.0590597 0 0 0 611.513 317.608 0.132066 0 0 0 0 0 0 664.768 324.342 0.196329 669.109 384.786 0.136589 683.551 459.69 0.172601 0 0 0 0 0 0 604.558 174.143 0.0673416 0 0 0 0
12 111 632 0 0 0 628.464 212.165 0.305535 586.739 206.749 0.51199 538.724 232.393 0.463475 545.451 249.359 0.494366 672.601 215.206 0.1707 714.117 275.894 0.0796639 0 0 0 620.647 323.049 0.126737 706.26 416.755 0.0588655 702.394 477.382 0.0813724 675.427 329.561 0.182179 681.711 391.959 0.137701 690.503 464.579 0.171218 0 0 0 0 0 0 0 0 0 0 0 0 0
12 111 633 0 0 0 629.987 212.386 0.32383 587.177 208.04 0.476595 538.717 233.893 0.423454 547.394 250.436 0.46012 674.773 215.196 0.209706 712.192 279.784 0.0891104 0 0 0 628.915 328.266 0.154133 0 0 0 0 0 0 674.559 330.864 0.201093 681.065 392.61 0.138566 690.72 464.798 0.196861 0 0 0 0 0 0 0 0 0 0 0 0 0
12 111 634 0 0 0 631.946 212.826 0.389331 587.611 209.547 0.517002 538.487 235.411 0.502352 549.132 251.735 0.569568 678.035 215.203 0.259613 712.2 281.756 0.087182 0 0 0 637.177 335.216 0.169838 0 0 0 0 0 0 685.434 337.165 0.208466 693.026 401.087 0.139716 702.895 475.664 0.190518 0 0 0 0 0 0 0 0 0 631.951 168.269 0.0534797 0
12 111 635 0 0 0 634.114 214.352 0.289306 588.049 210.424 0.490145 538.282 236.501 0.565806 551.089 253.473 0.570115 679.339 216.937 0.164588 714.145 277.85 0.0810194 0 0 0 645.657 342.607 0.12247 698.47 416.756 0.0702411 698.483 475.467 0.0925195 696.957 344.342 0.190195 705.419 409.996 0.153639 708.878 481.313 0.204707 0 0 0 0 0 0 0 0 0 0 0 0 0
12 111 636 0 0 0 634.125 215.007 0.411462 587.844 210.871 0.626065 538.284 237.803 0.702249 553.044 254.994 0.77611 679.344 217.799 0.31147 712.198 268.059 0.0673088 0 0 0 642.834 343.478 0.181153 0 0 0 0 0 0 696.96 346.083 0.236503 705.639 412.387 0.13762 708.448 481.964 0.18678 0 0 0 0 0 0 608.48 166.316 0.0993894 633.909 164.361 0.0552588 0
12 111 637 0 0 0 634.124 215.873 0.33307 587.637 211.311 0.485227 538.066 238.884 0.562365 554.142 256.08 0.625352 678.48 218.233 0.233614 714.13 271.945 0.06902 0 0 0 637.836 342.823 0.192419 659.334 399.109 0.0540892 694.549 477.423 0.0949318 696.744 346.301 0.211012 705.85 412.604 0.119242 708.231 482.18 0.216984 0 0 0 0 0 0 606.525 170.236 0.0621712 0 0 0 0
12 111 638 0 0 0 634.131 215.653 0.393158 587.636 211.742 0.554021 538.068 239.542 0.693051 555.015 256.736 0.707625 678.699 217.151 0.27218 712.21 273.905 0.077735 0 0 0 634.58 341.305 0.212043 0 0 0 0 0 0 697.18 344.779 0.242499 706.066 409.997 0.146535 708.017 481.963 0.234278 0 0 0 0 0 0 606.531 168.285 0.0831925 0 0 0 0
12 111 639 0 0 0 633.915 214.995 0.272645 587.637 211.959 0.367587 538.286 239.988 0.448978 555.9 257.825 0.48932 678.266 215.632 0.15988 720.002 289.574 0.0753234 0 0 0 633.059 340.433 0.120957 0 0 0 0 0 0 698.047 342.169 0.192891 706.281 405.871 0.164034 707.806 481.744 0.242961 0 0 0 0 0 0 0 0 0 0 0 0 0
12 111 640 631.961 181.94 0.0547334 633.701 214.785 0.40163 587.637 212.18 0.547379 538.934 240.209 0.738367 556.554 258.915 0.65949 677.615 215.189 0.271059 712.219 279.772 0.0902739 0 0 0 626.971 337.389 0.165844 0 0 0 0 0 0 698.7 339.345 0.210444 706.498 402.611 0.148749 707.595 481.527 0.264562 612.395 160.426 0.0681073 0 0 0 603.17 169.659 0.159062 637.853 166.316 0.0573078 1
12 111 641 628.053 181.983 0.0645214 633.696 215.012 0.430378 587.627 212.62 0.560826 539.366 240.861 0.734776 557.202 260.665 0.654468 677.612 215.198 0.29612 710.191 279.788 0.0779811 0 0 0 623.706 336.518 0.168752 0 0 0 0 0 0 698.483 338.476 0.18038 706.934 399.136 0.122355 707.597 481.089 0.239003 614.32 164.343 0.0797197 631.918 170.22 0.0546709 602.706 170.507 0.181051 639.779 170.241 0.0562737 1
12 111 642 626.098 181.953 0.0613661 632.392 215.022 0.453831 587.186 212.845 0.605222 540.017 241.524 0.765371 558.292 262.844 0.724424 676.306 214.996 0.329703 712.204 270.001 0.0612331 0 0 0 618.484 333.695 0.196217 0 0 0 0 0 0 694.135 336.737 0.209345 707.484 395.194 0.152889 708.018 480.107 0.281166 608.504 162.413 0.0793122 631.923 166.304 0.0548444 602.243 171.355 0.188638 635.895 164.378 0.0651769 1
12 111 643 622.168 181.949 0.0607743 631.085 215.021 0.461483 586.745 213.068 0.625635 540.678 242.832 0.767277 559.592 265.454 0.70313 674.783 214.777 0.347455 712.192 264.143 0.0586201 0 0 0 613.486 331.3 0.218169 0 0 0 0 0 0 689.788 334.566 0.226076 708.033 391.252 0.176831 708.44 479.125 0.319084 606.528 162.391 0.0790374 628.056 166.294 0.0526356 601.78 172.203 0.181024 633.96 164.33 0.0697375 1
12 111 644 629.994 181.954 0.060091 629.132 213.931 0.382564 586.301 212.85 0.624937 541.753 244.347 0.762631 560.675 268.271 0.721933 672.39 213.259 0.278596 712.199 260.238 0.0532749 0 0 0 606.534 326.738 0.162225 0 0 0 0 0 0 683.702 330.649 0.209761 708.582 387.31 0.17975 708.862 478.143 0.29118 610.435 168.246 0.0745611 630.01 174.111 0.0536878 601.316 173.051 0.203 645.637 172.155 0.0546098 1
12 111 645 624.122 181.959 0.0798336 627.605 213.499 0.480874 586.07 213.271 0.687043 542.834 246.08 0.79308 561.753 271.307 0.772503 670.646 212.394 0.383378 710.244 260.214 0.0537638 0 0 0 602.828 323.91 0.226356 0 0 0 0 0 0 676.959 327.172 0.21437 709.131 383.368 0.14741 709.284 477.161 0.219759 610.409 166.314 0.0918633 631.942 164.369 0.0754505 601.088 173.916 0.220999 637.846 164.4 0.0638345 1
12 111 646 630.736 178.363 0.142297 625.874 212.636 0.555143 585.838 213.706 0.717093 544.133 248.028 0.789898 563.05 274.568 0.793884 668.904 210.881 0.457324 694.545 209.355 0.0906559 0 0 0 600.433 321.087 0.332698 588.006 381.598 0.119485 575.21 440.216 0.0538481 670 323.476 0.201513 653.479 389.342 0.0697909 0 0 0 618.551 168.041 0.144289 634.217 164.578 0.128048 600.858 174.995 0.312102 639.806 170.202 0.0590612 1
12 111 647 628.975 180.189 0.134071 624.14 212.638 0.570806 585.608 214.356 0.728795 545.224 249.98 0.773023 564.564 278.486 0.753661 666.73 210.664 0.478196 694.572 209.36 0.0931402 0 0 0 596.737 319.343 0.32804 587.008 381.307 0.1 0 0 0 662.823 321.74 0.211677 651.547 393.249 0.0603977 0 0 0 617.281 170.486 0.13021 634.019 166.746 0.118717 600.421 176.081 0.286831 637.827 166.331 0.0595982 1
12 111 648 627.214 182.014 0.17062 622.182 213.077 0.557987 585.17 215.438 0.713999 546.524 251.941 0.784083 566.08 283.042 0.772518 663.902 210.673 0.450451 694.554 209.346 0.105771 0 0 0 592.818 316.951 0.419449 586.011 381.016 0.136491 0 0 0 654.129 319.787 0.259024 633.93 389.345 0.0553742 0 0 0 616.012 172.93 0.1752 633.821 168.914 0.148164 599.555 177.817 0.337579 641.762 170.238 0.0552862 1
12 111 649 625.453 183.84 0.160735 619.356 214.157 0.516409 584.95 216.731 0.704575 547.826 254.12 0.784359 567.391 287.389 0.805669 659.772 211.117 0.410976 0 0 0 0 0 0 590.86 316.518 0.47248 585.014 380.725 0.181082 571.318 446.098 0.0684034 644.125 318.915 0.284545 631.945 385.434 0.0725657 0 0 0 614.742 175.375 0.164753 633.623 171.082 0.134969 598.677 179.122 0.303449 649.545 174.121 0.0508209 1
12 111 650 623.692 185.665 0.16136 616.1 215.45 0.458888 584.526 217.822 0.685927 549.127 256.298 0.807319 568.693 291.09 0.827018 654.989 211.984 0.357396 0 0 0 0 0 0 586.512 314.998 0.497292 584.016 380.434 0.24665 571.337 446.096 0.0894138 633.913 317.175 0.309955 622.188 381.542 0.0872813 0 0 0 613.473 177.82 0.182379 633.425 173.25 0.12368 597.588 180.86 0.363524 0 0 0 1
12 111 651 621.737 187.19 0.159224 612.405 216.959 0.446014 584.1 219.124 0.698043 550.226 258.903 0.831053 569.35 294.577 0.800158 647.821 213.495 0.338695 0 0 0 0 0 0 583.474 315.428 0.471826 582.278 380.002 0.168398 0 0 0 626.309 316.735 0.290288 630.013 389.336 0.0624404 0 0 0 612.386 179.998 0.186213 633.227 175.418 0.130528 596.299 182.805 0.358862 0 0 0 1
12 111 652 619.998 188.931 0.162257 608.706 218.475 0.382474 583.671 220.433 0.708714 551.317 260.861 0.819823 569.792 297.619 0.786361 640.648 215.014 0.273699 0 0 0 0 0 0 580.436 315.214 0.487465 581.513 379.784 0.214282 571.288 449.983 0.0558641 618.483 315.866 0.278438 620.217 379.551 0.0869589 0 0 0 611.517 182.812 0.194368 633.029 177.586 0.108311 595.218 184.764 0.407527 0 0 0 1
12 111 653 618.911 190.668 0.150069 605.231 219.789 0.415941 583.457 221.741 0.742343 552.184 262.808 0.834711 570.228 300.019 0.84248 633.697 216.533 0.2647 0 0 0 0 0 0 578.478 316.072 0.545796 580.643 379.783 0.262143 567.409 448.033 0.0814817 611.965 315.653 0.36291 606.209 375.471 0.114422 0 0 0 611.083 185.197 0.186878 629.997 180.063 0.0797057 594.562 186.502 0.456203 0 0 0 1
12 111 654 617.601 192.41 0.154884 601.535 221.31 0.406895 583.028 223.054 0.740301 552.839 264.55 0.815468 570.45 302.418 0.801116 626.093 218.268 0.251609 0 0 0 0 0 0 576.752 316.723 0.526889 580.206 379.353 0.219526 571.318 436.312 0.0576594 606.528 315.862 0.345554 604.628 375.325 0.1 0 0 0 610.427 187.373 0.197847 620.216 185.863 0.0708243 593.699 188.249 0.487974 0 0 0 1
12 111 655 616.078 194.578 0.210112 598.06 222.826 0.580468 582.813 224.143 0.79605 553.285 266.077 0.876271 570.664 304.595 0.82162 619.351 219.997 0.439105 0 0 0 0 0 0 575.233 317.368 0.670174 579.55 378.917 0.302534 569.378 446.086 0.0845477 601.535 316.077 0.49693 603.048 375.18 0.147266 0 0 0 609.339 189.122 0.261898 0 0 0 592.841 189.783 0.624711 0 0 0 1
12 111 656 614.92 196.68 0.244507 594.794 224.133 0.588918 582.603 225.017 0.803272 553.72 267.596 0.887441 570.875 306.545 0.833182 612.614 221.729 0.452314 0 0 0 0 0 0 573.703 317.376 0.687746 578.895 378.045 0.325805 569.339 448.05 0.10882 596.313 316.071 0.503994 601.467 375.034 0.168297 0 0 0 609.014 190.871 0.301033 0 0 0 593.063 191.302 0.644892 0 0 0 1
12 111 657 614.991 198.053 0.192818 591.966 225.219 0.55724 582.604 225.459 0.789439 553.937 269.104 0.89831 570.868 308.069 0.79461 606.745 223.252 0.423712 0 0 0 0 0 0 572.194 318.025 0.668225 577.817 378.268 0.293022 569.352 448.04 0.0949299 592.398 316.719 0.460711 599.886 374.888 0.134761 0 0 0 609.67 192.178 0.239289 618.272 193.64 0.0552062 593.718 192.171 0.582022 0 0 0 1
12 111 658 615.428 199.362 0.183961 590.225 225.881 0.569929 582.398 226.11 0.774597 553.945 270.406 0.91978 570.87 309.375 0.825704 602.609 224.556 0.446087 0 0 0 0 0 0 571.114 318.248 0.669505 577.164 378.26 0.256306 571.318 444.144 0.0680063 589.361 317.152 0.489887 597.279 374.022 0.133608 0 0 0 610.754 193.264 0.243626 0 0 0 594.584 193.039 0.612704 0 0 0 1
12 111 659 616.191 200.982 0.102196 588.703 226.541 0.562025 582.397 226.762 0.773693 553.946 271.5 0.915634 570.664 310.884 0.804926 598.912 225.65 0.433788 0 0 0 0 0 0 570.465 318.896 0.656982 577.596 379.129 0.278097 569.313 449.993 0.0991224 587.617 317.802 0.457154 595.435 373.264 0.155421 0 0 0 612.273 193.917 0.142492 0 0 0 595.668 193.689 0.488254 0 0 0 1
12 111 660 617.285 202.712 0.1 588.492 227.204 0.570287 582.607 227.422 0.788954 553.941 271.931 0.912447 570.443 312.389 0.779045 598.257 226.308 0.45328 0 0 0 0 0 0 570.686 319.336 0.643845 578.464 379.559 0.270416 571.27 446.094 0.0787072 587.388 318.024 0.472426 594.714 373.34 0.142037 0 0 0 613.578 194.781 0.1 0 0 0 596.964 194.135 0.407137 0 0 0 1
12 111 661 618.005 204.586 0.1 588.708 227.858 0.548438 582.821 228.071 0.801029 553.94 272.365 0.910394 570.224 313.698 0.793116 598.261 226.955 0.420778 0 0 0 0 0 0 570.902 319.993 0.637705 578.683 380.216 0.309363 567.381 446.095 0.0780889 587.176 318.675 0.485333 594.352 373.917 0.15151 0 0 0 614.753 195.341 0.110145 0 0 0 598.262 194.566 0.420637 0 0 0 1
12 111 662 618.724 206.46 0.102212 588.484 229.15 0.566228 582.61 229.153 0.78834 553.94 272.602 0.925789 570.011 314.994 0.823321 597.386 227.829 0.445836 0 0 0 0 0 0 571.12 320.654 0.646471 579.548 380.657 0.258252 573.235 444.099 0.0611577 587.165 319.325 0.506011 593.699 374.137 0.122746 0 0 0 615.929 195.9 0.131383 0 0 0 598.918 195.652 0.440617 0 0 0 1
12 111 663 619.443 208.335 0.1 588.696 229.799 0.544563 582.612 229.802 0.782241 554.369 273.261 0.920372 570.006 316.293 0.818375 598.03 228.052 0.418315 0 0 0 0 0 0 571.333 321.31 0.638828 579.764 381.312 0.239154 573.302 444.095 0.0556336 587.169 319.763 0.482633 593.697 374.787 0.12361 0 0 0 617.104 196.46 0.13028 0 0 0 599.785 195.87 0.446593 0 0 0 1
12 111 664 620.163 210.209 0.101565 588.913 230.236 0.547528 582.399 230.452 0.755943 555.232 274.565 0.921004 570.019 318.027 0.835266 598.472 228.272 0.429494 0 0 0 0 0 0 571.112 321.532 0.637792 579.112 381.751 0.217884 0 0 0 586.951 319.977 0.487747 592.395 375.223 0.1 0 0 0 618.28 197.019 0.11853 0 0 0 600.433 196.08 0.416233 0 0 0 1
12 111 665 635.867 203.468 0.0691834 588.91 230.886 0.509853 582.176 231.313 0.757293 556.531 276.299 0.900033 570.248 320.2 0.829753 598.684 228.498 0.383561 0 0 0 0 0 0 570.893 321.751 0.611535 577.817 381.968 0.211009 0 0 0 586.744 319.984 0.434192 591.092 375.44 0.1 0 0 0 620.228 195.674 0.0882636 0 0 0 600.421 196.297 0.384365 0 0 0 1
12 111 666 618.276 213.281 0.0742892 588.692 231.756 0.581201 581.952 232.397 0.74793 558.054 278.029 0.885179 570.901 321.727 0.859103 598.676 229.144 0.462425 0 0 0 0 0 0 569.585 321.539 0.638667 576.727 381.746 0.271353 571.321 448.036 0.0628894 586.098 319.768 0.488089 590.223 374.791 0.121298 0 0 0 612.403 207.319 0.0889424 0 0 0 600.197 196.521 0.396775 0 0 0 1
12 111 667 0 0 0 588.691 232.829 0.548671 581.732 233.27 0.765941 559.574 279.549 0.794432 571.977 323.682 0.761416 598.681 229.791 0.425967 0 0 0 0 0 0 568.924 322.183 0.622257 576.075 382.187 0.258507 569.35 446.098 0.0709585 585.661 320.206 0.461032 589.808 375.333 0.113279 0 0 0 0 0 0 0 0 0 600.198 196.31 0.407839 0 0 0 1
12 111 668 633.907 203.486 0.0609353 588.477 233.702 0.577215 581.507 234.356 0.789105 561.299 281.279 0.793338 572.838 325.42 0.720401 598.463 230.439 0.476341 0 0 0 0 0 0 568.052 322.189 0.650798 574.992 382.403 0.322741 571.272 448.026 0.0772532 585.222 320.214 0.499796 589.394 375.875 0.148379 0 0 0 0 0 0 0 0 0 599.766 196.315 0.447117 0 0 0 1
12 111 669 633.913 203.479 0.0540536 588.474 234.56 0.587519 581.077 235.22 0.793211 563.025 282.806 0.844398 573.494 326.945 0.709031 598.89 230.873 0.484384 0 0 0 0 0 0 566.956 321.975 0.662848 573.471 382.406 0.319265 569.317 448.07 0.0678691 584.79 320.001 0.543986 588.98 376.417 0.155388 0 0 0 0 0 0 0 0 0 599.549 196.313 0.435946 0 0 0 1
12 111 670 629.983 207.344 0.0520257 588.05 235.428 0.59211 580.643 236.295 0.807983 564.745 284.334 0.837447 574.14 328.247 0.685773 598.674 231.741 0.470154 0 0 0 0 0 0 565.644 321.537 0.639811 571.299 381.749 0.226677 0 0 0 584.351 319.562 0.488018 588.565 376.959 0.104032 0 0 0 0 0 0 0 0 0 598.902 196.533 0.431572 0 0 0 1
12 111 671 643.686 197.599 0.0761675 588.059 235.856 0.56814 580.426 236.939 0.789941 566.266 286.063 0.799534 574.574 329.767 0.621686 599.327 232.387 0.437111 0 0 0 0 0 0 564.335 321.096 0.580103 568.696 381.527 0.178173 0 0 0 583.918 319.126 0.450809 586.966 383.478 0.0738141 0 0 0 631.95 191.709 0.0872454 0 0 0 598.894 196.099 0.425116 0 0 0 1
12 111 672 631.957 201.524 0.0708232 588.064 236.719 0.603731 580.208 237.8 0.812164 567.356 287.155 0.832283 574.585 330.858 0.687608 599.34 233.472 0.455953 0 0 0 0 0 0 562.603 319.791 0.609704 566.095 380.439 0.181159 0 0 0 583.486 317.612 0.448599 588.908 373.726 0.0730192 0 0 0 616.294 195.63 0.0976208 0 0 0 598.896 196.746 0.439283 0 0 0 1
12 111 673 0 0 0 588.063 237.799 0.600899 580.207 238.665 0.829098 568.006 287.811 0.841136 574.579 331.948 0.716939 599.34 234.563 0.452069 0 0 0 0 0 0 561.092 318.924 0.628591 564.796 379.998 0.183716 0 0 0 583.265 316.318 0.452013 588.902 373.72 0.082181 0 0 0 0 0 0 0 0 0 599.107 196.966 0.363459 0 0 0 1
12 111 674 618.284 211.27 0.0663323 588.068 238.669 0.643685 580.207 239.319 0.851559 568.231 288.036 0.853335 574.355 332.391 0.707789 599.554 235.65 0.503544 0 0 0 0 0 0 559.584 317.615 0.649619 564.578 378.917 0.19655 0 0 0 583.043 314.803 0.488075 586.933 373.692 0.0948985 0 0 0 608.489 199.591 0.092455 0 0 0 599.107 197.619 0.428147 0 0 0 1
12 111 675 620.234 209.32 0.0846274 588.287 239.322 0.655057 579.997 239.758 0.8587 568.23 288.268 0.842782 573.917 333.042 0.723766 599.786 236.726 0.507678 0 0 0 0 0 0 558.933 316.093 0.628086 564.794 376.309 0.175435 0 0 0 583.034 313.281 0.459855 586.954 381.516 0.0748015 0 0 0 613.662 197.276 0.113246 0 0 0 599.107 198.054 0.456366 0 0 0 1
12 111 676 0 0 0 588.292 239.765 0.648584 579.562 240.402 0.857443 568.227 289.135 0.811128 573.043 333.263 0.742003 600.224 237.59 0.531037 0 0 0 0 0 0 557.856 313.708 0.646272 564.583 373.265 0.281413 538.048 401.148 0.0502414 583.254 311.107 0.507522 589.417 367.296 0.149324 0 0 0 612.125 199.438 0.1 0 0 0 598.672 199.352 0.344244 0 0 0 1
12 111 677 0 0 0 588.505 240.206 0.608385 579.13 240.832 0.842458 568.019 290.002 0.76517 572.182 333.491 0.728559 600.878 238.455 0.474641 0 0 0 0 0 0 556.994 311.961 0.616995 565.018 371.094 0.167426 0 0 0 583.474 309.359 0.465727 590.741 364.495 0.104495 0 0 0 610.587 201.601 0.1 0 0 0 598.889 200.868 0.351069 0 0 0 1
12 111 678 0 0 0 588.717 240.639 0.604797 578.913 241.266 0.850472 567.81 291.311 0.760207 571.736 333.937 0.793504 601.317 239.316 0.468432 0 0 0 0 0 0 556.135 310.43 0.630366 565.45 369.137 0.142587 0 0 0 583.475 307.62 0.468475 592.066 361.695 0.1 0 0 0 609.049 203.764 0.1 0 0 0 599.105 201.957 0.325559 0 0 0 1
12 111 679 620.209 213.237 0.0527375 588.969 240.908 0.596838 578.587 241.566 0.843838 567.588 292.582 0.72361 571.271 334.468 0.776021 601.867 239.767 0.455404 0 0 0 0 0 0 555.521 308.276 0.66432 567.211 366.237 0.183634 0 0 0 583.637 305.533 0.519664 593.39 358.895 0.11377 0 0 0 607.511 205.926 0.1 0 0 0 599.206 203.356 0.349203 0 0 0 1
12 111 680 612.413 215.255 0.0756692 589.221 241.177 0.635153 578.262 241.866 0.847447 567.367 293.853 0.667315 570.807 335 0.759252 602.416 240.219 0.48838 0 0 0 0 0 0 554.908 306.122 0.666328 568.971 363.337 0.242428 0 0 0 583.799 303.445 0.628703 594.714 356.094 0.174397 0 0 0 605.973 208.089 0.10929 0 0 0 599.306 204.755 0.387748 0 0 0 1
12 111 681 614.352 223.002 0.0865751 589.473 241.446 0.654929 577.936 242.166 0.851049 567.145 295.124 0.695109 570.342 335.531 0.734759 602.966 240.67 0.525694 604.524 285.651 0.0537696 0 0 0 554.294 303.968 0.666609 570.731 360.436 0.258513 0 0 0 583.961 301.358 0.611075 596.038 353.294 0.165805 0 0 0 604.435 210.252 0.110137 0 0 0 599.406 206.154 0.37825 0 0 0 1
12 111 682 0 0 0 589.726 241.715 0.615534 577.61 242.467 0.83197 566.924 296.394 0.708458 569.878 336.062 0.642497 603.516 241.122 0.474053 0 0 0 0 0 0 553.681 301.814 0.634658 572.491 357.536 0.234496 0 0 0 584.123 299.271 0.536553 597.362 350.493 0.140957 0 0 0 0 0 0 0 0 0 599.506 207.553 0.327825 0 0 0 1
12 111 683 649.53 191.756 0.0550367 588.974 242.523 0.537953 579.135 242.622 0.808713 565.449 301.237 0.678364 569.347 338.469 0.599103 602.64 238.718 0.381537 0 0 0 0 0 0 555.599 303.253 0.586494 571.357 359.998 0.217925 0 0 0 584.93 299.325 0.472576 598.669 352.195 0.127089 0 0 0 0 0 0 0 0 0 600.641 195.628 0.285998 0 0 0 1
