0 111 7 0 0 0 714.987 625.862 0.705442 750.849 624.749 0.675921 764.769 690.003 0.124451 0 0 0 682.144 624.025 0.689497 638.426 679.68 0.678789 593.714 717.474 0.400348 735.624 714.185 0.0724265 0 0 0 0 0 0 690.468 714.204 0.122436 0 0 0 0 0 0 0 0 0 0 0 0 733.168 583.528 0.362791 692.289 583.111 0.46557 0
0 111 8 0 0 0 712.275 622.276 0.795242 740.476 621.384 0.721962 749.019 684.782 0.383671 0 0 0 687.038 620.576 0.71678 650.339 676.614 0.698783 608.223 711.042 0.438148 694.27 714.183 0.115172 0 0 0 0 0 0 693.448 714.197 0.155694 0 0 0 0 0 0 0 0 0 0 0 0 726.454 580.141 0.430567 693.727 579.565 0.513167 0
0 111 9 0 0 0 709.562 618.69 0.689327 730.103 618.02 0.481555 733.269 679.561 0.227169 761.095 714.183 0.06281 691.933 617.127 0.484842 662.252 673.548 0.185722 622.732 704.609 0.117325 693.609 714.18 0.1 0 0 0 0 0 0 696.428 714.189 0.1 0 0 0 0 0 0 0 0 0 0 0 0 719.74 576.755 0.243095 695.164 576.019 0.273279 0
0 111 10 0 0 0 706.849 615.104 0.675935 719.73 614.655 0.492777 717.52 674.34 0.253739 0 0 0 696.827 613.677 0.495609 674.165 670.482 0.377447 637.241 698.177 0.268115 692.948 714.176 0.101383 0 0 0 0 0 0 699.408 714.182 0.1 0 0 0 0 0 0 0 0 0 0 0 0 713.026 573.368 0.271027 696.602 572.473 0.400009 0
0 111 11 708.262 583.028 0.0721935 704.136 611.519 0.7523 709.356 611.291 0.745024 701.77 669.119 0.694311 559.387 696.483 0.571331 701.721 610.228 0.743585 686.078 667.416 0.50178 651.75 691.745 0.1 692.287 714.173 0.370203 0 0 0 0 0 0 702.388 714.175 0.330257 0 0 0 0 0 0 0 0 0 0 0 0 706.312 569.981 0.193521 698.039 568.927 0.195628 0
0 111 12 701.111 581.086 0.110173 701.755 607.824 0.800544 706.961 608.678 0.780219 699.812 665.63 0.708598 581.994 695.182 0.663484 699.119 606.326 0.722521 684.342 664.369 0.487303 651.312 687.827 0.138932 691.626 714.169 0.409805 0 0 0 0 0 0 700.432 714.17 0.355334 0 0 0 0 0 0 692.63 569.299 0.099545 0 0 0 704.571 566.508 0.218179 695.653 565.243 0.236109 0
0 111 13 699.143 573.273 0.300512 699.79 603.901 0.853376 704.134 604.984 0.774694 697.422 661.506 0.715669 604.601 693.881 0.658092 696.943 602.403 0.746919 683.253 659.585 0.42953 650.669 683.042 0.118763 689.674 714.164 0.368554 0 0 0 0 0 0 698.478 712.424 0.34988 0 0 0 0 0 0 694.483 555.712 0.272729 710.164 555.696 0.327588 702.405 562.813 0.361088 693.692 561.113 0.33496 0
0 111 14 697.176 565.459 0.159061 697.831 599.989 0.786416 702.18 601.28 0.70979 695.252 657.602 0.655054 627.208 692.579 0.664933 694.345 598.487 0.67563 681.953 655.022 0.459889 650.447 678.037 0.162614 690.443 712.418 0.343453 0 0 0 0 0 0 694.202 710.246 0.290036 0 0 0 0 0 0 686.729 553.755 0.154029 704.353 553.76 0.20788 700.66 559.337 0.159067 691.742 557.639 0.295119 0
0 111 15 0 0 0 696.303 595.425 0.758281 700.662 597.368 0.683015 693.938 654.335 0.645561 649.815 691.278 0.1 692.389 593.712 0.678901 680.65 651.099 0.690831 649.142 674.776 0.713395 693.92 710.454 0.320477 0 0 0 0 0 0 688.038 707.632 0.309756 0 0 0 0 0 0 0 0 0 0 0 0 698.93 555.636 0.296968 690.43 553.942 0.396444 0
0 111 16 0 0 0 695.421 590.868 0.7306 707.62 593.245 0.653506 707.411 651.735 0.594639 666.56 688.717 0.1 682.613 588.934 0.677206 665.001 645.015 0.559618 639.583 672.16 0.552765 698.275 707.406 0.286849 0 0 0 0 0 0 680.641 703.5 0.289664 0 0 0 0 0 0 0 0 0 0 0 0 701.966 551.722 0.201247 684.566 550.446 0.263525 0
0 111 17 0 0 0 694.77 586.956 0.817109 714.794 589.765 0.696049 720.453 650.423 0.56131 682.869 685.337 0.1 672.838 585.017 0.739954 649.349 640.881 0.725656 621.757 670.195 0.735365 703.268 705.223 0.422647 0 0 0 0 0 0 672.606 700.238 0.406446 0 0 0 0 0 0 0 0 0 0 0 0 705.434 547.154 0.26887 679.138 545.892 0.385066 0
0 111 18 0 0 0 694.328 583.246 0.819218 721.975 586.071 0.799184 734.145 648.036 0.649581 699.604 681.337 0.163536 663.492 581.099 0.757776 633.711 636.101 0.801348 603.067 668.668 0.781706 707.825 702.829 0.513227 0 0 0 0 0 0 664.346 696.976 0.506971 0 0 0 0 0 0 0 0 0 0 0 0 708.911 542.806 0.433122 673.271 541.98 0.476934 0
0 111 19 0 0 0 693.893 579.332 0.853574 729.157 582.593 0.79693 747.611 646.092 0.646216 716.124 677.165 0.149226 654.798 576.745 0.781074 618.273 631.322 0.777912 587.413 668.452 0.846485 711.955 700.437 0.555239 0 0 0 0 0 0 656.312 693.71 0.5395 0 0 0 0 0 0 0 0 0 0 0 0 712.173 538.459 0.502427 667.836 538.054 0.533771 0
0 111 20 0 0 0 693.251 574.776 0.858754 728.278 578.036 0.790075 746.085 641.103 0.618201 728.185 672.059 0.1 654.369 572.615 0.807373 618.487 627.619 0.756403 587.199 665.853 0.806667 710.425 696.085 0.595537 0 0 0 0 0 0 655.44 688.708 0.575721 0 0 0 0 0 0 0 0 0 0 0 0 711.509 534.327 0.465644 667.396 534.132 0.484946 0
0 111 21 0 0 0 692.804 570.654 0.872953 726.97 573.04 0.803663 744.555 636.112 0.661445 734.453 665.526 0.1 654.371 569.342 0.831874 618.708 624.139 0.753744 586.992 663.242 0.791385 709.987 693.471 0.590087 0 0 0 0 0 0 654.794 686.314 0.553144 0 0 0 0 0 0 0 0 0 0 0 0 709.774 529.986 0.51847 666.952 530.219 0.517237 0
0 111 22 0 0 0 692.372 566.963 0.861049 726.101 569.12 0.830367 742.595 632.403 0.699958 740.722 658.994 0.1 654.805 565.87 0.795207 618.488 622.406 0.780436 587.201 661.067 0.789348 709.762 691.291 0.601659 0 0 0 0 0 0 654.143 685.659 0.571063 571.287 618.259 0.672486 555.666 714.178 0.404717 0 0 0 0 0 0 709.113 525.853 0.524664 666.298 526.303 0.521968 0
0 111 23 0 0 0 691.721 563.703 0.807853 725.44 565.644 0.818649 740.634 628.272 0.744776 746.99 652.462 0.1 654.804 562.83 0.759257 618.489 620.885 0.790958 587.416 658.887 0.751417 708.89 689.332 0.566955 0 0 0 0 0 0 653.924 684.135 0.576465 571.273 618.186 0.591112 557.584 714.145 0.434064 0 0 0 0 0 0 708.674 522.152 0.512729 665.636 522.601 0.5497 0
0 111 24 0 0 0 690.643 560.224 0.807229 723.701 561.303 0.796829 738.449 623.512 0.539342 753.259 645.93 0.125378 654.584 559.785 0.764489 618.483 619.796 0.746841 588.072 656.923 0.74271 707.808 687.595 0.568822 696.493 714.217 0.0727953 0 0 0 653.93 683.048 0.545438 649.584 714.207 0.0816241 0 0 0 0 0 0 0 0 0 708.344 518.457 0.488446 664.986 518.463 0.518684 0
0 111 25 0 0 0 689.351 556.739 0.700463 721.963 557.176 0.668932 736.264 618.752 0.186839 0 0 0 654.575 556.532 0.671187 618.907 618.273 0.661555 589.149 654.966 0.628824 706.715 683.901 0.377277 0 0 0 0 0 0 653.718 680.438 0.343661 0 0 0 0 0 0 0 0 0 0 0 0 708.122 514.552 0.20137 664.551 514.129 0.308437 0
0 111 26 0 0 0 688.258 553.046 0.578929 720.225 553.257 0.511965 734.079 613.992 0.10221 0 0 0 654.788 553.057 0.613936 620.209 615.453 0.497849 590.458 652.144 0.490729 705.195 680.21 0.260178 0 0 0 0 0 0 653.286 677.826 0.242497 0 0 0 0 0 0 0 0 0 0 0 0 707.259 510.857 0.102451 664.329 510.225 0.218995 0
0 111 27 0 0 0 687.17 548.924 0.726009 718.692 549.332 0.645738 731.894 609.232 0.12145 0 0 0 654.789 549.145 0.712614 621.508 612.621 0.621405 591.973 649.11 0.584888 703.689 675.643 0.365051 0 0 0 0 0 0 653.927 673.915 0.400336 0 0 0 0 0 0 0 0 0 0 0 0 706.178 507.167 0.197302 664.108 506.735 0.357546 0
0 111 28 0 0 0 686.09 544.37 0.513391 717.165 544.554 0.406441 0 0 0 0 0 0 655.22 545.021 0.502715 623.027 608.923 0.42479 593.497 646.055 0.364285 704.127 668.898 0.213096 0 0 0 0 0 0 655.659 668.262 0.207214 0 0 0 0 0 0 0 0 0 0 0 0 705.095 503.898 0.1 663.897 503.264 0.14635 0
0 111 29 0 0 0 685.214 540.445 0.714044 715.421 540.205 0.63715 0 0 0 0 0 0 655.863 541.111 0.653279 624.329 605.234 0.596958 594.798 642.579 0.54279 703.911 662.596 0.304597 0 0 0 0 0 0 656.539 663.478 0.326784 577.229 621.318 0.430339 560.246 708.945 0.263348 0 0 0 0 0 0 703.794 499.992 0.155785 663.687 499.786 0.343615 0
0 111 30 0 0 0 684.141 536.524 0.819571 713.689 535.853 0.777739 0 0 0 0 0 0 656.3 537.202 0.76906 625.851 601.103 0.748176 596.094 638.676 0.694017 703.695 654.774 0.502429 598.604 620.204 0.0576599 0 0 0 658.282 656.088 0.504588 593.137 635.611 0.731455 562.177 708.934 0.507311 0 0 0 0 0 0 702.494 496.084 0.233981 663.47 496.526 0.436101 0
0 111 31 0 0 0 683.057 532.609 0.788421 712.168 531.288 0.744651 0 0 0 0 0 0 656.088 533.719 0.732748 627.375 596.965 0.710625 597.388 634.992 0.744016 703.7 646.087 0.483377 0 0 0 0 0 0 660.239 648.049 0.4908 609.045 649.903 0.57021 564.108 708.924 0.342563 0 0 0 0 0 0 701.19 492.617 0.278621 663.25 494.132 0.44368 0
0 111 32 0 0 0 682.621 527.834 0.833751 710.86 526.085 0.780817 0 0 0 0 0 0 657.168 529.805 0.793744 628.895 592.609 0.785944 598.473 631.311 0.764776 704.349 640.221 0.49218 687.25 707.684 0.227299 0 0 0 663.059 642.618 0.560483 624.953 664.196 0.311507 0 0 0 0 0 0 0 0 0 699.898 488.938 0.228661 663.265 490.878 0.434307 0
0 111 33 0 0 0 682.403 524.14 0.794439 710.624 522.173 0.66617 0 0 0 0 0 0 658.045 526.766 0.773776 630.424 587.834 0.766853 599.121 627.618 0.731282 705.214 633.916 0.456811 688.425 706.8 0.218847 0 0 0 665.66 636.965 0.488278 640.862 678.489 0.333903 0 0 0 0 0 0 0 0 0 698.712 485.887 0.140794 663.257 488.49 0.366574 0
0 111 34 0 0 0 682.193 520.44 0.814448 709.748 518.034 0.689607 0 0 0 0 0 0 659.136 523.289 0.785172 631.722 584.146 0.80383 599.551 623.931 0.769351 706.083 630.221 0.566297 689.599 705.916 0.330149 0 0 0 667.831 634.137 0.559745 652.81 689.364 0.444682 0 0 0 0 0 0 0 0 0 697.847 483.196 0.148197 663.039 485.877 0.383794 0
0 111 35 0 0 0 681.98 516.963 0.810222 708.447 513.909 0.714042 0 0 0 0 0 0 660.215 520.245 0.786846 632.159 581.311 0.797885 599.768 621.319 0.788604 707.167 624.352 0.595055 690.774 705.032 0.388623 0 0 0 670.862 629.139 0.570785 664.762 700.244 0.461783 0 0 0 0 0 0 0 0 0 697.625 481.09 0.167954 663.038 483.696 0.361671 0
0 111 36 0 0 0 681.777 514.363 0.80047 708.011 510.863 0.748455 0 0 0 0 0 0 660.873 518.934 0.752534 632.382 579.787 0.771165 599.553 619.135 0.825025 708.686 620.871 0.530027 691.948 704.148 0.264724 0 0 0 673.039 626.528 0.542954 676.504 711.329 0.439868 0 0 0 0 0 0 0 0 0 697.841 479.345 0.142787 663.037 481.964 0.329488 0
0 111 37 0 0 0 681.56 512.605 0.797758 706.496 508.474 0.760507 0 0 0 0 0 0 661.522 517.62 0.751884 632.822 578.475 0.78147 599.543 617.179 0.820807 708.9 620.222 0.563791 692.602 704.148 0.340725 0 0 0 674.346 626.095 0.576213 677.37 711.329 0.487161 0 0 0 0 0 0 0 0 0 698.425 477.814 0.144495 663.039 480.218 0.348309 0
0 111 38 0 0 0 681.35 510.864 0.765017 705.199 506.084 0.575264 0 0 0 0 0 0 661.962 516.307 0.710267 633.697 577.166 0.74843 599.977 615.655 0.796548 708.689 620.219 0.451023 693.253 705.884 0.233136 0 0 0 675.634 625.661 0.517588 677.587 712.632 0.469614 0 0 0 0 0 0 0 0 0 699.01 476.282 0.1 663.042 478.262 0.207582 0
0 111 39 0 0 0 681.566 509.128 0.690072 704.765 503.918 0.491365 0 0 0 0 0 0 662.61 514.783 0.671444 635.225 575.644 0.680524 601.277 614.132 0.737887 708.908 620.218 0.330988 693.899 706.097 0.111411 0 0 0 676.498 625.662 0.451864 678.016 712.634 0.362519 0 0 0 0 0 0 0 0 0 699.594 474.75 0.1 663.053 476.73 0.179676 0
0 111 40 0 0 0 681.569 507.603 0.756837 703.467 502.179 0.610395 0 0 0 0 0 0 663.486 513.266 0.742823 636.955 574.552 0.770422 602.162 613.688 0.766259 708.694 620.647 0.506961 693.899 708.054 0.172836 0 0 0 677.795 626.312 0.540335 678.442 714.156 0.47371 0 0 0 0 0 0 0 0 0 700.178 473.219 0.139563 662.847 475.208 0.382932 0
0 111 41 0 0 0 681.353 506.947 0.683274 701.739 501.302 0.466493 0 0 0 0 0 0 664.144 512.18 0.705918 638.695 573.679 0.724692 604.11 613.456 0.770289 708.478 619.342 0.379319 693.896 706.528 0.112427 0 0 0 678.238 625.003 0.489212 678.655 714.154 0.425924 0 0 0 0 0 0 0 0 0 0 0 0 663.051 473.895 0.227121 0
0 111 42 0 0 0 681.143 506.513 0.656499 700.226 501.078 0.430705 0 0 0 0 0 0 665.006 511.304 0.693729 640.434 573.459 0.695315 606.058 613.463 0.710625 708.476 619.124 0.352118 693.679 706.528 0.154733 0 0 0 678.897 625.004 0.473282 678.666 714.153 0.381229 0 0 0 0 0 0 0 0 0 0 0 0 663.061 473.028 0.17294 0
0 111 43 0 0 0 681.353 506.73 0.675646 699.576 501.73 0.486759 0 0 0 0 0 0 665.44 511.519 0.718687 641.955 573.885 0.725692 607.582 613.889 0.678232 708.7 619.126 0.399492 693.678 706.526 0.118676 0 0 0 679.553 625.222 0.47342 678.675 714.152 0.321083 0 0 0 0 0 0 0 0 0 0 0 0 663.284 472.808 0.231143 0
0 111 44 0 0 0 681.364 506.952 0.711799 699.357 502.589 0.526607 0 0 0 0 0 0 665.662 511.948 0.710667 643.265 574.758 0.733886 608.451 614.327 0.708514 709.359 621.301 0.378678 693.897 709.574 0.135444 0 0 0 680.218 627.177 0.468729 678.891 714.155 0.326797 0 0 0 0 0 0 0 0 0 0 0 0 663.494 472.8 0.196146 0
0 111 45 0 0 0 681.572 506.947 0.635498 698.065 502.806 0.454087 0 0 0 0 0 0 666.315 511.082 0.650796 645.006 574.763 0.697839 610.404 614.56 0.707254 709.574 620.867 0.32008 695.203 708.489 0.108686 0 0 0 680.872 626.743 0.409492 679.112 714.155 0.283796 0 0 0 0 0 0 0 0 0 0 0 0 663.711 472.365 0.123802 0
0 111 46 0 0 0 681.57 506.958 0.747356 697.839 503.02 0.582224 0 0 0 0 0 0 666.535 511.302 0.692526 646.31 576.063 0.778863 612.139 615.004 0.762384 711.309 621.956 0.421597 696.726 706.228 0.189667 0 0 0 681.311 627.398 0.532381 679.448 714.156 0.413465 0 0 0 0 0 0 0 0 0 0 0 0 663.921 472.373 0.276085 0
0 111 47 0 0 0 681.57 507.834 0.783035 697.629 504.322 0.655501 0 0 0 0 0 0 666.529 512.6 0.71348 647.393 577.575 0.75435 613.658 615.665 0.767525 713.259 623.48 0.453278 698.251 704.532 0.227749 0 0 0 681.752 628.92 0.546869 680.103 714.159 0.45684 0 0 0 0 0 0 0 0 0 696.476 473.742 0.105788 663.914 473.029 0.420476 0
0 111 48 0 0 0 681.344 509.135 0.7915 696.759 505.632 0.662926 0 0 0 0 0 0 666.522 514.119 0.75915 647.829 579.308 0.784062 614.317 617.19 0.809088 714.769 625 0.494633 699.341 704.707 0.200994 0 0 0 681.974 629.569 0.557268 680.694 714.16 0.450836 0 0 0 0 0 0 0 0 0 696.504 474.69 0.130583 663.902 473.691 0.400855 0
0 111 49 0 0 0 681.339 510.658 0.715814 696.749 507.379 0.601507 0 0 0 0 0 0 666.725 515.638 0.671906 648.387 581.047 0.689541 615.292 618.28 0.760303 715.852 626.524 0.357039 700.862 704.141 0.112906 0 0 0 682.306 630.655 0.404697 681.428 714.16 0.304039 0 0 0 0 0 0 0 0 0 696.532 475.638 0.110926 664.111 474.35 0.341909 1
0 111 50 0 0 0 681.347 512.394 0.394788 696.963 509.337 0.270256 0 0 0 0 0 0 666.933 517.157 0.401856 649.257 583.009 0.400578 615.517 619.806 0.558202 716.288 628.48 0.115432 702.384 705.664 0.1 0 0 0 682.956 632.833 0.147784 682.297 714.161 0.1 0 0 0 0 0 0 0 0 0 0 0 0 663.895 475.875 0.125938 0
0 111 51 0 0 0 681.341 514.128 0.537016 696.96 510.864 0.403954 0 0 0 0 0 0 666.717 518.675 0.572808 650.554 584.543 0.54588 615.742 621.532 0.642215 717.162 631.306 0.191853 701.891 703.055 0.1 0 0 0 683.603 635.442 0.243542 683.596 714.163 0.192656 0 0 0 0 0 0 0 0 0 0 0 0 663.886 477.61 0.211171 0
0 111 52 0 0 0 681.124 515.869 0.390436 696.743 512.601 0.280077 0 0 0 0 0 0 666.502 520.41 0.417981 651.861 586.068 0.322888 615.972 623.056 0.353924 718.027 635.218 0.117188 698.956 697.839 0.1 0 0 0 684.472 639.356 0.14256 680.549 710.54 0.1 0 0 0 0 0 0 0 0 0 0 0 0 663.874 479.346 0.164281 0
0 111 53 0 0 0 681.326 518.684 0.1 696.532 514.783 0.1 0 0 0 0 0 0 666.723 522.803 0.1 652.942 588.027 0.1 617.049 624.583 0.1 718.239 637.608 0.1 692.918 690.013 0.1 0 0 0 685.332 642.184 0.1 672.944 703.289 0.1 0 0 0 0 0 0 0 0 0 0 0 0 663.877 481.521 0.1 127
0 111 54 0 0 0 681.114 521.933 0.702609 696.521 517.619 0.540892 0 0 0 0 0 0 666.934 525.64 0.725968 654.017 590.635 0.678498 617.054 626.533 0.69589 718.019 642.173 0.351817 683.998 682.406 0.1012 0 0 0 685.545 646.748 0.401538 660.988 692.413 0.301115 0 0 0 0 0 0 0 0 0 694.564 479.329 0.0890794 663.886 484.13 0.402626 0
0 111 55 0 0 0 681.123 525.413 0.611397 696.526 521.316 0.434453 0 0 0 0 0 0 667.367 528.687 0.63633 654.88 593.688 0.542126 616.847 628.925 0.597383 716.068 645.218 0.251615 672.698 674.666 0.1 0 0 0 685.972 650.228 0.270279 648.927 681.53 0.113189 0 0 0 0 0 0 0 0 0 694.614 481.332 0.116921 664.971 487.168 0.438607 0
0 111 56 644.809 488.258 0.154128 681.334 528.68 0.685818 696.523 524.802 0.485526 0 0 0 0 0 0 668.246 531.739 0.668013 655.536 597.171 0.61833 615.978 631.524 0.73917 713.466 649.345 0.277371 661.183 666.793 0.1 0 0 0 685.973 654.145 0.365862 636.753 670.647 0.1 0 0 0 0 0 0 649.813 480.969 0.188234 0 0 0 666.706 490.429 0.53751 0
0 111 57 645.065 494.021 0.516178 681.553 533.031 0.750957 696.298 529.782 0.604229 676.907 586.906 0.0811544 0 0 0 669.767 536.525 0.738976 656.405 600.884 0.742882 615.102 634.556 0.797391 712.384 655.863 0.436265 650.75 658.795 0.1 0 0 0 687.486 661.097 0.506989 624.434 659.764 0.1 0 0 0 0 0 0 650.135 486.863 0.550409 0 0 0 668.453 493.91 0.708791 0
0 111 58 645.322 499.783 0.589156 681.552 537.173 0.768713 695.644 534.338 0.587018 669.611 592.271 0.146034 638.416 588.95 0.437062 671.07 541.737 0.726011 656.728 605.667 0.735417 613.903 637.378 0.795113 713.033 663.041 0.362104 635.921 646.351 0.198673 613.694 692.288 0.234437 689.115 669.793 0.535762 606.072 643.984 0.797502 571.307 714.155 0.539237 0 0 0 650.457 492.757 0.652299 0 0 0 669.984 498.476 0.675397 1
0 111 59 645.578 505.546 0.893432 681.334 541.314 0.768584 693.472 537.815 0.623596 667.751 592.468 0.149136 637.889 592.851 0.483385 672.168 547.392 0.68753 657.372 610.459 0.720884 612.389 639.785 0.793328 711.51 669.785 0.340853 621.092 633.907 0.235526 611.726 695.236 0.311911 691.071 676.535 0.533893 587.709 628.204 0.788042 571.291 714.154 0.606868 648.065 493.249 0.186353 650.779 498.651 0.799853 0 0 0 671.292 503.48 0.664688 1
0 111 60 645.835 511.308 0.90349 681.108 546.101 0.723931 690.215 541.72 0.56056 665.891 592.664 0.133435 637.361 596.753 0.340263 673.909 553.485 0.665996 657.376 615.891 0.751682 610.877 641.967 0.836955 707.382 674.348 0.286068 606.262 621.462 0.234971 609.122 702.419 0.385212 692.595 681.321 0.546248 569.346 612.424 0.803037 569.983 711.544 0.560963 647.399 499.935 0.408633 651.101 504.546 0.752964 0 0 0 671.743 508.908 0.664625 1
0 111 61 646.044 516.963 0.848185 680.891 551.103 0.741035 687.173 545.639 0.532261 664.031 592.861 0.170912 636.834 600.655 0.472074 675.865 559.567 0.70975 657.59 621.545 0.760413 610 645.017 0.895903 703.467 678.698 0.334644 591.433 609.018 0.200451 607.18 712.201 0.266943 694.549 685.887 0.545978 550.983 596.645 0.756582 568.004 707.632 0.489059 646.734 506.622 0.568066 651.102 510.845 0.771749 0 0 0 671.973 514.347 0.611661 1
0 111 62 645.829 523.261 0.870262 680.674 556.107 0.743935 684.774 550.208 0.473464 662.171 593.058 0.163731 636.307 604.557 0.454372 677.601 565.219 0.71284 658.248 626.972 0.705092 608.924 648.489 0.87089 700.425 684.569 0.317712 0 0 0 0 0 0 696.507 691.977 0.409701 0 0 0 0 0 0 646.068 513.309 0.532229 650.892 516.499 0.741472 0 0 0 671.977 519.575 0.703434 1
0 111 63 645.391 529.138 0.856852 680.453 561.109 0.778422 681.304 554.328 0.518532 660.214 594.791 0.316139 635.215 608.459 0.694911 679.777 571.301 0.751232 659.116 632.623 0.812338 608.701 651.965 0.899249 697.163 688.703 0.247371 0 0 0 0 0 0 699.334 697.629 0.447605 0 0 0 0 0 0 645.402 519.995 0.428156 650.67 522.594 0.878161 0 0 0 671.966 525.441 0.714345 1
0 111 64 644.961 534.796 0.8556 680.23 566.313 0.787421 677.828 558.891 0.617235 658.04 596.094 0.396567 633.472 613.234 0.746306 682.166 577.168 0.734595 660.206 637.402 0.76043 608.913 655.442 0.914987 694.126 692.4 0.35997 0 0 0 0 0 0 702.166 702.844 0.508907 0 0 0 0 0 0 644.531 526.504 0.290309 650.442 529.103 0.842622 0 0 0 671.315 531.086 0.683849 1
0 111 65 644.531 540.45 0.818451 679.791 571.306 0.773681 673.915 563.662 0.544381 655.003 596.967 0.350354 631.296 617.153 0.716855 684.545 582.6 0.763832 661.298 642.192 0.791455 609.776 659.132 0.86024 691.735 695.453 0.341365 0 0 0 0 0 0 705.427 707.625 0.440271 0 0 0 0 0 0 644.086 532.373 0.243064 649.79 534.552 0.882041 0 0 0 670.663 536.514 0.767797 1
0 111 66 644.325 546.311 0.804253 679.137 575.652 0.720302 669.144 567.583 0.575724 651.303 599.135 0.344113 627.814 621.723 0.76242 686.501 586.515 0.758028 662.386 647.175 0.797238 610.647 662.391 0.87815 687.604 695.896 0.235962 0 0 0 0 0 0 707.384 709.805 0.411999 0 0 0 0 0 0 643.87 537.812 0.106577 649.565 539.787 0.860992 0 0 0 670.652 541.52 0.715503 1
0 111 67 644.323 551.517 0.857262 678.695 579.99 0.769276 665.017 571.276 0.594385 647.828 600.654 0.684565 623.906 626.064 0.801128 688.246 590.219 0.746462 663.692 651.092 0.801912 611.741 665.648 0.947362 682.603 695.46 0.392473 0 0 0 0 0 0 708.903 709.805 0.463717 0 0 0 0 0 0 643.655 542.821 0.13552 649.56 544.574 0.825913 0 0 0 670.854 546.295 0.720588 1
0 111 68 644.112 556.087 0.884886 677.814 584.329 0.829709 661.974 575.62 0.60195 644.353 603.478 0.638047 620 630.409 0.868797 689.546 593.479 0.766028 664.565 654.993 0.783576 613.25 668.904 0.886867 680.643 695.678 0.408291 0 0 0 0 0 0 709.992 711.324 0.452388 0 0 0 0 0 0 643.221 546.956 0.172295 649.357 549.147 0.932153 0 0 0 671.068 551.072 0.779422 0
0 111 69 644.113 559.799 0.875949 676.946 588.026 0.829504 660.022 579.541 0.635959 641.52 606.948 0.635997 615.86 634.759 0.858683 690.415 596.097 0.792627 666.088 658.243 0.803675 614.771 672.168 0.939193 680.638 696.988 0.427579 0 0 0 0 0 0 711.295 713.279 0.440706 0 0 0 0 0 0 642.577 551.513 0.282294 649.375 553.705 0.975037 0 0 0 672.138 554.775 0.785394 0
0 111 70 644.115 563.281 0.90697 675.637 591.498 0.803202 657.413 583.452 0.705879 637.824 611.078 0.653059 610.861 639.762 0.797414 691.496 598.495 0.816489 667.403 660.638 0.793396 616.072 674.564 0.965337 679.991 697.425 0.443444 0 0 0 0 0 0 711.733 714.149 0.438939 0 0 0 0 0 0 642.151 554.996 0.563746 649.593 557.189 0.906876 0 0 0 673.002 558.467 0.862044 0
0 111 71 643.688 566.54 0.914544 673.9 593.895 0.771763 653.499 586.273 0.593678 633.26 614.554 0.722768 605.432 644.985 0.888678 692.578 600.668 0.797241 668.92 662.817 0.814995 617.379 676.956 0.937124 677.817 696.771 0.469853 0 0 0 0 0 0 711.958 714.147 0.461291 0 0 0 0 0 0 640.869 558.263 0.687717 649.809 560.67 0.848225 0 0 0 673.659 562.158 0.81632 0
0 111 72 643.259 569.579 0.921769 672.154 595.861 0.777873 650.228 588.674 0.647417 629.555 618.043 0.781229 600.22 650.424 0.907088 692.366 601.976 0.793388 670.23 664.127 0.81182 618.256 679.351 0.999522 676.516 696.993 0.428875 0 0 0 0 0 0 712.177 714.147 0.444176 0 0 0 0 0 0 640.01 561.081 0.713151 650.021 563.49 0.877983 0 0 0 674.094 565.204 0.827669 0
0 111 73 642.396 572.82 0.920243 670.19 597.607 0.796936 646.534 590.639 0.615885 624.992 622.387 0.802252 595.01 655.647 0.854267 691.937 603.067 0.802453 671.74 665.653 0.837915 619.343 681.951 0.955062 675.201 697.427 0.378191 0 0 0 0 0 0 712.176 714.146 0.437733 0 0 0 0 0 0 639.353 563.271 0.749498 649.821 565.892 0.923519 0 0 0 673.88 568.261 0.86072 0
0 111 74 641.312 575.65 0.882938 668.021 599.139 0.857749 643.055 592.167 0.679676 621.291 626.299 0.783004 591.094 661.73 0.894942 691.076 604.59 0.778915 672.605 667.603 0.801796 620.216 684.132 0.944915 673.895 698.074 0.428862 575.226 696.489 0.125794 0 0 0 712.177 714.147 0.454508 0 0 0 0 0 0 638.063 565.457 0.873549 649.601 568.928 0.95526 0 0 0 673.019 571.527 0.847629 0
0 111 75 639.798 577.833 0.851798 665.418 600.235 0.877074 640.009 593.684 0.692811 618.033 629.788 0.839307 588.48 667.384 0.982675 689.565 605.459 0.753961 673.473 669.131 0.76802 621.301 686.314 0.882386 672.589 700.027 0.495509 569.342 696.481 0.185744 545.888 714.166 0.140744 712.18 714.148 0.485392 627.994 714.163 0.107062 0 0 0 636.537 568.069 0.929534 648.944 571.963 0.945317 0 0 0 671.297 574.778 0.788157 0
0 111 76 638.278 580.013 0.866239 662.594 601.544 0.873192 636.528 595.438 0.710827 614.548 634.14 0.84763 586.734 673.261 0.858808 688.049 606.329 0.745089 674.561 670.215 0.791641 622.601 688.495 0.87781 670.85 702.201 0.466876 0 0 0 0 0 0 711.96 714.149 0.477008 0 0 0 0 0 0 635.013 571.103 0.966481 648.065 574.782 0.931925 0 0 0 669.56 577.383 0.780119 0
0 111 77 636.748 582.403 0.921908 659.994 603.281 0.839646 632.833 597.831 0.788615 611.069 639.57 0.770328 584.992 680.655 0.87545 686.95 607.626 0.731534 675.641 670.874 0.799172 624.136 692.401 0.873806 667.593 704.156 0.45907 569.346 714.166 0.0528599 0 0 0 710.222 714.149 0.468513 631.943 714.186 0.0583581 0 0 0 632.847 573.929 0.992884 646.533 577.167 0.903007 0 0 0 667.822 579.56 0.799689 0
0 111 78 634.152 585.219 0.972064 657.172 605.229 0.822837 628.919 600.651 0.792323 607.599 644.581 0.758626 583.474 687.615 0.639019 685.426 609.139 0.720164 676.078 672.179 0.770685 625.655 696.096 0.841074 663.9 705.676 0.429557 0 0 0 0 0 0 708.049 714.147 0.460972 633.93 714.189 0.076111 0 0 0 630.456 576.113 0.950931 644.777 579.137 0.909715 0 0 0 665.443 581.739 0.856987 0
0 111 79 631.551 588.036 0.99479 653.917 606.972 0.778323 624.355 603.252 0.765656 604.331 648.926 0.820505 583.256 693.49 0.526332 683.255 610.447 0.750275 676.724 673.687 0.77078 627.186 699.786 0.776265 657.157 707.413 0.44646 561.532 714.201 0.0891227 0 0 0 702.824 714.148 0.452751 647.46 714.2 0.0652586 0 0 0 628.485 578.282 0.908969 642.816 581.306 0.902089 0 0 0 662.84 583.922 0.880759 0
0 111 80 629.157 590.429 0.958391 650.447 608.919 0.798799 620.005 605.652 0.778984 600.85 652.84 0.729653 582.603 698.929 0.431605 680.654 611.75 0.765612 677.164 674.986 0.731201 629.138 703.05 0.681389 650.201 709.376 0.414447 0 0 0 0 0 0 696.733 714.152 0.408354 0 0 0 0 0 0 626.301 580.455 0.920851 640.846 583.691 0.892472 0 0 0 660.441 586.098 0.874262 0
0 111 81 626.767 592.811 0.872927 646.973 611.086 0.840238 615.442 608.477 0.816163 596.295 658.275 0.765324 581.953 703.713 0.402772 678.481 613.487 0.803519 676.944 677.8 0.73648 630.441 706.096 0.591666 643.025 711.329 0.444272 0 0 0 0 0 0 690.646 714.156 0.403947 0 0 0 0 0 0 623.896 582.639 0.903096 638.247 586.3 0.923601 0 0 0 658.042 588.275 0.867015 0
0 111 82 624.58 594.787 0.84378 643.713 613.265 0.842423 611.311 611.079 0.7561 593.893 663.93 0.673948 581.948 707.417 0.401932 676.086 615.438 0.80114 677.169 680.409 0.731574 632.511 708.286 0.560731 636.72 712.854 0.435274 0 0 0 0 0 0 685.429 714.161 0.385016 0 0 0 0 0 0 620.858 585.457 0.96701 635.629 588.907 0.932947 0 0 0 655.645 590.437 0.772558 0
0 111 83 622.395 597.391 0.885361 640.661 615.862 0.842447 606.532 613.689 0.763877 589.77 669.58 0.652663 580.863 710.248 0.430956 673.909 616.746 0.776865 678.031 682.152 0.747818 635.992 710.465 0.553178 629.115 714.163 0.41231 0 0 0 0 0 0 679.123 714.166 0.461932 0 0 0 0 0 0 617.805 588.489 0.975751 632.595 591.084 0.933755 0 0 0 653.463 592.177 0.788322 0
0 111 84 619.994 600.425 0.957108 638.254 618.466 0.872815 602.403 616.522 0.790824 586.297 674.787 0.543397 579.56 712.428 0.379106 672.172 618.487 0.76672 679.332 683.242 0.71759 641.428 712.426 0.45086 621.949 714.168 0.386513 567.383 714.205 0.0679919 0 0 0 673.685 714.17 0.417749 0 0 0 0 0 0 614.561 590.887 0.908714 629.564 593.258 0.870765 0 0 0 651.493 594.131 0.772699 0
0 111 85 617.601 603.468 0.961164 635.65 621.297 0.870686 598.494 619.772 0.743036 582.819 679.781 0.390963 577.612 714.167 0.291385 670.426 621.089 0.770081 679.549 686.07 0.616322 646.151 713.479 0.306827 614.782 714.173 0.345374 0 0 0 0 0 0 667.821 714.175 0.354083 0 0 0 0 0 0 611.523 593.068 0.847394 626.75 595.444 0.842229 0 0 0 649.115 596.308 0.787517 0
0 111 86 615.212 606.497 0.923515 633.033 623.483 0.824602 595.005 622.384 0.715069 579.347 683.695 0.53663 575.863 714.172 0.183927 668.69 623.06 0.762839 679.771 688.686 0.517387 650.873 714.532 0.1 608.479 714.178 0.265575 0 0 0 0 0 0 662.817 714.182 0.278254 0 0 0 0 0 0 609.341 595.254 0.841918 624.792 598.274 0.852031 0 0 0 646.724 599.129 0.763853 0
0 111 87 613.254 609.328 0.865126 630.859 625.668 0.815335 591.739 624.568 0.746911 576.297 689.344 0.544216 573.579 714.177 0.19521 667.391 625.246 0.774513 680.418 691.516 0.625413 655.595 715.586 0.123556 603.046 714.183 0.275727 0 0 0 0 0 0 659.913 714.188 0.265538 0 0 0 0 0 0 607.385 598.501 0.934893 623.05 601.526 0.875994 0 0 0 644.766 602.16 0.794307 0
0 111 88 611.302 612.806 0.843559 629.123 628.714 0.824438 589.56 626.756 0.743517 574.127 694.784 0.582701 571.296 714.181 0.187873 666.31 628.71 0.739987 680.637 695.44 0.532479 660.318 716.639 0.116772 600.006 714.187 0.218087 0 0 0 0 0 0 657.01 714.195 0.24253 725.871 714.152 0.057886 0 0 0 605.436 601.769 0.933573 621.31 604.795 0.897011 0 0 0 643.242 605.201 0.768529 0
0 111 89 609.567 616.285 0.862589 627.807 632.19 0.808579 587.829 630.228 0.760056 572.388 700.218 0.602242 569.012 714.186 0.162312 665.435 632.183 0.760689 680.853 699.144 0.521522 0 0 0 598.702 714.191 0.20292 0 0 0 0 0 0 654.106 714.202 0.154273 0 0 0 0 0 0 603.7 605.242 0.9171 619.579 608.272 0.866852 0 0 0 641.514 608.459 0.703988 0
0 111 90 608.04 619.992 0.883341 626.503 635.667 0.827254 586.749 633.709 0.796194 571.514 703.912 0.63753 566.729 714.191 0.133112 664.771 635.451 0.819008 681.504 701.546 0.59883 0 0 0 596.748 714.195 0.182186 0 0 0 0 0 0 651.203 714.209 0.144519 0 0 0 0 0 0 602.181 609.372 0.916533 618.48 612.179 0.868359 0 0 0 640.006 612.149 0.723754 0
0 111 91 606.315 624.549 0.855295 624.989 639.793 0.793784 585.439 637.843 0.784809 569.346 706.306 0.566949 0 0 0 663.905 639.368 0.792122 681.499 703.941 0.536624 0 0 0 594.795 714.199 0.130681 0 0 0 0 0 0 657.383 714.203 0.0919374 0 0 0 0 0 0 601.085 613.286 0.942427 617.39 616.09 0.905542 0 0 0 638.705 615.853 0.77685 0
0 111 92 604.801 629.108 0.89521 623.473 643.934 0.764556 584.778 642.624 0.733414 568.689 708.487 0.541755 0 0 0 662.819 643.702 0.764226 681.283 706.34 0.464761 0 0 0 592.841 714.203 0.117595 0 0 0 0 0 0 0 0 0 0 0 0 0 0 0 599.784 617.426 0.92734 616.508 620.65 0.918565 0 0 0 637.189 619.982 0.757109 0
0 111 93 603.713 633.468 0.900216 621.753 648.284 0.80281 583.901 647.623 0.771158 568.026 710.45 0.521339 0 0 0 661.51 648.264 0.734577 680.196 709.39 0.49986 0 0 0 590.887 714.207 0.102427 0 0 0 0 0 0 663.296 714.212 0.0672965 0 0 0 0 0 0 598.475 622.621 0.886967 615.634 625.64 0.854233 0 0 0 635.674 624.757 0.723 0
0 111 94 602.619 638.473 0.864398 620.434 653.059 0.798637 582.376 652.843 0.738209 567.373 712.412 0.493729 0 0 0 659.987 652.18 0.722108 679.109 710.92 0.509805 0 0 0 588.904 714.204 0.07636 0 0 0 0 0 0 667.18 714.218 0.0573095 0 0 0 0 0 0 596.955 627.621 0.840809 614.973 630.635 0.871526 0 0 0 634.588 629.54 0.709268 0
0 111 95 601.538 643.695 0.873968 618.486 658.272 0.820779 580.642 658.286 0.733576 566.93 714.16 0.401782 0 0 0 658.247 656.955 0.712412 677.815 712.874 0.422802 0 0 0 0 0 0 0 0 0 0 0 0 0 0 0 0 0 0 0 0 0 595.228 632.84 0.849279 613.673 635.423 0.878061 0 0 0 633.498 634.11 0.788954 0
0 111 96 600.445 648.914 0.920101 616.309 663.27 0.880352 578.686 663.505 0.758362 565.634 714.169 0.309331 0 0 0 656.299 661.735 0.747559 675.645 714.186 0.323851 0 0 0 0 0 0 0 0 0 0 0 0 0 0 0 0 0 0 0 0 0 593.692 638.055 0.804894 611.951 640.634 0.806514 0 0 0 632.408 639.112 0.710399 0
0 111 97 598.919 654.133 0.872904 614.138 667.83 0.842845 576.517 668.721 0.713945 564.336 714.176 0.249712 0 0 0 654.551 665.871 0.756736 673.037 714.193 0.241446 0 0 0 0 0 0 0 0 0 0 0 0 0 0 0 0 0 0 0 0 0 591.95 643.275 0.837229 610.418 645.849 0.842568 579.13 641.739 0.0738626 630.885 644.323 0.708666 0
0 111 98 597.165 659.556 0.908323 611.968 672.841 0.8074 573.901 673.93 0.770187 562.824 714.182 0.217791 0 0 0 652.806 670.879 0.746301 670.042 714.2 0.222022 0 0 0 0 0 0 0 0 0 0 0 0 0 0 0 0 0 0 0 0 0 589.778 648.5 0.876568 608.466 651.282 0.844583 581.357 645.927 0.134465 629.143 649.543 0.788758 0
0 111 99 595.204 664.766 0.939336 609.787 677.846 0.806869 570.862 679.138 0.788244 561.299 714.187 0.140392 0 0 0 650.205 676.077 0.783587 667.047 714.206 0.232484 0 0 0 0 0 0 0 0 0 0 0 0 0 0 0 0 0 0 0 0 0 587.169 653.715 0.860933 606.296 656.497 0.78687 576.533 648.927 0.263788 627.175 654.758 0.664272 0
0 111 100 592.81 670.195 0.850576 607.817 682.202 0.802741 567.823 685.225 0.790994 559.772 714.193 0.134571 0 0 0 647.391 680.431 0.80393 664.053 714.213 0.106318 0 0 0 0 0 0 0 0 0 0 0 0 0 0 0 0 0 0 0 0 0 584.35 658.938 0.903517 603.472 661.721 0.862062 573.282 654.157 0.163681 625.212 659.971 0.691477 0
0 111 101 589.764 675.408 0.895882 604.776 687.849 0.797897 564.568 690.664 0.720927 558.245 714.199 0.134187 0 0 0 644.562 684.366 0.730521 661.058 714.219 0.100791 0 0 0 0 0 0 0 0 0 0 0 0 0 0 0 0 0 0 0 0 0 581.737 664.152 0.903542 600.439 666.936 0.906908 570.365 660.005 0.121978 622.597 664.981 0.708268 0
0 111 102 586.274 680.614 0.941236 602.029 692.971 0.811639 561.38 695.91 0.658043 556.718 714.204 0.13671 0 0 0 641.695 688.941 0.73034 649.484 714.223 0.0895996 0 0 0 0 0 0 0 0 0 0 0 0 0 0 0 0 0 0 0 0 0 578.928 669.082 0.839561 597.177 672.185 0.836305 0 0 0 619.624 669.944 0.770761 0
0 111 103 582.785 685.82 0.926271 599.283 698.092 0.786081 558.192 701.155 0.612179 555.191 714.21 0.124252 0 0 0 638.828 693.515 0.707145 647.516 714.224 0.0793124 0 0 0 0 0 0 0 0 0 0 0 0 0 0 0 0 0 0 0 0 0 576.12 674.013 0.845438 593.915 677.435 0.832669 0 0 0 616.65 674.908 0.728876 0
0 111 104 579.296 691.026 0.895008 596.536 703.213 0.618217 555.003 706.4 0.449289 0 0 0 0 0 0 635.962 698.09 0.624666 643.659 714.224 0.0617813 0 0 0 0 0 0 0 0 0 0 0 0 0 0 0 0 0 0 0 0 0 573.312 678.943 0.93139 590.652 682.685 0.862666 567.393 680.763 0.0532009 613.677 679.871 0.76596 0
0 111 105 575.807 696.232 0.959137 593.79 708.335 0.528104 551.815 711.645 0.433266 0 0 0 0 0 0 633.095 702.664 0.538201 0 0 0 0 0 0 0 0 0 0 0 0 0 0 0 0 0 0 0 0 0 0 0 0 570.504 683.874 0.898255 587.39 687.935 0.902092 563.453 680.951 0.0845428 610.704 684.835 0.694187 0
0 111 106 569.312 698.508 0.892418 584.968 714.181 0.374265 543.956 714.183 0.287879 0 0 0 0 0 0 620.196 714.173 0.332694 0 0 0 0 0 0 0 0 0 0 0 0 0 0 0 0 0 0 0 0 0 0 0 0 561.556 692.562 0.832708 582.963 694.514 0.924339 555.668 684.784 0.052674 602.59 694.542 0.824022 0
