0 111 23 61.1894 85.6502 0.856369 52.1884 111.631 0.921402 29.4295 129.56 0.820285 47.6792 175.922 0.841398 73.9619 206.42 0.842922 72.5538 90.5746 0.81601 107.106 114.388 0.793415 124.271 128.488 0.368562 77.4502 179.34 0.728535 104.325 214.524 0.651885 150.391 279.163 0.721102 102.958 157.071 0.698467 125.744 177.688 0.216674 144.799 187.823 0.0674133 54.0412 83.4515 0.884181 58.4308 79.8618 0.770269 36.4707 92.1002 0.812063 0 0 0 0
0 111 24 70.5094 89.7814 0.84605 61.1546 114.484 0.863744 38.5971 132.987 0.843871 56.5186 178.896 0.83255 83.2428 209.002 0.858094 81.4832 93.5839 0.796629 115.872 117.584 0.870434 134.02 130.933 0.522481 86.6175 182.818 0.727514 113.945 218.505 0.658583 159.535 283.185 0.657486 112.595 159.975 0.711104 137.084 177.066 0.164535 0 0 0 62.9772 87.4275 0.841725 68.0106 83.5399 0.484209 45.1792 95.3258 0.750871 0 0 0 0
0 111 25 79.8293 93.9127 0.822875 70.1208 117.336 0.937805 47.7647 136.413 0.835934 65.358 181.871 0.874706 92.5238 211.583 0.820096 90.4126 96.5931 0.799086 124.638 120.781 0.816908 143.769 133.378 0.563737 95.7848 186.296 0.71443 123.565 222.485 0.618975 168.678 287.206 0.692037 122.233 162.88 0.742179 148.425 176.444 0.380809 112.475 260.744 0.662641 71.9132 91.4035 0.820047 77.5905 87.218 0.357812 53.8876 98.5514 0.839708 0 0 0 0
0 111 26 89.1492 98.044 0.911237 79.087 120.188 0.903688 56.9323 139.84 0.811303 74.1975 184.845 0.815192 101.805 214.165 0.817076 99.342 99.6024 0.901021 133.404 123.978 0.759259 153.518 135.823 0.515123 104.952 189.775 0.719837 133.184 226.465 0.610887 177.821 291.228 0.644478 131.871 165.784 0.717589 159.766 175.821 0.430385 127.107 255.93 0.693981 80.8492 95.3795 0.802611 87.1703 90.8961 0.75489 62.596 101.777 0.832593 0 0 0 0
0 111 27 98.4691 102.175 0.906832 88.0532 123.04 0.851068 66.0999 143.267 0.798862 83.0369 187.82 0.787406 111.086 216.747 0.766694 108.271 102.612 0.787955 142.17 127.175 0.881053 163.267 138.268 0.637482 114.119 193.253 0.749676 142.804 230.445 0.557329 186.965 295.25 0.600768 141.509 168.689 0.686397 171.107 175.199 0.404715 141.74 251.116 0.1 89.7852 99.3555 0.872694 96.7502 94.5742 0.720395 71.3044 105.003 0.857738 0 0 0 0
0 111 28 108.03 105.434 0.794984 96.7482 125.435 0.857067 75.2287 146.524 0.79455 92.3714 191.076 0.769303 120.859 219.36 0.722242 116.955 105.224 0.860187 150.222 129.784 0.852353 171.75 140.446 0.580195 123.03 196.284 0.78384 151.505 233.485 0.606753 196.1 299.17 0.57223 150.415 171.29 0.762568 180.452 176.512 0.433734 156.372 246.302 0.214351 98.9186 102.616 0.852812 106.517 97.3976 0.624735 80.2258 107.61 0.78223 0 0 0 0
0 111 29 116.73 108.272 0.871223 105.443 128.049 0.902679 83.9237 149.768 0.830415 101.07 194.332 0.868192 129.779 222.398 0.756989 125.446 107.84 0.768206 158.687 132.814 0.873096 180.015 142.406 0.44137 132.159 199.33 0.712401 159.553 236.309 0.622876 201.325 301.338 0.713257 159.33 173.693 0.660054 189.143 178.684 0.240013 171.004 241.488 0.1 107.615 105.86 0.792554 115.429 100.002 0.55726 88.6997 109.999 0.803492 0 0 0 0
0 111 30 125.423 110.883 0.833678 114.134 130.448 0.908756 92.4079 153.023 0.759658 109.77 197.385 0.807876 138.903 225.44 0.764266 133.926 110.229 0.803336 167.149 135.208 0.728229 188.488 144.794 0.336161 141.077 201.936 0.707686 167.158 239.782 0.687191 205.258 303.302 0.792149 168.031 176.08 0.66667 201.955 176.081 0.189756 183.173 238.449 0.1 116.1 108.89 0.744303 124.557 102.387 0.375471 97.1756 112.176 0.814446 0 0 0 0
0 111 31 134.113 112.847 0.888065 122.4 133.053 0.866006 100.889 156.054 0.827503 118.901 200.43 0.868533 148.026 228.707 0.853663 142.604 112.401 0.878777 175.402 137.17 0.793705 197.403 146.53 0.497331 149.12 204.33 0.74978 174.343 243.043 0.772194 208.514 305.049 0.787253 176.064 178.904 0.714092 215.644 174.345 0.15187 195.561 235.631 0.126866 124.365 110.855 0.817617 133.258 104.991 0.758854 105.443 114.132 0.868538 131.133 101.824 0.143016 0
0 111 32 142.803 114.592 0.865258 130.878 135.439 0.894572 109.15 158.01 0.81602 127.61 202.814 0.870026 156.946 231.955 0.809909 150.869 114.367 0.8388 183.238 139.345 0.784859 205.445 148.276 0.505399 156.517 206.295 0.70288 180.224 246.303 0.797035 210.694 306.361 0.763385 183.468 181.725 0.673284 222.17 182.609 0.255343 205.89 235.851 0.105254 132.852 112.793 0.845225 141.952 106.94 0.602315 113.929 115.872 0.871668 0 0 0 0
0 111 33 151.495 116.32 0.921287 139.149 137.61 0.855876 117.42 159.757 0.862293 135.872 204.99 0.872079 165.648 234.786 0.830795 159.358 116.538 0.868096 191.716 141.507 0.780558 213.691 150.888 0.60589 164.992 208.478 0.747899 185.656 249.351 0.711974 212.22 307.015 0.802787 192.165 184.334 0.705232 230.862 185.216 0.224449 214.372 238.676 0.185997 141.542 114.519 0.862505 150.856 108.469 0.61946 122.202 116.967 0.813642 0 0 0 0
0 111 34 160.181 117.625 0.896216 147.826 139.354 0.880366 125.898 161.709 0.812357 144.558 206.949 0.885681 174.126 237.178 0.838898 167.618 118.494 0.835261 199.116 143.236 0.798959 218.047 154.365 0.565379 172.163 210.651 0.736771 190.652 251.307 0.736846 212.444 307.221 0.796514 199.344 186.293 0.691483 238.032 191.089 0.266788 221.688 241.792 0.228534 149.807 116.034 0.873202 159.547 109.992 0.620366 130.685 118.276 0.901552 0 0 0 0
0 111 35 168.234 119.155 0.949152 156.307 141.081 0.847276 134.374 163.017 0.836129 152.819 208.905 0.823665 182.396 239.784 0.821558 176.294 120.438 0.846931 207.158 144.538 0.817689 225.874 156.32 0.587497 178.897 212.395 0.778625 194.579 252.39 0.791375 212.657 307.212 0.779024 205.652 188.906 0.705674 242.156 201.09 0.377479 227.414 246.501 0.451081 158.272 117.345 0.902848 167.811 111.308 0.8311 139.163 119.799 0.945009 0 0 0 0
0 111 36 177.164 120.676 0.934666 164.363 143.022 0.897049 143.061 164.327 0.835257 161.291 210.852 0.898204 190.876 242.818 0.822573 184.776 122.178 0.795166 215.635 146.492 0.761506 235.437 157.839 0.402977 186.289 214.141 0.71906 198.933 254.341 0.756882 212.863 306.998 0.775171 213.049 191.292 0.678513 250.41 204.573 0.274054 232.616 249.993 0.285646 168.051 118.65 0.970771 176.726 112.395 0.808393 148.075 121.33 0.928814 0 0 0 0
0 111 37 186.081 122.623 0.887205 173.059 145.624 0.876353 152.188 166.079 0.838278 169.782 212.815 0.812583 199.134 245.637 0.76407 193.258 124.35 0.833049 224.112 148.878 0.820875 244.135 160.871 0.505621 193.693 216.113 0.78012 205.02 257.164 0.749447 212.867 306.784 0.806292 220.878 194.122 0.697308 259.325 207.83 0.244259 239.348 254.562 0.272586 176.968 120.397 0.990487 185.647 114.139 0.687324 156.775 123.075 0.847734 0 0 0 0
0 111 38 195.637 124.79 0.894098 182.196 148.02 0.917841 161.319 167.612 0.772454 178.044 214.34 0.858552 207.599 248.466 0.674453 202.173 127.173 0.76278 233.242 152.364 0.788804 256.304 162.825 0.543144 201.962 218.277 0.709489 214.358 259.549 0.664883 225.686 309.393 0.81656 229.349 196.731 0.697122 269.329 206.102 0.274156 247.072 255.76 0.523247 185.893 122.359 0.874247 194.992 116.74 0.607835 166.123 125.248 0.882236 0 0 0 0
0 111 39 204.782 128.043 0.855822 191.323 151.058 0.894422 170.879 169.581 0.774464 186.085 216.508 0.787314 215.01 251.513 0.736918 211.944 130.444 0.822521 243.24 156.279 0.820292 266.514 166.084 0.532443 211.311 220.243 0.75166 224.58 262.381 0.709848 239.58 312.862 0.851046 238.905 199.338 0.659674 280.419 204.8 0.19822 255.997 256.628 0.135708 196.094 124.765 0.881445 204.135 119.789 0.647142 176.115 128.296 0.898334 0 0 0 0
0 111 40 215.007 131.287 0.919601 200.662 153.889 0.888747 180.862 171.98 0.815125 194.564 219.333 0.875717 223.488 254.987 0.712862 220.857 133.707 0.824963 252.153 159.752 0.774574 275.202 170.214 0.521848 220.874 223.279 0.754103 236.305 266.081 0.574282 253.057 316.547 0.859194 248.03 201.736 0.704338 290.859 203.487 0.271031 265.78 257.718 0.391484 206.742 127.799 0.827601 214.35 122.397 0.602965 186.549 131.546 0.898481 0 0 0 0
0 111 41 225.23 134.546 0.941794 210.657 156.724 0.89122 190.861 175.025 0.816712 203.252 222.383 0.896679 231.745 258.467 0.79197 230.847 137.182 0.783501 261.708 163.448 0.780926 282.159 175.206 0.518416 230.871 226.538 0.716167 248.905 263.475 0.295735 262.397 313.712 0.853726 257.806 204.573 0.709764 301.951 201.537 0.417742 275.126 259.672 0.30821 217.178 131.059 0.890451 224.565 125.231 0.635997 196.991 135.008 0.950852 0 0 0 0
0 111 42 235.238 137.816 0.840583 220.229 159.986 0.864251 201.275 178.279 0.73173 212.158 225.431 0.774058 240.428 261.735 0.810024 241.055 140.876 0.810421 271.275 167.592 0.753985 292.825 178.25 0.438356 241.094 229.805 0.669301 259.994 266.938 0.612848 276.524 316.975 0.643145 267.373 208.05 0.633165 312.174 200.886 0.349346 286.209 260.113 0.1 227.607 134.534 0.892756 234.571 128.705 0.624638 207.639 138.481 0.79917 0 0 0 0
0 111 43 245.465 140.438 0.873796 230.449 163.243 0.935448 211.056 181.093 0.839929 220.639 228.47 0.772137 248.905 265.645 0.747694 251.068 144.568 0.794569 281.264 172.167 0.736603 301.954 182.38 0.462139 251.097 232.852 0.726789 271.094 269.985 0.525243 290.43 320.244 0.698107 277.155 211.529 0.73228 322.176 200.886 0.68688 296.426 260.988 0.262679 237.825 137.79 0.868386 244.582 132.166 0.395151 218.282 141.525 0.861312 0 0 0 0
0 111 44 255.681 143.042 0.895569 240.232 166.499 0.89556 220.841 183.91 0.749402 228.899 230.642 0.76035 257.164 269.122 0.781213 261.294 148.049 0.794339 290.615 176.947 0.72226 309.998 187.601 0.549485 260.45 235.681 0.662494 281.737 273.25 0.535285 304.776 323.5 0.657825 286.938 214.358 0.717435 330.227 205.228 0.596818 308.15 268.164 0.187888 248.057 140.409 0.795664 254.585 135.418 0.442787 228.506 144.35 0.891 0 0 0 0
0 111 45 266.099 146.302 0.8903 250.228 169.551 0.851039 230.405 186.943 0.756594 237.591 233.688 0.825596 265.213 272.604 0.759875 270.862 151.511 0.811042 299.526 181.083 0.824192 315.222 194.341 0.436781 270.226 239.159 0.713204 291.739 276.941 0.258884 318.485 326.534 0.418292 296.72 218.049 0.734545 338.064 209.359 0.754992 317.824 274.46 0.324934 258.059 143.236 0.903357 264.809 138.678 0.431666 238.719 147.603 0.947321 0 0 0 0
0 111 46 276.308 149.132 0.875969 260.005 171.735 0.858203 239.534 188.678 0.814308 244.991 235.426 0.825092 272.826 275.22 0.812871 281.292 154.766 0.800552 308.653 185.436 0.77369 321.515 200.215 0.532597 278.475 242.195 0.730882 301.306 280.199 0.678459 332.177 328.265 0.630436 304.979 221.093 0.678611 343.71 217.61 0.313096 324.997 277.943 0.149813 268.271 145.633 0.92128 274.593 141.503 0.481852 249.144 150.646 0.836673 0 0 0 0
0 111 47 285.865 151.958 0.905398 269.14 173.908 0.888781 248.227 190.841 0.794331 253.462 238.037 0.813287 280.224 278.262 0.72753 291.068 157.162 0.799022 317.128 188.695 0.800649 322.827 208.263 0.403931 286.948 245.463 0.724485 306.522 283.686 0.444802 334.782 327.182 0.361426 313.905 225.439 0.733777 344.789 230.646 0.561259 331.833 286.309 0.325457 278.26 148.03 0.890259 284.164 143.481 0.372294 258.489 153.466 0.853453 0 0 0 0
0 111 48 295.861 153.704 0.855112 278.492 176.3 0.867392 256.924 193.011 0.840385 261.506 240.435 0.823401 288.256 280.875 0.723548 300.411 159.981 0.864152 325.177 192.174 0.724347 331.961 210.87 0.320052 293.676 248.933 0.722762 311.961 285.426 0.628923 336.089 326.964 0.557352 321.077 229.139 0.655865 350.217 239.125 0.276061 336.823 292.617 0.176802 287.827 150.415 0.962428 293.938 145.434 0.610455 267.851 155.429 0.847656 0 0 0 0
0 111 49 305.209 155.669 0.931969 287.409 178.911 0.938811 265.41 195.397 0.817288 269.329 242.822 0.841761 295.647 284.126 0.639098 309.987 162.807 0.808409 333.869 196.082 0.831302 341.747 213.04 0.550339 300.85 251.109 0.710732 320.01 283.906 0.538092 337.61 323.494 0.496984 328.476 232.39 0.599456 357.395 242.174 0.139113 342.252 297.829 0.1 297.391 152.599 0.865392 302.856 148.044 0.666587 277.624 157.603 0.914139 0 0 0 0
0 111 50 314.331 157.836 0.867381 296.1 181.517 0.886921 273.465 197.355 0.872679 276.515 245.211 0.839901 303.254 287.394 0.659003 318.899 165.847 0.88702 341.277 199.569 0.786184 350.443 214.995 0.479728 307.584 253.711 0.694257 328.268 288.468 0.308358 343.693 327.193 0.435197 335.428 235.428 0.685965 364.343 245.636 0.348415 348.342 301.964 0.450476 306.946 154.568 0.901339 311.77 150.643 0.562817 286.538 160.213 0.899684 0 0 0 0
0 111 51 323.675 160.869 0.904467 304.578 183.919 0.921306 281.94 199.542 0.848092 284.553 248.257 0.850119 310.863 291.085 0.675632 327.384 168.466 0.769818 348.892 203.045 0.8369 357.391 218.475 0.609849 313.676 256.524 0.731846 338.483 286.959 0.392513 346.509 325.438 0.436414 342.166 238.035 0.674936 372.166 248.246 0.60425 353.557 307.394 0.427654 315.864 157.183 0.791765 320.684 152.823 0.624887 295.447 163.248 0.86138 0 0 0 0
0 111 52 332.583 164.122 0.861161 313.059 187.183 0.798578 289.993 202.805 0.823909 291.742 251.733 0.863645 318.246 294.565 0.765056 336.283 172.157 0.794442 356.299 206.952 0.78877 367.392 220.863 0.499036 320.846 259.778 0.70743 345.441 290.875 0.536255 354.985 331.738 0.574097 349.568 241.506 0.696525 379.772 251.297 0.342641 361.603 310.221 0.330003 325.206 160.235 0.797652 329.802 155.659 0.193781 304.149 166.281 0.941722 0 0 0 0
0 111 53 342.14 167.383 0.841881 321.111 190.674 0.859311 298.467 206.5 0.754331 299.996 255.856 0.833224 325.429 298.043 0.723647 344.762 175.849 0.744371 364.554 210.652 0.900952 377.392 222.385 0.62902 328.014 263.039 0.695228 353.916 294.353 0.321659 362.812 338.047 0.450321 356.527 244.775 0.750427 391.945 246.516 0.495172 368.027 306.966 0.264365 334.543 163.702 0.910836 339.356 159.124 0.392695 313.068 169.324 0.853284 0 0 0 0
0 111 54 351.273 170.002 0.896001 329.8 194.36 0.842223 307.166 209.766 0.829212 307.178 259.124 0.87106 332.826 300.866 0.776413 353.034 179.777 0.81854 372.814 215.426 0.826577 391.08 222.384 0.569941 334.977 266.297 0.676895 362.395 297.623 0.333296 371.282 344.345 0.58246 363.695 248.253 0.731852 401.724 244.785 0.714298 375.32 307.621 0.485476 344.101 166.757 0.863256 348.797 162.491 0.302472 323.285 171.944 0.88008 0 0 0 0
0 111 55 360.406 173.476 0.815311 338.067 198.266 0.889129 315.861 213.464 0.809244 315.645 263.469 0.822985 340.224 304.772 0.664176 361.518 184.347 0.752289 381.071 219.768 0.822971 402.823 224.122 0.453136 342.587 269.994 0.649729 370.647 301.324 0.339964 379.972 352.174 0.592507 371.523 252.386 0.748946 409.338 248.92 0.736169 383.362 311.527 0.381516 354.092 170.018 0.854945 358.142 165.971 0.310161 332.63 175.423 0.883164 0 0 0 0
0 111 56 369.976 176.737 0.907664 346.975 202.179 0.817213 325.636 216.962 0.779565 323.267 267.597 0.867362 348.696 307.821 0.788645 370.432 189.115 0.76583 389.127 223.899 0.763276 414.559 226.291 0.464707 349.327 273.46 0.726287 379.353 304.799 0.610707 387.147 359.562 0.520215 378.034 255.421 0.718675 421.513 249.345 0.555511 390.767 311.748 0.194891 363.442 173.281 0.866983 367.27 169.434 0.298612 342.636 178.901 0.943483 0 0 0 0
0 111 57 378.901 180.205 0.877474 356.104 205.877 0.875634 334.559 220.227 0.827551 331.754 271.506 0.846628 357.39 311.075 0.726875 379.134 193.24 0.811846 397.177 228.021 0.822613 419.345 233.463 0.389264 357.591 277.161 0.678686 387.177 308.93 0.619005 394.545 365.434 0.604734 386.294 259.766 0.702881 428.686 254.557 0.391903 399.899 314.132 0.1 373.005 176.109 0.88154 376.408 172.697 0.211846 351.977 182.362 0.915101 0 0 0 0
0 111 58 388.674 183.455 0.794696 364.811 209.133 0.898087 343.683 222.837 0.782647 340.449 274.555 0.87989 365.665 313.248 0.725315 388.254 197.15 0.771681 405.662 231.292 0.77949 428.472 236.721 0.494692 365.204 281.075 0.737473 391.529 315.879 0.721606 401.942 374.341 0.660865 394.546 263.898 0.69183 435.42 263.693 0.290928 407.517 318.052 0.214243 382.353 179.142 0.892936 386.603 175.52 0.1 361.325 185.407 0.843983 0 0 0 0
0 111 59 397.818 186.284 0.893573 373.728 211.964 0.83198 353.019 224.8 0.886538 349.131 276.95 0.875502 373.929 314.989 0.702604 396.948 200.84 0.77633 414.571 234.109 0.726439 436.73 238.906 0.296745 373.032 284.129 0.694886 395.231 322.629 0.698096 408.913 382.817 0.746202 402.375 268.034 0.714585 440.854 273.704 0.511202 416.425 321.319 0.286393 391.914 181.531 0.863032 396.162 178.041 0.185153 371.523 187.794 0.863753 0 0 0 0
0 111 60 407.378 188.027 0.75934 382.634 214.786 0.858277 361.937 227.181 0.821199 357.843 279.552 0.822963 383.058 316.942 0.752092 405.428 204.092 0.757633 423.707 235.626 0.675456 447.175 237.602 0.21858 381.068 287.392 0.733256 398.277 329.582 0.733519 414.364 390.43 0.745482 410.631 272.159 0.699143 447.374 282.617 0.401165 422.947 327.625 0.391812 401.914 183.053 0.829327 405.721 180.562 0.311012 380.88 189.538 0.869888 0 0 0 0
0 111 61 417.164 189.76 0.839635 391.544 216.736 0.805157 371.708 227.63 0.803723 366.751 281.298 0.870544 391.981 319.11 0.647414 413.915 206.491 0.817477 432.172 238.673 0.664347 452.171 243.475 0.30358 388.244 290.225 0.662322 404.786 331.532 0.776894 414.38 389.994 0.789243 417.798 275.653 0.594526 452.377 292.615 0.376573 428.596 334.582 0.161761 411.274 184.358 0.849364 415.279 183.082 0.13888 391.103 191.055 0.882574 0 0 0 0
0 111 62 426.519 191.068 0.867754 400.665 218.261 0.858929 380.838 228.071 0.841936 375.673 283.254 0.852786 401.752 320.851 0.7655 422.602 208.458 0.773499 440.223 240.201 0.489307 460.002 245.206 0.234435 396.067 292.829 0.717116 410.449 333.483 0.749889 414.811 389.565 0.78815 424.978 278.913 0.656276 458.884 301.316 0.385344 435.005 339.797 0.197766 421.273 185.445 0.79793 424.838 185.603 0.21443 401.315 192.358 0.922439 0 0 0 0
0 111 63 436.3 192.585 0.813124 409.367 219.786 0.826547 390.193 229.371 0.828778 385.676 285.426 0.865966 411.096 323.027 0.730118 431.076 210.197 0.804697 447.833 241.296 0.455924 465.333 249.769 0.322542 403.236 295.003 0.684052 417.172 336.081 0.787027 415.249 389.565 0.836813 431.73 281.738 0.638245 462.801 311.521 0.256887 442.174 343.27 0.15695 430.846 186.968 0.849696 0 0 0 410.444 193.661 0.898542 0 0 0 0
0 111 64 446.306 193.251 0.817942 418.922 221.318 0.861184 399.329 230.885 0.824119 395.024 286.952 0.850706 421.089 323.248 0.70351 439.775 212.16 0.772661 456.309 243.479 0.636061 470.989 255.423 0.418832 411.494 297.394 0.720381 422.837 338.46 0.685981 415.692 389.35 0.824039 439.982 284.998 0.655476 472.147 314.568 0.316286 450.002 345.88 0.37944 440.415 188.474 0.805954 0 0 0 420.455 194.31 0.895177 0 0 0 0
0 111 65 455.886 194.77 0.76545 427.84 223.06 0.868424 408.261 232.615 0.828512 405.235 289.34 0.836147 431.313 325.858 0.744782 448.68 214.115 0.77847 464.131 245.872 0.444446 477.521 260.209 0.12713 419.756 300.012 0.739589 429.569 340.858 0.732459 416.129 389.352 0.852116 447.606 288.268 0.651174 479.323 320.013 0.145977 458.907 349.301 0.100554 450.634 189.786 0.742455 0 0 0 430.452 195.193 0.870365 0 0 0 0
0 111 66 466.091 196.517 0.800905 436.962 224.8 0.845306 418.468 234.357 0.838337 415.445 291.519 0.860978 441.099 328.464 0.601537 457.374 215.86 0.733098 472.392 248.919 0.372622 486.216 263.696 0.171552 427.373 302.832 0.728296 437.175 343.903 0.741669 416.779 389.137 0.88397 454.783 291.103 0.638247 485.197 324.805 0.103809 468.034 354.625 0.1 460.208 191.529 0.796637 0 0 0 440.24 196.508 0.853672 0 0 0 0
0 111 67 476.31 198.271 0.822757 446.088 227.183 0.879857 428.253 236.532 0.791553 424.801 294.347 0.721994 451.957 331.518 0.494598 464.995 217.828 0.721237 480.22 252.835 0.247112 490.895 271.15 0.1 435.848 305.663 0.740154 444.345 347.388 0.710644 418.076 388.916 0.876592 462.187 294.577 0.613156 491.074 330.236 0.135434 479.113 360.105 0.135628 470.43 193.485 0.810573 0 0 0 450.679 198.255 0.877993 0 0 0 0
0 111 68 486.526 200.668 0.843674 455.865 229.789 0.835189 438.264 239.787 0.79282 435.028 298.257 0.697217 462.83 334.992 0.432428 474.783 220.44 0.760746 488.694 256.972 0.364541 496.121 279.953 0.125173 443.898 308.919 0.738857 451.517 352.16 0.737029 419.804 388.264 0.860851 470.443 297.838 0.615123 499.779 334.151 0.289021 490.197 367.052 0.207464 480.654 196.308 0.865392 0 0 0 460.693 200.227 0.886037 0 0 0 0
0 111 69 496.751 203.929 0.812505 466.079 232.179 0.815908 448.495 242.607 0.877979 444.805 301.517 0.813351 473.694 338.027 0.645642 484.56 222.835 0.735789 497.599 261.543 0.484959 500.579 290.77 0.334712 453.04 311.75 0.718319 465.208 353.245 0.681114 434.361 389.358 0.857221 479.361 300.453 0.684767 511.521 335.453 0.159691 500.2 366.404 0.1 490.873 199.351 0.891738 492.976 195.62 0.0873489 471.129 202.619 0.815774 0 0 0 0
0 111 70 506.534 206.973 0.806571 476.299 234.582 0.855069 459.363 246.294 0.804402 455.454 305.002 0.768141 484.565 340.43 0.555447 494.552 225.655 0.745889 507.169 264.149 0.311185 509.501 294.899 0.129882 461.954 314.362 0.773674 474.351 358.027 0.642022 438.053 389.144 0.842058 487.836 303.71 0.603011 518.703 340.66 0.204746 510.636 371.625 0.1 501.089 202.177 0.741996 0 0 0 481.558 205.243 0.885248 0 0 0 0
0 111 71 516.528 210.235 0.742281 486.307 237.404 0.804101 470.017 249.561 0.734741 465.873 308.266 0.771421 495.43 343.477 0.703109 503.689 228.691 0.649141 518.473 266.1 0.160929 521.887 296.212 0.1 470.439 316.54 0.711218 486.307 360.639 0.691042 443.707 390.001 0.854037 496.306 306.312 0.605333 527.619 341.961 0.177282 520.205 376.187 0.1 511.302 205.003 0.732904 0 0 0 491.557 208.283 0.905352 0 0 0 0
0 111 72 526.314 213.287 0.709587 496.088 240.876 0.795097 480.436 251.968 0.810844 475.221 311.304 0.807298 505.864 346.082 0.761222 513.245 232.602 0.620076 527.609 270.654 0.19876 529.82 300.346 0.1 479.36 318.711 0.722294 497.839 361.947 0.605432 458.477 391.523 0.836775 505.21 309.145 0.631687 535.885 343.925 0.301726 528.253 380.755 0.465246 521.093 208.036 0.801061 0 0 0 501.992 211.529 0.812146 0 0 0 0
0 111 73 535.662 216.744 0.678993 505.23 244.115 0.828752 491.517 254.155 0.841848 485.232 314.131 0.777388 516.52 350.001 0.716596 521.723 234.995 0.631068 536.09 273.693 0.136323 539.161 301.975 0.1 487.197 320.239 0.586375 509.784 362.825 0.377387 472.385 393.044 0.601499 512.176 311.099 0.522648 540.675 347.624 0.123226 535.859 385.533 0.143713 531.097 211.086 0.730977 0 0 0 512.421 214.576 0.87541 0 0 0 0
0 111 74 545.644 219.36 0.603618 514.782 246.936 0.767701 501.726 255.899 0.771622 495.667 314.577 0.729787 526.518 350.001 0.721859 529.556 237.831 0.662865 544.793 276.728 0.258831 549.36 303.491 0.113107 495.013 321.104 0.661161 520.226 363.259 0.696681 486.297 394.999 0.845484 519.561 312.62 0.594834 548.715 347.619 0.274467 543.252 388.414 0.289724 541.092 214.328 0.75161 0 0 0 523.069 217.183 0.837981 0 0 0 0
0 111 75 555.43 221.756 0.708266 523.278 249.1 0.829172 511.076 257.42 0.781969 506.326 315.658 0.769313 536.955 351.958 0.627475 537.387 240.005 0.78967 553.705 278.687 0.698178 558.275 302.833 0.466139 502.187 321.333 0.761722 529.58 363.899 0.566749 499.565 398.033 0.831718 526.735 313.705 0.658504 558.277 347.828 0.386611 548.904 390.91 0.452079 551.522 217.159 0.747508 0 0 0 534.368 219.57 0.817328 0 0 0 0
0 111 76 564.559 224.576 0.703662 531.755 250.838 0.815599 520.425 259.377 0.79665 516.757 316.957 0.696082 545.869 352.391 0.613763 545.206 241.734 0.732237 560.882 280.204 0.295336 567.293 301.759 0.105529 508.278 321.759 0.707263 539.793 363.461 0.631323 513.264 401.081 0.607028 532.82 314.578 0.668054 566.532 347.829 0.473349 553.041 392.817 0.392075 561.525 219.344 0.741264 0 0 0 544.804 221.735 0.859759 0 0 0 0
0 111 77 574.122 227.605 0.593569 539.588 252.14 0.809714 530.201 261.333 0.76079 528.057 318.264 0.702316 556.518 354.346 0.562893 551.075 242.17 0.666167 567.844 280.748 0.13052 576.415 300.27 0.1 515.01 321.765 0.699186 550.225 362.165 0.685859 530.002 405.428 0.689788 536.521 315.436 0.584347 570.441 349.344 0.41905 552.18 393.039 0.449201 571.73 221.52 0.692237 0 0 0 555.662 223.902 0.83877 0 0 0 0
0 111 78 583.031 229.78 0.620677 546.989 253.226 0.787751 539.102 261.993 0.844111 538.059 317.619 0.655623 567.177 355.875 0.454467 556.729 243.25 0.697434 574.368 280.969 0.276042 585.64 298.366 0.106085 520.227 321.555 0.778775 554.358 364.343 0.68581 535.434 407.602 0.717712 539.346 316.732 0.62857 568.915 354.552 0.556586 553.485 398.249 0.64324 581.088 223.482 0.709764 0 0 0 566.525 225.645 0.857783 0 0 0 0
0 111 79 592.801 231.954 0.498295 554.81 254.3 0.811211 547.36 261.56 0.770075 547.621 317.391 0.648945 577.4 357.604 0.446422 564.131 244.128 0.615589 582.635 282.281 0.240802 596.066 297.494 0.101822 525.667 321.327 0.769554 561.307 362.818 0.740506 552.603 411.296 0.774708 545.221 316.725 0.553121 576.079 353.033 0.260112 562.402 396.28 0.430817 591.084 225.655 0.665155 0 0 0 576.3 227.381 0.88693 0 0 0 0
0 111 80 601.499 233.915 0.537973 562.845 254.954 0.692558 555.627 262.423 0.756314 558.064 318.694 0.655907 588.063 359.558 0.532152 570.87 244.35 0.534395 587.644 285.543 0.109959 599.322 302.921 0.1 531.097 321.33 0.729063 565.43 363.475 0.722707 568.906 414.35 0.778639 550.222 317.59 0.505219 579.776 355.43 0.502009 562.399 396.94 0.630818 600.001 228.046 0.702469 0 0 0 586.295 229.122 0.820876 0 0 0 1
0 111 81 610.835 236.089 0.358603 570.658 254.969 0.739096 564.107 264.371 0.592258 568.284 320.427 0.431641 599.583 362.168 0.516122 577.4 243.481 0.613296 594.713 286.859 0.1 608.301 305.379 0.1 536.084 321.117 0.741113 569.775 364.568 0.746473 576.521 417.167 0.697618 553.923 317.8 0.467684 586.067 355.421 0.297927 563.04 397.591 0.666213 609.773 230.225 0.481953 0 0 0 596.289 230.88 0.844367 0 0 0 1
0 111 82 619.53 238.488 0.276408 578.047 254.989 0.698249 571.732 265.89 0.614909 577.836 322.159 0.45575 610.235 364.773 0.18084 583.92 243.473 0.612863 601.027 289.476 0.195198 617.142 310.193 0.209697 541.301 321.334 0.733544 574.341 365.653 0.653656 585 419.557 0.76456 556.966 318.026 0.527043 587.59 356.927 0.438987 563.684 397.819 0.699181 618.476 232.402 0.388474 0 0 0 605.204 232.826 0.848515 0 0 0 1
0 111 83 627.797 241.53 0.486434 585.005 255.219 0.760902 578.693 267.4 0.644095 584.351 324.114 0.474909 615.452 365.207 0.241172 590.438 243.694 0.6336 607.221 293.183 0.606044 625.845 317.364 0.110096 546.09 322.423 0.74983 579.339 366.74 0.795163 594.771 422.151 0.827138 561.31 318.68 0.632517 592.591 355.844 0.4689 575.206 397.386 0.155903 626.744 234.586 0.5458 0 0 0 613.251 234.782 0.733207 0 0 0 1
0 111 84 635.615 244.788 0.402015 592.175 256.967 0.749768 586.75 270.651 0.650725 593.033 327.379 0.741773 625.235 367.816 0.696836 596.531 244.997 0.593686 612.221 298.407 0.191002 634.313 323.24 0.164526 551.296 323.927 0.702512 584.555 367.184 0.758742 605.201 422.811 0.814362 563.264 319.549 0.521209 591.513 356.283 0.204892 573.908 397.401 0.623819 634.582 238.046 0.471259 0 0 0 621.94 237.82 0.758856 0 0 0 1
0 111 85 642.798 248.699 0.3288 599.997 258.933 0.775944 595.668 273.694 0.669581 601.506 330.428 0.771941 636.54 371.515 0.759871 602.191 246.742 0.565908 618.418 305.08 0.1 642.906 333.653 0.1 556.942 325.673 0.66508 590.431 367.629 0.819112 615.64 423.676 0.830023 564.135 321.065 0.447105 590.646 356.502 0.141629 572.377 396.966 0.576995 642.121 241.201 0.448328 0 0 0 630.421 240.876 0.797946 0 0 0 1
0 111 86 649.943 252.126 0.562534 606.947 261.115 0.803234 603.929 276.303 0.660889 609.117 333.029 0.738535 645.238 374.126 0.788774 607.632 248.924 0.66111 624.615 311.753 0.1 651.5 344.065 0.1 561.947 327.627 0.682231 595.225 369.574 0.787283 621.726 424.103 0.81236 566.528 322.161 0.575967 591.079 356.284 0.29882 573.894 397.185 0.772535 649.659 244.356 0.693085 0 0 0 638.899 243.927 0.801064 0 0 0 1
0 111 87 657.087 255.552 0.650215 613.68 263.72 0.702285 612.419 280.432 0.674914 617.374 337.592 0.296547 653.495 377.599 0.118511 613.068 250.888 0.534391 630.812 318.427 0.1 660.093 354.478 0.119009 566.951 330.229 0.655389 600.443 371.528 0.67515 626.299 425.183 0.733043 568.268 323.687 0.526545 591.953 355.639 0.281445 575.413 397.836 0.387038 657.198 247.511 0.723149 0 0 0 646.724 247.618 0.728452 0 0 0 1
0 111 88 664.232 258.979 0.258299 619.771 266.546 0.823311 620.681 285.64 0.715049 625.418 341.94 0.716391 661.965 380.868 0.674879 616.531 252.406 0.670633 637.009 325.1 0.182878 668.687 364.891 0.337144 571.73 333.054 0.67166 603.488 369.801 0.729858 629.889 426.044 0.718114 567.181 325.425 0.547773 589.566 356.726 0.326206 567.365 401.312 0.808271 664.736 250.666 0.332308 0 0 0 655.422 251.955 0.76855 0 0 0 1
0 111 89 671.376 262.405 0.148497 625.642 269.372 0.853336 629.156 289.761 0.813975 632.385 345.421 0.795137 668.922 383.697 0.687754 620.452 254.157 0.821259 0 0 0 0 0 0 576.516 336.093 0.702788 610.228 371.537 0.686423 632.07 426.469 0.731746 567.173 327.167 0.711906 587.61 357.373 0.412899 568.237 402.613 0.852982 0 0 0 0 0 0 663.678 255.864 0.926721 644.83 242.6 0.197682 1
0 111 90 0 0 0 631.523 272.619 0.887894 636.559 293.012 0.739848 639.553 348.901 0.818067 675.446 386.1 0.738405 625.014 256.541 0.805593 0 0 0 0 0 0 581.52 338.918 0.704875 616.75 376.523 0.747796 634.244 426.048 0.791183 567.181 328.693 0.66635 584.358 358.463 0.465524 568.687 404.346 0.810369 0 0 0 0 0 0 670.864 259.549 0.874572 649.925 244.881 0.246165 1
0 111 91 0 0 0 637.611 275.874 0.832828 643.939 296.481 0.821449 646.297 352.164 0.818889 681.526 388.926 0.737503 629.363 258.939 0.721692 0 0 0 0 0 0 585.868 341.518 0.685642 621.104 379.567 0.682354 635.993 426.473 0.743301 568.271 330.21 0.660362 585.432 357.39 0.442589 568.706 405.864 0.745243 0 0 0 0 0 0 678.035 263.045 0.88057 655.02 247.162 0.374306 1
0 111 92 0 0 0 643.486 279.129 0.835984 652.623 300.399 0.76081 655.209 356.732 0.719405 691.313 396.094 0.725568 633.062 260.676 0.823794 0 0 0 0 0 0 589.79 343.255 0.649735 625.024 381.953 0.103628 636.875 426.263 0.1 566.969 331.079 0.692223 580.434 359.132 0.465591 556.087 408.688 0.751946 0 0 0 0 0 0 685.862 266.955 0.875273 660.115 249.443 0.470351 1
0 111 93 0 0 0 649.132 281.083 0.831209 659.561 302.365 0.842194 660.439 359.344 0.816424 696.32 398.486 0.775162 638.047 261.98 0.806919 0 0 0 0 0 0 593.498 344.783 0.632818 628.504 386.085 0.409468 637.744 426.918 0.649307 567.84 331.73 0.733613 580.001 359.132 0.49272 554.994 410.421 0.756236 0 0 0 0 0 0 691.957 270.006 0.953169 665.21 251.724 0.470441 1
0 111 94 0 0 0 654.134 282.61 0.844909 664.782 304.103 0.851961 665.664 361.511 0.848497 700.008 400.873 0.76158 643.471 263.065 0.808457 665.22 272.039 0.0570243 0 0 0 596.331 344.776 0.666427 629.805 389.332 0.462949 637.526 427.355 0.537909 570.23 330.653 0.731221 578.907 359.778 0.650597 553.267 411.716 0.832349 0 0 0 0 0 0 697.392 273.473 0.934945 670.008 253.691 0.467225 1
0 111 95 0 0 0 659.139 284.352 0.86986 669.782 305.198 0.801385 670.012 363.264 0.781412 703.489 402.825 0.753692 648.683 264.579 0.810712 665.369 273.874 0.0665292 0 0 0 598.943 344.771 0.69683 631.531 390.642 0.608438 638.181 427.354 0.703599 572.399 329.783 0.718684 577.608 359.994 0.541529 551.093 412.801 0.859508 0 0 0 0 0 0 702.178 276.727 0.859322 674.997 256.301 0.449177 1
0 111 96 0 0 0 663.926 286.094 0.900777 674.344 305.857 0.785398 674.356 364.78 0.863304 705.891 403.701 0.73361 653.255 266.313 0.817486 665.339 271.938 0.063682 0 0 0 601.76 344.117 0.696436 632.189 390.861 0.624277 638.391 427.137 0.729553 574.782 328.476 0.702401 575.65 360.639 0.691496 547.615 413.234 0.875751 0 0 0 0 0 0 706.957 279.555 0.938833 679.989 259.116 0.456869 1
0 111 97 0 0 0 667.837 287.403 0.909102 678.475 306.306 0.765867 678.693 365.866 0.854894 708.072 404.561 0.836621 657.397 267.837 0.7889 691.775 295.69 0.242757 723.839 334.571 0.144186 604.591 343.042 0.722497 635.658 394.123 0.466258 638.5 427.133 0.599798 577.168 326.965 0.66458 572.614 361.081 0.717141 543.698 413.455 0.826311 0 0 0 0 0 0 710.652 281.528 0.855593 683.699 261.284 0.362 1
0 111 98 0 0 0 671.529 288.713 0.883262 681.952 307.397 0.758081 682.175 366.312 0.868095 710.457 405.214 0.872029 661.953 269.566 0.771666 694.804 296.934 0.113544 0 0 0 606.984 341.955 0.741144 635.006 394.125 0.642767 638.714 427.138 0.692281 579.133 325.439 0.678976 569.357 361.945 0.808446 539.559 413.893 0.868707 0 0 0 0 0 0 713.912 283.707 0.882564 687.199 263.237 0.328597 1
0 111 99 0 0 0 674.786 289.59 0.872044 685.209 308.276 0.797075 685.444 366.545 0.818517 712.416 405.858 0.873246 665.64 271.088 0.764253 697.832 298.178 0.1 0 0 0 608.937 341.085 0.721363 633.696 390.878 0.640868 638.495 427.566 0.713681 581.081 324.13 0.68707 566.311 362.591 0.814178 535.419 413.909 0.857526 0 0 0 0 0 0 717.161 285.886 0.916559 690.458 264.985 0.411757 1
0 111 100 0 0 0 677.395 290.461 0.860568 688.248 309.584 0.803309 688.276 367.196 0.821426 714.378 405.858 0.816247 668.893 272.167 0.740704 700.861 299.422 0.1 0 0 0 610.898 340.439 0.740375 633.686 389.8 0.652716 638.484 427.566 0.762117 582.821 322.826 0.747524 563.268 363.899 0.808142 531.493 414.129 0.888138 0 0 0 0 0 0 719.986 288.269 0.892232 693.076 266.722 0.428356 1
0 111 101 0 0 0 679.785 291.33 0.869102 690.209 310.673 0.799186 690.454 367.62 0.857755 717.195 405.212 0.781727 671.938 273.038 0.731194 703.89 300.665 0.1 0 0 0 612.631 339.574 0.729187 633.891 389.587 0.730257 638.053 427.78 0.805186 584.566 321.733 0.787602 561.098 365.199 0.853602 527.158 414.358 0.901752 0 0 0 0 0 0 721.721 290.658 0.865683 695.898 268.459 0.371359 1
0 111 102 0 0 0 681.962 292.199 0.84437 691.958 311.966 0.800815 692.631 368.047 0.887024 718.925 404.776 0.77137 673.692 273.91 0.758866 705.841 299.588 0.110228 0 0 0 614.153 338.493 0.773444 633.446 387.843 0.825134 637.402 427.992 0.836523 586.309 320.642 0.786533 559.349 366.293 0.860244 523.683 414.789 0.872089 0 0 0 0 0 0 723.24 292.398 0.866208 698.502 270.192 0.415969 1
0 111 103 0 0 0 683.913 293.495 0.825348 693.697 312.834 0.794441 694.588 368.047 0.850129 720.446 403.914 0.761385 675.226 275.213 0.724159 708.227 301.366 0.348815 763.057 350.29 0.357424 615.678 338.927 0.769006 633.239 386.758 0.81185 636.542 428.208 0.812013 587.829 320.639 0.774178 557.623 366.956 0.877149 521.067 415.236 0.808105 0 0 0 0 0 0 724.76 293.704 0.740672 700.458 271.706 0.243912 1
0 111 104 0 0 0 685.429 294.359 0.818908 694.788 313.693 0.794921 696.328 368.04 0.819509 721.965 402.841 0.756677 676.75 276.299 0.737816 710.073 302.86 0.108187 0 0 0 617.193 339.36 0.750256 633.239 385.884 0.662058 635.681 428.214 0.782416 589.133 320.642 0.764296 556.315 367.827 0.855518 518.892 416.111 0.810322 0 0 0 0 0 0 725.422 294.792 0.782883 702.205 272.58 0.307154 1
0 111 105 0 0 0 686.734 295.011 0.832186 695.662 314.77 0.796021 698.068 368.05 0.829787 723.264 402.195 0.794604 678.265 276.953 0.725531 711.377 304.072 0.161847 0 0 0 618.07 340.011 0.77483 633.446 385.887 0.750611 635.249 428.436 0.791261 590.225 320.654 0.753777 555.879 368.489 0.864095 517.811 417.417 0.78171 0 0 0 0 0 0 725.857 295.663 0.754708 703.933 273.018 0.262343 1
0 111 106 0 0 0 688.033 295.876 0.825618 696.111 315.855 0.801381 699.384 368.28 0.79982 724.563 401.546 0.836953 679.356 277.602 0.706948 712.141 305.001 0.128939 0 0 0 618.725 340.875 0.769994 633.672 386.109 0.741337 635.026 428.444 0.772327 591.1 320.873 0.739857 555.88 369.357 0.86736 517.378 418.719 0.762852 0 0 0 0 0 0 726.081 296.745 0.753835 705.663 273.26 0.193439 1
0 111 107 0 0 0 689.112 296.523 0.814225 696.34 316.504 0.805242 701.103 368.499 0.796922 725.866 400.894 0.847301 680.008 278.038 0.720176 712.364 305.647 0.1 0 0 0 619.374 341.744 0.761368 633.667 386.324 0.751253 634.807 428.45 0.832531 591.969 321.094 0.72585 556.093 370.017 0.866875 517.381 420.223 0.775735 0 0 0 0 0 0 726.098 297.826 0.756664 707.176 273.495 0.19428 1
0 111 108 727.838 311.071 0.0549919 689.974 297.173 0.807684 696.772 316.934 0.811278 702.616 368.495 0.785 726.953 400.03 0.883883 680.235 278.478 0.684683 712.237 304.911 0.1 0 0 0 619.817 342.824 0.752869 633.683 386.541 0.731575 634.591 428.459 0.826927 592.839 321.318 0.731966 556.102 371.106 0.828732 517.82 421.739 0.770699 0 0 0 0 0 0 726.311 298.698 0.738603 708.262 273.934 0.168735 1
0 111 109 0 0 0 690.623 297.818 0.829746 696.992 316.932 0.808958 704.128 368.287 0.741275 728.252 399.587 0.834498 680.456 278.703 0.720936 712.11 304.176 0.1 0 0 0 620.461 343.472 0.722607 633.696 386.539 0.753277 634.378 428.472 0.868811 593.913 321.536 0.731062 556.328 372.395 0.814894 518.27 423.252 0.804135 0 0 0 0 0 0 726.317 299.555 0.792612 709.128 274.377 0.207532 1
0 111 110 0 0 0 691.268 298.247 0.845401 697.216 316.928 0.804698 705.438 368.072 0.74598 729.131 398.942 0.851787 680.673 278.923 0.727046 711.983 303.44 0.1 0 0 0 621.116 344.552 0.706757 633.713 386.323 0.745253 634.163 428.484 0.885809 594.988 321.763 0.74516 556.754 373.698 0.812862 519.348 424.764 0.83503 0 0 0 0 0 0 726.328 299.778 0.823835 709.778 274.605 0.197377 1
0 111 111 727.911 309.134 0.100533 691.702 298.896 0.855527 697.44 317.143 0.805437 706.949 367.856 0.809699 730.218 398.515 0.831859 680.889 279.357 0.731799 711.856 302.704 0.109799 0 0 0 622.195 345.416 0.700536 633.941 385.458 0.754512 633.947 428.492 0.885752 595.856 321.986 0.745033 557.194 374.995 0.800621 520.645 425.854 0.875981 0 0 0 0 0 0 726.536 300.422 0.84375 710.002 275.261 0.21101 1
0 111 112 727.749 314.931 0.0800958 691.926 299.12 0.848457 697.656 317.147 0.788635 708.468 367.853 0.824127 731.311 398.288 0.81583 681.316 279.789 0.732804 712.176 305.265 0.0904751 0 0 0 623.272 345.852 0.707434 634.374 385.031 0.628882 633.937 428.503 0.862228 596.512 322.207 0.740359 557.628 376.295 0.81091 521.511 427.164 0.889861 0 0 0 0 0 0 726.751 300.857 0.822867 710.224 276.128 0.215446 1
0 111 113 725.955 315.024 0.0822164 692.356 299.555 0.83395 698.088 317.151 0.789742 709.764 367.636 0.800978 732.396 398.06 0.77373 681.535 280.22 0.727371 694.497 283.703 0.0612258 0 0 0 624.144 346.285 0.693773 634.807 384.595 0.719566 633.932 428.515 0.894008 597.374 322.428 0.756102 558.062 377.374 0.800401 522.374 428.239 0.890483 0 0 0 0 0 0 726.969 301.509 0.817187 710.443 276.993 0.220913 1
0 111 114 725.958 316.835 0.0974648 692.79 300.2 0.854121 698.949 317.156 0.790032 710.645 367.414 0.850511 733.48 397.829 0.807542 681.754 280.874 0.73565 710.276 303.221 0.0793775 0 0 0 625.221 346.5 0.701589 635.035 384.38 0.685341 633.937 428.52 0.868395 598.021 322.852 0.756281 558.072 378.455 0.791208 523.028 428.683 0.892889 0 0 0 0 0 0 726.986 302.165 0.827545 710.665 277.865 0.242156 1
0 111 115 0 0 0 693.012 300.638 0.858739 699.805 317.366 0.784171 711.293 367.187 0.818126 734.131 397.604 0.792597 681.968 281.526 0.728276 712.14 305.195 0.0554805 0 0 0 626.294 346.499 0.679957 635.471 384.381 0.772241 633.946 428.528 0.90894 598.668 323.067 0.775534 558.28 379.321 0.806111 523.249 429.13 0.898977 0 0 0 0 0 0 727.205 302.604 0.845684 710.879 278.938 0.289255 1
0 111 116 725.893 318.765 0.0676062 693.238 301.289 0.853156 700.667 317.377 0.771713 711.518 366.962 0.803053 734.346 397.173 0.807903 681.973 282.391 0.718326 714.107 309.091 0.0580395 0 0 0 627.165 346.286 0.689117 635.698 384.386 0.773419 633.951 428.739 0.919384 599.318 323.074 0.769576 558.286 380.182 0.808027 523.249 429.36 0.898977 0 0 0 0 0 0 727.63 303.039 0.824854 711.086 280.224 0.267524 1
0 111 117 725.823 318.775 0.0794025 693.464 301.726 0.838245 701.533 317.6 0.744401 711.734 366.735 0.795977 734.127 397.163 0.815806 682.192 283.041 0.701424 714.176 318.915 0.0761529 0 0 0 628.031 346.071 0.680632 636.129 384.159 0.7771 633.957 428.743 0.921297 599.752 323.286 0.762677 558.49 380.614 0.816591 523.031 429.571 0.901134 0 0 0 0 0 0 727.854 303.472 0.750163 711.3 281.306 0.167142 1
0 111 118 725.934 316.94 0.0585718 693.898 302.165 0.866734 701.971 317.821 0.746342 711.734 366.501 0.784765 733.256 396.956 0.823203 682.632 283.903 0.744706 716.083 316.962 0.0649229 0 0 0 628.683 345.855 0.685139 636.556 384.156 0.760909 633.959 428.95 0.904597 599.972 323.287 0.766742 558.491 380.623 0.823965 522.587 429.584 0.891979 0 0 0 0 0 0 728.071 303.706 0.765828 711.522 282.593 0.225922 1
0 111 119 727.954 316.851 0.0895501 694.12 302.603 0.893488 702.187 318.041 0.768638 711.728 366.285 0.807535 732.595 397.158 0.848758 683.281 284.766 0.744702 719.994 314.976 0.08851 0 0 0 629.325 345.211 0.70022 637.194 383.939 0.778524 633.943 429.163 0.911066 600.193 323.282 0.785551 558.275 380.618 0.842595 521.938 429.582 0.880849 0 0 0 0 0 0 728.288 304.144 0.835924 711.745 283.884 0.24436 1
0 111 120 0 0 0 694.339 302.829 0.89292 702.831 318.05 0.76023 711.73 366.067 0.804735 731.723 397.152 0.831113 683.709 285.627 0.764422 724.062 316.093 0.149324 0 0 0 629.543 344.784 0.709146 637.628 383.93 0.788793 633.932 429.375 0.913538 600.41 323.283 0.783964 557.846 380.612 0.840476 520.859 429.58 0.893766 0 0 0 0 0 0 728.73 304.37 0.814921 711.962 284.748 0.367887 1
0 111 121 0 0 0 694.556 303.052 0.876186 703.695 318.272 0.734976 711.73 365.862 0.820652 730.849 397.159 0.885432 683.715 286.06 0.753663 724.286 316.513 0.11533 0 0 0 629.766 344.572 0.70569 638.272 383.918 0.75617 633.924 429.586 0.912945 600.626 323.279 0.788102 557.412 380.603 0.845476 519.562 429.576 0.883218 0 0 0 0 0 0 729.162 304.593 0.804008 712.168 285.393 0.371787 1
0 111 122 725.355 318.99 0.139919 694.569 303.484 0.874364 704.558 318.92 0.716562 711.728 365.862 0.804684 729.767 397.159 0.949536 683.716 286.283 0.72691 724.509 316.932 0.309329 759.128 352.214 0.0765054 630.193 344.362 0.719181 638.709 383.917 0.756858 633.714 429.801 0.903612 600.639 323.277 0.782523 556.982 380.392 0.835906 518.051 429.375 0.856441 0 0 0 0 0 0 729.586 304.812 0.811963 712.162 286.04 0.315027 1
0 111 123 725.586 318.984 0.137871 694.572 303.702 0.879136 704.774 319.351 0.747596 711.712 365.863 0.819183 728.687 397.161 0.921417 683.717 286.495 0.716534 724.733 317.352 0.37348 761.14 350.285 0.170513 630.201 344.148 0.700449 639.352 383.904 0.799487 633.701 430.012 0.920797 600.651 323.067 0.783677 556.761 379.964 0.806051 516.744 429.152 0.847202 0 0 0 0 0 0 729.792 305.035 0.760847 712.16 286.68 0.312595 1
0 111 124 725.816 318.978 0.1 694.572 303.922 0.846799 704.564 319.57 0.729748 711.504 365.868 0.784 727.823 397.379 0.892625 683.932 286.72 0.712671 724.956 317.771 0.187216 0 0 0 630.213 344.576 0.698306 639.348 384.759 0.789995 633.687 430.22 0.919668 600.656 323.28 0.784729 556.533 379.752 0.807908 515.445 428.927 0.836939 0 0 0 0 0 0 729.569 305.251 0.74671 712.161 287.121 0.364906 1
0 111 125 726.047 318.972 0.1 694.57 304.142 0.843826 704.564 319.785 0.732652 711.502 366.077 0.789829 727.177 397.804 0.874844 683.932 286.946 0.717873 725.166 317.778 0.152914 0 0 0 630.421 344.791 0.703158 639.558 385.191 0.762203 633.675 430.223 0.907981 600.661 323.491 0.792649 556.31 379.536 0.806491 514.153 428.705 0.835048 0 0 0 0 0 0 729.355 305.266 0.724229 712.159 287.343 0.349483 1
0 111 126 726.278 318.966 0.1 694.566 304.366 0.838683 704.138 320 0.783319 711.504 366.299 0.839419 726.747 398.019 0.902609 684.142 287.382 0.714662 725.594 318.204 0.160621 0 0 0 630.421 345.006 0.705562 639.339 386.721 0.77333 633.666 430.43 0.911329 600.664 323.49 0.792932 556.09 379.319 0.82125 513.069 428.487 0.842691 0 0 0 0 0 0 729.354 305.482 0.728095 712.154 287.565 0.377231 1
0 111 127 726.489 318.968 0.18236 694.563 304.592 0.864129 704.356 320.223 0.76167 711.508 366.524 0.837337 726.538 398.022 0.910265 683.926 287.816 0.727162 725.593 318.063 0.120561 0 0 0 630.423 345.222 0.707717 639.132 387.37 0.781823 633.659 430.43 0.912565 600.669 323.702 0.796916 555.868 379.314 0.807294 512.206 428.475 0.848286 0 0 0 0 0 0 729.353 305.698 0.727637 712.143 287.584 0.371307 1
0 111 128 726.714 318.965 0.4375 694.35 304.817 0.830903 704.574 320.442 0.738736 711.733 366.747 0.798248 726.538 397.812 0.898516 683.493 288.252 0.670119 725.59 317.994 0.116212 0 0 0 630.432 345.659 0.74026 638.707 388.014 0.638709 633.663 430.421 0.854877 600.671 323.916 0.767311 555.647 379.32 0.827047 511.335 428.685 0.839699 727.5 315.055 0.376551 0 0 0 729.348 305.914 0.722255 712.125 287.604 0.304358 1
0 111 129 726.733 319.165 0.31406 694.134 305.035 0.843384 704.355 320.659 0.768071 711.734 366.97 0.82207 726.333 397.805 0.891592 683.274 288.472 0.693917 725.598 318.201 0.101231 0 0 0 630.433 346.301 0.742044 638.276 388.891 0.685521 633.668 430.211 0.858122 600.668 324.128 0.773711 555.632 379.531 0.821845 510.899 428.692 0.826915 727.414 315.442 0.281319 0 0 0 728.917 306.133 0.751911 712.117 287.621 0.355807 1
0 111 130 726.949 319.165 0.205415 693.917 305.248 0.847687 703.707 320.872 0.79254 711.738 367.4 0.802844 726.129 397.795 0.879318 683.061 288.688 0.705797 725.606 318.217 0.112091 0 0 0 630.636 346.519 0.73798 637.634 389.766 0.598034 633.674 430 0.780961 600.669 324.341 0.763427 555.622 379.748 0.824978 510.893 428.898 0.824097 727.328 315.83 0.1 0 0 0 728.269 306.347 0.797933 712.116 287.635 0.389745 1
0 111 131 727.154 319.169 0.250082 693.695 305.254 0.851873 702.841 320.882 0.774033 711.747 367.84 0.755572 726.332 397.788 0.860328 683.055 288.901 0.713508 725.621 318.229 0.1 0 0 0 630.429 346.944 0.728069 637.198 389.995 0.673842 633.88 429.988 0.846036 600.668 324.557 0.767224 555.617 379.966 0.830826 510.898 429.108 0.829454 727.242 316.217 0.233183 0 0 0 727.62 306.563 0.793793 712.124 287.652 0.360602 1
0 111 132 727.151 319.376 0.279958 693.475 305.268 0.838825 702.193 320.892 0.748587 711.759 368.066 0.708608 726.539 397.786 0.805303 682.842 289.119 0.706591 725.853 318.243 0.1 0 0 0 630.43 347.16 0.711908 636.979 390.434 0.643197 633.885 429.984 0.847561 600.668 324.772 0.76708 555.611 380.607 0.839051 511.112 429.332 0.850859 727.156 316.605 0.268956 0 0 0 727.191 306.777 0.798132 712.126 287.674 0.331503 1
0 111 133 727.148 319.384 0.279049 693.256 305.273 0.847658 701.972 320.901 0.788634 711.962 368.277 0.728241 726.749 397.576 0.837299 682.409 289.119 0.702868 725.849 318.252 0.124572 0 0 0 630.634 347.164 0.730586 636.984 390.217 0.617289 633.895 429.778 0.82177 600.667 324.986 0.767225 555.618 381.041 0.83922 511.539 429.559 0.853826 727.157 316.825 0.26909 0 0 0 727.194 306.992 0.809926 712.121 287.88 0.34794 1
0 111 134 726.946 319.387 0.431246 693.042 305.275 0.858164 701.538 320.9 0.817865 711.751 368.065 0.73158 726.749 397.36 0.823535 682.194 289.323 0.686712 725.852 318.524 0.165499 0 0 0 630.633 347.378 0.734049 636.986 390.212 0.647075 633.906 429.772 0.841802 600.665 325.206 0.767245 555.623 381.485 0.835107 512.18 429.994 0.838381 726.96 317.037 0.414669 0 0 0 727.189 307.199 0.814689 712.12 287.888 0.255571 1
0 111 135 726.946 319.383 0.494134 692.831 305.27 0.849494 701.322 320.893 0.810169 711.546 367.844 0.73251 726.751 397.144 0.821945 681.769 289.315 0.678321 725.856 318.856 0.239513 765.003 356.138 0.137361 630.636 347.385 0.727318 636.991 389.343 0.697641 633.918 429.563 0.870447 600.663 325.427 0.766313 555.629 381.93 0.831133 513.253 430.439 0.845966 726.967 317.138 0.469081 0 0 0 726.974 307.202 0.791752 712.121 287.891 0.242702 1
0 111 136 726.957 319.159 0.446178 692.619 305.258 0.849886 701.106 320.676 0.790938 711.755 367.62 0.749102 726.754 397.134 0.808697 681.549 289.102 0.694878 725.858 319.169 0.150933 766.944 363.851 0.0679276 630.637 347.811 0.737316 636.99 388.915 0.726655 633.927 429.563 0.878185 600.658 325.863 0.775728 555.636 382.378 0.851738 514.117 431.094 0.838745 726.98 316.488 0.418141 0 0 0 726.756 306.988 0.788097 711.923 287.882 0.298528 1
0 111 137 726.969 318.927 0.373729 692.618 305.245 0.852906 701.102 320.459 0.778259 711.747 367.386 0.806869 726.55 397.129 0.867154 681.338 288.887 0.704241 725.86 319.462 0.123588 0 0 0 630.639 348.234 0.750489 637.2 388.698 0.642182 633.933 429.568 0.857554 600.654 326.303 0.78036 555.64 383.034 0.856237 514.992 431.759 0.839254 726.992 315.413 0.351486 0 0 0 726.539 306.764 0.809398 711.926 287.868 0.342303 1
0 111 138 727.186 318.07 0.339028 692.615 305.026 0.871052 700.889 320.028 0.803401 711.752 366.941 0.826482 726.753 397.128 0.887407 681.125 288.668 0.723924 725.858 319.687 0.1 0 0 0 630.848 348.449 0.760564 637.411 388.265 0.670077 633.936 429.777 0.863584 600.655 326.742 0.789962 555.658 383.478 0.876025 516.073 432.623 0.827333 727.004 314.119 0.312243 0 0 0 725.885 306.328 0.82682 711.929 287.641 0.333021 1
0 111 139 727.198 317.19 0.224955 692.611 304.797 0.863305 700.887 319.593 0.765948 711.961 366.29 0.815178 726.952 397.131 0.877399 681.113 288.235 0.722268 725.202 319.677 0.1 0 0 0 630.849 348.874 0.761483 637.618 388.052 0.596994 633.94 429.986 0.839453 600.649 327.391 0.778001 555.878 383.919 0.87006 517.156 433.282 0.819859 727.011 312.818 0.228727 0 0 0 725.447 305.887 0.840206 711.928 286.764 0.282311 1
0 111 140 727.207 316.097 0.362814 692.606 304.353 0.869966 700.678 318.716 0.770838 712.172 365.417 0.828669 726.968 396.924 0.884735 680.893 287.797 0.726441 723.894 319.449 0.1 0 0 0 631.054 348.88 0.760664 637.621 388.263 0.573913 633.944 429.991 0.853614 600.643 328.034 0.775218 555.889 384.577 0.859992 518.448 434.579 0.81395 727.22 311.51 0.352273 0 0 0 725.439 305.234 0.863614 711.922 285.454 0.23483 1
0 111 141 727.425 314.587 0.419763 692.6 303.903 0.863298 700.679 317.842 0.765909 712.391 364.757 0.812288 726.985 396.71 0.864034 680.67 287.147 0.717004 722.59 318.792 0.121748 0 0 0 631.259 349.311 0.75209 637.195 391.958 0.617788 633.948 429.997 0.872205 600.635 328.68 0.762127 556.106 385.236 0.839033 519.744 435.872 0.802815 727.442 309.791 0.419201 0 0 0 725.434 304.575 0.844117 711.703 284.141 0.207217 1
0 111 142 727.429 313.071 0.564104 692.597 303.245 0.845162 701.114 316.965 0.748304 712.832 364.319 0.780297 727.214 396.494 0.864373 680.443 286.701 0.702231 721.187 317.487 0.188297 0 0 0 631.258 349.523 0.754715 637.191 394.133 0.523119 633.945 430.206 0.825047 600.628 329.111 0.761763 556.332 385.883 0.827851 520.828 437.374 0.802755 727.448 308.269 0.60408 0 0 0 725.213 303.699 0.793415 711.278 282.625 0.134087 1
0 111 143 727.43 311.544 0.570387 692.158 302.154 0.853094 701.329 315.876 0.778938 713.479 363.881 0.787028 727.65 396.275 0.842385 679.78 285.407 0.708549 719.67 315.478 0.1 0 0 0 631.048 349.739 0.76245 637.19 397.179 0.469194 633.947 430.212 0.80942 600.407 329.542 0.759691 556.77 386.532 0.824396 521.706 438.68 0.827817 727.64 306.536 0.636523 0 0 0 724.782 302.183 0.78943 710.634 281.099 0.116357 1
0 111 144 727.066 309.417 0.443389 691.719 300.843 0.845936 701.545 314.795 0.755495 714.338 363.667 0.764 728.292 395.841 0.796266 679.121 283.887 0.726001 718.039 312.763 0.109277 0 0 0 631.042 349.95 0.756745 637.402 400.001 0.516639 633.948 430.42 0.832134 600.192 329.974 0.763864 557.423 387.394 0.820265 522.374 439.986 0.869742 727.522 304.099 0.48878 0 0 0 724.554 300.234 0.785794 709.558 279.352 0.13759 1
0 111 145 726.523 306.914 0.298152 691.065 299.107 0.851338 701.11 313.272 0.748917 714.34 362.162 0.744824 728.512 395.629 0.763971 678.467 282.36 0.756043 716.294 309.343 0.11619 0 0 0 631.031 349.954 0.77808 637.827 403.035 0.554895 634.16 430.419 0.598361 599.972 330.191 0.757835 558.292 388.04 0.80689 523.678 441.289 0.864107 727.289 301.6 0.343309 0 0 0 724.333 298.053 0.817857 708.249 277.181 0.203461 1
0 111 146 725.812 303.824 0.177356 689.976 297.158 0.835339 700.678 311.749 0.730364 714.345 360.87 0.75455 728.713 395.412 0.7421 677.156 280.398 0.740384 714.332 305.754 0.1 0 0 0 631.025 349.961 0.768724 638.046 406.297 0.420985 634.375 430.415 0.744808 599.537 330.405 0.76165 559.165 388.908 0.789035 525.418 442.379 0.889694 726.948 298.822 0.215847 0 0 0 723.892 295.452 0.748508 706.519 274.144 0.208067 1
0 111 147 724.932 300.562 0.125217 688.669 294.981 0.809704 700.028 310.216 0.74483 714.13 359.568 0.766423 728.286 394.987 0.775995 675.633 277.795 0.730558 712.154 302.044 0.1 0 0 0 630.597 349.971 0.75623 638.05 409.336 0.573212 634.59 430.203 0.586776 598.671 330.835 0.74762 560.239 389.991 0.765113 527.589 443.47 0.88217 726.506 295.552 0.168708 0 0 0 723.239 292.414 0.809459 704.576 271.094 0.228833 1
0 111 148 724.05 296.873 0.1 687.142 292.596 0.841883 699.366 308.475 0.749409 713.485 358.911 0.72941 727.648 394.772 0.698913 673.686 275.404 0.784103 710.768 297.554 0.1 0 0 0 629.955 349.983 0.767144 638.059 412.161 0.567975 634.806 429.984 0.624228 597.587 331.27 0.76168 561.319 391.073 0.766692 529.779 444.772 0.865246 725.635 292.07 0.1 0 0 0 722.161 289.157 0.872891 702.624 268.476 0.338261 1
0 111 149 722.966 292.744 0.1 685.404 289.772 0.888253 698.705 306.522 0.814766 711.754 357.604 0.840899 725.691 394.334 0.871453 671.298 272.376 0.813111 709.381 293.064 0.103331 0 0 0 629.315 350.414 0.760308 638.06 414.984 0.576052 635.029 429.759 0.590224 596.288 331.711 0.746521 562.396 392.15 0.767834 532.392 445.217 0.839437 724.551 288.155 0.1 0 0 0 720.645 285.675 0.83229 700.234 265.857 0.268964 1
0 111 150 721.767 288.127 0.1 683.234 286.747 0.895245 698.035 304.561 0.804527 709.799 356.301 0.751682 723.501 393.688 0.760567 668.045 269.558 0.807203 707.995 288.574 0.1 0 0 0 628.459 350.641 0.752186 638.275 413.903 0.630289 635.253 429.527 0.503723 594.774 332.36 0.742142 563.487 392.808 0.788804 535.446 445.667 0.8272 723.44 283.405 0.1 0 0 0 718.9 281.543 0.756446 696.991 262.377 0.342735 1
0 111 151 720.568 283.509 0.112134 680.205 283.917 0.897506 696.076 301.961 0.830964 707.618 354.57 0.831937 720.889 392.821 0.81806 664.571 266.526 0.808812 706.609 284.084 0.109275 0 0 0 627.604 350.872 0.752913 637.851 411.295 0.604793 635.472 429.09 0.570016 593.258 333.017 0.738115 564.775 393.671 0.796711 538.935 446.112 0.873495 722.328 278.654 0.177612 0 0 0 716.943 276.99 0.870578 693.732 258.675 0.24874 1
0 111 152 719.368 278.892 0.161413 677.6 281.316 0.891334 694.121 299.566 0.813142 704.143 353.044 0.752291 716.749 391.308 0.778531 661.316 264.131 0.838153 682.849 272.057 0.0984019 0 0 0 626.738 351.1 0.745978 637.642 409.342 0.571379 635.899 428.863 0.580057 591.745 333.675 0.762098 565.851 394.11 0.802443 543.058 446.34 0.826388 721.217 273.904 0.23298 0 0 0 714.55 272.861 0.911068 690.69 254.972 0.28173 1
0 111 153 718.169 274.274 0.170691 674.761 278.928 0.89463 691.735 296.965 0.823319 700.008 350.223 0.829926 709.147 388.26 0.862713 656.967 261.953 0.830866 680.955 273.789 0.0888122 0 0 0 625.873 351.327 0.767159 637.203 406.732 0.549185 636.321 428.431 0.607837 590.23 334.333 0.795523 566.718 394.118 0.822876 547.824 446.562 0.813938 720.106 269.153 0.243376 0 0 0 711.088 269.149 0.893961 686.569 251.061 0.234313 1
0 111 154 0 0 0 671.285 276.755 0.873378 689.774 294.789 0.841582 696.103 348.266 0.838094 703.051 385.001 0.81925 652.18 259.783 0.883744 0 0 0 0 0 0 625.013 351.555 0.761233 636.55 404.344 0.500066 636.326 428.211 0.656297 588.718 335.207 0.822502 567.371 394.331 0.841446 552.4 446.569 0.851287 0 0 0 0 0 0 707.605 265.016 0.816526 682.653 246.719 0.463605 1
0 111 155 0 0 0 667.594 274.802 0.936562 687.589 292.824 0.845075 690.883 346.095 0.828358 696.099 382.178 0.765368 647.612 258.256 0.895251 0 0 0 0 0 0 623.932 351.779 0.730358 635.68 401.956 0.51852 636.116 428.001 0.824049 587.417 336.078 0.838605 568.027 394.112 0.865178 557.829 446.789 0.846456 0 0 0 0 0 0 703.268 261.101 0.878752 678.086 243.457 0.540855 1
0 111 156 0 0 0 663.681 273.065 0.954877 684.539 290.652 0.853612 685.654 343.706 0.758498 689.346 379.348 0.730317 642.167 257.171 0.869475 0 0 0 0 0 0 622.843 352.003 0.756255 634.807 399.35 0.461544 635.904 427.997 0.766884 586.322 337.168 0.835358 568.471 394.113 0.838445 562.825 447.431 0.804935 0 0 0 0 0 0 698.918 257.395 0.864243 672.852 239.994 0.460826 1
0 111 157 0 0 0 659.123 271.544 0.928976 681.282 288.262 0.882284 680.215 339.799 0.683727 682.165 376.081 0.425685 636.933 256.293 0.886904 0 0 0 0 0 0 621.76 352.218 0.744297 633.936 396.743 0.567723 635.695 428.001 0.807199 585.022 338.046 0.848791 568.703 394.119 0.839909 567.593 447.656 0.851312 0 0 0 0 0 0 693.908 253.709 0.865436 666.546 236.753 0.613281 1
0 111 158 0 0 0 654.116 270.885 0.872698 676.939 286.298 0.900752 674.99 336.531 0.743108 675.425 372.382 0.556616 630.629 256.276 0.900756 0 0 0 0 0 0 620.669 352.221 0.746616 632.63 394.783 0.58929 635.478 428.014 0.827384 583.496 339.351 0.827748 569.139 394.127 0.838056 571.721 448.306 0.861117 0 0 0 0 0 0 688.469 250.657 0.718739 660.021 234.147 0.756723 1
0 111 159 0 0 0 648.251 270.43 0.913738 671.953 284.348 0.869229 669.327 334.572 0.85023 668.47 369.556 0.755072 624.745 256.052 0.878737 596.368 288.96 0.116347 0 0 0 619.362 352.43 0.750206 631.11 392.391 0.621207 635.256 428.235 0.84953 581.749 340.66 0.844844 569.14 394.339 0.837473 575.404 448.952 0.824699 0 0 0 0 0 0 681.952 248.061 0.639957 653.055 232.402 0.516858 1
0 111 160 0 0 0 642.812 269.783 0.860645 667.392 282.815 0.834654 662.812 332.613 0.800058 661.292 365.856 0.712533 618.009 256.256 0.931039 589.887 289.662 0.1 0 0 0 617.618 352.648 0.731266 629.586 392.612 0.62046 635.041 428.462 0.887133 579.79 342.178 0.781587 568.283 394.126 0.854364 578.652 449.606 0.844994 0 0 0 0 0 0 675.209 246.091 0.504144 645.869 230.887 0.703437 1
0 111 161 0 0 0 636.29 268.692 0.842526 661.748 281.072 0.876233 656.95 330.015 0.730101 654.784 363.242 0.690511 610.398 256.254 0.923019 583.405 290.364 0.1 0 0 0 615.451 352.855 0.75057 627.625 391.519 0.617017 634.616 428.477 0.869727 577.395 343.7 0.767267 567.634 394.767 0.850317 581.252 450.685 0.849576 0 0 0 0 0 0 667.612 244.127 0.558905 637.397 229.369 0.688096 0
0 111 162 0 0 0 629.556 267.39 0.891224 656.307 279.316 0.817965 651.309 328.056 0.786216 651.731 362.167 0.748397 603.223 256.252 0.940135 576.923 291.065 0.158565 0 0 0 613.272 352.855 0.788473 625.887 391.522 0.63982 634.193 428.693 0.862182 574.559 345.224 0.789675 566.981 395.635 0.876851 582.99 451.973 0.838888 0 0 0 0 0 0 660.642 241.966 0.671942 629.993 228.286 0.882467 0
0 111 163 0 0 0 623.03 266.525 0.879699 650.434 277.786 0.862867 646.082 326.745 0.627687 647.174 361.292 0.171334 595.83 256.682 0.906226 570.442 291.767 0.1 0 0 0 610.875 353.07 0.731195 623.936 390.445 0.620385 633.967 428.698 0.873961 571.298 346.961 0.814245 565.676 396.293 0.823533 584.489 453.055 0.841656 0 0 0 0 0 0 652.602 240.662 0.669828 621.507 228.065 0.818783 0
0 111 164 0 0 0 616.075 265.653 0.914387 643.706 276.042 0.883668 641.302 325.219 0.675827 643.487 359.342 0.342373 587.799 256.902 0.920403 564.353 291.979 0.1 0 0 0 608.263 353.07 0.732582 622.196 389.574 0.628048 633.748 428.265 0.864637 567.821 348.486 0.795159 564.585 397.377 0.727542 584.7 453.919 0.832291 0 0 0 0 0 0 645.202 238.495 0.579032 613.456 227.623 0.872884 0
0 111 165 0 0 0 609.336 265 0.861304 637.838 274.518 0.902882 636.091 323.916 0.777743 638.936 357.611 0.545194 580.632 257.34 0.870878 558.121 292.696 0.195334 0 0 0 605.226 353.057 0.749633 620.022 388.488 0.675724 632.872 427.175 0.893734 564.349 349.576 0.770334 563.489 398.25 0.780814 584.698 454.356 0.845738 0 0 0 0 0 0 637.169 236.768 0.751569 604.99 227.62 0.743489 0
0 111 166 0 0 0 601.953 263.926 0.92483 630.882 272.559 0.882963 631.094 323.039 0.734986 634.812 356.089 0.488322 572.599 257.571 0.912128 551.746 293.919 0.1 0 0 0 602.182 352.615 0.762629 616.986 387.611 0.655309 630.903 426.304 0.868682 561.298 350.45 0.781499 562.394 399.551 0.796924 584.698 455.005 0.855281 0 0 0 0 0 0 629.561 235.234 0.659794 596.516 227.399 0.59585 0
0 111 167 0 0 0 595.016 262.643 0.849294 624.79 270.604 0.87008 625.886 321.317 0.725616 631.332 355.215 0.569537 565.857 257.59 0.880565 546.092 294.785 0.1 0 0 0 598.709 351.528 0.764522 613.932 385.224 0.634099 627.42 424.995 0.869777 558.041 350.668 0.796573 561.306 400.202 0.698681 584.908 455.652 0.832901 0 0 0 0 0 0 621.31 233.294 0.809429 588.044 227.179 0.829816 0
0 111 168 0 0 0 589.349 261.56 0.899046 619.128 268.439 0.889412 621.33 318.492 0.738798 628.288 353.684 0.660272 559.341 258.034 0.950975 541.025 296.159 0.116193 0 0 0 595.652 350.444 0.765112 610.012 383.916 0.60234 623.5 423.037 0.787958 554.791 350.885 0.801408 560.224 400.856 0.753076 584.701 455.867 0.819019 0 0 0 0 0 0 613.704 231.54 0.8457 580.644 226.964 0.700604 0
0 111 169 0 0 0 583.04 260.694 0.918633 612.823 266.498 0.872378 617.422 316.315 0.833927 625.241 352.813 0.790222 553.68 258.695 0.940135 536.54 297.399 0.1 0 0 0 592.178 349.134 0.782388 606.092 385.006 0.593136 618.069 421.282 0.778185 551.542 350.671 0.796342 559.577 401.296 0.74198 584.274 455.434 0.81183 0 0 0 0 0 0 605.659 229.803 0.769189 572.399 226.745 0.659268 0
0 111 170 0 0 0 577.385 260.25 0.928397 607.376 264.548 0.890873 613.932 313.924 0.792431 622.408 351.082 0.822221 548.245 259.131 0.87895 532.413 298.476 0.272297 0 0 0 588.693 347.397 0.787227 600.878 385.663 0.681251 612.398 419.974 0.831633 548.713 350.02 0.8161 558.498 401.309 0.754546 584.064 455.213 0.812882 0 0 0 0 0 0 598.258 228.058 0.653626 565.215 226.735 0.562307 0
0 111 171 0 0 0 571.523 259.812 0.934274 600.859 262.808 0.850457 609.583 311.956 0.76037 618.931 349.338 0.646788 542.802 259.151 0.886006 527.918 299.557 0.345606 0 0 0 584.569 345.648 0.785652 594.353 386.098 0.562654 605.434 421.718 0.802263 545.887 348.713 0.791998 557.409 401.096 0.755953 583.643 454.348 0.799569 0 0 0 0 0 0 589.801 226.739 0.683303 557.607 226.516 0.829363 0
0 111 172 0 0 0 565.231 259.152 0.921382 594.346 260.859 0.872011 604.818 309.771 0.8103 615.661 348.031 0.760552 537.158 259.146 0.887258 523.492 300.862 0.497864 0 0 0 580.01 343.468 0.782478 587.612 387.173 0.427989 598.696 423.456 0.804487 542.838 346.765 0.802657 556.746 401.087 0.753691 583.215 453.477 0.792917 0 0 0 0 0 0 581.772 225.104 0.581356 550.663 226.288 0.855803 0
0 111 173 0 0 0 559.778 258.488 0.865901 588.472 258.481 0.866728 600.462 307.373 0.771562 612.167 347.155 0.767778 531.713 259.153 0.826062 518.272 302.606 0.509619 526.334 340.472 0.0593872 575.453 341.503 0.763063 581.088 387.609 0.614636 592.817 424.54 0.606987 539.578 345.244 0.795322 555.873 400.657 0.821903 582.785 452.609 0.805366 0 0 0 0 0 0 573.308 224.223 0.603708 542.845 226.067 0.924189 0
0 111 174 0 0 0 553.262 257.821 0.964707 581.955 255.88 0.939667 595.898 304.546 0.870294 609.335 345.418 0.790872 525.197 259.156 0.849306 513.484 303.914 0.589466 527.084 337.838 0.101613 571.323 339.764 0.818199 575.651 389.341 0.711069 587.388 427.364 0.322001 536.316 344.367 0.786904 555.009 400.23 0.768215 582.358 451.959 0.770841 0 0 0 0 0 0 565.908 222.482 0.434332 535.675 225.62 0.916111 0
0 111 175 520.715 226.827 0.209877 547.812 257.367 0.916341 576.302 253.718 0.865889 591.108 301.939 0.820984 605.649 343.474 0.798652 519.33 259.164 0.905048 508.695 304.577 0.588409 516.939 337.51 0.182344 566.966 338.244 0.767375 570.64 390.649 0.642353 583.476 429.754 0.60456 533.05 343.276 0.727911 553.923 399.365 0.823504 581.927 451.307 0.763519 0 0 0 523.275 221.285 0.313955 558.515 220.531 0.216006 528.075 224.533 0.841572 0
0 111 176 512.763 224.899 0.414155 541.502 256.487 0.940427 569.792 251.771 0.915913 586.972 300.19 0.850787 602.168 341.311 0.797874 513.028 259.149 0.850224 502.822 305.242 0.693462 506.794 337.183 0.47188 561.971 337.367 0.789899 566.088 392.824 0.626797 581.303 432.793 0.572896 529.567 342.186 0.747258 552.4 398.93 0.781021 581.502 450.446 0.790987 0 0 0 515.071 219.55 0.471374 551.335 218.782 0.1 520.896 223.235 0.837657 0
0 111 177 504.811 222.971 0.104792 534.765 254.754 0.943824 563.05 249.799 0.84013 581.745 297.366 0.82454 598.263 338.062 0.848202 506.294 258.704 0.891697 496.074 305.031 0.789736 496.65 336.855 0.491238 556.766 335.197 0.7806 562.175 393.486 0.42245 579.132 435.847 0.334017 525.857 340.443 0.777352 550.435 398.058 0.802737 580.853 449.573 0.816359 0 0 0 506.867 217.816 0.193838 543.301 217.038 0.29554 513.079 221.717 0.863347 0
0 111 178 496.858 221.043 0.1 528.245 252.791 0.910635 556.098 247.607 0.874613 576.303 293.454 0.82322 593.924 335.008 0.861785 499.343 257.609 0.86761 489.103 304.59 0.744318 486.505 336.528 0.371567 550.892 332.81 0.763774 557.181 392.179 0.521868 577.385 438.46 0.482457 520.636 337.84 0.738476 548.462 397.409 0.782436 579.777 448.92 0.736695 0 0 0 498.663 216.082 0.1 535.905 215.077 0.250868 506.11 219.773 0.90113 0
0 111 179 488.906 219.115 0.1 521.079 250.842 0.898543 542.836 246.309 0.878415 560.004 291.938 0.887785 575.01 333.483 0.917836 497.82 255.211 0.882103 491.493 300.891 0.774552 491.721 332.182 0.71693 541.753 331.069 0.724549 552.181 390.883 0.557577 575.865 440.203 0.45357 517.598 335.232 0.738862 545.413 396.095 0.774205 578.263 447.403 0.746172 0 0 0 490.459 214.348 0.1 528.683 212.667 0.306881 499.591 217.82 0.898943 0
0 111 180 480.854 217.157 0.1 513.686 248.447 0.850406 535.43 243.05 0.907248 553.267 287.387 0.86171 569.794 328.702 0.898219 490.874 253.689 0.84385 484.321 300.244 0.747627 481.719 332.39 0.766357 535.451 328.898 0.781899 548.056 388.928 0.545887 575.636 438.243 0.525336 512.386 333.486 0.723729 541.716 394.568 0.77118 576.731 445.228 0.708105 0 0 0 482.411 211.957 0.1 521.462 210.257 0.374407 492.415 215.858 0.902219 0
0 111 181 473.023 214.332 0.1 506.71 245.2 0.909954 527.382 239.564 0.916871 546.089 282.173 0.851967 563.493 322.185 0.888274 483.916 251.746 0.889559 477.375 299.154 0.766075 472.816 332.824 0.592542 529.574 325.647 0.729438 542.183 386.102 0.51877 572.375 434.983 0.485326 506.95 331.306 0.727865 535.421 391.745 0.77058 573.041 441.747 0.746928 0 0 0 474.15 209.122 0.1 514.241 207.847 0.449821 485.228 212.817 0.913711 0
0 111 182 464.548 210.861 0.438896 498.674 241.72 0.891478 514.119 237.824 0.853099 530.222 280.879 0.904938 544.152 320.228 0.866402 481.957 246.522 0.842903 478.468 293.057 0.802838 476.075 326.728 0.721194 520.874 323.47 0.747263 533.928 383.496 0.402761 567.812 432.155 0.344525 504.999 327.385 0.71254 534.114 387.177 0.719528 573.043 437.179 0.826003 0 0 0 465.687 205.857 0.51869 507.02 205.437 0.144309 478.054 209.339 0.939696 0
0 111 183 455.992 207.684 0.786688 491.493 236.956 0.937716 505.426 233.478 0.821277 522.17 275.234 0.764436 535.02 313.051 0.748384 476.083 243.035 0.821074 472.173 290.668 0.897063 468.257 326.282 0.890542 514.128 318.265 0.695097 524.588 378.505 0.457847 561.5 426.939 0.451266 499.778 322.606 0.760024 525.197 382.601 0.705885 566.735 431.523 0.76737 0 0 0 457.511 202.202 0.828461 0 0 0 470.865 205 0.836213 0
0 111 184 447.771 203.949 0.66334 483.89 232.174 0.819701 496.297 228.905 0.900195 512.392 270.234 0.79673 524.872 306.788 0.828466 469.994 239.326 0.859273 466.312 287.404 0.849364 462.379 323.895 0.889613 507.177 312.836 0.690795 515.676 372.85 0.270264 553.458 420.418 0.198061 493.268 317.386 0.70943 514.33 377.167 0.775496 558.482 424.354 0.819307 0 0 0 449.21 198.372 0.737541 0 0 0 463.896 201.085 0.855584 0
0 111 185 439.246 199.878 0.708696 476.488 227.39 0.938783 487.584 223.681 0.837043 501.14 265.777 0.840048 512.65 301.655 0.837447 463.695 235.204 0.828345 461.526 284.136 0.905745 458.248 321.933 0.894179 500.216 306.541 0.73286 506.104 365.028 0.513389 543.232 411.726 0.315043 487.18 311.953 0.750091 502.588 370.217 0.757778 547.179 416.091 0.737997 0 0 0 440.989 194.591 0.845401 0 0 0 456.291 196.96 0.881676 0
0 111 186 431.061 196.099 0.835778 468.239 222.825 0.840924 478.028 218.468 0.713274 489.077 262.514 0.549479 498.773 298.301 0.425666 457.164 230.432 0.80127 457.395 280.647 0.701191 454.771 320.406 0.625435 493.037 300.885 0.708834 496.759 358.056 0.782002 533.012 403.677 0.749797 480.662 306.523 0.742849 489.545 363.255 0.602776 530.661 403.919 0.488096 0 0 0 432.849 190.853 0.780192 0 0 0 448.905 192.829 0.834963 0
0 111 187 422.358 192.412 0.801529 460.196 217.619 0.872655 467.804 213.465 0.805751 475.546 260.235 0.618483 483.678 295.877 0.600977 451.515 225.216 0.789359 455.225 275.643 0.82624 452.827 317.803 0.837753 486.079 295.013 0.724223 488.49 350.446 0.411192 523.877 395.856 0.224359 475.869 300.873 0.755753 481.297 354.774 0.757332 520.002 394.793 0.811731 0 0 0 424.154 186.515 0.789147 0 0 0 441.512 188.474 0.807351 0
0 111 188 412.582 188.482 0.741008 451.719 212.839 0.82543 460.429 209.545 0.739206 471.192 256.751 0.157071 481.716 293.046 0.1 442.16 220.229 0.796905 444.572 273.482 0.866077 437.176 317.591 0.804961 479.574 289.799 0.724285 473.917 343.256 0.559045 507.798 388.456 0.394529 469.99 295.439 0.755941 474.133 347.168 0.760666 510.65 386.527 0.680422 0 0 0 415.221 181.73 0.850005 0 0 0 432.604 183.911 0.874916 0
0 111 189 403.461 185.002 0.760875 443.028 208.498 0.864248 448.26 206.727 0.785636 457.711 256.099 0.1 465.843 293.045 0.1 437.155 214.777 0.838445 442.824 267.183 0.862612 436.95 313.037 0.777178 470.657 285.021 0.743774 466.945 336.729 0.706755 497.599 379.978 0.659294 465.207 289.79 0.68987 467.614 340.203 0.744583 501.525 379.347 0.719689 0 0 0 406.314 178.043 0.816411 0 0 0 424.776 179.569 0.818775 0
0 111 190 393.689 182.393 0.882215 434.124 205.01 0.805859 435.646 204.12 0.778213 444.001 255.674 0.1 450.841 294.562 0.1 432.801 209.556 0.771378 440.648 261.755 0.787814 436.084 309.126 0.627013 460.659 281.319 0.739835 461.509 331.081 0.79641 490.422 372.807 0.86655 460.21 284.573 0.671285 463.692 334.333 0.496549 494.564 373.482 0.261465 0 0 0 397.396 174.792 0.843379 0 0 0 416.093 176.526 0.824289 0
0 111 191 384.777 180.429 0.957156 425.214 201.769 0.804114 426.966 200.425 0.71119 432.917 246.971 0.1 441.498 280.219 0.1 423.24 207.612 0.671263 431.08 261.755 0.75474 423.686 311.522 0.712081 451.97 276.754 0.669684 448.902 325.204 0.70782 469.995 366.291 0.754454 451.508 281.096 0.703225 454.566 330.205 0.341412 483.696 368.481 0.322304 0 0 0 388.685 172.184 0.860484 0 0 0 407.61 173.713 0.842242 0
0 111 192 375.434 178.481 0.88847 415.874 199.591 0.859303 415.874 197.598 0.848061 413.792 241.968 0.674718 421.064 272.063 0.404322 415.417 205.869 0.828596 426.295 258.496 0.629526 422.597 307.615 0.665977 441.754 275.002 0.693751 436.496 321.071 0.642894 449.777 361.3 0.656171 445.209 277.839 0.736728 452.388 325.854 0.835977 478.92 364.563 0.838212 377.562 164.356 0.0803104 379.344 170.237 0.896126 0 0 0 398.702 172.408 0.853812 0
0 111 193 365.657 177.599 0.934298 406.315 197.208 0.803653 404.577 194.99 0.752414 398.355 236.318 0.458773 401.41 263.322 0.24131 407.813 203.698 0.799485 421.288 256.322 0.730738 419.771 305.21 0.635765 431.967 273.04 0.659391 422.353 316.945 0.268224 430.439 357.813 0.216252 438.472 275.45 0.749633 451.52 322.363 0.818449 475.667 361.509 0.831661 367.81 164.269 0.0967052 369.561 168.721 0.888047 0 0 0 389.139 171.105 0.873161 0
0 111 194 356.301 176.716 0.910825 396.33 195.031 0.866805 393.065 193.031 0.758053 383.302 230.336 0.408623 382.116 254.319 0.177291 399.553 201.953 0.848496 414.559 254.584 0.729905 415.855 303.037 0.684134 421.75 271.518 0.664068 407.138 314.771 0.201335 413.273 356.297 0.180602 431.303 273.06 0.715214 450.437 319.1 0.805835 475.013 358.898 0.818685 352.304 164.413 0.0724049 359.776 167.201 0.879368 0 0 0 379.352 169.791 0.897711 0
0 111 195 346.079 175.853 0.891929 386.755 192.643 0.856785 381.328 191.501 0.78495 368.854 224.255 0.352419 364.688 244.624 0.384327 391.733 198.684 0.816579 404.781 246.106 0.636912 403.248 289.999 0.748341 409.805 271.086 0.769782 390.84 312.825 0.571575 396.313 354.565 0.640991 423.916 271.108 0.832823 450.004 316.059 0.804201 478.715 360.203 0.817547 350.133 164.427 0.108513 349.342 165.903 0.908008 0 0 0 368.903 168.482 0.806427 0
0 111 196 335.649 174.763 0.837154 376.321 190.898 0.831316 370.237 189.552 0.649042 356.081 217.412 0.613883 348.69 234.882 0.1 381.959 196.08 0.644886 395.436 242.848 0.593622 395.204 285.647 0.720981 400.027 270.216 0.652636 384.102 311.292 0.667241 391.76 351.306 0.743513 414.352 270.66 0.743059 433.914 314.754 0.829286 463.053 359.118 0.847103 336.469 164.408 0.102308 338.899 165.457 0.81993 0 0 0 357.385 167.829 0.834423 0
0 111 197 324.785 173.031 0.723675 365.662 189.154 0.833626 362.609 184.779 0.775905 343.7 208.487 0.685122 334.171 225.057 0.821924 368.049 196.949 0.741085 381.745 242.194 0.796508 384.998 283.465 0.779522 392.833 267.609 0.587335 383.016 309.121 0.478613 392.849 347.842 0.543653 401.316 269.786 0.731047 417.595 313.247 0.801768 446.32 357.602 0.796102 0 0 0 327.823 164.367 0.777902 0 0 0 346.073 167.177 0.805534 0
0 111 198 314.131 171.516 0.653616 355.226 186.975 0.781253 353.265 181.08 0.764676 331.311 201.52 0.760021 319.694 216.488 0.827575 356.536 195.437 0.68292 370.235 240.228 0.708197 373.486 279.768 0.75455 384.129 264.995 0.572915 372.596 306.084 0.801576 385.018 344.795 0.832069 389.138 268.259 0.713542 400.43 311.514 0.796399 429.586 356.089 0.866766 0 0 0 316.947 163.486 0.756168 0 0 0 334.107 166.304 0.826005 0
0 111 199 303.26 169.124 0.743537 344.779 184.365 0.771456 344.363 177.17 0.655428 319.361 196.731 0.57741 305.042 208.1 0.758361 343.931 193.702 0.758938 358.483 237.827 0.387676 360.656 275.86 0.211609 375.219 261.741 0.668227 360.858 302.831 0.82521 374.593 341.534 0.893541 376.536 266.73 0.786814 383.478 309.998 0.774428 412.857 354.773 0.832704 0 0 0 305.211 161.528 0.87028 0 0 0 321.935 164.14 0.922758 0
0 111 200 291.532 166.092 0.595399 334.127 181.099 0.838615 336.955 172.385 0.730874 316.963 194.992 0.56972 297.387 211.839 0.82918 330.24 192.395 0.784793 344.131 235.228 0.736994 345.447 271.073 0.496646 367.815 258.048 0.600539 357.154 300.005 0.71208 376.762 338.052 0.795873 363.065 264.342 0.76016 366.523 308.26 0.891413 396.341 353.478 0.901276 0 0 0 293.476 159.353 0.722153 0 0 0 309.544 161.753 0.889851 0
0 111 201 280.008 162.824 0.69625 323.037 177.836 0.843212 326.521 169.775 0.787046 309.791 195.64 0.16342 290.431 216.08 0.1 319.584 187.62 0.813732 333.263 230.227 0.772477 330.669 264.984 0.717576 358.679 254.353 0.779185 352.153 298.26 0.795247 376.543 334.136 0.758102 350.446 261.509 0.706745 350.22 306.535 0.824601 380.035 352.173 0.918393 0 0 0 281.949 156.301 0.71229 0 0 0 296.933 158.707 0.818833 0
0 111 202 268.491 159.349 0.565374 311.946 175.019 0.735879 316.296 167.164 0.651026 298.93 198.679 0.1 280.007 221.951 0.1 307.197 184.792 0.720048 317.83 226.755 0.72414 311.319 259.993 0.60321 348.47 250.874 0.639316 347.159 296.305 0.729787 376.31 333.057 0.682858 338.272 258.245 0.786734 334.555 303.509 0.843786 364.155 351.305 0.926165 0 0 0 270.641 153.039 0.634962 0 0 0 285.413 155.876 0.867827 0
0 111 203 256.548 156.301 0.665189 301.065 172.421 0.777828 306.733 164.343 0.730906 295.875 198.467 0.119855 281.749 224.129 0.1 294.8 181.971 0.729476 302.827 223.274 0.788667 290.237 254.983 0.567981 339.334 248.259 0.651895 343.687 295.863 0.764352 375.434 331.965 0.796678 325.662 256.285 0.768908 320.423 303.064 0.885882 348.723 351.089 0.968781 0 0 0 258.902 149.778 0.805361 0 0 0 273.474 152.622 0.915187 0
0 111 204 244.823 153.25 0.605286 289.77 170.674 0.841537 297.818 161.521 0.817637 293.473 197.806 0.14935 283.712 226.082 0.1 281.543 181.539 0.718239 289.785 226.752 0.635299 275.668 259.767 0.67322 331.286 244.563 0.798069 339.546 294.771 0.758412 368.694 327.617 0.603518 313.481 253.468 0.734586 307.372 302.414 0.888485 334.587 351.311 0.939646 0 0 0 247.599 146.51 0.692223 0 0 0 261.958 149.579 0.908344 0
0 111 205 234.162 150.846 0.675124 279.319 169.149 0.765932 289.122 158.919 0.686359 290.429 197.362 0.298827 286.318 226.953 0.370026 269.138 181.32 0.725082 273.047 226.748 0.710943 254.579 256.51 0.531135 321.708 242.377 0.673236 327.806 294.558 0.640522 355.427 328.267 0.408668 302.614 251.079 0.793457 305.193 302.194 0.815961 334.594 351.09 0.914416 0 0 0 236.739 143.258 0.691677 0 0 0 251.1 146.539 0.813159 0
0 111 206 223.719 149.101 0.721946 269.105 167.196 0.809465 279.781 157.609 0.716031 288.468 198.456 0.265908 289.311 226.788 0.394667 258.483 178.715 0.77471 258.911 224.575 0.667623 233.699 250.858 0.628559 311.495 241.065 0.621998 317.158 294.555 0.664562 343.466 328.913 0.488946 293.265 249.338 0.714889 302.376 301.746 0.736587 334.583 350.868 0.840427 0 0 0 225.654 140.873 0.756567 0 0 0 239.805 143.714 0.847568 0
0 111 207 212.416 146.921 0.765771 258.242 166.11 0.896506 271.303 156.306 0.874596 285.867 197.164 0.842855 291.836 225.794 0.839449 245.651 178.715 0.840888 242.395 225.23 0.786226 212.827 247.388 0.736156 301.286 239.972 0.769612 308.466 295.203 0.645198 334.119 330.446 0.478382 283.049 248.254 0.748861 300.198 301.308 0.774297 334.364 350.434 0.879827 0 0 0 214.357 138.265 0.785649 0 0 0 228.081 140.893 0.806866 0
0 111 208 201.971 145.394 0.694875 247.603 165.247 0.888274 262.605 155.004 0.812076 282.822 193.905 0.837748 294.308 223.97 0.906029 233.258 178.929 0.833265 225.447 225.681 0.894479 193.257 243.475 0.863749 291.283 239.528 0.744255 301.079 296.277 0.556217 327.155 332.195 0.436367 273.043 246.964 0.802231 297.372 300.654 0.725739 333.925 349.569 0.893296 0 0 0 203.708 136.522 0.775232 0 0 0 217.417 138.935 0.83126 0
0 111 209 191.326 143.652 0.793202 236.96 164.813 0.896844 252.618 153.923 0.875883 275.222 192.164 0.836753 295.875 221.099 0.896137 221.949 178.498 0.786707 210.451 225.459 0.903953 175.202 240.224 0.901514 279.54 239.307 0.691146 286.297 293.457 0.573026 307.164 330.462 0.473031 263.469 246.097 0.74121 293.662 299.996 0.733211 332.402 348.257 0.854306 0 0 0 193.056 134.778 0.83245 0 0 0 206.758 137.193 0.884356 0
0 111 210 181.105 141.916 0.635676 226.309 164.376 0.939706 243.698 152.829 0.810237 272.394 189.117 0.84029 296.539 217.612 0.887181 209.554 179.14 0.824203 194.151 226.967 0.918581 156.503 238.918 0.868833 267.585 238.007 0.70951 272.165 288.889 0.572397 291.297 328.94 0.442418 252.6 245.012 0.7202 287.144 298.249 0.699221 329.798 346.318 0.83016 0 0 0 182.62 133.47 0.696729 0 0 0 195.887 135.459 0.866445 0
0 111 211 170.87 140.177 0.444115 215.657 163.495 0.878874 234.562 151.948 0.821491 270.207 183.688 0.861701 300.454 211.741 0.938491 197.81 177.839 0.856037 181.766 226.519 0.908019 143.032 236.528 0.864845 256.49 236.705 0.660165 258.259 284.978 0.443442 275.216 324.589 0.331209 241.51 243.499 0.678971 280.187 298.021 0.746958 325.884 343.71 0.819843 0 0 0 172.174 131.733 0.59578 209.414 131.055 0.0884035 184.8 133.288 0.866536 0
0 111 212 160.424 138.22 0.407514 204.793 162.18 0.897185 224.126 150.64 0.854809 259.993 180.859 0.823697 291.977 208.699 0.911313 186.292 176.533 0.772633 170.25 225.432 0.885008 132.17 234.787 0.83855 244.969 234.531 0.620488 244.56 280.423 0.302378 259.133 320.245 0.19923 230.212 240.902 0.700088 270.841 296.509 0.734701 319.578 340.667 0.774673 0 0 0 161.521 129.781 0.564482 196.681 125.572 0.109958 174.137 131.33 0.873804 0
0 111 213 149.772 135.194 0.428276 193.707 160.23 0.929827 212.821 148.261 0.891835 248.696 177.829 0.848608 281.752 205.88 0.940505 175.196 174.799 0.834393 159.811 223.914 0.916714 123.491 234.576 0.871139 233.877 231.92 0.591134 233.916 277.158 0.341863 248.93 319.155 0.720467 218.478 238.932 0.654356 257.374 292.381 0.771858 303.268 335.447 0.855345 0 0 0 150.655 127.611 0.54163 185.833 121.733 0.111131 163.05 129.157 0.938231 0
0 111 214 138.682 131.725 0.343947 181.977 157.835 0.899366 201.307 145.865 0.870597 236.532 175.002 0.873547 269.577 203.269 0.91452 163.461 172.194 0.816063 150.24 221.961 0.983391 116.538 235.233 0.846209 221.923 228.444 0.606826 220.438 272.161 0.419469 232.628 314.585 0.813837 206.523 235.241 0.65255 242.81 287.17 0.771159 285.88 330.008 0.818518 0 0 0 139.771 124.779 0.451462 174.985 117.894 0.166424 151.3 126.546 0.897175 0
0 111 215 127.803 128.246 0.57949 170.885 154.789 0.855546 189.568 142.605 0.906935 223.484 172.179 0.876691 255.24 200.866 0.867791 152.595 169.362 0.829387 141.543 219.779 0.884424 112.402 236.761 0.855121 211.052 224.977 0.628944 208.034 269.129 0.611871 219.581 311.758 0.830754 194.782 232.2 0.663948 228.669 285.216 0.826348 272.191 325.447 0.737234 0 0 0 128.892 121.302 0.646131 164.137 114.054 0.1 140.21 123.28 0.805074 0
0 111 216 116.923 124.767 0.433795 160.01 151.313 0.879105 177.825 139.13 0.891262 210.866 170.21 0.877214 239.372 199.915 0.91243 141.95 165.885 0.777279 133.927 216.739 0.922942 109.801 238.275 0.850188 200.832 221.071 0.688093 195.421 264.789 0.482656 205.015 308.278 0.7193 183.905 228.941 0.744767 213.017 282.188 0.726072 255.456 320.668 0.740359 0 0 0 117.798 117.822 0.586844 153.289 110.215 0.1 129.337 119.797 0.89644 0
0 111 217 105.402 120.646 0.369165 148.278 148.048 0.926777 165.864 135.865 0.916632 197.609 168.264 0.955789 221.557 200.419 0.950715 130.657 162.408 0.868052 126.756 213.471 0.862262 108.721 239.793 0.857807 190.403 216.729 0.755721 182.596 260.225 0.575012 189.797 304.789 0.616582 173.028 225.456 0.764383 199.105 277.625 0.662842 238.502 315.882 0.570401 0 0 0 106.066 114.336 0.487736 142.616 106.305 0.12054 117.598 116.32 0.892444 0
0 111 218 94.3041 117.171 0.394594 137.18 144.784 0.885341 153.902 133.252 0.877548 183.906 166.749 0.950953 202.65 202.594 0.787143 120.219 158.701 0.84219 120.671 209.775 0.943463 109.166 240.001 0.841051 181.486 212.602 0.793599 178.26 259.359 0.725988 188.701 304.772 0.686767 163.04 221.761 0.681286 186.945 273.274 0.767117 223.064 311.966 0.698362 0 0 0 94.9744 110.86 0.476912 131.735 102.951 0.110474 106.088 113.048 0.873261 0
0 111 219 82.9977 114.56 0.547228 126.31 141.754 0.830304 142.385 130 0.822025 170.647 165.231 0.773046 181.119 201.295 0.639022 109.562 155.884 0.807959 114.575 206.744 0.862225 110.041 240.656 0.75496 173.236 209.344 0.767686 174.791 259.148 0.759189 187.406 304.553 0.530218 153.041 219.151 0.749302 169.116 270.017 0.750923 201.332 308.48 0.603441 0 0 0 83.4537 108.031 0.623447 120.854 99.5963 0.1 95.2199 110.011 0.813064 0
0 111 220 71.0641 111.532 0.44698 115.437 138.921 0.880348 130.223 126.749 0.817537 153.258 163.922 0.207116 156.979 197.161 0.1 100.211 153.06 0.887059 109.35 203.486 0.802751 111.125 240.654 0.799045 164.751 206.519 0.762516 171.751 259.142 0.822427 186.762 304.337 0.65453 143.689 217.192 0.723744 151.296 266.532 0.804775 178.945 306.088 0.613209 0 0 0 71.7279 105.848 0.589584 109.973 96.2417 0.1 83.9214 107.63 0.885156 0
0 111 221 59.7664 110.011 0.24831 104.568 136.53 0.862434 118.915 124.138 0.80944 136.741 163.705 0.12158 132.485 196.257 0.1 89.9932 150.659 0.857792 104.117 200.648 0.885855 112.416 240.228 0.826803 155.631 203.704 0.75459 168.492 258.91 0.809836 186.542 304.115 0.789024 134.985 215.226 0.749029 143.472 262.83 0.382852 167.859 303.257 0.402175 0 0 0 60.6395 104.321 0.384231 99.0915 92.8872 0.109235 72.6163 106.106 0.874113 0
0 111 222 48.7767 109.784 0.439858 93.9161 134.57 0.846019 106.74 122.61 0.737831 121.082 164.345 0.27391 107.991 195.353 0.143691 81.298 147.613 0.772676 99.3386 198.044 0.707999 112.628 239.133 0.816271 145.636 202.401 0.694649 163.714 258.044 0.743479 186.103 303.461 0.680816 127.597 213.478 0.766326 139.985 262.182 0.679742 166.996 303.039 0.665043 0 0 0 49.4367 103.231 0.573791 86.0635 90.0235 0.0684429 61.9592 104.8 0.8343 0
0 111 223 38.8852 109.795 0.309373 83.2735 133.04 0.897535 95.436 121.088 0.88326 106.289 165.434 0.171909 83.4968 194.45 0.1 72.1703 145.655 0.892631 93.911 196.079 0.800156 111.964 237.392 0.813772 136.299 201.099 0.762727 159.372 257.615 0.848472 185.879 302.812 0.800764 119.112 212.605 0.710082 127.157 262.186 0.563897 151.119 303.253 0.548857 0 0 0 39.3293 103.237 0.464263 70.5442 93.909 0.08596 50.9764 103.934 0.893022 0
0 111 224 28.4738 110.36 0.465508 71.9783 132.597 0.861921 82.6055 121.734 0.850572 91.9407 167.169 0.289147 59.0027 193.546 0.54574 63.4764 143.915 0.797815 88.6859 194.341 0.81163 109.367 236.084 0.765083 124.35 200.66 0.805587 143.944 255.864 0.844386 165.455 301.289 0.851261 110.414 210.652 0.711302 123.681 258.919 0.781066 146.553 301.298 0.81372 0 0 0 29.0403 103.919 0.591229 0 0 0 40.8592 103.932 0.864332 0
0 111 225 18.0624 110.925 0.312466 60.8332 132.265 0.902534 70.3233 121.84 0.819463 75.5655 168.925 0.1 0 0 0 55.03 141.953 0.837745 82.3723 192.742 0.748884 105.24 234.85 0.787531 112.608 200.873 0.804459 132.305 254.872 0.798789 154.041 300.087 0.804438 99.6595 209.458 0.705911 115.631 256.843 0.445383 137.096 300.43 0.426516 0 0 0 18.7512 104.602 0.458863 0 0 0 30.5963 104.582 0.861649 0
0 111 226 7.65097 111.491 0.438584 50.0585 131.824 0.86142 59.0184 121.627 0.578476 59.1902 170.682 0.1 0 0 0 47.0444 139.341 0.667818 75.1905 191.07 0.662656 99.371 233.254 0.768156 101.508 201.952 0.638235 124.908 253.343 0.646992 150.346 298.139 0.540169 87.4921 209.46 0.741941 100.198 256.626 0.734632 119.928 300.662 0.739375 0 0 0 8.46207 105.285 0.508058 0 0 0 20.3334 105.232 0.834518 0
0 111 227 -2.76045 112.056 0.146784 38.6534 131.699 0.883586 46.8026 122.165 0.79519 42.815 172.438 0.1 0 0 0 38.8576 136.864 0.774084 68.1695 189.838 0.718985 92.56 232.656 0.757705 88.9846 203.086 0.720322 111.965 252.078 0.775048 138.326 296.665 0.834969 75.2772 209.181 0.703157 90.0533 256.227 0.715688 108.468 300.019 0.74154 0 0 0 -1.82703 105.968 0.223931 0 0 0 10.0706 105.883 0.87211 0
0 111 228 0 0 0 27.2483 131.573 0.812174 34.5867 122.704 0.589774 26.4397 174.194 0.119614 0 0 0 30.6708 134.387 0.730666 61.1484 188.606 0.744605 85.749 232.059 0.803955 76.4611 204.22 0.522247 99.0216 250.812 0.492061 126.306 295.192 0.431997 63.0623 208.902 0.676292 79.9088 255.829 0.62466 97.009 299.375 0.668347 0 0 0 0 0 0 0 0 0 -0.192308 106.533 0.585074 0
0 111 229 0 0 0 15.8433 131.448 0.1 22.3709 123.242 0.1 0 0 0 0 0 0 22.4839 131.91 0.1 54.1274 187.373 0.1 78.938 231.461 0.1 63.9376 205.354 0.1 86.0786 249.547 0.1 114.286 293.719 0.1 50.8474 208.622 0.1 69.7643 255.43 0.1 85.5494 298.732 0.1 0 0 0 0 0 0 0 0 0 0 0 0 127
0 111 230 4.88034 113.517 0.0559667 4.43824 131.322 0.649241 10.155 123.78 0.462407 4.89194 166.349 0.079147 0 0 0 14.2971 129.433 0.1 47.1064 186.141 0.1 72.1271 230.863 0.1 51.4141 206.488 0.653271 73.1356 248.282 0.849196 102.266 292.245 0.818785 38.6325 208.343 0.577621 59.6198 255.031 0.614567 74.0899 298.089 0.824653 0 0 0 0 0 0 4.85146 101.732 0.0877946 0 0 0 0
0 111 231 0 0 0 4.85236 131.093 0.0853612 0 0 0 0 0 0 0 0 0 4.85118 119.351 0.3869 21.4784 178.057 0.396386 52.877 224.972 0.29659 3.8973 211.344 0.282874 3.88989 252.405 0.291856 21.622 303.345 0.502694 21.5257 201.508 0.37587 84.0262 240.675 0.507303 131.103 275.906 0.595713 0 0 0 0 0 0 0 0 0 0 0 0 0
