2 111 27 0 0 0 665.152 616.588 0.211693 713.717 629.004 0.274148 740.502 656.284 0.431871 727.466 585.067 0.44779 616.042 612.593 0.171101 0 0 0 0 0 0 0 0 0 0 0 0 0 0 0 0 0 0 0 0 0 0 0 0 0 0 0 0 0 0 702.499 574.837 0.199118 654.965 562.806 0.214964 0
2 111 28 0 0 0 666.523 609.432 0.1 713.717 620.396 0.1 744.118 645.934 0.1 728.098 578.919 0.1 618.414 605.692 0.1 0 0 0 0 0 0 0 0 0 0 0 0 0 0 0 0 0 0 0 0 0 0 0 0 0 0 0 0 0 0 702.854 567.681 0.1 656.354 556.451 0.1 127
2 111 29 0 0 0 667.894 602.276 0.374653 713.718 611.787 0.263376 747.735 635.585 0.187132 728.731 572.772 0.180975 620.787 598.791 0.421734 590.927 645.132 0.138411 0 0 0 0 0 0 0 0 0 0 0 0 0 0 0 0 0 0 0 0 0 0 0 0 0 0 0 703.208 560.524 0.188655 657.742 550.096 0.352511 0
2 111 30 0 0 0 669.266 595.119 0.1 713.718 603.178 0.1 751.351 625.235 0.1 729.363 566.625 0.1 623.159 591.89 0.1 593.33 640.398 0.1 0 0 0 0 0 0 0 0 0 0 0 0 0 0 0 0 0 0 0 0 0 0 0 0 0 0 0 703.563 553.368 0.1 659.13 543.741 0.1 127
2 111 31 0 0 0 670.637 587.963 0.793418 713.718 594.57 0.622114 754.967 614.885 0.413761 729.996 560.478 0.1 625.532 584.989 0.748608 595.734 635.664 0.651692 0 0 0 682.095 704.801 0.3064 0 0 0 0 0 0 617.101 700.632 0.306477 0 0 0 0 0 0 0 0 0 0 0 0 703.918 546.212 0.465935 660.518 537.386 0.780711 0
2 111 32 0 0 0 671.947 580.795 0.770226 713.507 585.442 0.688868 754.742 605.33 0.590952 730.214 554.383 0.658167 627.495 578.472 0.721303 598.137 630.93 0.615371 0 0 0 684.175 697.296 0.311125 0 0 0 0 0 0 620.493 693.299 0.293782 0 0 0 0 0 0 0 0 0 0 0 0 703.918 538.394 0.506536 661.818 531.085 0.783374 0
2 111 33 0 0 0 673.141 573.085 0.751816 713.398 576.526 0.698087 756.165 595.334 0.618276 730.865 548.504 0.739299 629.35 571.521 0.798795 600.541 626.195 0.704684 0 0 0 686.255 689.79 0.393569 0 0 0 0 0 0 623.884 685.965 0.365855 0 0 0 0 0 0 0 0 0 0 0 0 703.919 531.217 0.516446 662.696 524.569 0.853919 0
2 111 34 0 0 0 674.226 566.113 0.80077 713.396 568.485 0.720082 760.735 583.805 0.6527 730.436 543.054 0.738583 631.105 564.579 0.802559 603.588 620.979 0.691011 0 0 0 688.335 682.285 0.466032 0 0 0 0 0 0 627.276 678.632 0.472531 0 0 0 0 0 0 0 0 0 0 0 0 704.135 524.041 0.440235 663.342 517.828 0.832004 0
2 111 35 0 0 0 675.199 558.506 0.804999 713.499 560.218 0.696788 761.059 576.303 0.690385 729.97 537.504 0.690986 632.415 557.632 0.766192 606.082 615.44 0.599912 608.454 639.781 0.0891844 690.415 674.78 0.644387 0 0 0 0 0 0 630.667 671.299 0.582169 0 0 0 0 0 0 0 0 0 0 0 0 703.702 516.758 0.518749 663.667 510.877 0.708225 0
2 111 36 0 0 0 675.844 551.54 0.760246 713.715 552.176 0.654237 761.496 568.902 0.504199 729.466 531.853 0.494895 633.066 551.318 0.759848 607.602 610.448 0.577469 0 0 0 691.938 669.127 0.555112 0 0 0 0 0 0 632.632 665.646 0.538098 0 0 0 0 0 0 0 0 0 0 0 0 703.275 508.942 0.502828 663.667 503.925 0.650265 0
2 111 37 0 0 0 676.932 543.076 0.78025 713.717 543.473 0.724466 759.105 559.333 0.646007 728.504 526.362 0.545551 634.804 543.923 0.733592 609.351 603.915 0.543154 0 0 0 693.675 660.864 0.515049 0 0 0 0 0 0 636.109 657.17 0.498172 0 0 0 0 0 0 0 0 0 0 0 0 702.41 501.321 0.633342 663.674 496.537 0.616204 0
2 111 38 0 0 0 677.375 535.458 0.819085 713.067 534.781 0.701126 754.648 552.813 0.472282 727.541 520.871 0.370939 636.333 536.949 0.807363 611.317 596.949 0.610023 615.923 629.34 0.108553 694.551 654.775 0.586722 0 0 0 0 0 0 638.94 649.991 0.584705 0 0 0 0 0 0 0 0 0 0 0 0 701.115 493.065 0.713117 663.665 489.372 0.750209 0
2 111 39 0 0 0 678.24 527.842 0.773379 713.718 526.302 0.678922 748.778 548.25 0.237633 726.578 515.379 0.1 637.844 529.993 0.6752 612.85 590.425 0.45753 611.052 629.317 0.115959 696.069 650.853 0.426709 0 0 0 0 0 0 641.11 645 0.442841 0 0 0 0 0 0 0 0 0 0 0 0 700.246 485.66 0.426125 663.453 482.409 0.741889 0
2 111 40 0 0 0 678.669 520.668 0.824184 713.937 519.12 0.716754 744.877 544.334 0.310538 725.616 509.888 0.35418 639.143 522.822 0.75375 614.367 583.901 0.493022 606.18 629.293 0.138367 696.069 647.816 0.495336 0 0 0 0 0 0 642.398 640.876 0.482311 0 0 0 0 0 0 0 0 0 0 0 0 699.589 477.842 0.731825 663.447 475.461 0.747878 0
2 111 41 0 0 0 679.101 513.057 0.816646 714.154 511.505 0.705532 742.135 539.253 0.246147 0 0 0 640.659 515.209 0.68549 616.106 575.862 0.560941 614.297 602.577 0.0803104 695.854 645.429 0.419738 698.526 678.841 0.0557638 0 0 0 644.138 637.62 0.465901 0 0 0 0 0 0 0 0 0 0 0 0 698.72 470.652 0.473291 663.238 468.712 0.774912 0
2 111 42 0 0 0 679.538 506.101 0.526216 714.369 504.546 0.453519 741.84 532.581 0.1 0 0 0 642.18 508.041 0.472282 617.626 569.331 0.310222 0 0 0 695.862 642.819 0.345376 0 0 0 0 0 0 646.093 635.009 0.313233 0 0 0 0 0 0 0 0 0 0 0 0 698.062 463.482 0.134808 663.237 462.405 0.4735 0
2 111 43 0 0 0 679.969 499.366 0.736273 715.016 498.024 0.631207 742.494 525.411 0.126706 0 0 0 643.477 501.516 0.66866 619.149 563.679 0.444907 0 0 0 695.872 640.212 0.546422 0 0 0 0 0 0 647.186 632.615 0.513247 0 0 0 0 0 0 0 0 0 0 0 0 697.408 456.75 0.277722 663.246 456.106 0.709897 0
2 111 44 0 0 0 680.189 493.709 0.696894 715.017 491.944 0.603431 742.502 519.108 0.203293 0 0 0 644.774 495.648 0.599921 620.668 558.247 0.317524 622.157 594.763 0.0523151 695.876 638.476 0.449717 0 0 0 0 0 0 648.059 630.659 0.419339 0 0 0 0 0 0 0 0 0 0 0 0 697.183 450.446 0.180448 663.464 450.44 0.681983 0
2 111 45 0 0 0 680.42 487.625 0.504718 715.671 485.426 0.468873 742.061 514.11 0.1 0 0 0 646.077 490.003 0.452046 622.398 553.025 0.195701 0 0 0 696.741 632.821 0.420593 0 0 0 0 0 0 649.584 625.88 0.361848 0 0 0 0 0 0 0 0 0 0 0 0 696.749 444.784 0.128781 663.474 445 0.479845 0
2 111 46 653.512 442.218 0.0750075 680.629 482.402 0.608146 715.448 479.988 0.528663 738.804 511.934 0.1 0 0 0 646.729 484.792 0.539937 623.701 549.331 0.310304 0 0 0 696.53 631.739 0.388132 0 0 0 0 0 0 650.012 624.796 0.348129 0 0 0 0 0 0 0 0 0 659.363 432.44 0.119436 696.532 438.913 0.140143 663.473 439.135 0.58706 0
2 111 47 651.496 434.342 0.0998666 680.849 477.416 0.826924 715.669 474.991 0.697031 737.614 507.799 0.363556 815.873 459.795 0.249098 647.376 480.447 0.72022 624.787 545.643 0.440024 0 0 0 696.743 628.041 0.452532 0 0 0 0 0 0 650.22 621.535 0.459524 0 0 0 0 0 0 0 0 0 658.37 429.492 0.1 696.522 433.704 0.28144 663.685 434.131 0.86164 0
2 111 48 651.677 429.8 0.308586 681.293 472.848 0.795863 716.312 469.993 0.642099 738.489 501.82 0.266362 0 0 0 648.248 475.672 0.757707 626.298 542.161 0.482062 0 0 0 697.182 623.484 0.385275 0 0 0 0 0 0 650.445 617.837 0.379065 0 0 0 0 0 0 0 0 0 657.376 426.545 0.390578 696.311 428.281 0.138173 663.684 429.135 0.839213 0
2 111 49 651.757 425.021 0.1 681.957 467.841 0.832593 716.957 464.776 0.746149 736.75 496.83 0.592031 702.371 506.635 0.0878083 649.767 470.676 0.798286 628.255 537.379 0.675411 0 0 0 698.267 617.178 0.439274 690.637 647.637 0.0739941 0 0 0 651.758 611.963 0.503426 0 0 0 0 0 0 0 0 0 0 0 0 696.316 423.486 0.333206 663.697 424.337 0.866304 0
2 111 50 651.837 420.242 0.1 683.258 463.27 0.754357 718.254 459.131 0.615911 731.849 495.398 0.281797 0 0 0 651.282 466.546 0.708831 629.779 534.99 0.544587 605.03 624.872 0.105001 699.793 611.96 0.433712 0 0 0 0 0 0 652.623 606.743 0.426212 0 0 0 0 0 0 0 0 0 0 0 0 696.316 418.277 0.254444 663.706 419.344 0.794691 0
2 111 51 651.917 415.463 0.181954 684.128 458.043 0.818151 719.336 453.706 0.66394 726.948 493.965 0.434335 0 0 0 652.369 461.111 0.767849 632.381 529.339 0.698871 610.405 598.328 0.223257 700.235 602.617 0.460759 0 0 0 0 0 0 653.279 597.614 0.53116 0 0 0 0 0 0 0 0 0 0 0 0 696.314 413.27 0.238932 663.697 414.122 0.866096 0
2 111 52 651.997 410.683 0.1 684.349 451.746 0.775615 719.548 448.272 0.671505 722.047 492.532 0.1 0 0 0 652.813 454.375 0.735519 633.033 519.335 0.687818 615.779 571.785 0.407527 700.668 591.528 0.475026 0 0 0 0 0 0 653.929 585.879 0.509026 0 0 0 0 0 0 0 0 0 0 0 0 696.094 408.258 0.297393 663.687 408.901 0.906826 0
2 111 53 651.786 405.906 0.1 685.219 445.66 0.814939 719.555 442.623 0.753434 717.146 491.1 0.196114 0 0 0 654.342 448.501 0.739691 633.466 509.986 0.70433 621.153 545.241 0.48332 700.888 580.443 0.385148 0 0 0 0 0 0 655.236 575.232 0.435531 616.287 586.921 0.0723797 631.969 633.94 0.084374 0 0 0 0 0 0 696.092 403.246 0.343118 663.477 403.699 0.906875 0
2 111 54 651.565 401.489 0.157015 685.648 440.011 0.792645 718.477 437.408 0.743209 0 0 0 0 0 0 655.435 442.63 0.754436 633.689 499.776 0.703717 626.528 518.697 0.355708 700.669 572.178 0.495879 0 0 0 0 0 0 656.96 566.537 0.461274 602.64 567.413 0.0731975 630.009 633.967 0.0934313 0 0 0 653.494 395.391 0.289595 696.081 398.464 0.127653 663.475 398.711 0.932476 1
2 111 55 651.348 397.423 0.1 686.093 434.782 0.822163 718.259 432.182 0.810045 0 0 0 0 0 0 657.177 437.626 0.743712 634.776 485.212 0.596244 630.433 497.181 0.43464 701.537 560 0.439875 691.996 596.733 0.100036 0 0 0 659.135 555.233 0.456366 636.058 593.301 0.110186 0 0 0 0 0 0 652.949 391.978 0.1 696.286 394.118 0.308012 663.485 394.582 0.910545 1
2 111 56 651.124 393.714 0.1 686.517 429.34 0.847753 716.949 426.53 0.795478 0 0 0 0 0 0 659.135 432.196 0.803634 635.653 470.216 0.846288 634.784 474.787 0.525715 702.625 548.691 0.589824 692.095 592.333 0.212212 664.221 646.437 0.167305 662.408 544.801 0.567195 641.987 589.481 0.192675 640.7 638.285 0.152937 0 0 0 652.405 388.565 0.1 696.069 389.904 0.330911 663.483 390.232 0.92967 1
2 111 57 650.397 390.52 0.180783 686.294 424.12 0.78401 714.778 421.525 0.750931 0 0 0 0 0 0 660.441 427.19 0.745092 639.564 463.264 0.783382 640.437 465.226 0.6714 703.485 537.605 0.631923 692.194 587.933 0.511441 669.471 644.61 0.656423 665.663 534.575 0.627522 647.917 585.66 0.453405 646.994 638.223 0.324422 0 0 0 651.861 385.152 0.298103 695.629 386.057 0.18726 663.476 386.097 0.946441 1
2 111 58 649.817 387.611 0.164424 686.07 420.432 0.783635 713.472 417.616 0.782323 0 0 0 0 0 0 661.09 424.136 0.670765 637.823 452.832 0.535869 642.825 445.661 0.528477 704.139 529.346 0.672532 692.294 583.533 0.667863 674.721 642.784 0.855186 667.841 527.409 0.682429 653.847 581.84 0.642516 653.289 638.162 0.682132 0 0 0 651.316 381.739 0.267335 694.973 382.58 0.205602 663.454 382.626 0.900274 1
2 111 59 649.166 384.567 0.212098 684.989 416.083 0.810153 710.65 413.487 0.795006 663.34 414.683 0.0614698 0 0 0 661.532 420.227 0.678732 636.074 440.876 0.698051 644.563 425.668 0.576941 704.579 517.828 0.699203 692.393 579.133 0.711245 679.971 640.958 0.870061 670.448 518.055 0.705559 659.777 578.019 0.782513 659.584 638.1 0.740671 0 0 0 650.872 378.481 0.286942 694.029 379.387 0.108339 663.225 379.154 0.826173 1
2 111 60 648.436 381.812 0.258968 684.132 412.61 0.824469 707.829 409.569 0.713457 659.268 414.824 0.0687648 0 0 0 662.409 418.05 0.693205 638.047 437.392 0.640241 647.824 421.965 0.632519 706.1 510.874 0.696409 694.352 573.917 0.624725 685.222 639.132 0.581829 673.057 512.186 0.713459 664.779 573.019 0.68943 665.878 638.039 0.689565 0 0 0 650.075 375.517 0.331409 692.805 376.273 0.1 662.573 376.121 0.745768 1
2 111 61 648.066 379.342 0.348066 683.928 409.998 0.852474 705.875 405.656 0.698588 0 0 0 0 0 0 664.127 416.309 0.79055 642.174 437.401 0.7002 649.769 431.311 0.614459 707.622 506.087 0.735491 698.047 570.219 0.626785 693.267 638.043 0.608628 676.1 508.702 0.741735 669.344 571.062 0.695842 671.969 638.908 0.730676 0 0 0 649.774 373.046 0.425976 691.507 373.663 0.1 661.928 373.948 0.853079 1
2 111 62 647.627 376.953 0.160771 683.062 407.593 0.839035 704.136 402.177 0.707689 678.941 399.195 0.0632469 0 0 0 664.339 413.916 0.766109 646.743 437.613 0.713829 651.746 441.091 0.679852 709.139 502.174 0.691218 702.387 566.752 0.584596 695.234 635.87 0.587237 678.061 505.651 0.705867 673.248 569.11 0.645674 677.409 638.266 0.657004 0 0 0 649.349 370.869 0.260825 689.787 370.851 0.107039 660.846 371.979 0.813495 1
2 111 63 647.4 374.56 0.285775 682.42 405.409 0.806967 702.163 398.91 0.676542 656.168 414.777 0.126992 632.888 373.566 0.456826 665.208 411.964 0.805384 651.739 439.131 0.553469 654.352 451.96 0.656558 710.444 498.487 0.6737 705.643 563.93 0.550141 697.195 633.696 0.606433 680.247 502.824 0.676267 676.727 567.157 0.628137 682.417 637.185 0.610899 0 0 0 648.928 368.691 0.409858 687.833 367.818 0.1 659.549 370.223 0.844613 1
2 111 64 646.955 372.602 0.366689 681.768 403.45 0.877458 700.206 395.879 0.682425 654.085 417.656 0.34902 632.713 378.491 0.577189 665.425 410.005 0.797712 656.296 444.787 0.689722 656.093 464.994 0.646653 711.314 496.531 0.738843 708.027 562.404 0.600902 699.148 631.954 0.416965 682.633 501.735 0.674639 679.992 566.299 0.742849 687.632 636.323 0.792996 0 0 0 648.482 366.73 0.497688 685.874 364.998 0.1 658.238 368.479 0.885505 1
2 111 65 646.512 371.08 0.209453 681.338 401.919 0.875361 698.905 393.916 0.698567 652.003 420.534 0.1 632.538 383.415 0.1 665.649 408.481 0.793013 661.289 451.082 0.52115 658.263 478.034 0.614782 711.756 494.791 0.698194 709.332 561.318 0.656928 701.757 631.078 0.477321 684.362 500.65 0.664433 683.03 565.638 0.723612 690.455 635.237 0.827521 0 0 0 647.831 365.641 0.308702 683.735 361.91 0.131253 656.722 367.176 0.847607 1
2 111 66 646.076 369.126 0.151628 680.911 399.965 0.846638 697.815 391.53 0.661158 649.92 423.413 0.1 632.363 388.34 0.1 665.655 406.53 0.789017 657.823 447.6 0.462719 653.92 467.373 0.543492 712.199 493.265 0.691127 710.852 559.8 0.471234 704.791 629.989 0.208191 685.892 499.131 0.655355 684.99 564.125 0.679851 693.698 634.372 0.857368 0 0 0 647.606 363.903 0.245951 681.596 358.822 0.143282 655.425 365.878 0.758883 1
2 111 67 644.988 367.393 0.137687 680.264 398.002 0.839157 695.643 388.713 0.692649 647.838 426.291 0.205685 632.188 393.265 0.29063 665.886 404.358 0.776665 664.574 451.942 0.67553 658.268 480.41 0.684869 712.64 490.872 0.717875 712.154 558.278 0.555773 707.827 628.894 0.358648 687.852 497.385 0.661149 686.944 562.612 0.692517 696.963 633.927 0.819969 0 0 0 646.951 362.599 0.218358 679.457 355.734 0.151567 653.923 364.573 0.713838 1
2 111 68 643.898 366.517 0.169959 679.835 396.916 0.851149 694.124 387.405 0.686828 644.581 429.107 0.541827 631.902 396.661 0.639946 666.97 403.048 0.762387 671.752 456.72 0.695944 663.483 494.096 0.658322 713.721 489.781 0.718253 713.244 557.197 0.493548 710.224 627.16 0.378137 690.24 496.086 0.665494 689.123 561.534 0.643951 701.097 633.484 0.809835 0 0 0 646.092 361.726 0.284429 677.318 352.647 0.12904 652.628 364.124 0.757748 1
2 111 69 642.815 365.872 0.196668 679.606 396.478 0.836582 691.516 387.404 0.653823 643.491 428.243 0.495743 631.32 400.647 0.473192 668.488 401.524 0.771719 675.654 455.208 0.740292 666.527 493.447 0.670671 711.325 489.991 0.686845 710.209 556.552 0.511821 707.613 625.424 0.478062 693.058 495.434 0.686591 691.727 560.448 0.664943 703.927 631.966 0.78816 0 0 0 645.435 361.282 0.305248 676.976 358.029 0.0943518 651.98 363.679 0.754952 1
2 111 70 642.378 365.447 0.279709 679.593 396.482 0.839985 689.128 387.624 0.673237 642.618 429.625 0.164043 630.162 405.502 0.338832 670.23 401.304 0.816201 678.272 454.772 0.800216 669.357 492.579 0.539817 709.802 490.209 0.649344 707.168 556.33 0.48617 704.568 623.905 0.357341 695.875 495.434 0.718893 694.557 559.793 0.641593 706.536 630.233 0.818842 0 0 0 645.009 360.426 0.386427 675.012 356.096 0.0658476 651.334 363.239 0.749953 1
2 111 71 642.158 365.651 0.261046 679.589 395.403 0.777904 687.819 387.182 0.645117 641.532 429.779 0.220267 628.716 411.224 0.178711 671.748 400.647 0.738823 673.276 452.382 0.678318 663.256 481.928 0.666661 709.585 488.91 0.588986 705.21 555.672 0.461634 706.742 621.947 0.402782 699.115 494.566 0.679103 697.388 558.272 0.700051 709.568 628.489 0.825343 0 0 0 644.776 360.211 0.349059 0 0 0 651.116 362.806 0.734856 1
2 111 72 642.376 365.87 0.315693 679.794 395.624 0.737898 684.564 388.702 0.61295 639.578 431.299 0.1 626.982 417.814 0.1 675.013 400.427 0.735148 677.194 450.869 0.690082 664.564 474.318 0.688511 706.979 489.12 0.544809 703.487 555.016 0.42705 709.13 619.986 0.361225 701.94 494.127 0.646184 700.423 557.188 0.694711 712.383 626.534 0.815773 0 0 0 644.989 360.212 0.393665 0 0 0 652.199 362.385 0.779997 1
2 111 73 642.608 365.878 0.46884 679.572 394.544 0.662429 681.307 390 0.454435 638.933 433.038 0.122056 625.463 420.208 0.1 676.974 398.041 0.685586 679.594 449.788 0.124775 668.26 472.805 0.1 705.021 487.815 0.520465 701.977 553.056 0.516257 711.736 616.949 0.44189 704.342 491.736 0.608204 702.169 555.01 0.588112 714.989 624.354 0.676479 0 0 0 645.216 360.211 0.518608 0 0 0 653.279 361.95 0.76728 1
2 111 74 642.836 365.886 0.426862 679.575 393.68 0.639526 678.915 390.22 0.458645 640.345 434.664 0.157422 628.503 422.161 0.181281 678.93 396.087 0.673339 682.629 448.922 0.537452 672.609 471.499 0.451994 703.058 486.52 0.447966 700.888 550.672 0.478656 714.124 613.47 0.395903 706.3 490.211 0.590144 703.259 552.841 0.620579 717.372 621.102 0.726472 0 0 0 645.643 360.423 0.486532 0 0 0 654.37 361.944 0.68818 1
2 111 75 643.928 366.309 0.426953 679.576 393.03 0.684382 675.663 391.745 0.526142 642.088 435.973 0.176884 630.684 427.609 0.1 682.188 393.691 0.619417 692.193 443.051 0.573587 680.216 470.204 0.198767 700.885 485.434 0.413973 699.59 548.719 0.342414 715.866 610.429 0.293813 709.341 488.035 0.574624 705.21 551.311 0.582133 719.113 617.843 0.730975 0 0 0 646.956 360.856 0.49392 0 0 0 656.326 361.504 0.778903 1
2 111 76 646.533 366.739 0.636567 679.787 392.168 0.565532 672.849 393.481 0.550552 645.347 436.194 0.366021 633.296 433.274 0.1 685.445 391.086 0.455938 697.188 435.228 0.343045 682.385 457.603 0.207956 698.695 484.559 0.576042 698.506 546.748 0.527734 717.394 606.521 0.355747 711.721 485.424 0.609337 707.177 549.138 0.5935 720.84 614.375 0.699975 644.882 360.565 0.262499 649.135 361.5 0.612348 0 0 0 659.356 361.286 0.499434 1
2 111 77 649.355 367.179 0.559604 680.004 391.516 0.672282 670.449 395.005 0.589864 648.83 437.713 0.523552 636.848 439.65 0.393325 688.057 388.691 0.605048 702.188 427.41 0.393191 684.774 446.952 0.206789 695.653 483.473 0.533209 697.201 543.92 0.486826 718.476 602.382 0.398388 713.68 482.598 0.484607 709.131 546.959 0.540882 722.356 610.9 0.687517 647.743 362.436 0.1 651.737 362.152 0.573292 0 0 0 662.602 361.292 0.64941 1
2 111 78 653.044 367.822 0.488104 680.659 391.509 0.532184 669.573 395.878 0.373472 652.106 440.105 0.1 640.908 445.45 0.112081 691.096 386.959 0.461733 705.667 421.098 0.277781 687.598 436.954 0.183414 696.078 481.518 0.438646 696.967 540.871 0.442437 718.909 597.382 0.367651 715.633 479.555 0.494722 710.654 543.915 0.528336 723.66 607.634 0.724826 650.604 364.307 0.1 655.65 362.597 0.536065 0 0 0 666.079 361.737 0.68767 1
2 111 79 655.661 369.334 0.777477 681.741 391.288 0.742019 668.27 396.962 0.705401 655.367 440.532 0.571157 645.681 451.096 0.671014 694.144 384.995 0.69172 710.439 414.139 0.492882 691.072 427.604 0.160966 695.645 479.561 0.587715 696.529 537.181 0.40979 717.387 590.859 0.356786 717.816 476.08 0.516522 712.825 540.66 0.482504 724.743 604.588 0.698876 653.465 366.179 0.629727 658.695 363.895 0.711994 0 0 0 669.767 362.396 0.59071 1
2 111 80 658.706 371.073 0.845988 683.49 392.588 0.834114 668.917 398.922 0.851268 659.278 441.83 0.735265 650.682 456.6 0.787969 697.406 385.216 0.793862 715.869 415.005 0.805712 697.176 435.211 0.397049 697.166 478.685 0.718438 695.223 532.403 0.535121 713.905 584.116 0.368828 720.002 473.903 0.608969 713.908 538.266 0.532326 725.177 601.543 0.70496 656.326 368.05 0.779509 662.171 365.847 0.827102 653.494 367.862 0.104352 673.89 363.919 0.669554 1
2 111 81 663.49 373.034 0.826393 686.752 396.07 0.843658 671.096 401.529 0.866653 664.058 442.489 0.665889 655.904 461.972 0.706326 701.532 389.994 0.791071 721.736 417.388 0.737315 705.435 441.513 0.423016 697.808 478.472 0.656788 693.692 527.838 0.4644 709.555 577.383 0.293343 721.729 474.129 0.570648 714.567 536.966 0.494244 725.402 599.142 0.730411 661.314 370.223 0.728564 667.376 368.242 0.870602 658.387 374.655 0.1 679.323 368.047 0.723177 1
2 111 82 667.184 375.64 0.799514 690.223 399.764 0.799657 673.918 403.704 0.820088 668.186 442.489 0.77986 661.344 467.618 0.847284 706.097 395.199 0.784312 726.307 419.118 0.654085 708.915 436.949 0.374638 697.807 479.56 0.703965 692.599 525.442 0.499265 704.99 571.941 0.393452 723.028 475.865 0.636946 715.435 536.753 0.482495 725.408 597.398 0.697169 664.927 372.396 0.834355 671.937 370.855 0.830917 663.28 381.449 0.247947 684.538 370.877 0.719646 1
2 111 83 671.096 378.251 0.774532 692.824 402.162 0.812643 675 405.442 0.784312 670.903 442.597 0.768006 662.443 474.131 0.821619 710.449 398.243 0.806002 730.444 420.644 0.707016 711.306 431.742 0.547985 699.108 479.776 0.707552 691.088 521.965 0.505297 700.644 566.948 0.359221 726.297 476.303 0.666487 718.038 536.531 0.53781 725.203 596.949 0.700671 668.487 374.575 0.587793 676.29 373.247 0.731815 0 0 0 689.964 373.277 0.709934 1
2 111 84 675.864 381.732 0.770295 696.296 404.982 0.75972 676.959 406.744 0.515509 672.206 443.255 0.456025 664.388 477.594 0.716577 715.228 402.591 0.554135 733.059 428.696 0.196888 714.346 434.352 0.120625 700.624 479.997 0.337633 689.779 518.707 0.382348 696.732 562.373 0.365486 728.902 478.039 0.450253 719.772 536.107 0.287149 724.995 596.512 0.608223 672.618 377.614 0.16364 680.849 376.73 0.750832 0 0 0 694.76 376.976 0.689603 1
2 111 85 679.566 385.65 0.553369 699.771 408.025 0.716007 679.122 408.258 0.670355 673.506 444.991 0.680583 665.26 480.85 0.798627 720.218 407.153 0.580892 736.093 437.177 0.34784 719.787 440.218 0.275523 700.854 481.524 0.66378 688.906 520.671 0.536991 688.47 558.24 0.676783 730.642 480.871 0.576266 721.081 536.973 0.593922 724.786 596.288 0.710123 676.754 381.09 0.281589 684.767 380.645 0.575605 0 0 0 698.905 381.316 0.374941 1
2 111 86 683.271 390.216 0.649739 703.676 411.509 0.706264 681.736 409.988 0.691703 674.792 446.953 0.742839 666.559 483.465 0.79643 725.224 412.812 0.625455 739.573 447.165 0.407941 726.315 445.871 0.142512 701.288 483.039 0.671927 687.379 518.932 0.381799 684.775 555.642 0.592296 731.522 483.916 0.588089 722.375 538.281 0.534436 724.776 596.071 0.687749 680.877 384.785 0.274511 689.117 384.992 0.636846 0 0 0 703.909 385.454 0.578052 1
2 111 87 687.185 395.002 0.635442 707.586 414.77 0.804614 684.133 411.726 0.776522 676.079 449.777 0.845339 668.503 486.726 0.858122 730.222 418.236 0.706218 743.266 456.519 0.605602 732.186 451.737 0.466885 701.518 484.344 0.625942 685.655 518.494 0.577905 681.301 554.119 0.700357 732.179 486.955 0.694952 723.243 540.02 0.635622 724.555 596.72 0.728796 684.792 389.552 0.273088 693.032 390.192 0.63965 0 0 0 708.901 390.013 0.795187 1
2 111 88 691.954 399.573 0.664943 711.289 418.694 0.835762 686.947 414.549 0.778891 677.169 451.962 0.830477 670.688 490.419 0.917405 734.787 424.978 0.739463 746.315 465.868 0.728552 738.067 458.045 0.72539 701.738 486.743 0.630004 684.569 519.797 0.465836 679.352 555.417 0.711334 732.611 491.738 0.689801 723.462 543.056 0.65612 724.559 597.583 0.724169 689.354 393.9 0.429746 697.389 395.195 0.635342 0 0 0 713.691 395.013 0.721447 1
2 111 89 696.297 404.574 0.62201 714.546 422.18 0.853772 687.379 417.582 0.800208 677.816 454.358 0.815969 673.953 493.462 0.878393 740.224 429.544 0.735872 756.533 470.222 0.598944 750.013 456.96 0.396742 699.783 488.923 0.769364 683.706 521.531 0.663293 678.915 557.163 0.368969 733.693 495.218 0.685468 724.558 545.445 0.719681 724.554 598.876 0.779894 693.689 398.021 0.343797 701.523 399.553 0.632828 0 0 0 718.262 399.358 0.728195 1
2 111 90 700.441 409.341 0.679495 716.283 422.394 0.784671 688.455 418.669 0.836827 677.595 457.408 0.807972 678.945 495.404 0.797964 743.049 428.244 0.785412 757.407 471.525 0.780037 750.884 455.448 0.479747 700.021 490.443 0.728169 685.223 524.784 0.398864 679.128 560.86 0.631148 735.22 496.732 0.690303 727.158 547.829 0.631616 724.975 599.521 0.716619 697.399 401.512 0.270125 705.879 403.04 0.634208 0 0 0 721.521 401.091 0.784187 1
2 111 91 706.951 413.692 0.602113 718.242 423.917 0.816702 689.11 421.06 0.862381 678.019 461.534 0.817998 685.233 496.493 0.917623 746.528 428.693 0.798208 761.314 473.486 0.752335 754.791 458.493 0.498552 700.888 492.392 0.7133 686.745 527.392 0.369438 679.134 564.562 0.57238 736.961 498.47 0.706223 729.769 549.563 0.704467 725.196 599.74 0.750599 702.846 406.078 0.294008 711.531 407.169 0.591128 0 0 0 725.225 404.723 0.823202 1
2 111 92 713.472 417.827 0.654741 720.853 426.307 0.808784 690.856 424.76 0.778972 678.882 466.316 0.637172 692.184 496.711 0.556688 750.218 430.214 0.744334 765.222 474.795 0.629386 759.566 462.408 0.52373 701.109 496.088 0.607668 688.268 532.605 0.257065 679.142 568.911 0.374947 737.181 501.94 0.618887 731.294 552.825 0.539646 725.631 599.753 0.561748 708.921 410.85 0.418641 717.612 411.303 0.680128 0 0 0 728.931 408.733 0.782161 1
2 111 93 718.696 421.307 0.707417 722.823 429.35 0.831609 692.598 428.461 0.782801 680.61 471.099 0.533182 700.223 496.5 0.261797 752.833 431.96 0.75587 769.559 478.043 0.734862 766.095 468.494 0.655363 701.319 500.433 0.651108 689.579 539.338 0.446606 678.923 575.007 0.451483 736.971 505.641 0.722058 732.17 557.813 0.658089 725.849 599.973 0.750942 714.138 414.764 0.419388 722.612 414.562 0.661626 0 0 0 732.62 412.475 0.794464 1
2 111 94 723.257 425.873 0.392944 724.784 432.614 0.870397 694.126 432.381 0.849965 682.35 475.444 0.840576 708.479 496.271 0.89452 755.452 434.354 0.823861 773.468 481.078 0.701024 769.356 472.407 0.49752 702.625 504.343 0.744864 690.661 542.163 0.856373 682.842 583.697 0.853645 738.069 509.337 0.728623 732.378 562.374 0.422819 724.55 603.451 0.544906 718.05 419.339 0.374278 727.389 418.7 0.338112 714.048 411.627 0.487771 736.312 415.951 0.172886 1
2 111 95 728.252 429.781 0.654174 724.784 436.946 0.858746 694.997 437.614 0.833721 685.622 481.095 0.859827 716.739 495.839 0.890645 755.443 436.095 0.828703 775.851 480.866 0.684596 771.092 474.793 0.566761 703.285 509.564 0.725409 693.062 549.767 0.749115 683.709 591.727 0.855934 738.054 513.467 0.735267 732.166 565.638 0.599657 723.044 605.402 0.707281 722.621 423.909 0.590112 731.737 422.833 0.535945 714.993 416.551 0.642802 739.092 419.473 0.1 1
2 111 96 732.597 433.695 0.571106 723.919 441.089 0.87227 697.17 443.479 0.86891 689.977 486.1 0.823949 725.004 495.405 0.88823 751.098 439.365 0.860204 777.814 481.95 0.679316 772.293 477.404 0.684675 703.935 515.647 0.770156 696.316 557.159 0.704365 685.226 599.997 0.758596 736.319 519.121 0.746021 731.08 570.424 0.54686 721.306 608.672 0.579743 727.174 427.827 0.490335 735.652 426.321 0.42168 715.938 421.475 0.566919 741.606 422.837 0.1 1
2 111 97 736.092 438.037 0.495397 724.355 444.569 0.876094 698.263 448.703 0.89056 692.585 492.834 0.865702 732.933 494.874 0.910263 752.192 440.669 0.793101 780.43 483.91 0.647911 772.077 480.016 0.68065 704.797 521.732 0.782844 698.493 564.986 0.669107 687.281 608.049 0.666062 735.882 524.335 0.701114 729.346 575.865 0.487553 719.556 612.155 0.403102 730.655 432.172 0.445737 739.336 430.232 0.423492 716.882 426.399 0.545343 744.266 426.039 0.1 1
2 111 98 739.582 441.74 0.690079 725.224 448.48 0.920738 699.789 453.939 0.855629 696.062 499.567 0.86823 739.881 495.319 0.904516 752.85 443.06 0.762771 782.612 486.305 0.771524 772.516 483.28 0.617049 705.015 528.896 0.704904 701.32 574.987 0.612886 689.673 616.962 0.609687 734.796 530.854 0.637069 727.817 582.608 0.565241 717.835 615.86 0.346611 734.133 436.516 0.664363 742.612 434.569 0.660874 717.827 431.323 0.66448 746.876 429.523 0.290194 1
2 111 99 740.882 447.4 0.697962 725.665 453.697 0.795503 701.752 460.461 0.860466 701.066 506.51 0.845033 745.533 497.28 0.906521 753.286 446.543 0.583998 784.563 489.352 0.272927 773.898 485.81 0.372674 705.656 534.765 0.703868 701.905 582.164 0.667105 685.547 617.174 0.710133 733.266 536.516 0.629691 724.994 586.949 0.486671 715.881 620.866 0.568943 734.996 443.026 0.653931 743.474 440.863 0.300656 718.916 436.762 0.6851 748.399 433.733 0.1 1
2 111 100 741.098 453.484 0.62999 726.75 458.592 0.57079 703.816 465.571 0.725046 704.228 510.098 0.681125 748.146 500.105 0.797127 753.826 450.887 0.413325 786.407 492.289 0.1 774.92 488.919 0.1 706.094 539.338 0.593425 701.328 587.815 0.394818 681.741 617.826 0.332418 732.386 541.416 0.512119 722.705 591.839 0.410571 714.136 626.413 0.319616 735.319 449.22 0.697508 743.583 447.059 0.332767 720.106 442.523 0.648034 749.701 438.289 0.1 1
2 111 101 741.087 460.215 0.657767 728.265 463.378 0.549255 705.77 469.487 0.584532 705.75 510.969 0.498817 748.357 503.802 0.1 754.256 456.318 0.539279 788.365 495.984 0.494652 775.581 492.387 0.523563 706.312 541.947 0.436576 700.451 590.85 0.195369 678.042 618.697 0.1 732.151 544.463 0.330009 720.749 595.315 0.14535 712.183 632.497 0.103271 734.889 455.959 0.586662 743.372 453.58 0.441585 720.758 448.821 0.556621 750.782 443.192 0.1 1
2 111 102 741.301 467.18 0.411889 729.772 468.387 0.547051 707.72 474.479 0.640768 707.496 514.433 0.502096 748.579 508.805 0.560028 754.905 461.962 0.529342 788.803 499.463 0.457529 775.791 497.174 0.451057 706.53 544.991 0.457448 698.49 594.111 0.254071 673.478 620.001 0.110829 731.925 547.728 0.32525 719.662 597.495 0.183114 710.658 639.449 0.121573 735.748 463.125 0.368179 743.599 460.974 0.322438 722.058 454.696 0.423691 752.082 449.016 0.131129 1
2 111 103 743.468 472.396 0.20987 731.081 474.91 0.373756 710.32 480.987 0.51673 710.969 520.741 0.525127 749.016 514.251 0.623588 754.473 468.7 0.281814 789.252 502.947 0.241244 776.015 501.964 0.1 706.957 549.773 0.354345 697.403 596.497 0.1 669.573 620.007 0.125595 731.687 552.724 0.316569 719.455 602.061 0.232958 710.642 643.37 0.242145 737.921 468.124 0.19802 745.345 466.408 0.133986 724.442 460.133 0.260142 753.389 454.676 0.1 1
2 111 104 744.37 478.888 0.1 732.609 480.137 0.1 713.584 486.41 0.1 714.011 525.957 0.1 751.624 519.03 0.1 756.762 474.568 0.1 790.444 508.343 0.1 776.409 507.232 0.1 708.694 554.124 0.1 694.792 601.283 0.1 665.672 620.827 0.1 731.697 558.155 0.1 719.667 608.146 0.1 710.85 649.029 0.1 738.3 474.656 0.1 746.117 472.882 0.1 727.051 465.999 0.1 754.462 460.805 0.1 127
2 111 105 745.272 485.379 0.148325 735.651 484.764 0.606529 716.411 490.324 0.486479 715.6 530.01 0.153948 751.214 524.649 0.263927 762.85 478.914 0.628253 791.635 513.738 0.620138 776.802 512.501 0.599955 711.227 557.679 0.49031 692.764 605.199 0.180984 662.421 622.235 0.198201 733.872 561.998 0.4312 720.965 612.927 0.259719 711.715 653.157 0.24027 738.679 481.188 0.128114 746.89 479.357 0.127243 729.397 472.125 0.144209 755.535 466.935 0.131841 1
2 111 106 746.173 491.871 0.23388 738.042 489.03 0.56364 720.544 493.146 0.501764 718.131 531.389 0.275195 750.805 530.268 0.276118 764.041 483.702 0.459708 792.826 519.134 0.324557 777.196 517.769 0.422844 714.127 560 0.457947 692.401 607.371 0.345131 660.144 623.59 0.210992 735.612 564.463 0.373384 722.911 615.534 0.256141 712.59 656.851 0.225606 739.058 487.721 0.202052 747.663 485.831 0.173723 731.744 478.25 0.246253 756.608 473.064 0.128505 1
2 111 107 747.075 498.362 0.424166 739.385 493.91 0.842341 724.234 496.758 0.763088 720.824 534.73 0.492015 750.395 535.887 0.57585 764.956 489.312 0.712759 794.018 524.53 0.65171 777.589 523.038 0.547552 717.297 563.45 0.714238 690.787 610.536 0.576677 660.413 628.839 0.542146 736.829 567.96 0.666388 724.895 619.419 0.532825 713.557 660.439 0.382438 739.437 494.253 0.366053 748.435 492.306 0.388861 734.091 484.375 0.431662 757.681 479.193 0.161767 1
2 111 108 0 0 0 740.728 498.79 0.331878 727.924 500.37 0.446481 723.517 538.07 0.222814 749.986 541.505 0.273462 765.87 494.922 0.1 0 0 0 0 0 0 720.467 566.899 0.313872 689.174 613.702 0.168503 660.682 634.089 0.1 738.046 571.458 0.22019 726.88 623.304 0.15603 714.525 664.028 0.1 0 0 0 0 0 0 736.437 490.5 0.243473 0 0 0 1
2 111 109 0 0 0 742.071 503.67 0.1 731.614 503.982 0.1 726.211 541.41 0.1 0 0 0 766.785 500.532 0.1 0 0 0 0 0 0 723.636 570.349 0.1 687.561 616.868 0.1 660.952 639.338 0.1 739.263 574.956 0.1 728.864 627.189 0.1 715.493 667.616 0.1 0 0 0 0 0 0 0 0 0 0 0 0 127
2 111 110 0 0 0 743.414 508.551 0.1 735.305 507.594 0.1 728.904 544.75 0.1 0 0 0 767.7 506.142 0.1 0 0 0 0 0 0 726.806 573.799 0.1 685.948 620.034 0.1 661.221 644.588 0.1 740.48 578.454 0.1 730.849 631.074 0.1 716.461 671.205 0.1 0 0 0 0 0 0 0 0 0 0 0 0 127
2 111 111 0 0 0 759.136 496.97 0.230734 749.36 493.042 0.208002 719.966 524.354 0.112962 0 0 0 772.822 498.924 0.150797 0 0 0 0 0 0 739.542 571.32 0.307402 712.171 620.209 0.192259 688.719 659.344 0.14534 751.274 573.28 0.276842 731.717 622.169 0.182524 719.981 665.187 0.108814 0 0 0 0 0 0 0 0 0 0 0 0 1
