0 111 0 0 0 0 16.1252 218.184 0.659682 56.877 227.528 0.692959 96.6312 297.228 0.775707 129.384 332.68 0.853975 -2.62868 212.909 0.131527 0 0 0 0 0 0 35.9885 350.703 0.611473 87.1466 420.822 0.804536 28.1906 508.593 0.568022 -2.3624 354.519 0.337035 25.7763 424.738 0.715601 32.7199 515.269 0.609758 0 0 0 0 0 0 57.6783 169.555 0.476358 6.93948 160.553 0.203707 0
0 111 1 0 0 0 23.5551 216.356 0.755543 64.1774 225.541 0.722463 103.772 295.801 0.774045 137.139 331.088 0.871443 1.11663 210.011 0.295008 0 0 0 0 0 0 43.132 349.008 0.62884 94.4876 419.034 0.784841 48.3123 506.011 0.579628 2.35457 352.628 0.444572 29.436 423.505 0.682859 33.7784 514.712 0.709736 0 0 0 0 0 0 65.5994 168.411 0.467489 16.5314 158.679 0.164682 0
0 111 2 102.475 177.301 0.265625 30.985 214.527 0.750771 71.4777 223.554 0.718772 110.912 294.373 0.750608 144.894 329.497 0.856638 4.86194 207.113 0.392918 0 0 0 0 0 0 50.2755 347.314 0.638418 101.829 417.246 0.881577 68.4341 503.428 0.699464 7.07154 350.737 0.596133 33.0956 422.271 0.727515 34.837 514.155 0.766032 99.1567 164.073 0.341407 0 0 0 73.5206 167.267 0.605892 26.1234 156.805 0.1 0
0 111 3 109.713 176.855 0.1 38.4149 212.699 0.834144 78.778 221.566 0.719658 118.052 292.946 0.764747 152.65 327.905 0.818845 8.60724 204.214 0.46013 0 0 0 0 0 0 57.419 345.619 0.629195 109.17 415.458 0.854452 88.5558 500.846 0.807888 11.7885 348.847 0.603765 36.7553 421.038 0.757617 35.8956 513.597 0.793902 105.948 163.849 0.1 0 0 0 81.4417 166.124 0.661195 35.7153 154.931 0.186691 0
0 111 4 116.951 176.41 0.408033 45.8448 210.87 0.778742 86.0784 219.579 0.742463 125.193 291.518 0.762078 160.405 326.314 0.877429 12.3525 201.316 0.576845 0 0 0 0 0 0 64.5625 343.925 0.64188 116.511 413.67 0.866301 108.678 498.264 0.833225 16.5055 346.956 0.596029 40.415 419.805 0.816064 36.9541 513.04 0.802323 112.739 163.624 0.531063 0 0 0 89.3629 164.98 0.76653 45.3073 153.057 0.1 1
0 111 5 124.189 175.965 0.148252 53.451 209.349 0.782297 94.1176 218.913 0.681902 132.159 289.797 0.810785 167.806 325.438 0.848091 16.8092 198.926 0.60748 0 0 0 0 0 0 71.7414 342.612 0.66214 124.129 412.156 0.814768 126.511 496.959 0.74122 21.4034 344.789 0.629877 44.5463 418.286 0.792369 38.6929 511.959 0.834766 119.53 163.399 0.252602 0 0 0 97.8408 164.105 0.6834 54.7677 151.968 0.1 1
0 111 6 131.427 175.52 0.137244 61.4917 208.466 0.780912 101.943 218.255 0.747882 140.201 289.572 0.764898 176.28 325.439 0.886227 22.1418 197.185 0.700711 4.87418 258.264 0.0521925 0 0 0 79.9932 341.528 0.631566 131.955 411.718 0.85331 143.244 496.302 0.778911 26.9518 343.48 0.650067 48.8976 417.63 0.830864 40.0044 511.511 0.827181 126.321 163.174 0.215313 0 0 0 105.882 163.669 0.705944 64.119 151.101 0.150337 1
0 111 7 139.249 175.509 0.159746 69.5289 208.236 0.80668 110.422 218.033 0.697437 148.026 289.356 0.806204 183.898 326.087 0.892114 28.5629 195.889 0.727372 4.87132 254.369 0.0666911 0 0 0 87.3927 340.662 0.661811 139.349 411.933 0.797407 158.68 495.005 0.68696 33.9123 342.182 0.664445 53.2493 416.973 0.889406 41.5331 510.422 0.826874 133.726 163.17 0.251392 0 0 0 114.579 163.671 0.681693 73.9 150.668 0.159569 1
0 111 8 146.734 175.441 0.141807 78.44 208.232 0.789218 119.112 218.043 0.751656 156.074 288.929 0.773486 192.363 326.962 0.891724 36.5021 195.885 0.783561 1.68973 257.645 0.408948 19.5203 318.945 0.307921 95.6647 340.224 0.642444 146.532 411.287 0.763567 172.593 491.963 0.60378 41.5276 341.092 0.695665 58.4685 415.673 0.870442 43.067 508.248 0.866007 140.968 163.129 0.226302 0 0 0 123.486 164.33 0.678444 83.0387 151.541 0.168932 1
0 111 9 154.219 175.373 0.1 87.5743 208.221 0.856782 128.035 218.686 0.723157 163.905 288.931 0.821923 200.199 328.274 0.855494 45.8518 195.437 0.734113 12.2469 256.442 0.116494 0 0 0 103.711 339.576 0.662488 155.001 409.988 0.749475 185.201 488.267 0.446354 49.3536 339.787 0.661548 63.9178 414.151 0.841565 45.4498 504.549 0.831367 148.211 163.088 0.182039 0 0 0 133.261 164.986 0.716326 92.8263 152.048 0.18979 1
0 111 10 161.704 175.306 0.1 97.5807 208.44 0.821452 138.032 219.982 0.720909 172.169 289.798 0.782877 208.465 330.66 0.9127 56.7239 195.227 0.793877 22.8041 255.239 0.589647 39.2191 316.912 0.0699683 112.184 339.135 0.656042 163.485 408.468 0.785269 195.198 486.092 0.401977 56.9602 338.267 0.698266 70.4514 411.543 0.91045 48.4956 500.192 0.78802 155.454 163.048 0.1 0 0 0 143.692 166.284 0.636282 104.131 153.06 0.159924 1
0 111 11 169.189 175.238 0.2138 107.803 208.663 0.825483 148.455 221.492 0.73554 180.436 291.527 0.819561 216.083 333.697 0.919725 67.1623 195.224 0.719745 33.3613 254.036 0.446466 44.9901 318.83 0.058586 120.011 338.477 0.636905 172.184 406.082 0.769084 201.935 483.484 0.35124 64.7771 336.526 0.674819 77.4109 409.564 0.864 51.9759 494.757 0.82682 162.697 163.007 0.304503 0 0 0 155.213 167.815 0.654035 115.648 153.925 0.102841 1
0 111 12 0 0 0 118.251 208.891 0.829132 158.454 222.799 0.720212 189.131 293.271 0.772804 224.131 336.752 0.96097 78.2566 195.214 0.6853 43.9185 252.833 0.278833 0 0 0 127.833 337.829 0.687729 180.884 403.468 0.800906 206.285 480.452 0.416111 71.7335 334.565 0.703176 84.8002 406.509 0.863288 56.3221 489.1 0.87418 0 0 0 0 0 0 166.524 169.564 0.620787 127.618 155.229 0.167098 1
0 111 13 0 0 0 129.116 209.321 0.832803 168.687 224.097 0.738745 197.178 295.005 0.770521 231.318 340.002 0.860238 88.9185 194.997 0.783861 53.8155 251.311 0.651472 74.3725 295.46 0.0986856 135.652 337.393 0.663148 189.139 400.643 0.860852 209.113 477.628 0.470006 78.4838 332.177 0.727184 93.2603 402.586 0.824392 61.529 483.451 0.759674 0 0 0 0 0 0 178.049 171.309 0.57731 139.563 156.309 0.223738 1
0 111 14 0 0 0 139.775 209.317 0.799 178.48 224.33 0.781373 205.435 296.742 0.757432 238.489 343.051 0.883851 100.228 194.125 0.736778 64.4738 249.25 0.471191 86.147 301.276 0.0781716 142.6 336.524 0.699635 196.739 397.38 0.813218 210.846 474.147 0.553779 84.3492 329.781 0.680691 101.099 397.586 0.886641 67.1875 477.579 0.803962 0 0 0 0 0 0 190.005 173.06 0.598697 151.525 157.169 0.158108 1
0 111 15 0 0 0 150.645 209.322 0.821601 188.484 224.997 0.795404 213.046 298.49 0.811604 245.231 346.098 0.895559 112.176 193.042 0.802072 73.8134 246.859 0.599748 97.7902 297.403 0.0746891 148.476 335.862 0.658476 203.683 394.119 0.857017 211.944 470.024 0.621309 89.5712 326.951 0.643811 109.356 392.153 0.820943 73.2754 471.504 0.825729 0 0 0 0 0 0 201.318 174.583 0.644471 163.708 157.821 0.257037 1
0 111 16 0 0 0 161.083 209.322 0.837488 197.405 225.873 0.75224 221.09 300.451 0.842696 251.759 349.365 0.925122 123.481 191.733 0.72719 81.8654 244.681 0.48251 99.7793 289.578 0.0810502 153.476 334.555 0.640317 209.767 390.862 0.812901 212.816 466.765 0.669485 93.7043 323.252 0.653301 117.396 386.286 0.820105 80.2303 465.641 0.802061 0 0 0 0 0 0 213.048 176.971 0.664266 175.663 158.694 0.28006 1
0 111 17 0 0 0 171.083 209.098 0.783251 206.103 226.311 0.769887 228.476 302.399 0.813719 257.638 352.833 0.937348 134.351 189.997 0.688887 89.9008 241.647 0.269111 0 0 0 158.249 333.901 0.643825 214.771 388.255 0.779066 213.042 465.457 0.600353 97.8311 319.772 0.656967 124.571 380.193 0.796995 87.4045 460.851 0.843504 0 0 0 0 0 0 223.488 178.931 0.619023 187.39 158.914 0.189698 1
0 111 18 0 0 0 180.211 208.894 0.741788 214.571 227.62 0.677166 235.643 304.999 0.778389 263.715 356.3 0.873555 144.562 188.27 0.599191 96.8629 238.823 0.1 0 0 0 163.029 333.677 0.619003 218.254 386.515 0.760411 212.609 464.58 0.577001 101.312 316.3 0.658825 131.314 374.325 0.789068 95.4539 456.727 0.753359 0 0 0 0 0 0 233.931 181.766 0.487322 198.904 159.997 0.157083 1
0 111 19 0 0 0 188.473 208.671 0.759861 221.754 228.491 0.70842 242.384 306.959 0.787398 269.143 358.911 0.912526 153.481 186.521 0.597202 102.727 235.56 0.109076 0 0 0 167.595 333.679 0.573341 220.439 385.218 0.778104 211.737 463.062 0.577769 104.574 312.613 0.605757 136.753 369.1 0.734111 103.282 453.045 0.809707 0 0 0 0 0 0 243.061 184.598 0.561245 208.468 160.654 0.131217 1
0 111 20 271.947 201.549 0.143264 196.508 208.456 0.767081 228.065 229.367 0.686872 248.892 308.051 0.745121 274.364 361.09 0.938762 161.959 184.992 0.700661 108.814 232.728 0.513898 131.081 269.981 0.0565908 171.722 333.68 0.573111 222.393 384.572 0.816821 211.524 462.187 0.579422 107.19 309.781 0.574783 140.892 363.887 0.722923 111.751 450.006 0.760817 271.91 191.755 0.208829 0 0 0 252.184 187.204 0.612681 218.114 161.442 0.1201 1
0 111 21 0 0 0 203.469 208.238 0.773921 234.371 230.451 0.700978 254.333 309.784 0.809656 279.573 363.255 0.900512 169.991 183.472 0.749439 114.025 230.118 0.790503 135.03 269.961 0.0535262 175.204 333.456 0.581881 224.136 384.149 0.822233 211.312 461.738 0.589785 109.374 307.171 0.589411 144.591 358.889 0.728322 119.793 446.755 0.799747 279.791 199.547 0.1 0 0 0 260.442 189.589 0.427773 227.761 162.23 0.152497 1
0 111 22 287.541 213.247 0.0704728 209.349 208.243 0.798475 239.795 231.752 0.702645 259.982 311.532 0.788922 284.785 365.219 0.976095 176.951 182.174 0.768195 118.382 227.939 0.734713 122.73 270.591 0.155464 178.473 333.448 0.640371 225.878 383.715 0.822207 211.307 460.43 0.662772 111.763 304.346 0.569624 147.215 354.555 0.734066 128.258 443.488 0.833133 287.672 207.339 0.117983 0 0 0 267.39 192.195 0.588065 237.407 163.018 0.114118 1
0 111 23 0 0 0 215.004 208.685 0.762854 244.367 233.268 0.692172 265.412 313.476 0.752526 290.214 366.962 0.979956 183.681 181.531 0.745848 122.461 225.652 0.721058 125.735 267.361 0.109131 181.737 333.664 0.643812 227.84 383.288 0.783202 211.746 459.34 0.647834 114.804 302.175 0.541782 150.029 351.29 0.749682 136.089 439.362 0.793681 0 0 0 0 0 0 273.047 195.445 0.461214 247.053 163.806 0.115155 1
0 111 24 293.475 221.058 0.0626881 220.214 208.916 0.767949 248.281 234.559 0.669001 270.417 315.203 0.782503 295.442 368.061 0.931513 189.338 181.314 0.709379 126.54 223.365 0.600882 128.74 264.131 0.1 184.772 333.017 0.614219 229.373 382.855 0.772961 211.964 458.681 0.608223 118.06 299.793 0.537013 152.197 348.467 0.750818 143.691 435.238 0.830933 0 0 0 0 0 0 278.69 198.491 0.476916 252.353 164.418 0.0952976 1
0 111 25 309.106 213.29 0.0731513 225.214 209.359 0.781408 252.617 235.852 0.699682 274.765 316.713 0.843792 300.874 368.934 0.918981 195.638 181.746 0.741365 130.619 221.078 0.683186 131.745 260.901 0.1 188.029 332.367 0.612327 230.901 382.427 0.785318 211.97 457.809 0.677825 121.313 298.049 0.564261 154.154 345.639 0.676187 150.873 431.097 0.851952 0 0 0 0 0 0 283.255 201.315 0.336266 256.233 164.393 0.0913041 1
0 111 26 0 0 0 229.351 210.235 0.750347 255.886 237.359 0.760518 279.336 318.238 0.830933 306.952 370.025 0.955215 201.507 183.052 0.653287 134.698 218.791 0.575618 134.75 257.671 0.102859 190.639 331.067 0.641471 232.632 382.212 0.77512 211.978 456.289 0.684896 124.359 296.32 0.508125 155.904 343.69 0.672302 158.043 426.969 0.852047 0 0 0 0 0 0 287.824 203.917 0.286926 0 0 0 1
0 111 27 0 0 0 233.266 210.453 0.693188 258.932 237.789 0.760905 283.684 318.677 0.832466 312.179 370.462 0.888872 206.508 183.265 0.507418 0 0 0 0 0 0 192.159 329.335 0.656042 234.36 381.996 0.807288 211.97 455.859 0.661203 126.317 294.146 0.515517 158.281 341.738 0.689035 164.557 423.05 0.830103 0 0 0 0 0 0 291.294 205.424 0.286262 0 0 0 1
0 111 28 0 0 0 237.181 210.887 0.708148 261.96 238.225 0.732561 287.372 319.104 0.8719 317.189 370.462 0.949876 211.72 184.138 0.477333 0 0 0 0 0 0 193.032 327.168 0.602049 236.084 381.765 0.821117 211.969 455.851 0.667604 128.271 291.969 0.526689 161.092 340.221 0.702465 170.854 419.568 0.772431 0 0 0 0 0 0 294.554 206.293 0.341108 0 0 0 1
0 111 29 313.973 233.781 0.109437 240.23 210.889 0.708591 264.348 238.006 0.72278 290.637 319.317 0.860653 321.964 370.237 0.887032 215.633 184.139 0.429593 0 0 0 0 0 0 193.471 324.99 0.577801 237.606 381.537 0.827541 211.754 455.642 0.648898 130.012 289.364 0.538796 164.331 338.704 0.691988 176.306 416.523 0.823787 0 0 0 0 0 0 296.305 207.161 0.336183 0 0 0 1
0 111 30 313.848 231.205 0.115001 243.269 210.664 0.623933 266.313 237.141 0.740641 293.674 318.239 0.838961 325.663 369.591 0.907536 219.12 183.919 0.355323 0 0 0 0 0 0 193.686 321.95 0.587483 239.115 381.519 0.819677 211.529 455.869 0.462216 131.962 286.541 0.478188 167.366 337.829 0.714661 181.738 413.698 0.813638 317.043 226.171 0.129825 0 0 0 298.25 207.811 0.319602 0 0 0 1
0 111 31 313.723 228.629 0.197464 246.083 209.362 0.760126 268.048 235.622 0.72509 296.063 316.706 0.837303 328.702 368.071 0.934795 222.379 183.478 0.597615 0 0 0 0 0 0 193.896 318.259 0.580971 239.992 381.291 0.802707 211.318 456.733 0.532091 133.703 284.366 0.545863 170.196 336.962 0.641355 186.314 411.962 0.749985 317.073 222.456 0.238109 0 0 0 299.992 207.379 0.501882 0 0 0 1
0 111 32 313.598 226.053 0.219787 248.47 207.409 0.705307 269.566 233.443 0.741384 296.725 314.323 0.834268 330.224 366.105 0.982204 224.777 182.604 0.437279 0 0 0 0 0 0 194.771 314.786 0.570008 240.427 380.848 0.835941 210.89 457.382 0.527192 135.667 281.754 0.506962 173.671 336.742 0.605969 190.224 411.525 0.798008 317.102 218.741 0.245135 0 0 0 301.721 205.64 0.468864 0 0 0 1
0 111 33 313.473 223.478 0.327554 249.784 205.231 0.747467 270.869 230.395 0.762282 296.937 310.855 0.81315 330.436 363.702 0.967685 226.523 180.862 0.565566 0 0 0 0 0 0 196.726 312.179 0.490063 240.641 379.982 0.772786 210.893 457.603 0.4638 138.277 280.228 0.52236 177.143 336.523 0.459479 193.921 411.298 0.679882 317.131 215.027 0.361178 0 0 0 302.802 203.028 0.588419 0 0 0 1
0 111 34 313.48 220.656 0.219515 251.081 201.973 0.73348 271.733 226.493 0.770077 296.498 306.734 0.808365 329.776 360.004 0.944075 227.185 178.256 0.600225 0 0 0 0 0 0 197.595 308.268 0.511007 240.852 378.674 0.807728 211.101 458.027 0.504721 140.018 277.623 0.538542 180.414 336.3 0.502092 197.171 410.865 0.627533 317.16 211.312 0.228666 0 0 0 303.671 199.768 0.473675 0 0 0 1
0 111 35 312.615 216.524 0.299949 252.159 198.056 0.748604 272.374 221.505 0.800281 294.97 301.521 0.808788 326.739 355.442 0.868597 227.192 174.783 0.604124 0 0 0 0 0 0 198.03 303.487 0.574958 240.857 377.148 0.835948 211.312 458.463 0.55505 141.759 274.573 0.551913 183.676 335.855 0.624396 199.78 410.211 0.738773 317.369 206.32 0.302017 0 0 0 304.109 195.422 0.530889 0 0 0 1
0 111 36 312.184 211.321 0.26204 252.594 194.358 0.752068 272.805 216.299 0.749684 292.365 296.08 0.794852 323.041 350.231 0.918835 227.41 172.39 0.551299 0 0 0 0 0 0 199.769 299.782 0.543693 241.073 375.194 0.808237 211.974 456.946 0.546236 145.013 272.395 0.491501 186.52 335.41 0.55411 201.743 410.208 0.670469 316.932 201.751 0.270763 0 0 0 303.893 190.427 0.557038 0 0 0 1
0 111 37 311.534 205.659 0.284194 252.372 189.152 0.741309 272.818 210.213 0.798902 289.117 289.571 0.878699 318.042 344.801 0.931559 226.972 168.043 0.559331 0 0 0 0 0 0 201.505 295.218 0.596693 241.295 371.948 0.811193 213.279 454.344 0.591522 148.277 270.002 0.499819 189.566 334.547 0.679611 203.477 410.202 0.750007 315.962 196.306 0.311064 0 0 0 303.462 184.341 0.559976 0 0 0 1
0 111 38 310.454 198.689 0.195654 251.715 184.142 0.759121 272.601 204.118 0.784833 285.425 283.049 0.84315 312.167 338.93 0.891511 226.538 164.354 0.61876 0 0 0 0 0 0 204.547 290.873 0.502482 241.732 368.469 0.818315 215.021 451.301 0.556347 152.837 268.049 0.597117 192.831 333.896 0.775734 204.98 410.637 0.804921 314.876 188.701 0.238511 0 0 0 302.593 177.605 0.548661 0 0 0 1
0 111 39 310.017 191.507 0.154672 250.634 178.493 0.78034 272.161 197.166 0.820781 281.082 275.445 0.799814 305.208 332.178 0.928454 225.882 160.446 0.612449 0 0 0 0 0 0 207.592 287.17 0.560445 243.042 363.92 0.868736 216.978 447.816 0.570769 157.184 266.308 0.607917 195.882 333.685 0.829707 206.064 411.722 0.804011 314.22 180.445 0.177244 0 0 0 301.297 169.996 0.60282 0 0 0 1
0 111 40 308.279 183.047 0.275672 249.33 173.052 0.774674 271.513 190.217 0.813512 276.739 267.842 0.813001 297.82 325.222 0.887802 224.573 155.676 0.630281 0 0 0 0 0 0 210.859 283.47 0.578387 244.768 359.154 0.831139 218.715 443.477 0.528766 161.743 264.347 0.61029 198.916 333.668 0.770072 206.709 411.936 0.791602 312.267 172.832 0.329959 0 0 0 299.566 162.594 0.640492 0 0 0 1
0 111 41 307.185 175.223 0.101054 247.814 167.397 0.772651 270.855 182.832 0.800863 273.045 259.804 0.834205 290.644 318.264 0.945383 222.621 150.894 0.670256 0 0 0 0 0 0 212.598 278.469 0.594577 246.723 353.501 0.845906 220.456 438.701 0.562512 165.004 261.74 0.631779 200.87 333.02 0.771394 207.783 412.152 0.802205 310.736 165.004 0.1 0 0 0 297.614 154.125 0.561609 0 0 0 1
0 111 42 306.744 167.393 0.256528 246.518 161.097 0.789778 270.628 175.879 0.780976 269.568 252.41 0.795209 283.466 311.311 0.799156 220.882 146.326 0.662073 0 0 0 0 0 0 213.689 273.03 0.592849 248.686 347.85 0.802595 222.62 433.916 0.674107 167.619 258.041 0.612583 202.615 332.152 0.786677 208.44 412.363 0.821888 309.867 157.61 0.273561 0 0 0 296.967 146.514 0.557396 0 0 0 1
0 111 43 305.887 158.945 0.60545 245.004 155.436 0.797689 269.984 168.924 0.743443 266.104 244.586 0.776971 276.295 305.001 0.849292 219.135 141.33 0.654897 0 0 0 0 0 0 216.291 268.683 0.626752 250.871 342.406 0.824167 225.017 428.7 0.752409 171.319 255.213 0.631933 204.136 331.506 0.832312 208.668 412.804 0.837817 307.932 149.485 0.612567 0 0 0 295.451 138.257 0.658522 0 0 0 1
0 111 44 305.03 150.498 0.223789 243.487 149.994 0.863036 269.338 162.617 0.797434 263.273 237.618 0.784633 269.776 298.481 0.804069 217.386 136.32 0.745631 0 0 0 0 0 0 219.121 265.636 0.624774 253.476 336.97 0.884762 228.054 423.263 0.809305 175.439 252.82 0.663288 205.857 330.642 0.836777 209.098 413.463 0.812525 305.996 141.359 0.292333 0 0 0 293.922 130.215 0.687504 0 0 0 1
0 111 45 304.174 142.05 0.545082 242.406 144.126 0.829691 268.907 156.09 0.736122 261.31 230.45 0.779647 264.121 292.601 0.826404 215.658 131.316 0.762919 0 0 0 0 0 0 221.085 261.51 0.631776 256.096 331.748 0.826652 231.092 418.48 0.788145 178.918 250.213 0.648793 207.361 329.562 0.80887 209.307 413.677 0.78003 304.061 133.234 0.627777 0 0 0 292.62 122.612 0.701864 0 0 0 1
0 111 46 303.317 133.603 0.192553 241.545 139.33 0.826425 268.893 150.441 0.798919 259.782 223.71 0.785599 260.195 286.078 0.847157 214.138 127.402 0.736622 170.212 187.844 0.0629337 0 0 0 223.475 258.028 0.6031 258.489 327.168 0.85622 234.781 414.139 0.775892 182.176 247.82 0.682922 208.225 328.48 0.826198 209.318 413.467 0.798925 302.125 125.109 0.230765 0 0 0 291.304 115.44 0.710129 268.008 91.932 0.0759856 1
0 111 47 0 0 0 241.328 134.553 0.858525 269.112 145.225 0.757357 259.351 217.186 0.777923 257.588 280.205 0.803859 212.84 123.7 0.762176 170.202 185.869 0.0659454 0 0 0 225.862 254.337 0.565048 260.654 322.393 0.834368 238.475 409.788 0.809741 184.57 245.211 0.670976 208.447 327.388 0.80845 209.329 413.029 0.785403 0 0 0 0 0 0 290.642 108.701 0.581938 257.395 84.5675 0.114889 1
0 111 48 0 0 0 241.325 130.432 0.848368 269.755 141.298 0.750649 260.449 212.403 0.817834 256.725 275.429 0.78734 211.768 120.002 0.805474 0 0 0 0 0 0 228.69 251.085 0.59788 262.176 319.126 0.815492 243.261 404.792 0.869037 187.393 243.031 0.674881 208.661 325.871 0.82579 209.343 412.584 0.82902 0 0 0 0 0 0 289.996 103.053 0.598407 257.117 82.2853 0.211111 1
0 111 49 0 0 0 241.552 126.954 0.816169 270.418 137.6 0.807953 262.185 207.846 0.77794 257.59 271.289 0.801049 211.771 116.945 0.788191 180.015 176.105 0.050167 0 0 0 230.87 248.05 0.611139 263.269 315.632 0.823623 248.484 399.788 0.872556 190 240.858 0.700428 208.879 324.145 0.869435 209.357 411.939 0.835882 0 0 0 0 0 0 289.993 98.0485 0.679703 256.839 80.0032 0.145008 1
0 111 50 0 0 0 242.199 123.913 0.850872 271.722 135.201 0.830298 265.002 204.575 0.770602 260.414 267.603 0.83737 211.985 114.113 0.810042 181.141 168.795 0.125182 0 0 0 234.777 246.096 0.62918 264.566 313.457 0.795336 253.914 394.355 0.914217 193.257 239.331 0.705918 209.104 322.623 0.852866 209.37 411.286 0.811769 0 0 0 0 0 0 290.212 94.3565 0.671144 256.561 77.721 0.17125 1
0 111 51 0 0 0 243.276 121.738 0.857571 273.247 133.029 0.828549 268.262 201.319 0.729717 264.121 264.119 0.864918 212.413 111.505 0.807723 183 167.492 0.107166 0 0 0 238.699 244.353 0.647924 266.089 311.717 0.807393 258.92 389.138 0.879284 196.726 238.029 0.707878 209.33 321.1 0.857815 209.373 409.771 0.837031 0 0 0 0 0 0 289.56 90.8741 0.641083 256.284 75.4388 0.248788 0
0 111 52 0 0 0 244.575 119.795 0.854332 275.411 131.287 0.824857 271.96 199.138 0.792333 268.907 260.861 0.784959 212.637 109.764 0.772885 184.858 166.189 0.1 0 0 0 242.411 243.259 0.698301 267.601 310.197 0.767019 263.49 384.145 0.853636 199.981 237.159 0.694645 210.198 319.791 0.855176 209.586 408.027 0.834631 0 0 0 0 0 0 289.774 88.2664 0.609397 255.842 73.6868 0.223927 0
0 111 53 0 0 0 246.093 118.065 0.850294 277.596 129.762 0.796496 276.531 197.177 0.781592 275.215 257.815 0.84968 213.074 108.242 0.76401 186.717 164.886 0.121122 0 0 0 246.325 241.304 0.72094 268.702 308.463 0.788652 267.191 380.236 0.818819 202.388 235.859 0.695905 211.937 318.051 0.845789 210.022 404.772 0.820257 0 0 0 0 0 0 290.643 86.5293 0.640786 255.623 71.9605 0.229752 0
0 111 54 0 0 0 247.82 117.192 0.841749 279.989 129.115 0.785351 281.537 195.877 0.740882 282.829 255.651 0.793385 213.72 106.737 0.774062 188.576 163.583 0.107222 0 0 0 250.453 238.919 0.706523 270.006 306.719 0.82038 270.453 376.761 0.853122 204.575 234.341 0.696817 213.904 316.097 0.85566 211.326 400.866 0.818254 0 0 0 0 0 0 292.162 85.2173 0.659992 255.611 70.6549 0.261764 0
0 111 55 0 0 0 249.766 116.327 0.842428 282.823 128.453 0.77078 287.191 195.002 0.813051 291.31 253.91 0.86464 215.021 105.426 0.790867 190.306 162.491 0.146151 0 0 0 254.81 236.957 0.742489 272.18 304.556 0.85811 272.415 373.501 0.838331 207.839 232.821 0.722593 216.307 312.835 0.86435 213.075 395.648 0.836521 0 0 0 0 0 0 293.907 84.5562 0.574259 255.613 69.7801 0.26696 0
0 111 56 0 0 0 251.518 115.021 0.856164 285.869 126.945 0.790856 293.274 193.705 0.803168 300.011 251.733 0.792574 216.53 103.897 0.785146 191.829 160.327 0.183967 0 0 0 258.515 234.565 0.727133 274.575 302.607 0.846362 274.142 370.898 0.820859 211.098 230.859 0.746393 219.563 309.14 0.819718 215.24 389.356 0.857419 0 0 0 0 0 0 295.433 83.2553 0.614123 255.839 68.9106 0.272739 0
0 111 57 0 0 0 253.467 113.275 0.880618 288.919 124.781 0.810993 298.708 191.741 0.776905 309.139 248.043 0.815316 218.035 102.59 0.799341 193.038 158.269 0.376965 210.369 207.919 0.189812 262.207 231.739 0.706335 276.747 300.216 0.871929 274.361 369.371 0.850745 214.148 228.042 0.746739 223.253 304.356 0.863141 218.496 381.329 0.805636 0 0 0 0 0 0 297.168 81.5163 0.554139 256.054 67.5937 0.281967 0
0 111 58 0 0 0 255.635 111.323 0.918161 292.173 122.39 0.802617 304.579 189.119 0.851387 317.629 243.702 0.867769 219.127 100.856 0.813027 194.352 156.318 0.559136 213.049 202.9 0.103784 266.118 228.69 0.728347 279.132 298.263 0.785806 274.131 368.514 0.8512 217.413 225.213 0.759079 226.962 299.345 0.90844 222.41 373.284 0.779345 0 0 0 0 0 0 298.896 79.3433 0.591297 256.061 65.8504 0.392938 0
0 111 59 0 0 0 258.022 108.93 0.876498 295.206 119.131 0.747457 309.794 185.209 0.775297 325.034 237.829 0.826529 220.647 98.6844 0.798295 196.09 154.139 0.490144 215.729 197.881 0.102755 269.811 225.209 0.777846 281.091 295.868 0.800038 273.69 368.514 0.8894 220.892 221.524 0.765391 231.742 292.826 0.836277 227.191 364.803 0.845131 0 0 0 0 0 0 300.629 76.2955 0.570807 256.288 63.6768 0.347993 0
0 111 60 0 0 0 259.983 105.886 0.839244 297.597 115.65 0.806914 314.791 180.212 0.819774 332.195 231.085 0.921969 221.957 96.5159 0.835215 197.828 151.536 0.655199 218.409 192.862 0.144937 273.273 221.731 0.741783 282.829 293.038 0.847087 273.249 368.504 0.863088 224.367 218.043 0.764686 236.726 286.518 0.861916 232.612 357.192 0.817927 0 0 0 0 0 0 302.15 72.8279 0.599811 256.303 61.2841 0.499539 0
0 111 61 0 0 0 261.946 102.627 0.871833 299.567 111.956 0.792899 319.991 175.001 0.852913 338.719 222.831 0.865744 223.691 94.3334 0.803893 199.565 148.499 0.622427 221.089 187.843 0.152117 276.312 218.251 0.714223 284.361 289.787 0.860572 273.016 368.291 0.834477 227.623 214.131 0.7771 241.301 279.79 0.879778 238.053 349.371 0.784316 0 0 0 0 0 0 303.453 69.1283 0.671787 256.521 58.0381 0.445413 0
0 111 62 0 0 0 263.898 99.358 0.85561 301.728 107.83 0.805969 324.135 169.572 0.758768 344.365 214.131 0.901634 225.219 91.9488 0.792396 201.316 145.671 0.472168 223.921 183.492 0.141078 279.345 214.775 0.708799 286.087 286.965 0.853908 273.009 367.858 0.851786 231.083 210.434 0.750622 245.013 273.92 0.904618 243.924 342.413 0.865094 0 0 0 0 0 0 304.322 64.7761 0.631347 256.743 54.9813 0.51513 0
0 111 63 0 0 0 265.643 95.8741 0.819338 303.688 103.265 0.879975 328.909 164.34 0.808081 348.932 204.348 0.895813 226.745 89.3313 0.834864 203.062 142.631 0.579469 226.528 179.799 0.237096 281.955 212.373 0.72538 287.384 284.584 0.833647 273.008 367.405 0.842387 234.554 206.952 0.705257 248.71 268.478 0.834547 249.577 335.897 0.823073 0 0 0 0 0 0 304.548 60.2134 0.717539 256.956 51.7224 0.46182 0
0 111 64 0 0 0 267.174 92.6033 0.827874 305.214 98.9222 0.82634 333.695 159.56 0.817014 351.325 195.212 0.916215 227.838 86.7269 0.834451 204.818 140.016 0.675241 228.917 177.409 0.360576 284.13 210.201 0.706185 288.035 283.922 0.810465 273.012 366.954 0.814567 237.598 204.126 0.719162 253.049 265.863 0.857097 256.086 331.55 0.843464 0 0 0 0 0 0 304.985 55.6535 0.664026 257.178 48.259 0.453829 0
0 111 65 0 0 0 268.905 89.9853 0.871326 307.162 95.4386 0.815069 337.4 155.214 0.822956 351.214 185.436 0.897312 229.361 84.1327 0.796865 206.774 138.059 0.644023 231.101 175.014 0.354435 286.517 208.458 0.685974 288.681 283.258 0.787171 273.018 366.293 0.770986 240.856 201.744 0.736154 256.963 264.127 0.896757 262.605 328.712 0.821209 0 0 0 0 0 0 305.855 51.961 0.671555 257.398 45.223 0.416944 0
0 111 66 0 0 0 270.44 88.0201 0.898947 308.904 92.6032 0.810369 340.88 151.516 0.777659 348.172 176.087 0.807592 231.093 82.1803 0.778254 209.585 136.531 0.647573 233.282 172.842 0.314167 289.125 206.718 0.694506 289.34 282.387 0.739829 273.238 365.207 0.763616 244.105 199.998 0.753481 260.455 263.472 0.845329 268.037 327.619 0.803658 0 0 0 0 0 0 306.722 48.7049 0.599126 257.831 43.0439 0.348308 0
0 111 67 0 0 0 271.753 86.0574 0.916663 310.636 89.993 0.823331 343.504 148.682 0.729077 347.185 168.695 0.777851 232.828 80.6544 0.750914 212.192 135.011 0.872949 235.68 171.324 0.578496 291.727 204.984 0.708954 290.431 281.085 0.716419 273.673 363.464 0.758656 246.936 198.263 0.721907 264.138 263.256 0.778182 272.162 328.922 0.780916 0 0 0 0 0 0 307.379 45.8851 0.631823 258.261 41.0944 0.362359 0
0 111 68 0 0 0 272.842 84.3193 0.903222 312.166 88.0274 0.815899 345.91 146.505 0.870497 348.474 163.695 0.194719 234.35 79.5684 0.744689 214.365 133.931 0.821502 238.718 170.012 0.488064 293.694 203.251 0.681928 292.161 279.57 0.744171 274.763 361.067 0.1 249.331 197.17 0.684973 266.542 263.255 0.641918 276.063 328.708 0.403735 0 0 0 0 0 0 308.032 43.9251 0.60348 258.477 39.5709 0.34089 0
0 111 69 0 0 0 274.36 83.226 0.909825 313.899 86.2851 0.841748 347.879 144.546 0.861929 349.782 160.221 0.1 236.078 78.4831 0.76266 216.542 133.28 0.817248 241.976 168.492 0.441945 295.67 201.737 0.65733 294.117 278.043 0.70787 276.491 357.384 0.1 251.944 196.308 0.709329 268.517 263.038 0.704561 278.895 328.058 0.361965 0 0 0 0 0 0 309.123 42.1817 0.662287 259.347 38.0448 0.360395 0
0 111 70 0 0 0 275.876 81.491 0.89775 315.63 83.8969 0.850194 349.415 141.937 0.873824 351.079 158.466 0.108731 237.602 76.9716 0.806265 218.514 132.624 0.773967 245.238 167.833 0.404209 298.278 198.707 0.655034 296.504 275.209 0.682296 278.453 352.16 0.788491 254.994 194.567 0.724337 270.466 261.513 0.704906 281.499 325.883 0.310329 0 0 0 0 0 0 310.213 40.4343 0.621223 259.995 36.9449 0.427892 0
0 111 71 0 0 0 277.191 79.5448 0.855695 317.151 81.7222 0.860364 350.922 138.897 0.850672 352.159 157.159 0.1 239.333 75.4474 0.819432 220.473 131.316 0.827677 248.284 166.528 0.42372 301.107 195.664 0.675752 299.757 271.296 0.685735 281.496 345.853 0.739518 258.045 192.6 0.736595 272.206 259.564 0.710717 283.668 323.918 0.436411 0 0 0 0 0 0 311.518 38.4766 0.624102 260.654 34.9939 0.428954 0
0 111 72 0 0 0 278.712 77.5895 0.833214 318.453 79.5375 0.852856 351.36 135.422 0.764904 352.804 156.5 0.422944 241.067 74.1374 0.821985 223.073 129.79 0.854105 250.898 164.351 0.468656 303.928 191.54 0.722482 303.231 266.949 0.739272 284.536 338.898 0.659893 261.076 189.99 0.761114 273.935 257.822 0.724408 285.192 322.174 0.506769 0 0 0 0 0 0 313.032 36.082 0.60735 261.746 32.8149 0.469557 0
0 111 73 0 0 0 280.451 74.7716 0.823935 319.759 76.4946 0.839035 351.346 131.288 0.802892 354.318 155.636 0.857814 243.447 71.7522 0.835053 226.105 127.832 0.814419 253.081 161.308 0.240686 306.748 186.768 0.705433 306.935 261.514 0.812258 287.794 331.517 0.71911 263.469 186.293 0.749327 274.595 254.127 0.755044 285.196 320.211 0.474265 0 0 0 0 0 0 314.342 33.6798 0.625798 263.054 30.4169 0.412115 0
0 111 74 0 0 0 282.192 71.518 0.872001 321.283 73.0146 0.859263 351.332 127.368 0.80312 357.695 156.287 0.920633 245.198 69.3505 0.861786 229.144 125.214 0.836734 255.036 157.395 0.412803 309.568 181.985 0.705626 310.854 255.433 0.770531 291.487 324.566 0.710225 265.64 182.378 0.739356 274.827 249.139 0.852034 285.193 317.598 0.663254 0 0 0 0 0 0 315.219 31.0625 0.549425 264.572 27.4159 0.406013 0
0 111 75 0 0 0 284.14 68.0385 0.884901 323.021 69.325 0.870768 351.32 123.026 0.84314 363.129 157.806 0.891934 246.953 66.0923 0.840852 231.327 121.524 0.823729 256.993 153.913 0.552869 311.963 177.199 0.716848 315.198 249.342 0.86584 296.259 317.613 0.682359 267.608 178.248 0.769152 275.473 244.35 0.854637 285.185 314.769 0.797299 0 0 0 0 0 0 316.307 26.9219 0.464733 266.099 23.6124 0.374919 0
0 111 76 0 0 0 286.307 64.3456 0.84929 324.761 65.6259 0.813695 351.31 118.259 0.853159 366.068 157.811 0.887743 248.914 62.6169 0.772653 233.503 117.832 0.623607 259.16 149.995 0.300166 314.36 172.198 0.710811 319.326 243.684 0.906524 301.047 311.515 0.621962 269.779 173.687 0.748767 276.341 239.136 0.852077 285.836 309.551 0.760096 0 0 0 0 0 0 317.405 22.8937 0.533203 267.837 20.0188 0.376311 0
0 111 77 0 0 0 288.921 60.2126 0.890264 326.711 61.5057 0.791413 351.516 114.13 0.825874 366.521 156.733 0.887592 251.517 58.7012 0.799544 235.686 113.699 0.743085 261.119 146.077 0.472971 316.75 167.407 0.75204 323.025 238.249 0.859972 306.264 305.865 0.82503 272.165 168.909 0.788269 277.841 235.218 0.833989 285.849 306.495 0.752163 0 0 0 0 0 0 319.801 18.9782 0.572232 270.232 16.4329 0.422619 0
0 111 78 0 0 0 291.314 56.085 0.938225 328.467 57.38 0.829838 352.16 111.09 0.834433 367.388 155.432 0.931222 254.348 54.7893 0.840355 237.861 109.134 0.686024 263.067 142.159 0.36981 319.562 162.196 0.775552 326.511 232.606 0.857506 311.704 300.868 0.821505 274.554 163.909 0.823801 279.361 231.525 0.836061 286.495 303.672 0.816231 0 0 0 0 0 0 321.966 15.3841 0.611475 272.614 13.2779 0.1 0
0 111 79 0 0 0 293.701 52.6066 0.897448 330.437 53.9063 0.8449 353.237 108.707 0.840006 368.692 153.921 0.928706 257.389 51.3021 0.823639 240.897 105.219 0.754765 265.022 138.038 0.352952 322.165 158.711 0.749545 329.77 228.268 0.916902 317.36 297.177 0.838011 276.722 160.218 0.805272 281.09 229.566 0.82328 287.143 303.01 0.870682 0 0 0 0 0 0 324.139 12.0162 0.570185 275.65 10.3431 0.416707 0
0 111 80 0 0 0 296.102 49.5582 0.829075 333.052 50.8703 0.822305 354.758 106.971 0.8566 370.224 152.83 0.924058 260.444 48.0411 0.802669 244.145 101.531 0.711885 266.983 133.487 0.395787 324.333 155.672 0.726051 332.176 224.793 0.945794 323.018 293.05 0.8987 278.686 156.96 0.754262 282.815 228.032 0.845698 287.573 302.785 0.863184 0 0 0 0 0 0 326.311 9.51234 0.541261 278.696 8.27155 0.452749 0
0 111 81 0 0 0 298.926 46.7394 0.856199 336.094 48.4841 0.832217 356.5 105.462 0.815083 372.178 151.746 0.906983 263.708 45.0075 0.793799 246.966 98.4818 0.646009 268.939 129.789 0.333271 326.509 153.282 0.744178 335.228 221.524 0.890927 328.684 289.572 0.823258 280.657 154.344 0.756372 284.339 226.293 0.885341 288.002 302.137 0.851709 0 0 0 0 0 0 328.71 7.66321 0.578269 282.174 6.64231 0.333175 0
0 111 82 0 0 0 302.173 45.2156 0.909556 339.136 47.3936 0.827339 358.469 105.244 0.815643 374.36 151.101 0.858786 266.543 43.2632 0.824881 249.365 96.095 0.762199 271.972 126.966 0.563763 328.895 151.53 0.753247 338.266 218.703 0.831583 334.127 286.734 0.913724 283.042 152.386 0.775382 285.869 224.767 0.910073 288.647 300.835 0.876636 0 0 0 0 0 0 331.965 5.92983 0.548638 285.856 5.44124 0.348114 0
0 111 83 0 0 0 305.433 44.1302 0.925118 341.533 46.9536 0.805503 360.868 104.815 0.827547 377.606 150.027 0.875365 270.02 41.539 0.865189 252.415 93.9265 0.787542 275.013 125.014 0.569988 331.292 149.8 0.777416 341.086 216.534 0.848624 338.916 283.696 0.83955 285.874 150.649 0.798483 288.255 223.671 0.913678 288.876 299.107 0.899375 0 0 0 0 0 0 335.329 4.40663 0.571829 289.545 4.84157 0.370613 0
0 111 84 0 0 0 308.697 43.0494 0.898979 344.355 46.3018 0.781272 363.91 104.172 0.859766 380.86 149.155 0.919833 273.703 40.2408 0.887601 256.094 92.8368 0.867996 278.276 123.283 0.700693 334.54 148.277 0.792588 343.275 214.365 0.856632 342.62 280.873 0.909416 289.127 148.914 0.800946 290.868 221.723 0.901555 289.534 296.064 0.870518 0 0 0 0 0 0 338.591 4.40706 0.48971 293.242 4.84258 0.362951 0
0 111 85 0 0 0 312.176 42.1816 0.84888 347.62 45.8688 0.805828 367.177 103.951 0.885372 384.328 148.714 0.928369 277.394 39.5836 0.866773 259.57 91.7426 0.873045 281.54 121.761 0.661234 337.582 147.183 0.800319 345.676 211.973 0.877209 346.1 278.042 0.848752 292.381 147.606 0.806425 293.268 219.764 0.880328 291.061 291.506 0.864723 0 0 0 0 0 0 342.605 4.35478 0.49363 297.588 4.84285 0.4124 0
0 111 86 0 0 0 315.654 41.9647 0.829799 350.894 45.6536 0.84024 370.448 103.307 0.814583 387.805 148.261 0.888891 281.09 39.3684 0.814974 263.475 90.8787 0.806961 285.012 120.033 0.557124 340.628 145.881 0.781916 348.512 209.582 0.912082 348.492 275.428 0.859797 295.424 146.301 0.784022 296.105 216.727 0.858851 293.014 286.083 0.876804 0 0 0 0 0 0 346.08 4.45954 0.557769 301.494 4.84338 0.406704 0
0 111 87 0 0 0 319.124 41.5347 0.87993 354.359 45.0058 0.845287 373.717 102.646 0.802173 390.861 146.739 0.885591 284.354 39.1377 0.857025 268.027 90.2172 0.815184 288.713 118.511 0.657082 343.249 144.361 0.765563 351.547 207.412 0.935953 350.021 273.245 0.904847 298.468 144.988 0.788551 299.573 213.68 0.814287 294.766 280.646 0.857976 0 0 0 0 0 0 349.352 4.46079 0.1 305.187 4.84419 0.430338 0
0 111 88 0 0 0 322.603 41.0814 0.882953 357.828 44.5546 0.772513 376.978 101.113 0.869724 393.479 144.781 0.943466 288.045 38.2724 0.867871 271.731 88.912 0.82 292.624 116.767 0.429192 346.293 142.405 0.757634 354.586 205.235 0.866635 350.885 271.285 0.929718 301.947 143.033 0.808342 303.07 209.551 0.926628 298.039 273.913 0.787781 0 0 0 0 0 0 352.832 4.46368 0.461219 308.462 4.84636 0.399771 0
0 111 89 0 0 0 326.081 39.132 0.846177 361.085 43.0227 0.806339 380.245 99.1494 0.909089 396.514 141.748 0.974911 291.733 36.5294 0.875666 275.425 87.3858 0.82484 296.527 115.237 0.349445 349.562 140.011 0.745736 357.403 203.267 0.789357 350.661 271.061 0.917492 305.628 140.648 0.801994 307.422 204.568 0.88005 301.963 267.183 0.835435 0 0 0 0 0 0 356.533 4.46633 0.1 311.717 4.85028 0.423148 0
0 111 90 0 0 0 329.131 36.9603 0.873893 364.128 40.6396 0.843758 383.708 96.3133 0.896281 399.343 138.061 0.941939 295.207 34.5698 0.81159 278.915 85.2269 0.674898 300.652 112.846 0.148905 352.823 137.829 0.745072 359.355 201.321 0.80027 350.434 270.849 0.910538 309.108 138.046 0.783199 312.415 199.791 0.818996 306.971 260.873 0.84441 0 0 0 0 0 0 360.009 4.47075 0.496311 314.097 4.85503 0.27691 0
0 111 91 0 0 0 331.96 34.3412 0.928293 367.165 37.6093 0.883224 386.754 91.9769 0.829264 402.164 134.131 0.892296 298.256 32.3839 0.828581 282.826 82.6175 0.755109 304.129 109.369 0.121715 355.86 134.792 0.734879 361.092 199.146 0.841729 350.214 269.775 0.888749 312.164 134.792 0.753294 317.615 195.019 0.838955 312.204 254.997 0.762258 0 0 0 0 0 0 362.622 4.58085 0.437032 315.852 4.86022 0.257175 0
0 111 92 0 0 0 335 31.5093 0.883785 370.206 34.3599 0.841305 389.578 87.6309 0.821114 403.911 128.907 0.918891 301.297 29.9826 0.812144 286.303 80.2232 0.720698 307.713 106.536 0.197796 358.477 131.96 0.74447 362.613 196.75 0.90325 350.204 268.68 0.836058 315.207 131.748 0.820708 322.188 190.675 0.824264 318.071 249.337 0.893087 0 0 0 0 0 0 365.988 4.6906 0.326379 317.677 4.86742 0.204998 0
0 111 93 0 0 0 338.248 28.8926 0.89196 372.816 31.5365 0.788051 391.968 83.9261 0.841829 405.658 123.464 0.864624 304.557 27.1462 0.85873 289.577 77.6138 0.722303 310.967 104.348 0.349101 360.449 129.138 0.717989 364.12 194.148 0.866603 350.203 267.16 0.81876 318.469 128.707 0.769059 326.966 187.192 0.821813 324.367 244.126 0.855984 0 0 0 0 0 0 369.244 4.80027 0.315387 319.503 4.87463 0.146619 0
0 111 94 382.334 4.85571 0.153868 340.859 26.278 0.887721 374.781 28.709 0.828966 394.14 80.2247 0.820983 407.399 117.809 0.891978 307.598 24.5341 0.847713 293.046 75.2216 0.677291 313.798 101.522 0.268737 362.628 126.967 0.71384 365.412 191.975 0.873406 350.204 265.645 0.810038 321.733 126.104 0.760109 331.955 183.936 0.865164 330.021 240.428 0.883656 0 0 0 0 0 0 371.957 4.85755 0.279401 321.329 4.88184 0.12623 0
0 111 95 384.487 4.85468 0.104896 343.024 23.6622 0.844606 376.73 26.0918 0.84124 396.951 76.741 0.868521 409.135 111.945 0.854268 309.999 21.9213 0.793262 295.883 73.034 0.505345 316.412 98.9066 0.159994 364.801 125.224 0.693429 366.071 189.806 0.817673 350.21 263.912 0.724072 324.786 123.932 0.764394 336.295 181.755 0.877158 335.885 237.818 0.81269 0 0 0 0 0 0 373.922 4.86239 0.199347 323.155 4.88904 0.110819 0
0 111 96 386.64 4.85366 0.152075 344.998 21.4762 0.796195 378.69 24.1299 0.855826 399.553 73.4775 0.828256 411.732 106.95 0.893004 312.608 19.534 0.710884 298.068 71.0748 0.371207 319.234 95.865 0.1 367.182 123.483 0.701446 366.72 188.058 0.729776 350.418 262.387 0.651867 327.407 121.769 0.709867 340.003 179.579 0.768009 341.965 235.212 0.64554 0 0 0 0 0 0 376.088 4.86563 0.267599 318.945 4.88584 0.0884267 0
0 111 97 388.794 4.85263 0.136884 346.961 19.5194 0.812745 380.433 22.3918 0.868769 402.156 71.309 0.800139 414.761 103.248 0.886621 314.579 17.5735 0.726864 301.103 69.5488 0.515644 322.28 93.2527 0.162051 369.35 122.183 0.723483 366.953 187.619 0.740784 350.633 261.09 0.70452 329.593 120.253 0.738953 343.905 178.924 0.743122 345.87 235.865 0.608782 0 0 0 0 0 0 378.047 4.86784 0.237612 320.828 4.88856 0.0852245 0
0 111 98 390.947 4.85161 0.112792 349.127 18.6448 0.823278 382.178 21.7353 0.868539 404.537 69.5721 0.79745 417.374 100.639 0.831688 316.544 16.7039 0.763309 304.362 68.4644 0.685484 325.411 91.2468 0.268465 371.303 121.311 0.719919 368.256 186.537 0.752907 350.866 258.7 0.716379 331.99 119.162 0.766305 347.384 178.909 0.760924 349.137 235.864 0.562932 0 0 0 0 0 0 379.569 4.86972 0.202492 320.899 4.89011 0.0650855 0
0 111 99 395.178 4.85824 0.0993136 351.371 17.5864 0.822317 383.92 20.8888 0.844543 406.501 68.1974 0.767736 419.916 98.5338 0.759475 318.728 15.6124 0.765534 307.685 67.3659 0.589992 328.193 89.8552 0.120324 373.472 119.722 0.699657 370.214 184.937 0.725856 351.599 255.445 0.685882 334.67 117.784 0.77021 350.36 178.253 0.777363 351.535 235.217 0.46336 0 0 0 0 0 0 381.105 4.87051 0.19061 320.93 4.88923 0.07534 0
0 111 100 397.164 4.85577 0.0918941 353.479 16.1449 0.830531 385.664 19.6386 0.844258 408.452 66.9603 0.803868 422.384 96.5132 0.796784 321.333 14.1013 0.775407 310.44 65.844 0.633132 330.417 89.2811 0.108087 375.655 118.274 0.698036 372.818 183.051 0.746959 352.832 252.184 0.676496 337.636 116.549 0.759897 353.261 177.163 0.766344 353.918 233.925 0.477899 0 0 0 0 0 0 382.64 4.87131 0.181209 322.936 4.88882 0.0776564 0
0 111 101 397.227 4.85618 0.0849895 355.44 14.516 0.818394 387.403 17.7791 0.829387 410.195 65.4384 0.833148 424.995 95.6435 0.851984 323.728 12.5788 0.765344 312.841 64.0985 0.62878 332.615 88.2349 0.127453 378.041 116.323 0.707102 376.077 181.089 0.735262 354.578 248.062 0.816468 340.249 114.805 0.7136 356.076 175.425 0.650437 355.873 232.407 0.420097 0 0 0 0 0 0 384.176 4.87211 0.154323 326.713 4.88914 0.0693843 0
0 111 102 399.099 4.86025 0.0770903 357.4 12.8897 0.79716 389.147 15.9214 0.803846 411.94 63.9132 0.850519 427.607 94.9988 0.917831 325.702 11.5966 0.731517 315.014 61.9256 0.567223 334.786 86.7166 0.1 380.646 114.143 0.730999 379.558 178.905 0.678882 356.324 244.354 0.728855 342.418 112.839 0.709195 358.241 173.249 0.658347 356.973 231.533 0.476208 0 0 0 0 0 0 385.712 4.87291 0.134413 332.537 4.88691 0.0887269 0
0 111 103 0 0 0 359.348 11.4751 0.1 390.888 14.0708 0.1 413.892 62.1791 0.1 430.007 94.13 0.1 327.661 10.4 0.1 317.848 59.7551 0.1 336.741 86.2778 0.1 383.467 111.316 0.1 383.055 176.507 0.1 358.494 239.572 0.1 344.589 110.657 0.1 359.979 170.855 0.1 357.834 230.875 0.1 0 0 0 0 0 0 0 0 0 0 0 0 127
0 111 104 0 0 0 361.093 10.0657 0.1 392.63 12.2265 0.1 415.202 59.3551 0.1 432.392 93.2613 0.1 329.828 9.20271 0.1 321.312 56.9385 0.1 339.132 85.4116 0.1 386.501 107.402 0.1 387.394 173.245 0.1 361.74 234.574 0.1 347.186 107.612 0.1 361.513 168.03 0.1 358.695 228.92 0.1 0 0 0 0 0 0 0 0 0 0 0 0 127
0 111 105 0 0 0 363.26 8.65282 0.846151 394.808 10.3788 0.81594 417.152 56.0969 0.861932 433.917 91.7372 0.846917 332.645 8.00361 0.706162 324.579 53.6856 0.55997 341.098 84.5435 0.1 389.122 103.699 0.712604 392.174 169.339 0.810456 365.231 229.585 0.806955 350.002 104.34 0.773787 363.036 164.778 0.868843 359.342 227.187 0.589635 0 0 0 0 0 0 0 0 0 0 0 0 0
0 111 106 0 0 0 365.87 7.24312 0.790701 397.625 8.53497 0.787857 418.895 52.6085 0.861321 435.012 89.1406 0.835583 335.887 7.02228 0.683881 327.193 50.2202 0.54209 342.616 83.245 0.141635 391.524 99.7805 0.730046 397.378 164.548 0.912244 369.803 224.571 0.792762 352.822 100.848 0.796513 364.332 161.081 0.852383 360.646 223.281 0.618654 0 0 0 0 0 0 0 0 0 0 0 0 0
0 111 107 0 0 0 368.477 6.04456 0.777602 400.017 6.69109 0.744321 420.43 48.2663 0.844044 436.309 86.3091 0.875463 339.132 5.82518 0.715556 330.244 47.1792 0.395592 344.266 81.987 0.1156 393.711 96.0771 0.756894 401.738 159.981 0.906145 375.226 220.44 0.785799 355.42 97.1561 0.810274 365.194 157.4 0.843435 361.935 220.026 0.632214 0 0 0 0 0 0 0 0 0 0 0 0 0
0 111 108 0 0 0 371.007 5.2474 0.587043 402.677 5.4632 0.490538 422.176 43.9902 0.773188 436.816 83.4069 0.859584 342.167 5.06434 0.613221 333.649 43.0448 0.360062 346.047 80.1186 0.147079 396.105 92.02 0.749998 405.655 155.71 0.818023 381.67 217.17 0.76305 357.735 93.316 0.723082 365.919 154.355 0.851362 363.018 217.632 0.715894 0 0 0 0 0 0 0 0 0 0 0 0 0
0 111 109 0 0 0 373.255 4.85047 0.485484 405.607 4.85131 0.397317 424.133 39.7803 0.815989 436.533 80.434 0.813683 345.205 4.73726 0.55478 337.201 39.7861 0.422429 348.181 78.2949 0.231181 398.495 88.9017 0.761491 409.568 152.163 0.944646 389.12 214.332 0.836116 359.986 90.4175 0.751865 366.504 151.963 0.888699 363.885 215.891 0.78055 0 0 0 0 0 0 0 0 0 0 0 0 0
0 111 110 0 0 0 376.08 4.85418 0.37056 408.806 4.85542 0.292485 426.413 36.075 0.806473 436.427 77.3891 0.79482 348.677 4.84586 0.495631 341.104 36.3189 0.498221 350.66 76.4034 0.404644 401.104 86.2845 0.755232 413.054 148.688 0.933812 396.735 211.072 0.852737 362.16 88.0187 0.779544 366.95 150.22 0.907263 364.545 215.238 0.81684 0 0 0 0 0 0 0 0 0 0 0 0 0
0 111 111 0 0 0 379.339 4.8567 0.351599 412.269 4.85868 0.255541 428.805 32.3757 0.792657 436.429 74.1349 0.859291 352.361 4.84852 0.477818 345.661 33.2794 0.442174 353.484 74.4442 0.393556 403.704 84.112 0.741643 416.534 145.869 0.852509 404.988 207.822 0.902188 364.997 86.0667 0.792031 367.4 149.137 0.900283 365.203 214.805 0.825614 0 0 0 0 0 0 0 0 0 0 0 0 0
0 111 112 0 0 0 383.041 4.85918 0.121436 415.952 4.8603 0.1 430.977 29.1189 0.1 436.427 71.3141 0.1 357.348 4.8525 0.154923 349.797 30.2325 0.282489 356.959 72.0517 0.215431 405.878 81.9392 0.695386 420.001 143.055 0.799532 412.81 205.657 0.905081 367.829 83.2455 0.717247 368.929 147.614 0.8715 366.068 213.726 0.861459 0 0 0 0 0 0 0 0 0 0 0 0 0
0 111 113 0 0 0 386.953 4.86014 0.158674 419.647 4.86059 0.1 433.577 26.7262 0.548209 436.208 69.3541 0.537245 362.339 4.8552 0.232737 353.713 28.489 0.246787 360.221 70.0874 0.166346 407.835 80.643 0.637573 422.831 141.1 0.750749 419.554 203.926 0.809533 370.667 81.5073 0.678107 370.87 146.957 0.832191 366.301 213.294 0.827428 0 0 0 0 0 0 0 0 0 0 0 0 0
0 111 114 0 0 0 391.304 4.86065 0.113039 417.253 4.86066 0.1 428.145 25.4267 0.1 429.249 67.6141 0.1 372.989 4.85747 0.133009 365.662 26.9701 0.175694 369.135 68.9958 0.1 407.387 79.9916 0.699944 420.441 140.655 0.818781 418.027 202.615 0.837939 378.057 80.4207 0.697575 379.344 145.645 0.850425 374.139 211.341 0.843199 0 0 0 0 0 0 0 0 0 0 0 0 0
0 111 115 0 0 0 395.436 4.86077 0.133012 415.823 4.85975 0.128799 424.365 24.7832 0.551489 424.417 66.4346 0.620294 382.553 4.8588 0.154555 376.397 25.6617 0.216976 376.477 68.1084 0.18645 410.644 78.903 0.683115 423.912 139.362 0.846834 422.813 201.095 0.842829 381.755 78.9089 0.686079 382.82 144.564 0.808625 375.873 209.162 0.832042 0 0 0 0 0 0 0 0 0 0 0 0 0
0 111 116 0 0 0 399.784 4.86054 0.201227 415.993 4.85845 0.252558 422.448 25.4344 0.58029 421.29 65.6098 0.666455 391.248 4.85971 0.163863 385.265 24.353 0.153788 383.82 67.221 0.1 414.333 77.7703 0.719135 427.215 138.441 0.872336 426.624 199.518 0.853218 385.788 77.5536 0.720259 387.113 143.145 0.803345 378.48 206.437 0.853206 0 0 0 0 0 0 0 0 0 0 0 0 0
0 111 117 0 0 0 404.352 4.8592 0.150957 417.288 4.857 0.130173 422.188 26.9586 0.497552 420.938 65.1294 0.404329 399.068 4.85837 0.160789 392.702 24.5753 0.213899 391.163 66.3336 0.187593 418.03 77.4435 0.655125 430.368 137.682 0.824904 428.802 197.893 0.855718 390.355 76.7963 0.681613 392.218 141.195 0.879525 381.949 202.744 0.861011 0 0 0 0 0 0 0 0 0 0 0 0 0
0 111 118 0 0 0 409.346 4.8579 0.273914 419.706 4.85543 0.400012 423.583 29.3557 0.525889 423.362 64.9933 0.567909 405.799 4.85726 0.324196 398.915 24.3596 0.656218 398.506 65.4462 0.590999 421.945 76.6303 0.76402 432.931 136.653 0.816269 429.362 196.65 0.828533 395.237 75.5467 0.732649 398.136 138.696 0.811494 386.289 198.29 0.824024 0 0 0 0 0 0 0 0 0 0 0 0 0
0 111 119 0 0 0 413.905 4.85623 0.1 423.248 4.85372 0.1 426.523 32.1873 0.1 427.592 65.2029 0.1 411.013 4.85447 0.1 403.701 24.7898 0.1 0 0 0 425.855 75.7686 0.657366 435.327 136.01 0.820145 429.146 196.642 0.793409 400.447 74.247 0.687622 404.865 135.654 0.825452 391.49 192.641 0.770454 0 0 0 0 0 0 0 0 0 0 0 0 0
0 111 120 0 0 0 417.386 4.85498 0.1 425.872 4.85193 0.1 429.135 34.7312 0.1 431.335 65.7158 0.1 415.683 4.85311 0.1 407.615 24.7862 0.1 0 0 0 429.34 74.4682 0.1 437.502 135.145 0.1 428.496 196.634 0.1 405.228 72.7202 0.1 411.605 132.391 0.1 397.133 187.639 0.1 0 0 0 0 0 0 0 0 0 0 0 0 127
0 111 121 0 0 0 420.209 4.85364 0.1 427.839 4.85073 0.1 431.747 36.7622 0.1 435.079 66.2286 0.1 418.95 4.85127 0.1 410.873 25.2282 0.1 0 0 0 433.035 73.3813 0.1 439.245 134.486 0.1 427.631 196.406 0.1 410.439 72.0662 0.1 418.345 130.436 0.1 403.889 184.152 0.1 0 0 0 0 0 0 0 0 0 0 0 0 127
0 111 122 0 0 0 423.301 4.8522 0.1 434.722 4.84919 0.1 439.946 39.6101 0.1 438.823 66.7414 0.1 418.284 4.84947 0.1 408.819 24.9043 0.1 0 0 0 438.32 72.1916 0.1 443.086 133.56 0.1 430.177 195.991 0.1 413.727 70.9693 0.1 422.777 127.31 0.1 408.259 179.873 0.1 0 0 0 0 0 0 0 0 0 0 0 0 127
0 111 123 0 0 0 426.393 4.85076 0.172696 441.606 4.84766 0.130419 448.144 42.4581 0.274371 442.566 67.2542 0.13866 417.618 4.84767 0.177365 406.766 24.5803 0.147074 0 0 0 443.605 71.0018 0.725401 446.927 132.635 0.772312 432.724 195.575 0.85751 417.015 69.8725 0.651841 427.209 124.183 0.782689 412.629 175.595 0.812919 0 0 0 0 0 0 0 0 0 0 0 0 0
0 111 124 0 0 0 429.485 4.84932 0.1 448.489 4.84613 0.1 456.343 45.306 0.1 0 0 0 416.952 4.84587 0.1 404.713 24.2564 0.118841 0 0 0 448.89 69.8121 0.741017 450.769 131.709 0.776215 435.27 195.16 0.846248 420.302 68.7757 0.59832 431.642 121.057 0.751375 416.999 171.316 0.808607 0 0 0 0 0 0 0 0 0 0 0 0 0
0 111 125 0 0 0 432.577 4.84787 0.129307 455.373 4.84459 0.1 464.542 48.1539 0.1 0 0 0 416.286 4.84407 0.178606 402.659 23.9324 0.210427 403.03 41.1259 0.100727 454.175 68.6224 0.608004 454.61 130.783 0.641503 437.816 194.744 0.698849 423.59 67.6789 0.496596 436.074 117.931 0.442425 421.369 167.038 0.512678 0 0 0 0 0 0 0 0 0 0 0 0 0
0 111 126 0 0 0 428.495 4.83927 0.258854 444.189 4.84265 0.155361 461.76 39.1885 0.105044 0 0 0 410.861 3.88304 0.303647 399.178 35.1953 0.192328 0 0 0 448.1 70.4307 0.565924 448.091 131.133 0.633659 434.323 193.739 0.721963 430.429 70.455 0.446261 448.033 129.128 0.36756 434.349 189.749 0.324318 0 0 0 0 0 0 0 0 0 0 0 0 0
