0 111 54 0 0 0 1029.68 481.479 0.354962 1028.98 474.583 0.253454 967.135 493.051 0.256078 928.36 499.937 0.363963 1032.76 495.941 0.274561 999.696 618.244 0.521433 913.478 650.309 0.628318 984.679 656.73 0.152515 0 0 0 0 0 0 996.215 679.423 0.23467 0 0 0 0 0 0 0 0 0 0 0 0 0 0 0 1015.46 424.572 0.0523081 0
0 111 55 0 0 0 1018.46 473.615 0.408962 1015.05 466.076 0.3415 956.885 493.514 0.381478 917.882 501.355 0.542715 1022.1 486.225 0.307741 992.431 607.759 0.50228 909.754 641.56 0.70893 974.106 643.471 0.161663 0 0 0 0 0 0 989.279 665.218 0.262629 940.497 708.563 0.17386 0 0 0 0 0 0 0 0 0 0 0 0 993.931 387.404 0.0536524 0
0 111 56 0 0 0 1007.23 465.75 0.36303 1001.12 457.57 0.202201 946.634 493.977 0.1 907.403 502.774 0.1 1011.44 476.509 0.268717 985.165 597.274 0.54119 906.03 632.812 0.711134 963.534 630.213 0.124139 0 0 0 0 0 0 982.343 651.013 0.277414 931.304 703.344 0.187387 0 0 0 0 0 0 0 0 0 0 0 0 991.994 414.802 0.0692925 0
0 111 57 930.326 396.99 0.322182 996.009 457.885 0.336764 987.195 449.063 0.150311 936.384 494.44 0.1 896.925 504.192 0.1 1000.78 466.794 0.192072 977.9 586.789 0.264523 902.306 624.063 0.392954 952.961 616.955 0.116717 0 0 0 0 0 0 975.406 636.808 0.164436 922.112 698.125 0.1 0 0 0 0 0 0 940.337 385.261 0.333807 0 0 0 966.132 382.62 0.376172 0
0 111 58 919.097 394.777 0.712673 984.786 450.02 0.467139 973.268 440.557 0.330224 926.133 494.903 0.175789 886.446 505.61 0.558069 990.115 457.078 0.36773 970.635 576.304 0.572517 898.582 615.314 0.722674 942.388 603.696 0.230892 874.944 701.982 0.167624 0 0 0 968.47 622.603 0.363869 912.919 692.906 0.331084 0 0 0 0 0 0 928.016 382.756 0.673082 0 0 0 952.62 380.279 0.687436 0
0 111 59 907.867 392.564 0.412409 973.042 441.101 0.208062 961.743 432.738 0.156804 915.883 495.366 0.16349 875.968 507.029 0.489603 979.032 446.418 0.209939 965.42 558.912 0.1 896.185 597.045 0.1 936.521 585.436 0.1 868.062 696.274 0.1 0 0 0 963.036 602.601 0.238574 903.726 687.687 0.318363 0 0 0 903.907 367.805 0.0847541 915.694 380.252 0.439481 0 0 0 939.109 377.937 0.416896 0
0 111 60 896.638 390.352 0.1 961.086 432.62 0.112819 950.003 425.564 0.1 905.632 495.829 0.200079 865.489 508.447 0.521912 966.86 435.993 0.190785 959.335 542.387 0.605964 892.272 577.915 0.717112 930.214 577.392 0.340168 861.181 690.566 0.357135 0 0 0 956.511 591.955 0.328503 892.163 683.38 0.375461 933.268 714.191 0.0588151 0 0 0 903.372 377.748 0.1 0 0 0 925.597 375.595 0.1 0
0 111 60 885.408 388.139 0.499271 949.13 425.22 0.37962 935.432 417.735 0.1 0 0 0 0 0 0 957.724 428.165 0.410475 945.201 527.381 0.1 887.557 558.712 0.1 918.913 571.305 0.1 854.3 684.858 0.1 0 0 0 948.897 585.219 0.1 880.865 681.423 0.1 0 0 0 0 0 0 891.05 375.244 0.571535 0 0 0 912.086 373.254 0.549919 0
0 111 61 873.227 386.607 0.1 936.733 421.743 0.1 919.779 415.992 0.1 0 0 0 0 0 0 947.075 423.38 0.1 929.762 512.389 0.1 881.19 539.649 0.1 903.477 565.655 0.1 847.418 679.15 0.1 0 0 0 940.417 579.779 0.1 873.914 678.269 0.1 0 0 0 0 0 0 878.445 373.718 0.1 0 0 0 899.255 371.947 0.1 127
0 111 62 861.708 384.441 0.329779 923.908 418.477 0.508413 906.083 412.514 0.310934 0 0 0 0 0 0 936.196 419.687 0.486158 914.55 499.345 0.353424 873.153 520.522 0.31094 893.042 560.44 0.130623 840.537 673.442 0.1 0 0 0 929.987 573.688 0.187847 863.488 675.875 0.1 0 0 0 0 0 0 867.344 371.55 0.358888 0 0 0 886.645 370.864 0.456989 0
0 111 63 850.836 384.439 0.324096 912.387 417.393 0.474133 893.913 410.553 0.288861 0 0 0 0 0 0 925.544 419.247 0.513639 898.042 486.518 0.253357 865.199 494.391 0.369067 883.693 556.964 0.149879 833.655 667.734 0.1 0 0 0 919.121 570.644 0.16038 854.362 673.698 0.1 898.054 676.923 0.0524289 0 0 0 855.396 372.202 0.397484 0 0 0 874.034 371.727 0.497741 0
0 111 64 838.445 383.405 0.325805 902.171 408.479 0.471488 888.15 407.784 0.309845 0 0 0 0 0 0 911.843 410.762 0.509315 876.375 474.952 0.324867 857.245 468.259 0.1 877.167 556.672 0.362689 826.774 662.026 0.20246 888.274 682.883 0.0919704 905.645 569.558 0.399784 839.875 674.71 0.335833 882.349 678.859 0.0510128 0 0 0 843.233 371.987 0.434418 0 0 0 860.985 372.491 0.525379 0
0 111 65 826.054 382.371 0.377452 889.782 408.482 0.464002 881.632 405.937 0.272285 0 0 0 0 0 0 896.841 412.061 0.471141 854.707 463.385 0.41393 849.291 442.128 0.1 870.352 561.598 0.428786 819.892 656.318 0.475495 0 0 0 891.587 572.241 0.485842 826.283 675.691 0.396216 897.986 714.183 0.16337 0 0 0 830.683 371.952 0.462781 0 0 0 847.936 372.931 0.614463 0
0 111 66 813.663 381.336 0.578879 878.258 410.658 0.551905 876.309 406.963 0.411646 0 0 0 0 0 0 880.425 415.217 0.569265 833.039 451.819 0.130819 841.337 415.997 0.217253 863.248 571.741 0.180361 808.077 667.183 0.0627202 0 0 0 874.56 581.299 0.224648 813.586 676.642 0.144698 0 0 0 0 0 0 818.133 371.917 0.644392 0 0 0 835.43 373.255 0.615256 0
0 111 67 801.273 380.302 0.523464 868.474 412.4 0.498768 870.658 407.608 0.346755 0 0 0 0 0 0 866.725 417.612 0.441779 811.372 440.253 0.200538 0 0 0 854.552 584.349 0.115744 0 0 0 0 0 0 857.818 593.471 0.185878 802.804 677.423 0.293519 0 0 0 0 0 0 805.582 371.882 0.597338 0 0 0 823.687 373.248 0.664427 0
0 111 68 796.308 383.516 0.0960051 858.366 413.162 0.324209 864.792 407.282 0.216908 0 0 0 0 0 0 853.026 419.125 0.170701 0 0 0 0 0 0 847.049 592.499 0.1 0 0 0 0 0 0 841.838 600.1 0.102404 790.457 675.42 0.1 0 0 0 0 0 0 793.032 371.847 0.181611 0 0 0 812.382 372.588 0.537888 0
0 111 69 786.449 381.482 0.0931549 848.363 412.302 0.307799 857.404 406.414 0.236422 0 0 0 0 0 0 840.417 418.474 0.256475 0 0 0 0 0 0 839.864 597.279 0.1 0 0 0 0 0 0 827.712 603.578 0.101482 776.545 670.632 0.1 0 0 0 0 0 0 0 0 0 0 0 0 801.727 370.853 0.537182 0
0 111 70 772.807 377.613 0.0523364 837.934 411.216 0.346721 851.097 404.895 0.30282 0 0 0 0 0 0 826.717 417.604 0.262996 0 0 0 0 0 0 833.783 601.408 0.272927 0 0 0 0 0 0 815.537 606.627 0.257583 764.373 671.937 0.145347 0 0 0 0 0 0 0 0 0 0 0 0 791.294 369.114 0.608119 0
0 111 71 0 0 0 828.588 409.489 0.328975 847.618 403.363 0.246205 0 0 0 0 0 0 811.51 416.089 0.258596 0 0 0 0 0 0 828.791 606.19 0.167225 0 0 0 0 0 0 803.584 610.542 0.211597 755.025 657.154 0.110969 0 0 0 0 0 0 0 0 0 0 0 0 780.649 366.729 0.409141 0
0 111 72 0 0 0 818.15 407.973 0.1 844.142 401.19 0.1 0 0 0 0 0 0 793.904 416.3 0.1 0 0 0 0 0 0 824.663 611.402 0.1 0 0 0 0 0 0 792.937 611.844 0.1 746.548 643.024 0.1 0 0 0 0 0 0 0 0 0 0 0 0 769.786 363.692 0.1 127
0 111 73 743.477 367.895 0.0557478 807.062 407.099 0.464102 834.794 400.75 0.337576 0 0 0 0 0 0 781.519 415.007 0.411883 723.215 464.603 0.261185 0 0 0 820.531 612.782 0.339598 0 0 0 0 0 0 784.677 612.494 0.409416 740.38 635.27 0.316887 762.32 697.473 0.179565 0 0 0 0 0 0 0 0 0 758.703 360.652 0.586716 0
0 111 74 739.536 367.803 0.068576 795.545 405.584 0.500034 825.663 400.088 0.419719 0 0 0 0 0 0 768.257 413.7 0.459963 720.994 473.098 0.322412 692.068 450.473 0.143577 815.314 612.055 0.344487 735.663 541.606 0.139164 718.072 633.949 0.0834281 775.766 612.929 0.426237 734.579 626.94 0.273783 757.826 699.63 0.10502 0 0 0 0 0 0 0 0 0 747.183 358.041 0.644393 0
0 111 75 723.879 367.812 0.0969773 784.032 401.666 0.706705 815.218 395.952 0.578472 0 0 0 0 0 0 756.522 410.217 0.615861 718.773 481.593 0.315776 684.104 472.909 0.193307 809.664 601.624 0.406062 735.825 557.999 0.152554 748.28 676.427 0.111807 769.24 604.668 0.409815 730.663 624.554 0.248437 753.332 701.787 0.469505 0 0 0 0 0 0 788.354 338.522 0.0741367 736.098 355.004 0.790041 0
0 111 76 0 0 0 772.078 399.271 0.710159 804.35 393.333 0.598392 0 0 0 0 0 0 742.826 408.481 0.57056 716.552 490.088 0.1 676.14 495.344 0.1 804.67 596.19 0.475746 735.987 574.392 0.204779 740.601 673.556 0.198783 763.373 600.538 0.408568 725.228 624.342 0.212138 748.838 703.944 0.162327 0 0 0 0 0 0 771.348 336.901 0.17073 724.791 352.618 0.772333 0
0 111 77 692.613 365.781 0.0642981 760.88 398.282 0.755606 794.996 391.702 0.707471 0 0 0 0 0 0 729.347 408.264 0.684233 714.331 498.582 0.635933 668.176 517.78 0.654749 799.999 591.519 0.468475 736.15 590.785 0.1 732.922 670.684 0.1 757.617 597.168 0.400449 721.973 626.956 0.179357 744.343 706.101 0.1 0 0 0 0 0 0 760.653 336.373 0.200754 713.269 350.666 0.819642 1
0 111 78 0 0 0 750.226 397.841 0.733126 786.081 390.182 0.662902 0 0 0 0 0 0 716.315 408.915 0.627642 710.2 504.448 0.467351 660.212 540.215 0.607312 795.225 586.303 0.399557 736.312 607.178 0.1 725.243 667.812 0.1 752.84 592.819 0.339926 721.742 631.953 0.113857 740.865 707.845 0.392555 0 0 0 0 0 0 749.959 335.846 0.323333 702.606 350.011 0.743642 1
0 111 79 0 0 0 740.433 397.413 0.72977 776.945 388.659 0.696088 0 0 0 0 0 0 705.664 409.57 0.707598 705.199 509.46 0.230568 653.686 558.693 0.176994 790.875 581.308 0.439772 733.044 615.224 0.196362 717.564 664.94 0.184977 747.628 588.905 0.376881 716.308 631.52 0.163297 738.692 707.852 0.1 0 0 0 0 0 0 739.264 335.318 0.468832 691.088 349.364 0.671831 1
0 111 80 0 0 0 719.776 392.407 0.711542 750.425 384.976 0.676591 0 0 0 0 0 0 690.44 403.474 0.675886 700.524 515.223 0.515344 647.919 577.388 0.676488 787.171 576.527 0.455926 732.492 629.574 0.31821 716.132 714.138 0.0693936 743.279 584.772 0.487749 713.373 645.978 0.503285 736.518 710.253 0.108838 0 0 0 0 0 0 728.569 334.79 0.298123 674.136 345.224 0.655004 1
0 111 81 0 0 0 711.735 392.394 0.685825 742.372 383.673 0.594343 0 0 0 0 0 0 683.262 403.701 0.654603 694.222 516.857 0.658861 642.269 586.081 0.826662 784.119 570.878 0.461102 731.617 643.705 0.324845 0 0 0 739.797 579.993 0.483459 710.977 659.889 0.656298 734.349 712.868 0.1 0 0 0 0 0 0 718.788 334.564 0.372798 665.003 345.231 0.602529 1
0 111 82 647.59 352.233 0.0650881 704.564 391.527 0.681847 734.115 382.154 0.570104 0 0 0 0 0 0 676.516 403.267 0.698159 686.394 513.393 0.730168 637.048 584.554 0.818238 780.21 566.962 0.42464 730.528 656.673 0.277982 788.423 714.16 0.0896289 735.663 575.861 0.503918 705.989 666.204 0.731301 731.414 714.178 0.1 0 0 0 0 0 0 709.447 334.124 0.108651 656.31 345.444 0.600064 1
0 111 83 635.862 365.811 0.127217 698.69 391.512 0.735438 727.369 381.074 0.666732 0 0 0 0 0 0 670.211 403.06 0.723795 678.785 510.13 0.733346 633.562 583.25 0.777094 776.303 563.7 0.462351 729.444 666.534 0.262578 0 0 0 732.182 572.603 0.504267 701.202 672.937 0.769275 728.368 714.184 0.101421 0 0 0 634.029 352.193 0.261915 699.885 333.902 0.162766 648.044 345.881 0.754441 1
0 111 83 573.288 328.685 0.399973 692.815 391.952 0.438365 720.418 381.076 0.376152 0 0 0 0 0 0 664.769 403.925 0.337554 673.569 510.345 0.1 631.385 581.516 0.1 772.391 566.523 0.1 721.836 671.971 0.1 0 0 0 729.359 575.207 0.1 693.816 673.363 0.1 725.87 714.188 0.1 569.399 322.864 0.408977 581.035 318.993 0.457059 690.539 334.116 0.1 639.994 347.179 0.38746 1
0 111 84 0 0 0 686.291 392.597 0.771408 713.463 380.871 0.715084 0 0 0 0 0 0 658.91 405.006 0.717312 667.487 508.816 0.735091 630.081 580.214 0.801416 767.169 564.135 0.510838 720.096 669.139 0.428332 731.745 714.194 0.0628011 724.137 573.902 0.504026 687.071 670.966 0.678764 723.263 714.192 0.1 0 0 0 0 0 0 681.843 334.553 0.44962 631.747 348.265 0.760706 1
0 111 85 0 0 0 678.686 392.163 0.762898 704.987 379.566 0.691959 0 0 0 0 0 0 653.037 405.007 0.741511 662.933 507.509 0.749149 629.438 578.92 0.817282 761.734 560.217 0.492439 717.702 665.004 0.385057 0 0 0 718.92 570.423 0.521272 680.107 667.494 0.759842 717.833 714.194 0.158299 0 0 0 0 0 0 673.368 334.98 0.477898 624.352 349.573 0.785005 1
0 111 86 0 0 0 671.295 390.861 0.738839 697.384 378.038 0.654249 0 0 0 0 0 0 645.855 404.136 0.739442 659.022 506.204 0.708834 629.006 578.481 0.784024 756.085 555.654 0.502281 715.096 659.355 0.389299 784.572 714.207 0.0573276 711.962 567.164 0.517566 671.866 664.236 0.712153 710.228 714.193 0.1 0 0 0 0 0 0 664.886 334.541 0.587027 615.671 350.016 0.703217 1
0 111 87 0 0 0 662.616 389.337 0.736258 688.482 376.297 0.621396 0 0 0 0 0 0 637.812 402.838 0.751831 655.109 504.896 0.689984 629.012 577.615 0.801906 750.002 550.867 0.454676 713.572 653.918 0.375536 727.482 710.821 0.116789 705.007 563.253 0.519771 664.683 660.978 0.711714 700.664 714.193 0.147723 0 0 0 0 0 0 655.968 333.677 0.573884 606.97 349.794 0.759859 1
0 111 88 0 0 0 664.574 392.6 0.709637 696.086 376.502 0.558412 0 0 0 0 0 0 635.205 408.93 0.751256 651.084 502.391 0.64278 627.821 576.317 0.80089 743.049 544.778 0.407436 711.941 648.045 0.442272 727.081 709.805 0.449535 697.398 558.686 0.520684 656.319 657.61 0.702244 690.232 714.194 0.183338 0 0 0 0 0 0 646.082 332.589 0.495646 604.778 353.48 0.632614 1
0 111 89 0 0 0 654.791 390.65 0.716678 685.44 374.325 0.605787 0 0 0 0 0 0 625.854 407.183 0.761038 646.084 499.568 0.689672 626.727 575.011 0.781232 734.586 539.995 0.467719 709.984 642.391 0.505844 726.68 708.788 0.592684 688.707 555.64 0.519448 647.62 654.574 0.796422 679.192 714.195 0.18159 0 0 0 0 0 0 635.868 331.283 0.350464 594.996 352.828 0.723291 1
0 111 90 0 0 0 645.002 388.904 0.778461 674.133 372.37 0.710645 0 0 0 0 0 0 618.038 405.44 0.763317 640.434 496.736 0.654478 621.736 568.711 0.690306 725.019 535.865 0.493157 705.852 635.653 0.52912 726.279 707.772 0.634792 679.802 552.168 0.509168 638.911 653.042 0.765814 667.542 714.196 0.20179 0 0 0 0 0 0 625.652 329.985 0.477697 586.075 352.384 0.807097 1
0 111 91 0 0 0 633.484 386.729 0.781803 662.172 370.191 0.673008 682.855 365.866 0.0554432 0 0 0 607.394 403.259 0.725519 626.731 486.296 0.55494 614.701 560.753 0.658506 715.016 532.172 0.457646 699.757 630.435 0.475841 725.877 706.755 0.663511 670.459 549.122 0.486325 629.568 651.317 0.801547 654.629 714.196 0.176984 0 0 0 0 0 0 616.081 328.039 0.48744 576.514 350.86 0.68138 1
0 111 92 0 0 0 622.184 385.422 0.761207 651.514 368.461 0.658538 0 0 0 0 0 0 595.664 401.959 0.754612 608.254 479.987 0.6165 605.62 551.575 0.663231 704.791 528.039 0.485261 696.501 625.44 0.439378 725.641 705.448 0.640903 660.014 545.645 0.483957 622.383 648.499 0.679693 640.452 714.195 0.103941 0 0 0 0 0 0 606.3 326.312 0.328066 566.297 349.99 0.747234 1
0 111 93 0 0 0 611.096 383.913 0.781485 640.858 366.93 0.707132 0 0 0 0 0 0 584.137 401.528 0.779078 596.728 477.818 0.630151 594.49 540.748 0.672793 694.582 524.343 0.509687 691.935 622.182 0.531325 725.207 703.493 0.617684 649.147 542.818 0.523532 612.82 647.63 0.713536 625.669 714.192 0.1 0 0 0 0 0 0 596.293 324.795 0.425501 555.858 349.335 0.783343 1
0 111 94 508.767 355.816 0.101659 600.219 382.395 0.702885 628.685 365.629 0.576972 0 0 0 0 0 0 573.058 400.011 0.598253 585.848 475.427 0.297457 581.532 528.259 0.161597 682.837 522.608 0.481543 687.362 620.662 0.580713 724.561 701.318 0.604564 637.4 541.3 0.488367 603.901 644.577 0.702174 611.809 714.191 0.1 0 0 0 0 0 0 585.207 324.044 0.149958 545.423 348.459 0.724521 1
0 111 95 508.86 354.448 0.1 588.695 381.734 0.691152 615.198 365.199 0.575766 0 0 0 0 0 0 564.134 398.054 0.605717 570.841 467.6 0.176028 566.745 513.042 0.1 670.665 523.26 0.42014 681.494 620.875 0.549087 723.259 699.792 0.576439 625.011 541.514 0.463681 594.759 646.103 0.593339 597.949 714.19 0.1 0 0 0 0 0 0 573.262 324.481 0.258761 534.767 348.009 0.559926 1
0 111 96 508.954 353.079 0.1 578.466 383.462 0.769973 604.326 366.723 0.701311 0 0 0 0 0 0 554.137 399.575 0.689765 558.884 468.899 0.346841 554.998 511.516 0.1 657.835 526.521 0.479453 674.762 622.174 0.576516 721.083 698.057 0.612387 611.537 544.337 0.495187 584.112 647.832 0.174307 584.089 714.189 0.1 0 0 0 0 0 0 562.189 325.457 0.274383 525.422 348.233 0.707058 1
0 111 97 509.047 351.711 0.1 568.902 385.408 0.753515 594.769 368.249 0.680423 645.66 420.657 0.0721173 0 0 0 543.707 401.31 0.650657 546.567 471.505 0.323761 543.901 510.64 0.1 645.438 530.432 0.528436 663.9 622.392 0.66684 716.309 695.662 0.68355 598.921 547.381 0.515243 573.885 649.788 0.383101 570.229 714.187 0.111701 0 0 0 0 0 0 551.975 326.76 0.261325 514.783 349.768 0.663945 1
0 111 98 509.141 350.343 0.108502 567.6 382.145 0.602102 585.527 370.64 0.50523 0 0 0 0 0 0 548.063 394.571 0.505863 534.752 474.544 0.129939 532.161 509.989 0.1 633.798 533.476 0.393336 651.842 622.828 0.559594 710.662 693.154 0.646332 587.386 549.667 0.402576 563.996 651.847 0.201453 563.46 714.161 0.0836676 0 0 0 466.622 348.599 0.189587 540.569 328.942 0.1 518.483 346.07 0.498808 1
0 111 99 513.05 347.4 0.1 558.251 385.627 0.564204 577.264 373.678 0.473727 0 0 0 0 0 0 536.972 398.269 0.529686 523.013 478.675 0.201911 523.46 514.767 0.37207 623.149 536.519 0.45196 638.582 623.482 0.66967 703.939 690.316 0.618596 576.721 552.927 0.509453 554.877 653.803 0.590086 0 0 0 0 0 0 482.575 344.388 0.1 529.163 331.124 0.221238 508.268 348.047 0.492658 1
0 111 100 518.48 344.408 0.471083 559.767 382.373 0.590781 571.184 375.307 0.430546 0 0 0 0 0 0 544.358 391.972 0.487776 520.818 490.483 0.235331 517.518 526.894 0.302515 616.192 532.064 0.4222 623.424 624.347 0.409373 695.536 685.882 0.549184 573.89 547.167 0.510807 552.926 648.867 0.57971 545.896 714.197 0.057055 0 0 0 498.529 340.178 0.522599 517.757 333.307 0.1 514.137 345.004 0.687517 1
0 111 101 525.218 341.9 0.1 562.371 378.901 0.567417 566.628 375.515 0.551046 0 0 0 0 0 0 553.485 385.025 0.47685 518.623 502.29 0.1 511.576 539.021 0.1 612.068 523.154 0.481461 608.092 628.038 0.486443 687.133 681.449 0.547257 578.9 534.129 0.525413 556.633 638.143 0.633516 539.998 714.198 0.0564224 0 0 0 514.482 335.968 0.123144 506.351 335.489 0.238617 521.318 341.31 0.588721 1
0 111 101 533.477 339.454 0.252831 566.29 375.203 0.253711 564.453 375.309 0.1 0 0 0 0 0 0 563.701 376.984 0.281219 516.428 514.098 0.1 505.634 551.148 0.1 610.101 514.673 0.1 592.39 633.26 0.1 678.73 677.015 0.1 586.288 520.869 0.1 569.681 619.018 0.1 0 0 0 608.489 307.985 0.252806 530.435 331.758 0.301975 0 0 0 530.229 337.615 0.272728 0
0 111 102 538.521 338.976 0.1 557.813 378.687 0.612869 557.064 379.44 0.448459 0 0 0 0 0 0 554.572 380.241 0.557638 514.233 525.906 0.308167 499.692 563.274 0.230783 595.975 520.76 0.533782 575.66 639.785 0.354072 670.327 672.581 0.553157 579.342 524.78 0.522318 569.249 624.017 0.61357 540.062 714.201 0.0601013 586.663 315.834 0.1 534.922 331.577 0.1 0 0 0 535.366 335.741 0.617299 0
0 111 102 539.915 339.544 0.310771 548.906 382.615 0.304921 549.894 383.786 0.1 0 0 0 0 0 0 544.142 385.031 0.324782 0 0 0 0 0 0 586.407 524.893 0.1 566.963 645.435 0.1 0 0 0 569.555 529.135 0.1 565.991 627.278 0.1 0 0 0 564.838 323.682 0.299295 536.163 332.313 0.361253 0 0 0 538.018 335.265 0.324502 0
0 111 103 537.657 341.157 0.551224 539.059 385.091 0.494611 538.518 387.99 0.408148 0 0 0 0 0 0 536.313 386.48 0.450546 655.419 379.523 0.0591371 0 0 0 574.96 526.854 0.121866 553.849 649.207 0.1 0 0 0 560.996 530.806 0.151089 563.385 629.53 0.1 0 0 0 543.012 331.531 0.507743 534.158 333.965 0.596605 569.342 334.595 0.0505176 536.455 335.954 0.472856 0
0 111 104 524.569 346.854 0.620505 528.48 388.075 0.592239 523.805 393.792 0.483413 565.411 381.479 0.0572733 0 0 0 530.001 387.641 0.548741 651.526 375.641 0.0580267 0 0 0 560.548 529.465 0.254038 539.355 653.699 0.1 698.505 541.991 0.0988775 552.595 532.4 0.306809 560.782 630.762 0.134532 654.528 633.333 0.133116 521.186 339.38 0.551555 528.378 336.747 0.660255 569.441 334.532 0.0519604 532.409 336.949 0.534324 0
0 111 105 500.651 356.637 0.1 509.132 396.778 0.518386 506.086 400.318 0.527408 577.065 378.647 0.290697 0 0 0 511.084 396.994 0.338444 0 0 0 0 0 0 543.485 531.636 0.339353 520.767 656.96 0.351003 0 0 0 544.557 532.721 0.390381 557.418 630.656 0.375951 631.257 651.994 0.135358 497.063 347.853 0.1 504.464 345.657 0.1 491.129 358.06 0.170763 511.316 344.989 0.1 0
0 111 106 474.348 365.87 0.1 496.738 398.517 0.65932 490.65 404.564 0.646183 534.275 409.829 0.414624 520.426 377.603 0.212241 503.914 396.12 0.53182 0 0 0 0 0 0 528.048 533.374 0.459832 502.506 661.091 0.376108 585.088 714.216 0.055167 535.212 533.153 0.471273 553.281 630.44 0.429484 607.986 670.655 0.1 471.573 356.814 0.1 477.622 354.346 0.1 489.07 371.757 0.361503 499.149 348.021 0.1 0
0 111 107 446.852 375.648 0.1 474.135 407.648 0.1 475.643 408.595 0.1 491.485 441.011 0.1 480.648 441.527 0.1 476.085 409.808 0.1 0 0 0 0 0 0 511.088 541.525 0.1 493.325 663.697 0.1 0 0 0 514.784 543.038 0.1 541.536 637.757 0.1 584.715 689.316 0.1 444.718 366.262 0.1 449.903 363.801 0.1 0 0 0 471.11 357.805 0.1 127
0 111 108 418.375 385.439 0.1 449.351 416.989 0.1 450.849 417.293 0.1 448.695 472.193 0.1 440.869 505.452 0.1 451.301 420.021 0.1 0 0 0 0 0 0 484.347 556.527 0.1 478.097 663.617 0.1 0 0 0 487.825 559.561 0.1 522.182 652.606 0.1 561.444 707.977 0.1 416.41 375.986 0.1 421.632 374.015 0.1 0 0 0 442.842 367.377 0.1 127
0 111 109 388.601 396.733 0.192151 423.041 428.939 0.427604 423.681 429.458 0.344637 405.905 503.375 0.137823 401.091 569.376 0.174853 425.428 431.755 0.373266 0 0 0 0 0 0 455.223 575.874 0.322391 462.87 663.537 0.314941 428.484 714.189 0.132539 459.568 581.734 0.397627 500.557 664.819 0.545501 538.173 726.638 0.1 386.838 385.985 0.1205 391.848 384.673 0.189854 0 0 0 414.362 377.167 0.32506 0
0 111 110 360.301 406.135 0.15802 409.35 433.718 0.465275 408.466 434.232 0.1 0 0 0 0 0 0 413.254 436.751 0.310557 449.043 469.512 0.119694 0 0 0 444.573 581.744 0.228012 447.643 663.457 0.104821 0 0 0 445.213 589.342 0.351926 478.932 677.032 0.269365 514.902 745.3 0.107168 360.157 395.028 0.1 363.239 394.192 0.200259 0 0 0 385.539 386.652 0.497354 0
0 111 111 336.513 414.919 0.1 396.297 438.926 0.506244 392.814 439.886 0.370069 0 0 0 0 0 0 400.431 441.526 0.421721 432.68 481.593 0.196013 383.493 573.265 0.0778366 423.267 588.917 0.358129 432.416 663.377 0.225628 522.452 714.204 0.0835769 432.823 595.207 0.356343 457.307 689.245 0.1 0 0 0 336.368 403.116 0.1 339.07 402.794 0.1 0 0 0 362.229 394.522 0.491611 0
0 111 112 315.724 421.789 0.170466 382.669 443.412 0.484297 380.062 443.078 0.443692 0 0 0 0 0 0 385.866 446.811 0.462657 416.318 493.674 0.1 0 0 0 408.845 593.916 0.209377 448.028 663.309 0.0512954 0 0 0 419.201 600.93 0.243091 435.682 701.458 0.102164 508.676 714.189 0.0554301 315.58 409.594 0.1 317.816 409.617 0.197945 0 0 0 341.394 400.786 0.331951 0
0 111 113 298.169 426.742 0.388358 367.813 446.088 0.608917 362.814 447.063 0.519168 348.248 536.099 0.0846256 0 0 0 373.262 447.603 0.559675 399.955 505.756 0.534616 384.733 523.232 0.489343 390.44 597.392 0.241208 0 0 0 0 0 0 405.868 603.901 0.284757 0 0 0 0 0 0 298.224 414.898 0.160164 300.123 414.653 0.377336 0 0 0 323.271 405.009 0.361996 0
0 111 114 283.606 429.139 0.40853 353.248 449.122 0.545251 348.897 449.018 0.338921 442.131 442.104 0.0529934 0 0 0 358.27 450.645 0.530883 383.592 517.837 0.269697 361.348 532.556 0.230209 375.441 601.959 0.167779 0 0 0 0 0 0 390.648 610.646 0.263469 358.045 714.138 0.061412 0 0 0 283.942 418.592 0.1 285.124 417.701 0.485272 0 0 0 307.62 407.836 0.656146 0
0 111 115 270.343 432.618 0.572259 338.686 451.952 0.527819 331.508 452.596 0.298067 0 0 0 0 0 0 344.348 453.468 0.1 361.859 533.268 0.1 337.964 541.88 0.1 358.047 607.174 0.228553 338.493 714.199 0.0518374 0 0 0 374.999 616.516 0.361257 0 0 0 0 0 0 269.464 421.799 0.109478 272.076 421.18 0.617985 0 0 0 295.879 409.794 0.598672 0
0 111 116 257.182 436.098 0.549866 324.117 455.213 0.533958 310.426 458.895 0.323117 0 0 0 0 0 0 335.217 453.034 0.540449 351.864 536.31 0.429047 314.58 551.204 0.509648 337.612 613.913 0.139035 0 0 0 0 0 0 362.607 621.953 0.242502 0 0 0 0 0 0 254.79 424.518 0.107238 258.917 423.905 0.58346 0 0 0 284.571 410.88 0.578519 0
0 111 117 242.401 439.134 0.499201 310.858 459.771 0.628499 298.039 462.59 0.495685 281.237 523.109 0.150615 246.602 540.074 0.111501 321.519 457.811 0.600928 336.095 545.764 0.311584 291.195 560.528 0.287968 325.222 619.562 0.284247 0 0 0 0 0 0 348.048 628.905 0.252351 0 0 0 0 0 0 239.74 426.645 0.256961 244.14 426.082 0.51376 0 0 0 271.965 413.701 0.507697 0
0 111 118 227.182 440.879 0.278419 296.728 462.599 0.544376 284.34 464.117 0.474035 263.21 526.408 0.159154 230.333 546.629 0.344008 306.953 461.946 0.476903 316.525 560.765 0.153912 260.54 579.877 0.249099 312.827 622.171 0.173311 0 0 0 0 0 0 333.05 631.3 0.285166 316.916 684.806 0.0761887 0 0 0 224.315 428.179 0.1 229.36 428.031 0.290995 0 0 0 258.05 416.523 0.374911 0
0 111 119 214.136 444.342 0.270651 282.159 465.857 0.524902 265.422 468.259 0.433864 245.184 529.707 0.13324 214.064 553.184 0.449706 296.297 463.687 0.459795 303.699 560.983 0.195204 249.885 581.828 0.127511 295.218 621.952 0.256472 279.795 700.461 0.061709 0 0 0 319.577 630.214 0.345018 316.335 714.156 0.130337 0 0 0 209.757 430.47 0.1 216.754 431.081 0.264318 0 0 0 246.523 419.786 0.333435 0
0 111 120 200.441 446.52 0.40765 265.859 469.129 0.486978 244.56 472.606 0.399018 227.157 533.006 0.211871 197.794 559.738 0.305753 286.295 465.646 0.422977 293.479 561.525 0.167037 240.645 583.898 0.211516 281.303 623.475 0.327176 257.83 714.146 0.150488 0 0 0 306.973 631.305 0.395092 292.09 714.157 0.119101 0 0 0 196.068 433.515 0.218876 203.704 433.48 0.381356 0 0 0 233.48 422.834 0.364765 0
0 111 121 187.836 448.7 0.220113 250.644 473.904 0.599792 223.469 478.9 0.478178 209.131 536.306 0.467603 181.525 566.293 0.602718 276.297 468.904 0.460507 283.036 564.35 0.210355 231.078 587.372 0.258564 263.044 627.166 0.215694 239.339 714.152 0.1 0 0 0 293.926 633.481 0.348577 267.844 714.158 0.165682 0 0 0 182.816 435.913 0.1 191.746 435.659 0.223123 0 0 0 221.534 426.095 0.245223 0
0 111 122 174.779 452.401 0.409812 236.514 480.425 0.619017 208.906 483.254 0.51631 193.267 539.352 0.368961 167.176 572.167 0.356351 262.377 477.604 0.534809 261.508 582.393 0.264274 194.121 608.466 0.259762 250.863 632.819 0.242724 220.848 714.157 0.1 0 0 0 278.71 640.221 0.348934 243.599 714.159 0.201827 0 0 0 169.126 439.388 0.120269 178.704 439.363 0.376034 0 0 0 208.701 431.304 0.354459 0
0 111 123 162.162 457.397 0.210722 221.952 487.609 0.632467 192.176 489.988 0.5017 175.653 546.526 0.577593 150.012 581.3 0.648069 250.191 485.869 0.570523 251.067 585.869 0.306007 186.508 613.903 0.432027 234.121 638.687 0.336554 202.358 714.162 0.165779 0 0 0 263.926 645.001 0.417215 220.404 714.16 0.161058 0 0 0 155.916 443.335 0.1 166.53 444.362 0.209233 0 0 0 196.529 437.609 0.275897 0
0 111 124 147.602 462.617 0.675557 207.386 495.651 0.724406 176.304 496.945 0.674672 157.176 555.445 0.546965 133.06 591.957 0.608799 236.724 495 0.638221 236.067 594.788 0.231428 166.732 623.46 0.233749 218.035 647.602 0.385719 183.867 714.168 0.1 0 0 0 250.01 653.483 0.397249 200.038 714.164 0.1 0 0 0 142.706 447.282 0.458423 153.044 449.364 0.592632 0 0 0 184.139 444.341 0.618899 0
0 111 125 134.494 468.324 0.380977 192.429 503.127 0.658095 160.304 503.289 0.576927 140.416 564.022 0.53139 117.968 600.991 0.528605 223.076 503.392 0.595907 222.239 602.52 0.417775 152.056 629.102 0.494966 202.383 655.559 0.408305 165.376 714.173 0.178944 0 0 0 235.699 661.531 0.455876 179.672 714.169 0.1304 0 0 0 129.497 451.229 0.241587 140.655 455.388 0.318039 0 0 0 171.981 451.509 0.357184 0
0 111 126 121.386 474.032 0.251732 176.429 509.397 0.571821 142.002 509.466 0.49929 123.657 572.598 0.447152 102.876 610.026 0.576767 209.254 510.176 0.532411 208.411 610.252 0.348371 137.38 634.743 0.489791 184.336 664.734 0.424297 146.886 714.178 0.209988 0 0 0 221.865 670.013 0.477804 159.307 714.174 0.173351 0 0 0 116.287 455.176 0.119546 128.266 461.411 0.236533 0 0 0 159.822 458.678 0.271373 0
0 111 127 108.278 479.74 0.183389 160.907 515.094 0.702598 124.87 515.03 0.589018 106.897 581.175 0.438152 87.7834 619.06 0.449159 195.693 516.219 0.635141 194.584 617.985 0.44605 122.704 640.385 0.103789 166.508 673.171 0.482777 0 0 0 0 0 0 207.863 678.055 0.4618 0 0 0 0 0 0 0 0 0 115.877 467.435 0.15863 0 0 0 147.664 465.846 0.176168 0
0 111 128 95.1701 485.447 0.2784 144.999 520.88 0.654369 107.176 521.722 0.549909 90.1374 589.752 0.45015 72.6912 628.094 0.332271 182.172 521.524 0.547711 180.756 625.717 0.511348 108.028 646.026 0.59643 148.029 682.392 0.304696 0 0 0 0 0 0 192.597 686.97 0.354054 0 0 0 0 0 0 0 0 0 103.488 473.459 0.209201 0 0 0 135.506 473.014 0.223621 0
0 111 129 0 0 0 129.603 526.194 0.1 91.1276 527.299 0.1 0 0 0 0 0 0 167.307 526.74 0.1 0 0 0 0 0 0 130.845 691.72 0.1 0 0 0 0 0 0 177.856 695.904 0.1 0 0 0 0 0 0 0 0 0 0 0 0 0 0 0 0 0 0 127
0 111 130 0 0 0 114.208 531.508 0.1 75.0794 532.876 0.1 0 0 0 0 0 0 152.442 531.955 0.1 0 0 0 0 0 0 113.661 701.048 0.1 0 0 0 0 0 0 163.114 704.838 0.1 0 0 0 0 0 0 0 0 0 0 0 0 0 0 0 0 0 0 127
0 111 131 0 0 0 98.8119 536.822 0.1 59.0311 538.453 0.1 0 0 0 0 0 0 137.577 537.171 0.1 0 0 0 0 0 0 96.4776 710.376 0.1 0 0 0 0 0 0 148.373 713.772 0.1 0 0 0 0 0 0 0 0 0 0 0 0 0 0 0 0 0 0 127
0 111 132 0 0 0 83.4163 542.136 0.1 42.9829 544.029 0.1 0 0 0 0 0 0 122.713 542.386 0.1 0 0 0 0 0 0 79.2937 719.704 0.1 0 0 0 0 0 0 133.631 722.706 0.1 0 0 0 0 0 0 0 0 0 0 0 0 0 0 0 0 0 0 127
0 111 133 4.85808 522.343 0.0725126 62.607 540.004 0.331499 19.5863 545.895 0.256606 4.84796 618.273 0.0901074 0 0 0 105.636 536.088 0.30197 115.45 612.376 0.0871788 0 0 0 66.5247 714.151 0.14125 0 0 0 0 0 0 123.257 714.141 0.210617 0 0 0 0 0 0 0 0 0 0 0 0 0 0 0 25.4299 493.06 0.0582994 0
