0 111 27 22.8796 240.422 0.563872 1.10613 274.709 0.385104 0 0 0 0 0 0 0 0 0 23.7827 274.8 0.50722 32.7074 324.069 0.288108 86.437 336.566 0.446438 -6.59039 379.845 0.314317 4.84492 487.128 0.0871188 -10.586 524.873 0.212243 26.9684 376.003 0.501367 52.3778 446.719 0.574246 72.5533 530.026 0.504501 0 0 0 0 0 0 0 0 0 0 0 0 0
0 111 28 31.6856 240.644 0.817143 7.44027 274.67 0.553544 0 0 0 0 0 0 0 0 0 25.4406 274.311 0.537861 40.669 324.143 0.202725 90.7816 334.903 0.308153 6.61737 380.204 0.359285 0 0 0 9.66422 523.98 0.1 32.1541 376.95 0.527358 52.4117 446.102 0.653833 65.8003 525.134 0.642723 22.7957 231.938 0.748362 0 0 0 3.49005 236.674 0.696477 0 0 0 0
0 111 29 40.4915 240.865 0.1 13.7744 274.631 0.1 0 0 0 0 0 0 0 0 0 27.0986 273.822 0.1 48.6305 324.217 0.1 95.1262 333.24 0.1 19.8251 380.564 0.1 0 0 0 29.9144 523.088 0.1 37.3399 377.898 0.1 52.4457 445.485 0.1 59.0472 520.242 0.1 32.0727 232.487 0.1 0 0 0 12.8484 236.979 0.1 0 0 0 127
0 111 30 49.2974 241.087 0.831504 20.1085 274.592 0.772274 17.5551 276.882 0.721494 35.8576 335.948 0.364515 99.809 334.462 0.0863146 28.7566 273.332 0.686025 56.592 324.292 0.520207 99.4708 331.577 0.655496 33.0329 380.923 0.623035 58.6542 447.36 0.61402 50.1646 522.195 0.338397 42.5256 378.845 0.642973 52.4797 444.868 0.703629 52.2942 515.35 0.716121 41.3496 233.037 0.784201 0 0 0 22.2068 237.284 0.840685 0 0 0 0
0 111 31 58.1033 241.308 0.871312 26.4427 274.554 0.750573 26.3991 276.362 0.742015 45.21 334.836 0.585788 78.2842 356.52 0.135964 30.4146 272.843 0.714025 64.5536 324.366 0.541084 103.815 329.914 0.691558 46.2407 381.282 0.628272 69.6365 447.202 0.746595 70.4148 521.302 0.762562 47.7113 379.792 0.541109 52.5136 444.251 0.583707 45.5411 510.458 0.392115 50.6266 233.586 0.71577 52.8866 232.817 0.113722 31.5652 237.59 0.727489 0 0 0 0
0 111 32 67.0228 241.312 0.842271 33.5099 274.328 0.739734 35.2431 275.842 0.658037 54.5623 333.725 0.642451 89.0359 351.139 0.561149 34.3258 272.614 0.1 72.382 324.161 0.1 109.675 328.395 0.1 57.8717 380.633 0.732023 80.6187 447.045 0.82608 84.2233 520.865 0.829676 54.4417 379.789 0.621373 54.4822 444.235 0.72184 43.7999 508.929 0.596058 59.9035 234.136 0.749672 0 0 0 40.9236 237.895 0.806317 0 0 0 0
0 111 33 75.2875 241.308 0.758333 42.3137 274.341 0.79566 44.0872 275.322 0.701838 63.9146 332.614 0.403658 99.7877 345.758 0.26368 42.8049 272.62 0.637899 81.0716 323.948 0.1 114.892 326.877 0.1 68.8583 380.852 0.697397 91.601 446.887 0.860106 98.2361 520.351 0.805092 64.4416 379.575 0.666292 62.0809 444.017 0.547597 50.1043 507.846 0.567684 68.6011 234.353 0.716053 0 0 0 49.9645 238.536 0.755789 0 0 0 0
0 111 34 83.6603 241.299 0.736868 50.4261 273.913 0.658336 52.9312 274.803 0.735425 73.267 331.503 0.533346 110.539 340.377 0.489924 50.4135 271.758 0.515256 88.9076 323.075 0.1 120.213 325.028 0.282745 80.2122 379.983 0.674905 102.583 446.73 0.788223 112.25 519.549 0.834963 73.4634 378.71 0.542222 67.3987 442.824 0.348152 47.6041 505.673 0.511094 77.8296 234.351 0.702924 0 0 0 59.3612 238.639 0.764818 0 0 0 0
0 111 35 92.571 241.072 0.790718 59.1205 273.043 0.757427 61.9637 274.151 0.731704 81.3053 330.2 0.668057 121.291 334.996 0.65108 58.8918 270.671 0.592068 97.1674 321.979 0.1 125.652 323.495 0.323153 90.8628 378.901 0.716805 114.979 446.505 0.860049 126.269 518.676 0.853114 82.5985 377.412 0.624793 73.7002 442.391 0.206904 50.632 505.671 0.214057 86.954 234.132 0.764987 0 0 0 68.7049 237.993 0.810193 0 0 0 0
0 111 36 101.275 240.844 0.757444 67.8081 271.734 0.761246 70.657 273.278 0.706245 89.5655 328.243 0.66934 134.55 327.831 0.64828 67.3679 268.936 0.59143 105.213 320.24 0.120519 131.525 321.751 0.392619 100.42 377.377 0.6786 120.857 446.283 0.820302 127.79 518.887 0.824361 91.7368 375.881 0.615357 85.6548 441.735 0.599579 61.8296 501.966 0.593481 96.0796 233.475 0.716222 0 0 0 78.0555 236.705 0.757694 0 0 0 0
0 111 37 109.964 239.543 0.768195 77.1588 270.435 0.806495 77.8342 272.404 0.815215 96.2938 327.154 0.58391 139.77 331.529 0.453571 76.2842 267.404 0.695833 113.039 318.798 0.340661 138.417 320.325 0.471713 107.379 376.726 0.67231 124.984 446.061 0.857074 129.302 518.67 0.796187 101.738 374.787 0.60331 96.0863 440.854 0.295325 75.854 500.44 0.120221 104.772 232.172 0.752214 0 0 0 86.9701 235.202 0.761322 0 0 0 0
0 111 38 118.879 238.446 0.861066 86.0856 268.92 0.745081 84.5767 271.534 0.688734 103.022 326.078 0.410283 146.073 335.445 0.512174 88.4628 265.874 0.478836 120.865 317.357 0.137063 145.309 318.898 0.310332 113.685 375.857 0.661024 130.203 444.977 0.793585 130.597 517.155 0.789407 112.389 373.271 0.526251 106.305 439.977 0.45103 90.1103 498.473 0.554693 113.48 230.86 0.811776 0 0 0 95.6688 233.695 0.767634 0 0 0 0
0 111 39 127.37 237.372 0.766639 95.0046 268.057 0.751507 92.8376 271.102 0.779796 110.192 326.073 0.552608 150.42 340.879 0.531322 98.686 264.798 0.57611 128.692 315.915 0.150153 152.201 317.472 0.403037 120.212 374.99 0.661507 134.762 443.672 0.688652 130.82 516.07 0.697871 121.519 371.756 0.603046 119.783 438.025 0.475661 107.183 495.21 0.263259 122.17 230.202 0.769439 0 0 0 104.361 232.403 0.765442 0 0 0 0
0 111 40 134.555 235.859 0.850965 103.914 266.761 0.722546 100.234 270.661 0.707453 116.064 325.865 0.461403 152.384 346.96 0.573805 109.345 263.487 0.602065 136.518 314.474 0.106476 159.093 316.045 0.216471 126.084 373.912 0.643842 140.199 441.932 0.668536 130.82 515.198 0.734032 130.859 370.242 0.552239 128.914 437.806 0.548447 119.57 501.728 0.456056 129.775 228.905 0.841921 132.965 226.922 0.0872322 112.175 231.311 0.766821 0 0 0 0
0 111 41 142.818 234.763 0.818789 112.603 266.537 0.647054 107.834 270.652 0.708665 121.285 326.724 0.377134 154.99 353.492 0.29918 119.566 262.624 0.462154 0 0 0 0 0 0 131.741 373.912 0.643629 147.156 439.752 0.639401 139.514 512.155 0.637734 139.55 369.372 0.490036 139.348 436.728 0.454389 129.997 502.166 0.554817 137.388 228.245 0.856458 0 0 0 120.22 230.45 0.822242 0 0 0 0
0 111 42 150.653 233.897 0.804225 119.998 266.31 0.693381 116.752 270.65 0.715656 128.893 326.947 0.451104 159.331 360.014 0.344612 125.654 261.754 0.543776 152.612 305.172 0.0719653 0 0 0 138.913 373.909 0.617617 154.335 437.797 0.468821 149.523 509.112 0.559308 144.768 369.809 0.499195 143.909 436.514 0.370501 129.994 502.381 0.529633 145.645 227.587 0.892602 0 0 0 128.468 229.372 0.833107 0 0 0 0
0 111 43 158.906 233.25 0.795193 128.461 266.301 0.677817 124.798 270.649 0.77488 135.85 328.252 0.691743 163.033 366.766 0.680381 133.041 261.321 0.576661 0 0 0 0 0 0 145.869 374.559 0.652588 162.815 436.268 0.593451 161.052 506.063 0.710019 150.86 370.461 0.543145 149.785 437.595 0.585494 137.379 504.332 0.66106 153.045 227.155 0.827319 0 0 0 135.877 228.722 0.850573 0 0 0 0
0 111 44 166.308 232.822 0.835364 135.65 266.519 0.699785 133.5 271.079 0.751977 144.764 329.56 0.675805 168.252 373.937 0.585529 138.912 261.109 0.523466 0 0 0 0 0 0 153.693 375.425 0.661398 172.371 434.761 0.5645 173.445 503.231 0.564178 156.082 371.756 0.528612 153.923 438.037 0.538233 137.6 504.551 0.509345 161.082 226.937 0.825619 0 0 0 143.705 228.29 0.822254 0 0 0 0
0 111 45 174.571 232.822 0.752199 143.693 267.38 0.723815 141.545 271.525 0.783714 152.603 331.515 0.755234 172.599 381.101 0.668475 145.87 261.747 0.557419 0 0 0 0 0 0 161.305 376.726 0.670371 181.938 433.471 0.538133 185.852 500.626 0.578589 162.607 373.273 0.566647 158.919 438.909 0.546292 140.865 506.943 0.562668 168.912 226.937 0.830853 0 0 0 151.314 228.497 0.851041 0 0 0 0
0 111 46 181.972 233.468 0.806227 151.304 267.805 0.699208 148.941 271.748 0.788788 159.343 333.034 0.705703 178.688 383.062 0.738224 154.998 261.969 0.527581 0 0 0 0 0 0 169.561 376.94 0.656262 192.379 432.391 0.753742 198.902 498.223 0.743159 170.65 373.49 0.553394 165.662 439.557 0.719121 142.603 506.722 0.800734 176.742 226.945 0.882826 0 0 0 159.353 228.701 0.838963 0 0 0 0
0 111 47 190.011 234.112 0.809758 159.77 268.666 0.703648 157.421 272.192 0.777734 166.52 334.758 0.748505 184.778 384.584 0.745226 162.172 262.185 0.566078 0 0 0 0 0 0 178.468 377.372 0.64715 201.727 431.958 0.787364 211.735 496.692 0.787743 179.345 373.704 0.546715 175.217 439.126 0.803668 144.771 506.293 0.822097 184.344 226.965 0.886091 0 0 0 166.962 228.925 0.871423 0 0 0 0
0 111 48 197.624 234.112 0.81136 167.811 268.665 0.731944 165.028 272.187 0.782824 174.789 334.762 0.750835 193.04 384.372 0.719738 171.077 262.396 0.525593 0 0 0 0 0 0 187.16 377.804 0.674299 211.08 432.608 0.748797 216.3 494.959 0.844184 188.475 373.917 0.593449 183.695 439.773 0.795978 155.42 506.078 0.829405 192.383 226.964 0.864096 0 0 0 175.011 228.924 0.857446 0 0 0 0
0 111 49 206.305 234.759 0.83724 176.29 268.446 0.713811 173.278 271.969 0.785619 182.394 334.757 0.775144 201.079 384.163 0.768598 179.989 262.185 0.580883 0 0 0 0 0 0 195.643 377.582 0.681535 219.782 432.388 0.754118 229.995 492.572 0.842081 197.821 373.903 0.583953 192.394 439.77 0.777056 163.673 506.075 0.804554 200.859 227.178 0.811222 0 0 0 183.274 228.928 0.836143 0 0 0 0
0 111 50 213.92 234.338 0.760967 183.912 266.942 0.695882 180.463 270.673 0.792242 190.87 333.683 0.76515 209.558 383.281 0.826394 188.897 261.319 0.564816 0 0 0 0 0 0 204.117 376.722 0.651853 227.176 432.401 0.731294 234.992 492.349 0.796631 207.178 373.25 0.542547 202.39 439.121 0.768078 177.162 503.903 0.849127 209.326 226.958 0.805681 0 0 0 191.535 228.487 0.814955 0 0 0 0
0 111 51 222.172 233.681 0.755576 192.177 265.64 0.736702 188.276 269.163 0.770059 198.698 332.374 0.761849 217.825 381.973 0.762792 198.024 260.454 0.546206 0 0 0 0 0 0 212.37 375.638 0.659196 234.129 432.397 0.481061 238.47 491.921 0.473961 216.963 372.371 0.57589 212.394 437.813 0.551195 190.858 501.292 0.461427 217.154 226.52 0.773791 0 0 0 199.152 228.038 0.808725 0 0 0 0
0 111 52 230.011 232.812 0.718973 200.228 264.35 0.688052 196.096 267.861 0.780726 207.178 330.855 0.760693 227.389 380.446 0.799673 206.73 260.012 0.637978 0 0 0 0 0 0 220.204 374.561 0.658282 239.794 432.191 0.608135 239.994 491.277 0.682671 226.306 371.502 0.589573 222.823 436.075 0.573801 203.035 497.814 0.696903 225.633 225.867 0.805798 0 0 0 207.629 227.378 0.818893 0 0 0 0
0 111 53 238.268 231.935 0.763722 208.701 263.048 0.684654 203.692 266.347 0.74733 214.575 329.327 0.693555 235.657 378.708 0.722986 216.511 259.146 0.542327 0 0 0 0 0 0 227.82 372.827 0.691955 245.658 431.527 0.60254 240.009 489.551 0.334187 236.303 369.543 0.559831 233.905 432.807 0.584972 215.43 493.69 0.527582 233.467 225.209 0.803187 0 0 0 215.456 226.72 0.852631 0 0 0 0
0 111 54 245.449 230.409 0.751844 216.106 261.536 0.699059 211.511 264.818 0.778613 222.389 327.381 0.641528 243.702 376.755 0.606393 225.201 258.064 0.629609 250.432 315.003 0.0527101 0 0 0 234.996 370.868 0.673186 251.096 430.648 0.720009 241.739 488.678 0.202018 245.21 366.73 0.57573 244.336 429.335 0.539115 229.115 490.217 0.621976 241.08 223.481 0.779908 0 0 0 223.704 225.42 0.839407 0 0 0 0
0 111 55 253.486 229.1 0.749806 223.925 260.013 0.729501 218.469 263.081 0.763631 229.784 325.427 0.662545 251.526 374.798 0.621145 232.596 256.76 0.619613 0 0 0 0 0 0 241.733 369.343 0.707048 254.787 429.994 0.688333 241.955 488.47 0.400745 252.822 364.994 0.588177 253.033 426.522 0.623726 241.293 487.394 0.309669 248.683 222.174 0.712661 0 0 0 231.106 224.333 0.814465 0 0 0 0
0 111 56 260.876 227.58 0.780508 230.883 258.488 0.731105 225.851 261.55 0.803179 238.052 323.47 0.658808 259.577 372.848 0.604636 238.897 255.456 0.659969 266.067 318.861 0.0554626 275.911 375.612 0.140326 248.696 368.034 0.660684 262.178 429.554 0.542486 248.256 488.261 0.486381 258.472 364.122 0.599217 258.035 425.857 0.502019 252.798 486.095 0.419832 256.718 220.857 0.793884 0 0 0 239.146 223.24 0.883756 0 0 0 0
0 111 57 268.48 226.925 0.812681 237.841 257.615 0.751036 233.569 260.243 0.764986 245.441 321.944 0.697315 267.079 371.326 0.656254 245.205 254.796 0.628941 0 0 0 0 0 0 255.651 366.734 0.696811 271.956 427.818 0.577689 264.78 487.821 0.628792 263.696 363.464 0.550173 261.502 425.197 0.380035 252.797 485.876 0.441517 263.896 219.993 0.770091 0 0 0 246.325 222.805 0.844321 0 0 0 0
0 111 58 275.658 225.846 0.688489 244.802 257.184 0.744944 240.748 259.153 0.808727 252.622 320.429 0.690359 274.683 369.81 0.718628 251.943 254.581 0.601919 0 0 0 0 0 0 262.605 366.516 0.679444 280.655 427.163 0.652878 274.565 487.598 0.666345 268.914 363.252 0.579989 264.766 424.985 0.532202 252.591 485.666 0.571287 271.496 219.124 0.692402 0 0 0 254.15 222.368 0.782177 0 0 0 0
0 111 59 283.259 225.626 0.795982 251.974 256.966 0.692359 247.925 258.713 0.827771 259.357 319.558 0.719996 281.424 368.51 0.679219 258.686 254.565 0.580435 0 0 0 0 0 0 268.91 366.297 0.667065 288.919 426.291 0.671286 285.659 487.392 0.720989 273.914 363.253 0.553321 266.943 425.196 0.396372 253.015 485.661 0.361681 278.47 218.696 0.794193 0 0 0 261.322 222.361 0.816467 0 0 0 0
0 111 60 290.644 225.625 0.826652 258.715 256.956 0.72812 255.761 258.709 0.776616 267.609 319.117 0.655621 288.823 367.862 0.62075 262.823 254.343 0.521156 0 0 0 0 0 0 275.659 366.088 0.642706 297.408 425.42 0.324254 298.052 486.958 0.334662 278.476 363.252 0.59958 275.856 424.111 0.577236 265.195 485.226 0.622283 286.079 218.698 0.801076 0 0 0 269.352 222.378 0.777892 0 0 0 0
0 111 61 298.029 225.639 0.806658 265.028 256.941 0.66537 263.587 258.499 0.1 274.564 318.89 0.1 294.69 367.86 0.1 268.034 254.116 0.520979 0 0 0 0 0 0 282.831 366.076 0.681762 306.315 424.549 0.636097 311.106 487.174 0.635729 283.478 363.245 0.546463 279.334 424.121 0.646306 266.724 486.308 0.758527 293.248 219.124 0.825236 0 0 0 276.735 222.4 0.88031 0 0 0 0
0 111 62 305.195 225.647 0.843388 271.983 256.934 0.740709 271.412 258.283 0.749166 281.945 318.457 0.674783 301.866 367.647 0.706051 272.599 254.107 0.486961 0 0 0 0 0 0 290.003 366.073 0.705188 315.232 423.683 0.754807 325.225 488.677 0.75158 288.257 363.466 0.547911 282.38 425.212 0.81066 268.245 487.815 0.853759 300.419 219.349 0.810806 0 0 0 284.125 222.826 0.834239 0 0 0 0
0 111 63 313.23 225.883 0.85056 279.8 257.142 0.736181 279.674 258.282 0.73736 289.56 317.581 0.567312 310.775 365.69 0.479942 278.042 254.324 0.568662 0 0 0 0 0 0 298.474 366.076 0.685376 324.574 423.47 0.719335 337.84 489.325 0.804993 293.036 364.33 0.561736 285.872 426.073 0.784012 268.26 488.679 0.842023 308.025 220.64 0.876492 0 0 0 291.528 223.686 0.881065 0 0 0 0
0 111 64 320.62 226.109 0.780018 287.42 257.37 0.764831 288.584 258.708 0.73998 297.608 317.144 0.632358 319.04 364.165 0.532674 284.995 254.976 0.659423 0 0 0 0 0 0 306.953 365.646 0.712765 336.533 421.962 0.399311 351.751 489.314 0.514856 298.906 364.11 0.555439 292.396 425.201 0.461705 269.772 488.24 0.341651 315.85 221.719 0.768378 0 0 0 299.778 224.557 0.812988 0 0 0 0
0 111 65 328.451 226.556 0.676742 295.465 257.809 0.703969 298.375 259.365 0.73514 308.252 316.499 0.659151 329.024 362.424 0.56563 291.515 255.846 0.568759 0 0 0 0 0 0 315.646 364.782 0.667713 345.012 420.668 0.744939 359.574 489.526 0.799671 304.996 363.03 0.592641 300.433 423.463 0.779978 271.741 486.709 0.841337 323.251 222.814 0.74753 0 0 0 307.391 225.43 0.822829 0 0 0 0
0 111 66 336.067 226.994 0.721939 303.501 258.028 0.732074 307.613 259.591 0.713048 316.946 316.064 0.585296 337.826 361.545 0.480681 297.389 256.07 0.528472 0 0 0 0 0 0 323.914 363.698 0.668169 351.311 419.579 0.58397 365.881 489.525 0.716964 312.601 361.95 0.527365 309.789 420.867 0.510147 275.216 484.535 0.727109 331.296 223.475 0.6471 0 0 0 315.857 225.87 0.742334 0 0 0 0
0 111 67 344.116 227.216 0.572028 311.321 258.24 0.648203 316.742 259.816 0.64225 326.076 316.054 0.388691 346.086 361.32 0.23499 303.044 256.28 0.515407 0 0 0 0 0 0 332.607 362.834 0.663629 356.087 418.716 0.70829 360.669 486.702 0.818824 320.216 360.868 0.601329 321.733 419.994 0.670548 289.117 484.529 0.764012 338.911 224.123 0.608357 0 0 0 323.688 226.298 0.777339 0 0 0 0
0 111 68 351.731 227.65 0.740562 319.15 258.443 0.710982 325.646 259.825 0.668149 334.771 316.055 0.471466 354.124 361.54 0.315483 308.701 256.075 0.494503 0 0 0 0 0 0 340.872 361.741 0.654568 361.946 418.277 0.759549 363.7 486.909 0.802286 328.688 359.357 0.518113 331.732 418.043 0.618984 294.997 481.496 0.709472 347.157 224.567 0.684454 0 0 0 332.16 226.526 0.764903 0 0 0 0
0 111 69 359.347 228.09 0.690996 326.763 258.242 0.73221 334.11 259.61 0.70424 342.393 315.841 0.568782 361.943 361.315 0.34579 316.955 256.078 0.677329 0 0 0 0 0 0 348.915 360.429 0.676608 367.374 417.631 0.72073 365.003 486.908 0.81458 336.521 357.842 0.615939 336.944 417.39 0.646143 296.515 481.709 0.732742 354.767 224.995 0.765825 0 0 0 339.779 226.733 0.84766 0 0 0 0
0 111 70 366.952 228.087 0.78609 335.015 258.022 0.760454 342.371 259.592 0.684894 351.081 315.417 0.402571 370.643 360.661 0.370024 324.127 255.432 0.605931 0 0 0 0 0 0 356.742 359.135 0.632153 373.461 417.195 0.612288 366.081 486.479 0.701089 344.777 356.539 0.523293 348.035 415.65 0.472497 309.115 479.972 0.418594 362.594 224.99 0.789386 0 0 0 347.608 226.716 0.808079 0 0 0 0
0 111 71 374.563 228.094 0.738203 342.405 257.803 0.755785 350.851 259.584 0.719758 359.779 314.983 0.632529 378.472 360.218 0.591647 331.515 254.996 0.68389 0 0 0 0 0 0 364.562 357.84 0.666857 378.458 416.766 0.553017 367.165 486.265 0.62089 352.819 355.239 0.541712 359.771 414.339 0.633722 322.158 478.022 0.669019 370.427 225.193 0.762694 0 0 0 355.653 226.501 0.84878 0 0 0 0
0 111 72 381.957 228.096 0.722662 349.576 257.374 0.721059 358.678 259.576 0.680528 368.685 315.423 0.634926 385.642 361.74 0.708639 338.251 254.126 0.493872 0 0 0 0 0 0 371.307 356.97 0.634112 383.245 416.115 0.755351 368.029 485.833 0.796496 360.213 353.943 0.519708 370.635 413.255 0.608007 336.062 476.936 0.63904 378.25 225.188 0.722589 0 0 0 363.69 226.283 0.814776 0 0 0 0
0 111 73 389.137 228.097 0.694099 356.519 256.931 0.693703 366.065 259.146 0.729557 376.301 315.209 0.654935 393.462 362.819 0.678546 344.125 253.035 0.592654 0 0 0 0 0 0 377.609 356.103 0.642028 386.731 416.112 0.634302 368.468 485.408 0.428808 367.595 353.291 0.568973 381.504 413.033 0.534395 352.158 474.982 0.399082 385.638 224.981 0.76639 0 0 0 370.873 225.853 0.798512 0 0 0 0
0 111 74 396.307 227.886 0.792464 363.472 256.285 0.723744 371.498 258.488 0.736333 380.866 315.638 0.624985 398.901 364.337 0.606481 352.392 251.949 0.558868 0 0 0 0 0 0 383.041 355.89 0.660695 389.349 416.544 0.583912 368.903 485.195 0.534132 376.072 353.078 0.509878 392.594 413.036 0.429664 369.769 474.114 0.372842 392.81 224.969 0.744226 397.134 223.024 0.10667 378.046 225.628 0.743706 0 0 0 0
0 111 75 403.263 227.667 0.6858 370.224 256.06 0.743304 377.148 258.259 0.754027 387.386 315.856 0.646197 405.42 365.205 0.673156 360.65 251.509 0.584087 0 0 0 0 0 0 389.12 356.751 0.666626 391.745 417.839 0.671484 369.121 485.189 0.704964 383.681 353.507 0.559737 403.034 413.908 0.531152 388.033 474.549 0.452663 399.771 224.744 0.736828 0 0 0 385.007 225.395 0.822968 0 0 0 0
0 111 76 409.563 227.668 0.693328 377.185 255.848 0.72988 382.155 258.036 0.760938 393.477 315.431 0.680118 412.811 365.209 0.706489 370.214 251.298 0.646262 0 0 0 0 0 0 394.554 357.178 0.700699 396.745 418.489 0.64022 378.904 487.794 0.67536 392.378 353.505 0.58522 411.519 413.04 0.47388 397.181 472.165 0.466562 406.304 224.743 0.723564 0 0 0 391.75 225.184 0.804564 0 0 0 0
0 111 77 416.508 227.664 0.647887 384.135 255.849 0.718969 388.137 258.138 0.739084 400.224 315.432 0.663659 420.856 365.318 0.638061 378.473 251.504 0.586572 0 0 0 0 0 0 401.726 358.267 0.680183 405.886 418.278 0.632226 389.786 485.627 0.726879 398.903 355.014 0.560278 416.958 414.555 0.505539 405.227 475.194 0.539653 413.043 224.74 0.679001 0 0 0 398.278 225.173 0.797201 0 0 0 0
0 111 78 423.249 227.66 0.749995 391.307 256.059 0.680498 393.795 258.351 0.786451 406.959 315.657 0.685007 428.683 365.543 0.730106 387.168 251.722 0.564017 0 0 0 0 0 0 409.113 359.791 0.653637 416.326 419.141 0.668842 402.617 484.544 0.750214 406.505 356.535 0.52906 421.096 416.081 0.394632 405.873 475.63 0.474402 419.794 224.541 0.794807 0 0 0 405.231 225.171 0.820111 0 0 0 0
0 111 79 430.2 227.878 0.700182 398.271 256.283 0.750417 399.671 258.571 0.787786 413.927 316.091 0.720814 437.155 365.977 0.696885 396.519 252.384 0.51693 0 0 0 0 0 0 416.283 360.875 0.687368 425.23 420.007 0.684727 414.792 483.674 0.769408 413.68 357.837 0.547128 425.441 417.806 0.51591 407.614 476.717 0.498296 426.75 224.76 0.674088 0 0 0 412.4 225.395 0.810518 0 0 0 0
0 111 80 436.943 228.31 0.645221 405.881 256.502 0.727504 405.113 258.575 0.830325 420.456 316.303 0.728163 445.408 366.198 0.713867 406.088 252.829 0.610025 0 0 0 0 0 0 423.242 361.957 0.704469 434.366 420.442 0.727824 426.752 482.166 0.816445 422.161 358.92 0.583893 429.573 419.332 0.391369 408.704 478.459 0.348039 433.701 224.985 0.695391 0 0 0 419.147 225.62 0.836462 0 0 0 0
0 111 81 444.105 228.733 0.758479 413.485 256.93 0.749451 410.988 258.585 0.1 426.761 316.51 0.1 453.238 366.407 0.1 416.307 253.706 0.551512 0 0 0 0 0 0 430.189 362.604 0.680145 440.884 420.657 0.762833 430.013 480.001 0.724572 432.161 359.136 0.596814 438.062 419.343 0.818022 420.225 478.251 0.846345 440.661 225.205 0.750571 0 0 0 426.106 225.85 0.827838 0 0 0 0
0 111 82 450.855 229.166 0.619547 420.886 257.363 0.727183 417.079 258.791 0.76639 433.496 315.865 0.786148 461.5 366.628 0.796594 426.08 254.802 0.608756 446.03 314.998 0.0577501 0 0 0 437.579 363.687 0.67802 450.004 421.304 0.728311 441.971 478.914 0.674833 441.302 359.569 0.564157 444.151 419.995 0.780287 428.706 479.766 0.799015 447.616 225.632 0.688397 0 0 0 433.274 226.279 0.816985 0 0 0 0
0 111 83 457.6 229.376 0.667059 428.494 257.788 0.783405 423.815 258.798 0.79527 441.107 315.649 0.770443 470.424 366.413 0.743417 435.208 255.669 0.615211 459.677 316.902 0.087494 475.528 367.807 0.093538 445.409 364.547 0.686598 459.132 421.738 0.760309 446.973 475.882 0.716494 450.647 360.209 0.611109 450.453 421.086 0.842169 434.787 480.645 0.761104 454.572 225.643 0.689421 0 0 0 440.66 226.491 0.802222 0 0 0 0
0 111 84 464.558 229.589 0.674111 435.887 257.8 0.751994 430.556 258.798 0.848071 448.931 315.218 0.644989 479.556 365.764 0.605319 444.126 256.106 0.684474 465.063 315 0.101392 489.088 367.874 0.159776 452.589 364.115 0.675452 469.351 420.451 0.707634 452.849 472.632 0.761814 459.127 359.776 0.577521 456.322 421.732 0.72116 438.919 480.865 0.72148 461.527 225.861 0.750935 0 0 0 447.61 226.508 0.829925 0 0 0 0
0 111 85 472.168 229.586 0.729037 443.496 257.786 0.78115 438.374 258.58 0.833416 457.183 314.781 0.664697 488.252 364.462 0.604565 451.299 255.889 0.673008 472.881 311.085 0.109339 490.076 337.52 0.1 459.769 363.246 0.721938 479.351 419.582 0.762623 458.286 469.593 0.720148 466.078 359.342 0.628461 461.975 421.949 0.724171 441.088 481.514 0.755004 468.913 225.861 0.742741 0 0 0 454.999 226.504 0.801657 0 0 0 0
0 111 86 479.341 229.372 0.665064 450.679 257.352 0.754626 445.865 258.244 0.854004 465.006 314.123 0.607536 496.948 363.262 0.473397 459.775 255.246 0.692417 480.699 307.171 0.163542 491.064 307.166 0.203397 466.294 362.154 0.690113 483.699 420.013 0.6166 454.58 468.513 0.612733 474.991 357.823 0.569639 473.489 420.656 0.315484 452.171 478.699 0.259314 476.299 225.844 0.733329 0 0 0 462.384 226.078 0.820096 0 0 0 0
0 111 87 486.086 228.946 0.57128 457.632 256.909 0.746035 453.477 257.805 0.797217 473.482 313.678 0.72432 505.647 362.388 0.728137 465.434 254.159 0.571297 491.089 316.902 0.0716536 508.585 365.951 0.0778892 473.47 360.849 0.739459 489.995 419.148 0.710721 456.972 468.075 0.625576 480.861 356.312 0.577211 482.402 419.135 0.560138 464.128 476.308 0.605278 483.248 225.826 0.614023 0 0 0 469.337 225.655 0.763069 0 0 0 0
0 111 88 493.059 228.728 0.672423 464.583 256.26 0.747745 461.091 257.369 0.836476 481.303 313.242 0.719871 513.691 361.301 0.734752 470.219 252.856 0.6758 495.018 311.087 0.0841686 0 0 0 480.218 359.758 0.715501 496.095 418.063 0.709732 460.45 467.859 0.706909 486.09 354.802 0.619007 490.016 417.415 0.516659 475.866 475.007 0.549843 490.424 225.607 0.637181 0 0 0 476.502 225.223 0.751933 0 0 0 0
0 111 89 500.236 228.286 0.657495 470.896 255.609 0.690437 469.562 257.155 0.807168 489.777 313.458 0.756225 522.165 360.003 0.788206 475.001 251.547 0.550387 502.78 314.956 0.09838 0 0 0 486.74 358.455 0.724269 504.794 416.538 0.725708 466.536 466.764 0.725457 489.559 353.505 0.594357 497.614 415.462 0.56518 487.602 473.692 0.706209 497.386 225.174 0.669752 0 0 0 483.459 224.79 0.810479 0 0 0 0
0 111 90 507.203 227.85 0.710767 477.632 254.964 0.718598 477.381 256.942 0.811043 497.398 313.461 0.709557 530.858 358.917 0.730459 479.138 250.236 0.601365 508.656 311.079 0.0845578 0 0 0 493.488 357.594 0.738072 516.965 415.668 0.626828 480.884 466.629 0.402142 492.168 353.28 0.627209 500.864 415.225 0.313911 488.041 473.675 0.158619 504.556 224.743 0.667912 0 0 0 490.414 224.354 0.734186 0 0 0 0
0 111 91 514.584 227.416 0.689832 483.938 254.53 0.67967 485.204 256.942 0.744449 506.079 314.752 0.771072 538.896 358.48 0.828259 482.847 248.931 0.596802 0 0 0 0 0 0 499.798 356.515 0.738154 525.666 414.577 0.654399 486.1 465.497 0.313496 494.555 352.842 0.650215 503.902 414.576 0.819847 488.039 473.469 0.72937 511.522 224.517 0.699033 0 0 0 497.161 224.127 0.789105 0 0 0 0
0 111 92 522.179 227.189 0.757989 489.813 253.88 0.737863 492.38 256.711 0.790979 513.048 314.757 0.746399 546.07 357.825 0.806846 487.415 247.636 0.582249 0 0 0 0 0 0 505.448 355.649 0.730745 534.573 413.266 0.728532 497.842 466.178 0.474085 496.517 352.192 0.714359 505.862 413.485 0.825911 488.474 473.236 0.835585 519.131 224.284 0.70774 0 0 0 504.334 223.689 0.777265 0 0 0 1
0 111 93 529.354 226.984 0.720319 496.318 253.863 0.719684 499.779 256.712 0.764867 520.008 315.194 0.809479 553.67 357.179 0.876177 491.106 246.983 0.631035 0 0 0 0 0 0 511.532 355.65 0.702616 543.272 412.815 0.632953 508.273 466.958 0.142571 498.247 351.979 0.737849 507.161 412.829 0.823169 488.902 473.013 0.862785 526.311 224.275 0.731782 0 0 0 511.51 223.677 0.827312 0 0 0 1
0 111 94 536.312 227.411 0.797516 501.976 253.864 0.73381 507.383 256.934 0.779 527.402 316.068 0.777621 560.859 358.256 0.862341 495.24 246.547 0.597244 0 0 0 0 0 0 517.179 355.435 0.712313 548.924 412.593 0.669974 518.489 468.04 0.1 499.992 351.755 0.678692 508.461 412.176 0.85 489.986 472.794 0.845602 533.478 224.29 0.746387 0 0 0 518.467 223.686 0.821777 0 0 0 1
0 111 95 543.285 227.845 0.750974 508.486 254.085 0.766912 514.573 257.16 0.758652 535.225 316.934 0.793764 568.038 358.911 0.872644 499.147 246.762 0.645315 0 0 0 0 0 0 522.398 355.438 0.720598 554.576 411.933 0.539274 527.405 468.476 0.1 500.863 351.544 0.689799 509.105 411.299 0.858404 491.073 473.666 0.843615 540.448 224.309 0.786879 0 0 0 525.436 223.906 0.85516 0 0 0 1
0 111 96 551.105 229.143 0.779784 514.996 254.314 0.697474 521.963 257.602 0.757885 542.192 317.595 0.77842 575.207 359.557 0.817413 504.37 247.406 0.634838 0 0 0 0 0 0 526.531 356.303 0.695908 558.488 411.939 0.558163 528.706 468.899 0.1 504.771 351.753 0.698894 511.924 410.856 0.838417 491.084 474.533 0.831913 548.055 224.755 0.724349 0 0 0 533.049 224.347 0.790771 0 0 0 1
0 111 97 558.703 230.658 0.704696 521.516 254.965 0.775245 529.129 258.257 0.780033 548.936 318.462 0.758105 581.953 360.433 0.872552 510.665 248.697 0.672495 0 0 0 0 0 0 531.312 357.176 0.682815 562.836 411.938 0.477184 529.577 468.678 0.1 508.675 352.181 0.722371 514.978 410.842 0.794141 491.301 474.746 0.839775 555.451 225.632 0.739216 0 0 0 540.246 224.999 0.853834 0 0 0 1
0 111 98 566.732 232.391 0.642172 528.04 255.839 0.800964 536.088 259.557 0.767086 555.898 319.557 0.830667 588.922 362.171 0.864007 516.312 250.009 0.663539 0 0 0 0 0 0 536.1 358.688 0.70976 564.144 413.245 0.792265 527.616 469.758 0.38324 513.249 353.042 0.741024 517.809 411.054 0.807777 491.52 474.747 0.845918 563.489 227.152 0.692726 0 0 0 548.281 225.871 0.804766 0 0 0 1
0 111 99 574.126 234.356 0.538245 534.355 257.139 0.752839 543.919 261.289 0.736957 563.714 321.3 0.765895 595.231 364.348 0.811116 521.961 251.524 0.67317 0 0 0 0 0 0 540.454 359.989 0.713421 565.449 413.9 0.764689 526.093 470.756 0.411753 517.805 353.697 0.68418 521.286 411.063 0.799934 492.605 474.54 0.82923 570.889 229.109 0.618584 0 0 0 555.891 227.601 0.814838 0 0 0 1
0 111 100 582.175 236.311 0.49562 541.517 258.235 0.826285 551.963 262.823 0.729522 570.892 323.042 0.7831 601.758 366.311 0.916838 528.476 253.03 0.704666 0 0 0 0 0 0 545.876 361.503 0.722387 569.144 414.992 0.735405 525.013 471.882 0.228961 522.155 354.356 0.710839 524.543 411.499 0.812198 494.331 474.75 0.86227 579.353 230.857 0.534439 0 0 0 564.37 229.137 0.745552 0 0 0 1
0 111 101 590.016 239.143 0.545433 549.121 259.98 0.766713 560.661 265.003 0.693161 578.491 325.441 0.783653 608.49 368.918 0.888443 534.133 254.337 0.702199 0 0 0 0 0 0 551.095 363.023 0.71076 572.405 416.729 0.810879 524.363 472.709 0.382262 526.285 355.23 0.674381 527.589 411.724 0.802693 496.063 474.536 0.815284 587.612 233.038 0.556718 0 0 0 572.637 231.102 0.799633 0 0 0 1
0 111 102 598.703 242.178 0.633587 556.306 261.505 0.80229 569.137 267.187 0.75078 586.316 328.049 0.776051 614.156 371.95 0.910618 541.084 254.994 0.721543 0 0 0 0 0 0 555.662 363.897 0.754595 575.656 417.824 0.766694 524.796 473.236 0.354973 530.852 355.875 0.661932 530.427 411.735 0.751799 497.8 473.244 0.801618 596.513 235.218 0.610583 0 0 0 581.341 233.054 0.79205 0 0 0 1
0 111 103 607.612 244.999 0.654207 564.56 263.035 0.758559 576.755 269.358 0.744586 593.273 330.437 0.776202 620.447 374.128 0.851123 548.91 256.083 0.755071 536.083 305.301 0.0648473 0 0 0 560.45 365.196 0.732054 581.079 418.479 0.735448 525.444 473.456 0.399369 535.846 356.105 0.7106 534.12 411.95 0.763327 499.751 471.938 0.700735 605.643 237.599 0.707843 0 0 0 590.039 235.011 0.822511 0 0 0 1
0 111 104 616.295 248.036 0.610339 571.949 264.56 0.839944 585.222 272.184 0.81047 600.657 333.706 0.857839 626.522 377.601 0.877933 555.874 256.73 0.807329 0 0 0 0 0 0 565.228 366.067 0.782937 586.086 419.138 0.718301 527.186 473.015 0.289157 540.402 356.323 0.724825 538.477 411.732 0.77334 503.002 470.195 0.730044 614.34 240.635 0.653978 0 0 0 598.937 237.183 0.85906 0 0 0 1
0 111 105 624.336 250.645 0.606192 579.565 266.286 0.803321 592.837 274.998 0.771777 607.607 336.958 0.809299 631.961 380.433 0.954678 563.265 257.387 0.791709 0 0 0 0 0 0 569.795 366.279 0.753573 589.787 419.564 0.706522 529.144 471.717 0.403075 544.107 356.106 0.693213 542.833 411.089 0.718982 506.47 468.464 0.670032 622.814 243.678 0.679873 0 0 0 607.199 239.565 0.845465 0 0 0 1
0 111 106 632.377 253.473 0.644574 586.944 267.809 0.834799 600.876 277.828 0.782955 614.351 340.008 0.801518 637.824 383.473 0.894667 570.22 257.609 0.767477 0 0 0 0 0 0 573.49 366.487 0.718609 593.702 420.864 0.733865 530.665 471.065 0.202143 547.38 355.672 0.685775 547.608 410.446 0.710902 509.944 467.599 0.671517 631.072 246.501 0.673628 0 0 0 615.449 242.17 0.890946 0 0 0 1
0 111 107 639.786 256.731 0.769549 594.116 269.334 0.737651 608.263 280.22 0.727116 621.083 342.833 0.790034 643.036 386.512 0.873671 577.182 257.824 0.622808 0 0 0 0 0 0 576.754 366.492 0.690256 597.613 421.732 0.756116 534.151 469.117 0.508342 549.986 355.028 0.717506 551.743 410.232 0.650859 513.646 466.737 0.639837 638.899 249.11 0.716993 0 0 0 623.268 244.988 0.816254 0 0 0 1
0 111 108 647.608 259.777 0.797505 600.856 270.426 0.826124 614.784 282.179 0.743571 626.957 345.23 0.829519 648.036 389.116 0.886167 583.919 257.832 0.707338 0 0 0 0 0 0 579.789 366.494 0.705205 600.437 422.815 0.777291 538.28 467.164 0.346127 552.173 354.381 0.763909 555.008 410.231 0.636703 516.692 466.086 0.509476 646.943 251.723 0.75127 0 0 0 631.308 247.16 0.846083 0 0 0 1
0 111 109 654.555 263.044 0.679558 607.38 271.523 0.80556 621.304 284.348 0.73659 632.187 347.189 0.870224 652.172 391.284 0.874949 590.442 258.057 0.690136 0 0 0 0 0 0 581.544 366.063 0.757085 602.174 423.028 0.767072 543.486 465 0.303819 554.134 353.517 0.787645 558.278 410.011 0.716233 519.309 465.221 0.669392 653.902 255.193 0.728618 0 0 0 638.266 249.555 0.810184 0 0 0 1
0 111 110 660.862 266.088 0.819087 613.254 272.611 0.859298 626.741 286.955 0.774588 637.189 349.569 0.837313 656.951 393.466 0.849683 597.178 258.277 0.725102 0 0 0 0 0 0 583.074 365.414 0.761083 604.569 422.812 0.712627 548.699 463.478 0.241858 555.661 352.422 0.782089 561.537 409.795 0.7447 521.707 464.572 0.615992 660.218 258.663 0.835603 0 0 0 644.783 252.378 0.824604 0 0 0 1
0 111 111 666.516 269.779 0.856523 618.691 274.137 0.864737 631.959 289.775 0.848851 642.19 352.391 0.828815 661.942 396.737 0.929392 602.834 258.718 0.703012 562.106 289.105 0.30263 0 0 0 584.389 365.188 0.757321 606.308 423.461 0.681837 553.192 462.244 0.1834 556.756 351.55 0.754238 564.563 409.796 0.648048 523.894 465.001 0.362322 666.096 262.357 0.820799 0 0 0 650.435 255.642 0.906183 0 0 0 1
0 111 112 671.734 273.266 0.857997 623.257 275.875 0.840985 636.957 292.821 0.792909 646.974 355.214 0.860516 666.074 400.001 0.931413 607.397 259.149 0.729353 564.623 288.51 0.236486 0 0 0 585.907 365.186 0.757184 607.844 424.545 0.677043 557.831 461.305 0.166525 557.415 351.102 0.726872 566.306 410.015 0.624752 526.07 465.437 0.364415 671.527 265.841 0.782745 0 0 0 655.648 258.901 0.848759 0 0 0 1
0 111 113 676.742 276.96 0.785832 628.038 277.823 0.849016 640.883 295.434 0.762275 650.682 357.607 0.854448 669.57 402.405 0.913521 612.386 260.023 0.695737 567.14 287.915 0.261497 0 0 0 586.773 365.186 0.747846 609.357 425.633 0.704465 561.095 461.527 0.123171 558.076 350.658 0.754013 567.17 410.895 0.764517 526.949 466.309 0.465437 676.737 269.539 0.79037 0 0 0 660.226 262.168 0.866658 0 0 0 1
0 111 114 681.296 280.874 0.79678 632.374 279.568 0.842794 644.788 298.05 0.74471 654.155 359.342 0.764818 672.837 404.581 0.842951 616.949 260.893 0.734459 569.658 287.319 0.542602 573.25 318.888 0.0757706 587.203 364.974 0.767664 610.867 426.712 0.75232 564.139 461.531 0.109408 558.938 349.789 0.711505 567.81 411.98 0.765366 527.399 467.173 0.515387 681.293 273.226 0.83512 0 0 0 664.569 265.214 0.840342 0 0 0 1
0 111 115 684.787 284.351 0.826431 635.869 281.306 0.81523 647.834 300.659 0.741645 657.417 361.291 0.832164 675.447 406.752 0.865382 620.657 261.547 0.669222 572.175 286.724 0.530499 581.079 316.935 0.0546335 587.64 364.766 0.781314 612.171 426.935 0.805127 567.401 461.095 0.1 559.798 348.917 0.684358 567.806 412.84 0.73615 527.624 467.177 0.473711 684.989 276.703 0.784476 0 0 0 668.048 268.038 0.886044 0 0 0 1
0 111 116 688.041 287.409 0.895274 639.333 283.037 0.831112 650.231 303.265 0.73404 659.812 363.682 0.829225 677.837 408.923 0.860951 624.351 262.415 0.699801 575.001 286.496 0.551464 583.057 295.451 0.0644267 588.075 364.543 0.777867 613.682 427.15 0.799887 568.049 461.743 0.1 560.669 347.828 0.678015 568.029 412.834 0.794281 527.841 466.747 0.58475 688.24 279.963 0.826781 0 0 0 671.083 270.435 0.860838 0 0 0 1
0 111 117 690.435 290.653 0.758814 642.152 284.56 0.822554 652.408 305.872 0.691862 661.988 366.07 0.80674 680.447 411.323 0.791687 627.617 263.065 0.683967 576.959 286.057 0.523279 584.943 307.182 0.0838634 588.511 364.317 0.754227 614.992 427.359 0.774314 568.051 462.394 0.111741 561.54 346.949 0.652479 568.248 412.828 0.788559 527.63 466.525 0.560527 690.623 282.787 0.801357 0 0 0 673.039 272.619 0.892675 0 0 0 1
0 111 118 692.402 293.471 0.859295 644.335 286.062 0.874068 653.933 307.401 0.722054 663.72 367.596 0.812858 681.974 412.843 0.867226 630.445 263.717 0.732572 578.716 285.407 0.487781 585.072 313.026 0.0748484 588.937 363.88 0.756073 616.075 427.793 0.7982 566.536 462.832 0.11384 562.623 345.86 0.662514 568.899 412.398 0.786994 527.844 465.868 0.600506 692.585 284.755 0.90311 0 0 0 674.77 274.571 0.884138 0 0 0 1
0 111 119 694.353 295.206 0.846825 646.081 287.14 0.863899 655.445 308.279 0.724965 664.814 368.461 0.822711 682.2 413.926 0.844852 633.047 264.358 0.703238 580.669 284.324 0.587884 586.929 314.951 0.0745611 589.154 363.011 0.753872 616.717 427.799 0.81788 564.361 462.83 0.123178 563.705 344.561 0.658549 569.771 411.526 0.775972 528.279 464.995 0.610194 694.318 286.292 0.907619 0 0 0 676.072 275.872 0.88896 0 0 0 1
0 111 120 695.87 295.86 0.88379 647.605 287.569 0.852172 656.53 308.716 0.717465 665.026 368.686 0.765315 681.773 413.923 0.728581 635.005 264.571 0.69709 582.404 283.892 0.46704 586.969 313.023 0.0791459 589.581 362.15 0.739668 616.937 427.803 0.810848 560.735 462.755 0.211358 564.576 343.268 0.645527 571.728 410.216 0.77444 529.579 463.472 0.608665 695.403 287.384 0.939761 0 0 0 677.156 276.315 0.865099 0 0 0 1
0 111 121 696.312 296.296 0.876414 648.682 287.575 0.866459 657.61 308.935 0.717374 664.801 369.123 0.757306 680.47 414.144 0.697613 636.09 264.362 0.705366 583.929 283.241 0.573112 586.901 313.041 0.0803357 589.796 361.288 0.732988 617.151 427.802 0.797973 557.18 462.609 0.199289 565.65 342.186 0.641739 573.898 409.129 0.739193 530.779 462.496 0.563832 695.843 288.459 0.93999 698.452 291.532 0.0703595 678.026 276.532 0.875217 0 0 0 1
0 111 122 696.53 296.082 0.841176 649.115 287.361 0.847015 658.252 308.504 0.729837 663.282 368.9 0.81548 678.725 413.922 0.857748 636.539 263.715 0.637194 585.449 281.954 0.614633 586.93 316.879 0.0851254 590.018 360.205 0.711237 617.368 427.37 0.763966 553.924 462.389 0.208261 566.73 341.105 0.652991 575.854 408.471 0.733845 532.084 461.842 0.569496 696.059 288.238 0.930089 0 0 0 678.449 276.31 0.889417 0 0 0 1
0 111 123 696.548 295.006 0.806698 649.132 286.931 0.855386 658.035 307.854 0.724528 661.549 369.123 0.827577 676.972 414.136 0.876938 636.978 263.062 0.663507 586.108 280.881 0.535335 588.896 316.826 0.0558497 590.238 359.122 0.696722 617.374 426.722 0.746763 550.881 462.175 0.239925 567.605 340.457 0.674801 577.822 408.036 0.664717 533.82 460.978 0.481584 696.068 287.375 0.909551 0 0 0 678.449 275.863 0.905356 0 0 0 1
0 111 124 696.329 293.916 0.782085 649.117 286.274 0.871107 657.176 306.975 0.751057 659.571 368.912 0.841293 674.368 413.919 0.822927 636.982 262.628 0.672954 586.546 280.231 0.604629 588.878 316.901 0.0604651 590.237 357.812 0.691735 617.357 425.638 0.729053 548.494 461.965 0.410571 568.467 339.596 0.643671 579.992 407.602 0.548137 536.207 459.885 0.241541 696.056 286.078 0.882662 0 0 0 678.44 274.998 0.913913 0 0 0 1
0 111 125 695.887 292.18 0.806124 648.693 285.191 0.882633 656.519 305.237 0.755493 656.523 367.609 0.824932 671.323 412.4 0.74172 636.769 261.977 0.710469 586.91 278.972 0.538055 0 0 0 590.018 356.512 0.674509 616.922 424.769 0.667254 547.844 461.536 0.351235 569.128 339.157 0.609756 582.81 406.958 0.327124 538.666 459.086 0.1 695.413 284.347 0.878893 0 0 0 677.797 273.909 0.892505 0 0 0 1
0 111 126 695.442 289.364 0.859448 648.265 284.098 0.854097 655.436 302.847 0.753638 652.823 365.217 0.857403 666.763 409.788 0.800959 636.772 261.756 0.698504 587.275 277.713 0.291422 0 0 0 589.374 354.996 0.67635 615.617 423.474 0.641394 546.969 461.315 0.152052 570.002 338.508 0.605439 586.718 406.527 0.536229 541.125 458.288 0.246003 694.332 282.387 0.837235 0 0 0 676.507 271.955 0.918942 0 0 0 1
0 111 127 693.924 286.546 0.847094 647.391 283.016 0.829109 653.915 301.319 0.730961 648.903 363.687 0.871109 662.184 407.835 0.765256 636.339 261.323 0.696109 587.64 276.453 0.220398 0 0 0 588.729 353.692 0.663724 613.884 421.958 0.663644 546.472 461.249 0.119476 571.088 338.069 0.569258 591.719 405.443 0.413379 543.585 457.49 0.137549 692.606 280.217 0.815232 0 0 0 674.777 269.789 0.909035 0 0 0 1
0 111 128 691.976 284.151 0.773557 645.868 281.51 0.799072 651.743 299.358 0.735393 643.894 361.736 0.855561 656.968 405.009 0.733062 635.47 260.893 0.719819 588.005 275.194 0.375959 0 0 0 588.289 353.031 0.676832 612.152 420.444 0.687248 546.578 461.138 0.115957 573.258 338.285 0.629607 595.199 405.004 0.467319 546.044 456.692 0.168246 690.861 278.031 0.775304 0 0 0 673.041 267.618 0.90126 0 0 0 1
0 111 129 689.804 281.759 0.785842 644.345 280.212 0.755709 648.693 296.312 0.728827 638.243 357.819 0.813975 650.662 401.091 0.747141 636.335 262.412 0.650369 0 0 0 0 0 0 587.199 351.72 0.668363 610.423 418.706 0.66334 548.151 460.973 0.111313 576.73 338.71 0.514402 597.164 404.57 0.177509 0 0 0 688.686 275.417 0.832443 0 0 0 671.076 265.451 0.855432 0 0 0 1
0 111 130 687.624 279.363 0.800609 642.624 279.121 0.731809 644.57 292.619 0.720355 631.952 352.395 0.845903 644.792 396.086 0.81028 637.855 264.797 0.582085 0 0 0 0 0 0 585.679 350.42 0.68578 609.12 417.189 0.650241 549.672 460.752 0.102504 580.212 339.574 0.436713 598.914 404.139 0.145161 0 0 0 685.866 272.177 0.826062 692.869 272.51 0.100253 668.035 263.485 0.857892 0 0 0 1
0 111 131 685.01 276.752 0.820165 640.681 277.612 0.728293 640.875 289.358 0.720781 627.163 347.187 0.876382 638.485 390.871 0.760923 638.497 265.876 0.568594 0 0 0 0 0 0 584.37 349.113 0.667951 607.596 415.231 0.71265 557.928 459.011 0.1 582.178 339.577 0.411324 600.44 403.044 0.162428 0 0 0 682.614 269.344 0.825673 689.563 269.31 0.1 664.781 261.312 0.872698 0 0 0 1
0 111 132 682.177 273.695 0.824988 638.723 275.867 0.751204 639.354 285.876 0.702705 623.47 341.319 0.834552 631.323 385.65 0.822534 636.319 265.66 0.588615 0 0 0 0 0 0 583.718 348.671 0.663398 605.856 413.929 0.693567 559.225 458.572 0.1 581.958 339.57 0.409401 601.308 402.169 0.195111 0 0 0 679.364 266.513 0.76977 686.256 266.111 0.1 661.751 258.709 0.855658 0 0 0 1
0 111 133 679.128 270.44 0.865049 636.343 274.344 0.720449 636.091 282.19 0.644588 619.351 335.447 0.679964 628.061 376.524 0.726388 634.788 265.452 0.512522 0 0 0 0 0 0 583.06 348.241 0.646217 603.911 413.052 0.575669 559.651 458.391 0.1 582.184 340.214 0.454784 601.964 401.092 0.172641 0 0 0 675.893 263.899 0.762932 682.95 262.912 0.103169 658.283 255.889 0.786671 0 0 0 1
0 111 134 675.879 267.394 0.851257 633.733 273.042 0.773181 632.176 279.574 0.690447 615.009 330.662 0.681263 621.536 372.39 0.717933 634.568 265.239 0.611071 633.92 322.808 0.0915087 629.926 365.764 0.0838537 581.751 347.378 0.664872 602.389 411.967 0.629667 558.561 458.257 0.119781 583.48 340.428 0.490032 602.179 400.44 0.147959 0 0 0 672.624 261.067 0.818346 679.644 259.712 0.187899 654.375 253.28 0.855922 0 0 0 1
0 111 135 671.976 265.222 0.77832 630.697 271.312 0.69432 628.476 276.745 0.623264 611.315 324.576 0.537868 615.546 368.691 0.579914 633.473 264.815 0.443254 0 0 0 0 0 0 580.66 346.725 0.621385 601.301 410.881 0.589075 557.261 457.96 0.119181 584.557 340.858 0.448257 601.312 399.36 0.212234 614.308 414.817 0.0527654 668.711 258.463 0.823378 676.166 256.676 0.149674 650.677 251.318 0.809879 0 0 0 1
0 111 136 668.492 262.386 0.541554 628.082 270.009 0.581605 623.463 274.785 0.478426 606.323 321.099 0.215342 609.897 364.996 0.320299 633.904 264.377 0.487905 0 0 0 0 0 0 579.57 346.73 0.621545 599.99 410.875 0.475795 555.581 457.761 0.137424 586.95 341.297 0.501163 599.13 399.575 0.337801 579.14 446.093 0.0682592 665.217 255.416 0.596046 672.333 253.667 0.1 647.196 249.567 0.678938 0 0 0 1
0 111 137 664.57 258.925 0.763964 625.908 268.914 0.596968 617.816 272.614 0.536912 599.585 317.623 0.307935 602.283 361.521 0.133672 634.996 264.588 0.42989 0 0 0 0 0 0 578.268 346.517 0.616961 597.595 410.215 0.560385 553.522 457.659 0.1 588.683 342.162 0.482033 597.391 399.582 0.402668 583.049 444.16 0.0589664 660.437 252.376 0.726537 668.142 250.685 0.1 642.207 247.394 0.749854 0 0 0 1
0 111 138 659.579 256.099 0.72938 623.51 267.832 0.655334 612.822 271.741 0.633397 593.055 315.228 0.398598 594.677 358.691 0.396673 633.915 263.07 0.493849 0 0 0 0 0 0 577.192 347.387 0.648066 594.118 410.221 0.615113 550.433 458.694 0.1 588.908 343.261 0.44984 595.872 401.317 0.246589 0 0 0 655.427 249.772 0.671124 663.805 247.861 0.1 637.206 245.424 0.793994 0 0 0 0
0 111 139 654.368 253.273 0.673963 620.461 267.176 0.576387 608.472 271.508 0.528144 586.098 313.709 0.170486 586.635 356.733 0.1 632.179 261.546 0.428321 0 0 0 0 0 0 576.544 347.827 0.626897 591.289 409.995 0.606321 547.612 459.347 0.1 588.918 343.915 0.473011 594.133 402.613 0.342375 586.988 442.156 0.0535121 649.986 247.796 0.654338 658.808 245.682 0.184626 632.205 243.254 0.747758 0 0 0 0
0 111 140 648.717 250.882 0.481086 617.421 266.944 0.756493 603.902 270.417 0.733994 578.489 311.953 0.469034 578.814 354.976 0.500079 631.309 261.759 0.602669 0 0 0 0 0 0 575.459 348.69 0.683683 588.252 410.642 0.586728 538.261 461.092 0.1 590.217 345.428 0.524404 592.613 404.352 0.217243 0 0 0 644.546 245.838 0.555358 653.793 243.937 0.1 626.999 241.721 0.736621 0 0 0 0
0 111 141 642.847 248.929 0.761713 614.378 267.37 0.854295 596.508 269.985 0.808152 569.785 310.646 0.789098 571.856 352.592 0.690074 633.26 263.287 0.792645 629.152 293.496 0.113067 0 0 0 573.502 348.914 0.692582 584.776 410.855 0.59662 535.222 461.746 0.301192 593.695 347.172 0.692128 591.744 405.666 0.326157 530.248 467.621 0.091664 638.451 243.883 0.770968 647.875 242.359 0.461521 621.546 240.419 0.815669 0 0 0 0
0 111 142 636.118 247.182 0.819094 611.552 267.585 0.831452 590.843 269.116 0.882036 560.654 309.345 0.819015 560.338 353.893 0.753343 634.572 264.801 0.775036 628.714 295.935 0.1 0 0 0 571.549 349.352 0.741941 581.517 411.071 0.571555 533.267 462.14 0.293786 596.735 348.694 0.732079 591.09 407.185 0.341819 0 0 0 631.707 241.935 0.891391 641.887 241.155 0.789192 615.249 239.323 0.800854 0 0 0 0
0 111 143 629.163 245.651 0.852989 608.936 267.367 0.830585 585.194 267.601 0.864951 552.387 306.734 0.794768 551.862 350.195 0.796157 634.562 266.311 0.810278 628.275 298.374 0.1 0 0 0 569.588 349.78 0.798733 576.533 410.635 0.657711 531.968 462.271 0.361285 598.467 349.999 0.757224 589.79 408.704 0.376261 525.708 463.086 0.113876 624.748 240.633 0.901398 635.42 240.329 0.886373 609.584 238.45 0.75833 0 0 0 0
0 111 144 622.42 244.125 0.825218 606.32 267.793 0.835959 579.109 266.736 0.800332 543.898 305.869 0.834748 543.708 346.928 0.821894 634.997 267.828 0.858201 627.836 300.813 0.344904 0 0 0 567.204 349.564 0.784724 571.754 409.541 0.700739 531.759 460.841 0.311247 599.342 350.878 0.770464 588.49 409.568 0.464162 530.859 462.532 0.135821 617.795 239.54 0.891474 628.68 240.091 0.907437 603.932 238.013 0.735728 636.743 240.332 0.215374 0
0 111 145 615.237 243.468 0.870085 602.844 268.223 0.882695 573.904 265.435 0.786279 536.721 303.692 0.700465 535.668 344.538 0.594234 633.254 269.36 0.905294 627.398 303.252 0.524036 619.03 334.996 0.440203 564.813 349.565 0.729732 566.544 407.814 0.602416 530.015 461.095 0.199777 598.472 352.185 0.737524 586.973 410.871 0.567991 536.011 461.978 0.10112 610.412 239.098 0.793905 621.937 239.764 0.831486 597.193 237.583 0.746349 630.768 240.193 0.533001 0
0 111 146 608.063 243.244 0.818127 599.357 268.87 0.851743 569.555 264.346 0.785165 532.585 301.082 0.823483 529.807 342.363 0.725435 630.428 270.663 0.891913 626.533 306.079 0.52238 617.531 334.994 0.502639 562.624 349.568 0.745422 561.976 406.952 0.695352 528.273 461.534 0.232225 596.752 352.632 0.746191 586.097 412.176 0.645809 541.162 461.424 0.131281 603.453 238.448 0.79294 615.192 239.335 0.810689 591.751 237.578 0.51512 624.793 240.055 0.604428 0
0 111 147 601.319 242.603 0.892368 595.449 269.3 0.820749 564.559 263.266 0.779723 527.821 299.562 0.825262 525.238 340.63 0.813783 628.025 271.751 0.876559 626.666 307.314 0.504277 616.032 334.992 0.419033 560.219 348.923 0.775421 558.26 406.074 0.836445 526.966 461.964 0.590216 595.226 352.622 0.781987 585.657 412.392 0.826877 546.314 460.87 0.258222 596.717 238.01 0.809033 608.67 238.898 0.814136 585.89 237.587 0.58158 618.819 239.916 0.787437 0
0 111 148 594.571 242.165 0.781206 591.528 268.656 0.799359 559.347 261.98 0.793891 524.125 298.464 0.844635 521.544 338.892 0.794059 624.77 271.963 0.837924 626.734 307.817 0.528392 614.532 334.99 0.506273 556.956 348.693 0.795302 553.257 405.428 0.829107 525.656 462.831 0.546588 593.486 352.409 0.773201 585.433 412.608 0.758134 551.531 459.999 0.291903 589.982 237.146 0.744216 601.931 238.031 0.806121 580.027 237.801 0.364532 612.844 239.778 0.764875 0
0 111 149 587.192 241.724 0.900522 587.386 268.233 0.876493 553.695 261.759 0.796725 520.436 298.249 0.838976 518.285 337.814 0.810486 621.072 271.749 0.825239 626.516 307.817 0.451797 613.033 334.989 0.368788 553.473 348.697 0.831823 548.038 405.432 0.698439 524.138 464.349 0.464295 590.881 352.408 0.775808 585.213 412.825 0.662367 557.184 460.869 0.166178 583.019 236.067 0.821644 594.767 237.376 0.822911 573.821 237.909 0.385068 607.171 239.763 0.818532 0
0 111 150 580.234 241.715 0.875715 582.38 267.804 0.888592 548.261 261.323 0.801697 516.948 298.03 0.826087 514.809 336.941 0.856622 616.515 271.52 0.857961 625.857 307.384 0.603908 611.08 335.209 0.607832 549.776 348.699 0.822547 543.043 405.665 0.821244 522.831 465.876 0.587492 587.84 352.401 0.820327 584.996 413.039 0.753779 563.482 461.738 0.305948 576.064 235.855 0.813963 588.02 237.158 0.853606 567.081 238.331 0.167839 600.445 239.756 0.856427 0
0 111 151 573.492 241.507 0.828128 577.152 267.592 0.847345 542.613 261.541 0.804018 514.118 298.245 0.813076 512.41 336.721 0.874657 611.293 271.084 0.836473 624.122 306.734 0.666325 608.9 335.432 0.684509 545.222 348.7 0.80557 538.034 406.113 0.789184 520.662 467.623 0.60884 584.367 351.974 0.842246 584.562 413.043 0.837833 569.564 463.045 0.166164 569.117 235.42 0.797439 581.075 236.94 0.775214 561.194 238.767 0.294395 594.134 239.962 0.717875 0
0 111 152 566.535 241.519 0.925486 571.286 267.809 0.86935 536.753 261.981 0.837841 510.432 299.123 0.85174 509.592 337.378 0.898836 605.645 270.865 0.786736 621.3 306.51 0.687847 605.635 336.084 0.691932 541.315 349.356 0.820296 534.332 408.286 0.748602 519.13 469.577 0.632833 580.464 352.191 0.840951 584.12 413.258 0.823507 573.038 464.781 0.162822 562.169 235.844 0.826451 573.907 237.152 0.836158 554.894 239.198 0.383974 587.396 240.173 0.8084 0
0 111 153 559.149 241.513 0.893311 565.199 268.033 0.827828 530.885 262.846 0.796036 506.746 300.631 0.899897 506.556 337.597 0.892767 599.345 270.647 0.80193 618.255 306.295 0.65744 601.94 336.741 0.652048 537.611 350.876 0.8609 530.637 411.547 0.829796 516.726 473.051 0.691486 576.774 352.627 0.785805 583.032 414.132 0.853259 575.213 467.383 0.134859 555.205 235.631 0.829616 566.746 236.939 0.831366 548.15 239.199 0.1 580.653 239.959 0.813015 0
0 111 154 552.416 241.51 0.901261 559.756 267.606 0.847664 525.231 262.845 0.821579 502.838 301.064 0.808895 503.514 337.169 0.879986 593.48 270.414 0.769953 614.772 305.864 0.742728 597.597 337.823 0.674994 533.261 351.53 0.805132 527.809 413.933 0.862232 516.298 474.359 0.708901 572.858 352.624 0.793367 581.503 413.913 0.766301 578.04 466.519 0.107841 548.68 235.423 0.807706 560.233 236.939 0.814967 542.697 239.191 0.306137 574.785 239.956 0.829144 0
0 111 155 545.89 241.513 0.874126 554.098 267.387 0.861661 519.144 263.065 0.813258 498.066 302.158 0.829486 500.032 337.379 0.859571 587.824 269.976 0.817757 610.642 304.993 0.748023 592.609 338.474 0.692026 528.491 352.399 0.819705 524.993 416.747 0.860721 516.51 475.872 0.682458 569.151 352.832 0.825117 579.985 414.127 0.761734 582.164 466.733 0.113642 542.376 235.423 0.880722 553.714 236.94 0.86742 536.533 239.236 0.301249 568.689 239.954 0.865443 0
0 111 156 539.796 241.504 0.81267 548.016 266.738 0.827027 513.696 262.842 0.820224 494.144 302.159 0.827594 495.891 336.945 0.797945 581.53 269.756 0.812939 605.442 305.86 0.724946 586.53 339.996 0.65498 523.922 352.824 0.813088 522.181 419.14 0.811433 517.372 476.312 0.453665 564.799 352.621 0.769854 576.727 412.395 0.779611 581.723 464.556 0.107417 535.858 234.777 0.745115 547.197 236.933 0.774428 530.369 239.282 0.110049 562.394 240.163 0.782875 0
0 111 157 533.276 241.496 0.854049 542.589 266.738 0.877972 508.474 263.048 0.843206 489.36 302.819 0.834987 490.447 336.941 0.860239 576.09 269.546 0.815989 600.869 306.523 0.77044 580.866 341.508 0.626678 520.004 353.914 0.782565 519.795 421.534 0.777931 518.031 476.969 0.458893 560.017 353.273 0.769172 573.031 414.138 0.762838 578.898 466.515 0.122827 529.982 234.349 0.851623 541.328 236.93 0.850409 524.205 239.327 0.127357 556.952 239.956 0.858217 0
0 111 158 527.827 241.496 0.855098 537.379 266.516 0.858655 503.474 262.833 0.818459 484.351 302.824 0.786415 484.564 336.512 0.826205 570.878 269.541 0.834914 596.73 307.829 0.718633 575.438 343.035 0.594512 516.31 355.217 0.742689 517.842 423.274 0.738861 518.68 478.491 0.499742 555.888 354.146 0.802916 568.037 415.665 0.754083 574.549 468.039 0.244075 524.334 234.135 0.797189 535.031 236.504 0.810538 518.041 239.373 0.110621 551.311 239.311 0.774728 0
0 111 159 522.177 241.065 0.938091 532.815 265.868 0.827014 498.695 262.186 0.817073 479.354 302.396 0.84527 478.036 335.859 0.853746 566.093 269.331 0.822159 592.597 308.478 0.786653 570.433 343.902 0.74884 512.397 356.302 0.774554 516.101 424.785 0.776755 519.333 479.139 0.519491 551.963 354.805 0.812272 561.52 417.189 0.742854 568.463 470.646 0.136355 518.682 233.057 0.818084 529.381 235.634 0.834107 0 0 0 546.3 238.452 0.821669 0
0 111 160 516.736 240.844 0.864442 527.827 265.225 0.879022 494.125 261.746 0.889475 473.711 302.405 0.778213 471.085 335.432 0.819547 561.095 269.331 0.791661 588.028 309.994 0.780899 564.352 345.63 0.653014 508.912 357.6 0.841285 514.378 426.08 0.706357 520.414 479.349 0.350296 547.399 355.885 0.766253 554.778 418.698 0.595576 561.722 472.823 0.383656 513.472 232.412 0.815409 523.948 235.199 0.829062 0 0 0 541.092 238.028 0.820726 0
0 111 161 511.733 240.61 0.85057 523.693 265.439 0.874479 490.204 261.747 0.841827 468.493 302.831 0.757901 463.901 336.088 0.852677 556.541 269.555 0.822113 584.325 311.729 0.75578 559.136 347.156 0.682325 505.437 358.902 0.772983 512.85 426.521 0.807518 520.204 480.218 0.432271 543.262 357.19 0.753931 547.61 420.437 0.714254 555.635 478.693 0.1533 508.684 231.122 0.791807 519.38 234.551 0.775065 0 0 0 537.163 237.809 0.772067 0
0 111 162 507.61 240.401 0.832432 519.78 265.439 0.853268 486.503 261.536 0.830704 463.278 302.848 0.875677 456.723 337.182 0.814833 552.41 269.759 0.829111 580.627 313.032 0.770383 554.145 348.471 0.785356 502.164 359.769 0.741907 511.318 426.529 0.794915 520.641 480.216 0.383634 539.55 358.057 0.775691 540.005 421.945 0.746063 548.901 483.911 0.144768 504.992 230.689 0.697298 515.673 234.344 0.752902 0 0 0 533.041 237.808 0.743295 0
0 111 163 503.259 240.399 0.815649 515.66 266.078 0.827494 483.021 261.97 0.841887 458.496 303.08 0.793903 449.544 338.691 0.795696 548.061 269.991 0.778835 576.498 314.77 0.757954 549.787 349.775 0.775248 499.332 361.068 0.737821 508.928 427.398 0.78387 520.64 480.647 0.397533 535.85 359.574 0.765677 531.752 423.684 0.801291 541.505 487.17 0.327338 500.86 230.475 0.773652 510.887 234.346 0.835997 0 0 0 528.266 237.814 0.768887 0
0 111 164 498.262 240.395 0.824744 511.313 266.73 0.89431 479.323 263.051 0.902226 454.146 303.724 0.808491 442.799 340.216 0.854535 543.493 270.44 0.796485 572.582 317.166 0.77929 544.786 352.378 0.771493 495.859 362.379 0.793627 506.969 428.053 0.631567 519.558 481.303 0.361079 531.503 361.107 0.751988 523.274 425.423 0.834774 529.992 491.959 0.396913 496.297 230.476 0.705754 506.315 234.56 0.761274 0 0 0 523.911 238.035 0.769938 0
0 111 165 493.49 240.62 0.860816 507.615 268.032 0.908822 475.641 264.579 0.840311 449.159 305.887 0.86665 436.286 342.395 0.845536 539.368 271.308 0.854525 569.086 318.909 0.857499 540.877 354.334 0.821081 492.603 364.349 0.793867 505.663 428.702 0.600201 519.34 481.309 0.397368 527.382 363.49 0.784418 516.09 429.113 0.727557 519.997 499.134 0.394015 492.171 231.548 0.716166 501.529 235.002 0.756924 0 0 0 519.982 238.266 0.813169 0
0 111 166 488.712 240.851 0.761857 503.912 269.332 0.85475 471.95 265.895 0.816412 445.232 307.397 0.884805 430.868 344.141 0.881793 535.453 272.391 0.82266 564.529 321.29 0.816709 537.405 356.298 0.797386 489.34 366.09 0.75845 504.358 429.138 0.510996 519.114 483.048 0.346213 523.687 365.017 0.770179 508.702 429.987 0.817309 511.295 503.265 0.395444 487.608 232.629 0.693949 496.742 235.872 0.704226 493.102 230.889 0.120229 515.425 238.923 0.71055 0
0 111 167 484.37 241.299 0.788339 499.561 270.86 0.840834 468.039 267.85 0.799989 441.325 308.92 0.864125 426.093 345.88 0.838709 530.673 273.488 0.805501 559.957 323.455 0.778621 533.486 358.253 0.754549 486.078 367.614 0.728409 502.613 429.79 0.473971 516.291 483.263 0.36578 519.982 366.326 0.745456 501.961 431.076 0.78937 503.688 506.09 0.420849 483.262 233.925 0.535277 493.039 237.165 0.794541 0 0 0 511.294 240.232 0.802561 0
0 111 168 479.81 241.96 0.853527 495.213 272.817 0.894682 464.128 270.233 0.866254 437.201 311.311 0.792312 422.173 348.283 0.803289 525.896 275.009 0.823444 554.956 325.413 0.824488 528.93 360.432 0.741646 483.037 369.136 0.72857 500.865 430.66 0.44566 513.466 484.569 0.276665 515.646 368.059 0.722801 496.314 432.372 0.892527 498.255 507.397 0.758197 479.351 235.436 0.527041 489.125 238.682 0.742752 0 0 0 507.387 242.187 0.820849 0
0 111 169 475.907 242.831 0.849793 491.517 274.771 0.895703 460.442 271.978 0.893232 433.72 313.044 0.871709 418.9 350.24 0.90313 522.189 276.966 0.818244 550.393 327.589 0.81069 525.013 362.388 0.729213 479.552 370.442 0.719549 498.459 431.961 0.430865 511.073 486.085 0.187621 511.728 369.793 0.74648 490.878 434.107 0.847195 492.172 509.567 0.76355 475.657 236.955 0.68031 484.993 239.778 0.803924 0 0 0 503.69 243.711 0.811389 0
0 111 170 472.196 243.715 0.832486 487.609 276.512 0.859024 456.531 273.713 0.849421 430.672 314.359 0.873506 416.72 351.103 0.902086 518.264 278.911 0.807468 545.615 329.557 0.777811 520.879 363.919 0.725134 476.063 372.187 0.70589 494.771 433.684 0.538953 509.765 485.437 0.305454 507.809 371.537 0.745158 485.222 435.846 0.776237 484.562 509.352 0.733554 471.744 238.464 0.595367 480.652 240.658 0.86768 0 0 0 499.788 245.022 0.798127 0
0 111 171 468.05 245.227 0.833653 483.477 278.251 0.806798 452.185 275.018 0.784532 427.839 315.874 0.83355 414.972 351.753 0.879891 513.917 280.666 0.757053 540.619 331.95 0.77708 516.088 365.868 0.688498 471.943 374.15 0.689294 491.295 435.86 0.495226 508.253 485.438 0.363154 503.038 373.918 0.690966 480.431 438.464 0.798056 477.392 509.999 0.663934 466.965 239.552 0.773954 475.877 241.529 0.905304 0 0 0 495.654 246.539 0.805342 0
0 111 172 463.709 246.318 0.862673 479.131 279.348 0.874328 447.628 276.105 0.84041 425.014 317.172 0.855798 413.664 351.77 0.910388 509.782 282.389 0.790759 536.271 333.902 0.653172 511.089 367.4 0.577975 467.161 376.104 0.667533 487.599 438.255 0.610126 505.861 486.75 0.431552 498.034 375.876 0.68116 476.524 441.29 0.803223 471.098 514.994 0.55397 462.412 240.412 0.659962 472.18 242.177 0.849024 0 0 0 492.163 247.623 0.825044 0
0 111 173 460.228 247.621 0.860046 475.229 280.223 0.880028 443.93 276.328 0.869043 422.617 318.039 0.850034 413.01 351.763 0.91716 505.868 283.908 0.836542 531.701 335.209 0.779499 506.523 368.711 0.734986 463.021 377.627 0.71571 481.949 440.212 0.620997 503.69 486.311 0.614013 493.465 377.602 0.739265 473.043 444.112 0.805391 469.143 516.721 0.657749 458.726 241.282 0.603634 468.915 242.837 0.816465 0 0 0 488.688 248.718 0.83221 0
0 111 174 456.521 249.124 0.855827 471.733 280.88 0.878834 440.44 276.33 0.813485 420.87 318.045 0.83777 413.003 351.758 0.913958 502.158 285.203 0.834129 526.705 336.943 0.830909 501.952 369.59 0.767462 457.814 379.133 0.808456 474.994 442.169 0.634536 498.913 489.563 0.706505 488.673 378.914 0.775909 469.781 446.718 0.872133 467.407 518.027 0.834549 454.81 241.727 0.759182 465.006 243.703 0.846309 0 0 0 484.566 249.799 0.819757 0
0 111 175 452.826 250.637 0.837198 467.389 281.75 0.838981 436.526 276.54 0.832388 419.144 318.481 0.867731 413.216 351.975 0.949017 497.598 286.297 0.812603 522.351 337.82 0.843347 496.949 370.457 0.762986 452.603 380.225 0.767588 467.173 443.912 0.631067 492.834 490.868 0.671755 483.669 380.646 0.749857 466.955 448.891 0.847099 466.122 518.891 0.877659 450.898 242.384 0.844795 461.318 244.788 0.868215 0 0 0 480.648 250.662 0.811184 0
0 111 176 448.478 251.926 0.857625 463.476 281.528 0.88914 432.837 276.096 0.899213 418.708 317.181 0.843384 416.917 345.018 0.924324 493.679 286.515 0.859507 517.357 337.608 0.837848 492.161 370.678 0.769595 447.384 380.871 0.813538 458.695 445.208 0.571802 487.187 490.865 0.679738 478.468 381.723 0.796215 464.771 450.415 0.876307 464.598 520.402 0.883433 446.775 242.821 0.905977 456.115 245.444 0.886249 0 0 0 475.65 251.093 0.846112 0
0 111 177 443.905 253.226 0.915291 459.781 281.101 0.882973 429.365 275.438 0.915153 418.06 315.663 0.834209 420.843 337.837 0.890694 489.758 287.156 0.873163 512.573 338.694 0.813462 487.157 372.19 0.77921 441.944 381.53 0.792691 449.785 446.287 0.717739 481.314 491.729 0.661766 473.9 382.59 0.790799 463.02 451.509 0.888544 462.868 521.7 0.908229 441.985 243.474 0.833549 451.115 246.317 0.838408 0 0 0 470.652 251.095 0.834983 0
0 111 178 438.899 254.523 0.864497 455.863 281.743 0.858004 425.888 275.44 0.903891 417.417 314.132 0.805469 424.971 330.502 0.82227 484.767 287.378 0.837375 507.787 338.916 0.852942 482.594 373.061 0.720082 436.736 382.404 0.776984 440.019 446.732 0.753946 473.051 493.258 0.406033 468.909 383.252 0.763605 461.278 452.39 0.899767 462.225 522.572 0.925493 436.966 244.767 0.650125 446.332 247.615 0.821541 0 0 0 465.654 251.312 0.789401 0
0 111 179 433.469 255.614 0.856296 451.302 281.747 0.826291 422.627 275.219 0.843375 416.759 313.47 0.779956 429.099 323.168 0.752946 479.766 287.395 0.832212 502.364 339.347 0.808917 478.023 374.565 0.752786 431.532 382.831 0.814847 431.102 446.956 0.831308 461.108 496.522 0.431965 463.926 383.688 0.799759 460.19 453.484 0.906752 462.23 522.791 0.921776 431.742 246.073 0.773564 440.889 249.124 0.84211 0 0 0 459.999 251.746 0.820376 0
0 111 180 427.18 256.489 0.740276 446.962 282.174 0.911481 419.583 276.08 0.905045 415.238 312.38 0.701982 433.227 315.833 0.46797 474.331 287.609 0.82216 496.927 340.65 0.673581 472.593 376.089 0.646144 426.747 383.481 0.796113 420.899 446.743 0.890673 447.178 500.433 0.678524 459.792 384.777 0.807966 458.673 454.345 0.837073 462.442 522.58 0.87536 426.089 247.591 0.384986 435.015 250.633 0.698346 0 0 0 454.135 252.179 0.719996 0
0 111 181 421.52 257.799 0.849766 443.048 282.837 0.903946 416.534 276.951 0.928063 413.284 311.73 0.722246 437.356 308.498 0.458339 468.908 288.057 0.827936 490.847 342.177 0.785419 467.373 377.827 0.703014 421.971 384.351 0.780981 411.763 446.525 0.94087 432.608 503.904 0.743417 455.238 385.866 0.776653 457.146 455.208 0.833953 462.656 522.362 0.802225 420.637 249.123 0.519449 428.286 252.152 0.81684 0 0 0 448.268 252.833 0.829383 0
0 111 182 414.786 259.32 0.906085 438.26 283.926 0.828752 413.052 278.473 0.859731 410.573 311.738 0.451346 0 0 0 463.043 289.565 0.843572 484.983 343.907 0.747625 462.591 379.565 0.701575 416.983 385.864 0.825018 403.504 446.532 0.951032 416.955 508.472 0.857066 450.469 387.384 0.778214 455.414 455.647 0.801186 463.086 522.146 0.874464 413.9 250.653 0.602597 421.338 253.674 0.816534 0 0 0 441.534 253.485 0.851292 0
0 111 183 408.045 260.853 0.8397 433.047 284.795 0.867263 408.931 279.984 0.830504 407.304 312.181 0.400349 0 0 0 456.314 289.798 0.813104 479.115 344.556 0.773219 458.021 380.651 0.789808 412.847 387.386 0.813973 395.665 446.965 0.884072 401.526 510.212 0.833811 446.119 388.902 0.771433 453.474 456.088 0.804607 463.309 522.14 0.867419 407.379 252.183 0.385445 414.377 254.986 0.878819 0 0 0 434.79 254.142 0.81521 0
0 111 184 400.878 262.59 0.844105 427.832 286.099 0.896643 404.585 281.513 0.748035 403.817 312.954 0.392331 0 0 0 450.229 291.526 0.832716 472.819 347.156 0.794452 452.367 382.61 0.760848 407.848 388.908 0.768049 388.054 447.832 0.929823 387.166 512.161 0.829157 441.334 390.419 0.739894 451.515 456.526 0.843507 463.306 521.931 0.85772 400.422 253.713 0.328334 407.197 256.296 0.841344 0 0 0 427.836 255.234 0.895196 0
0 111 185 393.918 264.329 0.874023 422.395 288.274 0.880626 400.233 283.268 0.747447 399.24 316.216 0.18829 0 0 0 443.484 293.697 0.844965 467.16 350.198 0.830851 445.845 384.998 0.754847 402.638 390.866 0.738305 380.674 449.136 0.907106 374.33 516.082 0.815954 436.32 392.38 0.716292 448.475 457.177 0.863712 463.089 521.721 0.855457 393.462 255.246 0.28778 400.238 257.822 0.888376 0 0 0 421.522 256.542 0.861712 0
0 111 186 386.532 266.065 0.836476 415.876 290.659 0.817244 394.796 285.234 0.756118 393.578 320.126 0.1 0 0 0 436.313 295.441 0.76164 460.643 352.159 0.845586 439.97 386.308 0.711048 397.424 392.81 0.796719 373.709 450.661 0.817002 361.723 519.128 0.820717 430.45 394.124 0.766485 445.012 458.267 0.857246 463.069 521.719 0.843044 386.294 256.766 0.300487 393.059 259.13 0.856571 0 0 0 414.552 258.061 0.894309 0
0 111 187 379.141 267.585 0.890101 409.352 292.187 0.88403 389.138 286.967 0.746989 386.829 321.877 0.247575 0 0 0 429.343 297.173 0.82585 453.904 354.337 0.759997 433.233 388.052 0.796106 391.985 394.759 0.807539 367.393 452.607 0.858464 350.208 522.387 0.856189 425.007 396.074 0.783437 440.891 459.144 0.899045 462.837 521.284 0.855246 379.117 257.437 0.143703 385.012 260.216 0.858503 0 0 0 406.506 259.362 0.82743 0
0 111 188 370.883 269.091 0.856461 402.173 293.052 0.778842 382.398 288.285 0.776523 380.316 324.867 0.1 0 0 0 420.88 297.602 0.77849 446.727 354.989 0.82988 426.282 389.364 0.721473 386.327 396.066 0.792894 369.346 454.141 0.811759 356.07 522.821 0.863813 416.741 397.591 0.756148 427.629 459.803 0.854837 446.974 523.009 0.885333 370.858 257.891 0.193848 376.966 260.877 0.7911 0 0 0 398.672 260.229 0.832706 0
0 111 189 363.484 269.968 0.87683 394.988 293.928 0.839543 375.656 289.164 0.785477 373.803 327.858 0.121048 369.805 387.45 0.118167 413.476 298.473 0.809968 439.12 354.994 0.819265 420.41 390.441 0.721048 379.368 397.801 0.826471 363.676 456.31 0.863092 349.134 525.64 0.817204 409.567 398.466 0.765233 421.97 460.243 0.845756 444.803 522.14 0.89563 363.025 258.113 0.178698 368.92 261.317 0.794283 0 0 0 390.406 260.672 0.771622 0
0 111 190 355.008 270.184 0.872141 386.727 294.574 0.803495 368.044 289.825 0.776067 367.29 330.848 0.218183 365.887 395.169 0.295261 405.215 299.12 0.781693 431.716 354.988 0.773329 413.459 390.438 0.72134 371.978 398.894 0.765375 357.162 458.264 0.817934 344.152 527.379 0.738857 402.172 399.33 0.739988 415.227 461.332 0.8684 441.537 521.056 0.861283 354.552 258.315 0.17638 360.87 261.324 0.767881 0 0 0 382.144 260.9 0.803243 0
0 111 191 347.618 270.179 0.708453 379.116 294.575 0.816272 360.011 290.031 0.704698 360.777 333.838 0.246775 0 0 0 397.173 298.69 0.807156 423.674 354.337 0.787529 406.495 389.571 0.690739 365.007 399.553 0.807208 351.514 460.651 0.849588 340.895 529.329 0.835881 394.978 399.773 0.761038 407.393 463.07 0.826084 437.188 519.325 0.874936 347.37 258.522 0.104178 352.831 261.321 0.678551 0 0 0 374.743 260.904 0.726842 0
0 111 192 339.369 269.313 0.771754 370.655 295.005 0.787277 351.962 290.255 0.69885 0 0 0 0 0 0 389.56 299.554 0.769679 415.627 354.348 0.655706 398.237 390.004 0.659998 356.756 399.996 0.485537 346.298 461.957 0.796753 339.154 530.854 0.756229 386.508 400.206 0.629085 398.037 464.803 0.824926 431.314 517.595 0.851728 338.903 258.301 0.119893 345.646 261.089 0.683038 0 0 0 366.928 260.896 0.739174 0
0 111 193 332.181 267.812 0.60821 363.031 294.57 0.765831 343.704 290.034 0.663438 0 0 0 0 0 0 381.515 298.911 0.780358 407.797 353.049 0.670353 391.065 389.135 0.665948 349.147 399.989 0.737947 341.512 463.259 0.823119 337.654 532.167 0.872678 377.596 400.205 0.758294 386.306 465.889 0.886132 423.907 516.287 0.82695 331.72 258.062 0.1 338.253 260.432 0.633153 0 0 0 359.757 260.664 0.745928 0
0 111 194 324.142 266.517 0.701259 354.776 293.922 0.816905 335.226 289.812 0.71237 0 0 0 0 0 0 374.13 298.257 0.754637 399.336 352.183 0.730452 383.673 388.488 0.681778 341.099 399.778 0.783164 337.587 464.788 0.852841 336.582 533.467 0.862722 368.696 400.201 0.765901 374.574 467.625 0.796809 414.345 515.633 0.821022 323.678 257.829 0.135013 331.067 259.781 0.718178 0 0 0 351.724 260.014 0.832483 0
0 111 195 316.96 265.216 0.839762 347.384 293.269 0.825346 327.607 289.586 0.752003 0 0 0 0 0 0 366.518 297.391 0.776656 391.939 351.536 0.68631 376.281 388.92 0.700778 333.06 399.779 0.776772 333.897 465.88 0.848495 338.977 532.59 0.89071 360.219 400.201 0.775192 362.389 468.917 0.840321 398.71 517.602 0.848081 316.506 257.387 0.329644 323.465 259.122 0.860369 0 0 0 344.558 259.153 0.862314 0
0 111 196 310.214 263.914 0.82782 339.344 292.619 0.831034 319.35 289.373 0.789078 318.88 338.499 0.0518528 0 0 0 359.346 297.168 0.744253 383.904 350.882 0.787057 368.885 389.131 0.68151 326.094 399.57 0.760982 331.068 466.321 0.84173 340.065 531.293 0.856792 351.744 400.204 0.784313 349.557 470.423 0.839433 383.719 519.343 0.859154 309.556 257.149 0.427233 316.73 258.257 0.910784 0 0 0 338.248 258.501 0.911291 0
0 111 197 303.474 262.613 0.891467 332.384 292.624 0.878457 311.741 289.359 0.807215 305.541 330.065 0.243902 293.124 368.008 0.126838 353.033 298.038 0.789388 377.152 351.533 0.708272 361.703 389.573 0.636967 318.054 399.577 0.763314 320.425 467.183 0.818918 325.933 533.677 0.84325 345.865 400.421 0.755548 344.354 471.932 0.813597 382.621 519.565 0.836675 302.831 256.91 0.40743 310.428 257.604 0.837827 0 0 0 331.515 258.063 0.935751 0
0 111 198 296.739 262.173 0.826039 324.777 293.055 0.856502 303.475 289.567 0.868787 295.459 330.916 0.587216 280.608 367.692 0.578768 346.299 298.681 0.754307 370.63 351.965 0.763244 354.743 390.006 0.664772 311.322 399.145 0.732503 317.824 467.401 0.777295 326.146 533.681 0.870954 338.477 400.211 0.766707 331.955 473.014 0.801109 366.093 522.606 0.730671 296.533 256.905 0.207446 303.913 257.176 0.90995 0 0 0 325.857 258.059 0.924041 0
0 111 199 290.652 262.391 0.86595 317.818 293.924 0.883459 295.872 290.208 0.80112 285.377 331.766 0.679276 268.092 367.376 0.758446 340.199 299.548 0.766982 363.898 353.265 0.805551 347.998 391.536 0.726706 305.661 399.358 0.770224 315.869 467.833 0.698923 326.138 533.909 0.566582 331.306 400.434 0.739562 319.356 473.665 0.796374 348.053 526.955 0.766448 290.234 256.917 0.215568 297.831 257.183 0.828925 0 0 0 319.343 258.702 0.937419 0
0 111 200 283.695 263.04 0.8485 310.639 295.236 0.82309 288.053 291.523 0.853208 275.295 332.617 0.836562 255.576 367.06 0.820161 333.461 300.632 0.778629 357.593 355.003 0.777843 341.044 393.484 0.716106 298.933 399.576 0.68354 313.899 467.403 0.562758 326.126 533.918 0.517006 324.14 401.086 0.75539 307.619 473.878 0.787931 328.926 532.391 0.675928 283.274 257.568 0.451466 290.873 257.62 0.860066 0 0 0 312.392 259.781 0.863567 0
0 111 201 277.598 264.339 0.842857 303.678 296.554 0.859034 280.443 293.052 0.792286 265.213 333.467 0.748016 243.06 366.744 0.818193 326.938 301.721 0.745427 351.295 356.739 0.812843 334.097 395.015 0.802719 293.271 400.444 0.707153 311.516 467.841 0.704618 326.112 534.136 0.63342 317.406 402.166 0.740788 296.538 474.316 0.813655 309.785 538.26 0.644338 276.746 259.085 0.219156 283.933 258.929 0.84952 0 0 0 305.652 261.291 0.908901 0
0 111 202 270.642 266.063 0.865764 296.505 298.088 0.819718 272.837 295.005 0.831736 255.426 334.552 0.857567 231.104 365.878 0.809054 319.991 302.808 0.820882 344.777 358.697 0.753929 326.272 397.839 0.7369 286.746 402.175 0.702959 308.69 468.495 0.715254 325.889 534.351 0.769849 311.325 403.688 0.733979 287.611 475.614 0.811684 291.092 543.479 0.736756 269.592 260.617 0.532799 276.765 260.448 0.846772 0 0 0 298.698 262.811 0.876037 0
0 111 203 264.546 267.802 0.800438 289.548 300.257 0.886149 265.873 296.959 0.761897 246.091 335.212 0.881316 221.316 367.185 0.829311 313.037 305.199 0.796505 338.68 361.087 0.822305 319.54 400.878 0.786641 280.884 403.915 0.647142 305.642 468.93 0.769792 325.668 534.346 0.852605 305.017 405.428 0.767075 278.699 476.487 0.805719 274.136 547.834 0.742474 263.499 262.357 0.327522 270.029 262.182 0.849991 0 0 0 292.817 264.554 0.803886 0
0 111 204 257.811 269.766 0.893214 282.372 302.862 0.84827 258.053 299.136 0.828552 236.962 337.384 0.829794 211.528 369.796 0.843804 306.079 307.808 0.788775 331.946 364.123 0.794102 311.725 403.057 0.699922 274.576 405.658 0.675638 301.3 469.148 0.769708 322.191 535.878 0.86447 298.93 407.165 0.742121 269.995 478.653 0.824989 261.746 551.526 0.763524 256.546 264.113 0.278696 263.927 264.134 0.804341 0 0 0 286.082 266.723 0.824499 0
0 111 205 251.079 272.374 0.83501 275.2 305.25 0.874271 250.875 301.302 0.804589 228.692 339.129 0.848207 203.48 371.543 0.832031 299.119 309.77 0.738812 325.205 366.73 0.749937 304.767 405.24 0.707157 267.62 407.394 0.673206 296.512 470.231 0.736796 320.451 536.74 0.860777 292.188 408.69 0.744059 261.314 480.835 0.766322 248.704 555.657 0.712657 249.808 266.072 0.417623 257.625 266.097 0.838274 0 0 0 279.564 268.902 0.825162 0
0 111 206 244.122 274.771 0.898248 267.598 307.423 0.853026 243.054 303.265 0.845121 220.648 341.726 0.789353 196.079 373.938 0.819371 291.301 311.509 0.793536 317.607 368.469 0.84915 297.389 407.184 0.699277 261.308 409.342 0.71915 290.419 471.097 0.732635 319.145 536.309 0.861312 285.452 410.208 0.755551 253.908 483.226 0.786437 236.747 559.365 0.786026 242.636 268.033 0.328643 250.667 268.059 0.78359 0 0 0 272.615 271.294 0.86846 0
0 111 207 235.856 276.298 0.832118 259.997 309.159 0.841371 235.669 304.788 0.80139 213.477 343.47 0.81038 189.764 375.9 0.798191 283.696 313.249 0.780331 309.781 371.079 0.749201 289.346 409.153 0.74281 254.355 411.296 0.66097 284.33 472.399 0.786546 316.967 534.8 0.852428 278.494 412.155 0.743963 245.871 485.843 0.739475 226.743 562.853 0.683067 234.166 269.769 0.256989 243.047 269.794 0.87876 0 0 0 264.583 273.035 0.871926 0
0 111 208 227.805 278.47 0.772899 252.604 311.107 0.840975 227.837 306.527 0.78479 206.734 345.42 0.800611 184.115 378.077 0.914095 275.662 315 0.793028 301.954 373.042 0.806255 280.883 410.891 0.673608 246.972 412.816 0.652138 276.932 473.706 0.667927 313.705 533.064 0.822673 271.54 413.678 0.764283 238.907 488.022 0.732911 218.7 565.676 0.783758 226.111 271.731 0.398665 234.996 271.748 0.791153 0 0 0 257.411 274.557 0.830442 0
0 111 209 219.548 279.998 0.620819 244.569 312.841 0.839431 219.789 308.259 0.769494 200.433 347.171 0.818533 179.342 380.46 0.907532 268.267 316.535 0.807154 293.478 374.78 0.718806 271.322 412.204 0.693507 239.786 414.117 0.659529 268.242 476.093 0.799161 308.927 531.315 0.807538 264.366 414.554 0.74118 232.158 489.773 0.770364 212.611 568.066 0.783629 217.638 272.83 0.405721 227.605 273.062 0.606914 0 0 0 250.236 275.863 0.779351 0
0 111 210 211.504 281.305 0.798907 236.954 314.342 0.826556 211.746 309.768 0.810102 194.787 348.694 0.847094 175.76 382.956 0.864134 260.226 317.62 0.809296 285.001 375.864 0.620944 263.92 413.505 0.609648 231.746 415.204 0.667603 258.68 478.262 0.77555 302.632 529.354 0.786435 257.181 415.218 0.7802 225.635 491.508 0.755814 208.271 570.025 0.726867 210.03 273.277 0.438824 220.202 273.723 0.77081 0 0 0 243.066 276.961 0.780508 0
0 111 211 203.895 282.396 0.725955 228.918 315.422 0.836104 204.347 310.207 0.791859 189.791 349.996 0.797645 172.722 385.345 0.867214 253.041 318.922 0.761336 276.738 376.951 0.674155 256.536 414.373 0.597647 223.05 415.654 0.621908 247.59 480.215 0.805552 294.577 527.612 0.859865 248.702 416.096 0.715763 218.904 492.823 0.749067 205.448 572.194 0.763129 202.63 273.701 0.244768 212.585 274.172 0.739789 0 0 0 235.454 277.413 0.760918 0
0 111 212 195.652 283.051 0.836251 221.745 316.283 0.830539 197.179 310.428 0.775834 185.087 351.074 0.791177 169.849 387.475 0.828113 245.437 319.351 0.729078 268.906 378.261 0.672943 247.845 415.678 0.595729 214.346 417.175 0.612128 235.645 482.388 0.756041 284.574 526.313 0.875267 240.438 417.619 0.744978 213.244 495.209 0.788292 203.271 574.368 0.747545 194.373 273.716 0.373218 205.19 274.394 0.742406 0 0 0 227.426 278.06 0.819092 0
0 111 213 188.038 283.919 0.75705 214.996 316.716 0.826808 191.088 311.296 0.731551 180.384 352.151 0.707752 166.977 389.604 0.735707 238.056 319.563 0.705823 261.084 379.132 0.540041 240.019 417.2 0.400279 205.649 418.913 0.648823 223.256 485.643 0.692253 273.264 526.532 0.835836 231.957 419.365 0.705757 208.248 496.737 0.784816 202.179 574.804 0.76808 186.752 273.933 0.420272 196.729 274.41 0.759053 0 0 0 220.03 278.066 0.723934 0
0 111 214 179.771 284.137 0.913013 208.042 316.934 0.799685 184.561 311.3 0.769036 175.68 353.229 0.1 164.104 391.734 0.1 230.459 319.778 0.758586 253.693 380.655 0.358357 231.331 418.709 0.225918 197.175 420.434 0.647983 210.442 487.602 0.713401 258.478 528.926 0.820909 224.563 421.093 0.700772 204.533 498.036 0.742017 201.308 575.018 0.776002 178.134 274.016 0.619968 188.677 274.616 0.795259 0 0 0 211.775 278.28 0.773173 0
0 111 215 172.375 284.779 0.719488 201.51 317.8 0.826719 178.247 312.597 0.772773 170.977 354.306 0.242946 161.232 393.863 0.11467 223.713 320.642 0.821665 246.735 383.263 0.67524 223.719 421.757 0.679327 188.917 422.389 0.755476 197.611 489.564 0.633927 242.607 530.88 0.741113 217.17 423.268 0.769476 201.275 499.129 0.838778 200.874 575.016 0.782813 170.232 274.172 0.20112 180.638 274.827 0.777606 0 0 0 204.59 278.279 0.769153 0
0 111 216 165.202 285.651 0.642033 195.197 318.678 0.813759 171.948 314.113 0.706479 166.304 322.885 0.0788762 0 0 0 216.968 322.163 0.754053 239.574 385.211 0.775663 216.553 424.794 0.66688 180.439 424.343 0.768287 184.131 491.308 0.682684 225.435 534.787 0.708724 209.567 425.445 0.729492 198.664 500.218 0.827662 200.013 575.007 0.799099 163.056 274.403 0.198696 173.467 275.269 0.659978 0 0 0 197.633 279.14 0.726898 0
0 111 217 158.247 285.863 0.631895 188.467 319.333 0.7839 166.081 314.979 0.640038 0 0 0 0 0 0 210.226 323.676 0.791683 232.831 386.94 0.78983 209.807 427.611 0.772428 172.173 426.306 0.774274 170.875 493.265 0.736675 207.615 539.781 0.581028 202.39 427.835 0.759113 195.621 501.523 0.880959 200.008 574.579 0.752678 156.312 274.829 0.144603 166.297 276.131 0.65883 0 0 0 190.446 280.222 0.746871 0
0 111 218 151.057 286.296 0.592258 182.158 319.766 0.789235 160.426 315.412 0.680866 0 0 0 0 0 0 203.274 324.753 0.762497 226.096 388.468 0.808319 204.366 430.218 0.68532 163.919 428.697 0.799752 158.698 494.356 0.793342 189.569 545.439 0.645751 195.213 430.434 0.758168 192.379 503.257 0.81365 200.224 574.365 0.770231 149.707 275.755 0.1 158.468 277.202 0.627098 0 0 0 182.406 280.867 0.69339 0
0 111 219 143.02 286.725 0.569695 175.645 320.86 0.807499 154.99 316.071 0.667921 138.897 352.178 0.0768689 0 0 0 196.317 326.275 0.744412 219.575 390.868 0.808122 196.325 433.254 0.753599 156.511 431.301 0.77032 146.313 496.093 0.878495 169.792 551.315 0.686888 188.255 433.256 0.736976 189.776 504.787 0.842574 200.222 574.148 0.781179 142.167 276.968 0.1 150.208 278.061 0.567443 0 0 0 174.135 281.302 0.705807 0
0 111 220 134.763 287.596 0.696107 168.911 322.382 0.765859 148.692 318.026 0.711943 146.715 367.87 0.066996 0 0 0 188.92 327.797 0.741226 212.411 392.82 0.83991 189.578 436.076 0.750993 149.996 434.334 0.781945 135.231 497.827 0.883867 149.791 556.759 0.775147 182.601 435.86 0.733518 187.81 506.735 0.839769 199.796 574.149 0.800129 133.91 278.489 0.120951 141.743 279.565 0.648182 0 0 0 166.103 282.597 0.752464 0
0 111 221 126.922 288.9 0.742182 161.728 323.69 0.840828 141.738 319.766 0.734474 0 0 0 0 0 0 181.088 328.892 0.770909 204.159 393.254 0.838807 183.912 437.812 0.724172 143.044 436.291 0.763201 124.571 499.345 0.834502 130.229 562.63 0.842791 176.516 437.603 0.738152 185.417 508.047 0.8393 198.936 574.361 0.811886 126.084 280.4 0.142185 133.27 281.086 0.706525 0 0 0 158.05 283.687 0.848493 0
0 111 222 118.441 290.201 0.801906 153.481 325.427 0.784944 134.137 321.509 0.757619 132.997 367.856 0.0658065 0 0 0 172.816 330.42 0.755136 196.337 394.782 0.844231 176.947 439.33 0.736697 136.306 438.254 0.745448 114.347 500.871 0.861514 110.667 567.844 0.785595 170.431 439.769 0.717966 182.166 509.571 0.876957 198.506 574.147 0.78449 118.258 282.311 0.1 124.787 282.605 0.712735 0 0 0 149.569 285.202 0.795154 0
0 111 223 109.747 291.935 0.759436 145.872 327.388 0.818454 126.748 324.118 0.706989 125.209 381.491 0.0607394 121.486 429.664 0.124942 164.765 332.162 0.767627 188.722 396.086 0.817159 169.991 441.073 0.680092 129.129 440.646 0.785114 104.335 503.265 0.869016 94.3669 571.541 0.804514 163.479 441.953 0.775112 178.697 511.093 0.871879 198.072 573.939 0.789579 110.432 284.221 0.1 116.09 284.132 0.752691 0 0 0 140.876 286.51 0.774484 0
0 111 224 100.627 293.033 0.807663 137.397 328.907 0.77676 119.148 325.639 0.721791 117.396 383.455 0.0851574 113.384 433.188 0.176068 155.854 333.256 0.752678 180.457 396.731 0.751188 162.379 441.516 0.701518 121.086 443.253 0.750502 94.1298 506.518 0.806291 79.1525 576.973 0.775813 155.661 444.128 0.750656 174.134 512.179 0.820737 197.43 573.728 0.801479 102.606 286.132 0.130092 107.167 285.648 0.743533 0 0 0 131.321 287.816 0.793668 0
0 111 225 92.1483 294.545 0.74093 128.492 329.769 0.777114 111.1 326.73 0.695379 107.644 381.483 0.079776 105.282 436.713 0.1 146.081 332.825 0.748033 171.761 395.222 0.669383 154.986 441.512 0.659277 113.034 445.431 0.802488 84.9977 509.776 0.845293 66.3185 581.313 0.775447 148.038 445.867 0.766697 169.135 513.696 0.752457 196.767 573.503 0.822784 95.8786 287.674 0.079904 98.4738 286.954 0.817395 0 0 0 122.184 288.485 0.792068 0
0 111 226 82.8094 295.853 0.788806 119.573 330.208 0.760675 102.838 327.394 0.643597 103.755 389.335 0.0665075 97.18 440.238 0.1 136.512 332.388 0.762751 162.417 394.362 0.776687 147.161 441.51 0.680811 105.647 446.739 0.720178 86.5132 512.163 0.763276 71.9585 581.314 0.798558 137.387 446.959 0.71186 153.058 515.432 0.76691 177.857 576.324 0.844123 84.1994 289.544 0.0695927 89.3375 287.608 0.785186 0 0 0 112.187 288.71 0.816292 0
0 111 227 73.899 297.153 0.756009 110.218 330.641 0.820012 94.1386 327.836 0.693774 91.9365 389.331 0.104331 89.078 443.763 0.144391 126.289 331.74 0.790636 153.494 394.362 0.743846 137.6 441.942 0.688731 96.7271 448.481 0.777747 77.8196 515.197 0.78197 62.178 584.133 0.806464 127.835 448.48 0.721729 146.096 516.96 0.793643 175.245 575.667 0.86805 80.2272 289.606 0.0776044 79.9983 288.266 0.820518 0 0 0 102.843 289.148 0.753434 0
0 111 228 64.5526 297.811 0.693427 100.219 330.214 0.797803 84.5785 328.051 0.652296 84.0834 385.512 0.07601 0 0 0 115.647 330.874 0.795138 143.5 393.917 0.755181 128.468 442.157 0.672358 87.3882 449.789 0.758267 69.9804 517.368 0.847226 55.8666 586.52 0.760761 118.053 449.564 0.719279 137.605 518.484 0.752744 171.115 574.362 0.884145 68.5076 289.542 0.066732 70.8719 288.711 0.7806 0 0 0 93.7135 289.58 0.730971 0
0 111 229 53.8978 298.026 0.769264 90.4299 329.772 0.73766 75.2187 327.833 0.669487 0 0 0 0 0 0 105.003 329.577 0.749702 134.357 394.132 0.643326 118.467 442.38 0.553891 78.0262 451.095 0.701873 62.3694 519.329 0.862577 51.9602 588.904 0.792245 107.399 450.654 0.702539 127.39 520.223 0.811554 165.896 573.28 0.840509 62.6252 289.65 0.0609168 61.2956 288.714 0.782185 0 0 0 83.4882 289.583 0.7966 0
0 111 230 44.004 297.588 0.767944 80.2292 328.916 0.756444 65.4342 327.62 0.68858 0 0 0 0 0 0 94.7916 328.488 0.740036 125.014 393.698 0.548662 108.251 442.595 0.529312 67.8194 451.528 0.471724 55.4177 520.862 0.585184 49.5644 590.639 0.582309 96.9567 451.087 0.6137 115.655 521.53 0.763593 158.929 571.762 0.74753 0 0 0 51.7267 288.276 0.854444 0 0 0 74.139 289.567 0.807683 0
0 111 231 35.2011 296.716 0.644513 70.6637 327.622 0.776438 55.4257 326.532 0.701452 48.8782 387.402 0.0649774 0 0 0 85.6613 327.402 0.761903 115.664 393.474 0.648252 97.8225 442.593 0.567538 57.5989 451.095 0.735589 48.8984 521.73 0.878108 48.6945 591.942 0.782489 86.088 450.652 0.710742 102.607 522.181 0.87462 150.222 570.887 0.840342 37.1662 291.499 0.0560689 42.9712 287.721 0.691708 0 0 0 65.2225 289.126 0.756087 0
0 111 232 27.4812 295.412 0.701991 60.6722 326.094 0.759219 46.5146 325.007 0.690821 0 0 0 0 0 0 75.6686 325.663 0.753631 105.884 392.82 0.676009 86.0763 441.726 0.665604 48.2505 450.003 0.706846 43.4661 522.606 0.791283 48.0404 593.026 0.768372 75.6508 449.78 0.70066 87.828 522.621 0.874311 138.268 570.884 0.760831 23.5701 289.567 0.0767798 34.1682 286.846 0.748543 0 0 0 56.0886 288.036 0.83439 0
0 111 233 18.945 293.778 0.469782 50.8368 324.504 0.693842 37.0191 323.577 0.572614 0 0 0 0 0 0 66.4391 324.162 0.742659 96.5579 393.146 0.71224 73.6832 441.198 0.660389 38.4011 448.602 0.705765 35.5048 522.743 0.806106 42.9562 593.748 0.768091 65.4428 448.734 0.687425 75.1731 523.404 0.823809 130.508 569.29 0.773541 0 0 0 25.2721 285.746 0.458933 0 0 0 47.3173 287.08 0.632327 0
0 111 234 10.4089 292.143 0.471643 41.0013 322.913 0.719718 27.5235 322.146 0.595877 4.83589 369.797 0.0832258 0 0 0 57.2096 322.66 0.744092 87.2317 393.472 0.44872 61.29 440.671 0.44225 28.5518 447.201 0.695601 27.5436 522.88 0.86205 37.8721 594.47 0.777843 55.2348 447.688 0.718204 62.5182 524.187 0.826767 122.748 567.696 0.76866 0 0 0 16.3759 284.647 0.419518 0 0 0 38.5459 286.123 0.680066 0
0 111 235 1.87275 290.508 0.625221 31.1659 321.323 0.731484 18.0279 320.716 0.569592 4.83374 383.488 0.102665 4.85829 444.183 0.15892 47.9801 321.158 0.726345 77.9056 393.799 0.655936 48.8969 440.143 0.499955 18.7025 445.799 0.644053 19.5823 523.018 0.737508 32.7879 595.192 0.761519 45.0267 446.642 0.702897 49.8634 524.97 0.851802 114.988 566.101 0.783185 4.8591 283.688 0.193955 7.47983 283.548 0.1 0 0 0 29.7746 285.167 0.726502 0
0 111 236 -6.6634 288.873 0.378817 21.3305 319.733 0.743884 8.53232 319.285 0.1 0 0 0 0 0 0 38.7506 319.657 0.76483 68.5794 394.125 0.598677 36.5037 439.616 0.464134 8.8532 444.398 0.531638 11.6211 523.155 0.620384 27.7038 595.914 0.733795 34.8187 445.596 0.675807 37.2085 525.753 0.784472 107.228 564.507 0.702416 4.87079 285.58 0.0681125 -1.41628 282.448 0.444629 0 0 0 21.0032 284.21 0.625642 0
0 111 237 4.85754 289.581 0.161028 21.5844 318.851 0.57387 21.5143 315.004 0.375654 0 0 0 0 0 0 27.379 318.922 0.564264 60.651 387.409 0.286396 37.1832 430.423 0.204669 21.4821 438.269 0.41268 19.5527 526.302 0.611623 31.2977 598.668 0.743673 31.3253 442.178 0.611284 23.4705 524.41 0.82803 82.201 583.019 0.647585 0 0 0 4.85101 285.638 0.253107 0 0 0 0 0 0 0
